0 11
1 11
2 12
3 11
4 7
5 6
6 13
7 12
8 11
9 6
10 9
11 6
12 6
13 12
14 12
15 10
16 12
17 4
18 8
19 4
20 10
21 9
22 10
23 9
24 7
25 14
26 11
27 4
28 7
29 5
30 4
31 10
32 11
33 5
34 8
35 9
36 7
37 7
38 6
39 11
40 10
41 8
42 4
43 6
44 6
45 6
46 12
47 4
48 6
49 5
50 5
51 3
52 9
53 7
54 5
55 6
56 2
57 9
58 6
59 5
60 4
61 4
62 6
63 7
64 8
65 6
66 7
67 8
68 3
69 4
70 8
71 4
72 5
73 4
74 7
75 5
76 9
77 10
78 6
79 9
80 10
81 6
82 6
83 9
84 5
85 8
86 3
87 3
88 6
89 7
90 8
91 5
92 7
93 6
94 6
95 9
96 5
97 4
98 4
99 8
100 5
101 3
102 5
103 6
104 4
105 2
106 5
107 5
108 4
109 4
110 6
111 4
112 8
113 6
114 7
115 4
116 6
117 5
118 5
119 4
120 3
121 4
122 6
123 8
124 4
125 7
126 5
127 4
128 4
129 5
130 8
131 2
132 8
133 5
134 2
135 5
136 8
137 3
138 5
139 7
140 5
141 3
142 8
143 4
144 7
145 6
146 1
147 4
148 6
149 7
150 6
151 4
152 6
153 2
154 2
155 6
156 5
157 6
158 6
159 5
160 9
161 7
162 4
163 8
164 4
165 3
166 1
167 6
168 4
169 10
170 5
171 4
172 2
173 4
174 2
175 4
176 3
177 1
178 8
179 9
180 3
181 5
182 4
183 4
184 5
185 6
186 4
187 3
188 6
189 2
190 6
191 3
192 6
193 6
194 5
195 4
196 5
197 5
198 10
199 4
200 4
201 3
202 1
203 10
204 4
205 6
206 4
207 5
208 2
209 5
210 6
211 1
212 7
213 6
214 4
215 5
216 5
217 6
218 5
219 6
220 6
221 3
222 5
223 4
224 11
225 7
226 3
227 3
228 2
229 9
230 3
231 3
232 7
233 9
234 5
235 6
236 4
237 6
238 5
239 6
240 4
241 1
242 5
243 5
244 3
245 5
246 7
247 5
248 3
249 5
250 7
251 3
252 4
253 3
254 3
255 2
256 6
257 3
258 4
259 3
260 3
261 5
262 8
263 3
264 5
265 6
266 5
267 4
268 1
269 6
270 2
271 3
272 3
273 9
274 8
275 3
276 2
277 7
278 4
279 5
280 6
281 3
282 3
283 4
284 6
285 4
286 7
287 7
288 3
289 2
290 2
291 4
292 6
293 1
294 5
295 2
296 7
297 5
298 4
299 4
300 5
301 4
302 4
303 3
304 4
305 4
306 11
307 5
308 2
309 7
310 3
311 6
312 5
313 3
314 4
315 8
316 7
317 6
318 4
319 6
320 10
321 3
322 9
323 8
324 9
325 2
326 7
327 2
328 5
329 3
330 5
331 1
332 8
333 7
334 7
335 3
336 2
337 4
338 4
339 7
340 2
341 1
342 6
343 7
344 4
345 6
346 1
347 1
348 6
349 5
350 3
351 5
352 5
353 2
354 2
355 1
356 4
357 2
358 3
359 6
360 2
361 3
362 4
363 6
364 4
365 2
366 3
367 4
368 2
369 3
370 3
371 2
372 3
373 5
374 2
375 5
376 3
377 2
378 3
379 3
380 1
381 5
382 5
383 4
384 4
385 5
386 5
387 2
388 4
389 5
390 2
391 1
392 4
393 6
394 7
395 6
396 2
397 3
398 5
399 5
400 5
401 5
402 7
403 4
404 1
405 4
406 4
407 5
408 6
409 3
410 4
411 5
412 4
413 3
414 8
415 1
416 2
417 4
418 2
419 3
420 5
421 4
422 4
423 4
424 4
425 4
426 5
427 3
428 3
429 6
430 3
431 1
432 5
433 2
434 4
435 11
436 4
437 3
438 2
439 6
440 5
441 2
442 7
443 4
444 5
445 5
446 3
447 5
448 6
449 4
450 5
451 5
452 5
453 7
454 3
455 6
456 2
457 4
458 4
459 4
460 4
461 6
462 8
463 1
464 3
465 3
466 2
467 5
468 2
469 6
470 4
471 2
472 1
473 3
474 5
475 5
476 4
477 4
478 2
479 7
480 5
481 2
482 2
483 4
484 5
485 2
486 6
487 4
488 4
489 3
490 3
491 4
492 5
493 5
494 2
495 5
496 2
497 3
498 2
499 6
500 3
501 2
502 4
503 3
504 5
505 1
506 6
507 4
508 4
509 4
510 4
511 5
512 3
513 3
514 4
515 3
516 6
517 5
518 2
519 2
520 3
521 3
522 5
523 2
524 4
525 5
526 3
527 3
528 5
529 3
530 3
531 4
532 3
533 3
534 3
535 7
536 6
537 4
538 6
539 4
540 4
541 3
542 3
543 2
544 2
545 3
546 1
547 6
548 1
549 4
550 3
551 3
552 1
553 4
554 2
555 5
556 7
557 3
558 4
559 5
560 3
561 2
562 3
563 6
564 5
565 4
566 6
567 4
568 4
569 1
570 1
571 3
572 2
573 6
574 5
575 3
576 3
577 4
578 4
579 6
580 4
581 2
582 5
583 5
584 4
585 1
586 2
587 2
588 5
589 6
590 3
591 3
592 3
593 5
594 2
595 3
596 2
597 3
598 4
599 2
600 2
601 2
602 4
603 2
604 5
605 4
606 4
607 6
608 4
609 4
610 5
611 4
612 5
613 5
614 3
615 4
616 6
617 5
618 8
619 3
620 2
621 1
622 4
623 2
624 6
625 2
626 5
627 4
628 2
629 7
630 5
631 4
632 2
633 4
634 4
635 2
636 4
637 2
638 4
639 5
640 4
641 1
642 2
643 4
644 7
645 1
646 3
647 2
648 6
649 4
650 2
651 4
652 7
653 4
654 6
655 5
656 4
657 5
658 2
659 4
660 7
661 4
662 3
663 3
664 3
665 6
666 4
667 3
668 4
669 2
670 3
671 2
672 7
673 5
674 2
675 3
676 2
677 5
678 2
679 4
680 4
681 4
682 6
683 3
684 3
685 1
686 4
687 6
688 4
689 5
690 6
691 4
692 3
693 2
694 2
695 2
696 2
697 5
698 4
699 1
700 2
701 2
702 2
703 3
704 2
705 2
706 6
707 3
708 1
709 4
710 5
711 6
712 3
713 3
714 4
715 4
716 1
717 5
718 3
719 4
720 3
721 4
722 4
723 6
724 2
725 4
726 2
727 3
728 5
729 6
730 4
731 3
732 2
733 2
734 3
735 4
736 6
737 3
738 6
739 4
740 6
741 7
742 5
743 2
744 5
745 1
746 3
747 4
748 2
749 4
750 3
751 3
752 3
753 5
754 2
755 3
756 4
757 3
758 3
759 5
760 3
761 3
762 2
763 3
764 3
765 1
766 3
767 4
768 2
769 2
770 3
771 3
772 1
773 6
774 3
775 5
776 2
777 2
778 1
779 2
780 4
781 4
782 2
783 5
784 3
785 3
786 3
787 7
788 4
789 3
790 2
791 3
792 3
793 5
794 5
795 7
796 5
797 1
798 4
799 3
800 2
801 2
802 3
803 3
804 3
805 4
806 5
807 6
808 5
809 2
810 4
811 3
812 4
813 5
814 5
815 4
816 3
817 4
818 2
819 1
820 3
821 3
822 5
823 7
824 3
825 3
826 4
827 4
828 2
829 7
830 4
831 1
832 1
833 2
834 3
835 5
836 2
837 3
838 6
839 4
840 3
841 1
842 4
843 3
844 2
845 7
846 3
847 2
848 3
849 2
850 4
851 5
852 4
853 4
854 1
855 2
856 3
857 4
858 3
859 1
860 4
861 5
862 8
863 4
864 3
865 3
866 4
867 6
868 4
869 5
870 4
871 2
872 3
873 2
874 6
875 5
876 3
877 4
878 6
879 3
880 4
881 3
882 3
883 4
884 4
885 2
886 1
887 3
888 3
889 3
890 4
891 4
892 2
893 3
894 2
895 5
896 2
897 4
898 3
899 2
900 3
901 1
902 7
903 4
904 5
905 2
906 4
907 3
908 3
909 5
910 3
911 2
912 6
913 1
914 1
915 2
916 5
917 5
918 6
919 5
920 3
921 6
922 4
923 1
924 3
925 3
926 3
927 4
928 1
929 2
930 4
931 6
932 5
933 4
934 1
935 5
936 5
937 3
938 4
939 1
940 4
941 6
942 2
943 3
944 3
945 3
946 3
947 3
948 3
949 5
950 2
951 5
952 3
953 4
954 1
955 4
956 3
957 5
958 4
959 3
960 2
961 4
962 3
963 2
964 2
965 3
966 4
967 4
968 2
969 5
970 1
971 3
972 3
973 2
974 2
975 2
976 2
977 2
978 2
979 3
980 3
981 6
982 1
983 3
984 3
985 1
986 1
987 6
988 1
989 3
990 1
991 5
992 5
993 2
994 4
995 1
996 5
997 2
998 1
999 4
1000 4
1001 1
1002 4
1003 3
1004 5
1005 4
1006 6
1007 3
1008 4
1009 2
1010 7
1011 5
1012 3
1013 2
1014 3
1015 5
1016 2
1017 3
1018 4
1019 3
1020 2
1021 3
1022 2
1023 3
1024 3
1025 4
1026 3
1027 5
1028 4
1029 4
1030 4
1031 4
1032 2
1033 4
1034 2
1035 4
1036 5
1037 4
1038 1
1039 3
1040 2
1041 4
1042 1
1043 3
1044 3
1045 6
1046 1
1047 3
1048 2
1049 2
1050 3
1051 1
1052 1
1053 2
1054 1
1055 2
1056 3
1057 4
1058 5
1059 2
1060 5
1061 1
1062 3
1063 2
1064 4
1065 2
1066 2
1067 5
1068 2
1069 3
1070 3
1071 8
1072 2
1073 3
1074 4
1075 3
1076 6
1077 2
1078 3
1079 3
1080 1
1081 1
1082 2
1083 4
1084 2
1085 2
1086 2
1087 3
1088 2
1089 3
1090 3
1091 1
1092 2
1093 1
1094 3
1095 1
1096 4
1097 3
1098 3
1099 5
1100 2
1101 3
1102 2
1103 4
1104 2
1105 2
1106 4
1107 1
1108 2
1109 3
1110 7
1111 2
1112 4
1113 4
1114 7
1115 3
1116 3
1117 3
1118 1
1119 5
1120 2
1121 6
1122 3
1123 2
1124 2
1125 1
1126 3
1127 4
1128 4
1129 4
1130 6
1131 2
1132 2
1133 2
1134 2
1135 3
1136 2
1137 4
1138 3
1139 3
1140 5
1141 2
1142 4
1143 4
1144 3
1145 3
1146 2
1147 4
1148 4
1149 3
1150 4
1151 2
1152 3
1153 5
1154 2
1155 4
1156 3
1157 4
1158 7
1159 3
1160 4
1161 4
1162 2
1163 2
1164 3
1165 6
1166 5
1167 5
1168 2
1169 1
1170 2
1171 5
1172 3
1173 3
1174 1
1175 2
1176 4
1177 1
1178 1
1179 4
1180 5
1181 3
1182 2
1183 1
1184 4
1185 2
1186 3
1187 1
1188 3
1189 5
1190 2
1191 5
1192 3
1193 3
1194 3
1195 5
1196 2
1197 4
1198 3
1199 5
1200 2
1201 3
1202 6
1203 3
1204 1
1205 2
1206 2
1207 3
1208 2
1209 3
1210 3
1211 4
1212 5
1213 2
1214 3
1215 3
1216 4
1217 2
1218 3
1219 4
1220 3
1221 2
1222 2
1223 3
1224 1
1225 3
1226 5
1227 3
1228 3
1229 3
1230 4
1231 1
1232 4
1233 4
1234 4
1235 3
1236 5
1237 2
1238 1
1239 4
1240 4
1241 4
1242 2
1243 3
1244 5
1245 4
1246 3
1247 5
1248 2
1249 4
1250 4
1251 4
1252 3
1253 1
1254 2
1255 2
1256 2
1257 4
1258 3
1259 6
1260 1
1261 3
1262 5
1263 6
1264 2
1265 3
1266 2
1267 2
1268 1
1269 2
1270 1
1271 2
1272 5
1273 1
1274 4
1275 2
1276 2
1277 4
1278 3
1279 4
1280 2
1281 2
1282 1
1283 3
1284 4
1285 5
1286 4
1287 2
1288 5
1289 3
1290 3
1291 3
1292 1
1293 2
1294 3
1295 4
1296 6
1297 2
1298 3
1299 4
1300 4
1301 2
1302 5
1303 2
1304 2
1305 2
1306 3
1307 4
1308 2
1309 3
1310 4
1311 2
1312 4
1313 3
1314 1
1315 3
1316 1
1317 2
1318 3
1319 2
1320 3
1321 3
1322 3
1323 4
1324 3
1325 6
1326 1
1327 6
1328 6
1329 3
1330 4
1331 4
1332 4
1333 2
1334 1
1335 2
1336 3
1337 2
1338 2
1339 2
1340 5
1341 1
1342 4
1343 4
1344 6
1345 2
1346 4
1347 4
1348 3
1349 2
1350 1
1351 4
1352 2
1353 3
1354 2
1355 4
1356 3
1357 1
1358 5
1359 6
1360 3
1361 3
1362 1
1363 2
1364 4
1365 2
1366 3
1367 7
1368 5
1369 2
1370 2
1371 2
1372 1
1373 1
1374 2
1375 6
1376 1
1377 3
1378 1
1379 4
1380 3
1381 1
1382 1
1383 2
1384 4
1385 2
1386 3
1387 3
1388 6
1389 4
1390 4
1391 4
1392 2
1393 3
1394 2
1395 3
1396 2
1397 3
1398 6
1399 6
1400 2
1401 4
1402 2
1403 3
1404 4
1405 4
1406 2
1407 1
1408 5
1409 4
1410 2
1411 2
1412 2
1413 2
1414 6
1415 5
1416 3
1417 2
1418 3
1419 4
1420 3
1421 6
1422 4
1423 2
1424 4
1425 4
1426 3
1427 3
1428 3
1429 4
1430 2
1431 3
1432 6
1433 4
1434 3
1435 2
1436 4
1437 4
1438 2
1439 1
1440 2
1441 2
1442 2
1443 8
1444 3
1445 2
1446 6
1447 3
1448 3
1449 4
1450 2
1451 2
1452 1
1453 3
1454 1
1455 2
1456 1
1457 3
1458 1
1459 2
1460 4
1461 2
1462 2
1463 3
1464 4
1465 3
1466 1
1467 7
1468 3
1469 4
1470 4
1471 4
1472 4
1473 2
1474 4
1475 2
1476 5
1477 2
1478 1
1479 4
1480 2
1481 5
1482 2
1483 1
1484 5
1485 2
1486 5
1487 4
1488 2
1489 4
1490 2
1491 4
1492 5
1493 3
1494 2
1495 1
1496 5
1497 4
1498 2
1499 4
1500 6
1501 2
1502 2
1503 3
1504 3
1505 2
1506 3
1507 2
1508 2
1509 4
1510 2
1511 3
1512 1
1513 3
1514 6
1515 4
1516 4
1517 3
1518 3
1519 3
1520 3
1521 3
1522 3
1523 2
1524 1
1525 1
1526 3
1527 3
1528 5
1529 1
1530 1
1531 3
1532 4
1533 4
1534 5
1535 3
1536 3
1537 5
1538 1
1539 2
1540 3
1541 6
1542 3
1543 1
1544 1
1545 1
1546 1
1547 3
1548 1
1549 5
1550 2
1551 1
1552 2
1553 2
1554 4
1555 2
1556 5
1557 5
1558 2
1559 4
1560 4
1561 3
1562 1
1563 2
1564 5
1565 2
1566 3
1567 3
1568 3
1569 3
1570 2
1571 1
1572 4
1573 4
1574 3
1575 4
1576 2
1577 4
1578 2
1579 1
1580 4
1581 1
1582 2
1583 4
1584 6
1585 2
1586 4
1587 3
1588 2
1589 2
1590 4
1591 4
1592 3
1593 4
1594 1
1595 3
1596 3
1597 2
1598 3
1599 2
1600 4
1601 4
1602 1
1603 4
1604 4
1605 5
1606 2
1607 2
1608 2
1609 2
1610 6
1611 4
1612 2
1613 2
1614 3
1615 4
1616 1
1617 6
1618 2
1619 3
1620 4
1621 2
1622 4
1623 3
1624 3
1625 2
1626 1
1627 3
1628 2
1629 1
1630 4
1631 4
1632 4
1633 1
1634 2
1635 2
1636 3
1637 3
1638 3
1639 1
1640 3
1641 3
1642 2
1643 3
1644 4
1645 2
1646 3
1647 5
1648 3
1649 2
1650 2
1651 2
1652 3
1653 1
1654 2
1655 1
1656 1
1657 2
1658 3
1659 2
1660 3
1661 2
1662 2
1663 2
1664 2
1665 3
1666 4
1667 4
1668 2
1669 2
1670 2
1671 2
1672 2
1673 3
1674 1
1675 2
1676 3
1677 4
1678 4
1679 3
1680 2
1681 2
1682 2
1683 2
1684 3
1685 2
1686 3
1687 3
1688 2
1689 1
1690 1
1691 3
1692 1
1693 5
1694 4
1695 2
1696 5
1697 4
1698 2
1699 2
1700 3
1701 1
1702 3
1703 2
1704 3
1705 2
1706 4
1707 1
1708 2
1709 1
1710 4
1711 2
1712 2
1713 3
1714 2
1715 3
1716 4
1717 1
1718 2
1719 3
1720 2
1721 4
1722 3
1723 2
1724 3
1725 2
1726 2
1727 1
1728 2
1729 5
1730 3
1731 3
1732 2
1733 2
1734 3
1735 2
1736 6
1737 5
1738 2
1739 2
1740 6
1741 3
1742 3
1743 4
1744 2
1745 4
1746 2
1747 3
1748 6
1749 4
1750 4
1751 1
1752 3
1753 1
1754 2
1755 1
1756 4
1757 6
1758 2
1759 3
1760 5
1761 4
1762 3
1763 1
1764 2
1765 4
1766 2
1767 3
1768 1
1769 4
1770 1
1771 4
1772 3
1773 2
1774 4
1775 4
1776 4
1777 4
1778 1
1779 3
1780 4
1781 3
1782 2
1783 3
1784 1
1785 2
1786 2
1787 2
1788 1
1789 2
1790 2
1791 2
1792 4
1793 3
1794 4
1795 2
1796 3
1797 1
1798 4
1799 3
1800 1
1801 2
1802 4
1803 4
1804 4
1805 2
1806 1
1807 3
1808 1
1809 2
1810 2
1811 5
1812 1
1813 4
1814 2
1815 3
1816 4
1817 2
1818 4
1819 2
1820 1
1821 3
1822 5
1823 4
1824 2
1825 3
1826 3
1827 4
1828 3
1829 4
1830 2
1831 2
1832 3
1833 1
1834 6
1835 3
1836 2
1837 1
1838 2
1839 4
1840 1
1841 2
1842 2
1843 2
1844 2
1845 2
1846 3
1847 3
1848 2
1849 3
1850 3
1851 2
1852 2
1853 4
1854 5
1855 4
1856 1
1857 2
1858 3
1859 2
1860 4
1861 2
1862 3
1863 3
1864 3
1865 4
1866 2
1867 2
1868 1
1869 4
1870 3
1871 2
1872 4
1873 2
1874 2
1875 6
1876 3
1877 4
1878 2
1879 2
1880 3
1881 2
1882 2
1883 3
1884 3
1885 1
1886 1
1887 4
1888 4
1889 2
1890 2
1891 2
1892 2
1893 3
1894 3
1895 5
1896 2
1897 3
1898 3
1899 3
1900 3
1901 2
1902 1
1903 1
1904 2
1905 3
1906 5
1907 4
1908 3
1909 1
1910 2
1911 3
1912 5
1913 4
1914 6
1915 5
1916 3
1917 2
1918 3
1919 1
1920 6
1921 2
1922 4
1923 2
1924 3
1925 3
1926 3
1927 2
1928 4
1929 4
1930 5
1931 1
1932 3
1933 3
1934 1
1935 3
1936 2
1937 1
1938 1
1939 1
1940 4
1941 2
1942 4
1943 3
1944 2
1945 5
1946 4
1947 1
1948 2
1949 1
1950 3
1951 1
1952 4
1953 2
1954 5
1955 2
1956 4
1957 3
1958 4
1959 6
1960 2
1961 4
1962 1
1963 1
1964 4
1965 3
1966 1
1967 4
1968 4
1969 3
1970 3
1971 4
1972 4
1973 3
1974 4
1975 2
1976 5
1977 3
1978 3
1979 4
1980 2
1981 2
1982 2
1983 4
1984 3
1985 7
1986 2
1987 4
1988 2
1989 4
1990 3
1991 3
1992 3
1993 1
1994 4
1995 1
1996 4
1997 2
1998 5
1999 1
2000 1
2001 2
2002 3
2003 4
2004 4
2005 2
2006 4
2007 2
2008 2
2009 3
2010 5
2011 1
2012 6
2013 2
2014 2
2015 4
2016 2
2017 1
2018 4
2019 1
2020 4
2021 4
2022 5
2023 1
2024 2
2025 1
2026 4
2027 3
2028 3
2029 1
2030 2
2031 3
2032 4
2033 3
2034 1
2035 3
2036 6
2037 4
2038 1
2039 3
2040 3
2041 4
2042 1
2043 4
2044 5
2045 1
2046 2
2047 1
2048 3
2049 2
2050 1
2051 2
2052 2
2053 3
2054 5
2055 2
2056 3
2057 1
2058 4
2059 4
2060 4
2061 3
2062 2
2063 3
2064 3
2065 3
2066 3
2067 4
2068 2
2069 2
2070 2
2071 5
2072 3
2073 4
2074 3
2075 2
2076 4
2077 5
2078 4
2079 4
2080 2
2081 1
2082 2
2083 3
2084 3
2085 3
2086 1
2087 2
2088 4
2089 4
2090 2
2091 1
2092 4
2093 2
2094 2
2095 7
2096 6
2097 1
2098 2
2099 3
2100 2
2101 3
2102 1
2103 2
2104 4
2105 3
2106 2
2107 3
2108 2
2109 1
2110 2
2111 2
2112 3
2113 2
2114 4
2115 2
2116 3
2117 3
2118 2
2119 3
2120 1
2121 4
2122 1
2123 3
2124 3
2125 5
2126 2
2127 2
2128 7
2129 2
2130 3
2131 2
2132 2
2133 2
2134 1
2135 3
2136 3
2137 2
2138 2
2139 3
2140 1
2141 2
2142 2
2143 3
2144 2
2145 2
2146 3
2147 1
2148 2
2149 6
2150 3
2151 4
2152 3
2153 3
2154 2
2155 2
2156 5
2157 2
2158 5
2159 3
2160 2
2161 3
2162 1
2163 1
2164 2
2165 6
2166 2
2167 2
2168 3
2169 3
2170 1
2171 2
2172 1
2173 2
2174 1
2175 5
2176 1
2177 3
2178 2
2179 4
2180 1
2181 5
2182 4
2183 4
2184 3
2185 1
2186 3
2187 1
2188 3
2189 3
2190 2
2191 1
2192 2
2193 4
2194 3
2195 5
2196 2
2197 3
2198 3
2199 1
2200 2
2201 3
2202 4
2203 3
2204 1
2205 3
2206 4
2207 6
2208 2
2209 2
2210 3
2211 4
2212 1
2213 1
2214 3
2215 1
2216 1
2217 3
2218 3
2219 2
2220 3
2221 4
2222 2
2223 3
2224 1
2225 1
2226 3
2227 2
2228 1
2229 2
2230 1
2231 3
2232 2
2233 2
2234 5
2235 1
2236 3
2237 3
2238 2
2239 5
2240 3
2241 2
2242 3
2243 3
2244 3
2245 1
2246 2
2247 2
2248 4
2249 1
2250 2
2251 1
2252 4
2253 1
2254 4
2255 2
2256 2
2257 3
2258 1
2259 4
2260 4
2261 2
2262 3
2263 4
2264 1
2265 3
2266 2
2267 3
2268 4
2269 1
2270 3
2271 5
2272 1
2273 2
2274 4
2275 5
2276 1
2277 3
2278 3
2279 1
2280 1
2281 2
2282 2
2283 2
2284 3
2285 2
2286 2
2287 2
2288 1
2289 4
2290 5
2291 1
2292 2
2293 4
2294 2
2295 4
2296 3
2297 2
2298 2
2299 2
2300 1
2301 4
2302 1
2303 1
2304 3
2305 3
2306 5
2307 1
2308 2
2309 1
2310 3
2311 2
2312 2
2313 3
2314 2
2315 1
2316 2
2317 2
2318 5
2319 1
2320 1
2321 2
2322 1
2323 2
2324 3
2325 3
2326 2
2327 2
2328 1
2329 4
2330 4
2331 2
2332 2
2333 2
2334 3
2335 2
2336 1
2337 4
2338 5
2339 1
2340 1
2341 1
2342 2
2343 3
2344 1
2345 1
2346 1
2347 4
2348 2
2349 1
2350 2
2351 1
2352 5
2353 2
2354 3
2355 2
2356 2
2357 1
2358 2
2359 2
2360 2
2361 2
2362 4
2363 2
2364 1
2365 2
2366 2
2367 2
2368 2
2369 2
2370 2
2371 4
2372 1
2373 2
2374 3
2375 2
2376 2
2377 2
2378 3
2379 2
2380 4
2381 4
2382 1
2383 2
2384 5
2385 2
2386 2
2387 3
2388 1
2389 1
2390 2
2391 1
2392 3
2393 4
2394 3
2395 1
2396 3
2397 1
2398 3
2399 3
2400 1
2401 1
2402 3
2403 1
2404 3
2405 2
2406 2
2407 3
2408 2
2409 1
2410 5
2411 5
2412 2
2413 5
2414 4
2415 2
2416 4
2417 3
2418 1
2419 1
2420 3
2421 1
2422 3
2423 4
2424 2
2425 3
2426 1
2427 2
2428 2
2429 5
2430 4
2431 3
2432 4
2433 1
2434 1
2435 1
2436 2
2437 1
2438 3
2439 1
2440 1
2441 4
2442 2
2443 3
2444 1
2445 1
2446 2
2447 2
2448 2
2449 1
2450 3
2451 2
2452 2
2453 3
2454 1
2455 3
2456 3
2457 2
2458 2
2459 3
2460 7
2461 1
2462 2
2463 1
2464 3
2465 3
2466 4
2467 2
2468 1
2469 1
2470 1
2471 3
2472 3
2473 3
2474 2
2475 2
2476 4
2477 3
2478 1
2479 2
2480 2
2481 2
2482 4
2483 4
2484 5
2485 3
2486 2
2487 2
2488 3
2489 5
2490 3
2491 2
2492 6
2493 5
2494 3
2495 2
2496 2
2497 2
2498 2
2499 1
2500 1
2501 4
2502 3
2503 4
2504 3
2505 2
2506 1
2507 1
2508 4
2509 2
2510 1
2511 1
2512 3
2513 2
2514 1
2515 3
2516 1
2517 2
2518 1
2519 2
2520 2
2521 2
2522 3
2523 8
2524 3
2525 1
2526 3
2527 2
2528 3
2529 3
2530 3
2531 3
2532 1
2533 2
2534 2
2535 5
2536 3
2537 2
2538 2
2539 1
2540 3
2541 3
2542 2
2543 1
2544 1
2545 3
2546 3
2547 1
2548 5
2549 2
2550 2
2551 2
2552 1
2553 2
2554 3
2555 4
2556 1
2557 2
2558 1
2559 1
2560 2
2561 2
2562 2
2563 1
2564 3
2565 8
2566 1
2567 2
2568 2
2569 1
2570 2
2571 1
2572 2
2573 2
2574 2
2575 3
2576 2
2577 1
2578 3
2579 2
2580 2
2581 2
2582 2
2583 1
2584 3
2585 3
2586 4
2587 2
2588 2
2589 4
2590 1
2591 2
2592 1
2593 2
2594 2
2595 1
2596 3
2597 1
2598 2
2599 4
2600 4
2601 2
2602 4
2603 1
2604 1
2605 1
2606 3
2607 2
2608 1
2609 2
2610 2
2611 3
2612 1
2613 4
2614 4
2615 1
2616 2
2617 5
2618 3
2619 2
2620 3
2621 2
2622 4
2623 3
2624 3
2625 1
2626 2
2627 2
2628 1
2629 2
2630 3
2631 2
2632 3
2633 1
2634 3
2635 1
2636 3
2637 3
2638 3
2639 2
2640 3
2641 2
2642 2
2643 4
2644 2
2645 3
2646 1
2647 5
2648 4
2649 4
2650 5
2651 1
2652 1
2653 2
2654 3
2655 3
2656 1
2657 4
2658 3
2659 2
2660 2
2661 1
2662 1
2663 1
2664 2
2665 1
2666 2
2667 5
2668 3
2669 2
2670 3
2671 1
2672 5
2673 2
2674 2
2675 2
2676 1
2677 1
2678 3
2679 2
2680 7
2681 1
2682 2
2683 3
2684 2
2685 2
2686 2
2687 3
2688 3
2689 1
2690 4
2691 3
2692 3
2693 2
2694 1
2695 2
2696 1
2697 2
2698 1
2699 4
2700 1
2701 1
2702 2
2703 1
2704 1
2705 2
2706 3
2707 4
2708 1
2709 1
2710 3
2711 1
2712 1
2713 1
2714 1
2715 1
2716 1
2717 1
2718 2
2719 1
2720 1
2721 1
2722 1
2723 1
2724 2
2725 1
2726 2
2727 3
2728 2
2729 1
2730 1
2731 3
2732 3
2733 2
2734 4
2735 3
2736 1
2737 2
2738 3
2739 2
2740 2
2741 2
2742 3
2743 2
2744 2
2745 2
2746 2
2747 3
2748 2
2749 3
2750 2
2751 1
2752 2
2753 3
2754 1
2755 2
2756 2
2757 2
2758 2
2759 4
2760 2
2761 1
2762 4
2763 1
2764 2
2765 2
2766 3
2767 2
2768 2
2769 1
2770 3
2771 2
2772 2
2773 3
2774 1
2775 3
2776 4
2777 1
2778 4
2779 1
2780 2
2781 3
2782 1
2783 2
2784 3
2785 2
2786 1
2787 4
2788 3
2789 2
2790 1
2791 2
2792 2
2793 3
2794 1
2795 2
2796 2
2797 2
2798 2
2799 1
2800 3
2801 3
2802 2
2803 3
2804 1
2805 2
2806 3
2807 4
2808 4
2809 2
2810 2
2811 1
2812 2
2813 4
2814 2
2815 2
2816 1
2817 1
2818 4
2819 1
2820 2
2821 4
2822 2
2823 3
2824 2
2825 1
2826 2
2827 1
2828 2
2829 2
2830 3
2831 3
2832 2
2833 2
2834 2
2835 3
2836 2
2837 3
2838 3
2839 1
2840 5
2841 3
2842 2
2843 4
2844 1
2845 3
2846 2
2847 2
2848 2
2849 3
2850 2
2851 3
2852 2
2853 4
2854 2
2855 2
2856 1
2857 4
2858 1
2859 5
2860 1
2861 3
2862 1
2863 3
2864 3
2865 2
2866 1
2867 1
2868 2
2869 3
2870 1
2871 1
2872 1
2873 1
2874 2
2875 2
2876 1
2877 1
2878 3
2879 1
2880 4
2881 2
2882 2
2883 3
2884 3
2885 3
2886 1
2887 4
2888 2
2889 1
2890 2
2891 1
2892 2
2893 2
2894 2
2895 2
2896 3
2897 2
2898 5
2899 2
2900 3
2901 2
2902 1
2903 2
2904 1
2905 3
2906 2
2907 3
2908 4
2909 4
2910 1
2911 1
2912 2
2913 1
2914 4
2915 5
2916 3
2917 2
2918 3
2919 6
2920 1
2921 3
2922 1
2923 1
2924 3
2925 2
2926 3
2927 2
2928 2
2929 1
2930 2
2931 1
2932 3
2933 3
2934 3
2935 1
2936 2
2937 2
2938 2
2939 5
2940 1
2941 2
2942 2
2943 1
2944 1
2945 1
2946 3
2947 1
2948 1
2949 2
2950 3
2951 3
2952 1
2953 2
2954 1
2955 1
2956 1
2957 1
2958 1
2959 3
2960 2
2961 3
2962 3
2963 4
2964 2
2965 3
2966 2
2967 4
2968 1
2969 3
2970 2
2971 1
2972 1
2973 2
2974 3
2975 1
2976 3
2977 5
2978 2
2979 2
2980 1
2981 4
2982 2
2983 3
2984 4
2985 3
2986 2
2987 2
2988 5
2989 1
2990 3
2991 3
2992 2
2993 3
2994 1
2995 2
2996 6
2997 2
2998 1
2999 2
3000 5
3001 1
3002 4
3003 3
3004 2
3005 2
3006 1
3007 4
3008 3
3009 2
3010 1
3011 3
3012 6
3013 1
3014 2
3015 1
3016 3
3017 2
3018 1
3019 2
3020 2
3021 3
3022 3
3023 2
3024 3
3025 2
3026 2
3027 1
3028 1
3029 4
3030 2
3031 1
3032 3
3033 2
3034 1
3035 2
3036 1
3037 2
3038 1
3039 1
3040 1
3041 2
3042 2
3043 2
3044 1
3045 1
3046 4
3047 5
3048 1
3049 2
3050 1
3051 1
3052 1
3053 1
3054 2
3055 1
3056 1
3057 1
3058 2
3059 1
3060 2
3061 2
3062 3
3063 2
3064 1
3065 3
3066 1
3067 2
3068 1
3069 3
3070 1
3071 2
3072 4
3073 1
3074 1
3075 2
3076 1
3077 1
3078 1
3079 3
3080 3
3081 2
3082 1
3083 2
3084 1
3085 1
3086 2
3087 2
3088 2
3089 1
3090 2
3091 1
3092 5
3093 2
3094 2
3095 2
3096 1
3097 1
3098 4
3099 2
3100 4
3101 5
3102 1
3103 2
3104 2
3105 2
3106 2
3107 1
3108 1
3109 2
3110 4
3111 2
3112 2
3113 2
3114 4
3115 2
3116 2
3117 2
3118 3
3119 2
3120 2
3121 2
3122 2
3123 3
3124 3
3125 2
3126 5
3127 2
3128 1
3129 2
3130 1
3131 2
3132 2
3133 3
3134 3
3135 4
3136 3
3137 3
3138 2
3139 2
3140 2
3141 1
3142 6
3143 2
3144 3
3145 2
3146 2
3147 3
3148 6
3149 1
3150 2
3151 5
3152 1
3153 3
3154 4
3155 2
3156 2
3157 4
3158 2
3159 3
3160 2
3161 2
3162 2
3163 1
3164 4
3165 4
3166 2
3167 3
3168 1
3169 3
3170 2
3171 1
3172 3
3173 3
3174 2
3175 1
3176 2
3177 6
3178 2
3179 1
3180 2
3181 1
3182 5
3183 3
3184 3
3185 3
3186 3
3187 1
3188 2
3189 2
3190 1
3191 1
3192 2
3193 2
3194 1
3195 2
3196 2
3197 1
3198 2
3199 1
3200 2
3201 2
3202 3
3203 1
3204 2
3205 5
3206 2
3207 2
3208 3
3209 2
3210 2
3211 3
3212 2
3213 2
3214 2
3215 3
3216 2
3217 3
3218 3
3219 2
3220 4
3221 2
3222 2
3223 1
3224 1
3225 4
3226 1
3227 3
3228 2
3229 5
3230 1
3231 2
3232 3
3233 3
3234 1
3235 2
3236 2
3237 1
3238 2
3239 1
3240 1
3241 4
3242 3
3243 4
3244 1
3245 7
3246 1
3247 1
3248 5
3249 4
3250 1
3251 4
3252 2
3253 3
3254 3
3255 1
3256 1
3257 1
3258 2
3259 1
3260 1
3261 3
3262 1
3263 1
3264 3
3265 1
3266 4
3267 1
3268 4
3269 5
3270 2
3271 2
3272 1
3273 2
3274 3
3275 4
3276 3
3277 4
3278 3
3279 2
3280 3
3281 4
3282 2
3283 1
3284 2
3285 1
3286 2
3287 1
3288 1
3289 2
3290 1
3291 5
3292 1
3293 3
3294 2
3295 2
3296 2
3297 1
3298 3
3299 2
3300 1
3301 2
3302 4
3303 1
3304 1
3305 2
3306 3
3307 2
3308 1
3309 3
3310 2
3311 2
3312 1
3313 3
3314 2
3315 3
3316 2
3317 4
3318 2
3319 1
3320 2
3321 1
3322 2
3323 1
3324 3
3325 2
3326 1
3327 2
3328 3
3329 2
3330 1
3331 2
3332 2
3333 1
3334 2
3335 4
3336 1
3337 4
3338 1
3339 3
3340 1
3341 3
3342 2
3343 2
3344 2
3345 1
3346 4
3347 4
3348 1
3349 2
3350 1
3351 2
3352 3
3353 4
3354 1
3355 4
3356 2
3357 2
3358 2
3359 4
3360 1
3361 2
3362 2
3363 1
3364 1
3365 5
3366 3
3367 3
3368 2
3369 2
3370 2
3371 3
3372 1
3373 2
3374 3
3375 4
3376 2
3377 2
3378 1
3379 3
3380 1
3381 2
3382 1
3383 2
3384 2
3385 3
3386 1
3387 2
3388 2
3389 3
3390 1
3391 2
3392 1
3393 1
3394 2
3395 3
3396 3
3397 3
3398 1
3399 2
3400 3
3401 3
3402 1
3403 1
3404 1
3405 2
3406 2
3407 2
3408 2
3409 1
3410 2
3411 3
3412 2
3413 3
3414 2
3415 4
3416 1
3417 2
3418 3
3419 1
3420 1
3421 2
3422 2
3423 2
3424 1
3425 2
3426 2
3427 3
3428 1
3429 3
3430 1
3431 2
3432 2
3433 3
3434 4
3435 3
3436 1
3437 2
3438 2
3439 2
3440 4
3441 1
3442 2
3443 1
3444 2
3445 1
3446 4
3447 1
3448 1
3449 2
3450 2
3451 4
3452 4
3453 1
3454 1
3455 1
3456 2
3457 3
3458 1
3459 2
3460 2
3461 3
3462 3
3463 5
3464 2
3465 2
3466 2
3467 3
3468 2
3469 2
3470 1
3471 3
3472 2
3473 5
3474 1
3475 1
3476 1
3477 3
3478 2
3479 2
3480 4
3481 2
3482 5
3483 3
3484 3
3485 2
3486 1
3487 4
3488 2
3489 2
3490 2
3491 2
3492 2
3493 3
3494 2
3495 2
3496 3
3497 2
3498 3
3499 3
3500 1
3501 2
3502 2
3503 3
3504 1
3505 1
3506 1
3507 2
3508 1
3509 1
3510 3
3511 1
3512 1
3513 1
3514 1
3515 3
3516 2
3517 5
3518 1
3519 4
3520 3
3521 2
3522 2
3523 4
3524 2
3525 2
3526 1
3527 1
3528 1
3529 1
3530 2
3531 3
3532 1
3533 4
3534 2
3535 2
3536 4
3537 1
3538 1
3539 2
3540 3
3541 2
3542 2
3543 1
3544 2
3545 1
3546 1
3547 1
3548 2
3549 2
3550 2
3551 1
3552 2
3553 3
3554 3
3555 1
3556 1
3557 1
3558 2
3559 3
3560 1
3561 1
3562 2
3563 1
3564 3
3565 3
3566 2
3567 1
3568 2
3569 2
3570 4
3571 1
3572 1
3573 2
3574 2
3575 3
3576 1
3577 2
3578 1
3579 1
3580 4
3581 2
3582 2
3583 2
3584 2
3585 3
3586 3
3587 4
3588 3
3589 1
3590 1
3591 5
3592 2
3593 2
3594 3
3595 2
3596 3
3597 2
3598 2
3599 2
3600 2
3601 1
3602 4
3603 3
3604 3
3605 1
3606 2
3607 1
3608 5
3609 5
3610 1
3611 1
3612 1
3613 2
3614 2
3615 3
3616 2
3617 2
3618 1
3619 4
3620 3
3621 3
3622 1
3623 2
3624 2
3625 1
3626 3
3627 1
3628 1
3629 2
3630 3
3631 2
3632 2
3633 3
3634 3
3635 2
3636 1
3637 3
3638 3
3639 2
3640 2
3641 1
3642 4
3643 1
3644 2
3645 3
3646 2
3647 2
3648 3
3649 2
3650 3
3651 2
3652 3
3653 2
3654 2
3655 5
3656 2
3657 1
3658 4
3659 1
3660 2
3661 2
3662 2
3663 2
3664 2
3665 1
3666 1
3667 2
3668 1
3669 4
3670 3
3671 4
3672 1
3673 1
3674 1
3675 1
3676 1
3677 3
3678 1
3679 2
3680 3
3681 3
3682 2
3683 3
3684 2
3685 1
3686 3
3687 2
3688 2
3689 2
3690 2
3691 1
3692 1
3693 1
3694 3
3695 2
3696 1
3697 4
3698 2
3699 2
3700 2
3701 3
3702 4
3703 2
3704 3
3705 2
3706 3
3707 1
3708 2
3709 2
3710 3
3711 3
3712 1
3713 2
3714 1
3715 1
3716 1
3717 2
3718 1
3719 1
3720 1
3721 1
3722 1
3723 1
3724 2
3725 1
3726 3
3727 1
3728 1
3729 2
3730 4
3731 2
3732 2
3733 2
3734 2
3735 1
3736 2
3737 1
3738 1
3739 1
3740 1
3741 5
3742 2
3743 2
3744 2
3745 2
3746 1
3747 1
3748 1
3749 1
3750 1
3751 3
3752 1
3753 2
3754 1
3755 2
3756 2
3757 3
3758 2
3759 2
3760 1
3761 4
3762 3
3763 2
3764 3
3765 1
3766 3
3767 3
3768 1
3769 1
3770 2
3771 2
3772 2
3773 1
3774 1
3775 2
3776 1
3777 1
3778 2
3779 5
3780 1
3781 2
3782 2
3783 1
3784 1
3785 3
3786 2
3787 2
3788 2
3789 2
3790 1
3791 2
3792 1
3793 1
3794 1
3795 2
3796 2
3797 2
3798 2
3799 4
3800 2
3801 1
3802 1
3803 1
3804 1
3805 1
3806 1
3807 1
3808 1
3809 2
3810 1
3811 4
3812 1
3813 1
3814 1
3815 2
3816 2
3817 1
3818 2
3819 1
3820 2
3821 1
3822 2
3823 2
3824 3
3825 1
3826 2
3827 1
3828 1
3829 1
3830 2
3831 1
3832 2
3833 4
3834 2
3835 1
3836 1
3837 1
3838 1
3839 5
3840 3
3841 1
3842 1
3843 1
3844 1
3845 2
3846 2
3847 3
3848 1
3849 2
3850 2
3851 2
3852 2
3853 2
3854 4
3855 2
3856 5
3857 3
3858 1
3859 2
3860 2
3861 1
3862 2
3863 2
3864 1
3865 2
3866 1
3867 2
3868 2
3869 1
3870 2
3871 2
3872 1
3873 2
3874 1
3875 1
3876 3
3877 1
3878 2
3879 2
3880 3
3881 3
3882 3
3883 2
3884 2
3885 1
3886 5
3887 1
3888 2
3889 1
3890 3
3891 2
3892 1
3893 4
3894 2
3895 2
3896 3
3897 2
3898 1
3899 1
3900 2
3901 1
3902 1
3903 4
3904 1
3905 1
3906 2
3907 2
3908 1
3909 1
3910 4
3911 2
3912 2
3913 2
3914 1
3915 4
3916 1
3917 1
3918 3
3919 2
3920 2
3921 1
3922 2
3923 1
3924 1
3925 2
3926 1
3927 1
3928 1
3929 1
3930 1
3931 3
3932 2
3933 1
3934 3
3935 3
3936 2
3937 2
3938 2
3939 2
3940 2
3941 2
3942 1
3943 1
3944 1
3945 4
3946 3
3947 1
3948 4
3949 3
3950 2
3951 3
3952 3
3953 1
3954 1
3955 1
3956 1
3957 1
3958 1
3959 1
3960 2
3961 2
3962 2
3963 2
3964 1
3965 2
3966 1
3967 3
3968 3
3969 3
3970 2
3971 1
3972 2
3973 1
3974 3
3975 2
3976 2
3977 2
3978 3
3979 4
3980 3
3981 1
3982 1
3983 3
3984 1
3985 3
3986 5
3987 2
3988 1
3989 1
3990 2
3991 1
3992 5
3993 1
3994 2
3995 2
3996 2
3997 2
3998 1
3999 3
4000 3
4001 4
4002 1
4003 2
4004 2
4005 1
4006 1
4007 1
4008 2
4009 1
4010 1
4011 2
4012 1
4013 3
4014 2
4015 1
4016 2
4017 1
4018 1
4019 1
4020 3
4021 2
4022 1
4023 2
4024 4
4025 3
4026 2
4027 1
4028 2
4029 3
4030 2
4031 2
4032 1
4033 3
4034 2
4035 3
4036 2
4037 2
4038 1
4039 1
4040 1
4041 1
4042 2
4043 1
4044 2
4045 2
4046 1
4047 2
4048 2
4049 2
4050 3
4051 1
4052 1
4053 4
4054 1
4055 1
4056 2
4057 2
4058 1
4059 1
4060 2
4061 1
4062 1
4063 2
4064 1
4065 3
4066 2
4067 3
4068 2
4069 1
4070 2
4071 3
4072 1
4073 1
4074 1
4075 1
4076 3
4077 1
4078 2
4079 2
4080 1
4081 1
4082 3
4083 3
4084 2
4085 1
4086 2
4087 1
4088 1
4089 1
4090 1
4091 1
4092 1
4093 2
4094 3
4095 1
4096 1
4097 1
4098 4
4099 1
4100 2
4101 2
4102 4
4103 2
4104 1
4105 1
4106 2
4107 3
4108 2
4109 1
4110 1
4111 1
4112 2
4113 1
4114 3
4115 2
4116 1
4117 3
4118 2
4119 3
4120 2
4121 2
4122 1
4123 2
4124 1
4125 2
4126 1
4127 1
4128 1
4129 1
4130 1
4131 3
4132 3
4133 1
4134 3
4135 2
4136 2
4137 3
4138 4
4139 2
4140 2
4141 2
4142 4
4143 3
4144 1
4145 1
4146 1
4147 2
4148 2
4149 2
4150 1
4151 1
4152 3
4153 1
4154 3
4155 2
4156 2
4157 5
4158 1
4159 2
4160 1
4161 3
4162 3
4163 1
4164 2
4165 2
4166 1
4167 2
4168 2
4169 2
4170 2
4171 2
4172 1
4173 2
4174 2
4175 1
4176 1
4177 2
4178 2
4179 4
4180 1
4181 2
4182 2
4183 3
4184 1
4185 1
4186 2
4187 3
4188 3
4189 2
4190 1
4191 3
4192 1
4193 3
4194 2
4195 2
4196 3
4197 2
4198 2
4199 2
4200 2
4201 1
4202 2
4203 2
4204 1
4205 1
4206 3
4207 1
4208 2
4209 2
4210 2
4211 2
4212 2
4213 1
4214 2
4215 2
4216 4
4217 1
4218 2
4219 1
4220 2
4221 2
4222 3
4223 2
4224 1
4225 2
4226 1
4227 3
4228 1
4229 2
4230 1
4231 2
4232 2
4233 1
4234 3
4235 1
4236 2
4237 2
4238 2
4239 2
4240 2
4241 3
4242 1
4243 2
4244 2
4245 1
4246 1
4247 3
4248 1
4249 1
4250 4
4251 3
4252 1
4253 3
4254 1
4255 2
4256 1
4257 1
4258 3
4259 2
4260 1
4261 2
4262 1
4263 4
4264 1
4265 1
4266 1
4267 1
4268 1
4269 1
4270 1
4271 1
4272 1
4273 2
4274 2
4275 1
4276 2
4277 1
4278 2
4279 3
4280 1
4281 2
4282 1
4283 1
4284 3
4285 1
4286 1
4287 2
4288 1
4289 1
4290 4
4291 3
4292 2
4293 4
4294 1
4295 1
4296 1
4297 2
4298 2
4299 3
4300 3
4301 1
4302 1
4303 1
4304 2
4305 3
4306 2
4307 1
4308 1
4309 2
4310 1
4311 1
4312 1
4313 3
4314 4
4315 1
4316 2
4317 2
4318 2
4319 3
4320 3
4321 3
4322 1
4323 1
4324 1
4325 2
4326 2
4327 1
4328 2
4329 3
4330 2
4331 1
4332 1
4333 3
4334 1
4335 2
4336 3
4337 4
4338 1
4339 1
4340 2
4341 1
4342 2
4343 3
4344 2
4345 2
4346 1
4347 4
4348 1
4349 1
4350 1
4351 2
4352 2
4353 2
4354 2
4355 1
4356 1
4357 2
4358 2
4359 2
4360 2
4361 2
4362 2
4363 2
4364 2
4365 1
4366 2
4367 1
4368 2
4369 1
4370 2
4371 2
4372 2
4373 1
4374 2
4375 1
4376 2
4377 1
4378 3
4379 2
4380 2
4381 1
4382 1
4383 2
4384 2
4385 1
4386 4
4387 2
4388 2
4389 2
4390 2
4391 3
4392 2
4393 1
4394 2
4395 1
4396 1
4397 1
4398 1
4399 2
4400 1
4401 3
4402 3
4403 1
4404 1
4405 1
4406 1
4407 1
4408 3
4409 1
4410 4
4411 1
4412 1
4413 1
4414 1
4415 2
4416 1
4417 2
4418 5
4419 2
4420 2
4421 1
4422 4
4423 1
4424 2
4425 3
4426 2
4427 2
4428 1
4429 1
4430 2
4431 4
4432 2
4433 1
4434 2
4435 2
4436 2
4437 2
4438 1
4439 2
4440 1
4441 1
4442 1
4443 2
4444 1
4445 1
4446 2
4447 2
4448 1
4449 3
4450 2
4451 1
4452 1
4453 1
4454 2
4455 1
4456 1
4457 5
4458 1
4459 2
4460 1
4461 2
4462 2
4463 2
4464 2
4465 1
4466 1
4467 1
4468 3
4469 3
4470 2
4471 2
4472 1
4473 2
4474 1
4475 4
4476 1
4477 1
4478 2
4479 1
4480 2
4481 2
4482 1
4483 1
4484 1
4485 3
4486 1
4487 1
4488 2
4489 1
4490 1
4491 1
4492 2
4493 2
4494 1
4495 2
4496 2
4497 1
4498 2
4499 2
4500 1
4501 2
4502 2
4503 1
4504 1
4505 1
4506 1
4507 2
4508 1
4509 2
4510 2
4511 2
4512 1
4513 1
4514 2
4515 3
4516 1
4517 1
4518 3
4519 1
4520 1
4521 3
4522 1
4523 3
4524 3
4525 1
4526 2
4527 1
4528 2
4529 1
4530 1
4531 3
4532 1
4533 2
4534 2
4535 3
4536 4
4537 2
4538 2
4539 3
4540 2
4541 2
4542 1
4543 1
4544 4
4545 1
4546 1
4547 1
4548 1
4549 1
4550 1
4551 2
4552 1
4553 2
4554 3
4555 2
4556 4
4557 2
4558 2
4559 1
4560 2
4561 2
4562 3
4563 5
4564 2
4565 1
4566 4
4567 1
4568 1
4569 1
4570 1
4571 1
4572 1
4573 1
4574 1
4575 2
4576 2
4577 2
4578 1
4579 2
4580 1
4581 3
4582 3
4583 1
4584 1
4585 1
4586 2
4587 3
4588 1
4589 1
4590 3
4591 2
4592 3
4593 4
4594 4
4595 3
4596 2
4597 1
4598 1
4599 2
4600 2
4601 1
4602 1
4603 1
4604 1
4605 1
4606 2
4607 2
4608 2
4609 4
4610 4
4611 1
4612 2
4613 1
4614 3
4615 1
4616 1
4617 3
4618 1
4619 4
4620 1
4621 1
4622 1
4623 1
4624 1
4625 1
4626 3
4627 2
4628 2
4629 4
4630 4
4631 1
4632 4
4633 2
4634 2
4635 2
4636 1
4637 2
4638 2
4639 2
4640 1
4641 1
4642 1
4643 4
4644 4
4645 3
4646 2
4647 1
4648 2
4649 1
4650 1
4651 1
4652 3
4653 2
4654 1
4655 3
4656 2
4657 2
4658 2
4659 2
4660 1
4661 1
4662 3
4663 2
4664 1
4665 1
4666 2
4667 2
4668 1
4669 3
4670 1
4671 1
4672 2
4673 1
4674 2
4675 2
4676 2
4677 2
4678 1
4679 3
4680 1
4681 2
4682 2
4683 1
4684 1
4685 2
4686 2
4687 4
4688 1
4689 1
4690 2
4691 2
4692 2
4693 1
4694 3
4695 2
4696 1
4697 1
4698 1
4699 3
4700 1
4701 4
4702 1
4703 2
4704 3
4705 4
4706 1
4707 4
4708 3
4709 3
4710 1
4711 2
4712 2
4713 1
4714 2
4715 1
4716 1
4717 3
4718 2
4719 2
4720 2
4721 3
4722 1
4723 1
4724 1
4725 2
4726 3
4727 1
4728 1
4729 1
4730 2
4731 1
4732 2
4733 1
4734 3
4735 2
4736 4
4737 1
4738 1
4739 2
4740 1
4741 1
4742 1
4743 1
4744 1
4745 3
4746 1
4747 3
4748 1
4749 1
4750 2
4751 1
4752 1
4753 1
4754 2
4755 1
4756 3
4757 1
4758 1
4759 1
4760 1
4761 2
4762 1
4763 2
4764 2
4765 1
4766 1
4767 2
4768 1
4769 2
4770 3
4771 3
4772 1
4773 1
4774 1
4775 3
4776 2
4777 1
4778 1
4779 1
4780 3
4781 3
4782 2
4783 1
4784 1
4785 1
4786 2
4787 4
4788 1
4789 3
4790 1
4791 1
4792 2
4793 2
4794 2
4795 4
4796 1
4797 1
4798 1
4799 2
4800 1
4801 3
4802 1
4803 1
4804 1
4805 3
4806 2
4807 1
4808 2
4809 3
4810 2
4811 1
4812 3
4813 3
4814 3
4815 2
4816 2
4817 1
4818 2
4819 3
4820 1
4821 2
4822 1
4823 1
4824 2
4825 1
4826 1
4827 2
4828 4
4829 1
4830 2
4831 4
4832 2
4833 3
4834 2
4835 2
4836 1
4837 2
4838 3
4839 1
4840 3
4841 2
4842 1
4843 1
4844 1
4845 1
4846 2
4847 2
4848 4
4849 1
4850 2
4851 1
4852 2
4853 1
4854 2
4855 4
4856 1
4857 2
4858 2
4859 1
4860 3
4861 1
4862 1
4863 2
4864 1
4865 1
4866 1
4867 1
4868 1
4869 3
4870 2
4871 4
4872 2
4873 1
4874 2
4875 2
4876 1
4877 1
4878 2
4879 1
4880 1
4881 1
4882 2
4883 2
4884 2
4885 3
4886 1
4887 2
4888 2
4889 3
4890 2
4891 3
4892 2
4893 1
4894 2
4895 3
4896 2
4897 1
4898 1
4899 1
4900 1
4901 1
4902 2
4903 1
4904 2
4905 2
4906 2
4907 1
4908 1
4909 3
4910 1
4911 1
4912 2
4913 1
4914 1
4915 1
4916 3
4917 2
4918 1
4919 1
4920 1
4921 1
4922 1
4923 1
4924 2
4925 1
4926 3
4927 1
4928 1
4929 1
4930 2
4931 1
4932 2
4933 1
4934 1
4935 2
4936 1
4937 1
4938 1
4939 1
4940 3
4941 2
4942 1
4943 2
4944 2
4945 4
4946 2
4947 2
4948 3
4949 1
4950 3
4951 1
4952 1
4953 1
4954 2
4955 2
4956 1
4957 2
4958 3
4959 1
4960 1
4961 1
4962 3
4963 2
4964 2
4965 2
4966 1
4967 1
4968 1
4969 2
4970 2
4971 1
4972 2
4973 1
4974 1
4975 3
4976 1
4977 1
4978 3
4979 1
4980 1
4981 1
4982 1
4983 1
4984 1
4985 2
4986 1
4987 1
4988 2
4989 1
4990 1
4991 1
4992 2
4993 2
4994 2
4995 2
4996 2
4997 2
4998 1
4999 3
5000 1
5001 1
5002 1
5003 1
5004 2
5005 2
5006 2
5007 2
5008 1
5009 2
5010 1
5011 1
5012 2
5013 2
5014 1
5015 2
5016 1
5017 3
5018 1
5019 2
5020 1
5021 3
5022 1
5023 1
5024 2
5025 1
5026 1
5027 1
5028 2
5029 2
5030 1
5031 1
5032 2
5033 3
5034 2
5035 2
5036 1
5037 2
5038 1
5039 1
5040 2
5041 4
5042 2
5043 1
5044 2
5045 2
5046 1
5047 2
5048 1
5049 2
5050 1
5051 1
5052 1
5053 1
5054 1
5055 2
5056 2
5057 2
5058 3
5059 1
5060 1
5061 1
5062 3
5063 1
5064 1
5065 2
5066 2
5067 3
5068 1
5069 1
5070 1
5071 1
5072 1
5073 2
5074 2
5075 2
5076 3
5077 2
5078 1
5079 1
5080 2
5081 2
5082 1
5083 1
5084 1
5085 1
5086 3
5087 1
5088 3
5089 1
5090 4
5091 1
5092 2
5093 1
5094 1
5095 1
5096 2
5097 1
5098 1
5099 1
5100 2
5101 1
5102 1
5103 1
5104 2
5105 2
5106 2
5107 3
5108 1
5109 3
5110 3
5111 1
5112 3
5113 3
5114 3
5115 2
5116 1
5117 3
5118 1
5119 1
5120 2
5121 1
5122 1
5123 1
5124 4
5125 3
5126 1
5127 1
5128 1
5129 1
5130 1
5131 4
5132 2
5133 1
5134 2
5135 2
5136 2
5137 1
5138 4
5139 2
5140 1
5141 1
5142 1
5143 2
5144 1
5145 1
5146 2
5147 1
5148 2
5149 1
5150 2
5151 2
5152 1
5153 3
5154 3
5155 2
5156 1
5157 1
5158 2
5159 2
5160 2
5161 1
5162 2
5163 1
5164 2
5165 1
5166 1
5167 1
5168 2
5169 2
5170 4
5171 1
5172 1
5173 3
5174 1
5175 1
5176 2
5177 1
5178 2
5179 1
5180 2
5181 1
5182 2
5183 1
5184 2
5185 2
5186 2
5187 1
5188 1
5189 1
5190 1
5191 3
5192 2
5193 1
5194 3
5195 1
5196 2
5197 2
5198 1
5199 1
5200 2
5201 1
5202 1
5203 3
5204 2
5205 1
5206 1
5207 1
5208 2
5209 1
5210 1
5211 1
5212 4
5213 2
5214 3
5215 1
5216 1
5217 1
5218 1
5219 1
5220 2
5221 2
5222 1
5223 2
5224 1
5225 3
5226 2
5227 2
5228 1
5229 1
5230 2
5231 1
5232 1
5233 1
5234 2
5235 3
5236 2
5237 1
5238 3
5239 2
5240 3
5241 1
5242 1
5243 1
5244 1
5245 2
5246 1
5247 1
5248 3
5249 2
5250 3
5251 1
5252 2
5253 2
5254 1
5255 2
5256 1
5257 1
5258 1
5259 1
5260 2
5261 1
5262 2
5263 1
5264 1
5265 1
5266 2
5267 1
5268 1
5269 2
5270 1
5271 1
5272 2
5273 1
5274 1
5275 1
5276 3
5277 1
5278 1
5279 1
5280 1
5281 1
5282 2
5283 2
5284 1
5285 2
5286 2
5287 1
5288 1
5289 1
5290 2
5291 2
5292 1
5293 2
5294 1
5295 1
5296 2
5297 3
5298 2
5299 1
5300 1
5301 1
5302 2
5303 1
5304 2
5305 1
5306 1
5307 1
5308 3
5309 1
5310 2
5311 2
5312 1
5313 1
5314 1
5315 4
5316 1
5317 2
5318 3
5319 1
5320 3
5321 4
5322 1
5323 2
5324 1
5325 1
5326 2
5327 2
5328 1
5329 1
5330 3
5331 1
5332 1
5333 2
5334 1
5335 2
5336 2
5337 1
5338 2
5339 2
5340 1
5341 2
5342 1
5343 2
5344 2
5345 3
5346 1
5347 1
5348 1
5349 3
5350 1
5351 1
5352 1
5353 2
5354 1
5355 2
5356 2
5357 2
5358 1
5359 1
5360 2
5361 1
5362 2
5363 3
5364 2
5365 2
5366 1
5367 3
5368 1
5369 1
5370 1
5371 2
5372 1
5373 1
5374 1
5375 2
5376 2
5377 3
5378 1
5379 2
5380 1
5381 3
5382 2
5383 1
5384 2
5385 1
5386 3
5387 3
5388 2
5389 1
5390 2
5391 1
5392 1
5393 1
5394 1
5395 1
5396 2
5397 1
5398 2
5399 1
5400 1
5401 2
5402 3
5403 2
5404 1
5405 2
5406 1
5407 1
5408 2
5409 2
5410 2
5411 1
5412 2
5413 3
5414 1
5415 2
5416 1
5417 1
5418 2
5419 2
5420 1
5421 1
5422 1
5423 3
5424 4
5425 1
5426 1
5427 2
5428 2
5429 2
5430 1
5431 1
5432 1
5433 1
5434 2
5435 1
5436 1
5437 1
5438 3
5439 1
5440 2
5441 1
5442 1
5443 1
5444 1
5445 2
5446 1
5447 1
5448 3
5449 1
5450 1
5451 2
5452 3
5453 1
5454 1
5455 2
5456 2
5457 2
5458 1
5459 1
5460 2
5461 1
5462 3
5463 2
5464 1
5465 1
5466 3
5467 2
5468 1
5469 2
5470 1
5471 2
5472 1
5473 2
5474 3
5475 1
5476 2
5477 1
5478 2
5479 2
5480 3
5481 2
5482 1
5483 1
5484 2
5485 1
5486 1
5487 1
5488 3
5489 1
5490 3
5491 2
5492 1
5493 1
5494 2
5495 1
5496 4
5497 1
5498 1
5499 3
5500 1
5501 1
5502 2
5503 2
5504 1
5505 2
5506 1
5507 2
5508 3
5509 2
5510 2
5511 1
5512 1
5513 1
5514 1
5515 1
5516 3
5517 1
5518 4
5519 3
5520 2
5521 1
5522 2
5523 1
5524 1
5525 1
5526 2
5527 2
5528 2
5529 1
5530 1
5531 1
5532 4
5533 1
5534 1
5535 2
5536 1
5537 1
5538 2
5539 1
5540 1
5541 1
5542 1
5543 1
5544 1
5545 1
5546 1
5547 1
5548 2
5549 1
5550 1
5551 2
5552 1
5553 1
5554 1
5555 1
5556 1
5557 1
5558 1
5559 2
5560 3
5561 2
5562 2
5563 2
5564 2
5565 2
5566 1
5567 2
5568 1
5569 1
5570 1
5571 1
5572 1
5573 1
5574 3
5575 2
5576 1
5577 1
5578 2
5579 2
5580 2
5581 2
5582 1
5583 2
5584 2
5585 1
5586 1
5587 1
5588 1
5589 1
5590 2
5591 3
5592 1
5593 1
5594 1
5595 1
5596 2
5597 1
5598 1
5599 2
5600 2
5601 1
5602 1
5603 3
5604 1
5605 2
5606 3
5607 2
5608 1
5609 1
5610 1
5611 3
5612 1
5613 1
5614 1
5615 2
5616 2
5617 2
5618 1
5619 1
5620 1
5621 2
5622 1
5623 1
5624 1
5625 3
5626 3
5627 1
5628 1
5629 1
5630 1
5631 3
5632 1
5633 1
5634 1
5635 2
5636 1
5637 1
5638 1
5639 2
5640 1
5641 2
5642 2
5643 1
5644 1
5645 1
5646 1
5647 1
5648 1
5649 1
5650 2
5651 2
5652 1
5653 1
5654 1
5655 2
5656 3
5657 1
5658 3
5659 2
5660 2
5661 2
5662 1
5663 1
5664 2
5665 1
5666 2
5667 1
5668 1
5669 2
5670 2
5671 1
5672 2
5673 2
5674 3
5675 3
5676 1
5677 2
5678 1
5679 1
5680 3
5681 3
5682 1
5683 1
5684 2
5685 1
5686 2
5687 1
5688 1
5689 1
5690 2
5691 1
5692 2
5693 1
5694 1
5695 1
5696 2
5697 1
5698 1
5699 1
5700 1
5701 1
5702 4
5703 2
5704 3
5705 1
5706 1
5707 2
5708 2
5709 1
5710 2
5711 2
5712 2
5713 2
5714 1
5715 1
5716 2
5717 1
5718 1
5719 1
5720 2
5721 1
5722 2
5723 5
5724 1
5725 3
5726 2
5727 1
5728 1
5729 1
5730 1
5731 1
5732 1
5733 1
5734 1
5735 1
5736 1
5737 1
5738 1
5739 2
5740 3
5741 1
5742 2
5743 1
5744 1
5745 1
5746 1
5747 1
5748 3
5749 1
5750 2
5751 2
5752 3
5753 1
5754 2
5755 3
5756 1
5757 3
5758 3
5759 3
5760 1
5761 3
5762 2
5763 2
5764 1
5765 3
5766 2
5767 4
5768 4
5769 2
5770 4
5771 2
5772 2
5773 1
5774 1
5775 1
5776 1
5777 1
5778 3
5779 2
5780 2
5781 2
5782 1
5783 1
5784 1
5785 3
5786 2
5787 2
5788 1
5789 1
5790 2
5791 1
5792 1
5793 2
5794 2
5795 1
5796 2
5797 2
5798 2
5799 2
5800 1
5801 1
5802 1
5803 2
5804 1
5805 1
5806 2
5807 1
5808 1
5809 1
5810 1
5811 2
5812 2
5813 1
5814 2
5815 2
5816 2
5817 1
5818 3
5819 2
5820 1
5821 2
5822 1
5823 1
5824 2
5825 1
5826 2
5827 2
5828 2
5829 1
5830 1
5831 3
5832 1
5833 1
5834 1
5835 2
5836 1
5837 1
5838 1
5839 1
5840 2
5841 1
5842 2
5843 2
5844 1
5845 1
5846 1
5847 1
5848 2
5849 1
5850 2
5851 2
5852 1
5853 1
5854 3
5855 1
5856 2
5857 2
5858 2
5859 1
5860 2
5861 1
5862 1
5863 1
5864 1
5865 1
5866 1
5867 1
5868 1
5869 1
5870 1
5871 1
5872 2
5873 1
5874 2
5875 2
5876 1
5877 2
5878 1
5879 1
5880 1
5881 1
5882 1
5883 2
5884 1
5885 1
5886 2
5887 1
5888 1
5889 1
5890 1
5891 2
5892 1
5893 1
5894 1
5895 5
5896 1
5897 2
5898 1
5899 1
5900 1
5901 1
5902 1
5903 1
5904 2
5905 1
5906 2
5907 1
5908 1
5909 1
5910 2
5911 3
5912 2
5913 1
5914 1
5915 1
5916 1
5917 1
5918 1
5919 2
5920 1
5921 1
5922 2
5923 1
5924 1
5925 2
5926 1
5927 1
5928 2
5929 1
5930 1
5931 2
5932 1
5933 1
5934 3
5935 1
5936 4
5937 1
5938 1
5939 2
5940 2
5941 1
5942 1
5943 2
5944 3
5945 2
5946 2
5947 1
5948 1
5949 2
5950 2
5951 2
5952 2
5953 2
5954 2
5955 2
5956 1
5957 3
5958 1
5959 1
5960 1
5961 3
5962 2
5963 1
5964 1
5965 1
5966 1
5967 1
5968 1
5969 1
5970 1
5971 2
5972 2
5973 1
5974 2
5975 1
5976 1
5977 2
5978 1
5979 1
5980 1
5981 1
5982 3
5983 1
5984 1
5985 2
5986 2
5987 2
5988 2
5989 1
5990 2
5991 3
5992 1
5993 2
5994 1
5995 2
5996 1
5997 1
5998 2
5999 1
6000 1
6001 2
6002 1
6003 1
6004 1
6005 1
6006 1
6007 2
6008 1
6009 2
6010 1
6011 1
6012 1
6013 1
6014 2
6015 1
6016 1
6017 1
6018 2
6019 2
6020 2
6021 1
6022 1
6023 2
6024 1
6025 1
6026 1
6027 1
6028 1
6029 1
6030 2
6031 2
6032 1
6033 1
6034 2
6035 2
6036 1
6037 2
6038 1
6039 2
6040 3
6041 2
6042 1
6043 1
6044 3
6045 1
6046 1
6047 1
6048 1
6049 3
6050 4
6051 1
6052 2
6053 1
6054 1
6055 1
6056 4
6057 1
6058 2
6059 2
6060 2
6061 1
6062 2
6063 3
6064 1
6065 2
6066 1
6067 3
6068 2
6069 2
6070 1
6071 2
6072 1
6073 1
6074 1
6075 1
6076 1
6077 1
6078 2
6079 1
6080 3
6081 1
6082 1
6083 1
6084 2
6085 1
6086 1
6087 1
6088 2
6089 3
6090 1
6091 2
6092 2
6093 2
6094 1
6095 2
6096 4
6097 1
6098 3
6099 1
6100 2
6101 1
6102 1
6103 1
6104 1
6105 3
6106 2
6107 2
6108 1
6109 2
6110 2
6111 2
6112 2
6113 3
6114 1
6115 1
6116 2
6117 2
6118 1
6119 1
6120 3
6121 1
6122 2
6123 1
6124 2
6125 1
6126 2
6127 1
6128 3
6129 1
6130 1
6131 1
6132 2
6133 1
6134 1
6135 1
6136 1
6137 1
6138 1
6139 1
6140 2
6141 2
6142 3
6143 1
6144 1
6145 1
6146 3
6147 4
6148 4
6149 2
6150 2
6151 1
6152 2
6153 1
6154 1
6155 2
6156 2
6157 1
6158 1
6159 3
6160 1
6161 1
6162 1
6163 3
6164 1
6165 1
6166 2
6167 1
6168 1
6169 1
6170 1
6171 1
6172 2
6173 3
6174 3
6175 1
6176 1
6177 1
6178 2
6179 2
6180 2
6181 1
6182 2
6183 1
6184 2
6185 1
6186 1
6187 1
6188 1
6189 2
6190 1
6191 1
6192 1
6193 2
6194 2
6195 1
6196 1
6197 2
6198 1
6199 1
6200 1
6201 2
6202 1
6203 1
6204 2
6205 1
6206 1
6207 2
6208 2
6209 1
6210 1
6211 2
6212 1
6213 1
6214 1
6215 1
6216 2
6217 1
6218 1
6219 1
6220 2
6221 2
6222 2
6223 1
6224 2
6225 2
6226 1
6227 1
6228 2
6229 2
6230 2
6231 2
6232 1
6233 1
6234 3
6235 2
6236 2
6237 2
6238 2
6239 2
6240 1
6241 1
6242 3
6243 1
6244 2
6245 1
6246 1
6247 1
6248 1
6249 2
6250 1
6251 2
6252 4
6253 1
6254 1
6255 1
6256 2
6257 1
6258 1
6259 2
6260 1
6261 4
6262 2
6263 2
6264 1
6265 2
6266 1
6267 2
6268 1
6269 1
6270 1
6271 2
6272 1
6273 1
6274 2
6275 2
6276 1
6277 2
6278 2
6279 2
6280 3
6281 1
6282 2
6283 1
6284 2
6285 1
6286 2
6287 1
6288 1
6289 1
6290 1
6291 2
6292 2
6293 1
6294 1
6295 2
6296 2
6297 3
6298 2
6299 1
6300 1
6301 2
6302 3
6303 1
6304 1
6305 2
6306 2
6307 2
6308 1
6309 1
6310 1
6311 1
6312 1
6313 2
6314 1
6315 1
6316 1
6317 3
6318 2
6319 3
6320 1
6321 2
6322 1
6323 1
6324 1
6325 1
6326 1
6327 2
6328 1
6329 1
6330 2
6331 1
6332 1
6333 1
6334 2
6335 1
6336 1
6337 2
6338 2
6339 2
6340 4
6341 1
6342 2
6343 1
6344 2
6345 1
6346 1
6347 2
6348 1
6349 2
6350 2
6351 1
6352 3
6353 1
6354 1
6355 1
6356 1
6357 1
6358 2
6359 2
6360 1
6361 1
6362 1
6363 2
6364 1
6365 2
6366 2
6367 2
6368 2
6369 1
6370 1
6371 2
6372 1
6373 1
6374 2
6375 1
6376 1
6377 1
6378 2
6379 1
6380 1
6381 1
6382 2
6383 2
6384 1
6385 1
6386 1
6387 1
6388 1
6389 1
6390 1
6391 1
6392 1
6393 1
6394 2
6395 3
6396 1
6397 1
6398 2
6399 3
6400 1
6401 1
6402 2
6403 1
6404 1
6405 1
6406 1
6407 1
6408 1
6409 1
6410 2
6411 1
6412 2
6413 1
6414 1
6415 1
6416 1
6417 1
6418 2
6419 2
6420 1
6421 3
6422 2
6423 1
6424 1
6425 1
6426 1
6427 2
6428 1
6429 2
6430 1
6431 2
6432 2
6433 1
6434 1
6435 1
6436 1
6437 1
6438 2
6439 1
6440 1
6441 1
6442 2
6443 1
6444 1
6445 1
6446 1
6447 2
6448 1
6449 1
6450 2
6451 2
6452 2
6453 1
6454 1
6455 3
6456 1
6457 1
6458 1
6459 1
6460 1
6461 1
6462 2
6463 3
6464 1
6465 2
6466 1
6467 1
6468 1
6469 1
6470 1
6471 1
6472 2
6473 1
6474 1
6475 1
6476 2
6477 2
6478 1
6479 2
6480 2
6481 1
6482 1
6483 2
6484 1
6485 1
6486 1
6487 1
6488 1
6489 2
6490 1
6491 1
6492 1
6493 1
6494 1
6495 1
6496 1
6497 2
6498 1
6499 1
6500 3
6501 1
6502 1
6503 1
6504 2
6505 1
6506 1
6507 1
6508 1
6509 1
6510 2
6511 2
6512 1
6513 2
6514 1
6515 2
6516 1
6517 1
6518 2
6519 1
6520 2
6521 1
6522 2
6523 2
6524 1
6525 1
6526 1
6527 2
6528 1
6529 2
6530 1
6531 1
6532 1
6533 1
6534 1
6535 1
6536 2
6537 1
6538 1
6539 2
6540 1
6541 1
6542 1
6543 1
6544 1
6545 1
6546 1
6547 2
6548 1
6549 2
6550 1
6551 1
6552 1
6553 1
6554 1
6555 1
6556 2
6557 2
6558 1
6559 2
6560 1
6561 2
6562 1
6563 2
6564 1
6565 1
6566 1
6567 4
6568 1
6569 2
6570 1
6571 1
6572 1
6573 2
6574 1
6575 1
6576 1
6577 1
6578 1
6579 1
6580 1
6581 1
6582 2
6583 1
6584 2
6585 1
6586 1
6587 1
6588 1
6589 1
6590 1
6591 2
6592 1
6593 2
6594 1
6595 2
6596 1
6597 1
6598 2
6599 1
6600 2
6601 1
6602 1
6603 1
6604 1
6605 1
6606 1
6607 1
6608 2
6609 1
6610 2
6611 3
6612 1
6613 1
6614 1
6615 3
6616 3
6617 1
6618 1
6619 2
6620 2
6621 1
6622 1
6623 1
6624 1
6625 1
6626 1
6627 1
6628 1
6629 2
6630 1
6631 1
6632 1
6633 1
6634 3
6635 1
6636 1
6637 1
6638 1
6639 2
6640 2
6641 1
6642 1
6643 2
6644 1
6645 2
6646 2
6647 1
6648 1
6649 1
6650 1
6651 2
6652 2
6653 2
6654 1
6655 2
6656 1
6657 1
6658 3
6659 2
6660 2
6661 2
6662 1
6663 1
6664 1
6665 3
6666 1
6667 1
6668 2
6669 1
6670 1
6671 2
6672 2
6673 1
6674 1
6675 1
6676 2
6677 1
6678 1
6679 1
6680 1
6681 1
6682 1
6683 1
6684 1
6685 3
6686 1
6687 1
6688 1
6689 2
6690 2
6691 1
6692 1
6693 2
6694 1
6695 2
6696 1
6697 1
6698 3
6699 1
6700 1
6701 1
6702 2
6703 1
6704 1
6705 1
6706 1
6707 2
6708 1
6709 2
6710 2
6711 1
6712 1
6713 2
6714 1
6715 2
6716 1
6717 1
6718 2
6719 1
6720 1
6721 1
6722 1
6723 2
6724 1
6725 5
6726 1
6727 1
6728 1
6729 1
6730 1
6731 1
6732 2
6733 1
6734 3
6735 1
6736 1
6737 1
6738 1
6739 1
6740 1
6741 1
6742 1
6743 1
6744 1
6745 1
6746 2
6747 1
6748 1
6749 1
6750 1
6751 1
6752 1
6753 1
6754 1
6755 1
6756 1
6757 1
6758 2
6759 1
6760 1
6761 1
6762 2
6763 1
6764 1
6765 1
6766 1
6767 1
6768 1
6769 1
6770 1
6771 1
6772 1
6773 1
6774 1
6775 2
6776 1
6777 2
6778 1
6779 1
6780 2
6781 1
6782 2
6783 2
6784 1
6785 1
6786 2
6787 1
6788 1
6789 1
6790 2
6791 1
6792 1
6793 2
6794 3
6795 2
6796 1
6797 1
6798 1
6799 1
6800 1
6801 1
6802 2
6803 1
6804 3
6805 1
6806 1
6807 1
6808 1
6809 1
6810 1
6811 1
6812 1
6813 1
6814 1
6815 1
6816 1
6817 2
6818 1
6819 2
6820 1
6821 1
6822 1
6823 1
6824 1
6825 1
6826 3
6827 2
6828 2
6829 2
6830 1
6831 2
6832 3
6833 2
6834 1
6835 1
6836 1
6837 1
6838 1
6839 1
6840 1
6841 1
6842 1
6843 1
6844 1
6845 1
6846 2
6847 2
6848 1
6849 1
6850 2
6851 2
6852 1
6853 1
6854 1
6855 1
6856 2
6857 1
6858 1
6859 1
6860 2
6861 1
6862 3
6863 2
6864 1
6865 3
6866 2
6867 3
6868 1
6869 2
6870 3
6871 1
6872 3
6873 1
6874 2
6875 2
6876 1
6877 1
6878 1
6879 1
6880 1
6881 1
6882 2
6883 2
6884 2
6885 1
6886 1
6887 1
6888 1
6889 2
6890 1
6891 1
6892 1
6893 1
6894 1
6895 2
6896 1
6897 1
6898 1
6899 1
6900 3
6901 1
6902 1
6903 2
6904 1
6905 1
6906 1
6907 1
6908 1
6909 3
6910 1
6911 2
6912 1
6913 1
6914 1
6915 1
6916 1
6917 1
6918 2
6919 2
6920 2
6921 2
6922 1
6923 2
6924 1
6925 1
6926 2
6927 2
6928 1
6929 1
6930 1
6931 2
6932 1
6933 2
6934 2
6935 1
6936 1
6937 1
6938 3
6939 1
6940 1
6941 2
6942 1
6943 1
6944 2
6945 1
6946 2
6947 1
6948 3
6949 2
6950 2
6951 1
6952 2
6953 1
6954 2
6955 1
6956 2
6957 1
6958 2
6959 1
6960 3
6961 1
6962 1
6963 1
6964 1
6965 1
6966 1
6967 1
6968 1
6969 1
6970 2
6971 1
6972 2
6973 1
6974 1
6975 2
6976 1
6977 2
6978 1
6979 1
6980 2
6981 1
6982 1
6983 2
6984 1
6985 1
6986 1
6987 1
6988 3
6989 1
6990 2
6991 1
6992 3
6993 2
6994 1
6995 1
6996 1
6997 1
6998 2
6999 2
7000 1
7001 1
7002 1
7003 1
7004 1
7005 1
7006 2
7007 1
7008 1
7009 1
7010 1
7011 1
7012 1
7013 2
7014 2
7015 1
7016 1
7017 1
7018 1
7019 1
7020 1
7021 2
7022 2
7023 1
7024 1
7025 2
7026 1
7027 1
7028 1
7029 1
7030 1
7031 1
7032 1
7033 1
7034 2
7035 1
7036 1
7037 1
7038 1
7039 2
7040 1
7041 1
7042 1
7043 1
7044 3
7045 2
7046 2
7047 2
7048 2
7049 1
7050 2
7051 1
7052 1
7053 1
7054 1
7055 3
7056 1
7057 2
7058 1
7059 2
7060 1
7061 1
7062 1
7063 1
7064 2
7065 1
7066 2
7067 1
7068 1
7069 1
7070 1
7071 1
7072 1
7073 1
7074 1
7075 2
7076 2
7077 2
7078 1
7079 1
7080 1
7081 1
7082 1
7083 1
7084 3
7085 1
7086 1
7087 1
7088 2
7089 1
7090 1
7091 1
7092 1
7093 1
7094 1
7095 1
7096 1
7097 1
7098 2
7099 2
7100 1
7101 1
7102 3
7103 1
7104 1
7105 1
7106 2
7107 1
7108 2
7109 2
7110 1
7111 2
7112 2
7113 1
7114 1
7115 1
7116 1
7117 2
7118 1
7119 1
7120 3
7121 1
7122 2
7123 1
7124 1
7125 1
7126 1
7127 1
7128 2
7129 1
7130 1
7131 1
7132 1
7133 2
7134 2
7135 1
7136 1
7137 1
7138 1
7139 1
7140 1
7141 1
7142 1
7143 1
7144 1
7145 1
7146 1
7147 2
7148 3
7149 1
7150 2
7151 1
7152 2
7153 1
7154 1
7155 1
7156 1
7157 2
7158 2
7159 1
7160 1
7161 1
7162 3
7163 1
7164 1
7165 1
7166 1
7167 2
7168 1
7169 1
7170 1
7171 2
7172 1
7173 3
7174 1
7175 1
7176 2
7177 1
7178 1
7179 3
7180 2
7181 2
7182 1
7183 1
7184 1
7185 1
7186 1
7187 2
7188 1
7189 3
7190 1
7191 1
7192 1
7193 1
7194 1
7195 2
7196 2
7197 1
7198 1
7199 1
7200 1
7201 1
7202 1
7203 1
7204 1
7205 2
7206 2
7207 1
7208 1
7209 1
7210 1
7211 1
7212 1
7213 2
7214 2
7215 1
7216 1
7217 1
7218 1
7219 2
7220 1
7221 1
7222 1
7223 1
7224 1
7225 1
7226 1
7227 1
7228 2
7229 1
7230 1
7231 1
7232 1
7233 1
7234 2
7235 2
7236 1
7237 1
7238 2
7239 2
7240 2
7241 2
7242 1
7243 1
7244 1
7245 3
7246 1
7247 1
7248 1
7249 1
7250 2
7251 2
7252 2
7253 1
7254 1
7255 1
7256 1
7257 1
7258 1
7259 1
7260 1
7261 1
7262 2
7263 2
7264 1
7265 1
7266 1
7267 1
7268 1
7269 1
7270 1
7271 1
7272 1
7273 1
7274 1
7275 1
7276 1
7277 1
7278 1
7279 1
7280 2
7281 2
7282 1
7283 2
7284 1
7285 1
7286 1
7287 1
7288 1
7289 1
7290 1
7291 1
7292 1
7293 1
7294 1
7295 1
7296 3
7297 3
7298 1
7299 1
7300 2
7301 1
7302 1
7303 1
7304 1
7305 1
7306 1
7307 1
7308 2
7309 2
7310 1
7311 1
7312 1
7313 1
7314 3
7315 1
7316 1
7317 1
7318 2
7319 1
7320 3
7321 2
7322 2
7323 1
7324 1
7325 1
7326 1
7327 1
7328 2
7329 1
7330 2
7331 1
7332 1
7333 1
7334 1
7335 2
7336 1
7337 1
7338 2
7339 3
7340 1
7341 2
7342 1
7343 1
7344 1
7345 2
7346 1
7347 1
7348 1
7349 1
7350 2
7351 1
7352 1
7353 3
7354 1
7355 1
7356 1
7357 1
7358 1
7359 2
7360 1
7361 1
7362 1
7363 1
7364 1
7365 1
7366 1
7367 2
7368 1
7369 1
7370 3
7371 2
7372 1
7373 1
7374 1
7375 1
7376 2
7377 2
7378 1
7379 1
7380 1
7381 1
7382 1
7383 1
7384 1
7385 1
7386 3
7387 2
7388 3
7389 2
7390 1
7391 2
7392 1
7393 1
7394 1
7395 1
7396 1
7397 1
7398 1
7399 1
7400 1
7401 2
7402 1
7403 1
7404 1
7405 3
7406 1
7407 1
7408 2
7409 1
7410 1
7411 1
7412 2
7413 1
7414 1
7415 1
7416 1
7417 2
7418 2
7419 1
7420 1
7421 1
7422 2
7423 1
7424 1
7425 2
7426 3
7427 3
7428 1
7429 1
7430 2
7431 1
7432 2
7433 1
7434 3
7435 1
7436 1
7437 2
7438 2
7439 2
7440 2
7441 2
7442 1
7443 3
7444 1
7445 1
7446 3
7447 2
7448 1
7449 1
7450 1
7451 1
7452 2
7453 1
7454 1
7455 1
7456 1
7457 1
7458 1
7459 1
7460 1
7461 1
7462 1
7463 2
7464 1
7465 1
7466 1
7467 1
7468 1
7469 1
7470 1
7471 2
7472 2
7473 2
7474 2
7475 1
7476 2
7477 1
7478 1
7479 1
7480 1
7481 1
7482 1
7483 1
7484 1
7485 1
7486 2
7487 1
7488 1
7489 1
7490 2
7491 1
7492 1
7493 2
7494 1
7495 1
7496 2
7497 1
7498 1
7499 1
7500 2
7501 2
7502 2
7503 1
7504 1
7505 2
7506 1
7507 1
7508 1
7509 1
7510 1
7511 1
7512 2
7513 1
7514 1
7515 1
7516 4
7517 1
7518 2
7519 1
7520 1
7521 1
7522 2
7523 1
7524 1
7525 1
7526 2
7527 1
7528 1
7529 1
7530 1
7531 1
7532 1
7533 1
7534 1
7535 1
7536 1
7537 1
7538 2
7539 1
7540 2
7541 1
7542 1
7543 2
7544 2
7545 1
7546 1
7547 1
7548 1
7549 1
7550 1
7551 1
7552 1
7553 1
7554 1
7555 1
7556 2
7557 1
7558 2
7559 3
7560 1
7561 1
7562 1
7563 2
7564 2
7565 1
7566 1
7567 1
7568 2
7569 2
7570 1
7571 2
7572 1
7573 1
7574 1
7575 2
7576 1
7577 1
7578 1
7579 2
7580 1
7581 1
7582 1
7583 1
7584 1
7585 1
7586 1
7587 1
7588 2
7589 1
7590 1
7591 3
7592 2
7593 1
7594 2
7595 3
7596 2
7597 1
7598 2
7599 2
7600 1
7601 1
7602 2
7603 1
7604 1
7605 1
7606 1
7607 2
7608 1
7609 2
7610 2
7611 2
7612 1
7613 1
7614 1
7615 1
7616 1
7617 1
7618 1
7619 1
7620 1
7621 2
7622 1
7623 1
7624 1
7625 2
7626 2
7627 1
7628 1
7629 1
7630 2
7631 1
7632 2
7633 1
7634 1
7635 1
7636 1
7637 1
7638 1
7639 1
7640 1
7641 1
7642 2
7643 1
7644 1
7645 1
7646 2
7647 1
7648 2
7649 1
7650 1
7651 1
7652 2
7653 1
7654 1
7655 2
7656 2
7657 2
7658 1
7659 1
7660 1
7661 2
7662 1
7663 1
7664 1
7665 1
7666 1
7667 1
7668 2
7669 1
7670 1
7671 1
7672 1
7673 1
7674 1
7675 2
7676 1
7677 1
7678 1
7679 1
7680 1
7681 1
7682 1
7683 2
7684 1
7685 3
7686 1
7687 1
7688 1
7689 1
7690 1
7691 1
7692 1
7693 1
7694 1
7695 1
7696 1
7697 2
7698 1
7699 1
7700 1
7701 2
7702 2
7703 1
7704 2
7705 1
7706 2
7707 1
7708 1
7709 2
7710 1
7711 1
7712 1
7713 1
7714 1
7715 2
7716 1
7717 1
7718 2
7719 1
7720 1
7721 1
7722 1
7723 3
7724 1
7725 1
7726 1
7727 1
7728 2
7729 2
7730 1
7731 1
7732 1
7733 2
7734 2
7735 2
7736 1
7737 1
7738 2
7739 1
7740 1
7741 1
7742 1
7743 1
7744 1
7745 1
7746 3
7747 3
7748 3
7749 1
7750 1
7751 1
7752 3
7753 2
7754 1
7755 1
7756 2
7757 1
7758 1
7759 1
7760 1
7761 1
7762 1
7763 1
7764 2
7765 1
7766 1
7767 1
7768 2
7769 1
7770 1
7771 1
7772 2
7773 1
7774 1
7775 3
7776 1
7777 1
7778 1
7779 2
7780 1
7781 2
7782 1
7783 1
7784 1
7785 1
7786 1
7787 1
7788 1
7789 1
7790 1
7791 1
7792 1
7793 1
7794 1
7795 1
7796 2
7797 1
7798 1
7799 1
7800 1
7801 1
7802 2
7803 1
7804 1
7805 1
7806 2
7807 1
7808 2
7809 1
7810 1
7811 2
7812 1
7813 1
7814 1
7815 1
7816 1
7817 1
7818 2
7819 1
7820 2
7821 2
7822 1
7823 2
7824 1
7825 1
7826 1
7827 1
7828 2
7829 1
7830 2
7831 1
7832 1
7833 1
7834 1
7835 1
7836 1
7837 1
7838 1
7839 2
7840 1
7841 1
7842 1
7843 1
7844 2
7845 1
7846 1
7847 1
7848 1
7849 1
7850 1
7851 1
7852 1
7853 1
7854 2
7855 1
7856 2
7857 1
7858 1
7859 1
7860 2
7861 1
7862 1
7863 2
7864 1
7865 1
7866 1
7867 1
7868 3
7869 1
7870 2
7871 1
7872 2
7873 1
7874 1
7875 1
7876 1
7877 2
7878 1
7879 1
7880 3
7881 2
7882 1
7883 1
7884 1
7885 1
7886 1
7887 1
7888 1
7889 2
7890 2
7891 1
7892 2
7893 1
7894 1
7895 1
7896 2
7897 2
7898 1
7899 3
7900 1
7901 1
7902 1
7903 1
7904 1
7905 2
7906 1
7907 1
7908 1
7909 1
7910 1
7911 1
7912 1
7913 2
7914 2
7915 1
7916 2
7917 1
7918 1
7919 1
7920 2
7921 1
7922 1
7923 1
7924 1
7925 1
7926 1
7927 1
7928 2
7929 1
7930 2
7931 1
7932 1
7933 1
7934 1
7935 1
7936 2
7937 1
7938 1
7939 1
7940 1
7941 1
7942 1
7943 1
7944 1
7945 1
7946 2
7947 1
7948 1
7949 1
7950 1
7951 1
7952 2
7953 1
7954 1
7955 1
7956 1
7957 1
7958 2
7959 1
7960 1
7961 1
7962 1
7963 1
7964 2
7965 3
7966 2
7967 1
7968 1
7969 1
7970 2
7971 1
7972 1
7973 2
7974 1
7975 1
7976 1
7977 2
7978 1
7979 1
7980 1
7981 1
7982 1
7983 1
7984 1
7985 3
7986 1
7987 1
7988 1
7989 2
7990 1
7991 1
7992 2
7993 1
7994 1
7995 1
7996 1
7997 2
7998 1
7999 1
8000 1
8001 1
8002 1
8003 1
8004 1
8005 1
8006 1
8007 1
8008 2
8009 1
8010 1
8011 1
8012 1
8013 2
8014 1
8015 1
8016 1
8017 1
8018 1
8019 1
8020 1
8021 3
8022 1
8023 1
8024 1
8025 1
8026 1
8027 1
8028 1
8029 1
8030 1
8031 1
8032 1
8033 1
8034 1
8035 1
8036 1
8037 2
8038 2
8039 1
8040 1
8041 2
8042 2
8043 2
8044 1
8045 1
8046 1
8047 1
8048 1
8049 1
8050 2
8051 1
8052 1
8053 1
8054 4
8055 1
8056 1
8057 1
8058 1
8059 1
8060 1
8061 2
8062 1
8063 1
8064 1
8065 1
8066 1
8067 1
8068 1
8069 1
8070 1
8071 1
8072 1
8073 2
8074 1
8075 1
8076 1
8077 2
8078 2
8079 1
8080 2
8081 1
8082 1
8083 1
8084 1
8085 1
8086 1
8087 1
8088 2
8089 2
8090 1
8091 1
8092 1
8093 1
8094 1
8095 1
8096 1
8097 1
8098 1
8099 1
8100 1
8101 1
8102 2
8103 1
8104 1
8105 1
8106 1
8107 2
8108 1
8109 1
8110 1
8111 1
8112 1
8113 1
8114 1
8115 1
8116 1
8117 1
8118 1
8119 1
8120 1
8121 1
8122 1
8123 1
8124 1
8125 1
8126 1
8127 1
8128 1
8129 1
8130 1
8131 2
8132 2
8133 2
8134 1
8135 1
8136 1
8137 1
8138 2
8139 1
8140 2
8141 1
8142 1
8143 1
8144 1
8145 1
8146 1
8147 1
8148 1
8149 1
8150 2
8151 1
8152 1
8153 1
8154 1
8155 1
8156 1
8157 1
8158 2
8159 1
8160 1
8161 1
8162 2
8163 1
8164 1
8165 2
8166 1
8167 1
8168 1
8169 1
8170 1
8171 2
8172 1
8173 1
8174 2
8175 1
8176 1
8177 1
8178 1
8179 1
8180 1
8181 1
8182 1
8183 1
8184 2
8185 1
8186 2
8187 1
8188 1
8189 1
8190 1
8191 1
8192 1
8193 1
8194 1
8195 1
8196 1
8197 1
8198 2
8199 2
8200 1
8201 1
8202 1
8203 3
8204 1
8205 1
8206 1
8207 1
8208 3
8209 1
8210 1
8211 1
8212 1
8213 1
8214 2
8215 1
8216 2
8217 2
8218 1
8219 1
8220 1
8221 1
8222 1
8223 2
8224 1
8225 1
8226 1
8227 1
8228 1
8229 1
8230 1
8231 1
8232 3
8233 1
8234 1
8235 1
8236 1
8237 2
8238 1
8239 1
8240 1
8241 1
8242 1
8243 1
8244 1
8245 1
8246 2
8247 1
8248 1
8249 2
8250 1
8251 1
8252 1
8253 2
8254 1
8255 1
8256 1
8257 1
8258 1
8259 1
8260 1
8261 1
8262 1
8263 1
8264 1
8265 1
8266 1
8267 1
8268 1
8269 2
8270 1
8271 1
8272 2
8273 1
8274 1
8275 1
8276 1
8277 1
8278 2
8279 1
8280 2
8281 2
8282 1
8283 2
8284 1
8285 1
8286 1
8287 1
8288 1
8289 1
8290 1
8291 2
8292 1
8293 1
8294 1
8295 1
8296 1
8297 1
8298 1
8299 1
8300 1
8301 1
8302 1
8303 1
8304 1
8305 1
8306 1
8307 1
8308 1
8309 1
8310 1
8311 1
8312 1
8313 1
8314 1
8315 1
8316 1
8317 1
8318 1
8319 1
8320 1
8321 1
8322 1
8323 1
8324 1
8325 1
8326 1
8327 1
8328 1
8329 1
8330 1
8331 1
8332 2
8333 1
8334 1
8335 2
8336 1
8337 1
8338 1
8339 1
8340 1
8341 1
8342 1
8343 1
8344 1
8345 1
8346 1
8347 2
8348 1
8349 1
8350 1
8351 1
8352 1
8353 1
8354 1
8355 1
8356 1
8357 1
8358 1
8359 1
8360 1
8361 1
8362 1
8363 1
8364 1
8365 1
8366 1
8367 1
8368 1
8369 2
8370 1
8371 1
8372 1
8373 2
8374 1
8375 2
8376 1
8377 1
8378 1
8379 1
8380 1
8381 1
8382 2
8383 1
8384 1
8385 1
8386 1
8387 1
8388 1
8389 1
8390 1
8391 1
8392 1
8393 1
8394 2
8395 1
8396 1
8397 1
8398 2
8399 1
8400 1
8401 1
8402 2
8403 1
8404 1
8405 1
8406 1
8407 1
8408 1
8409 1
8410 1
8411 1
8412 1
8413 1
8414 1
8415 1
8416 1
8417 1
8418 1
8419 2
8420 1
8421 1
8422 1
8423 1
8424 1
8425 1
8426 1
8427 1
8428 2
8429 2
8430 1
8431 1
8432 1
8433 2
8434 2
8435 1
8436 1
8437 2
8438 1
8439 1
8440 1
8441 1
8442 1
8443 1
8444 1
8445 1
8446 1
8447 3
8448 1
8449 1
8450 1
8451 1
8452 2
8453 1
8454 3
8455 1
8456 1
8457 1
8458 2
8459 1
8460 1
8461 1
8462 2
8463 1
8464 1
8465 2
8466 1
8467 1
8468 1
8469 1
8470 1
8471 1
8472 2
8473 1
8474 1
8475 1
8476 1
8477 1
8478 1
8479 1
8480 2
8481 1
8482 1
8483 2
8484 1
8485 1
8486 1
8487 1
8488 1
8489 1
8490 1
8491 2
8492 2
8493 1
8494 2
8495 1
8496 1
8497 2
8498 2
8499 1
8500 1
8501 1
8502 1
8503 1
8504 1
8505 1
8506 1
8507 2
8508 1
8509 2
8510 1
8511 1
8512 1
8513 1
8514 1
8515 1
8516 1
8517 1
8518 1
8519 1
8520 1
8521 1
8522 1
8523 1
8524 1
8525 1
8526 2
8527 1
8528 1
8529 1
8530 2
8531 1
8532 1
8533 1
8534 1
8535 1
8536 1
8537 1
8538 1
8539 1
8540 1
8541 1
8542 1
8543 1
8544 1
8545 1
8546 1
8547 1
8548 1
8549 1
8550 1
8551 2
8552 1
8553 1
8554 1
8555 1
8556 1
8557 1
8558 1
8559 1
8560 1
8561 2
8562 1
8563 1
8564 1
8565 2
8566 1
8567 1
8568 1
8569 1
8570 1
8571 2
8572 1
8573 1
8574 1
8575 1
8576 2
8577 1
8578 1
8579 1
8580 2
8581 1
8582 2
8583 1
8584 1
8585 1
8586 1
8587 1
8588 2
8589 1
8590 2
8591 1
8592 1
8593 1
8594 1
8595 1
8596 1
8597 1
8598 2
8599 1
8600 1
8601 1
8602 1
8603 1
8604 1
8605 1
8606 1
8607 1
8608 1
8609 1
8610 1
8611 1
8612 1
8613 1
8614 1
8615 1
8616 1
8617 3
8618 1
8619 1
8620 2
8621 2
8622 2
8623 1
8624 1
8625 1
8626 1
8627 2
8628 1
8629 2
8630 1
8631 1
8632 1
8633 1
8634 1
8635 1
8636 1
8637 1
8638 1
8639 1
8640 1
8641 1
8642 1
8643 1
8644 1
8645 1
8646 1
8647 1
8648 1
8649 1
8650 1
8651 1
8652 2
8653 1
8654 1
8655 1
8656 1
8657 1
8658 1
8659 1
8660 1
8661 1
8662 1
8663 2
8664 2
8665 2
8666 1
8667 1
8668 1
8669 1
8670 1
8671 1
8672 1
8673 1
8674 1
8675 1
8676 1
8677 2
8678 1
8679 2
8680 2
8681 1
8682 1
8683 1
8684 1
8685 1
8686 1
8687 1
8688 1
8689 1
8690 1
8691 1
8692 1
8693 1
8694 2
8695 1
8696 1
8697 1
8698 1
8699 1
8700 1
8701 1
8702 1
8703 1
8704 1
8705 1
8706 1
8707 1
8708 2
8709 1
8710 1
8711 2
8712 1
8713 1
8714 1
8715 1
8716 1
8717 1
8718 1
8719 1
8720 1
8721 1
8722 1
8723 1
8724 1
8725 1
8726 1
8727 1
8728 1
8729 1
8730 1
8731 1
8732 2
8733 1
8734 1
8735 2
8736 1
8737 1
8738 1
8739 1
8740 1
8741 1
8742 1
8743 1
8744 1
8745 1
8746 2
8747 1
8748 1
8749 1
8750 1
8751 1
8752 1
8753 1
8754 1
8755 1
8756 1
8757 1
8758 1
8759 1
8760 1
8761 1
8762 1
8763 2
8764 1
8765 1
8766 1
8767 1
8768 1
8769 2
8770 1
8771 1
8772 1
8773 1
8774 2
8775 1
8776 2
8777 1
8778 1
8779 1
8780 1
8781 1
8782 1
8783 1
8784 1
8785 1
8786 1
8787 1
8788 1
8789 1
8790 1
8791 1
8792 1
8793 1
8794 1
8795 2
8796 1
8797 1
8798 2
8799 1
8800 1
8801 2
8802 2
8803 1
8804 2
8805 1
8806 1
8807 1
8808 1
8809 1
8810 1
8811 1
8812 1
8813 2
8814 1
8815 1
8816 1
8817 1
8818 1
8819 1
8820 1
8821 2
8822 1
8823 1
8824 1
8825 2
8826 1
8827 1
8828 1
8829 1
8830 2
8831 1
8832 1
8833 1
8834 1
8835 1
8836 1
8837 2
8838 1
8839 1
8840 2
8841 1
8842 1
8843 1
8844 1
8845 1
8846 2
8847 2
8848 1
8849 1
8850 1
8851 1
8852 1
8853 1
8854 1
8855 1
8856 1
8857 1
8858 1
8859 1
8860 1
8861 1
8862 1
8863 1
8864 1
8865 1
8866 1
8867 1
8868 1
8869 1
8870 1
8871 1
8872 1
8873 1
8874 1
8875 1
8876 1
8877 1
8878 2
8879 1
8880 1
8881 2
8882 1
8883 1
8884 1
8885 1
8886 1
8887 1
8888 1
8889 1
8890 1
8891 1
8892 1
8893 1
8894 1
8895 1
8896 3
8897 1
8898 1
8899 1
8900 1
8901 1
8902 1
8903 1
8904 1
8905 1
8906 2
8907 2
8908 1
8909 1
8910 2
8911 1
8912 2
8913 1
8914 2
8915 2
8916 2
8917 1
8918 1
8919 1
8920 1
8921 1
8922 1
8923 1
8924 1
8925 1
8926 1
8927 1
8928 1
8929 1
8930 1
8931 1
8932 1
8933 1
8934 1
8935 1
8936 1
8937 1
8938 1
8939 1
8940 1
8941 1
8942 1
8943 1
8944 1
8945 1
8946 1
8947 1
8948 1
8949 2
8950 1
8951 1
8952 1
8953 1
8954 1
8955 1
8956 1
8957 1
8958 1
8959 1
8960 1
8961 1
8962 1
8963 1
8964 1
8965 1
8966 1
8967 1
8968 1
8969 1
8970 1
8971 1
8972 1
8973 1
8974 1
8975 1
8976 1
8977 1
8978 1
8979 1
8980 1
8981 2
8982 1
8983 1
8984 2
8985 1
8986 1
8987 1
8988 1
8989 1
8990 1
8991 1
8992 1
8993 1
8994 1
8995 1
8996 1
8997 1
8998 1
8999 1
9000 1
9001 1
9002 2
9003 1
9004 1
9005 1
9006 1
9007 1
9008 1
9009 1
9010 1
9011 1
9012 1
9013 1
9014 1
9015 1
9016 1
9017 1
9018 1
9019 1
9020 1
9021 1
9022 1
9023 1
9024 1
9025 1
9026 1
9027 1
9028 1
9029 1
9030 1
9031 1
9032 1
9033 2
9034 1
9035 1
9036 1
9037 1
9038 2
9039 1
9040 1
9041 1
9042 1
9043 1
9044 1
9045 1
9046 1
9047 1
9048 1
9049 2
9050 1
9051 1
9052 1
9053 1
9054 2
9055 1
9056 1
9057 1
9058 1
9059 1
9060 1
9061 1
9062 1
9063 1
9064 1
9065 1
9066 1
9067 1
9068 1
9069 1
9070 1
9071 1
9072 1
9073 1
9074 1
9075 1
9076 1
9077 1
9078 1
9079 1
9080 1
9081 1
9082 1
9083 1
9084 1
9085 1
9086 1
9087 1
9088 1
9089 1
9090 1
9091 1
9092 1
9093 2
9094 1
9095 1
9096 1
9097 1
9098 1
9099 1
9100 1
9101 1
9102 1
9103 1
9104 1
9105 1
9106 1
9107 1
9108 1
9109 1
9110 1
9111 2
9112 1
9113 1
9114 1
9115 1
9116 1
9117 1
9118 1
9119 1
9120 1
9121 1
9122 1
9123 1
9124 1
9125 1
9126 1
9127 1
9128 1
9129 1
9130 1
9131 1
9132 1
9133 1
9134 1
9135 1
9136 1
9137 2
9138 1
9139 2
9140 1
9141 1
9142 1
9143 1
9144 1
9145 1
9146 1
9147 1
9148 1
9149 2
9150 1
9151 2
9152 1
9153 1
9154 2
9155 1
9156 1
9157 1
9158 1
9159 2
9160 1
9161 1
9162 1
9163 1
9164 1
9165 1
9166 1
9167 1
9168 1
9169 1
9170 1
9171 2
9172 1
9173 1
9174 1
9175 1
9176 3
9177 1
9178 1
9179 1
9180 2
9181 1
9182 1
9183 1
9184 1
9185 1
9186 1
9187 1
9188 1
9189 1
9190 1
9191 1
9192 1
9193 1
9194 1
9195 1
9196 1
9197 1
9198 1
9199 1
9200 1
9201 2
9202 1
9203 1
9204 1
9205 1
9206 1
9207 1
9208 1
9209 1
9210 1
9211 1
9212 1
9213 1
9214 1
9215 1
9216 1
9217 1
9218 1
9219 2
9220 2
9221 1
9222 1
9223 1
9224 1
9225 1
9226 1
9227 1
9228 1
9229 3
9230 1
9231 1
9232 1
9233 1
9234 1
9235 1
9236 1
9237 1
9238 1
9239 1
9240 1
9241 1
9242 1
9243 1
9244 1
9245 1
9246 1
9247 1
9248 1
9249 2
9250 1
9251 1
9252 1
9253 2
9254 1
9255 1
9256 1
9257 1
9258 1
9259 1
9260 1
9261 1
9262 1
9263 1
9264 1
9265 1
9266 1
9267 1
9268 1
9269 1
9270 1
9271 1
9272 1
9273 1
9274 1
9275 1
9276 2
9277 1
9278 1
9279 1
9280 1
9281 1
9282 1
9283 1
9284 1
9285 1
9286 1
9287 1
9288 3
9289 1
9290 1
9291 1
9292 1
9293 1
9294 1
9295 1
9296 1
9297 1
9298 1
9299 1
9300 1
9301 1
9302 1
9303 1
9304 1
9305 1
9306 1
9307 1
9308 2
9309 1
9310 1
9311 1
9312 1
9313 1
9314 1
9315 1
9316 1
9317 1
9318 1
9319 1
9320 1
9321 2
9322 1
9323 1
9324 1
9325 1
9326 1
9327 1
9328 1
9329 1
9330 1
9331 1
9332 1
9333 1
9334 1
9335 1
9336 1
9337 1
9338 1
9339 1
9340 1
9341 1
9342 1
9343 1
9344 1
9345 1
9346 1
9347 1
9348 1
9349 1
9350 1
9351 1
9352 1
9353 1
9354 1
9355 1
9356 1
9357 1
9358 1
9359 1
9360 1
9361 1
9362 1
9363 1
9364 1
9365 1
9366 1
9367 1
9368 1
9369 1
9370 2
9371 1
9372 1
9373 1
9374 1
9375 1
9376 1
9377 1
9378 1
9379 1
9380 1
9381 1
9382 1
9383 1
9384 1
9385 1
9386 1
9387 1
9388 1
9389 1
9390 1
9391 1
9392 1
9393 1
9394 1
9395 1
9396 1
9397 1
9398 1
9399 1
9400 2
9401 2
9402 1
9403 1
9404 1
9405 1
9406 1
9407 1
9408 1
9409 1
9410 1
9411 1
9412 1
9413 1
9414 1
9415 1
9416 1
9417 1
9418 1
9419 1
9420 1
9421 1
9422 1
9423 1
9424 2
9425 1
9426 1
9427 1
9428 1
9429 1
9430 1
9431 1
9432 1
9433 1
9434 1
9435 1
9436 1
9437 1
9438 1
9439 1
9440 1
9441 1
9442 1
9443 1
9444 1
9445 1
9446 1
9447 1
9448 1
9449 2
9450 1
9451 1
9452 2
9453 1
9454 1
9455 1
9456 1
9457 1
9458 1
9459 1
9460 1
9461 1
9462 1
9463 1
9464 1
9465 1
9466 1
9467 1
9468 1
9469 1
9470 1
9471 1
9472 1
9473 1
9474 1
9475 1
9476 1
9477 1
9478 2
9479 1
9480 1
9481 1
9482 1
9483 1
9484 1
9485 1
9486 1
9487 1
9488 1
9489 1
9490 1
9491 1
9492 1
9493 1
9494 1
9495 1
9496 1
9497 1
9498 1
9499 1
9500 1
9501 1
9502 1
9503 1
9504 1
9505 2
9506 1
9507 1
9508 1
9509 1
9510 1
9511 1
9512 1
9513 1
9514 1
9515 1
9516 1
9517 1
9518 1
9519 1
9520 2
9521 1
9522 1
9523 1
9524 1
9525 1
9526 1
9527 1
9528 1
9529 1
9530 1
9531 1
9532 1
9533 1
9534 1
9535 1
9536 1
9537 1
9538 1
9539 2
9540 2
9541 1
9542 1
9543 1
9544 1
9545 1
9546 1
9547 1
9548 1
9549 1
9550 1
9551 1
9552 1
9553 1
9554 1
9555 1
9556 1
9557 1
9558 1
9559 1
9560 1
9561 1
9562 1
9563 1
9564 1
9565 1
9566 1
9567 1
9568 1
9569 1
9570 1
9571 1
9572 1
9573 1
9574 1
9575 1
9576 1
9577 1
9578 1
9579 1
9580 1
9581 1
9582 1
9583 1
9584 1
9585 1
9586 1
9587 1
9588 1
9589 1
9590 1
9591 1
9592 1
9593 1
9594 1
9595 1
9596 1
9597 1
9598 1
9599 1
9600 1
9601 1
9602 1
9603 1
9604 1
9605 1
9606 1
9607 1
9608 2
9609 1
9610 1
9611 1
9612 1
9613 1
9614 1
9615 1
9616 1
9617 1
9618 1
9619 1
9620 1
9621 1
9622 1
9623 1
9624 1
9625 1
9626 2
9627 1
9628 1
9629 1
9630 1
9631 1
9632 1
9633 1
9634 1
9635 1
9636 1
9637 1
9638 2
9639 1
9640 1
9641 1
9642 1
9643 1
9644 1
9645 2
9646 1
9647 1
9648 1
9649 1
9650 1
9651 1
9652 1
9653 1
9654 1
9655 1
9656 1
9657 1
9658 1
9659 1
9660 1
9661 1
9662 1
9663 2
9664 1
9665 1
9666 1
9667 1
9668 1
9669 1
9670 1
9671 1
9672 1
9673 1
9674 1
9675 1
9676 1
9677 1
9678 1
9679 1
9680 2
9681 1
9682 1
9683 1
9684 1
9685 1
9686 1
9687 1
9688 1
9689 2
9690 1
9691 1
9692 1
9693 1
9694 1
9695 1
9696 1
9697 1
9698 1
9699 1
9700 1
9701 1
9702 1
9703 1
9704 1
9705 1
9706 1
9707 1
9708 2
9709 1
9710 1
9711 1
9712 1
9713 1
9714 1
9715 1
9716 1
9717 1
9718 1
9719 1
9720 1
9721 1
9722 1
9723 1
9724 1
9725 1
9726 1
9727 1
9728 1
9729 1
9730 1
9731 1
9732 1
9733 1
9734 1
9735 1
9736 1
9737 2
9738 1
9739 1
9740 1
9741 1
9742 1
9743 1
9744 1
9745 1
9746 1
9747 1
9748 1
9749 1
9750 1
9751 1
9752 1
9753 1
9754 1
9755 1
9756 1
9757 2
9758 1
9759 1
9760 1
9761 1
9762 1
9763 1
9764 1
9765 1
9766 1
9767 1
9768 1
9769 1
9770 1
9771 1
9772 1
9773 1
9774 1
9775 1
9776 1
9777 1
9778 1
9779 1
9780 1
9781 1
9782 1
9783 1
9784 1
9785 1
9786 1
9787 2
9788 1
9789 1
9790 1
9791 1
9792 1
9793 1
9794 1
9795 1
9796 1
9797 1
9798 1
9799 1
9800 1
9801 1
9802 1
9803 1
9804 1
9805 1
9806 1
9807 1
9808 1
9809 1
9810 1
9811 1
9812 1
9813 1
9814 1
9815 1
9816 1
9817 1
9818 1
9819 1
9820 1
9821 1
9822 1
9823 1
9824 1
9825 1
9826 1
9827 1
9828 1
9829 1
9830 1
9831 1
9832 1
9833 1
9834 1
9835 1
9836 1
9837 1
9838 1
9839 1
9840 1
9841 1
9842 1
9843 1
9844 1
9845 1
9846 1
9847 1
9848 1
9849 1
9850 1
9851 1
9852 1
9853 1
9854 1
9855 1
9856 1
9857 1
9858 1
9859 1
9860 1
9861 1
9862 1
9863 1
9864 1
9865 1
9866 1
9867 1
9868 1
9869 1
9870 1
9871 1
9872 1
9873 1
9874 1
9875 1
9876 1
9877 1
9878 1
9879 1
9880 1
9881 1
9882 1
9883 1
9884 1
9885 1
9886 1
9887 1
9888 1
9889 1
9890 1
9891 1
9892 1
9893 1
9894 1
9895 1
9896 1
9897 1
9898 1
9899 1
9900 1
9901 1
9902 1
9903 1
9904 1
9905 1
9906 1
9907 1
9908 1
9909 1
9910 1
9911 1
9912 1
9913 1
9914 1
9915 1
9916 1
9917 1
9918 1
9919 1
9920 1
9921 1
9922 1
9923 1
9924 1
9925 1
9926 1
9927 1
9928 1
9929 1
9930 1
9931 1
9932 1
9933 1
9934 1
9935 1
9936 1
9937 1
9938 1
9939 1
9940 1
9941 1
9942 1
9943 1
9944 1
9945 1
9946 1
9947 1
9948 1
9949 1
9950 1
9951 1
9952 1
9953 1
9954 1
9955 1
9956 1
9957 1
9958 1
9959 1
9960 1
9961 1
9962 1
9963 1
9964 1
9965 1
9966 1
9967 1
9968 2
9969 1
9970 1
9971 1
9972 1
9973 1
9974 1
9975 1
9976 1
9977 1
9978 1
9979 1
9980 1
9981 1
9982 1
9983 1
9984 1
9985 1
9986 1
9987 1
9988 1
9989 1
9990 1
9991 1
9992 1
9993 1
9994 1
9995 1
9996 1
9997 1
9998 1
9999 1
10000 1
