0 14
1 13
2 10
3 8
4 5
5 7
6 6
7 16
8 7
9 12
10 10
11 4
12 7
13 6
14 8
15 7
16 5
17 4
18 7
19 4
20 5
21 10
22 9
23 9
24 11
25 10
26 10
27 7
28 6
29 5
30 9
31 11
32 8
33 8
34 7
35 6
36 5
37 7
38 10
39 7
40 3
41 5
42 7
43 11
44 4
45 6
46 8
47 4
48 6
49 3
50 4
51 7
52 7
53 9
54 6
55 8
56 4
57 4
58 2
59 8
60 5
61 7
62 6
63 5
64 12
65 3
66 5
67 5
68 9
69 4
70 4
71 7
72 3
73 5
74 9
75 5
76 6
77 9
78 9
79 4
80 5
81 3
82 5
83 7
84 6
85 3
86 6
87 8
88 3
89 7
90 2
91 4
92 6
93 3
94 7
95 6
96 11
97 7
98 4
99 4
100 5
101 4
102 3
103 8
104 3
105 6
106 5
107 3
108 2
109 4
110 6
111 3
112 10
113 6
114 8
115 3
116 7
117 5
118 7
119 1
120 4
121 7
122 8
123 3
124 5
125 5
126 2
127 8
128 4
129 5
130 6
131 8
132 7
133 7
134 3
135 5
136 7
137 6
138 5
139 6
140 7
141 7
142 6
143 6
144 6
145 8
146 5
147 5
148 4
149 5
150 8
151 6
152 5
153 4
154 5
155 5
156 10
157 6
158 11
159 4
160 10
161 2
162 6
163 7
164 8
165 4
166 9
167 7
168 7
169 5
170 4
171 4
172 4
173 6
174 9
175 5
176 6
177 3
178 5
179 6
180 4
181 2
182 4
183 6
184 9
185 3
186 3
187 6
188 6
189 5
190 2
191 6
192 3
193 3
194 4
195 4
196 3
197 2
198 6
199 4
200 2
201 3
202 4
203 3
204 5
205 6
206 5
207 7
208 3
209 5
210 6
211 4
212 7
213 6
214 7
215 5
216 3
217 5
218 3
219 4
220 4
221 3
222 2
223 6
224 4
225 4
226 7
227 4
228 4
229 6
230 8
231 4
232 4
233 3
234 3
235 5
236 3
237 6
238 9
239 5
240 5
241 3
242 4
243 5
244 5
245 7
246 4
247 5
248 1
249 5
250 3
251 7
252 4
253 4
254 5
255 1
256 5
257 5
258 5
259 4
260 5
261 8
262 4
263 3
264 3
265 6
266 6
267 5
268 2
269 4
270 5
271 5
272 6
273 3
274 3
275 4
276 4
277 7
278 4
279 5
280 2
281 6
282 4
283 6
284 7
285 4
286 2
287 3
288 2
289 5
290 3
291 4
292 3
293 5
294 4
295 8
296 5
297 5
298 4
299 2
300 6
301 1
302 8
303 3
304 4
305 5
306 3
307 5
308 6
309 4
310 2
311 2
312 4
313 2
314 2
315 4
316 4
317 5
318 6
319 6
320 6
321 1
322 6
323 6
324 2
325 2
326 5
327 6
328 5
329 3
330 3
331 2
332 6
333 5
334 8
335 2
336 4
337 5
338 3
339 5
340 5
341 5
342 2
343 4
344 6
345 4
346 5
347 7
348 1
349 5
350 5
351 3
352 7
353 9
354 3
355 5
356 5
357 4
358 5
359 4
360 7
361 6
362 3
363 4
364 3
365 4
366 4
367 4
368 1
369 3
370 4
371 5
372 2
373 7
374 6
375 4
376 4
377 6
378 8
379 4
380 9
381 5
382 2
383 4
384 6
385 3
386 3
387 7
388 5
389 4
390 5
391 3
392 6
393 4
394 4
395 6
396 4
397 2
398 3
399 7
400 3
401 3
402 8
403 5
404 5
405 4
406 4
407 4
408 2
409 6
410 2
411 3
412 5
413 4
414 4
415 4
416 7
417 6
418 4
419 3
420 3
421 3
422 3
423 3
424 3
425 6
426 3
427 6
428 1
429 3
430 4
431 1
432 3
433 4
434 7
435 4
436 6
437 5
438 1
439 2
440 3
441 6
442 2
443 3
444 3
445 5
446 6
447 2
448 5
449 5
450 3
451 4
452 6
453 2
454 4
455 7
456 6
457 2
458 3
459 3
460 3
461 4
462 4
463 3
464 2
465 5
466 5
467 6
468 4
469 5
470 4
471 4
472 7
473 3
474 9
475 3
476 4
477 4
478 3
479 3
480 3
481 2
482 6
483 6
484 2
485 3
486 3
487 2
488 5
489 6
490 2
491 4
492 6
493 4
494 5
495 3
496 3
497 5
498 5
499 5
500 6
501 4
502 5
503 2
504 7
505 3
506 7
507 3
508 5
509 5
510 5
511 4
512 6
513 4
514 4
515 4
516 2
517 3
518 3
519 4
520 5
521 3
522 4
523 6
524 3
525 2
526 5
527 2
528 4
529 5
530 4
531 2
532 4
533 5
534 2
535 3
536 4
537 4
538 4
539 4
540 2
541 5
542 5
543 7
544 2
545 3
546 4
547 4
548 4
549 4
550 4
551 2
552 2
553 2
554 4
555 2
556 2
557 4
558 4
559 2
560 4
561 1
562 1
563 2
564 4
565 7
566 2
567 7
568 4
569 3
570 9
571 4
572 3
573 1
574 2
575 3
576 5
577 4
578 8
579 3
580 6
581 4
582 2
583 4
584 5
585 6
586 3
587 1
588 2
589 1
590 7
591 3
592 2
593 4
594 5
595 3
596 3
597 3
598 4
599 2
600 1
601 4
602 2
603 7
604 5
605 1
606 5
607 3
608 1
609 4
610 3
611 6
612 2
613 2
614 4
615 7
616 2
617 2
618 3
619 3
620 5
621 3
622 5
623 1
624 2
625 3
626 7
627 2
628 4
629 4
630 3
631 6
632 3
633 6
634 4
635 6
636 2
637 5
638 3
639 3
640 5
641 5
642 1
643 2
644 1
645 3
646 5
647 6
648 3
649 3
650 3
651 3
652 3
653 4
654 2
655 6
656 5
657 5
658 5
659 2
660 4
661 5
662 2
663 5
664 3
665 4
666 4
667 5
668 3
669 2
670 4
671 5
672 5
673 6
674 2
675 2
676 5
677 6
678 3
679 6
680 6
681 4
682 6
683 4
684 4
685 1
686 4
687 1
688 4
689 2
690 6
691 3
692 4
693 3
694 3
695 2
696 3
697 3
698 6
699 6
700 3
701 3
702 2
703 2
704 5
705 2
706 2
707 5
708 4
709 6
710 5
711 2
712 3
713 3
714 2
715 5
716 4
717 3
718 3
719 4
720 7
721 3
722 3
723 5
724 1
725 3
726 3
727 6
728 1
729 4
730 2
731 5
732 3
733 3
734 3
735 4
736 3
737 7
738 2
739 5
740 4
741 3
742 4
743 3
744 3
745 3
746 7
747 5
748 2
749 2
750 5
751 4
752 2
753 4
754 6
755 4
756 2
757 2
758 2
759 5
760 3
761 1
762 6
763 1
764 5
765 5
766 4
767 2
768 4
769 6
770 3
771 2
772 4
773 5
774 6
775 3
776 3
777 4
778 2
779 3
780 4
781 3
782 5
783 2
784 1
785 4
786 6
787 5
788 5
789 4
790 3
791 2
792 3
793 3
794 5
795 3
796 2
797 4
798 3
799 4
800 3
801 3
802 5
803 2
804 1
805 4
806 3
807 2
808 4
809 3
810 4
811 4
812 4
813 2
814 5
815 6
816 2
817 2
818 3
819 5
820 2
821 3
822 4
823 3
824 5
825 3
826 5
827 4
828 4
829 2
830 2
831 7
832 4
833 7
834 2
835 5
836 2
837 3
838 2
839 5
840 1
841 3
842 5
843 4
844 7
845 5
846 3
847 6
848 2
849 4
850 3
851 3
852 6
853 4
854 1
855 3
856 6
857 2
858 1
859 3
860 3
861 6
862 2
863 2
864 3
865 7
866 3
867 3
868 2
869 4
870 2
871 2
872 3
873 5
874 3
875 6
876 2
877 5
878 5
879 5
880 4
881 1
882 2
883 8
884 3
885 4
886 4
887 3
888 3
889 3
890 5
891 2
892 6
893 2
894 4
895 1
896 5
897 1
898 2
899 1
900 2
901 3
902 2
903 4
904 5
905 3
906 1
907 3
908 4
909 4
910 5
911 2
912 7
913 1
914 4
915 7
916 2
917 2
918 3
919 5
920 2
921 1
922 3
923 3
924 4
925 3
926 4
927 2
928 4
929 1
930 6
931 3
932 1
933 3
934 3
935 5
936 4
937 2
938 3
939 2
940 5
941 2
942 5
943 1
944 4
945 3
946 2
947 4
948 5
949 4
950 5
951 2
952 5
953 3
954 4
955 3
956 3
957 1
958 1
959 1
960 6
961 3
962 4
963 5
964 5
965 2
966 6
967 3
968 1
969 4
970 3
971 5
972 4
973 3
974 3
975 3
976 3
977 3
978 3
979 4
980 5
981 6
982 4
983 4
984 2
985 3
986 3
987 2
988 2
989 6
990 3
991 6
992 4
993 2
994 1
995 3
996 2
997 4
998 2
999 5
1000 4
1001 3
1002 4
1003 5
1004 2
1005 2
1006 4
1007 5
1008 4
1009 3
1010 3
1011 1
1012 3
1013 4
1014 6
1015 5
1016 3
1017 5
1018 3
1019 4
1020 4
1021 4
1022 4
1023 2
1024 3
1025 2
1026 2
1027 3
1028 2
1029 2
1030 3
1031 3
1032 3
1033 1
1034 2
1035 3
1036 5
1037 3
1038 1
1039 5
1040 4
1041 1
1042 2
1043 5
1044 4
1045 4
1046 3
1047 3
1048 6
1049 3
1050 3
1051 3
1052 4
1053 9
1054 3
1055 3
1056 3
1057 5
1058 3
1059 4
1060 1
1061 3
1062 4
1063 3
1064 1
1065 4
1066 5
1067 2
1068 5
1069 5
1070 1
1071 2
1072 4
1073 1
1074 2
1075 4
1076 4
1077 2
1078 2
1079 3
1080 2
1081 5
1082 3
1083 5
1084 4
1085 2
1086 4
1087 4
1088 1
1089 4
1090 3
1091 5
1092 3
1093 6
1094 2
1095 3
1096 2
1097 6
1098 2
1099 2
1100 4
1101 4
1102 6
1103 2
1104 2
1105 3
1106 4
1107 4
1108 5
1109 6
1110 6
1111 4
1112 5
1113 2
1114 2
1115 5
1116 3
1117 1
1118 5
1119 2
1120 2
1121 3
1122 2
1123 2
1124 2
1125 2
1126 1
1127 5
1128 4
1129 4
1130 3
1131 1
1132 1
1133 6
1134 5
1135 3
1136 3
1137 3
1138 3
1139 2
1140 1
1141 1
1142 5
1143 5
1144 2
1145 2
1146 4
1147 1
1148 3
1149 2
1150 3
1151 2
1152 5
1153 3
1154 3
1155 2
1156 1
1157 7
1158 3
1159 1
1160 1
1161 3
1162 2
1163 1
1164 2
1165 1
1166 8
1167 4
1168 4
1169 1
1170 3
1171 4
1172 4
1173 2
1174 2
1175 4
1176 4
1177 1
1178 2
1179 2
1180 4
1181 5
1182 4
1183 3
1184 4
1185 3
1186 2
1187 3
1188 3
1189 3
1190 3
1191 2
1192 5
1193 3
1194 3
1195 4
1196 3
1197 2
1198 3
1199 4
1200 5
1201 2
1202 4
1203 4
1204 4
1205 4
1206 2
1207 4
1208 3
1209 4
1210 5
1211 6
1212 6
1213 4
1214 1
1215 6
1216 1
1217 1
1218 4
1219 4
1220 3
1221 2
1222 3
1223 4
1224 3
1225 1
1226 3
1227 1
1228 2
1229 5
1230 5
1231 3
1232 3
1233 3
1234 3
1235 2
1236 2
1237 2
1238 3
1239 2
1240 4
1241 5
1242 1
1243 2
1244 6
1245 5
1246 2
1247 2
1248 2
1249 6
1250 3
1251 3
1252 3
1253 1
1254 4
1255 4
1256 1
1257 4
1258 1
1259 2
1260 2
1261 4
1262 5
1263 4
1264 1
1265 6
1266 2
1267 5
1268 6
1269 4
1270 5
1271 1
1272 4
1273 2
1274 8
1275 4
1276 3
1277 2
1278 5
1279 5
1280 3
1281 3
1282 2
1283 5
1284 4
1285 6
1286 7
1287 4
1288 2
1289 3
1290 6
1291 2
1292 2
1293 3
1294 2
1295 2
1296 1
1297 1
1298 3
1299 1
1300 2
1301 3
1302 1
1303 3
1304 1
1305 2
1306 4
1307 2
1308 3
1309 4
1310 3
1311 2
1312 4
1313 4
1314 3
1315 1
1316 3
1317 5
1318 3
1319 5
1320 6
1321 1
1322 4
1323 3
1324 6
1325 3
1326 2
1327 5
1328 1
1329 4
1330 2
1331 3
1332 3
1333 2
1334 3
1335 3
1336 3
1337 4
1338 2
1339 3
1340 4
1341 2
1342 2
1343 6
1344 3
1345 2
1346 2
1347 6
1348 3
1349 6
1350 2
1351 2
1352 2
1353 3
1354 3
1355 4
1356 1
1357 4
1358 3
1359 3
1360 4
1361 4
1362 3
1363 4
1364 3
1365 4
1366 3
1367 4
1368 2
1369 4
1370 4
1371 3
1372 1
1373 2
1374 3
1375 4
1376 4
1377 2
1378 8
1379 3
1380 1
1381 3
1382 5
1383 2
1384 3
1385 2
1386 2
1387 2
1388 4
1389 2
1390 1
1391 2
1392 1
1393 3
1394 3
1395 2
1396 2
1397 5
1398 2
1399 3
1400 3
1401 5
1402 5
1403 3
1404 1
1405 4
1406 2
1407 3
1408 5
1409 2
1410 1
1411 3
1412 4
1413 2
1414 3
1415 4
1416 1
1417 2
1418 6
1419 3
1420 1
1421 2
1422 3
1423 2
1424 1
1425 2
1426 4
1427 2
1428 2
1429 2
1430 2
1431 6
1432 1
1433 1
1434 4
1435 2
1436 2
1437 1
1438 4
1439 5
1440 3
1441 3
1442 6
1443 3
1444 3
1445 3
1446 7
1447 1
1448 3
1449 5
1450 4
1451 4
1452 5
1453 2
1454 2
1455 3
1456 2
1457 2
1458 3
1459 3
1460 5
1461 7
1462 2
1463 1
1464 5
1465 3
1466 4
1467 3
1468 4
1469 5
1470 3
1471 5
1472 3
1473 4
1474 1
1475 1
1476 5
1477 1
1478 3
1479 4
1480 3
1481 6
1482 5
1483 4
1484 4
1485 2
1486 7
1487 6
1488 1
1489 5
1490 7
1491 3
1492 2
1493 5
1494 3
1495 2
1496 4
1497 5
1498 4
1499 2
1500 4
1501 1
1502 3
1503 3
1504 1
1505 2
1506 2
1507 2
1508 1
1509 8
1510 1
1511 3
1512 2
1513 1
1514 3
1515 2
1516 4
1517 3
1518 2
1519 1
1520 1
1521 4
1522 1
1523 3
1524 2
1525 3
1526 3
1527 4
1528 4
1529 5
1530 4
1531 4
1532 3
1533 1
1534 3
1535 2
1536 2
1537 1
1538 3
1539 3
1540 1
1541 2
1542 3
1543 3
1544 2
1545 1
1546 1
1547 3
1548 2
1549 2
1550 2
1551 6
1552 3
1553 2
1554 2
1555 3
1556 3
1557 3
1558 4
1559 4
1560 3
1561 4
1562 2
1563 3
1564 2
1565 3
1566 2
1567 1
1568 3
1569 3
1570 3
1571 2
1572 3
1573 2
1574 2
1575 4
1576 1
1577 2
1578 1
1579 3
1580 1
1581 5
1582 4
1583 1
1584 2
1585 3
1586 3
1587 1
1588 4
1589 3
1590 2
1591 2
1592 5
1593 3
1594 2
1595 2
1596 2
1597 6
1598 2
1599 5
1600 3
1601 3
1602 4
1603 2
1604 3
1605 5
1606 6
1607 5
1608 1
1609 5
1610 3
1611 8
1612 1
1613 2
1614 4
1615 1
1616 1
1617 6
1618 2
1619 2
1620 1
1621 2
1622 2
1623 4
1624 2
1625 4
1626 2
1627 4
1628 2
1629 1
1630 2
1631 4
1632 4
1633 1
1634 2
1635 3
1636 4
1637 1
1638 2
1639 2
1640 5
1641 4
1642 3
1643 3
1644 4
1645 6
1646 2
1647 4
1648 5
1649 2
1650 2
1651 4
1652 1
1653 2
1654 3
1655 2
1656 2
1657 2
1658 4
1659 4
1660 3
1661 2
1662 2
1663 5
1664 3
1665 3
1666 5
1667 7
1668 3
1669 3
1670 5
1671 7
1672 2
1673 5
1674 4
1675 4
1676 2
1677 5
1678 2
1679 4
1680 5
1681 3
1682 3
1683 3
1684 1
1685 1
1686 2
1687 1
1688 4
1689 1
1690 3
1691 2
1692 4
1693 1
1694 3
1695 9
1696 4
1697 2
1698 2
1699 3
1700 6
1701 4
1702 5
1703 1
1704 3
1705 3
1706 5
1707 2
1708 6
1709 5
1710 1
1711 2
1712 3
1713 4
1714 2
1715 1
1716 3
1717 3
1718 1
1719 4
1720 1
1721 2
1722 4
1723 1
1724 3
1725 6
1726 3
1727 2
1728 3
1729 1
1730 4
1731 1
1732 2
1733 2
1734 3
1735 2
1736 2
1737 2
1738 4
1739 2
1740 2
1741 1
1742 4
1743 2
1744 4
1745 2
1746 3
1747 4
1748 2
1749 1
1750 2
1751 4
1752 2
1753 1
1754 5
1755 1
1756 2
1757 3
1758 2
1759 1
1760 7
1761 3
1762 2
1763 2
1764 2
1765 6
1766 2
1767 4
1768 2
1769 2
1770 4
1771 2
1772 2
1773 2
1774 3
1775 3
1776 3
1777 1
1778 4
1779 2
1780 6
1781 3
1782 3
1783 2
1784 2
1785 3
1786 2
1787 3
1788 2
1789 3
1790 1
1791 2
1792 2
1793 2
1794 2
1795 3
1796 4
1797 2
1798 2
1799 4
1800 2
1801 5
1802 3
1803 3
1804 3
1805 4
1806 2
1807 3
1808 3
1809 1
1810 3
1811 3
1812 1
1813 6
1814 1
1815 3
1816 4
1817 5
1818 2
1819 4
1820 2
1821 4
1822 1
1823 2
1824 3
1825 2
1826 4
1827 2
1828 1
1829 5
1830 1
1831 2
1832 3
1833 3
1834 2
1835 2
1836 2
1837 2
1838 5
1839 4
1840 1
1841 1
1842 2
1843 3
1844 3
1845 4
1846 3
1847 1
1848 2
1849 3
1850 3
1851 1
1852 2
1853 3
1854 2
1855 4
1856 2
1857 1
1858 4
1859 1
1860 5
1861 5
1862 5
1863 2
1864 4
1865 2
1866 3
1867 6
1868 2
1869 3
1870 3
1871 5
1872 5
1873 2
1874 7
1875 2
1876 2
1877 3
1878 2
1879 2
1880 3
1881 2
1882 1
1883 3
1884 2
1885 1
1886 3
1887 3
1888 2
1889 3
1890 1
1891 2
1892 1
1893 1
1894 3
1895 3
1896 2
1897 1
1898 2
1899 2
1900 2
1901 2
1902 2
1903 2
1904 3
1905 4
1906 3
1907 2
1908 3
1909 2
1910 1
1911 2
1912 1
1913 2
1914 3
1915 1
1916 1
1917 5
1918 3
1919 3
1920 6
1921 2
1922 3
1923 2
1924 1
1925 1
1926 3
1927 2
1928 4
1929 2
1930 2
1931 6
1932 2
1933 1
1934 3
1935 2
1936 1
1937 1
1938 3
1939 2
1940 1
1941 1
1942 4
1943 5
1944 3
1945 4
1946 2
1947 1
1948 3
1949 3
1950 3
1951 3
1952 3
1953 1
1954 2
1955 2
1956 2
1957 3
1958 1
1959 2
1960 2
1961 1
1962 3
1963 1
1964 4
1965 5
1966 2
1967 1
1968 3
1969 2
1970 3
1971 2
1972 3
1973 3
1974 2
1975 2
1976 2
1977 3
1978 3
1979 2
1980 3
1981 2
1982 4
1983 2
1984 1
1985 6
1986 2
1987 1
1988 1
1989 1
1990 1
1991 3
1992 5
1993 1
1994 4
1995 1
1996 3
1997 2
1998 3
1999 4
2000 2
2001 3
2002 3
2003 1
2004 5
2005 3
2006 4
2007 2
2008 4
2009 5
2010 1
2011 2
2012 2
2013 4
2014 3
2015 2
2016 3
2017 3
2018 1
2019 1
2020 3
2021 1
2022 4
2023 2
2024 2
2025 1
2026 7
2027 1
2028 2
2029 4
2030 2
2031 2
2032 3
2033 4
2034 2
2035 4
2036 1
2037 2
2038 1
2039 1
2040 2
2041 1
2042 2
2043 2
2044 2
2045 2
2046 3
2047 3
2048 1
2049 4
2050 2
2051 2
2052 2
2053 3
2054 2
2055 4
2056 4
2057 2
2058 2
2059 3
2060 2
2061 1
2062 4
2063 3
2064 2
2065 1
2066 5
2067 3
2068 2
2069 3
2070 2
2071 2
2072 2
2073 2
2074 2
2075 2
2076 2
2077 3
2078 2
2079 3
2080 2
2081 2
2082 4
2083 3
2084 2
2085 1
2086 3
2087 3
2088 3
2089 2
2090 1
2091 3
2092 1
2093 1
2094 4
2095 2
2096 2
2097 2
2098 1
2099 3
2100 3
2101 2
2102 3
2103 1
2104 2
2105 2
2106 1
2107 5
2108 3
2109 6
2110 2
2111 2
2112 3
2113 3
2114 4
2115 3
2116 1
2117 7
2118 2
2119 4
2120 3
2121 2
2122 1
2123 2
2124 2
2125 4
2126 2
2127 2
2128 1
2129 5
2130 3
2131 2
2132 2
2133 1
2134 3
2135 4
2136 3
2137 2
2138 2
2139 3
2140 2
2141 2
2142 3
2143 3
2144 1
2145 1
2146 4
2147 3
2148 3
2149 5
2150 2
2151 1
2152 3
2153 4
2154 5
2155 4
2156 3
2157 2
2158 2
2159 2
2160 2
2161 1
2162 3
2163 2
2164 1
2165 1
2166 4
2167 2
2168 3
2169 2
2170 5
2171 3
2172 2
2173 3
2174 2
2175 5
2176 4
2177 2
2178 4
2179 2
2180 2
2181 1
2182 2
2183 4
2184 2
2185 2
2186 3
2187 3
2188 3
2189 1
2190 5
2191 7
2192 3
2193 2
2194 4
2195 1
2196 1
2197 3
2198 2
2199 1
2200 4
2201 3
2202 3
2203 4
2204 2
2205 2
2206 1
2207 3
2208 2
2209 1
2210 1
2211 1
2212 5
2213 1
2214 5
2215 3
2216 3
2217 1
2218 3
2219 3
2220 2
2221 7
2222 1
2223 1
2224 6
2225 2
2226 1
2227 1
2228 2
2229 2
2230 2
2231 2
2232 2
2233 4
2234 3
2235 2
2236 2
2237 2
2238 2
2239 3
2240 3
2241 2
2242 2
2243 1
2244 3
2245 2
2246 2
2247 1
2248 1
2249 4
2250 4
2251 2
2252 2
2253 3
2254 3
2255 2
2256 3
2257 1
2258 2
2259 4
2260 1
2261 2
2262 1
2263 2
2264 3
2265 2
2266 5
2267 1
2268 3
2269 6
2270 2
2271 1
2272 3
2273 1
2274 3
2275 2
2276 2
2277 3
2278 1
2279 6
2280 6
2281 4
2282 1
2283 7
2284 3
2285 1
2286 2
2287 2
2288 2
2289 3
2290 2
2291 1
2292 6
2293 2
2294 1
2295 3
2296 2
2297 4
2298 2
2299 2
2300 3
2301 5
2302 2
2303 3
2304 1
2305 1
2306 2
2307 2
2308 3
2309 2
2310 2
2311 2
2312 4
2313 2
2314 2
2315 3
2316 2
2317 2
2318 5
2319 2
2320 1
2321 2
2322 1
2323 2
2324 2
2325 5
2326 3
2327 3
2328 2
2329 2
2330 3
2331 1
2332 3
2333 3
2334 2
2335 3
2336 1
2337 2
2338 3
2339 2
2340 2
2341 6
2342 2
2343 4
2344 3
2345 2
2346 2
2347 1
2348 2
2349 2
2350 4
2351 2
2352 4
2353 1
2354 1
2355 1
2356 3
2357 2
2358 2
2359 2
2360 2
2361 2
2362 1
2363 2
2364 2
2365 3
2366 2
2367 1
2368 1
2369 4
2370 1
2371 4
2372 1
2373 1
2374 5
2375 4
2376 2
2377 1
2378 1
2379 4
2380 2
2381 2
2382 2
2383 2
2384 3
2385 1
2386 2
2387 2
2388 4
2389 4
2390 2
2391 1
2392 4
2393 2
2394 1
2395 3
2396 2
2397 1
2398 1
2399 2
2400 1
2401 2
2402 2
2403 1
2404 2
2405 2
2406 2
2407 2
2408 3
2409 1
2410 2
2411 3
2412 2
2413 4
2414 2
2415 5
2416 1
2417 3
2418 1
2419 1
2420 2
2421 4
2422 1
2423 1
2424 3
2425 5
2426 5
2427 2
2428 2
2429 2
2430 1
2431 5
2432 1
2433 2
2434 3
2435 3
2436 1
2437 3
2438 1
2439 3
2440 3
2441 2
2442 2
2443 3
2444 2
2445 1
2446 3
2447 3
2448 4
2449 3
2450 1
2451 3
2452 1
2453 4
2454 4
2455 2
2456 2
2457 5
2458 1
2459 1
2460 3
2461 3
2462 3
2463 1
2464 2
2465 2
2466 4
2467 5
2468 1
2469 3
2470 3
2471 2
2472 2
2473 4
2474 5
2475 4
2476 3
2477 2
2478 2
2479 3
2480 4
2481 2
2482 3
2483 2
2484 4
2485 2
2486 2
2487 1
2488 1
2489 2
2490 1
2491 3
2492 1
2493 3
2494 3
2495 4
2496 4
2497 3
2498 2
2499 2
2500 4
2501 4
2502 3
2503 1
2504 5
2505 2
2506 1
2507 1
2508 2
2509 3
2510 2
2511 4
2512 1
2513 5
2514 2
2515 6
2516 3
2517 1
2518 2
2519 3
2520 4
2521 2
2522 4
2523 3
2524 1
2525 3
2526 2
2527 2
2528 3
2529 2
2530 4
2531 3
2532 4
2533 7
2534 3
2535 3
2536 3
2537 1
2538 3
2539 1
2540 2
2541 2
2542 1
2543 2
2544 3
2545 1
2546 5
2547 4
2548 2
2549 1
2550 1
2551 2
2552 3
2553 5
2554 3
2555 2
2556 3
2557 5
2558 2
2559 3
2560 1
2561 3
2562 5
2563 1
2564 2
2565 2
2566 4
2567 2
2568 2
2569 2
2570 3
2571 2
2572 3
2573 3
2574 1
2575 1
2576 3
2577 2
2578 2
2579 4
2580 1
2581 2
2582 2
2583 3
2584 2
2585 2
2586 3
2587 3
2588 1
2589 3
2590 1
2591 3
2592 1
2593 3
2594 2
2595 3
2596 2
2597 2
2598 2
2599 3
2600 1
2601 2
2602 5
2603 1
2604 1
2605 2
2606 1
2607 4
2608 2
2609 3
2610 2
2611 2
2612 4
2613 2
2614 5
2615 1
2616 3
2617 1
2618 2
2619 1
2620 2
2621 1
2622 1
2623 2
2624 1
2625 1
2626 2
2627 1
2628 2
2629 2
2630 3
2631 1
2632 3
2633 4
2634 2
2635 3
2636 4
2637 3
2638 2
2639 2
2640 2
2641 1
2642 2
2643 3
2644 3
2645 2
2646 1
2647 2
2648 3
2649 4
2650 6
2651 1
2652 3
2653 2
2654 2
2655 1
2656 1
2657 1
2658 1
2659 2
2660 4
2661 1
2662 2
2663 1
2664 4
2665 3
2666 1
2667 2
2668 2
2669 3
2670 2
2671 3
2672 1
2673 2
2674 3
2675 2
2676 1
2677 3
2678 2
2679 5
2680 1
2681 2
2682 3
2683 6
2684 1
2685 3
2686 2
2687 1
2688 3
2689 3
2690 2
2691 5
2692 1
2693 1
2694 1
2695 2
2696 4
2697 3
2698 2
2699 3
2700 3
2701 3
2702 1
2703 4
2704 2
2705 3
2706 1
2707 2
2708 2
2709 3
2710 2
2711 1
2712 1
2713 4
2714 4
2715 3
2716 3
2717 1
2718 2
2719 5
2720 3
2721 3
2722 1
2723 2
2724 3
2725 2
2726 1
2727 4
2728 2
2729 2
2730 1
2731 2
2732 2
2733 1
2734 5
2735 4
2736 3
2737 3
2738 4
2739 1
2740 1
2741 2
2742 2
2743 2
2744 3
2745 1
2746 3
2747 1
2748 3
2749 3
2750 5
2751 1
2752 2
2753 5
2754 2
2755 4
2756 2
2757 2
2758 3
2759 4
2760 1
2761 3
2762 3
2763 2
2764 1
2765 3
2766 1
2767 3
2768 1
2769 2
2770 2
2771 2
2772 2
2773 2
2774 2
2775 4
2776 1
2777 1
2778 3
2779 1
2780 2
2781 2
2782 2
2783 4
2784 1
2785 1
2786 1
2787 2
2788 2
2789 4
2790 1
2791 3
2792 3
2793 1
2794 2
2795 1
2796 2
2797 2
2798 1
2799 3
2800 2
2801 2
2802 1
2803 3
2804 2
2805 3
2806 1
2807 1
2808 3
2809 1
2810 4
2811 1
2812 1
2813 1
2814 3
2815 2
2816 1
2817 2
2818 5
2819 1
2820 1
2821 3
2822 2
2823 4
2824 2
2825 1
2826 1
2827 1
2828 2
2829 3
2830 3
2831 3
2832 3
2833 2
2834 2
2835 2
2836 1
2837 3
2838 3
2839 3
2840 2
2841 2
2842 2
2843 1
2844 2
2845 3
2846 3
2847 2
2848 4
2849 4
2850 2
2851 2
2852 2
2853 1
2854 2
2855 4
2856 1
2857 1
2858 1
2859 3
2860 3
2861 3
2862 2
2863 3
2864 1
2865 4
2866 2
2867 3
2868 2
2869 2
2870 2
2871 2
2872 2
2873 3
2874 1
2875 1
2876 3
2877 2
2878 2
2879 3
2880 5
2881 3
2882 2
2883 2
2884 2
2885 2
2886 4
2887 3
2888 2
2889 2
2890 2
2891 2
2892 1
2893 2
2894 1
2895 2
2896 1
2897 1
2898 3
2899 1
2900 1
2901 1
2902 4
2903 2
2904 1
2905 3
2906 2
2907 1
2908 1
2909 4
2910 1
2911 3
2912 1
2913 1
2914 3
2915 3
2916 3
2917 1
2918 2
2919 1
2920 4
2921 2
2922 3
2923 5
2924 3
2925 4
2926 2
2927 4
2928 2
2929 2
2930 3
2931 4
2932 1
2933 4
2934 1
2935 3
2936 4
2937 1
2938 1
2939 1
2940 1
2941 2
2942 1
2943 1
2944 2
2945 3
2946 3
2947 1
2948 3
2949 3
2950 4
2951 1
2952 1
2953 1
2954 1
2955 3
2956 2
2957 2
2958 1
2959 4
2960 3
2961 3
2962 3
2963 1
2964 1
2965 1
2966 2
2967 3
2968 2
2969 3
2970 4
2971 3
2972 2
2973 1
2974 1
2975 1
2976 2
2977 2
2978 2
2979 1
2980 2
2981 2
2982 1
2983 2
2984 1
2985 3
2986 5
2987 1
2988 4
2989 1
2990 2
2991 2
2992 2
2993 3
2994 2
2995 2
2996 1
2997 4
2998 3
2999 1
3000 1
3001 2
3002 1
3003 3
3004 1
3005 2
3006 1
3007 3
3008 4
3009 3
3010 1
3011 1
3012 3
3013 1
3014 1
3015 1
3016 3
3017 2
3018 4
3019 1
3020 1
3021 2
3022 3
3023 1
3024 2
3025 2
3026 2
3027 1
3028 2
3029 2
3030 1
3031 1
3032 3
3033 5
3034 2
3035 2
3036 1
3037 5
3038 1
3039 2
3040 2
3041 2
3042 1
3043 5
3044 3
3045 5
3046 3
3047 2
3048 2
3049 1
3050 1
3051 4
3052 4
3053 2
3054 3
3055 3
3056 2
3057 1
3058 1
3059 2
3060 5
3061 2
3062 3
3063 1
3064 1
3065 2
3066 2
3067 2
3068 1
3069 2
3070 2
3071 1
3072 1
3073 3
3074 2
3075 4
3076 4
3077 2
3078 2
3079 2
3080 2
3081 1
3082 1
3083 3
3084 5
3085 1
3086 1
3087 3
3088 1
3089 1
3090 4
3091 2
3092 1
3093 1
3094 3
3095 1
3096 3
3097 2
3098 2
3099 2
3100 2
3101 3
3102 3
3103 4
3104 2
3105 3
3106 2
3107 3
3108 2
3109 4
3110 2
3111 1
3112 2
3113 3
3114 2
3115 3
3116 1
3117 3
3118 1
3119 1
3120 1
3121 3
3122 2
3123 2
3124 3
3125 4
3126 2
3127 2
3128 2
3129 1
3130 5
3131 3
3132 1
3133 3
3134 4
3135 2
3136 1
3137 2
3138 1
3139 2
3140 3
3141 3
3142 3
3143 5
3144 1
3145 3
3146 3
3147 4
3148 2
3149 3
3150 3
3151 2
3152 2
3153 2
3154 4
3155 5
3156 2
3157 3
3158 3
3159 3
3160 1
3161 1
3162 2
3163 2
3164 1
3165 2
3166 2
3167 1
3168 3
3169 2
3170 1
3171 3
3172 5
3173 1
3174 3
3175 1
3176 2
3177 1
3178 2
3179 4
3180 2
3181 2
3182 1
3183 2
3184 3
3185 5
3186 1
3187 2
3188 1
3189 3
3190 3
3191 1
3192 3
3193 3
3194 4
3195 1
3196 3
3197 4
3198 1
3199 4
3200 4
3201 3
3202 3
3203 1
3204 2
3205 2
3206 2
3207 1
3208 3
3209 3
3210 3
3211 3
3212 2
3213 3
3214 4
3215 3
3216 1
3217 1
3218 2
3219 2
3220 3
3221 2
3222 1
3223 2
3224 1
3225 2
3226 3
3227 1
3228 2
3229 3
3230 3
3231 1
3232 3
3233 3
3234 3
3235 2
3236 4
3237 5
3238 4
3239 2
3240 3
3241 2
3242 3
3243 3
3244 1
3245 3
3246 3
3247 2
3248 2
3249 1
3250 3
3251 1
3252 3
3253 1
3254 1
3255 2
3256 2
3257 2
3258 1
3259 2
3260 1
3261 1
3262 2
3263 2
3264 1
3265 2
3266 3
3267 2
3268 2
3269 3
3270 1
3271 2
3272 1
3273 2
3274 3
3275 5
3276 3
3277 2
3278 1
3279 2
3280 2
3281 2
3282 3
3283 1
3284 2
3285 2
3286 2
3287 4
3288 2
3289 1
3290 1
3291 1
3292 2
3293 2
3294 1
3295 4
3296 2
3297 4
3298 1
3299 3
3300 1
3301 4
3302 2
3303 1
3304 1
3305 1
3306 1
3307 2
3308 2
3309 2
3310 2
3311 1
3312 1
3313 3
3314 5
3315 1
3316 2
3317 4
3318 4
3319 1
3320 1
3321 2
3322 1
3323 2
3324 3
3325 3
3326 2
3327 3
3328 3
3329 1
3330 1
3331 1
3332 1
3333 3
3334 2
3335 2
3336 4
3337 1
3338 2
3339 1
3340 3
3341 4
3342 1
3343 3
3344 1
3345 1
3346 4
3347 1
3348 2
3349 3
3350 3
3351 3
3352 2
3353 2
3354 1
3355 1
3356 1
3357 1
3358 1
3359 3
3360 2
3361 1
3362 2
3363 2
3364 3
3365 2
3366 1
3367 1
3368 1
3369 2
3370 1
3371 3
3372 4
3373 1
3374 1
3375 2
3376 2
3377 2
3378 1
3379 3
3380 1
3381 6
3382 2
3383 1
3384 2
3385 3
3386 3
3387 2
3388 3
3389 1
3390 2
3391 1
3392 4
3393 1
3394 2
3395 1
3396 1
3397 1
3398 4
3399 1
3400 2
3401 2
3402 2
3403 1
3404 2
3405 2
3406 1
3407 1
3408 2
3409 2
3410 2
3411 2
3412 2
3413 2
3414 2
3415 3
3416 3
3417 4
3418 2
3419 1
3420 2
3421 2
3422 3
3423 1
3424 1
3425 3
3426 1
3427 1
3428 6
3429 4
3430 2
3431 2
3432 2
3433 2
3434 1
3435 1
3436 1
3437 1
3438 2
3439 1
3440 2
3441 4
3442 2
3443 2
3444 2
3445 1
3446 5
3447 2
3448 2
3449 1
3450 3
3451 2
3452 2
3453 2
3454 2
3455 1
3456 2
3457 2
3458 3
3459 4
3460 3
3461 1
3462 4
3463 2
3464 2
3465 4
3466 2
3467 3
3468 1
3469 3
3470 3
3471 2
3472 1
3473 1
3474 1
3475 1
3476 2
3477 3
3478 2
3479 2
3480 3
3481 2
3482 1
3483 2
3484 1
3485 2
3486 4
3487 3
3488 2
3489 1
3490 2
3491 1
3492 1
3493 2
3494 1
3495 2
3496 2
3497 1
3498 2
3499 2
3500 1
3501 1
3502 2
3503 1
3504 3
3505 1
3506 2
3507 4
3508 2
3509 3
3510 3
3511 2
3512 2
3513 2
3514 2
3515 3
3516 1
3517 2
3518 1
3519 1
3520 2
3521 1
3522 3
3523 3
3524 4
3525 2
3526 1
3527 4
3528 1
3529 2
3530 1
3531 1
3532 1
3533 4
3534 2
3535 1
3536 1
3537 1
3538 2
3539 3
3540 6
3541 1
3542 1
3543 2
3544 1
3545 2
3546 2
3547 1
3548 2
3549 2
3550 3
3551 3
3552 2
3553 3
3554 2
3555 1
3556 2
3557 1
3558 2
3559 1
3560 2
3561 2
3562 3
3563 1
3564 1
3565 1
3566 2
3567 2
3568 2
3569 1
3570 1
3571 2
3572 2
3573 2
3574 2
3575 1
3576 1
3577 2
3578 3
3579 2
3580 2
3581 2
3582 1
3583 2
3584 4
3585 4
3586 3
3587 2
3588 1
3589 3
3590 2
3591 1
3592 1
3593 2
3594 5
3595 2
3596 2
3597 3
3598 2
3599 3
3600 1
3601 1
3602 1
3603 2
3604 2
3605 3
3606 4
3607 2
3608 2
3609 5
3610 1
3611 1
3612 1
3613 2
3614 1
3615 2
3616 2
3617 1
3618 1
3619 4
3620 3
3621 6
3622 2
3623 1
3624 1
3625 1
3626 3
3627 1
3628 3
3629 2
3630 3
3631 1
3632 2
3633 3
3634 1
3635 3
3636 2
3637 2
3638 4
3639 1
3640 2
3641 2
3642 3
3643 3
3644 2
3645 1
3646 1
3647 1
3648 1
3649 1
3650 3
3651 2
3652 2
3653 3
3654 3
3655 1
3656 2
3657 2
3658 4
3659 2
3660 1
3661 2
3662 4
3663 4
3664 2
3665 2
3666 1
3667 3
3668 2
3669 2
3670 1
3671 1
3672 1
3673 1
3674 1
3675 1
3676 2
3677 2
3678 2
3679 1
3680 2
3681 2
3682 2
3683 4
3684 3
3685 2
3686 2
3687 1
3688 2
3689 1
3690 1
3691 2
3692 2
3693 3
3694 2
3695 2
3696 3
3697 1
3698 2
3699 4
3700 5
3701 2
3702 2
3703 3
3704 1
3705 1
3706 1
3707 2
3708 2
3709 1
3710 2
3711 1
3712 2
3713 4
3714 2
3715 3
3716 1
3717 3
3718 2
3719 1
3720 1
3721 3
3722 2
3723 3
3724 2
3725 1
3726 2
3727 3
3728 1
3729 1
3730 3
3731 1
3732 2
3733 1
3734 3
3735 1
3736 3
3737 1
3738 2
3739 1
3740 2
3741 2
3742 1
3743 3
3744 1
3745 2
3746 2
3747 2
3748 1
3749 2
3750 2
3751 3
3752 1
3753 2
3754 2
3755 1
3756 2
3757 3
3758 3
3759 2
3760 1
3761 1
3762 3
3763 2
3764 1
3765 3
3766 2
3767 3
3768 4
3769 4
3770 2
3771 4
3772 5
3773 1
3774 1
3775 2
3776 1
3777 4
3778 2
3779 3
3780 3
3781 1
3782 2
3783 1
3784 2
3785 1
3786 3
3787 1
3788 3
3789 3
3790 1
3791 1
3792 2
3793 2
3794 3
3795 2
3796 1
3797 2
3798 1
3799 1
3800 1
3801 2
3802 2
3803 3
3804 1
3805 1
3806 2
3807 1
3808 2
3809 2
3810 1
3811 3
3812 1
3813 1
3814 2
3815 1
3816 2
3817 2
3818 3
3819 3
3820 2
3821 1
3822 2
3823 3
3824 2
3825 2
3826 3
3827 3
3828 2
3829 1
3830 1
3831 2
3832 1
3833 1
3834 2
3835 1
3836 1
3837 2
3838 2
3839 2
3840 3
3841 1
3842 2
3843 3
3844 1
3845 2
3846 1
3847 1
3848 1
3849 2
3850 2
3851 1
3852 3
3853 2
3854 1
3855 3
3856 1
3857 2
3858 2
3859 3
3860 2
3861 3
3862 1
3863 3
3864 3
3865 3
3866 4
3867 1
3868 1
3869 1
3870 1
3871 1
3872 4
3873 1
3874 1
3875 2
3876 2
3877 1
3878 2
3879 1
3880 2
3881 1
3882 1
3883 2
3884 1
3885 1
3886 2
3887 2
3888 1
3889 1
3890 2
3891 1
3892 1
3893 3
3894 1
3895 1
3896 3
3897 1
3898 2
3899 1
3900 2
3901 1
3902 1
3903 1
3904 3
3905 3
3906 1
3907 2
3908 1
3909 2
3910 2
3911 1
3912 3
3913 1
3914 2
3915 3
3916 2
3917 2
3918 3
3919 1
3920 1
3921 2
3922 1
3923 1
3924 4
3925 1
3926 3
3927 1
3928 1
3929 1
3930 1
3931 1
3932 1
3933 1
3934 1
3935 4
3936 2
3937 2
3938 2
3939 2
3940 3
3941 3
3942 2
3943 1
3944 4
3945 2
3946 1
3947 2
3948 2
3949 2
3950 2
3951 2
3952 2
3953 1
3954 3
3955 4
3956 1
3957 1
3958 1
3959 2
3960 3
3961 4
3962 2
3963 1
3964 1
3965 3
3966 4
3967 3
3968 4
3969 2
3970 2
3971 1
3972 1
3973 2
3974 2
3975 2
3976 2
3977 3
3978 1
3979 1
3980 1
3981 2
3982 1
3983 1
3984 2
3985 2
3986 1
3987 3
3988 2
3989 1
3990 2
3991 1
3992 2
3993 2
3994 1
3995 1
3996 1
3997 1
3998 2
3999 2
4000 4
4001 2
4002 4
4003 1
4004 1
4005 1
4006 2
4007 2
4008 1
4009 3
4010 3
4011 2
4012 3
4013 1
4014 2
4015 1
4016 2
4017 1
4018 2
4019 1
4020 3
4021 1
4022 7
4023 3
4024 2
4025 1
4026 2
4027 4
4028 2
4029 1
4030 1
4031 3
4032 2
4033 2
4034 3
4035 2
4036 1
4037 5
4038 1
4039 3
4040 3
4041 1
4042 1
4043 1
4044 3
4045 4
4046 1
4047 1
4048 4
4049 3
4050 1
4051 5
4052 2
4053 3
4054 3
4055 2
4056 1
4057 1
4058 3
4059 2
4060 1
4061 1
4062 1
4063 4
4064 3
4065 3
4066 4
4067 1
4068 4
4069 1
4070 1
4071 1
4072 2
4073 5
4074 2
4075 1
4076 1
4077 1
4078 4
4079 1
4080 1
4081 1
4082 2
4083 3
4084 1
4085 1
4086 2
4087 2
4088 2
4089 1
4090 3
4091 2
4092 2
4093 3
4094 1
4095 2
4096 2
4097 1
4098 4
4099 4
4100 5
4101 1
4102 2
4103 1
4104 1
4105 1
4106 1
4107 2
4108 2
4109 1
4110 2
4111 1
4112 3
4113 3
4114 1
4115 2
4116 1
4117 1
4118 4
4119 2
4120 1
4121 1
4122 1
4123 4
4124 1
4125 3
4126 1
4127 1
4128 4
4129 3
4130 3
4131 1
4132 3
4133 1
4134 2
4135 1
4136 2
4137 1
4138 2
4139 1
4140 1
4141 1
4142 3
4143 3
4144 3
4145 1
4146 1
4147 3
4148 1
4149 2
4150 2
4151 1
4152 1
4153 2
4154 2
4155 1
4156 2
4157 2
4158 2
4159 2
4160 3
4161 1
4162 1
4163 1
4164 3
4165 1
4166 1
4167 2
4168 4
4169 2
4170 1
4171 1
4172 1
4173 1
4174 2
4175 1
4176 1
4177 1
4178 1
4179 1
4180 1
4181 1
4182 2
4183 3
4184 1
4185 2
4186 2
4187 2
4188 1
4189 2
4190 2
4191 1
4192 2
4193 3
4194 1
4195 1
4196 2
4197 2
4198 4
4199 1
4200 2
4201 5
4202 3
4203 1
4204 1
4205 5
4206 2
4207 1
4208 1
4209 2
4210 3
4211 1
4212 3
4213 3
4214 3
4215 2
4216 2
4217 2
4218 3
4219 1
4220 1
4221 2
4222 2
4223 1
4224 2
4225 1
4226 1
4227 1
4228 1
4229 3
4230 2
4231 1
4232 1
4233 1
4234 2
4235 1
4236 1
4237 1
4238 2
4239 1
4240 2
4241 5
4242 2
4243 2
4244 1
4245 1
4246 1
4247 2
4248 1
4249 3
4250 2
4251 2
4252 2
4253 1
4254 1
4255 1
4256 2
4257 2
4258 1
4259 4
4260 3
4261 3
4262 1
4263 1
4264 2
4265 2
4266 2
4267 3
4268 2
4269 1
4270 1
4271 2
4272 2
4273 1
4274 2
4275 1
4276 1
4277 2
4278 2
4279 1
4280 1
4281 1
4282 1
4283 1
4284 4
4285 2
4286 1
4287 1
4288 1
4289 2
4290 1
4291 3
4292 2
4293 2
4294 1
4295 1
4296 3
4297 1
4298 2
4299 2
4300 1
4301 2
4302 1
4303 5
4304 2
4305 3
4306 2
4307 3
4308 2
4309 2
4310 1
4311 1
4312 2
4313 2
4314 1
4315 1
4316 1
4317 3
4318 2
4319 2
4320 2
4321 3
4322 2
4323 3
4324 2
4325 1
4326 1
4327 1
4328 4
4329 1
4330 1
4331 1
4332 2
4333 4
4334 3
4335 2
4336 1
4337 1
4338 2
4339 1
4340 2
4341 3
4342 3
4343 2
4344 2
4345 2
4346 2
4347 2
4348 1
4349 1
4350 1
4351 2
4352 1
4353 3
4354 1
4355 1
4356 2
4357 1
4358 2
4359 4
4360 1
4361 1
4362 1
4363 1
4364 1
4365 1
4366 2
4367 2
4368 3
4369 1
4370 1
4371 1
4372 2
4373 1
4374 2
4375 3
4376 2
4377 1
4378 2
4379 2
4380 2
4381 3
4382 2
4383 2
4384 1
4385 2
4386 1
4387 2
4388 2
4389 2
4390 1
4391 2
4392 3
4393 2
4394 2
4395 1
4396 2
4397 2
4398 1
4399 1
4400 2
4401 2
4402 4
4403 1
4404 2
4405 1
4406 1
4407 1
4408 2
4409 2
4410 1
4411 2
4412 1
4413 1
4414 1
4415 1
4416 1
4417 3
4418 2
4419 2
4420 1
4421 1
4422 1
4423 1
4424 2
4425 2
4426 1
4427 1
4428 4
4429 1
4430 3
4431 2
4432 1
4433 2
4434 1
4435 2
4436 1
4437 1
4438 1
4439 1
4440 3
4441 2
4442 1
4443 1
4444 2
4445 1
4446 3
4447 2
4448 3
4449 1
4450 1
4451 1
4452 5
4453 4
4454 3
4455 2
4456 2
4457 2
4458 4
4459 1
4460 2
4461 2
4462 2
4463 3
4464 1
4465 2
4466 2
4467 2
4468 1
4469 1
4470 1
4471 1
4472 1
4473 1
4474 1
4475 3
4476 1
4477 3
4478 5
4479 1
4480 2
4481 2
4482 2
4483 1
4484 1
4485 1
4486 2
4487 1
4488 1
4489 3
4490 1
4491 1
4492 2
4493 1
4494 1
4495 2
4496 2
4497 2
4498 3
4499 1
4500 2
4501 1
4502 2
4503 3
4504 1
4505 1
4506 1
4507 2
4508 1
4509 3
4510 1
4511 2
4512 2
4513 1
4514 1
4515 3
4516 1
4517 1
4518 2
4519 1
4520 2
4521 3
4522 1
4523 1
4524 2
4525 2
4526 1
4527 4
4528 1
4529 1
4530 1
4531 2
4532 1
4533 3
4534 2
4535 1
4536 2
4537 1
4538 1
4539 3
4540 1
4541 2
4542 2
4543 1
4544 1
4545 1
4546 3
4547 2
4548 2
4549 1
4550 1
4551 2
4552 1
4553 2
4554 2
4555 2
4556 3
4557 2
4558 1
4559 1
4560 2
4561 2
4562 3
4563 2
4564 1
4565 2
4566 1
4567 1
4568 1
4569 1
4570 3
4571 1
4572 1
4573 2
4574 1
4575 2
4576 1
4577 2
4578 2
4579 1
4580 2
4581 1
4582 2
4583 2
4584 1
4585 1
4586 1
4587 3
4588 1
4589 3
4590 1
4591 2
4592 2
4593 1
4594 1
4595 1
4596 1
4597 1
4598 3
4599 1
4600 2
4601 1
4602 1
4603 1
4604 1
4605 1
4606 2
4607 2
4608 2
4609 2
4610 1
4611 1
4612 3
4613 2
4614 1
4615 2
4616 5
4617 2
4618 2
4619 3
4620 1
4621 1
4622 2
4623 3
4624 3
4625 1
4626 3
4627 2
4628 2
4629 2
4630 3
4631 3
4632 2
4633 1
4634 1
4635 4
4636 2
4637 2
4638 4
4639 1
4640 2
4641 1
4642 1
4643 1
4644 3
4645 1
4646 1
4647 2
4648 1
4649 1
4650 4
4651 2
4652 5
4653 3
4654 2
4655 2
4656 2
4657 2
4658 1
4659 1
4660 1
4661 1
4662 4
4663 1
4664 1
4665 2
4666 2
4667 3
4668 2
4669 2
4670 1
4671 1
4672 1
4673 2
4674 1
4675 1
4676 2
4677 2
4678 2
4679 1
4680 2
4681 2
4682 2
4683 1
4684 3
4685 1
4686 2
4687 2
4688 1
4689 2
4690 1
4691 1
4692 1
4693 2
4694 1
4695 3
4696 1
4697 1
4698 1
4699 3
4700 3
4701 1
4702 1
4703 1
4704 2
4705 1
4706 1
4707 1
4708 4
4709 2
4710 2
4711 1
4712 2
4713 1
4714 3
4715 1
4716 1
4717 2
4718 3
4719 1
4720 1
4721 2
4722 1
4723 2
4724 1
4725 3
4726 1
4727 4
4728 2
4729 1
4730 1
4731 3
4732 1
4733 2
4734 3
4735 2
4736 2
4737 1
4738 1
4739 3
4740 1
4741 3
4742 3
4743 2
4744 1
4745 1
4746 1
4747 1
4748 2
4749 1
4750 2
4751 3
4752 1
4753 1
4754 2
4755 1
4756 1
4757 3
4758 1
4759 1
4760 1
4761 2
4762 2
4763 2
4764 1
4765 1
4766 1
4767 1
4768 1
4769 1
4770 2
4771 1
4772 1
4773 1
4774 1
4775 2
4776 3
4777 1
4778 1
4779 1
4780 2
4781 1
4782 3
4783 1
4784 1
4785 2
4786 5
4787 1
4788 1
4789 2
4790 3
4791 1
4792 1
4793 1
4794 3
4795 2
4796 2
4797 2
4798 1
4799 1
4800 4
4801 1
4802 2
4803 1
4804 1
4805 2
4806 1
4807 4
4808 1
4809 2
4810 1
4811 2
4812 2
4813 2
4814 2
4815 1
4816 3
4817 1
4818 3
4819 1
4820 3
4821 2
4822 2
4823 4
4824 1
4825 3
4826 2
4827 1
4828 1
4829 2
4830 1
4831 1
4832 3
4833 2
4834 1
4835 1
4836 2
4837 1
4838 1
4839 1
4840 1
4841 1
4842 1
4843 2
4844 1
4845 1
4846 2
4847 1
4848 3
4849 2
4850 2
4851 2
4852 1
4853 4
4854 3
4855 1
4856 2
4857 2
4858 1
4859 1
4860 1
4861 2
4862 2
4863 2
4864 1
4865 2
4866 2
4867 1
4868 1
4869 2
4870 1
4871 1
4872 1
4873 1
4874 2
4875 2
4876 1
4877 1
4878 2
4879 1
4880 2
4881 1
4882 2
4883 1
4884 1
4885 1
4886 3
4887 5
4888 3
4889 1
4890 1
4891 1
4892 2
4893 1
4894 1
4895 1
4896 3
4897 2
4898 2
4899 2
4900 2
4901 1
4902 1
4903 2
4904 1
4905 2
4906 1
4907 1
4908 1
4909 1
4910 1
4911 2
4912 2
4913 1
4914 1
4915 1
4916 2
4917 2
4918 1
4919 2
4920 1
4921 1
4922 2
4923 2
4924 3
4925 2
4926 1
4927 3
4928 1
4929 1
4930 1
4931 2
4932 5
4933 1
4934 1
4935 2
4936 4
4937 2
4938 2
4939 1
4940 2
4941 1
4942 4
4943 2
4944 1
4945 3
4946 2
4947 2
4948 2
4949 1
4950 3
4951 2
4952 1
4953 2
4954 1
4955 1
4956 2
4957 3
4958 4
4959 1
4960 1
4961 3
4962 3
4963 1
4964 1
4965 3
4966 3
4967 3
4968 2
4969 4
4970 1
4971 1
4972 3
4973 1
4974 1
4975 2
4976 1
4977 3
4978 1
4979 1
4980 2
4981 4
4982 1
4983 2
4984 2
4985 4
4986 3
4987 1
4988 2
4989 2
4990 2
4991 2
4992 2
4993 1
4994 1
4995 3
4996 2
4997 2
4998 1
4999 2
5000 1
5001 1
5002 2
5003 1
5004 2
5005 2
5006 3
5007 1
5008 2
5009 2
5010 3
5011 2
5012 1
5013 2
5014 1
5015 1
5016 2
5017 1
5018 1
5019 1
5020 2
5021 2
5022 1
5023 2
5024 1
5025 2
5026 1
5027 2
5028 4
5029 1
5030 2
5031 1
5032 1
5033 1
5034 1
5035 1
5036 3
5037 1
5038 1
5039 2
5040 1
5041 1
5042 1
5043 1
5044 1
5045 1
5046 1
5047 2
5048 4
5049 1
5050 1
5051 1
5052 1
5053 3
5054 1
5055 1
5056 1
5057 1
5058 3
5059 1
5060 1
5061 1
5062 2
5063 1
5064 2
5065 1
5066 1
5067 1
5068 2
5069 2
5070 2
5071 1
5072 2
5073 1
5074 2
5075 1
5076 3
5077 1
5078 1
5079 2
5080 2
5081 2
5082 1
5083 1
5084 2
5085 2
5086 3
5087 1
5088 3
5089 2
5090 1
5091 1
5092 2
5093 1
5094 1
5095 2
5096 1
5097 1
5098 2
5099 2
5100 1
5101 1
5102 1
5103 3
5104 2
5105 2
5106 1
5107 4
5108 2
5109 2
5110 1
5111 1
5112 1
5113 1
5114 1
5115 1
5116 1
5117 3
5118 1
5119 1
5120 1
5121 3
5122 1
5123 3
5124 1
5125 4
5126 1
5127 3
5128 2
5129 2
5130 2
5131 1
5132 1
5133 2
5134 1
5135 2
5136 1
5137 2
5138 1
5139 4
5140 2
5141 2
5142 2
5143 5
5144 2
5145 1
5146 2
5147 2
5148 1
5149 1
5150 1
5151 1
5152 2
5153 3
5154 3
5155 1
5156 1
5157 1
5158 1
5159 1
5160 3
5161 1
5162 1
5163 2
5164 2
5165 1
5166 1
5167 2
5168 1
5169 1
5170 1
5171 2
5172 1
5173 2
5174 3
5175 1
5176 1
5177 2
5178 3
5179 1
5180 1
5181 2
5182 2
5183 2
5184 3
5185 1
5186 3
5187 2
5188 2
5189 2
5190 1
5191 2
5192 2
5193 1
5194 2
5195 1
5196 2
5197 1
5198 1
5199 1
5200 1
5201 2
5202 1
5203 1
5204 2
5205 3
5206 1
5207 2
5208 2
5209 2
5210 2
5211 2
5212 2
5213 1
5214 2
5215 2
5216 1
5217 3
5218 1
5219 1
5220 1
5221 1
5222 1
5223 1
5224 1
5225 1
5226 1
5227 2
5228 2
5229 1
5230 2
5231 1
5232 1
5233 2
5234 1
5235 1
5236 1
5237 1
5238 3
5239 2
5240 1
5241 1
5242 1
5243 3
5244 2
5245 1
5246 1
5247 1
5248 1
5249 2
5250 2
5251 3
5252 1
5253 1
5254 1
5255 1
5256 1
5257 2
5258 1
5259 2
5260 1
5261 1
5262 2
5263 1
5264 1
5265 1
5266 2
5267 1
5268 1
5269 2
5270 3
5271 2
5272 3
5273 1
5274 2
5275 1
5276 1
5277 2
5278 1
5279 1
5280 2
5281 1
5282 1
5283 1
5284 1
5285 4
5286 2
5287 1
5288 1
5289 1
5290 1
5291 1
5292 2
5293 3
5294 1
5295 2
5296 1
5297 2
5298 2
5299 1
5300 3
5301 3
5302 1
5303 2
5304 2
5305 2
5306 1
5307 1
5308 1
5309 2
5310 2
5311 1
5312 1
5313 1
5314 3
5315 2
5316 2
5317 2
5318 2
5319 1
5320 1
5321 1
5322 1
5323 4
5324 4
5325 1
5326 1
5327 1
5328 2
5329 1
5330 1
5331 1
5332 2
5333 2
5334 2
5335 1
5336 2
5337 1
5338 1
5339 1
5340 2
5341 1
5342 1
5343 3
5344 2
5345 1
5346 1
5347 2
5348 1
5349 2
5350 1
5351 1
5352 4
5353 3
5354 1
5355 1
5356 1
5357 1
5358 1
5359 3
5360 1
5361 2
5362 1
5363 1
5364 3
5365 1
5366 2
5367 1
5368 2
5369 1
5370 2
5371 2
5372 2
5373 1
5374 2
5375 1
5376 2
5377 1
5378 1
5379 2
5380 2
5381 2
5382 2
5383 1
5384 1
5385 1
5386 1
5387 2
5388 1
5389 1
5390 2
5391 3
5392 4
5393 1
5394 2
5395 1
5396 1
5397 3
5398 1
5399 1
5400 5
5401 2
5402 2
5403 1
5404 1
5405 2
5406 2
5407 2
5408 1
5409 1
5410 1
5411 1
5412 2
5413 1
5414 3
5415 1
5416 1
5417 1
5418 1
5419 2
5420 1
5421 1
5422 2
5423 2
5424 1
5425 2
5426 2
5427 1
5428 1
5429 4
5430 3
5431 1
5432 3
5433 2
5434 1
5435 2
5436 2
5437 2
5438 5
5439 2
5440 1
5441 1
5442 1
5443 3
5444 1
5445 2
5446 2
5447 2
5448 2
5449 1
5450 2
5451 3
5452 2
5453 1
5454 2
5455 1
5456 3
5457 1
5458 1
5459 1
5460 2
5461 1
5462 2
5463 4
5464 2
5465 3
5466 1
5467 2
5468 3
5469 2
5470 1
5471 2
5472 2
5473 2
5474 1
5475 2
5476 1
5477 3
5478 2
5479 2
5480 1
5481 1
5482 1
5483 1
5484 1
5485 3
5486 2
5487 2
5488 1
5489 1
5490 2
5491 2
5492 1
5493 1
5494 3
5495 2
5496 1
5497 1
5498 1
5499 1
5500 1
5501 2
5502 2
5503 1
5504 1
5505 2
5506 1
5507 2
5508 1
5509 2
5510 1
5511 2
5512 2
5513 3
5514 1
5515 2
5516 2
5517 2
5518 1
5519 1
5520 1
5521 3
5522 2
5523 3
5524 1
5525 3
5526 1
5527 3
5528 1
5529 1
5530 1
5531 1
5532 2
5533 1
5534 1
5535 2
5536 2
5537 1
5538 1
5539 1
5540 4
5541 2
5542 1
5543 2
5544 1
5545 1
5546 2
5547 3
5548 1
5549 1
5550 2
5551 3
5552 2
5553 2
5554 1
5555 3
5556 2
5557 3
5558 1
5559 1
5560 1
5561 3
5562 1
5563 2
5564 1
5565 1
5566 1
5567 2
5568 1
5569 2
5570 2
5571 1
5572 1
5573 2
5574 4
5575 2
5576 1
5577 2
5578 1
5579 3
5580 1
5581 1
5582 1
5583 1
5584 1
5585 1
5586 2
5587 2
5588 2
5589 1
5590 1
5591 2
5592 1
5593 2
5594 3
5595 1
5596 2
5597 3
5598 3
5599 2
5600 3
5601 1
5602 1
5603 1
5604 1
5605 3
5606 1
5607 1
5608 2
5609 1
5610 1
5611 1
5612 2
5613 3
5614 2
5615 1
5616 1
5617 1
5618 1
5619 1
5620 2
5621 1
5622 1
5623 1
5624 1
5625 1
5626 1
5627 2
5628 2
5629 2
5630 2
5631 1
5632 1
5633 1
5634 1
5635 2
5636 1
5637 1
5638 1
5639 2
5640 1
5641 1
5642 1
5643 1
5644 1
5645 1
5646 1
5647 2
5648 1
5649 1
5650 2
5651 1
5652 2
5653 1
5654 2
5655 1
5656 3
5657 1
5658 2
5659 1
5660 2
5661 1
5662 2
5663 2
5664 1
5665 1
5666 2
5667 1
5668 1
5669 2
5670 1
5671 1
5672 1
5673 1
5674 2
5675 3
5676 2
5677 1
5678 1
5679 1
5680 1
5681 1
5682 1
5683 2
5684 2
5685 1
5686 1
5687 1
5688 1
5689 2
5690 1
5691 1
5692 1
5693 2
5694 2
5695 1
5696 1
5697 1
5698 1
5699 1
5700 1
5701 2
5702 2
5703 2
5704 2
5705 1
5706 2
5707 1
5708 2
5709 1
5710 1
5711 1
5712 3
5713 1
5714 1
5715 2
5716 1
5717 1
5718 2
5719 2
5720 2
5721 1
5722 1
5723 1
5724 2
5725 2
5726 1
5727 2
5728 1
5729 1
5730 2
5731 1
5732 2
5733 2
5734 1
5735 2
5736 1
5737 2
5738 1
5739 1
5740 1
5741 1
5742 1
5743 1
5744 2
5745 2
5746 2
5747 1
5748 1
5749 1
5750 3
5751 2
5752 1
5753 1
5754 1
5755 1
5756 2
5757 1
5758 3
5759 1
5760 2
5761 1
5762 2
5763 3
5764 2
5765 1
5766 1
5767 1
5768 1
5769 1
5770 1
5771 1
5772 1
5773 2
5774 1
5775 1
5776 1
5777 1
5778 1
5779 2
5780 3
5781 1
5782 2
5783 3
5784 2
5785 2
5786 1
5787 2
5788 4
5789 1
5790 1
5791 1
5792 1
5793 1
5794 1
5795 2
5796 3
5797 4
5798 2
5799 2
5800 1
5801 2
5802 2
5803 2
5804 1
5805 2
5806 2
5807 3
5808 4
5809 1
5810 1
5811 2
5812 1
5813 3
5814 1
5815 1
5816 1
5817 2
5818 1
5819 2
5820 2
5821 1
5822 2
5823 1
5824 1
5825 1
5826 1
5827 1
5828 1
5829 3
5830 2
5831 1
5832 2
5833 2
5834 1
5835 2
5836 1
5837 1
5838 1
5839 2
5840 2
5841 2
5842 2
5843 1
5844 2
5845 2
5846 1
5847 3
5848 1
5849 2
5850 2
5851 1
5852 2
5853 1
5854 2
5855 2
5856 1
5857 1
5858 2
5859 1
5860 1
5861 1
5862 2
5863 1
5864 2
5865 1
5866 2
5867 1
5868 1
5869 1
5870 2
5871 1
5872 1
5873 1
5874 2
5875 1
5876 2
5877 1
5878 1
5879 1
5880 2
5881 2
5882 1
5883 2
5884 2
5885 2
5886 1
5887 1
5888 1
5889 2
5890 1
5891 1
5892 1
5893 1
5894 1
5895 1
5896 2
5897 1
5898 1
5899 1
5900 1
5901 1
5902 1
5903 1
5904 1
5905 2
5906 1
5907 2
5908 2
5909 1
5910 1
5911 1
5912 1
5913 1
5914 1
5915 2
5916 1
5917 1
5918 1
5919 2
5920 1
5921 1
5922 1
5923 2
5924 5
5925 2
5926 2
5927 1
5928 3
5929 4
5930 1
5931 1
5932 3
5933 1
5934 2
5935 4
5936 1
5937 2
5938 1
5939 2
5940 1
5941 1
5942 1
5943 2
5944 2
5945 2
5946 1
5947 1
5948 2
5949 1
5950 2
5951 2
5952 2
5953 2
5954 2
5955 2
5956 1
5957 1
5958 1
5959 1
5960 2
5961 2
5962 1
5963 1
5964 1
5965 2
5966 3
5967 1
5968 1
5969 2
5970 1
5971 3
5972 1
5973 1
5974 1
5975 1
5976 1
5977 1
5978 3
5979 4
5980 2
5981 2
5982 1
5983 1
5984 2
5985 1
5986 1
5987 2
5988 1
5989 2
5990 1
5991 1
5992 2
5993 1
5994 1
5995 3
5996 2
5997 1
5998 2
5999 2
6000 1
6001 2
6002 2
6003 1
6004 1
6005 2
6006 1
6007 1
6008 1
6009 2
6010 2
6011 1
6012 2
6013 1
6014 1
6015 1
6016 1
6017 1
6018 1
6019 2
6020 1
6021 1
6022 3
6023 1
6024 1
6025 2
6026 1
6027 1
6028 2
6029 1
6030 1
6031 1
6032 1
6033 1
6034 1
6035 1
6036 1
6037 2
6038 1
6039 1
6040 1
6041 1
6042 2
6043 1
6044 2
6045 2
6046 3
6047 1
6048 2
6049 2
6050 3
6051 2
6052 1
6053 1
6054 1
6055 1
6056 1
6057 1
6058 2
6059 2
6060 1
6061 1
6062 1
6063 1
6064 1
6065 1
6066 1
6067 2
6068 2
6069 1
6070 2
6071 3
6072 2
6073 3
6074 2
6075 1
6076 1
6077 1
6078 1
6079 2
6080 3
6081 1
6082 1
6083 1
6084 1
6085 1
6086 1
6087 2
6088 2
6089 2
6090 1
6091 1
6092 2
6093 1
6094 1
6095 1
6096 2
6097 3
6098 1
6099 3
6100 1
6101 1
6102 2
6103 2
6104 1
6105 1
6106 3
6107 2
6108 1
6109 2
6110 3
6111 1
6112 1
6113 1
6114 2
6115 3
6116 1
6117 1
6118 1
6119 1
6120 1
6121 2
6122 1
6123 2
6124 1
6125 3
6126 1
6127 1
6128 3
6129 2
6130 2
6131 1
6132 2
6133 2
6134 1
6135 1
6136 1
6137 1
6138 2
6139 1
6140 1
6141 1
6142 1
6143 2
6144 1
6145 1
6146 3
6147 1
6148 1
6149 1
6150 1
6151 1
6152 3
6153 1
6154 2
6155 1
6156 1
6157 1
6158 1
6159 2
6160 1
6161 1
6162 2
6163 2
6164 2
6165 1
6166 2
6167 3
6168 2
6169 5
6170 1
6171 1
6172 2
6173 1
6174 1
6175 2
6176 1
6177 2
6178 1
6179 1
6180 1
6181 1
6182 2
6183 1
6184 2
6185 3
6186 1
6187 2
6188 3
6189 1
6190 2
6191 1
6192 1
6193 2
6194 1
6195 2
6196 1
6197 1
6198 3
6199 1
6200 2
6201 1
6202 1
6203 2
6204 1
6205 2
6206 2
6207 1
6208 1
6209 1
6210 2
6211 1
6212 1
6213 2
6214 2
6215 1
6216 2
6217 1
6218 2
6219 2
6220 2
6221 1
6222 1
6223 1
6224 1
6225 1
6226 1
6227 2
6228 2
6229 3
6230 1
6231 2
6232 3
6233 1
6234 1
6235 1
6236 1
6237 1
6238 1
6239 2
6240 1
6241 2
6242 3
6243 2
6244 2
6245 1
6246 1
6247 1
6248 3
6249 1
6250 1
6251 1
6252 1
6253 1
6254 1
6255 2
6256 1
6257 1
6258 2
6259 3
6260 3
6261 1
6262 3
6263 2
6264 1
6265 2
6266 2
6267 1
6268 1
6269 2
6270 1
6271 3
6272 2
6273 2
6274 1
6275 2
6276 3
6277 2
6278 1
6279 1
6280 2
6281 1
6282 1
6283 1
6284 3
6285 1
6286 3
6287 3
6288 1
6289 1
6290 2
6291 2
6292 2
6293 2
6294 2
6295 1
6296 3
6297 1
6298 2
6299 1
6300 4
6301 1
6302 1
6303 2
6304 1
6305 2
6306 2
6307 3
6308 1
6309 1
6310 1
6311 2
6312 2
6313 1
6314 3
6315 2
6316 2
6317 2
6318 1
6319 2
6320 1
6321 1
6322 1
6323 2
6324 2
6325 2
6326 2
6327 1
6328 2
6329 2
6330 1
6331 1
6332 1
6333 1
6334 1
6335 2
6336 3
6337 1
6338 1
6339 1
6340 2
6341 1
6342 1
6343 1
6344 2
6345 3
6346 3
6347 2
6348 1
6349 1
6350 1
6351 2
6352 2
6353 1
6354 1
6355 2
6356 2
6357 3
6358 1
6359 1
6360 1
6361 2
6362 1
6363 1
6364 2
6365 3
6366 1
6367 2
6368 1
6369 1
6370 1
6371 1
6372 1
6373 1
6374 1
6375 1
6376 1
6377 1
6378 1
6379 2
6380 3
6381 2
6382 2
6383 1
6384 2
6385 3
6386 2
6387 1
6388 2
6389 1
6390 2
6391 1
6392 2
6393 1
6394 1
6395 1
6396 1
6397 2
6398 1
6399 1
6400 2
6401 1
6402 1
6403 1
6404 2
6405 1
6406 1
6407 1
6408 2
6409 2
6410 1
6411 1
6412 2
6413 1
6414 1
6415 1
6416 2
6417 1
6418 2
6419 2
6420 1
6421 1
6422 1
6423 1
6424 1
6425 3
6426 1
6427 2
6428 2
6429 1
6430 2
6431 2
6432 1
6433 1
6434 2
6435 2
6436 1
6437 1
6438 3
6439 1
6440 1
6441 1
6442 1
6443 2
6444 2
6445 2
6446 2
6447 2
6448 1
6449 2
6450 1
6451 1
6452 2
6453 3
6454 1
6455 2
6456 1
6457 2
6458 1
6459 2
6460 1
6461 2
6462 2
6463 1
6464 2
6465 1
6466 2
6467 1
6468 1
6469 1
6470 1
6471 1
6472 1
6473 2
6474 1
6475 1
6476 3
6477 1
6478 1
6479 1
6480 2
6481 2
6482 1
6483 1
6484 1
6485 1
6486 1
6487 1
6488 1
6489 1
6490 1
6491 1
6492 2
6493 1
6494 1
6495 1
6496 1
6497 2
6498 1
6499 1
6500 1
6501 1
6502 2
6503 1
6504 1
6505 1
6506 2
6507 2
6508 2
6509 2
6510 1
6511 1
6512 1
6513 1
6514 1
6515 2
6516 2
6517 1
6518 1
6519 1
6520 1
6521 2
6522 1
6523 1
6524 1
6525 1
6526 2
6527 1
6528 1
6529 2
6530 1
6531 2
6532 1
6533 2
6534 1
6535 1
6536 1
6537 1
6538 2
6539 1
6540 2
6541 1
6542 3
6543 2
6544 1
6545 4
6546 1
6547 2
6548 1
6549 1
6550 1
6551 1
6552 1
6553 2
6554 1
6555 1
6556 1
6557 2
6558 1
6559 1
6560 1
6561 3
6562 1
6563 1
6564 2
6565 1
6566 2
6567 1
6568 1
6569 2
6570 1
6571 3
6572 1
6573 1
6574 2
6575 2
6576 1
6577 1
6578 1
6579 1
6580 1
6581 1
6582 2
6583 2
6584 1
6585 1
6586 1
6587 1
6588 1
6589 2
6590 1
6591 1
6592 2
6593 1
6594 3
6595 1
6596 1
6597 1
6598 2
6599 2
6600 1
6601 2
6602 1
6603 1
6604 1
6605 1
6606 3
6607 1
6608 1
6609 1
6610 1
6611 1
6612 1
6613 1
6614 1
6615 1
6616 1
6617 1
6618 2
6619 1
6620 1
6621 2
6622 2
6623 1
6624 2
6625 2
6626 1
6627 2
6628 1
6629 3
6630 1
6631 1
6632 1
6633 2
6634 2
6635 1
6636 1
6637 1
6638 2
6639 1
6640 1
6641 2
6642 2
6643 1
6644 2
6645 1
6646 2
6647 4
6648 1
6649 2
6650 1
6651 1
6652 1
6653 1
6654 1
6655 1
6656 1
6657 3
6658 2
6659 1
6660 1
6661 1
6662 2
6663 2
6664 2
6665 2
6666 2
6667 1
6668 2
6669 1
6670 1
6671 3
6672 1
6673 2
6674 1
6675 1
6676 1
6677 1
6678 1
6679 1
6680 1
6681 1
6682 1
6683 1
6684 2
6685 1
6686 1
6687 2
6688 3
6689 2
6690 1
6691 1
6692 1
6693 1
6694 1
6695 3
6696 2
6697 1
6698 1
6699 4
6700 1
6701 2
6702 2
6703 1
6704 2
6705 1
6706 1
6707 1
6708 2
6709 1
6710 2
6711 1
6712 1
6713 1
6714 1
6715 1
6716 1
6717 1
6718 1
6719 1
6720 1
6721 1
6722 2
6723 2
6724 3
6725 1
6726 2
6727 2
6728 1
6729 1
6730 1
6731 1
6732 1
6733 3
6734 1
6735 1
6736 1
6737 1
6738 1
6739 1
6740 2
6741 1
6742 1
6743 1
6744 2
6745 2
6746 2
6747 1
6748 2
6749 1
6750 1
6751 2
6752 3
6753 1
6754 1
6755 1
6756 2
6757 1
6758 2
6759 1
6760 1
6761 1
6762 1
6763 3
6764 1
6765 1
6766 1
6767 1
6768 1
6769 1
6770 1
6771 1
6772 1
6773 1
6774 1
6775 1
6776 1
6777 2
6778 2
6779 1
6780 2
6781 2
6782 1
6783 1
6784 1
6785 2
6786 1
6787 1
6788 2
6789 2
6790 1
6791 3
6792 1
6793 1
6794 3
6795 2
6796 1
6797 1
6798 1
6799 1
6800 2
6801 1
6802 1
6803 1
6804 1
6805 1
6806 1
6807 1
6808 2
6809 1
6810 1
6811 1
6812 3
6813 1
6814 2
6815 3
6816 2
6817 1
6818 2
6819 1
6820 1
6821 1
6822 1
6823 1
6824 1
6825 1
6826 1
6827 1
6828 1
6829 1
6830 1
6831 1
6832 4
6833 1
6834 2
6835 1
6836 2
6837 2
6838 1
6839 1
6840 1
6841 2
6842 1
6843 2
6844 1
6845 1
6846 2
6847 1
6848 1
6849 1
6850 1
6851 1
6852 1
6853 1
6854 1
6855 1
6856 1
6857 1
6858 2
6859 2
6860 1
6861 2
6862 2
6863 1
6864 1
6865 1
6866 1
6867 1
6868 1
6869 1
6870 1
6871 2
6872 1
6873 1
6874 1
6875 3
6876 2
6877 2
6878 3
6879 2
6880 1
6881 1
6882 2
6883 2
6884 1
6885 1
6886 2
6887 2
6888 1
6889 1
6890 1
6891 1
6892 1
6893 1
6894 1
6895 1
6896 1
6897 2
6898 1
6899 1
6900 1
6901 2
6902 2
6903 1
6904 1
6905 1
6906 2
6907 1
6908 1
6909 1
6910 1
6911 3
6912 1
6913 1
6914 2
6915 1
6916 2
6917 1
6918 1
6919 1
6920 1
6921 1
6922 2
6923 1
6924 1
6925 2
6926 1
6927 2
6928 2
6929 1
6930 1
6931 1
6932 1
6933 1
6934 1
6935 1
6936 2
6937 2
6938 1
6939 2
6940 2
6941 1
6942 1
6943 1
6944 2
6945 1
6946 1
6947 2
6948 1
6949 1
6950 1
6951 1
6952 1
6953 1
6954 1
6955 1
6956 1
6957 1
6958 1
6959 1
6960 1
6961 2
6962 1
6963 1
6964 2
6965 2
6966 1
6967 1
6968 1
6969 2
6970 3
6971 2
6972 1
6973 2
6974 1
6975 1
6976 1
6977 1
6978 1
6979 2
6980 1
6981 1
6982 1
6983 2
6984 2
6985 1
6986 1
6987 1
6988 2
6989 1
6990 1
6991 1
6992 1
6993 2
6994 1
6995 1
6996 1
6997 2
6998 1
6999 1
7000 1
7001 1
7002 1
7003 1
7004 1
7005 1
7006 2
7007 2
7008 1
7009 2
7010 2
7011 1
7012 1
7013 1
7014 1
7015 1
7016 1
7017 1
7018 1
7019 1
7020 1
7021 1
7022 1
7023 1
7024 1
7025 1
7026 2
7027 1
7028 2
7029 2
7030 1
7031 2
7032 2
7033 1
7034 2
7035 1
7036 2
7037 1
7038 3
7039 1
7040 1
7041 1
7042 1
7043 1
7044 1
7045 1
7046 2
7047 2
7048 2
7049 2
7050 1
7051 1
7052 2
7053 1
7054 1
7055 1
7056 1
7057 1
7058 2
7059 1
7060 3
7061 1
7062 1
7063 1
7064 1
7065 1
7066 2
7067 2
7068 2
7069 2
7070 1
7071 1
7072 1
7073 1
7074 1
7075 3
7076 1
7077 1
7078 1
7079 2
7080 1
7081 1
7082 2
7083 1
7084 2
7085 1
7086 1
7087 2
7088 1
7089 1
7090 1
7091 1
7092 1
7093 3
7094 1
7095 2
7096 2
7097 2
7098 1
7099 1
7100 1
7101 1
7102 2
7103 1
7104 2
7105 1
7106 1
7107 1
7108 1
7109 1
7110 1
7111 1
7112 1
7113 2
7114 4
7115 1
7116 1
7117 1
7118 2
7119 1
7120 2
7121 1
7122 1
7123 1
7124 1
7125 1
7126 2
7127 1
7128 2
7129 1
7130 1
7131 2
7132 2
7133 1
7134 1
7135 1
7136 1
7137 2
7138 1
7139 2
7140 2
7141 1
7142 2
7143 2
7144 1
7145 2
7146 1
7147 2
7148 1
7149 1
7150 1
7151 1
7152 1
7153 1
7154 1
7155 1
7156 1
7157 1
7158 2
7159 1
7160 1
7161 1
7162 1
7163 2
7164 2
7165 1
7166 1
7167 1
7168 1
7169 1
7170 1
7171 1
7172 1
7173 2
7174 1
7175 1
7176 2
7177 1
7178 2
7179 1
7180 2
7181 1
7182 1
7183 2
7184 1
7185 1
7186 1
7187 1
7188 2
7189 1
7190 1
7191 1
7192 2
7193 1
7194 1
7195 1
7196 1
7197 2
7198 1
7199 1
7200 1
7201 2
7202 1
7203 1
7204 1
7205 1
7206 1
7207 1
7208 2
7209 1
7210 1
7211 2
7212 1
7213 2
7214 1
7215 1
7216 1
7217 1
7218 1
7219 1
7220 2
7221 3
7222 1
7223 1
7224 1
7225 1
7226 1
7227 1
7228 1
7229 1
7230 1
7231 1
7232 1
7233 1
7234 1
7235 1
7236 1
7237 1
7238 1
7239 2
7240 1
7241 1
7242 2
7243 1
7244 1
7245 1
7246 1
7247 2
7248 2
7249 1
7250 1
7251 1
7252 1
7253 1
7254 2
7255 1
7256 1
7257 1
7258 3
7259 1
7260 2
7261 1
7262 2
7263 1
7264 1
7265 1
7266 1
7267 3
7268 1
7269 1
7270 1
7271 1
7272 1
7273 1
7274 1
7275 1
7276 3
7277 2
7278 1
7279 1
7280 1
7281 2
7282 1
7283 2
7284 2
7285 1
7286 1
7287 1
7288 1
7289 1
7290 1
7291 1
7292 1
7293 1
7294 2
7295 1
7296 1
7297 1
7298 2
7299 1
7300 1
7301 2
7302 1
7303 1
7304 1
7305 1
7306 2
7307 1
7308 1
7309 1
7310 1
7311 2
7312 1
7313 1
7314 2
7315 1
7316 1
7317 2
7318 2
7319 1
7320 1
7321 1
7322 1
7323 1
7324 2
7325 2
7326 1
7327 2
7328 1
7329 1
7330 2
7331 1
7332 2
7333 1
7334 1
7335 2
7336 2
7337 2
7338 1
7339 4
7340 1
7341 2
7342 1
7343 1
7344 1
7345 1
7346 2
7347 1
7348 1
7349 1
7350 1
7351 2
7352 2
7353 1
7354 2
7355 1
7356 1
7357 1
7358 1
7359 1
7360 1
7361 2
7362 1
7363 1
7364 1
7365 1
7366 1
7367 1
7368 1
7369 1
7370 1
7371 2
7372 1
7373 1
7374 1
7375 1
7376 1
7377 1
7378 1
7379 2
7380 1
7381 1
7382 1
7383 1
7384 2
7385 1
7386 1
7387 1
7388 1
7389 1
7390 1
7391 1
7392 1
7393 1
7394 1
7395 1
7396 1
7397 1
7398 1
7399 2
7400 1
7401 1
7402 2
7403 2
7404 1
7405 1
7406 1
7407 2
7408 3
7409 1
7410 1
7411 1
7412 1
7413 2
7414 1
7415 2
7416 1
7417 1
7418 1
7419 1
7420 1
7421 1
7422 1
7423 1
7424 1
7425 1
7426 2
7427 2
7428 1
7429 1
7430 1
7431 3
7432 1
7433 1
7434 1
7435 1
7436 1
7437 1
7438 1
7439 1
7440 1
7441 1
7442 1
7443 1
7444 1
7445 1
7446 1
7447 3
7448 2
7449 1
7450 1
7451 2
7452 2
7453 2
7454 1
7455 1
7456 1
7457 2
7458 1
7459 1
7460 1
7461 1
7462 1
7463 1
7464 1
7465 1
7466 1
7467 1
7468 2
7469 1
7470 1
7471 1
7472 1
7473 1
7474 2
7475 1
7476 1
7477 1
7478 2
7479 1
7480 1
7481 2
7482 3
7483 1
7484 1
7485 1
7486 1
7487 1
7488 1
7489 1
7490 1
7491 1
7492 1
7493 2
7494 1
7495 3
7496 2
7497 1
7498 2
7499 1
7500 1
7501 1
7502 1
7503 2
7504 1
7505 1
7506 2
7507 2
7508 1
7509 1
7510 2
7511 1
7512 2
7513 1
7514 2
7515 1
7516 2
7517 1
7518 1
7519 1
7520 1
7521 2
7522 1
7523 1
7524 1
7525 1
7526 1
7527 2
7528 1
7529 1
7530 1
7531 1
7532 1
7533 1
7534 1
7535 1
7536 2
7537 1
7538 1
7539 1
7540 1
7541 1
7542 1
7543 1
7544 1
7545 1
7546 2
7547 1
7548 1
7549 1
7550 1
7551 1
7552 1
7553 2
7554 1
7555 1
7556 1
7557 2
7558 2
7559 2
7560 2
7561 1
7562 1
7563 2
7564 2
7565 1
7566 3
7567 2
7568 1
7569 1
7570 1
7571 3
7572 1
7573 1
7574 1
7575 1
7576 1
7577 1
7578 1
7579 1
7580 1
7581 1
7582 1
7583 1
7584 3
7585 2
7586 1
7587 3
7588 2
7589 1
7590 1
7591 1
7592 2
7593 1
7594 1
7595 1
7596 1
7597 1
7598 1
7599 2
7600 1
7601 2
7602 1
7603 1
7604 1
7605 1
7606 1
7607 1
7608 1
7609 1
7610 1
7611 1
7612 1
7613 1
7614 3
7615 2
7616 1
7617 1
7618 1
7619 1
7620 1
7621 1
7622 1
7623 1
7624 1
7625 2
7626 1
7627 1
7628 1
7629 1
7630 1
7631 2
7632 1
7633 1
7634 1
7635 1
7636 1
7637 2
7638 1
7639 1
7640 1
7641 2
7642 1
7643 2
7644 1
7645 1
7646 2
7647 2
7648 1
7649 1
7650 2
7651 1
7652 1
7653 2
7654 2
7655 1
7656 1
7657 1
7658 1
7659 1
7660 1
7661 1
7662 1
7663 1
7664 1
7665 1
7666 1
7667 1
7668 1
7669 1
7670 1
7671 1
7672 1
7673 1
7674 2
7675 1
7676 1
7677 2
7678 1
7679 1
7680 1
7681 2
7682 1
7683 1
7684 1
7685 2
7686 1
7687 1
7688 1
7689 2
7690 2
7691 1
7692 1
7693 1
7694 1
7695 1
7696 2
7697 1
7698 2
7699 1
7700 1
7701 1
7702 1
7703 1
7704 3
7705 1
7706 1
7707 1
7708 2
7709 1
7710 1
7711 1
7712 1
7713 1
7714 2
7715 1
7716 1
7717 1
7718 3
7719 1
7720 2
7721 1
7722 1
7723 3
7724 1
7725 1
7726 1
7727 2
7728 1
7729 2
7730 2
7731 1
7732 2
7733 1
7734 2
7735 1
7736 1
7737 1
7738 1
7739 1
7740 1
7741 3
7742 1
7743 1
7744 2
7745 1
7746 2
7747 1
7748 2
7749 1
7750 1
7751 1
7752 2
7753 1
7754 2
7755 2
7756 1
7757 1
7758 2
7759 1
7760 1
7761 1
7762 1
7763 1
7764 1
7765 1
7766 1
7767 1
7768 1
7769 2
7770 1
7771 1
7772 1
7773 1
7774 1
7775 1
7776 2
7777 1
7778 1
7779 1
7780 1
7781 1
7782 2
7783 1
7784 1
7785 1
7786 1
7787 1
7788 2
7789 1
7790 2
7791 1
7792 1
7793 1
7794 3
7795 1
7796 1
7797 1
7798 1
7799 1
7800 3
7801 1
7802 1
7803 1
7804 2
7805 1
7806 1
7807 1
7808 1
7809 1
7810 2
7811 1
7812 1
7813 1
7814 2
7815 1
7816 1
7817 1
7818 1
7819 1
7820 1
7821 2
7822 1
7823 1
7824 3
7825 4
7826 2
7827 1
7828 3
7829 1
7830 1
7831 2
7832 1
7833 1
7834 1
7835 1
7836 1
7837 1
7838 1
7839 1
7840 1
7841 1
7842 1
7843 1
7844 1
7845 2
7846 1
7847 1
7848 2
7849 1
7850 1
7851 2
7852 1
7853 1
7854 1
7855 1
7856 1
7857 2
7858 1
7859 1
7860 1
7861 2
7862 2
7863 1
7864 1
7865 1
7866 2
7867 1
7868 1
7869 1
7870 1
7871 1
7872 2
7873 1
7874 1
7875 1
7876 1
7877 1
7878 1
7879 1
7880 2
7881 1
7882 1
7883 1
7884 1
7885 1
7886 1
7887 2
7888 2
7889 1
7890 1
7891 1
7892 1
7893 2
7894 1
7895 1
7896 1
7897 1
7898 1
7899 1
7900 2
7901 1
7902 1
7903 1
7904 1
7905 2
7906 1
7907 1
7908 1
7909 1
7910 1
7911 2
7912 2
7913 1
7914 1
7915 1
7916 2
7917 1
7918 1
7919 1
7920 1
7921 1
7922 1
7923 1
7924 1
7925 1
7926 1
7927 1
7928 1
7929 1
7930 1
7931 1
7932 1
7933 1
7934 1
7935 1
7936 1
7937 1
7938 1
7939 1
7940 1
7941 2
7942 1
7943 1
7944 1
7945 1
7946 1
7947 1
7948 1
7949 1
7950 3
7951 1
7952 1
7953 2
7954 1
7955 1
7956 1
7957 2
7958 1
7959 1
7960 1
7961 3
7962 1
7963 1
7964 1
7965 1
7966 1
7967 1
7968 1
7969 1
7970 1
7971 4
7972 2
7973 1
7974 1
7975 2
7976 2
7977 1
7978 1
7979 2
7980 2
7981 1
7982 1
7983 1
7984 1
7985 1
7986 1
7987 2
7988 1
7989 2
7990 2
7991 1
7992 1
7993 2
7994 1
7995 1
7996 1
7997 1
7998 2
7999 1
8000 1
8001 1
8002 2
8003 1
8004 1
8005 1
8006 1
8007 1
8008 1
8009 1
8010 1
8011 1
8012 1
8013 2
8014 2
8015 1
8016 1
8017 2
8018 1
8019 1
8020 2
8021 3
8022 4
8023 1
8024 1
8025 1
8026 1
8027 1
8028 2
8029 1
8030 1
8031 2
8032 1
8033 1
8034 1
8035 1
8036 1
8037 1
8038 1
8039 2
8040 1
8041 1
8042 3
8043 2
8044 2
8045 1
8046 1
8047 1
8048 2
8049 1
8050 1
8051 1
8052 1
8053 1
8054 1
8055 1
8056 2
8057 1
8058 2
8059 1
8060 1
8061 1
8062 1
8063 1
8064 1
8065 1
8066 1
8067 1
8068 1
8069 1
8070 2
8071 1
8072 1
8073 1
8074 1
8075 1
8076 1
8077 1
8078 1
8079 1
8080 2
8081 2
8082 1
8083 1
8084 1
8085 1
8086 1
8087 1
8088 1
8089 2
8090 2
8091 1
8092 1
8093 1
8094 1
8095 1
8096 1
8097 1
8098 2
8099 2
8100 1
8101 1
8102 1
8103 1
8104 1
8105 1
8106 1
8107 1
8108 1
8109 1
8110 1
8111 1
8112 1
8113 1
8114 2
8115 1
8116 2
8117 1
8118 1
8119 1
8120 1
8121 1
8122 1
8123 2
8124 1
8125 1
8126 1
8127 2
8128 1
8129 1
8130 1
8131 1
8132 1
8133 1
8134 1
8135 1
8136 1
8137 1
8138 1
8139 2
8140 1
8141 2
8142 1
8143 1
8144 1
8145 1
8146 1
8147 1
8148 2
8149 1
8150 2
8151 1
8152 2
8153 1
8154 3
8155 1
8156 1
8157 1
8158 1
8159 1
8160 1
8161 1
8162 1
8163 1
8164 1
8165 1
8166 2
8167 1
8168 1
8169 1
8170 1
8171 1
8172 1
8173 1
8174 1
8175 1
8176 1
8177 1
8178 1
8179 1
8180 2
8181 1
8182 1
8183 2
8184 2
8185 1
8186 2
8187 1
8188 2
8189 2
8190 1
8191 2
8192 1
8193 2
8194 1
8195 1
8196 1
8197 1
8198 1
8199 1
8200 1
8201 1
8202 1
8203 1
8204 1
8205 1
8206 1
8207 1
8208 1
8209 1
8210 1
8211 1
8212 1
8213 1
8214 1
8215 1
8216 1
8217 1
8218 1
8219 1
8220 1
8221 1
8222 1
8223 2
8224 1
8225 1
8226 1
8227 1
8228 1
8229 1
8230 1
8231 1
8232 2
8233 1
8234 1
8235 1
8236 1
8237 1
8238 2
8239 1
8240 1
8241 1
8242 2
8243 1
8244 1
8245 1
8246 1
8247 2
8248 1
8249 1
8250 1
8251 1
8252 2
8253 1
8254 2
8255 1
8256 2
8257 1
8258 2
8259 1
8260 2
8261 1
8262 1
8263 1
8264 1
8265 1
8266 1
8267 1
8268 1
8269 1
8270 1
8271 1
8272 1
8273 1
8274 1
8275 1
8276 1
8277 1
8278 1
8279 1
8280 1
8281 2
8282 2
8283 1
8284 1
8285 1
8286 1
8287 1
8288 1
8289 1
8290 1
8291 1
8292 1
8293 2
8294 2
8295 1
8296 1
8297 1
8298 1
8299 1
8300 1
8301 1
8302 1
8303 1
8304 1
8305 1
8306 1
8307 1
8308 1
8309 1
8310 2
8311 2
8312 2
8313 1
8314 2
8315 2
8316 1
8317 1
8318 1
8319 1
8320 1
8321 1
8322 1
8323 1
8324 1
8325 1
8326 1
8327 1
8328 1
8329 2
8330 1
8331 1
8332 1
8333 1
8334 1
8335 2
8336 1
8337 1
8338 1
8339 1
8340 1
8341 1
8342 1
8343 1
8344 1
8345 1
8346 2
8347 1
8348 1
8349 1
8350 1
8351 1
8352 1
8353 1
8354 1
8355 1
8356 1
8357 1
8358 1
8359 2
8360 1
8361 1
8362 1
8363 1
8364 1
8365 1
8366 1
8367 1
8368 2
8369 1
8370 1
8371 1
8372 1
8373 1
8374 1
8375 1
8376 1
8377 1
8378 1
8379 2
8380 1
8381 1
8382 1
8383 2
8384 2
8385 2
8386 2
8387 1
8388 1
8389 1
8390 1
8391 1
8392 1
8393 1
8394 2
8395 1
8396 1
8397 1
8398 1
8399 1
8400 1
8401 1
8402 1
8403 1
8404 1
8405 1
8406 1
8407 1
8408 1
8409 1
8410 1
8411 1
8412 1
8413 1
8414 1
8415 1
8416 1
8417 1
8418 1
8419 1
8420 1
8421 1
8422 2
8423 1
8424 1
8425 1
8426 1
8427 2
8428 1
8429 1
8430 1
8431 1
8432 1
8433 1
8434 1
8435 1
8436 2
8437 1
8438 1
8439 1
8440 1
8441 1
8442 1
8443 1
8444 1
8445 1
8446 1
8447 1
8448 2
8449 1
8450 1
8451 1
8452 1
8453 1
8454 1
8455 1
8456 1
8457 2
8458 1
8459 1
8460 1
8461 2
8462 1
8463 1
8464 1
8465 1
8466 1
8467 1
8468 1
8469 1
8470 1
8471 1
8472 1
8473 1
8474 1
8475 2
8476 1
8477 2
8478 1
8479 1
8480 1
8481 1
8482 1
8483 1
8484 1
8485 1
8486 1
8487 1
8488 1
8489 1
8490 2
8491 1
8492 1
8493 1
8494 1
8495 1
8496 1
8497 1
8498 1
8499 1
8500 1
8501 1
8502 1
8503 1
8504 1
8505 1
8506 2
8507 1
8508 1
8509 1
8510 2
8511 1
8512 1
8513 1
8514 1
8515 1
8516 1
8517 2
8518 1
8519 3
8520 1
8521 1
8522 1
8523 1
8524 1
8525 2
8526 1
8527 1
8528 1
8529 1
8530 1
8531 2
8532 1
8533 2
8534 1
8535 1
8536 1
8537 1
8538 1
8539 1
8540 1
8541 1
8542 1
8543 1
8544 1
8545 1
8546 1
8547 1
8548 1
8549 1
8550 1
8551 1
8552 1
8553 1
8554 1
8555 1
8556 1
8557 1
8558 1
8559 1
8560 1
8561 1
8562 1
8563 1
8564 1
8565 1
8566 1
8567 1
8568 1
8569 1
8570 1
8571 1
8572 1
8573 1
8574 1
8575 1
8576 1
8577 1
8578 1
8579 1
8580 1
8581 2
8582 1
8583 1
8584 1
8585 1
8586 1
8587 1
8588 1
8589 1
8590 2
8591 1
8592 1
8593 1
8594 1
8595 1
8596 2
8597 1
8598 1
8599 1
8600 1
8601 2
8602 1
8603 1
8604 1
8605 1
8606 1
8607 1
8608 3
8609 2
8610 1
8611 1
8612 2
8613 3
8614 2
8615 1
8616 1
8617 1
8618 1
8619 2
8620 1
8621 1
8622 1
8623 1
8624 1
8625 1
8626 1
8627 1
8628 1
8629 1
8630 2
8631 1
8632 1
8633 1
8634 1
8635 2
8636 2
8637 1
8638 1
8639 1
8640 1
8641 1
8642 1
8643 1
8644 1
8645 1
8646 1
8647 1
8648 1
8649 2
8650 1
8651 1
8652 1
8653 1
8654 1
8655 1
8656 1
8657 1
8658 2
8659 1
8660 1
8661 1
8662 1
8663 1
8664 1
8665 1
8666 1
8667 1
8668 1
8669 1
8670 1
8671 1
8672 1
8673 1
8674 1
8675 1
8676 1
8677 1
8678 1
8679 1
8680 2
8681 1
8682 1
8683 1
8684 1
8685 1
8686 1
8687 1
8688 1
8689 2
8690 1
8691 1
8692 1
8693 1
8694 1
8695 1
8696 1
8697 1
8698 1
8699 2
8700 2
8701 1
8702 1
8703 1
8704 1
8705 1
8706 1
8707 2
8708 1
8709 1
8710 1
8711 1
8712 1
8713 2
8714 1
8715 1
8716 1
8717 1
8718 1
8719 1
8720 1
8721 1
8722 1
8723 1
8724 1
8725 1
8726 1
8727 1
8728 1
8729 1
8730 1
8731 1
8732 1
8733 1
8734 1
8735 1
8736 1
8737 1
8738 1
8739 1
8740 2
8741 2
8742 1
8743 1
8744 1
8745 1
8746 1
8747 1
8748 1
8749 1
8750 1
8751 2
8752 1
8753 1
8754 1
8755 1
8756 1
8757 1
8758 1
8759 2
8760 1
8761 1
8762 1
8763 1
8764 1
8765 1
8766 1
8767 1
8768 1
8769 1
8770 1
8771 1
8772 1
8773 1
8774 1
8775 1
8776 1
8777 1
8778 1
8779 1
8780 1
8781 1
8782 1
8783 1
8784 1
8785 1
8786 1
8787 1
8788 1
8789 1
8790 1
8791 1
8792 1
8793 1
8794 1
8795 2
8796 1
8797 1
8798 1
8799 1
8800 1
8801 1
8802 1
8803 1
8804 2
8805 1
8806 2
8807 2
8808 2
8809 1
8810 1
8811 1
8812 1
8813 1
8814 2
8815 1
8816 1
8817 1
8818 1
8819 1
8820 1
8821 1
8822 1
8823 2
8824 2
8825 2
8826 2
8827 1
8828 1
8829 1
8830 1
8831 1
8832 2
8833 1
8834 1
8835 1
8836 1
8837 1
8838 1
8839 1
8840 1
8841 1
8842 1
8843 1
8844 1
8845 1
8846 1
8847 1
8848 1
8849 1
8850 1
8851 1
8852 1
8853 2
8854 1
8855 1
8856 1
8857 1
8858 1
8859 2
8860 1
8861 1
8862 1
8863 1
8864 1
8865 1
8866 1
8867 1
8868 1
8869 1
8870 1
8871 1
8872 1
8873 1
8874 2
8875 1
8876 1
8877 1
8878 1
8879 1
8880 2
8881 1
8882 1
8883 1
8884 1
8885 1
8886 2
8887 1
8888 1
8889 2
8890 1
8891 1
8892 1
8893 1
8894 1
8895 1
8896 2
8897 1
8898 1
8899 1
8900 1
8901 1
8902 1
8903 2
8904 1
8905 1
8906 1
8907 1
8908 1
8909 1
8910 1
8911 1
8912 2
8913 1
8914 1
8915 1
8916 1
8917 1
8918 1
8919 1
8920 1
8921 1
8922 1
8923 1
8924 1
8925 1
8926 1
8927 1
8928 1
8929 1
8930 1
8931 1
8932 1
8933 2
8934 1
8935 2
8936 1
8937 1
8938 1
8939 1
8940 1
8941 1
8942 1
8943 1
8944 2
8945 2
8946 1
8947 1
8948 1
8949 1
8950 2
8951 1
8952 1
8953 1
8954 1
8955 1
8956 1
8957 1
8958 1
8959 1
8960 1
8961 1
8962 1
8963 1
8964 1
8965 1
8966 1
8967 1
8968 1
8969 1
8970 2
8971 1
8972 1
8973 1
8974 1
8975 1
8976 1
8977 2
8978 1
8979 1
8980 1
8981 1
8982 1
8983 1
8984 1
8985 1
8986 1
8987 1
8988 1
8989 1
8990 1
8991 1
8992 1
8993 1
8994 1
8995 2
8996 1
8997 1
8998 1
8999 1
9000 1
9001 1
9002 1
9003 1
9004 1
9005 1
9006 1
9007 1
9008 1
9009 1
9010 2
9011 1
9012 1
9013 1
9014 1
9015 1
9016 1
9017 1
9018 1
9019 1
9020 1
9021 1
9022 1
9023 1
9024 2
9025 1
9026 1
9027 1
9028 2
9029 1
9030 1
9031 1
9032 1
9033 1
9034 1
9035 1
9036 1
9037 1
9038 1
9039 1
9040 1
9041 1
9042 1
9043 1
9044 1
9045 1
9046 1
9047 1
9048 1
9049 1
9050 1
9051 1
9052 1
9053 1
9054 1
9055 1
9056 1
9057 1
9058 2
9059 1
9060 2
9061 2
9062 1
9063 1
9064 1
9065 1
9066 1
9067 1
9068 1
9069 1
9070 1
9071 1
9072 1
9073 1
9074 1
9075 1
9076 1
9077 1
9078 1
9079 1
9080 1
9081 1
9082 1
9083 1
9084 1
9085 1
9086 1
9087 2
9088 1
9089 1
9090 1
9091 1
9092 1
9093 1
9094 1
9095 1
9096 2
9097 1
9098 1
9099 1
9100 1
9101 1
9102 1
9103 1
9104 1
9105 1
9106 2
9107 1
9108 1
9109 1
9110 1
9111 1
9112 1
9113 1
9114 1
9115 1
9116 1
9117 1
9118 1
9119 1
9120 2
9121 2
9122 1
9123 1
9124 1
9125 2
9126 1
9127 1
9128 2
9129 1
9130 2
9131 1
9132 1
9133 1
9134 2
9135 1
9136 1
9137 1
9138 1
9139 1
9140 1
9141 1
9142 1
9143 1
9144 1
9145 1
9146 1
9147 1
9148 1
9149 1
9150 1
9151 1
9152 1
9153 2
9154 1
9155 1
9156 1
9157 1
9158 1
9159 1
9160 1
9161 1
9162 1
9163 2
9164 1
9165 1
9166 1
9167 1
9168 2
9169 1
9170 1
9171 1
9172 1
9173 1
9174 1
9175 1
9176 1
9177 1
9178 1
9179 1
9180 1
9181 1
9182 2
9183 1
9184 1
9185 1
9186 1
9187 1
9188 1
9189 1
9190 1
9191 1
9192 1
9193 2
9194 1
9195 1
9196 1
9197 1
9198 1
9199 1
9200 1
9201 1
9202 1
9203 1
9204 2
9205 1
9206 1
9207 1
9208 1
9209 1
9210 1
9211 1
9212 2
9213 1
9214 1
9215 1
9216 1
9217 1
9218 1
9219 1
9220 1
9221 1
9222 1
9223 1
9224 2
9225 1
9226 1
9227 2
9228 1
9229 2
9230 1
9231 1
9232 1
9233 1
9234 1
9235 1
9236 1
9237 1
9238 1
9239 1
9240 1
9241 1
9242 1
9243 1
9244 1
9245 1
9246 1
9247 1
9248 1
9249 2
9250 1
9251 1
9252 1
9253 1
9254 1
9255 1
9256 1
9257 1
9258 1
9259 1
9260 1
9261 1
9262 1
9263 1
9264 1
9265 1
9266 1
9267 1
9268 1
9269 1
9270 1
9271 1
9272 1
9273 2
9274 2
9275 1
9276 1
9277 1
9278 1
9279 1
9280 1
9281 2
9282 1
9283 1
9284 1
9285 1
9286 1
9287 1
9288 1
9289 1
9290 1
9291 1
9292 1
9293 2
9294 1
9295 1
9296 1
9297 2
9298 2
9299 1
9300 1
9301 1
9302 1
9303 1
9304 1
9305 1
9306 2
9307 1
9308 2
9309 1
9310 1
9311 1
9312 1
9313 1
9314 1
9315 1
9316 1
9317 1
9318 1
9319 1
9320 1
9321 1
9322 1
9323 1
9324 1
9325 1
9326 1
9327 1
9328 1
9329 1
9330 1
9331 1
9332 1
9333 1
9334 1
9335 1
9336 1
9337 1
9338 1
9339 1
9340 1
9341 1
9342 1
9343 1
9344 1
9345 1
9346 1
9347 1
9348 1
9349 1
9350 1
9351 1
9352 1
9353 1
9354 1
9355 1
9356 1
9357 1
9358 1
9359 1
9360 1
9361 1
9362 1
9363 1
9364 1
9365 1
9366 1
9367 1
9368 1
9369 1
9370 1
9371 1
9372 1
9373 1
9374 1
9375 1
9376 1
9377 1
9378 1
9379 1
9380 1
9381 1
9382 1
9383 1
9384 1
9385 1
9386 1
9387 1
9388 1
9389 1
9390 1
9391 1
9392 1
9393 1
9394 1
9395 1
9396 1
9397 1
9398 1
9399 1
9400 1
9401 1
9402 1
9403 2
9404 1
9405 1
9406 1
9407 1
9408 1
9409 1
9410 1
9411 1
9412 1
9413 1
9414 1
9415 1
9416 1
9417 1
9418 1
9419 1
9420 1
9421 1
9422 1
9423 1
9424 1
9425 1
9426 1
9427 1
9428 1
9429 1
9430 1
9431 1
9432 1
9433 1
9434 1
9435 1
9436 1
9437 1
9438 1
9439 1
9440 1
9441 1
9442 1
9443 1
9444 1
9445 1
9446 1
9447 1
9448 1
9449 1
9450 1
9451 1
9452 1
9453 1
9454 1
9455 1
9456 1
9457 1
9458 2
9459 1
9460 1
9461 1
9462 2
9463 1
9464 1
9465 1
9466 1
9467 1
9468 1
9469 1
9470 1
9471 1
9472 1
9473 1
9474 1
9475 1
9476 1
9477 1
9478 1
9479 1
9480 1
9481 1
9482 1
9483 1
9484 1
9485 1
9486 1
9487 1
9488 1
9489 1
9490 1
9491 1
9492 1
9493 1
9494 1
9495 1
9496 1
9497 1
9498 1
9499 1
9500 1
9501 1
9502 1
9503 1
9504 1
9505 1
9506 1
9507 1
9508 1
9509 1
9510 1
9511 1
9512 1
9513 1
9514 2
9515 1
9516 1
9517 1
9518 1
9519 1
9520 1
9521 1
9522 1
9523 1
9524 1
9525 1
9526 1
9527 1
9528 1
9529 1
9530 1
9531 1
9532 1
9533 1
9534 1
9535 1
9536 1
9537 1
9538 1
9539 1
9540 1
9541 1
9542 1
9543 1
9544 1
9545 1
9546 1
9547 1
9548 1
9549 1
9550 1
9551 1
9552 1
9553 1
9554 1
9555 1
9556 1
9557 1
9558 1
9559 1
9560 1
9561 1
9562 1
9563 1
9564 1
9565 1
9566 1
9567 1
9568 1
9569 1
9570 1
9571 1
9572 1
9573 1
9574 1
9575 1
9576 1
9577 1
9578 1
9579 1
9580 1
9581 1
9582 1
9583 1
9584 1
9585 3
9586 1
9587 1
9588 1
9589 1
9590 1
9591 1
9592 1
9593 1
9594 1
9595 1
9596 1
9597 1
9598 1
9599 1
9600 1
9601 1
9602 1
9603 1
9604 1
9605 1
9606 1
9607 1
9608 1
9609 1
9610 1
9611 2
9612 1
9613 1
9614 1
9615 1
9616 1
9617 1
9618 1
9619 2
9620 1
9621 1
9622 1
9623 1
9624 1
9625 1
9626 1
9627 1
9628 1
9629 1
9630 1
9631 1
9632 1
9633 1
9634 1
9635 1
9636 2
9637 1
9638 1
9639 1
9640 1
9641 1
9642 1
9643 1
9644 1
9645 1
9646 1
9647 1
9648 1
9649 1
9650 1
9651 1
9652 1
9653 1
9654 1
9655 1
9656 1
9657 1
9658 1
9659 1
9660 1
9661 1
9662 1
9663 1
9664 1
9665 1
9666 1
9667 1
9668 1
9669 1
9670 1
9671 1
9672 1
9673 1
9674 1
9675 1
9676 1
9677 1
9678 1
9679 1
9680 1
9681 1
9682 1
9683 1
9684 1
9685 1
9686 1
9687 1
9688 1
9689 1
9690 1
9691 1
9692 1
9693 2
9694 1
9695 1
9696 1
9697 1
9698 1
9699 1
9700 1
9701 1
9702 1
9703 1
9704 1
9705 1
9706 1
9707 2
9708 1
9709 1
9710 1
9711 2
9712 1
9713 1
9714 1
9715 1
9716 1
9717 1
9718 1
9719 1
9720 1
9721 1
9722 1
9723 1
9724 1
9725 1
9726 1
9727 1
9728 1
9729 1
9730 1
9731 1
9732 1
9733 1
9734 1
9735 1
9736 1
9737 1
9738 1
9739 1
9740 1
9741 1
9742 1
9743 1
9744 1
9745 1
9746 1
9747 1
9748 1
9749 1
9750 1
9751 1
9752 1
9753 1
9754 1
9755 1
9756 1
9757 1
9758 1
9759 1
9760 1
9761 1
9762 1
9763 1
9764 1
9765 1
9766 1
9767 1
9768 1
9769 1
9770 1
9771 1
9772 1
9773 1
9774 1
9775 1
9776 1
9777 1
9778 1
9779 1
9780 1
9781 2
9782 1
9783 1
9784 1
9785 1
9786 1
9787 1
9788 1
9789 1
9790 1
9791 1
9792 1
9793 1
9794 1
9795 1
9796 1
9797 1
9798 1
9799 1
9800 1
9801 1
9802 1
9803 1
9804 1
9805 1
9806 1
9807 1
9808 1
9809 1
9810 1
9811 1
9812 1
9813 1
9814 1
9815 1
9816 1
9817 1
9818 1
9819 1
9820 1
9821 1
9822 1
9823 1
9824 1
9825 1
9826 1
9827 1
9828 1
9829 1
9830 1
9831 1
9832 1
9833 1
9834 1
9835 1
9836 1
9837 1
9838 2
9839 1
9840 1
9841 1
9842 1
9843 1
9844 1
9845 1
9846 1
9847 1
9848 1
9849 1
9850 1
9851 1
9852 1
9853 1
9854 1
9855 1
9856 1
9857 1
9858 1
9859 1
9860 1
9861 1
9862 1
9863 2
9864 1
9865 1
9866 1
9867 1
9868 1
9869 1
9870 1
9871 1
9872 1
9873 1
9874 1
9875 1
9876 1
9877 1
9878 1
9879 1
9880 1
9881 1
9882 1
9883 1
9884 1
9885 2
9886 1
9887 1
9888 1
9889 1
9890 1
9891 1
9892 1
9893 1
9894 1
9895 1
9896 1
9897 1
9898 1
9899 1
9900 1
9901 1
9902 1
9903 1
9904 1
9905 1
9906 1
9907 1
9908 1
9909 1
9910 1
9911 1
9912 1
9913 1
9914 1
9915 1
9916 1
9917 1
9918 1
9919 1
9920 1
9921 1
9922 1
9923 1
9924 1
9925 1
9926 1
9927 1
9928 1
9929 1
9930 1
9931 1
9932 1
9933 1
9934 1
9935 1
9936 1
9937 1
9938 1
9939 1
9940 1
9941 1
9942 1
9943 1
9944 1
9945 1
9946 1
9947 1
9948 1
9949 1
9950 1
9951 1
9952 1
9953 1
9954 1
9955 1
9956 1
9957 1
9958 1
9959 1
9960 1
9961 1
9962 1
9963 1
9964 1
9965 1
9966 1
9967 1
9968 1
9969 1
9970 1
9971 1
9972 1
9973 1
9974 1
9975 1
9976 1
9977 1
9978 1
9979 1
9980 1
9981 1
9982 1
9983 1
9984 1
9985 1
9986 1
9987 1
9988 1
9989 1
9990 1
9991 1
9992 1
9993 1
9994 1
9995 1
9996 1
9997 1
9998 1
9999 1
10000 1
