10 1
11 1
12 1
13 1
14 1
15 1
16 2
17 2
18 3
19 3
20 3
21 3
22 3
23 3
24 3
25 3
26 3
27 3
28 3
29 3
30 3
31 3
32 3
33 3
34 3
35 3
36 3
37 3
38 3
39 3
40 3
41 3
42 3
43 3
44 3
45 3
46 3
47 3
48 3
49 3
50 3
51 3
52 3
53 3
54 3
55 3
56 3
57 3
58 3
59 3
60 3
61 3
62 3
63 3
64 3
65 3
66 3
67 3
68 3
69 3
70 3
71 3
72 3
73 3
74 3
75 3
76 3
77 3
78 3
79 3
80 3
81 3
82 3
83 3
84 3
85 3
86 3
87 3
88 3
89 3
90 3
91 3
92 3
93 3
94 3
95 3
96 3
97 3
98 3
99 3
100 3
101 3
102 3
103 3
104 3
105 3
106 3
107 3
108 3
109 3
110 3
111 3
112 3
113 3
114 3
115 3
116 3
117 3
118 3
119 3
120 3
121 3
122 3
123 3
124 3
125 3
126 3
127 3
128 3
129 3
130 3
131 3
132 3
133 3
134 3
135 3
136 4
137 4
138 4
139 5
140 5
141 5
142 5
143 5
144 5
145 5
146 5
147 5
148 5
149 5
150 5
151 5
152 5
153 5
154 5
155 5
156 5
157 5
158 5
159 5
160 5
161 5
162 5
163 5
164 5
165 5
166 5
167 5
168 5
169 5
170 5
171 5
172 5
173 5
174 5
175 5
176 5
177 5
178 5
179 5
180 5
181 5
182 5
183 5
184 5
185 5
186 5
187 5
188 5
189 5
190 5
191 5
192 5
193 5
194 5
195 5
196 5
197 5
198 5
199 5
200 5
201 5
202 5
203 5
204 5
205 5
206 5
207 5
208 5
209 5
210 5
211 5
212 5
213 5
214 5
215 5
216 5
217 5
218 5
219 5
220 5
221 5
222 5
223 5
224 5
225 5
226 5
227 5
228 5
229 5
230 5
231 5
232 5
233 5
234 5
235 5
236 5
237 5
238 5
239 5
240 5
241 5
242 5
243 5
244 5
245 5
246 5
247 5
248 5
249 5
250 5
251 5
252 5
253 5
254 5
255 5
256 5
257 5
258 5
259 5
260 5
261 5
262 5
263 5
264 5
265 5
266 5
267 5
268 5
269 5
270 5
271 5
272 5
273 5
274 5
275 5
276 5
277 5
278 5
279 5
280 5
281 5
282 5
283 5
284 5
285 5
286 5
287 5
288 5
289 5
290 5
291 5
292 5
293 5
294 5
295 5
296 5
297 5
298 5
299 5
300 5
301 5
302 5
303 5
304 5
305 5
306 5
307 5
308 5
309 5
310 5
311 5
312 5
313 5
314 5
315 5
316 5
317 5
318 5
319 5
320 5
321 5
322 5
323 5
324 5
325 5
326 5
327 5
328 5
329 5
330 5
331 5
332 5
333 5
334 5
335 5
336 5
337 5
338 5
339 5
340 5
341 5
342 5
343 6
344 6
345 6
346 6
347 6
348 6
349 6
350 6
351 6
352 6
353 6
354 6
355 6
356 6
357 7
358 7
359 7
360 7
361 7
362 7
363 7
364 7
365 7
366 7
367 7
368 7
369 7
370 7
371 7
372 7
373 7
374 7
375 7
376 7
377 7
378 7
379 7
380 7
381 7
382 7
383 7
384 7
385 7
386 7
387 7
388 7
389 7
390 7
391 7
392 7
393 7
394 7
395 7
396 7
397 7
398 7
399 7
400 7
401 7
402 7
403 7
404 7
405 7
406 7
407 7
408 7
409 7
410 7
411 7
412 7
413 7
414 7
415 7
416 7
417 7
418 7
419 7
420 7
421 7
422 7
423 7
424 7
425 7
426 7
427 7
428 7
429 7
430 7
431 7
432 7
433 7
434 7
435 7
436 7
437 7
438 7
439 7
440 7
441 7
442 7
443 7
444 7
445 7
446 7
447 7
448 7
449 7
450 7
451 7
452 7
453 7
454 7
455 7
456 7
457 7
458 7
459 7
460 7
461 7
462 7
463 7
464 7
465 7
466 7
467 7
468 7
469 7
470 7
471 7
472 7
473 7
474 7
475 7
476 7
477 7
478 7
479 7
480 7
481 7
482 7
483 7
484 7
485 7
486 7
487 7
488 7
489 7
490 7
491 7
492 7
493 7
494 7
495 7
496 7
497 7
498 7
499 7
500 7
501 7
502 7
503 7
504 7
505 7
506 7
507 7
508 7
509 7
510 7
511 7
512 7
513 7
514 7
515 7
516 7
517 7
518 7
519 7
520 7
521 7
522 7
523 7
524 7
525 7
526 7
527 7
528 7
529 7
530 7
531 7
532 7
533 7
534 7
535 7
536 7
537 7
538 7
539 7
540 7
541 7
542 7
543 7
544 7
545 7
546 7
547 7
548 7
549 7
550 7
551 7
552 7
553 7
554 7
555 7
556 7
557 7
558 7
559 7
560 7
561 7
562 7
563 7
564 7
565 7
566 7
567 7
568 7
569 7
570 7
571 7
572 7
573 7
574 7
575 7
576 7
577 7
578 7
579 7
580 7
581 7
582 7
583 7
584 7
585 7
586 7
587 7
588 7
589 7
590 7
591 7
592 7
593 7
594 7
595 7
596 7
597 7
598 7
599 7
600 7
601 7
602 7
603 7
604 7
605 7
606 7
607 7
608 7
609 7
610 7
611 7
612 7
613 7
614 7
615 7
616 7
617 7
618 7
619 7
620 7
621 7
622 7
623 7
624 7
625 7
626 7
627 7
628 7
629 7
630 7
631 7
632 7
633 7
634 7
635 7
636 7
637 7
638 7
639 7
640 7
641 7
642 7
643 7
644 7
645 7
646 7
647 7
648 7
649 7
650 7
651 7
652 7
653 7
654 7
655 7
656 7
657 7
658 7
659 7
660 7
661 7
662 7
663 7
664 7
665 7
666 7
667 7
668 7
669 7
670 7
671 7
672 7
673 7
674 7
675 7
676 7
677 7
678 7
679 7
680 7
681 7
682 7
683 7
684 7
685 7
686 7
687 7
688 7
689 7
690 7
691 7
692 7
693 7
694 7
695 7
696 7
697 7
698 7
699 7
700 7
701 7
702 7
703 7
704 7
705 7
706 7
707 7
708 7
709 7
710 7
711 7
712 7
713 7
714 7
715 7
716 7
717 7
718 7
719 7
720 7
721 7
722 7
723 7
724 7
725 7
726 7
727 7
728 7
729 7
730 7
731 7
732 7
733 7
734 7
735 7
736 7
737 7
738 7
739 7
740 7
741 7
742 7
743 7
744 7
745 7
746 7
747 7
748 7
749 7
750 7
751 7
752 7
753 7
754 7
755 7
756 7
757 7
758 7
759 7
760 7
761 7
762 7
763 7
764 7
765 7
766 7
767 7
768 7
769 7
770 7
771 7
772 7
773 7
774 7
775 7
776 7
777 7
778 7
779 7
780 7
781 7
782 7
783 7
784 7
785 7
786 7
787 7
788 7
789 7
790 7
791 7
792 7
793 7
794 7
795 7
796 7
797 7
798 7
799 7
800 7
801 7
802 7
803 7
804 7
805 7
806 7
807 7
808 7
809 7
810 7
811 7
812 7
813 7
814 7
815 7
816 7
817 7
818 7
819 7
820 7
821 7
822 7
823 7
824 7
825 7
826 7
827 7
828 7
829 7
830 7
831 7
832 7
833 7
834 7
835 7
836 7
837 7
838 7
839 7
840 7
841 7
842 7
843 7
844 7
845 7
846 7
847 7
848 7
849 7
850 7
851 7
852 7
853 7
854 7
855 7
856 7
857 7
858 7
859 7
860 7
861 7
862 7
863 7
864 7
865 7
866 7
867 7
868 7
869 7
870 7
871 7
872 7
873 7
874 7
875 7
876 7
877 7
878 7
879 7
880 7
881 7
882 7
883 7
884 7
885 7
886 7
887 7
888 7
889 7
890 7
891 7
892 7
893 7
894 7
895 7
896 7
897 7
898 7
899 7
900 7
901 7
902 7
903 7
904 7
905 7
906 7
907 7
908 7
909 7
910 7
911 7
912 7
913 7
914 7
915 7
916 7
917 7
918 7
919 7
920 7
921 7
922 7
923 7
924 7
925 7
926 7
927 7
928 7
929 7
930 7
931 7
932 7
933 7
934 7
935 7
936 7
937 7
938 7
939 7
940 7
941 7
942 7
943 7
944 7
945 7
946 7
947 7
948 7
949 7
950 7
951 7
952 7
953 7
954 7
955 7
956 7
957 7
958 7
959 7
960 7
961 7
962 7
963 7
964 7
965 7
966 7
967 7
968 7
969 7
970 7
971 7
972 7
973 7
974 7
975 7
976 7
977 7
978 7
979 7
980 7
981 7
982 7
983 7
984 7
985 7
986 7
987 7
988 7
989 7
990 7
991 7
992 7
993 7
994 7
995 7
996 7
997 7
998 7
999 7
1000 7
1001 7
1002 7
1003 7
1004 7
1005 7
1006 7
1007 7
1008 7
1009 7
1010 7
1011 7
1012 7
1013 7
1014 7
1015 7
1016 7
1017 7
1018 7
1019 7
1020 7
1021 7
1022 7
1023 7
1024 7
1025 7
1026 7
1027 7
1028 7
1029 7
1030 7
1031 7
1032 7
1033 7
1034 7
1035 7
1036 7
1037 7
1038 7
1039 7
1040 7
1041 7
1042 7
1043 7
1044 7
1045 7
1046 7
1047 7
1048 7
1049 7
1050 7
1051 7
1052 7
1053 7
1054 7
1055 7
1056 7
1057 7
1058 7
1059 7
1060 7
1061 7
1062 7
1063 7
1064 7
1065 7
1066 7
1067 7
1068 7
1069 7
1070 7
1071 7
1072 7
1073 7
1074 7
1075 7
1076 7
1077 7
1078 7
1079 7
1080 7
1081 7
1082 7
1083 7
1084 7
1085 7
1086 7
1087 7
1088 7
1089 7
1090 7
1091 7
1092 7
1093 7
1094 7
1095 7
1096 7
1097 7
1098 7
1099 7
1100 7
1101 7
1102 7
1103 7
1104 8
1105 8
1106 8
1107 8
1108 8
1109 8
1110 8
1111 8
1112 8
1113 8
1114 8
1115 8
1116 8
1117 8
1118 8
1119 8
1120 8
1121 8
1122 8
1123 8
1124 8
1125 8
1126 8
1127 8
1128 8
1129 8
1130 8
1131 8
1132 8
1133 8
1134 8
1135 9
1136 9
1137 9
1138 9
1139 9
1140 9
1141 9
1142 9
1143 9
1144 9
1145 9
1146 9
1147 9
1148 9
1149 9
1150 9
1151 9
1152 9
1153 9
1154 9
1155 9
1156 9
1157 9
1158 9
1159 9
1160 9
1161 9
1162 9
1163 9
1164 9
1165 9
1166 9
1167 9
1168 9
1169 9
1170 9
1171 9
1172 9
1173 9
1174 9
1175 9
1176 9
1177 9
1178 9
1179 9
1180 9
1181 9
1182 9
1183 9
1184 9
1185 9
1186 9
1187 9
1188 9
1189 9
1190 9
1191 9
1192 9
1193 9
1194 9
1195 9
1196 9
1197 9
1198 9
1199 9
1200 9
1201 9
1202 9
1203 9
1204 9
1205 9
1206 9
1207 9
1208 9
1209 9
1210 9
1211 9
1212 9
1213 9
1214 9
1215 9
1216 9
1217 9
1218 9
1219 9
1220 9
1221 9
1222 9
1223 9
1224 9
1225 9
1226 9
1227 9
1228 9
1229 9
1230 9
1231 9
1232 9
1233 9
1234 9
1235 9
1236 9
1237 9
1238 9
1239 9
1240 9
1241 9
1242 9
1243 9
1244 9
1245 9
1246 9
1247 9
1248 9
1249 9
1250 9
1251 9
1252 9
1253 9
1254 9
1255 9
1256 9
1257 9
1258 9
1259 9
1260 9
1261 9
1262 9
1263 9
1264 9
1265 9
1266 9
1267 9
1268 9
1269 9
1270 9
1271 9
1272 9
1273 9
1274 9
1275 9
1276 9
1277 9
1278 9
1279 9
1280 9
1281 9
1282 9
1283 9
1284 9
1285 9
1286 9
1287 9
1288 9
1289 9
1290 9
1291 9
1292 9
1293 9
1294 9
1295 9
1296 9
1297 9
1298 9
1299 9
1300 9
1301 9
1302 9
1303 9
1304 9
1305 9
1306 9
1307 9
1308 9
1309 9
1310 9
1311 9
1312 9
1313 9
1314 9
1315 9
1316 9
1317 9
1318 9
1319 9
1320 9
1321 9
1322 9
1323 9
1324 9
1325 9
1326 9
1327 9
1328 9
1329 9
1330 9
1331 9
1332 9
1333 9
1334 9
1335 9
1336 9
1337 9
1338 9
1339 9
1340 9
1341 9
1342 9
1343 9
1344 9
1345 9
1346 9
1347 9
1348 9
1349 9
1350 9
1351 9
1352 9
1353 9
1354 9
1355 9
1356 9
1357 9
1358 9
1359 9
1360 9
1361 9
1362 9
1363 9
1364 9
1365 9
1366 9
1367 9
1368 9
1369 9
1370 9
1371 9
1372 9
1373 9
1374 9
1375 9
1376 9
1377 9
1378 9
1379 9
1380 9
1381 9
1382 9
1383 9
1384 9
1385 9
1386 9
1387 9
1388 9
1389 9
1390 9
1391 9
1392 9
1393 9
1394 9
1395 9
1396 9
1397 9
1398 9
1399 9
1400 9
1401 9
1402 9
1403 9
1404 9
1405 9
1406 9
1407 9
1408 9
1409 9
1410 9
1411 9
1412 9
1413 9
1414 9
1415 9
1416 9
1417 9
1418 9
1419 9
1420 9
1421 9
1422 9
1423 9
1424 9
1425 9
1426 9
1427 9
1428 9
1429 9
1430 9
1431 9
1432 9
1433 9
1434 9
1435 9
1436 9
1437 9
1438 9
1439 9
1440 9
1441 9
1442 9
1443 9
1444 9
1445 9
1446 9
1447 9
1448 9
1449 9
1450 9
1451 9
1452 9
1453 9
1454 9
1455 9
1456 9
1457 9
1458 9
1459 9
1460 9
1461 9
1462 9
1463 9
1464 9
1465 9
1466 9
1467 9
1468 9
1469 9
1470 9
1471 9
1472 9
1473 9
1474 9
1475 9
1476 9
1477 9
1478 9
1479 9
1480 9
1481 9
1482 9
1483 9
1484 9
1485 9
1486 9
1487 9
1488 9
1489 9
1490 9
1491 9
1492 9
1493 9
1494 9
1495 9
1496 9
1497 10
1498 10
1499 10
1500 10
1501 10
1502 10
1503 10
1504 10
1505 10
1506 10
1507 10
1508 10
1509 10
1510 10
1511 10
1512 10
1513 10
1514 10
1515 10
1516 10
1517 10
1518 10
1519 10
1520 10
1521 10
1522 10
1523 10
1524 10
1525 10
1526 10
1527 10
1528 10
1529 10
1530 10
1531 10
1532 10
1533 10
1534 10
1535 10
1536 10
1537 10
1538 10
1539 10
1540 10
1541 10
1542 10
1543 10
1544 10
1545 10
1546 10
1547 10
1548 10
1549 10
1550 10
1551 10
1552 10
1553 10
1554 10
1555 10
1556 10
1557 10
1558 10
1559 10
1560 10
1561 10
1562 10
1563 10
1564 10
1565 10
1566 10
1567 10
1568 10
1569 10
1570 10
1571 10
1572 10
1573 10
1574 10
1575 10
1576 10
1577 10
1578 10
1579 10
1580 10
1581 10
1582 10
1583 10
1584 10
1585 10
1586 10
1587 10
1588 10
1589 10
1590 10
1591 10
1592 10
1593 10
1594 10
1595 10
1596 10
1597 10
1598 10
1599 10
1600 10
1601 10
1602 10
1603 10
1604 10
1605 10
1606 10
1607 10
1608 10
1609 10
1610 10
1611 10
1612 10
1613 10
1614 10
1615 10
1616 10
1617 10
1618 10
1619 10
1620 10
1621 10
1622 10
1623 10
1624 10
1625 10
1626 10
1627 10
1628 10
1629 10
1630 10
1631 10
1632 10
1633 10
1634 10
1635 10
1636 10
1637 10
1638 10
1639 10
1640 10
1641 10
1642 10
1643 10
1644 10
1645 10
1646 10
1647 10
1648 10
1649 10
1650 10
1651 10
1652 10
1653 10
1654 10
1655 10
1656 10
1657 10
1658 10
1659 10
1660 10
1661 10
1662 10
1663 10
1664 10
1665 10
1666 10
1667 10
1668 10
1669 10
1670 10
1671 10
1672 10
1673 10
1674 10
1675 10
1676 10
1677 10
1678 10
1679 10
1680 10
1681 10
1682 10
1683 10
1684 10
1685 10
1686 10
1687 10
1688 10
1689 10
1690 10
1691 10
1692 10
1693 10
1694 10
1695 10
1696 10
1697 10
1698 10
1699 10
1700 10
1701 10
1702 10
1703 10
1704 10
1705 10
1706 10
1707 10
1708 10
1709 10
1710 10
1711 10
1712 10
1713 10
1714 10
1715 10
1716 10
1717 10
1718 10
1719 10
1720 10
1721 10
1722 10
1723 10
1724 10
1725 10
1726 10
1727 10
1728 10
1729 10
1730 10
1731 10
1732 10
1733 10
1734 10
1735 10
1736 10
1737 10
1738 10
1739 10
1740 10
1741 10
1742 10
1743 10
1744 10
1745 10
1746 10
1747 10
1748 10
1749 10
1750 10
1751 10
1752 10
1753 10
1754 10
1755 10
1756 10
1757 10
1758 10
1759 10
1760 10
1761 10
1762 10
1763 10
1764 10
1765 10
1766 10
1767 10
1768 10
1769 10
1770 10
1771 10
1772 10
1773 10
1774 10
1775 10
1776 10
1777 10
1778 10
1779 10
1780 10
1781 10
1782 10
1783 10
1784 10
1785 10
1786 10
1787 10
1788 10
1789 10
1790 10
1791 10
1792 10
1793 10
1794 10
1795 10
1796 10
1797 10
1798 10
1799 10
1800 10
1801 10
1802 10
1803 10
1804 10
1805 10
1806 10
1807 10
1808 10
1809 10
1810 10
1811 10
1812 10
1813 10
1814 10
1815 10
1816 10
1817 10
1818 10
1819 10
1820 10
1821 10
1822 10
1823 10
1824 10
1825 10
1826 10
1827 10
1828 10
1829 10
1830 10
1831 10
1832 10
1833 10
1834 10
1835 10
1836 10
1837 10
1838 10
1839 10
1840 10
1841 10
1842 10
1843 10
1844 10
1845 10
1846 10
1847 10
1848 10
1849 10
1850 10
1851 10
1852 10
1853 10
1854 10
1855 10
1856 10
1857 10
1858 10
1859 10
1860 10
1861 10
1862 10
1863 10
1864 10
1865 10
1866 10
1867 10
1868 10
1869 10
1870 10
1871 10
1872 10
1873 10
1874 10
1875 10
1876 10
1877 10
1878 10
1879 10
1880 10
1881 10
1882 10
1883 10
1884 10
1885 10
1886 10
1887 10
1888 10
1889 10
1890 10
1891 10
1892 10
1893 10
1894 10
1895 10
1896 10
1897 10
1898 10
1899 10
1900 10
1901 10
1902 10
1903 10
1904 10
1905 10
1906 10
1907 10
1908 10
1909 10
1910 10
1911 10
1912 10
1913 10
1914 10
1915 10
1916 10
1917 10
1918 10
1919 10
1920 10
1921 10
1922 10
1923 10
1924 10
1925 10
1926 10
1927 10
1928 10
1929 10
1930 10
1931 10
1932 10
1933 10
1934 10
1935 10
1936 10
1937 10
1938 10
1939 10
1940 10
1941 10
1942 10
1943 10
1944 10
1945 10
1946 10
1947 10
1948 10
1949 10
1950 10
1951 10
1952 10
1953 10
1954 10
1955 10
1956 10
1957 10
1958 10
1959 10
1960 10
1961 10
1962 10
1963 10
1964 10
1965 10
1966 10
1967 10
1968 10
1969 10
1970 10
1971 10
1972 10
1973 10
1974 10
1975 10
1976 10
1977 10
1978 10
1979 10
1980 10
1981 10
1982 10
1983 10
1984 10
1985 10
1986 10
1987 10
1988 10
1989 10
1990 10
1991 10
1992 10
1993 10
1994 10
1995 10
1996 10
1997 10
1998 10
1999 10
2000 10
2001 10
2002 10
2003 10
2004 10
2005 10
2006 10
2007 10
2008 10
2009 10
2010 10
2011 10
2012 10
2013 10
2014 10
2015 10
2016 10
2017 10
2018 10
2019 10
2020 10
2021 10
2022 10
2023 10
2024 10
2025 10
2026 10
2027 10
2028 10
2029 10
2030 10
2031 10
2032 10
2033 10
2034 10
2035 10
2036 10
2037 10
2038 10
2039 10
2040 10
2041 10
2042 10
2043 10
2044 10
2045 10
2046 10
2047 10
2048 10
2049 10
2050 10
2051 10
2052 10
2053 10
2054 10
2055 10
2056 10
2057 10
2058 10
2059 10
2060 10
2061 10
2062 10
2063 10
2064 10
2065 10
2066 10
2067 10
2068 10
2069 10
2070 10
2071 10
2072 10
2073 10
2074 10
2075 10
2076 10
2077 10
2078 10
2079 10
2080 10
2081 10
2082 10
2083 10
2084 10
2085 10
2086 10
2087 10
2088 10
2089 10
2090 10
2091 10
2092 10
2093 10
2094 10
2095 10
2096 10
2097 10
2098 10
2099 10
2100 10
2101 10
2102 10
2103 10
2104 10
2105 10
2106 10
2107 10
2108 10
2109 10
2110 10
2111 10
2112 10
2113 10
2114 10
2115 10
2116 10
2117 10
2118 10
2119 10
2120 10
2121 10
2122 10
2123 10
2124 10
2125 10
2126 10
2127 10
2128 10
2129 10
2130 10
2131 10
2132 10
2133 10
2134 10
2135 10
2136 10
2137 10
2138 10
2139 10
2140 10
2141 10
2142 10
2143 10
2144 10
2145 10
2146 10
2147 10
2148 10
2149 10
2150 10
2151 10
2152 10
2153 10
2154 10
2155 10
2156 10
2157 10
2158 10
2159 10
2160 10
2161 10
2162 10
2163 10
2164 10
2165 10
2166 10
2167 10
2168 10
2169 10
2170 10
2171 10
2172 10
2173 10
2174 10
2175 10
2176 10
2177 10
2178 10
2179 10
2180 10
2181 10
2182 10
2183 10
2184 10
2185 10
2186 10
2187 10
2188 10
2189 10
2190 10
2191 10
2192 10
2193 10
2194 10
2195 10
2196 10
2197 10
2198 10
2199 10
2200 10
2201 10
2202 10
2203 10
2204 10
2205 10
2206 10
2207 10
2208 10
2209 10
2210 10
2211 10
2212 10
2213 10
2214 10
2215 10
2216 10
2217 10
2218 10
2219 10
2220 10
2221 10
2222 10
2223 10
2224 10
2225 10
2226 10
2227 10
2228 10
2229 10
2230 10
2231 10
2232 10
2233 10
2234 10
2235 10
2236 10
2237 10
2238 10
2239 10
2240 10
2241 10
2242 10
2243 10
2244 10
2245 10
2246 10
2247 10
2248 10
2249 10
2250 10
2251 10
2252 10
2253 10
2254 10
2255 10
2256 10
2257 10
2258 10
2259 10
2260 10
2261 10
2262 10
2263 10
2264 10
2265 10
2266 10
2267 10
2268 10
2269 10
2270 10
2271 10
2272 10
2273 10
2274 10
2275 10
2276 10
2277 10
2278 10
2279 10
2280 10
2281 10
2282 10
2283 10
2284 10
2285 10
2286 10
2287 10
2288 10
2289 10
2290 10
2291 10
2292 10
2293 10
2294 10
2295 10
2296 10
2297 10
2298 10
2299 10
2300 10
2301 10
2302 10
2303 10
2304 10
2305 10
2306 10
2307 10
2308 10
2309 10
2310 10
2311 10
2312 10
2313 10
2314 10
2315 10
2316 10
2317 10
2318 10
2319 10
2320 10
2321 10
2322 10
2323 10
2324 10
2325 10
2326 10
2327 10
2328 10
2329 10
2330 10
2331 10
2332 10
2333 10
2334 10
2335 10
2336 10
2337 10
2338 10
2339 10
2340 10
2341 10
2342 10
2343 10
2344 10
2345 10
2346 10
2347 10
2348 10
2349 10
2350 10
2351 10
2352 10
2353 10
2354 10
2355 10
2356 10
2357 10
2358 10
2359 10
2360 10
2361 10
2362 10
2363 10
2364 10
2365 10
2366 10
2367 10
2368 10
2369 10
2370 10
2371 10
2372 10
2373 10
2374 10
2375 10
2376 10
2377 10
2378 10
2379 10
2380 10
2381 10
2382 10
2383 10
2384 10
2385 10
2386 10
2387 10
2388 10
2389 10
2390 10
2391 10
2392 10
2393 10
2394 10
2395 10
2396 10
2397 10
2398 10
2399 10
2400 10
2401 10
2402 10
2403 10
2404 10
2405 10
2406 10
2407 10
2408 10
2409 10
2410 10
2411 10
2412 10
2413 10
2414 10
2415 10
2416 10
2417 10
2418 10
2419 10
2420 10
2421 10
2422 10
2423 10
2424 10
2425 10
2426 10
2427 10
2428 10
2429 10
2430 10
2431 10
2432 10
2433 10
2434 10
2435 10
2436 10
2437 10
2438 10
2439 10
2440 10
2441 10
2442 10
2443 10
2444 10
2445 10
2446 10
2447 10
2448 10
2449 10
2450 10
2451 10
2452 10
2453 10
2454 10
2455 10
2456 10
2457 10
2458 10
2459 10
2460 10
2461 10
2462 10
2463 10
2464 10
2465 10
2466 10
2467 10
2468 10
2469 10
2470 10
2471 10
2472 10
2473 10
2474 10
2475 10
2476 10
2477 10
2478 10
2479 10
2480 10
2481 10
2482 10
2483 10
2484 10
2485 10
2486 10
2487 10
2488 10
2489 10
2490 10
2491 10
2492 10
2493 10
2494 10
2495 10
2496 10
2497 10
2498 10
2499 10
2500 10
2501 10
2502 10
2503 10
2504 10
2505 10
2506 10
2507 10
2508 10
2509 10
2510 10
2511 10
2512 10
2513 10
2514 10
2515 10
2516 10
2517 10
2518 10
2519 10
2520 10
2521 10
2522 10
2523 10
2524 10
2525 10
2526 10
2527 10
2528 10
2529 10
2530 10
2531 10
2532 10
2533 10
2534 10
2535 10
2536 10
2537 10
2538 10
2539 10
2540 10
2541 10
2542 10
2543 10
2544 10
2545 10
2546 10
2547 10
2548 10
2549 10
2550 10
2551 10
2552 10
2553 10
2554 10
2555 10
2556 10
2557 10
2558 10
2559 10
2560 10
2561 10
2562 10
2563 10
2564 10
2565 10
2566 10
2567 10
2568 10
2569 10
2570 10
2571 10
2572 10
2573 10
2574 10
2575 10
2576 10
2577 10
2578 10
2579 10
2580 10
2581 10
2582 10
2583 10
2584 10
2585 10
2586 10
2587 10
2588 10
2589 10
2590 10
2591 10
2592 10
2593 10
2594 10
2595 10
2596 10
2597 10
2598 10
2599 10
2600 10
2601 10
2602 10
2603 10
2604 10
2605 10
2606 10
2607 10
2608 10
2609 10
2610 10
2611 10
2612 10
2613 10
2614 10
2615 10
2616 10
2617 10
2618 10
2619 10
2620 10
2621 10
2622 10
2623 10
2624 10
2625 10
2626 10
2627 10
2628 10
2629 10
2630 10
2631 10
2632 10
2633 10
2634 10
2635 10
2636 10
2637 10
2638 10
2639 10
2640 10
2641 10
2642 10
2643 10
2644 10
2645 10
2646 10
2647 10
2648 10
2649 10
2650 10
2651 10
2652 10
2653 10
2654 10
2655 10
2656 10
2657 10
2658 10
2659 10
2660 10
2661 10
2662 10
2663 10
2664 10
2665 10
2666 10
2667 10
2668 10
2669 10
2670 10
2671 10
2672 10
2673 10
2674 10
2675 10
2676 10
2677 10
2678 10
2679 10
2680 10
2681 10
2682 10
2683 10
2684 10
2685 10
2686 10
2687 10
2688 10
2689 10
2690 10
2691 10
2692 10
2693 10
2694 10
2695 10
2696 10
2697 10
2698 10
2699 10
2700 10
2701 10
2702 10
2703 10
2704 10
2705 10
2706 10
2707 10
2708 10
2709 10
2710 10
2711 10
2712 10
2713 10
2714 10
2715 10
2716 10
2717 10
2718 10
2719 10
2720 10
2721 10
2722 10
2723 10
2724 10
2725 10
2726 10
2727 10
2728 10
2729 10
2730 10
2731 10
2732 10
2733 10
2734 10
2735 10
2736 10
2737 10
2738 10
2739 10
2740 10
2741 10
2742 10
2743 10
2744 10
2745 10
2746 10
2747 10
2748 10
2749 10
2750 10
2751 10
2752 10
2753 10
2754 10
2755 10
2756 10
2757 10
2758 10
2759 10
2760 10
2761 10
2762 10
2763 10
2764 10
2765 10
2766 10
2767 10
2768 10
2769 10
2770 10
2771 10
2772 10
2773 10
2774 10
2775 10
2776 10
2777 10
2778 10
2779 10
2780 10
2781 10
2782 10
2783 10
2784 10
2785 10
2786 10
2787 10
2788 10
2789 10
2790 10
2791 10
2792 10
2793 10
2794 10
2795 10
2796 10
2797 10
2798 10
2799 10
2800 10
2801 10
2802 10
2803 10
2804 10
2805 10
2806 10
2807 10
2808 10
2809 10
2810 10
2811 10
2812 10
2813 10
2814 10
2815 10
2816 10
2817 10
2818 10
2819 10
2820 10
2821 10
2822 10
2823 10
2824 10
2825 10
2826 10
2827 10
2828 10
2829 10
2830 10
2831 10
2832 10
2833 10
2834 10
2835 10
2836 10
2837 10
2838 10
2839 10
2840 10
2841 10
2842 10
2843 10
2844 10
2845 10
2846 10
2847 10
2848 10
2849 10
2850 10
2851 10
2852 10
2853 10
2854 10
2855 10
2856 10
2857 10
2858 10
2859 10
2860 10
2861 10
2862 10
2863 10
2864 10
2865 10
2866 10
2867 10
2868 10
2869 10
2870 10
2871 10
2872 10
2873 10
2874 10
2875 10
2876 10
2877 10
2878 10
2879 10
2880 10
2881 10
2882 10
2883 10
2884 10
2885 10
2886 10
2887 10
2888 10
2889 10
2890 10
2891 10
2892 10
2893 10
2894 10
2895 10
2896 10
2897 10
2898 10
2899 10
2900 10
2901 10
2902 10
2903 10
2904 10
2905 10
2906 10
2907 10
2908 10
2909 10
2910 10
2911 10
2912 10
2913 10
2914 10
2915 10
2916 10
2917 10
2918 10
2919 10
2920 10
2921 10
2922 10
2923 10
2924 10
2925 10
2926 10
2927 10
2928 10
2929 10
2930 10
2931 10
2932 10
2933 10
2934 10
2935 10
2936 10
2937 10
2938 10
2939 10
2940 10
2941 10
2942 10
2943 10
2944 10
2945 10
2946 10
2947 10
2948 10
2949 10
2950 10
2951 10
2952 10
2953 10
2954 10
2955 10
2956 10
2957 10
2958 10
2959 10
2960 10
2961 10
2962 10
2963 10
2964 10
2965 10
2966 10
2967 10
2968 10
2969 10
2970 10
2971 10
2972 10
2973 10
2974 10
2975 10
2976 10
2977 10
2978 10
2979 10
2980 10
2981 10
2982 10
2983 10
2984 10
2985 10
2986 10
2987 10
2988 10
2989 10
2990 10
2991 10
2992 10
2993 10
2994 10
2995 10
2996 10
2997 10
2998 10
2999 10
3000 10
3001 10
3002 10
3003 10
3004 10
3005 10
3006 10
3007 10
3008 10
3009 10
3010 10
3011 10
3012 10
3013 10
3014 10
3015 10
3016 10
3017 10
3018 10
3019 10
3020 10
3021 10
3022 10
3023 10
3024 10
3025 10
3026 10
3027 10
3028 10
3029 10
3030 10
3031 10
3032 10
3033 10
3034 10
3035 10
3036 10
3037 10
3038 10
3039 10
3040 10
3041 10
3042 10
3043 10
3044 10
3045 10
3046 10
3047 10
3048 10
3049 10
3050 10
3051 10
3052 10
3053 10
3054 10
3055 10
3056 10
3057 10
3058 10
3059 10
3060 10
3061 10
3062 10
3063 10
3064 10
3065 10
3066 10
3067 10
3068 10
3069 10
3070 10
3071 10
3072 10
3073 10
3074 10
3075 10
3076 10
3077 10
3078 10
3079 10
3080 10
3081 10
3082 10
3083 10
3084 10
3085 10
3086 10
3087 10
3088 10
3089 10
3090 10
3091 10
3092 10
3093 10
3094 10
3095 10
3096 10
3097 10
3098 10
3099 10
3100 10
3101 10
3102 10
3103 10
3104 10
3105 10
3106 10
3107 10
3108 10
3109 10
3110 10
3111 10
3112 10
3113 10
3114 10
3115 10
3116 10
3117 10
3118 10
3119 10
3120 10
3121 10
3122 10
3123 10
3124 10
3125 10
3126 10
3127 10
3128 10
3129 10
3130 10
3131 10
3132 10
3133 10
3134 10
3135 10
3136 10
3137 10
3138 10
3139 10
3140 10
3141 10
3142 10
3143 10
3144 10
3145 10
3146 10
3147 10
3148 10
3149 10
3150 10
3151 10
3152 10
3153 10
3154 10
3155 10
3156 10
3157 10
3158 10
3159 10
3160 10
3161 10
3162 10
3163 10
3164 10
3165 10
3166 10
3167 10
3168 10
3169 10
3170 10
3171 10
3172 10
3173 10
3174 10
3175 10
3176 10
3177 10
3178 10
3179 10
3180 10
3181 10
3182 10
3183 10
3184 10
3185 10
3186 10
3187 10
3188 10
3189 10
3190 10
3191 10
3192 10
3193 10
3194 10
3195 10
3196 10
3197 10
3198 10
3199 10
3200 10
3201 10
3202 10
3203 10
3204 10
3205 10
3206 10
3207 10
3208 10
3209 10
3210 10
3211 10
3212 10
3213 10
3214 10
3215 10
3216 10
3217 10
3218 10
3219 10
3220 10
3221 10
3222 10
3223 10
3224 10
3225 10
3226 10
3227 10
3228 10
3229 10
3230 10
3231 10
3232 10
3233 10
3234 10
3235 10
3236 10
3237 10
3238 10
3239 10
3240 10
3241 10
3242 10
3243 10
3244 10
3245 10
3246 10
3247 10
3248 10
3249 10
3250 10
3251 10
3252 10
3253 10
3254 10
3255 10
3256 10
3257 10
3258 10
3259 10
3260 10
3261 10
3262 10
3263 10
3264 10
3265 10
3266 10
3267 10
3268 10
3269 10
3270 10
3271 10
3272 10
3273 10
3274 10
3275 10
3276 10
3277 10
3278 10
3279 10
3280 10
3281 10
3282 10
3283 10
3284 10
3285 10
3286 10
3287 10
3288 10
3289 10
3290 10
3291 10
3292 10
3293 10
3294 10
3295 10
3296 10
3297 10
3298 10
3299 10
3300 10
3301 10
3302 10
3303 10
3304 10
3305 10
3306 10
3307 10
3308 10
3309 10
3310 10
3311 10
3312 10
3313 10
3314 10
3315 10
3316 10
3317 10
3318 10
3319 10
3320 10
3321 10
3322 10
3323 10
3324 10
3325 10
3326 10
3327 10
3328 10
3329 10
3330 10
3331 10
3332 10
3333 10
3334 10
3335 10
3336 10
3337 10
3338 10
3339 10
3340 10
3341 10
3342 10
3343 10
3344 10
3345 10
3346 10
3347 10
3348 10
3349 10
3350 10
3351 10
3352 10
3353 10
3354 10
3355 10
3356 10
3357 10
3358 10
3359 10
3360 10
3361 10
3362 10
3363 10
3364 10
3365 10
3366 10
3367 10
3368 10
3369 10
3370 10
3371 10
3372 10
3373 10
3374 10
3375 10
3376 10
3377 10
3378 10
3379 10
3380 10
3381 10
3382 10
3383 10
3384 10
3385 10
3386 10
3387 10
3388 10
3389 10
3390 10
3391 10
3392 10
3393 10
3394 10
3395 10
3396 10
3397 10
3398 10
3399 10
3400 10
3401 10
3402 10
3403 10
3404 10
3405 10
3406 10
3407 10
3408 10
3409 10
3410 10
3411 10
3412 10
3413 10
3414 10
3415 10
3416 10
3417 10
3418 10
3419 10
3420 10
3421 10
3422 10
3423 10
3424 10
3425 10
3426 10
3427 10
3428 10
3429 10
3430 10
3431 10
3432 10
3433 10
3434 10
3435 10
3436 10
3437 10
3438 10
3439 10
3440 10
3441 10
3442 10
3443 10
3444 10
3445 10
3446 10
3447 10
3448 10
3449 10
3450 10
3451 10
3452 10
3453 10
3454 10
3455 10
3456 10
3457 10
3458 10
3459 10
3460 10
3461 10
3462 10
3463 10
3464 10
3465 10
3466 10
3467 10
3468 10
3469 10
3470 10
3471 10
3472 10
3473 10
3474 10
3475 10
3476 10
3477 10
3478 10
3479 10
3480 10
3481 10
3482 10
3483 10
3484 10
3485 10
3486 10
3487 10
3488 10
3489 10
3490 10
3491 10
3492 10
3493 10
3494 10
3495 10
3496 10
3497 10
3498 10
3499 10
3500 10
3501 10
3502 10
3503 10
3504 10
3505 10
3506 10
3507 10
3508 10
3509 10
3510 10
3511 10
3512 10
3513 10
3514 10
3515 10
3516 10
3517 10
3518 10
3519 10
3520 10
3521 10
3522 10
3523 10
3524 10
3525 10
3526 10
3527 10
3528 10
3529 10
3530 10
3531 10
3532 10
3533 10
3534 10
3535 10
3536 10
3537 10
3538 10
3539 10
3540 10
3541 10
3542 10
3543 10
3544 10
3545 10
3546 10
3547 10
3548 10
3549 10
3550 10
3551 10
3552 10
3553 10
3554 10
3555 10
3556 10
3557 10
3558 10
3559 10
3560 10
3561 10
3562 10
3563 10
3564 10
3565 10
3566 10
3567 10
3568 10
3569 10
3570 10
3571 10
3572 10
3573 10
3574 10
3575 10
3576 10
3577 10
3578 10
3579 10
3580 10
3581 10
3582 10
3583 10
3584 10
3585 10
3586 10
3587 10
3588 10
3589 10
3590 10
3591 10
3592 10
3593 10
3594 10
3595 10
3596 10
3597 10
3598 10
3599 10
3600 10
3601 10
3602 10
3603 10
3604 10
3605 10
3606 10
3607 10
3608 10
3609 10
3610 10
3611 10
3612 10
3613 10
3614 10
3615 10
3616 10
3617 10
3618 10
3619 10
3620 10
3621 10
3622 10
3623 10
3624 10
3625 10
3626 10
3627 10
3628 10
3629 10
3630 10
3631 10
3632 10
3633 10
3634 10
3635 10
3636 10
3637 10
3638 10
3639 10
3640 10
3641 10
3642 10
3643 10
3644 10
3645 10
3646 10
3647 10
3648 10
3649 10
3650 10
3651 10
3652 10
3653 10
3654 10
3655 10
3656 10
3657 10
3658 10
3659 10
3660 10
3661 10
3662 10
3663 10
3664 10
3665 10
3666 10
3667 10
3668 10
3669 10
3670 10
3671 10
3672 10
3673 10
3674 10
3675 10
3676 10
3677 10
3678 10
3679 10
3680 10
3681 10
3682 10
3683 10
3684 10
3685 10
3686 10
3687 10
3688 10
3689 10
3690 10
3691 10
3692 10
3693 10
3694 10
3695 10
3696 10
3697 10
3698 10
3699 10
3700 10
3701 10
3702 10
3703 10
3704 10
3705 10
3706 10
3707 10
3708 10
3709 10
3710 10
3711 10
3712 10
3713 10
3714 10
3715 10
3716 10
3717 10
3718 10
3719 10
3720 10
3721 10
3722 10
3723 10
3724 10
3725 10
3726 10
3727 10
3728 10
3729 10
3730 10
3731 10
3732 10
3733 10
3734 10
3735 10
3736 10
3737 10
3738 10
3739 10
3740 10
3741 10
3742 10
3743 10
3744 10
3745 10
3746 10
3747 10
3748 10
3749 10
3750 10
3751 10
3752 10
3753 10
3754 10
3755 10
3756 10
3757 10
3758 10
3759 10
3760 10
3761 10
3762 10
3763 10
3764 10
3765 10
3766 10
3767 10
3768 10
3769 10
3770 10
3771 10
3772 10
3773 10
3774 10
3775 10
3776 10
3777 10
3778 10
3779 10
3780 10
3781 10
3782 10
3783 10
3784 10
3785 10
3786 10
3787 10
3788 10
3789 10
3790 10
3791 10
3792 10
3793 10
3794 10
3795 10
3796 10
3797 10
3798 10
3799 10
3800 10
3801 10
3802 10
3803 10
3804 10
3805 10
3806 10
3807 10
3808 10
3809 10
3810 10
3811 10
3812 10
3813 10
3814 10
3815 10
3816 10
3817 10
3818 10
3819 10
3820 10
3821 10
3822 10
3823 10
3824 10
3825 10
3826 10
3827 10
3828 10
3829 10
3830 10
3831 10
3832 10
3833 10
3834 10
3835 10
3836 10
3837 10
3838 10
3839 10
3840 10
3841 10
3842 10
3843 10
3844 10
3845 10
3846 10
3847 10
3848 10
3849 10
3850 10
3851 10
3852 10
3853 10
3854 10
3855 10
3856 10
3857 10
3858 10
3859 10
3860 10
3861 10
3862 10
3863 10
3864 10
3865 10
3866 10
3867 10
3868 10
3869 10
3870 10
3871 10
3872 10
3873 10
3874 10
3875 10
3876 10
3877 10
3878 10
3879 10
3880 10
3881 10
3882 10
3883 10
3884 10
3885 10
3886 10
3887 10
3888 10
3889 10
3890 10
3891 10
3892 10
3893 10
3894 10
3895 10
3896 10
3897 10
3898 10
3899 10
3900 10
3901 10
3902 10
3903 10
3904 10
3905 10
3906 10
3907 10
3908 10
3909 10
3910 10
3911 10
3912 10
3913 10
3914 10
3915 10
3916 10
3917 10
3918 10
3919 10
3920 10
3921 10
3922 10
3923 10
3924 10
3925 10
3926 10
3927 10
3928 10
3929 10
3930 10
3931 10
3932 10
3933 10
3934 10
3935 10
3936 10
3937 10
3938 10
3939 10
3940 10
3941 10
3942 10
3943 10
3944 10
3945 10
3946 10
3947 10
3948 10
3949 10
3950 10
3951 10
3952 10
3953 10
3954 10
3955 10
3956 10
3957 10
3958 10
3959 10
3960 10
3961 10
3962 10
3963 10
3964 10
3965 10
3966 10
3967 10
3968 10
3969 10
3970 10
3971 10
3972 10
3973 10
3974 10
3975 10
3976 10
3977 10
3978 10
3979 10
3980 10
3981 10
3982 10
3983 10
3984 10
3985 10
3986 10
3987 10
3988 10
3989 10
3990 10
3991 10
3992 10
3993 10
3994 10
3995 10
3996 10
3997 10
3998 10
3999 10
4000 10
4001 10
4002 10
4003 10
4004 10
4005 10
4006 10
4007 10
4008 10
4009 10
4010 10
4011 10
4012 10
4013 10
4014 10
4015 10
4016 10
4017 10
4018 10
4019 10
4020 10
4021 10
4022 10
4023 10
4024 10
4025 10
4026 10
4027 10
4028 10
4029 10
4030 10
4031 10
4032 10
4033 10
4034 10
4035 10
4036 10
4037 10
4038 10
4039 10
4040 10
4041 10
4042 10
4043 10
4044 10
4045 10
4046 10
4047 10
4048 10
4049 10
4050 10
4051 10
4052 10
4053 10
4054 10
4055 10
4056 10
4057 10
4058 10
4059 10
4060 10
4061 10
4062 10
4063 10
4064 10
4065 10
4066 10
4067 10
4068 10
4069 10
4070 10
4071 10
4072 10
4073 10
4074 10
4075 10
4076 10
4077 10
4078 10
4079 10
4080 10
4081 10
4082 10
4083 10
4084 10
4085 10
4086 10
4087 10
4088 10
4089 10
4090 10
4091 10
4092 10
4093 10
4094 10
4095 10
4096 10
4097 10
4098 10
4099 10
4100 10
4101 10
4102 10
4103 10
4104 10
4105 10
4106 10
4107 10
4108 10
4109 10
4110 10
4111 10
4112 10
4113 10
4114 10
4115 10
4116 10
4117 10
4118 10
4119 10
4120 10
4121 10
4122 10
4123 10
4124 10
4125 10
4126 10
4127 10
4128 10
4129 10
4130 10
4131 10
4132 10
4133 10
4134 10
4135 10
4136 10
4137 10
4138 10
4139 10
4140 10
4141 10
4142 10
4143 10
4144 10
4145 10
4146 10
4147 10
4148 10
4149 10
4150 10
4151 10
4152 10
4153 10
4154 10
4155 10
4156 10
4157 10
4158 10
4159 10
4160 10
4161 10
4162 10
4163 10
4164 10
4165 10
4166 10
4167 10
4168 10
4169 10
4170 10
4171 10
4172 10
4173 10
4174 10
4175 10
4176 10
4177 10
4178 10
4179 10
4180 10
4181 10
4182 10
4183 10
4184 10
4185 10
4186 10
4187 10
4188 10
4189 10
4190 10
4191 10
4192 10
4193 10
4194 10
4195 10
4196 10
4197 10
4198 10
4199 10
4200 10
4201 10
4202 10
4203 10
4204 10
4205 10
4206 10
4207 10
4208 10
4209 10
4210 10
4211 10
4212 10
4213 10
4214 10
4215 10
4216 10
4217 10
4218 10
4219 10
4220 10
4221 10
4222 10
4223 10
4224 10
4225 10
4226 10
4227 10
4228 10
4229 10
4230 10
4231 10
4232 10
4233 10
4234 10
4235 10
4236 10
4237 10
4238 10
4239 10
4240 10
4241 10
4242 10
4243 10
4244 10
4245 10
4246 10
4247 10
4248 10
4249 10
4250 10
4251 10
4252 10
4253 10
4254 10
4255 10
4256 10
4257 10
4258 10
4259 10
4260 10
4261 10
4262 10
4263 10
4264 10
4265 10
4266 10
4267 10
4268 10
4269 10
4270 10
4271 10
4272 10
4273 10
4274 10
4275 10
4276 10
4277 10
4278 10
4279 10
4280 10
4281 10
4282 10
4283 10
4284 10
4285 10
4286 10
4287 10
4288 10
4289 10
4290 10
4291 10
4292 10
4293 10
4294 10
4295 10
4296 10
4297 10
4298 10
4299 10
4300 10
4301 10
4302 10
4303 10
4304 10
4305 10
4306 10
4307 10
4308 10
4309 10
4310 10
4311 10
4312 10
4313 10
4314 10
4315 10
4316 10
4317 10
4318 10
4319 10
4320 10
4321 10
4322 10
4323 10
4324 10
4325 10
4326 10
4327 10
4328 10
4329 10
4330 10
4331 10
4332 10
4333 10
4334 10
4335 10
4336 10
4337 10
4338 10
4339 10
4340 10
4341 10
4342 10
4343 10
4344 10
4345 10
4346 10
4347 10
4348 10
4349 10
4350 10
4351 10
4352 10
4353 10
4354 10
4355 10
4356 10
4357 10
4358 10
4359 10
4360 10
4361 10
4362 10
4363 10
4364 10
4365 10
4366 10
4367 10
4368 10
4369 10
4370 10
4371 10
4372 10
4373 10
4374 10
4375 10
4376 10
4377 10
4378 10
4379 10
4380 10
4381 10
4382 10
4383 10
4384 10
4385 10
4386 10
4387 10
4388 10
4389 10
4390 10
4391 10
4392 10
4393 10
4394 10
4395 10
4396 10
4397 10
4398 10
4399 10
4400 10
4401 10
4402 10
4403 10
4404 10
4405 10
4406 10
4407 10
4408 10
4409 10
4410 10
4411 10
4412 10
4413 10
4414 10
4415 10
4416 10
4417 10
4418 10
4419 10
4420 10
4421 10
4422 10
4423 10
4424 10
4425 10
4426 10
4427 10
4428 10
4429 10
4430 10
4431 10
4432 10
4433 10
4434 10
4435 10
4436 10
4437 10
4438 10
4439 10
4440 10
4441 10
4442 10
4443 10
4444 10
4445 10
4446 10
4447 10
4448 10
4449 10
4450 10
4451 10
4452 10
4453 10
4454 10
4455 10
4456 10
4457 10
4458 10
4459 10
4460 10
4461 10
4462 10
4463 10
4464 10
4465 10
4466 10
4467 10
4468 10
4469 10
4470 10
4471 10
4472 10
4473 10
4474 10
4475 10
4476 10
4477 10
4478 10
4479 10
4480 10
4481 10
4482 10
4483 10
4484 10
4485 10
4486 10
4487 10
4488 10
4489 10
4490 10
4491 10
4492 10
4493 10
4494 10
4495 10
4496 10
4497 10
4498 10
4499 10
4500 10
4501 10
4502 10
4503 10
4504 11
4505 11
4506 11
4507 11
4508 11
4509 11
4510 11
4511 11
4512 11
4513 11
4514 11
4515 11
4516 11
4517 11
4518 11
4519 11
4520 11
4521 11
4522 11
4523 11
4524 11
4525 11
4526 11
4527 11
4528 11
4529 11
4530 11
4531 11
4532 11
4533 11
4534 11
4535 11
4536 11
4537 11
4538 11
4539 11
4540 11
4541 11
4542 11
4543 11
4544 11
4545 11
4546 11
4547 11
4548 11
4549 11
4550 11
4551 11
4552 11
4553 11
4554 11
4555 11
4556 11
4557 11
4558 11
4559 11
4560 11
4561 11
4562 11
4563 11
4564 11
4565 11
4566 11
4567 11
4568 11
4569 11
4570 11
4571 11
4572 11
4573 11
4574 11
4575 11
4576 11
4577 11
4578 11
4579 11
4580 11
4581 11
4582 11
4583 11
4584 11
4585 11
4586 11
4587 11
4588 11
4589 11
4590 11
4591 11
4592 11
4593 11
4594 11
4595 11
4596 11
4597 11
4598 11
4599 11
4600 11
4601 11
4602 11
4603 11
4604 11
4605 11
4606 11
4607 11
4608 11
4609 11
4610 11
4611 11
4612 11
4613 11
4614 11
4615 11
4616 11
4617 11
4618 11
4619 11
4620 11
4621 11
4622 11
4623 11
4624 11
4625 11
4626 11
4627 11
4628 11
4629 11
4630 11
4631 11
4632 11
4633 11
4634 11
4635 11
4636 11
4637 11
4638 11
4639 11
4640 11
4641 11
4642 11
4643 11
4644 11
4645 11
4646 11
4647 11
4648 11
4649 11
4650 11
4651 11
4652 11
4653 11
4654 11
4655 11
4656 11
4657 11
4658 11
4659 11
4660 11
4661 11
4662 11
4663 11
4664 11
4665 11
4666 11
4667 11
4668 11
4669 11
4670 11
4671 11
4672 11
4673 11
4674 11
4675 11
4676 11
4677 11
4678 11
4679 11
4680 11
4681 11
4682 11
4683 11
4684 11
4685 11
4686 11
4687 11
4688 11
4689 11
4690 11
4691 11
4692 11
4693 11
4694 11
4695 11
4696 11
4697 11
4698 11
4699 11
4700 11
4701 11
4702 11
4703 11
4704 11
4705 11
4706 11
4707 11
4708 11
4709 11
4710 11
4711 11
4712 11
4713 11
4714 11
4715 11
4716 11
4717 11
4718 11
4719 11
4720 11
4721 11
4722 11
4723 11
4724 11
4725 11
4726 11
4727 11
4728 11
4729 11
4730 11
4731 11
4732 11
4733 11
4734 11
4735 11
4736 11
4737 11
4738 11
4739 11
4740 11
4741 11
4742 11
4743 11
4744 11
4745 11
4746 11
4747 11
4748 11
4749 11
4750 11
4751 11
4752 11
4753 11
4754 11
4755 11
4756 11
4757 11
4758 11
4759 11
4760 11
4761 11
4762 11
4763 11
4764 11
4765 11
4766 11
4767 11
4768 11
4769 11
4770 11
4771 11
4772 11
4773 11
4774 11
4775 11
4776 11
4777 11
4778 11
4779 11
4780 11
4781 11
4782 11
4783 11
4784 11
4785 11
4786 11
4787 11
4788 11
4789 11
4790 11
4791 11
4792 11
4793 11
4794 11
4795 11
4796 11
4797 11
4798 11
4799 11
4800 11
4801 11
4802 11
4803 11
4804 11
4805 11
4806 11
4807 11
4808 11
4809 11
4810 11
4811 11
4812 11
4813 11
4814 11
4815 11
4816 11
4817 11
4818 11
4819 11
4820 11
4821 11
4822 11
4823 11
4824 11
4825 11
4826 11
4827 11
4828 11
4829 11
4830 11
4831 11
4832 11
4833 11
4834 11
4835 11
4836 11
4837 11
4838 11
4839 11
4840 11
4841 11
4842 11
4843 11
4844 11
4845 11
4846 11
4847 11
4848 11
4849 11
4850 11
4851 11
4852 11
4853 11
4854 11
4855 11
4856 11
4857 11
4858 11
4859 11
4860 11
4861 11
4862 11
4863 11
4864 11
4865 11
4866 11
4867 11
4868 11
4869 11
4870 11
4871 11
4872 11
4873 11
4874 11
4875 11
4876 11
4877 11
4878 11
4879 11
4880 11
4881 11
4882 11
4883 11
4884 11
4885 11
4886 11
4887 11
4888 11
4889 11
4890 11
4891 11
4892 11
4893 11
4894 11
4895 11
4896 11
4897 11
4898 11
4899 11
4900 11
4901 11
4902 11
4903 11
4904 11
4905 11
4906 11
4907 11
4908 11
4909 11
4910 11
4911 11
4912 11
4913 11
4914 11
4915 11
4916 11
4917 11
4918 11
4919 11
4920 11
4921 11
4922 11
4923 11
4924 11
4925 11
4926 11
4927 11
4928 11
4929 11
4930 11
4931 11
4932 11
4933 11
4934 11
4935 11
4936 11
4937 11
4938 11
4939 11
4940 11
4941 11
4942 11
4943 11
4944 11
4945 11
4946 11
4947 11
4948 11
4949 11
4950 11
4951 11
4952 11
4953 11
4954 11
4955 11
4956 11
4957 11
4958 11
4959 11
4960 11
4961 11
4962 11
4963 11
4964 11
4965 11
4966 11
4967 11
4968 11
4969 11
4970 11
4971 11
4972 11
4973 11
4974 11
4975 11
4976 11
4977 11
4978 11
4979 11
4980 11
4981 11
4982 11
4983 11
4984 11
4985 11
4986 11
4987 11
4988 11
4989 11
4990 11
4991 11
4992 11
4993 11
4994 11
4995 11
4996 11
4997 11
4998 11
4999 11
5000 11
5001 11
5002 11
5003 11
5004 11
5005 11
5006 11
5007 11
5008 11
5009 11
5010 11
5011 11
5012 11
5013 11
5014 11
5015 11
5016 11
5017 11
5018 11
5019 11
5020 11
5021 11
5022 11
5023 11
5024 11
5025 11
5026 11
5027 11
5028 11
5029 11
5030 11
5031 11
5032 11
5033 11
5034 11
5035 11
5036 11
5037 11
5038 11
5039 11
5040 11
5041 11
5042 11
5043 11
5044 11
5045 11
5046 11
5047 11
5048 11
5049 11
5050 11
5051 11
5052 11
5053 11
5054 11
5055 11
5056 11
5057 11
5058 11
5059 11
5060 11
5061 11
5062 11
5063 11
5064 11
5065 11
5066 11
5067 11
5068 11
5069 11
5070 11
5071 11
5072 11
5073 11
5074 11
5075 11
5076 11
5077 11
5078 11
5079 11
5080 11
5081 11
5082 11
5083 11
5084 11
5085 11
5086 11
5087 11
5088 11
5089 11
5090 11
5091 11
5092 11
5093 11
5094 11
5095 11
5096 11
5097 11
5098 11
5099 11
5100 11
5101 11
5102 11
5103 11
5104 11
5105 11
5106 11
5107 11
5108 11
5109 11
5110 11
5111 11
5112 11
5113 11
5114 11
5115 11
5116 11
5117 11
5118 11
5119 11
5120 11
5121 11
5122 11
5123 11
5124 11
5125 11
5126 11
5127 11
5128 11
5129 11
5130 11
5131 11
5132 11
5133 11
5134 11
5135 11
5136 11
5137 11
5138 11
5139 11
5140 11
5141 11
5142 11
5143 11
5144 11
5145 11
5146 11
5147 11
5148 11
5149 11
5150 11
5151 11
5152 11
5153 11
5154 11
5155 11
5156 11
5157 11
5158 11
5159 11
5160 11
5161 11
5162 11
5163 11
5164 11
5165 11
5166 11
5167 11
5168 11
5169 11
5170 11
5171 11
5172 11
5173 11
5174 11
5175 11
5176 11
5177 11
5178 11
5179 11
5180 11
5181 11
5182 11
5183 11
5184 11
5185 11
5186 11
5187 11
5188 11
5189 11
5190 11
5191 11
5192 11
5193 11
5194 11
5195 11
5196 11
5197 11
5198 11
5199 11
5200 11
5201 11
5202 11
5203 11
5204 11
5205 11
5206 11
5207 11
5208 11
5209 11
5210 11
5211 11
5212 11
5213 11
5214 11
5215 11
5216 11
5217 11
5218 11
5219 11
5220 11
5221 11
5222 11
5223 11
5224 11
5225 11
5226 11
5227 11
5228 11
5229 11
5230 11
5231 11
5232 11
5233 11
5234 11
5235 11
5236 11
5237 11
5238 11
5239 11
5240 11
5241 11
5242 11
5243 11
5244 11
5245 11
5246 11
5247 11
5248 11
5249 11
5250 11
5251 11
5252 11
5253 11
5254 11
5255 11
5256 11
5257 11
5258 11
5259 11
5260 11
5261 11
5262 11
5263 11
5264 11
5265 11
5266 11
5267 11
5268 11
5269 11
5270 11
5271 11
5272 11
5273 11
5274 11
5275 11
5276 11
5277 11
5278 11
5279 11
5280 11
5281 11
5282 11
5283 11
5284 11
5285 11
5286 11
5287 11
5288 11
5289 11
5290 11
5291 11
5292 11
5293 11
5294 11
5295 11
5296 11
5297 11
5298 11
5299 11
5300 11
5301 11
5302 11
5303 11
5304 11
5305 11
5306 11
5307 11
5308 11
5309 11
5310 11
5311 11
5312 11
5313 11
5314 11
5315 11
5316 11
5317 11
5318 11
5319 11
5320 11
5321 11
5322 11
5323 11
5324 11
5325 11
5326 11
5327 11
5328 11
5329 11
5330 11
5331 11
5332 11
5333 11
5334 11
5335 11
5336 11
5337 11
5338 11
5339 11
5340 11
5341 11
5342 11
5343 11
5344 11
5345 11
5346 11
5347 11
5348 11
5349 11
5350 11
5351 11
5352 11
5353 11
5354 11
5355 11
5356 11
5357 11
5358 11
5359 11
5360 11
5361 11
5362 11
5363 11
5364 11
5365 11
5366 11
5367 11
5368 11
5369 11
5370 11
5371 11
5372 11
5373 11
5374 11
5375 11
5376 11
5377 11
5378 11
5379 11
5380 11
5381 11
5382 11
5383 11
5384 11
5385 11
5386 11
5387 11
5388 11
5389 11
5390 11
5391 11
5392 11
5393 11
5394 11
5395 11
5396 11
5397 11
5398 11
5399 11
5400 11
5401 11
5402 11
5403 11
5404 11
5405 11
5406 11
5407 11
5408 11
5409 11
5410 11
5411 11
5412 11
5413 11
5414 11
5415 11
5416 11
5417 11
5418 11
5419 11
5420 11
5421 11
5422 11
5423 11
5424 11
5425 11
5426 11
5427 11
5428 11
5429 11
5430 11
5431 11
5432 11
5433 11
5434 11
5435 11
5436 11
5437 11
5438 11
5439 11
5440 11
5441 11
5442 11
5443 11
5444 11
5445 11
5446 11
5447 11
5448 11
5449 11
5450 11
5451 11
5452 11
5453 11
5454 11
5455 11
5456 11
5457 11
5458 11
5459 11
5460 11
5461 11
5462 11
5463 11
5464 11
5465 11
5466 11
5467 11
5468 11
5469 11
5470 11
5471 11
5472 11
5473 11
5474 11
5475 11
5476 11
5477 11
5478 11
5479 11
5480 11
5481 11
5482 11
5483 11
5484 11
5485 11
5486 11
5487 11
5488 11
5489 11
5490 11
5491 11
5492 11
5493 11
5494 11
5495 11
5496 11
5497 11
5498 11
5499 11
5500 11
5501 11
5502 11
5503 11
5504 11
5505 11
5506 11
5507 11
5508 11
5509 11
5510 11
5511 11
5512 11
5513 11
5514 11
5515 11
5516 11
5517 11
5518 11
5519 11
5520 11
5521 11
5522 11
5523 11
5524 11
5525 11
5526 11
5527 11
5528 11
5529 11
5530 11
5531 11
5532 11
5533 11
5534 11
5535 11
5536 11
5537 11
5538 11
5539 11
5540 11
5541 11
5542 11
5543 11
5544 11
5545 11
5546 11
5547 11
5548 11
5549 11
5550 11
5551 11
5552 11
5553 11
5554 11
5555 11
5556 11
5557 11
5558 11
5559 11
5560 11
5561 11
5562 11
5563 11
5564 11
5565 11
5566 11
5567 11
5568 11
5569 11
5570 11
5571 11
5572 11
5573 11
5574 11
5575 11
5576 11
5577 11
5578 11
5579 11
5580 11
5581 11
5582 11
5583 11
5584 11
5585 11
5586 11
5587 11
5588 11
5589 11
5590 11
5591 11
5592 11
5593 11
5594 11
5595 11
5596 11
5597 11
5598 11
5599 11
5600 11
5601 11
5602 11
5603 11
5604 11
5605 11
5606 11
5607 11
5608 11
5609 11
5610 11
5611 11
5612 11
5613 11
5614 11
5615 11
5616 11
5617 11
5618 11
5619 11
5620 11
5621 11
5622 11
5623 11
5624 11
5625 11
5626 11
5627 11
5628 11
5629 11
5630 11
5631 11
5632 11
5633 11
5634 11
5635 11
5636 11
5637 11
5638 11
5639 11
5640 11
5641 11
5642 11
5643 11
5644 11
5645 11
5646 11
5647 11
5648 11
5649 11
5650 11
5651 11
5652 11
5653 11
5654 11
5655 11
5656 11
5657 11
5658 11
5659 11
5660 11
5661 11
5662 11
5663 11
5664 11
5665 11
5666 11
5667 11
5668 11
5669 11
5670 11
5671 11
5672 11
5673 11
5674 11
5675 11
5676 11
5677 11
5678 11
5679 11
5680 11
5681 11
5682 11
5683 11
5684 11
5685 11
5686 11
5687 11
5688 11
5689 11
5690 11
5691 11
5692 11
5693 11
5694 11
5695 11
5696 11
5697 11
5698 11
5699 11
5700 11
5701 11
5702 11
5703 11
5704 11
5705 11
5706 11
5707 11
5708 11
5709 11
5710 11
5711 11
5712 11
5713 11
5714 11
5715 11
5716 11
5717 11
5718 11
5719 11
5720 11
5721 11
5722 11
5723 11
5724 11
5725 11
5726 11
5727 11
5728 11
5729 11
5730 11
5731 11
5732 11
5733 11
5734 11
5735 11
5736 11
5737 11
5738 11
5739 11
5740 11
5741 11
5742 11
5743 11
5744 11
5745 11
5746 11
5747 11
5748 11
5749 11
5750 11
5751 11
5752 11
5753 11
5754 11
5755 11
5756 11
5757 11
5758 11
5759 11
5760 11
5761 11
5762 11
5763 11
5764 11
5765 11
5766 11
5767 11
5768 11
5769 11
5770 11
5771 11
5772 11
5773 11
5774 11
5775 11
5776 11
5777 11
5778 11
5779 11
5780 11
5781 11
5782 11
5783 11
5784 11
5785 11
5786 11
5787 11
5788 11
5789 11
5790 11
5791 11
5792 11
5793 11
5794 11
5795 11
5796 11
5797 11
5798 11
5799 11
5800 11
5801 11
5802 11
5803 11
5804 11
5805 11
5806 11
5807 11
5808 11
5809 11
5810 11
5811 11
5812 11
5813 11
5814 11
5815 11
5816 11
5817 11
5818 11
5819 11
5820 11
5821 11
5822 11
5823 11
5824 11
5825 11
5826 11
5827 11
5828 11
5829 11
5830 11
5831 11
5832 11
5833 11
5834 11
5835 11
5836 11
5837 11
5838 11
5839 11
5840 11
5841 11
5842 11
5843 11
5844 11
5845 11
5846 11
5847 11
5848 11
5849 11
5850 11
5851 11
5852 11
5853 11
5854 11
5855 11
5856 11
5857 11
5858 11
5859 11
5860 11
5861 11
5862 11
5863 11
5864 11
5865 11
5866 11
5867 11
5868 11
5869 11
5870 11
5871 11
5872 11
5873 11
5874 11
5875 11
5876 11
5877 11
5878 11
5879 11
5880 11
5881 11
5882 11
5883 11
5884 11
5885 11
5886 11
5887 11
5888 11
5889 11
5890 11
5891 11
5892 11
5893 11
5894 11
5895 11
5896 11
5897 11
5898 11
5899 11
5900 11
5901 11
5902 11
5903 11
5904 11
5905 11
5906 11
5907 11
5908 11
5909 11
5910 11
5911 11
5912 11
5913 11
5914 11
5915 11
5916 11
5917 11
5918 11
5919 11
5920 11
5921 11
5922 11
5923 11
5924 11
5925 11
5926 11
5927 11
5928 11
5929 11
5930 11
5931 11
5932 11
5933 11
5934 11
5935 11
5936 11
5937 11
5938 11
5939 11
5940 11
5941 11
5942 11
5943 11
5944 11
5945 11
5946 11
5947 11
5948 11
5949 11
5950 11
5951 11
5952 11
5953 11
5954 11
5955 11
5956 11
5957 11
5958 11
5959 11
5960 11
5961 11
5962 11
5963 11
5964 11
5965 11
5966 11
5967 11
5968 11
5969 11
5970 11
5971 11
5972 11
5973 11
5974 11
5975 11
5976 11
5977 11
5978 11
5979 11
5980 11
5981 11
5982 11
5983 11
5984 11
5985 11
5986 11
5987 11
5988 11
5989 11
5990 11
5991 11
5992 11
5993 11
5994 11
5995 11
5996 11
5997 11
5998 11
5999 11
6000 11
6001 11
6002 11
6003 11
6004 11
6005 11
6006 11
6007 11
6008 11
6009 11
6010 11
6011 11
6012 11
6013 11
6014 11
6015 11
6016 11
6017 11
6018 11
6019 11
6020 11
6021 11
6022 11
6023 11
6024 11
6025 11
6026 11
6027 11
6028 11
6029 11
6030 11
6031 11
6032 11
6033 11
6034 11
6035 11
6036 11
6037 11
6038 11
6039 11
6040 11
6041 11
6042 11
6043 11
6044 11
6045 11
6046 11
6047 11
6048 11
6049 11
6050 11
6051 11
6052 11
6053 11
6054 11
6055 11
6056 11
6057 11
6058 11
6059 11
6060 11
6061 11
6062 11
6063 11
6064 11
6065 11
6066 11
6067 11
6068 11
6069 11
6070 11
6071 11
6072 11
6073 11
6074 11
6075 11
6076 11
6077 11
6078 11
6079 11
6080 11
6081 11
6082 11
6083 11
6084 11
6085 11
6086 11
6087 11
6088 11
6089 11
6090 11
6091 11
6092 11
6093 11
6094 11
6095 11
6096 11
6097 11
6098 11
6099 11
6100 11
6101 11
6102 11
6103 11
6104 11
6105 11
6106 11
6107 11
6108 11
6109 11
6110 11
6111 11
6112 11
6113 11
6114 11
6115 11
6116 11
6117 11
6118 11
6119 11
6120 11
6121 11
6122 11
6123 11
6124 11
6125 11
6126 11
6127 11
6128 11
6129 11
6130 11
6131 11
6132 11
6133 11
6134 11
6135 11
6136 11
6137 11
6138 11
6139 11
6140 11
6141 11
6142 11
6143 11
6144 11
6145 11
6146 11
6147 11
6148 11
6149 11
6150 11
6151 11
6152 11
6153 11
6154 11
6155 11
6156 11
6157 11
6158 11
6159 11
6160 11
6161 11
6162 11
6163 11
6164 11
6165 11
6166 11
6167 11
6168 11
6169 11
6170 11
6171 11
6172 11
6173 11
6174 11
6175 11
6176 11
6177 11
6178 11
6179 11
6180 11
6181 11
6182 11
6183 11
6184 11
6185 11
6186 11
6187 11
6188 11
6189 11
6190 11
6191 11
6192 11
6193 11
6194 11
6195 11
6196 11
6197 11
6198 11
6199 11
6200 11
6201 11
6202 11
6203 11
6204 11
6205 11
6206 11
6207 11
6208 11
6209 11
6210 11
6211 11
6212 11
6213 11
6214 11
6215 11
6216 11
6217 11
6218 11
6219 11
6220 11
6221 11
6222 11
6223 11
6224 11
6225 11
6226 11
6227 11
6228 11
6229 11
6230 11
6231 11
6232 11
6233 11
6234 11
6235 11
6236 11
6237 11
6238 11
6239 11
6240 11
6241 11
6242 11
6243 11
6244 11
6245 11
6246 11
6247 11
6248 11
6249 11
6250 11
6251 11
6252 11
6253 11
6254 11
6255 11
6256 11
6257 11
6258 11
6259 11
6260 11
6261 11
6262 11
6263 11
6264 11
6265 11
6266 11
6267 11
6268 11
6269 11
6270 11
6271 11
6272 11
6273 11
6274 11
6275 11
6276 11
6277 11
6278 11
6279 11
6280 11
6281 11
6282 11
6283 11
6284 11
6285 11
6286 11
6287 11
6288 11
6289 11
6290 11
6291 11
6292 11
6293 11
6294 11
6295 11
6296 11
6297 11
6298 11
6299 11
6300 11
6301 11
6302 11
6303 11
6304 11
6305 11
6306 11
6307 11
6308 11
6309 11
6310 11
6311 11
6312 11
6313 11
6314 11
6315 11
6316 11
6317 11
6318 11
6319 11
6320 11
6321 11
6322 11
6323 11
6324 11
6325 11
6326 11
6327 11
6328 11
6329 11
6330 11
6331 11
6332 11
6333 11
6334 11
6335 11
6336 11
6337 11
6338 11
6339 11
6340 11
6341 11
6342 11
6343 11
6344 11
6345 11
6346 11
6347 11
6348 11
6349 11
6350 11
6351 11
6352 11
6353 11
6354 11
6355 11
6356 11
6357 11
6358 11
6359 11
6360 11
6361 11
6362 11
6363 11
6364 11
6365 11
6366 11
6367 11
6368 11
6369 11
6370 11
6371 11
6372 11
6373 11
6374 11
6375 11
6376 11
6377 11
6378 11
6379 11
6380 11
6381 11
6382 11
6383 11
6384 11
6385 11
6386 11
6387 11
6388 11
6389 11
6390 11
6391 11
6392 11
6393 11
6394 11
6395 11
6396 11
6397 11
6398 11
6399 11
6400 11
6401 11
6402 11
6403 11
6404 11
6405 11
6406 11
6407 11
6408 11
6409 11
6410 11
6411 11
6412 11
6413 11
6414 11
6415 11
6416 11
6417 11
6418 11
6419 11
6420 11
6421 11
6422 11
6423 11
6424 11
6425 11
6426 11
6427 11
6428 11
6429 11
6430 11
6431 11
6432 11
6433 11
6434 11
6435 11
6436 11
6437 11
6438 11
6439 11
6440 11
6441 11
6442 11
6443 11
6444 11
6445 11
6446 11
6447 11
6448 11
6449 11
6450 11
6451 11
6452 11
6453 11
6454 11
6455 11
6456 11
6457 11
6458 11
6459 11
6460 11
6461 11
6462 11
6463 11
6464 11
6465 11
6466 11
6467 11
6468 11
6469 11
6470 11
6471 11
6472 11
6473 11
6474 11
6475 11
6476 11
6477 11
6478 11
6479 11
6480 11
6481 11
6482 11
6483 11
6484 11
6485 11
6486 11
6487 11
6488 11
6489 11
6490 11
6491 11
6492 11
6493 11
6494 11
6495 11
6496 11
6497 11
6498 11
6499 11
6500 11
6501 11
6502 11
6503 11
6504 11
6505 11
6506 11
6507 11
6508 11
6509 11
6510 11
6511 11
6512 11
6513 11
6514 11
6515 11
6516 11
6517 11
6518 11
6519 11
6520 11
6521 11
6522 11
6523 11
6524 11
6525 11
6526 11
6527 11
6528 11
6529 11
6530 11
6531 11
6532 11
6533 11
6534 11
6535 11
6536 11
6537 11
6538 11
6539 11
6540 11
6541 11
6542 11
6543 11
6544 11
6545 11
6546 11
6547 11
6548 11
6549 11
6550 11
6551 11
6552 11
6553 11
6554 11
6555 11
6556 11
6557 11
6558 11
6559 11
6560 11
6561 11
6562 11
6563 11
6564 11
6565 11
6566 11
6567 11
6568 11
6569 11
6570 11
6571 11
6572 11
6573 11
6574 11
6575 11
6576 11
6577 11
6578 11
6579 11
6580 11
6581 11
6582 11
6583 11
6584 11
6585 11
6586 11
6587 11
6588 11
6589 11
6590 11
6591 11
6592 11
6593 11
6594 11
6595 11
6596 11
6597 11
6598 11
6599 11
6600 11
6601 11
6602 11
6603 11
6604 11
6605 11
6606 11
6607 11
6608 11
6609 11
6610 11
6611 11
6612 11
6613 11
6614 11
6615 11
6616 11
6617 11
6618 11
6619 11
6620 11
6621 11
6622 11
6623 11
6624 11
6625 11
6626 11
6627 11
6628 11
6629 11
6630 11
6631 11
6632 11
6633 11
6634 11
6635 11
6636 11
6637 11
6638 11
6639 11
6640 11
6641 11
6642 11
6643 11
6644 11
6645 11
6646 11
6647 11
6648 11
6649 11
6650 11
6651 11
6652 11
6653 11
6654 11
6655 11
6656 11
6657 11
6658 11
6659 11
6660 11
6661 11
6662 11
6663 11
6664 11
6665 11
6666 11
6667 11
6668 11
6669 11
6670 11
6671 11
6672 11
6673 11
6674 11
6675 11
6676 11
6677 11
6678 11
6679 11
6680 11
6681 11
6682 11
6683 11
6684 11
6685 11
6686 11
6687 11
6688 11
6689 11
6690 11
6691 11
6692 11
6693 11
6694 11
6695 11
6696 11
6697 11
6698 11
6699 11
6700 11
6701 11
6702 11
6703 11
6704 11
6705 11
6706 11
6707 11
6708 11
6709 11
6710 11
6711 11
6712 11
6713 11
6714 11
6715 11
6716 11
6717 11
6718 11
6719 11
6720 11
6721 11
6722 11
6723 11
6724 11
6725 11
6726 11
6727 11
6728 11
6729 11
6730 11
6731 11
6732 11
6733 11
6734 11
6735 11
6736 11
6737 11
6738 11
6739 11
6740 11
6741 11
6742 11
6743 11
6744 11
6745 11
6746 11
6747 11
6748 11
6749 11
6750 11
6751 11
6752 11
6753 11
6754 11
6755 11
6756 11
6757 11
6758 11
6759 11
6760 11
6761 11
6762 11
6763 11
6764 11
6765 11
6766 11
6767 11
6768 11
6769 11
6770 11
6771 11
6772 11
6773 11
6774 11
6775 11
6776 11
6777 11
6778 11
6779 11
6780 11
6781 11
6782 11
6783 11
6784 11
6785 11
6786 11
6787 11
6788 11
6789 11
6790 11
6791 11
6792 11
6793 11
6794 11
6795 11
6796 11
6797 11
6798 11
6799 11
6800 11
6801 11
6802 11
6803 11
6804 11
6805 11
6806 11
6807 11
6808 11
6809 11
6810 11
6811 11
6812 11
6813 11
6814 11
6815 11
6816 11
6817 11
6818 11
6819 11
6820 11
6821 11
6822 11
6823 11
6824 11
6825 11
6826 11
6827 11
6828 11
6829 11
6830 11
6831 11
6832 11
6833 11
6834 11
6835 11
6836 11
6837 11
6838 11
6839 11
6840 11
6841 11
6842 11
6843 11
6844 11
6845 11
6846 11
6847 11
6848 11
6849 11
6850 11
6851 11
6852 11
6853 11
6854 11
6855 11
6856 11
6857 11
6858 11
6859 11
6860 11
6861 11
6862 11
6863 11
6864 11
6865 11
6866 11
6867 11
6868 11
6869 11
6870 11
6871 11
6872 11
6873 11
6874 11
6875 11
6876 11
6877 11
6878 11
6879 11
6880 11
6881 11
6882 11
6883 11
6884 11
6885 11
6886 11
6887 11
6888 11
6889 11
6890 11
6891 11
6892 11
6893 11
6894 11
6895 11
6896 11
6897 11
6898 11
6899 11
6900 11
6901 11
6902 11
6903 11
6904 11
6905 11
6906 11
6907 11
6908 11
6909 11
6910 11
6911 11
6912 11
6913 11
6914 11
6915 11
6916 11
6917 11
6918 11
6919 11
6920 11
6921 11
6922 11
6923 11
6924 11
6925 11
6926 11
6927 11
6928 11
6929 11
6930 11
6931 11
6932 11
6933 11
6934 11
6935 11
6936 11
6937 11
6938 11
6939 11
6940 11
6941 11
6942 11
6943 11
6944 11
6945 11
6946 11
6947 11
6948 11
6949 11
6950 11
6951 11
6952 11
6953 11
6954 11
6955 11
6956 11
6957 11
6958 11
6959 11
6960 11
6961 11
6962 11
6963 11
6964 11
6965 11
6966 11
6967 11
6968 11
6969 11
6970 11
6971 11
6972 11
6973 11
6974 11
6975 11
6976 11
6977 11
6978 11
6979 11
6980 11
6981 11
6982 11
6983 11
6984 11
6985 11
6986 11
6987 11
6988 11
6989 11
6990 11
6991 11
6992 11
6993 11
6994 11
6995 11
6996 11
6997 11
6998 11
6999 11
7000 11
7001 11
7002 11
7003 11
7004 11
7005 11
7006 11
7007 11
7008 11
7009 11
7010 11
7011 11
7012 11
7013 11
7014 11
7015 11
7016 11
7017 11
7018 11
7019 11
7020 11
7021 11
7022 11
7023 11
7024 11
7025 11
7026 11
7027 11
7028 11
7029 11
7030 11
7031 11
7032 11
7033 11
7034 11
7035 11
7036 11
7037 11
7038 11
7039 11
7040 11
7041 11
7042 11
7043 11
7044 11
7045 11
7046 11
7047 11
7048 11
7049 11
7050 11
7051 11
7052 11
7053 11
7054 11
7055 11
7056 11
7057 11
7058 11
7059 11
7060 11
7061 11
7062 11
7063 11
7064 11
7065 11
7066 11
7067 11
7068 11
7069 11
7070 11
7071 11
7072 11
7073 11
7074 11
7075 11
7076 11
7077 11
7078 11
7079 11
7080 11
7081 11
7082 11
7083 11
7084 11
7085 11
7086 11
7087 11
7088 11
7089 11
7090 11
7091 11
7092 11
7093 11
7094 11
7095 11
7096 11
7097 11
7098 11
7099 11
7100 11
7101 11
7102 11
7103 11
7104 11
7105 11
7106 11
7107 11
7108 11
7109 11
7110 11
7111 11
7112 11
7113 11
7114 11
7115 11
7116 11
7117 11
7118 11
7119 11
7120 11
7121 11
7122 11
7123 11
7124 11
7125 11
7126 11
7127 11
7128 11
7129 11
7130 11
7131 11
7132 11
7133 11
7134 11
7135 11
7136 11
7137 11
7138 11
7139 11
7140 11
7141 11
7142 11
7143 11
7144 11
7145 11
7146 11
7147 11
7148 11
7149 11
7150 11
7151 11
7152 11
7153 11
7154 11
7155 11
7156 11
7157 11
7158 11
7159 11
7160 11
7161 11
7162 11
7163 11
7164 11
7165 11
7166 11
7167 11
7168 11
7169 11
7170 11
7171 11
7172 11
7173 11
7174 11
7175 11
7176 11
7177 11
7178 11
7179 11
7180 11
7181 11
7182 11
7183 11
7184 11
7185 11
7186 11
7187 11
7188 11
7189 11
7190 11
7191 11
7192 11
7193 11
7194 11
7195 11
7196 11
7197 11
7198 11
7199 11
7200 11
7201 11
7202 11
7203 11
7204 11
7205 11
7206 11
7207 11
7208 11
7209 11
7210 11
7211 11
7212 11
7213 11
7214 11
7215 11
7216 11
7217 11
7218 11
7219 11
7220 11
7221 11
7222 11
7223 11
7224 11
7225 11
7226 11
7227 11
7228 11
7229 11
7230 11
7231 11
7232 11
7233 11
7234 11
7235 11
7236 11
7237 11
7238 11
7239 11
7240 11
7241 11
7242 11
7243 11
7244 11
7245 11
7246 11
7247 11
7248 11
7249 11
7250 11
7251 11
7252 11
7253 11
7254 11
7255 11
7256 11
7257 11
7258 11
7259 11
7260 11
7261 11
7262 11
7263 11
7264 11
7265 11
7266 11
7267 11
7268 11
7269 11
7270 11
7271 11
7272 11
7273 11
7274 11
7275 11
7276 11
7277 11
7278 11
7279 11
7280 11
7281 11
7282 11
7283 11
7284 11
7285 11
7286 11
7287 11
7288 11
7289 11
7290 11
7291 11
7292 11
7293 11
7294 11
7295 11
7296 11
7297 11
7298 11
7299 11
7300 11
7301 11
7302 11
7303 11
7304 11
7305 11
7306 11
7307 11
7308 11
7309 11
7310 11
7311 11
7312 11
7313 11
7314 11
7315 11
7316 11
7317 11
7318 11
7319 11
7320 11
7321 11
7322 11
7323 11
7324 11
7325 11
7326 11
7327 11
7328 11
7329 11
7330 11
7331 11
7332 11
7333 11
7334 11
7335 11
7336 11
7337 11
7338 11
7339 11
7340 11
7341 11
7342 11
7343 11
7344 11
7345 11
7346 11
7347 11
7348 11
7349 11
7350 11
7351 11
7352 11
7353 11
7354 11
7355 11
7356 11
7357 11
7358 11
7359 11
7360 11
7361 11
7362 11
7363 11
7364 11
7365 11
7366 11
7367 11
7368 11
7369 11
7370 11
7371 11
7372 11
7373 11
7374 11
7375 11
7376 11
7377 11
7378 11
7379 11
7380 11
7381 11
7382 11
7383 11
7384 11
7385 11
7386 11
7387 11
7388 11
7389 11
7390 11
7391 11
7392 11
7393 11
7394 11
7395 11
7396 11
7397 11
7398 11
7399 11
7400 11
7401 11
7402 11
7403 11
7404 11
7405 11
7406 11
7407 11
7408 11
7409 11
7410 11
7411 11
7412 11
7413 11
7414 11
7415 11
7416 11
7417 11
7418 11
7419 11
7420 11
7421 11
7422 11
7423 11
7424 11
7425 11
7426 11
7427 11
7428 11
7429 11
7430 11
7431 11
7432 11
7433 11
7434 11
7435 11
7436 11
7437 11
7438 11
7439 11
7440 11
7441 11
7442 11
7443 11
7444 11
7445 11
7446 11
7447 11
7448 11
7449 11
7450 11
7451 11
7452 11
7453 11
7454 11
7455 11
7456 11
7457 11
7458 11
7459 11
7460 11
7461 11
7462 11
7463 11
7464 11
7465 11
7466 11
7467 11
7468 11
7469 11
7470 11
7471 11
7472 11
7473 11
7474 11
7475 11
7476 11
7477 11
7478 11
7479 11
7480 11
7481 11
7482 11
7483 11
7484 11
7485 11
7486 11
7487 11
7488 11
7489 11
7490 11
7491 11
7492 11
7493 11
7494 11
7495 11
7496 11
7497 11
7498 11
7499 11
7500 11
7501 11
7502 11
7503 11
7504 11
7505 11
7506 11
7507 11
7508 11
7509 11
7510 11
7511 11
7512 11
7513 11
7514 11
7515 11
7516 11
7517 11
7518 11
7519 11
7520 11
7521 11
7522 11
7523 11
7524 11
7525 11
7526 11
7527 11
7528 11
7529 11
7530 11
7531 11
7532 11
7533 11
7534 11
7535 11
7536 11
7537 11
7538 11
7539 11
7540 11
7541 11
7542 11
7543 11
7544 11
7545 11
7546 11
7547 11
7548 11
7549 11
7550 11
7551 11
7552 11
7553 11
7554 11
7555 11
7556 11
7557 11
7558 11
7559 11
7560 11
7561 11
7562 11
7563 11
7564 11
7565 11
7566 11
7567 11
7568 11
7569 11
7570 11
7571 11
7572 11
7573 11
7574 11
7575 11
7576 11
7577 11
7578 11
7579 11
7580 11
7581 11
7582 11
7583 11
7584 11
7585 11
7586 11
7587 11
7588 11
7589 11
7590 11
7591 11
7592 11
7593 11
7594 11
7595 11
7596 11
7597 11
7598 11
7599 11
7600 11
7601 11
7602 11
7603 11
7604 11
7605 11
7606 11
7607 11
7608 11
7609 11
7610 11
7611 11
7612 11
7613 11
7614 11
7615 11
7616 11
7617 11
7618 11
7619 11
7620 11
7621 11
7622 11
7623 11
7624 11
7625 11
7626 11
7627 11
7628 11
7629 11
7630 11
7631 11
7632 11
7633 11
7634 11
7635 11
7636 11
7637 11
7638 11
7639 11
7640 11
7641 11
7642 11
7643 11
7644 11
7645 11
7646 11
7647 11
7648 11
7649 11
7650 11
7651 11
7652 11
7653 11
7654 11
7655 11
7656 11
7657 11
7658 11
7659 11
7660 11
7661 11
7662 11
7663 11
7664 11
7665 11
7666 11
7667 11
7668 11
7669 11
7670 11
7671 11
7672 11
7673 11
7674 11
7675 11
7676 11
7677 11
7678 11
7679 11
7680 11
7681 11
7682 11
7683 11
7684 11
7685 11
7686 11
7687 11
7688 11
7689 11
7690 11
7691 11
7692 11
7693 11
7694 11
7695 11
7696 11
7697 11
7698 11
7699 11
7700 11
7701 11
7702 11
7703 11
7704 11
7705 11
7706 11
7707 11
7708 11
7709 11
7710 11
7711 11
7712 11
7713 11
7714 11
7715 11
7716 11
7717 11
7718 11
7719 11
7720 11
7721 11
7722 11
7723 11
7724 11
7725 11
7726 11
7727 11
7728 11
7729 11
7730 11
7731 11
7732 11
7733 11
7734 11
7735 11
7736 11
7737 11
7738 11
7739 11
7740 11
7741 11
7742 11
7743 11
7744 11
7745 11
7746 11
7747 11
7748 11
7749 11
7750 11
7751 11
7752 11
7753 11
7754 11
7755 11
7756 11
7757 11
7758 11
7759 11
7760 11
7761 11
7762 11
7763 11
7764 11
7765 11
7766 11
7767 11
7768 11
7769 11
7770 11
7771 11
7772 11
7773 11
7774 11
7775 11
7776 11
7777 11
7778 11
7779 11
7780 11
7781 11
7782 11
7783 11
7784 11
7785 11
7786 11
7787 11
7788 11
7789 11
7790 11
7791 11
7792 11
7793 11
7794 11
7795 11
7796 11
7797 11
7798 11
7799 11
7800 11
7801 11
7802 11
7803 11
7804 11
7805 11
7806 11
7807 11
7808 11
7809 11
7810 11
7811 11
7812 11
7813 11
7814 11
7815 11
7816 11
7817 11
7818 11
7819 11
7820 11
7821 11
7822 11
7823 11
7824 11
7825 11
7826 11
7827 11
7828 11
7829 11
7830 11
7831 11
7832 11
7833 11
7834 11
7835 11
7836 11
7837 11
7838 11
7839 11
7840 11
7841 11
7842 11
7843 11
7844 11
7845 11
7846 11
7847 11
7848 11
7849 11
7850 11
7851 11
7852 11
7853 11
7854 11
7855 11
7856 11
7857 11
7858 11
7859 11
7860 11
7861 11
7862 11
7863 11
7864 11
7865 11
7866 11
7867 11
7868 11
7869 11
7870 11
7871 11
7872 11
7873 11
7874 11
7875 11
7876 11
7877 11
7878 11
7879 11
7880 11
7881 11
7882 11
7883 11
7884 11
7885 11
7886 11
7887 11
7888 11
7889 11
7890 11
7891 11
7892 11
7893 11
7894 11
7895 11
7896 11
7897 11
7898 11
7899 11
7900 11
7901 11
7902 11
7903 11
7904 11
7905 11
7906 11
7907 11
7908 11
7909 11
7910 11
7911 11
7912 11
7913 11
7914 11
7915 11
7916 11
7917 11
7918 11
7919 11
7920 11
7921 11
7922 11
7923 11
7924 11
7925 11
7926 11
7927 11
7928 11
7929 11
7930 11
7931 11
7932 11
7933 11
7934 11
7935 11
7936 11
7937 11
7938 11
7939 11
7940 11
7941 11
7942 11
7943 11
7944 11
7945 11
7946 11
7947 11
7948 11
7949 11
7950 11
7951 11
7952 11
7953 11
7954 11
7955 11
7956 11
7957 11
7958 11
7959 11
7960 11
7961 11
7962 11
7963 11
7964 11
7965 11
7966 11
7967 11
7968 11
7969 11
7970 11
7971 11
7972 11
7973 11
7974 11
7975 11
7976 11
7977 11
7978 11
7979 11
7980 11
7981 11
7982 11
7983 11
7984 11
7985 11
7986 11
7987 11
7988 11
7989 11
7990 11
7991 11
7992 11
7993 11
7994 11
7995 11
7996 11
7997 11
7998 11
7999 11
8000 11
8001 11
8002 11
8003 11
8004 11
8005 11
8006 11
8007 11
8008 11
8009 11
8010 11
8011 11
8012 11
8013 11
8014 11
8015 11
8016 11
8017 11
8018 11
8019 11
8020 11
8021 11
8022 11
8023 11
8024 11
8025 11
8026 11
8027 11
8028 11
8029 11
8030 11
8031 11
8032 11
8033 11
8034 11
8035 11
8036 11
8037 11
8038 11
8039 11
8040 11
8041 11
8042 11
8043 11
8044 11
8045 11
8046 11
8047 11
8048 11
8049 11
8050 11
8051 11
8052 11
8053 11
8054 11
8055 11
8056 11
8057 11
8058 11
8059 11
8060 11
8061 11
8062 11
8063 11
8064 11
8065 11
8066 11
8067 11
8068 11
8069 11
8070 11
8071 11
8072 11
8073 11
8074 11
8075 11
8076 11
8077 11
8078 11
8079 11
8080 11
8081 11
8082 11
8083 11
8084 11
8085 11
8086 11
8087 11
8088 11
8089 11
8090 11
8091 11
8092 11
8093 11
8094 11
8095 11
8096 11
8097 11
8098 11
8099 11
8100 11
8101 11
8102 11
8103 11
8104 11
8105 11
8106 11
8107 11
8108 11
8109 11
8110 11
8111 11
8112 11
8113 11
8114 11
8115 11
8116 11
8117 11
8118 11
8119 11
8120 11
8121 11
8122 11
8123 11
8124 11
8125 11
8126 11
8127 11
8128 11
8129 11
8130 11
8131 11
8132 11
8133 11
8134 11
8135 11
8136 11
8137 11
8138 11
8139 11
8140 11
8141 11
8142 11
8143 11
8144 11
8145 11
8146 11
8147 11
8148 11
8149 11
8150 11
8151 11
8152 11
8153 11
8154 11
8155 11
8156 11
8157 11
8158 11
8159 11
8160 11
8161 11
8162 11
8163 11
8164 11
8165 11
8166 11
8167 11
8168 11
8169 11
8170 11
8171 11
8172 11
8173 11
8174 11
8175 11
8176 11
8177 11
8178 11
8179 11
8180 11
8181 11
8182 11
8183 11
8184 11
8185 11
8186 11
8187 11
8188 11
8189 11
8190 11
8191 11
8192 11
8193 11
8194 11
8195 11
8196 11
8197 11
8198 11
8199 11
8200 11
8201 11
8202 11
8203 11
8204 11
8205 11
8206 11
8207 11
8208 11
8209 11
8210 11
8211 11
8212 11
8213 11
8214 11
8215 11
8216 11
8217 11
8218 11
8219 11
8220 11
8221 11
8222 11
8223 11
8224 11
8225 11
8226 11
8227 11
8228 11
8229 11
8230 11
8231 11
8232 11
8233 11
8234 11
8235 11
8236 11
8237 11
8238 11
8239 11
8240 11
8241 11
8242 11
8243 11
8244 11
8245 11
8246 11
8247 11
8248 11
8249 11
8250 11
8251 11
8252 11
8253 11
8254 11
8255 11
8256 11
8257 11
8258 11
8259 11
8260 11
8261 11
8262 11
8263 11
8264 11
8265 11
8266 11
8267 11
8268 11
8269 11
8270 11
8271 11
8272 11
8273 11
8274 11
8275 11
8276 11
8277 11
8278 11
8279 11
8280 11
8281 11
8282 11
8283 11
8284 11
8285 11
8286 11
8287 11
8288 11
8289 11
8290 11
8291 11
8292 11
8293 11
8294 11
8295 11
8296 11
8297 11
8298 11
8299 11
8300 11
8301 11
8302 11
8303 11
8304 11
8305 11
8306 11
8307 11
8308 11
8309 11
8310 11
8311 11
8312 11
8313 11
8314 11
8315 11
8316 11
8317 11
8318 11
8319 11
8320 11
8321 11
8322 11
8323 11
8324 11
8325 11
8326 11
8327 11
8328 11
8329 11
8330 11
8331 11
8332 11
8333 11
8334 11
8335 11
8336 11
8337 11
8338 11
8339 11
8340 11
8341 11
8342 11
8343 11
8344 11
8345 11
8346 11
8347 11
8348 11
8349 11
8350 11
8351 11
8352 11
8353 11
8354 11
8355 11
8356 11
8357 11
8358 11
8359 11
8360 11
8361 11
8362 11
8363 11
8364 11
8365 11
8366 11
8367 11
8368 11
8369 11
8370 11
8371 11
8372 11
8373 11
8374 11
8375 11
8376 11
8377 11
8378 11
8379 11
8380 11
8381 11
8382 11
8383 11
8384 11
8385 11
8386 11
8387 11
8388 11
8389 11
8390 11
8391 11
8392 11
8393 11
8394 11
8395 11
8396 11
8397 11
8398 11
8399 11
8400 11
8401 11
8402 11
8403 11
8404 11
8405 11
8406 11
8407 11
8408 11
8409 11
8410 11
8411 11
8412 11
8413 11
8414 11
8415 11
8416 11
8417 11
8418 11
8419 11
8420 11
8421 11
8422 11
8423 11
8424 11
8425 11
8426 11
8427 11
8428 11
8429 11
8430 11
8431 11
8432 11
8433 11
8434 11
8435 11
8436 11
8437 11
8438 11
8439 11
8440 11
8441 11
8442 11
8443 11
8444 11
8445 11
8446 11
8447 11
8448 11
8449 11
8450 11
8451 11
8452 11
8453 11
8454 11
8455 11
8456 11
8457 11
8458 11
8459 11
8460 11
8461 11
8462 11
8463 11
8464 11
8465 11
8466 11
8467 11
8468 11
8469 11
8470 11
8471 11
8472 11
8473 11
8474 11
8475 11
8476 11
8477 11
8478 11
8479 11
8480 11
8481 11
8482 11
8483 11
8484 11
8485 11
8486 11
8487 11
8488 11
8489 11
8490 11
8491 11
8492 11
8493 11
8494 11
8495 11
8496 11
8497 11
8498 11
8499 11
8500 11
8501 11
8502 11
8503 11
8504 11
8505 11
8506 11
8507 11
8508 11
8509 11
8510 11
8511 11
8512 11
8513 11
8514 11
8515 11
8516 11
8517 11
8518 11
8519 11
8520 11
8521 11
8522 11
8523 11
8524 11
8525 11
8526 11
8527 11
8528 11
8529 11
8530 11
8531 11
8532 11
8533 11
8534 11
8535 11
8536 11
8537 11
8538 11
8539 11
8540 11
8541 11
8542 11
8543 11
8544 11
8545 11
8546 11
8547 11
8548 11
8549 11
8550 11
8551 11
8552 11
8553 11
8554 11
8555 11
8556 11
8557 11
8558 11
8559 11
8560 11
8561 11
8562 11
8563 11
8564 11
8565 11
8566 11
8567 11
8568 11
8569 11
8570 11
8571 11
8572 11
8573 11
8574 11
8575 11
8576 11
8577 11
8578 11
8579 11
8580 11
8581 11
8582 11
8583 11
8584 11
8585 11
8586 11
8587 11
8588 11
8589 11
8590 11
8591 11
8592 11
8593 11
8594 11
8595 11
8596 11
8597 11
8598 11
8599 11
8600 11
8601 11
8602 11
8603 11
8604 11
8605 11
8606 11
8607 11
8608 11
8609 11
8610 11
8611 11
8612 11
8613 11
8614 11
8615 11
8616 11
8617 11
8618 11
8619 11
8620 11
8621 11
8622 11
8623 11
8624 11
8625 11
8626 11
8627 11
8628 11
8629 11
8630 11
8631 11
8632 11
8633 11
8634 11
8635 11
8636 11
8637 11
8638 11
8639 11
8640 11
8641 11
8642 11
8643 11
8644 11
8645 11
8646 11
8647 11
8648 11
8649 11
8650 11
8651 11
8652 11
8653 11
8654 11
8655 11
8656 11
8657 11
8658 11
8659 11
8660 11
8661 11
8662 11
8663 11
8664 11
8665 11
8666 11
8667 11
8668 11
8669 11
8670 11
8671 11
8672 11
8673 11
8674 11
8675 11
8676 11
8677 11
8678 11
8679 11
8680 11
8681 11
8682 11
8683 11
8684 11
8685 11
8686 11
8687 11
8688 11
8689 11
8690 11
8691 11
8692 11
8693 11
8694 11
8695 11
8696 11
8697 11
8698 11
8699 11
8700 11
8701 11
8702 11
8703 11
8704 11
8705 11
8706 11
8707 11
8708 11
8709 11
8710 11
8711 11
8712 11
8713 11
8714 11
8715 11
8716 11
8717 11
8718 11
8719 11
8720 11
8721 11
8722 11
8723 11
8724 11
8725 11
8726 11
8727 11
8728 11
8729 11
8730 11
8731 11
8732 11
8733 11
8734 11
8735 11
8736 11
8737 11
8738 11
8739 11
8740 11
8741 11
8742 11
8743 11
8744 11
8745 11
8746 11
8747 11
8748 11
8749 11
8750 11
8751 11
8752 11
8753 11
8754 11
8755 11
8756 11
8757 11
8758 11
8759 11
8760 11
8761 11
8762 11
8763 11
8764 11
8765 11
8766 11
8767 11
8768 11
8769 11
8770 11
8771 11
8772 11
8773 11
8774 11
8775 11
8776 11
8777 11
8778 11
8779 11
8780 11
8781 11
8782 11
8783 11
8784 11
8785 11
8786 11
8787 11
8788 11
8789 11
8790 11
8791 11
8792 11
8793 11
8794 11
8795 11
8796 11
8797 11
8798 11
8799 11
8800 11
8801 11
8802 11
8803 11
8804 11
8805 11
8806 11
8807 11
8808 11
8809 11
8810 11
8811 11
8812 11
8813 11
8814 11
8815 11
8816 11
8817 11
8818 11
8819 11
8820 11
8821 11
8822 11
8823 11
8824 11
8825 11
8826 11
8827 11
8828 11
8829 11
8830 11
8831 11
8832 11
8833 11
8834 11
8835 11
8836 11
8837 11
8838 11
8839 11
8840 11
8841 11
8842 11
8843 11
8844 11
8845 11
8846 11
8847 11
8848 11
8849 11
8850 11
8851 11
8852 11
8853 11
8854 11
8855 11
8856 11
8857 11
8858 11
8859 11
8860 11
8861 11
8862 11
8863 11
8864 11
8865 11
8866 11
8867 11
8868 11
8869 11
8870 11
8871 11
8872 11
8873 11
8874 11
8875 11
8876 11
8877 11
8878 11
8879 11
8880 11
8881 11
8882 11
8883 11
8884 11
8885 11
8886 11
8887 11
8888 11
8889 11
8890 11
8891 11
8892 11
8893 11
8894 11
8895 11
8896 11
8897 11
8898 11
8899 11
8900 11
8901 11
8902 11
8903 11
8904 11
8905 11
8906 11
8907 11
8908 11
8909 11
8910 11
8911 11
8912 11
8913 11
8914 11
8915 11
8916 11
8917 11
8918 11
8919 11
8920 11
8921 11
8922 11
8923 11
8924 11
8925 11
8926 11
8927 11
8928 11
8929 11
8930 11
8931 11
8932 11
8933 11
8934 11
8935 11
8936 11
8937 11
8938 11
8939 11
8940 11
8941 11
8942 11
8943 11
8944 11
8945 11
8946 11
8947 11
8948 11
8949 11
8950 11
8951 11
8952 11
8953 11
8954 11
8955 11
8956 11
8957 11
8958 11
8959 11
8960 11
8961 11
8962 11
8963 11
8964 11
8965 11
8966 11
8967 11
8968 11
8969 11
8970 11
8971 11
8972 11
8973 11
8974 11
8975 11
8976 11
8977 11
8978 11
8979 11
8980 11
8981 11
8982 11
8983 11
8984 11
8985 11
8986 11
8987 11
8988 11
8989 11
8990 11
8991 11
8992 11
8993 11
8994 11
8995 11
8996 11
8997 11
8998 11
8999 11
9000 11
9001 11
9002 11
9003 11
9004 11
9005 11
9006 11
9007 11
9008 11
9009 11
9010 11
9011 11
9012 11
9013 11
9014 11
9015 11
9016 11
9017 11
9018 11
9019 11
9020 11
9021 11
9022 11
9023 11
9024 11
9025 11
9026 11
9027 11
9028 11
9029 11
9030 11
9031 11
9032 11
9033 11
9034 11
9035 11
9036 11
9037 11
9038 11
9039 11
9040 11
9041 11
9042 11
9043 11
9044 11
9045 11
9046 11
9047 11
9048 11
9049 11
9050 11
9051 11
9052 11
9053 11
9054 11
9055 11
9056 11
9057 11
9058 11
9059 11
9060 11
9061 11
9062 11
9063 11
9064 11
9065 11
9066 11
9067 11
9068 11
9069 11
9070 11
9071 11
9072 11
9073 11
9074 11
9075 11
9076 11
9077 11
9078 11
9079 11
9080 11
9081 11
9082 11
9083 11
9084 11
9085 11
9086 11
9087 11
9088 11
9089 11
9090 11
9091 11
9092 11
9093 11
9094 11
9095 11
9096 11
9097 11
9098 11
9099 11
9100 11
9101 11
9102 11
9103 11
9104 11
9105 11
9106 11
9107 11
9108 11
9109 11
9110 11
9111 11
9112 11
9113 11
9114 11
9115 11
9116 11
9117 11
9118 11
9119 11
9120 11
9121 11
9122 11
9123 11
9124 11
9125 11
9126 11
9127 11
9128 11
9129 11
9130 11
9131 11
9132 11
9133 11
9134 11
9135 11
9136 11
9137 11
9138 11
9139 11
9140 11
9141 11
9142 11
9143 11
9144 11
9145 11
9146 11
9147 11
9148 11
9149 11
9150 11
9151 11
9152 11
9153 11
9154 11
9155 11
9156 11
9157 11
9158 11
9159 11
9160 11
9161 11
9162 11
9163 11
9164 11
9165 11
9166 11
9167 11
9168 11
9169 11
9170 11
9171 11
9172 11
9173 11
9174 11
9175 11
9176 11
9177 11
9178 11
9179 11
9180 11
9181 11
9182 11
9183 11
9184 11
9185 11
9186 11
9187 11
9188 11
9189 11
9190 11
9191 11
9192 11
9193 11
9194 11
9195 11
9196 11
9197 11
9198 11
9199 11
9200 11
9201 11
9202 11
9203 11
9204 11
9205 11
9206 11
9207 11
9208 11
9209 11
9210 11
9211 11
9212 11
9213 11
9214 11
9215 11
9216 11
9217 11
9218 11
9219 11
9220 11
9221 11
9222 11
9223 11
9224 11
9225 11
9226 11
9227 11
9228 11
9229 11
9230 11
9231 11
9232 11
9233 11
9234 11
9235 11
9236 11
9237 11
9238 11
9239 11
9240 11
9241 11
9242 11
9243 11
9244 11
9245 11
9246 11
9247 11
9248 11
9249 11
9250 11
9251 11
9252 11
9253 11
9254 11
9255 11
9256 11
9257 11
9258 11
9259 11
9260 11
9261 11
9262 11
9263 11
9264 11
9265 11
9266 11
9267 11
9268 11
9269 11
9270 11
9271 11
9272 11
9273 11
9274 11
9275 11
9276 11
9277 11
9278 11
9279 11
9280 11
9281 11
9282 11
9283 11
9284 11
9285 11
9286 11
9287 11
9288 11
9289 11
9290 11
9291 11
9292 11
9293 11
9294 11
9295 11
9296 11
9297 11
9298 11
9299 11
9300 11
9301 11
9302 11
9303 11
9304 11
9305 11
9306 11
9307 11
9308 11
9309 11
9310 11
9311 11
9312 11
9313 11
9314 11
9315 11
9316 11
9317 11
9318 11
9319 11
9320 11
9321 11
9322 11
9323 11
9324 11
9325 11
9326 11
9327 11
9328 11
9329 11
9330 11
9331 11
9332 11
9333 11
9334 11
9335 11
9336 11
9337 11
9338 11
9339 11
9340 11
9341 11
9342 11
9343 11
9344 11
9345 11
9346 11
9347 11
9348 11
9349 11
9350 11
9351 11
9352 11
9353 11
9354 11
9355 11
9356 11
9357 11
9358 11
9359 11
9360 11
9361 11
9362 11
9363 11
9364 11
9365 11
9366 11
9367 11
9368 11
9369 11
9370 11
9371 11
9372 11
9373 11
9374 11
9375 11
9376 11
9377 11
9378 11
9379 11
9380 11
9381 11
9382 11
9383 11
9384 11
9385 11
9386 11
9387 11
9388 11
9389 11
9390 11
9391 11
9392 11
9393 11
9394 11
9395 11
9396 11
9397 11
9398 11
9399 11
9400 11
9401 11
9402 11
9403 11
9404 11
9405 11
9406 11
9407 11
9408 11
9409 11
9410 11
9411 11
9412 11
9413 11
9414 11
9415 11
9416 11
9417 11
9418 11
9419 11
9420 11
9421 11
9422 11
9423 11
9424 11
9425 11
9426 11
9427 11
9428 11
9429 11
9430 11
9431 11
9432 11
9433 11
9434 11
9435 11
9436 11
9437 11
9438 11
9439 11
9440 11
9441 11
9442 11
9443 11
9444 11
9445 11
9446 11
9447 11
9448 11
9449 11
9450 11
9451 11
9452 11
9453 11
9454 11
9455 11
9456 11
9457 11
9458 11
9459 11
9460 11
9461 11
9462 11
9463 11
9464 11
9465 11
9466 11
9467 11
9468 11
9469 11
9470 11
9471 11
9472 11
9473 11
9474 11
9475 11
9476 11
9477 11
9478 11
9479 11
9480 11
9481 11
9482 11
9483 11
9484 11
9485 11
9486 11
9487 11
9488 11
9489 11
9490 11
9491 11
9492 11
9493 11
9494 11
9495 11
9496 11
9497 11
9498 11
9499 11
9500 11
9501 11
9502 11
9503 11
9504 11
9505 11
9506 11
9507 11
9508 11
9509 11
9510 11
9511 11
9512 11
9513 11
9514 11
9515 11
9516 11
9517 11
9518 11
9519 11
9520 11
9521 11
9522 11
9523 11
9524 11
9525 11
9526 11
9527 11
9528 11
9529 11
9530 11
9531 11
9532 11
9533 11
9534 11
9535 11
9536 11
9537 11
9538 11
9539 11
9540 11
9541 11
9542 11
9543 11
9544 11
9545 11
9546 11
9547 11
9548 11
9549 11
9550 11
9551 11
9552 11
9553 11
9554 11
9555 11
9556 11
9557 11
9558 11
9559 11
9560 11
9561 11
9562 11
9563 11
9564 11
9565 11
9566 11
9567 11
9568 11
9569 11
9570 11
9571 11
9572 11
9573 11
9574 11
9575 11
9576 11
9577 11
9578 11
9579 11
9580 11
9581 11
9582 11
9583 11
9584 11
9585 11
9586 11
9587 11
9588 11
9589 11
9590 11
9591 11
9592 11
9593 11
9594 11
9595 11
9596 11
9597 11
9598 11
9599 11
9600 11
9601 11
9602 11
9603 11
9604 11
9605 11
9606 11
9607 11
9608 11
9609 11
9610 11
9611 11
9612 11
9613 11
9614 11
9615 11
9616 11
9617 11
9618 11
9619 11
9620 11
9621 11
9622 11
9623 11
9624 11
9625 11
9626 11
9627 11
9628 11
9629 11
9630 11
9631 11
9632 11
9633 11
9634 11
9635 11
9636 11
9637 11
9638 11
9639 11
9640 11
9641 11
9642 11
9643 11
9644 11
9645 11
9646 11
9647 11
9648 11
9649 11
9650 11
9651 11
9652 11
9653 11
9654 11
9655 11
9656 11
9657 11
9658 11
9659 11
9660 11
9661 11
9662 11
9663 11
9664 11
9665 11
9666 11
9667 11
9668 11
9669 11
9670 11
9671 11
9672 11
9673 11
9674 11
9675 11
9676 11
9677 11
9678 11
9679 11
9680 11
9681 11
9682 11
9683 11
9684 11
9685 11
9686 11
9687 11
9688 11
9689 11
9690 11
9691 11
9692 11
9693 11
9694 11
9695 11
9696 11
9697 11
9698 11
9699 11
9700 11
9701 11
9702 11
9703 11
9704 11
9705 11
9706 11
9707 11
9708 11
9709 11
9710 11
9711 11
9712 11
9713 11
9714 11
9715 11
9716 11
9717 11
9718 11
9719 11
9720 11
9721 11
9722 11
9723 11
9724 11
9725 11
9726 11
9727 11
9728 11
9729 11
9730 11
9731 11
9732 11
9733 11
9734 11
9735 11
9736 11
9737 11
9738 11
9739 11
9740 11
9741 11
9742 11
9743 11
9744 11
9745 11
9746 11
9747 11
9748 11
9749 11
9750 11
9751 11
9752 11
9753 11
9754 11
9755 11
9756 11
9757 11
9758 11
9759 11
9760 11
9761 11
9762 11
9763 11
9764 11
9765 11
9766 11
9767 11
9768 11
9769 11
9770 11
9771 11
9772 11
9773 11
9774 11
9775 11
9776 11
9777 11
9778 11
9779 11
9780 11
9781 11
9782 11
9783 11
9784 11
9785 11
9786 11
9787 11
9788 11
9789 11
9790 11
9791 11
9792 11
9793 11
9794 11
9795 11
9796 11
9797 11
9798 11
9799 11
9800 11
9801 11
9802 11
9803 11
9804 11
9805 11
9806 11
9807 11
9808 11
9809 11
9810 11
9811 11
9812 11
9813 11
9814 11
9815 11
9816 11
9817 11
9818 11
9819 11
9820 11
9821 11
9822 11
9823 11
9824 11
9825 11
9826 11
9827 11
9828 11
9829 11
9830 11
9831 11
9832 11
9833 11
9834 11
9835 11
9836 11
9837 11
9838 11
9839 11
9840 11
9841 11
9842 11
9843 11
9844 11
9845 11
9846 11
9847 11
9848 11
9849 11
9850 11
9851 11
9852 11
9853 11
9854 11
9855 11
9856 11
9857 11
9858 11
9859 11
9860 11
9861 11
9862 11
9863 11
9864 11
9865 11
9866 11
9867 11
9868 11
9869 11
9870 11
9871 11
9872 11
9873 11
9874 11
9875 11
9876 11
9877 11
9878 11
9879 11
9880 11
9881 11
9882 11
9883 11
9884 11
9885 11
9886 11
9887 11
9888 11
9889 11
9890 11
9891 11
9892 11
9893 11
9894 11
9895 11
9896 11
9897 11
9898 11
9899 11
9900 11
9901 11
9902 11
9903 11
9904 11
9905 11
9906 11
9907 11
9908 11
9909 11
9910 11
9911 11
9912 11
9913 11
9914 11
9915 11
9916 11
9917 11
9918 11
9919 11
9920 11
9921 11
9922 11
9923 11
9924 11
9925 11
9926 11
9927 11
9928 11
9929 11
9930 11
9931 11
9932 11
9933 11
9934 11
9935 11
9936 11
9937 11
9938 11
9939 11
9940 11
9941 11
9942 11
9943 11
9944 11
9945 11
9946 11
9947 11
9948 11
9949 11
9950 11
9951 11
9952 11
9953 11
9954 11
9955 11
9956 11
9957 11
9958 11
9959 11
9960 11
9961 11
9962 11
9963 11
9964 11
9965 11
9966 11
9967 11
9968 11
9969 11
9970 11
9971 11
9972 11
9973 11
9974 11
9975 11
9976 11
9977 11
9978 11
9979 11
9980 11
9981 11
9982 11
9983 11
9984 11
9985 11
9986 11
9987 11
9988 11
9989 11
9990 11
9991 11
9992 11
9993 11
9994 11
9995 11
9996 11
9997 11
9998 11
9999 11
10000 11
