100 1
101 1
102 1
103 1
104 1
105 1
106 1
107 1
108 1
109 1
110 1
111 1
112 1
113 1
114 1
115 1
116 1
117 1
118 1
119 1
120 1
121 1
122 1
123 1
124 1
125 1
126 1
127 1
128 1
129 1
130 1
131 1
132 1
133 1
134 1
135 1
136 1
137 1
138 1
139 1
140 1
141 1
142 1
143 1
144 1
145 1
146 1
147 1
148 1
149 1
150 1
151 1
152 1
153 1
154 1
155 1
156 1
157 1
158 1
159 1
160 1
161 1
162 2
163 2
164 2
165 2
166 2
167 2
168 2
169 2
170 2
171 2
172 2
173 2
174 2
175 2
176 2
177 2
178 3
179 3
180 3
181 3
182 3
183 3
184 3
185 3
186 3
187 3
188 3
189 3
190 3
191 3
192 3
193 3
194 3
195 3
196 3
197 3
198 3
199 3
200 3
201 3
202 3
203 3
204 3
205 3
206 3
207 3
208 3
209 3
210 3
211 3
212 3
213 3
214 3
215 3
216 3
217 3
218 3
219 3
220 3
221 3
222 3
223 3
224 3
225 3
226 3
227 3
228 3
229 3
230 3
231 3
232 3
233 3
234 3
235 3
236 3
237 3
238 3
239 3
240 3
241 3
242 3
243 3
244 4
245 4
246 4
247 4
248 4
249 4
250 4
251 4
252 4
253 4
254 4
255 4
256 4
257 4
258 4
259 4
260 4
261 4
262 4
263 4
264 4
265 4
266 4
267 4
268 5
269 5
270 5
271 5
272 5
273 5
274 5
275 5
276 5
277 5
278 5
279 5
280 5
281 5
282 5
283 5
284 5
285 5
286 5
287 5
288 5
289 5
290 5
291 5
292 5
293 5
294 5
295 5
296 5
297 5
298 5
299 5
300 5
301 5
302 5
303 5
304 5
305 5
306 5
307 5
308 5
309 5
310 5
311 5
312 5
313 5
314 5
315 5
316 5
317 5
318 5
319 5
320 5
321 5
322 5
323 5
324 5
325 5
326 5
327 5
328 5
329 5
330 5
331 5
332 5
333 5
334 5
335 5
336 5
337 5
338 5
339 5
340 5
341 5
342 5
343 5
344 5
345 5
346 5
347 5
348 5
349 5
350 5
351 5
352 5
353 5
354 5
355 5
356 5
357 5
358 5
359 5
360 5
361 5
362 5
363 5
364 5
365 5
366 5
367 5
368 5
369 5
370 5
371 5
372 5
373 5
374 5
375 5
376 5
377 5
378 5
379 5
380 5
381 5
382 5
383 5
384 5
385 5
386 5
387 6
388 6
389 6
390 6
391 6
392 6
393 6
394 6
395 6
396 6
397 6
398 6
399 6
400 6
401 6
402 6
403 6
404 6
405 6
406 6
407 6
408 6
409 6
410 6
411 6
412 6
413 6
414 6
415 6
416 6
417 6
418 6
419 6
420 6
421 6
422 6
423 6
424 6
425 6
426 6
427 6
428 6
429 6
430 6
431 6
432 6
433 6
434 6
435 6
436 6
437 6
438 6
439 6
440 6
441 6
442 6
443 6
444 6
445 6
446 6
447 6
448 6
449 6
450 6
451 6
452 6
453 6
454 6
455 6
456 6
457 6
458 6
459 6
460 6
461 6
462 6
463 6
464 6
465 6
466 6
467 6
468 6
469 6
470 6
471 6
472 6
473 6
474 6
475 6
476 6
477 6
478 6
479 6
480 6
481 6
482 7
483 7
484 7
485 7
486 7
487 7
488 7
489 7
490 7
491 7
492 7
493 7
494 7
495 7
496 7
497 7
498 7
499 7
500 7
501 7
502 7
503 7
504 7
505 7
506 7
507 7
508 7
509 7
510 7
511 7
512 7
513 7
514 7
515 7
516 7
517 7
518 7
519 7
520 7
521 7
522 7
523 7
524 7
525 7
526 7
527 7
528 7
529 7
530 7
531 7
532 7
533 7
534 7
535 7
536 7
537 7
538 7
539 7
540 7
541 7
542 7
543 7
544 7
545 7
546 7
547 7
548 7
549 7
550 7
551 7
552 7
553 7
554 7
555 7
556 7
557 7
558 7
559 7
560 7
561 7
562 7
563 7
564 7
565 7
566 7
567 7
568 7
569 7
570 7
571 7
572 7
573 7
574 7
575 7
576 7
577 7
578 7
579 7
580 7
581 7
582 7
583 7
584 7
585 7
586 7
587 7
588 7
589 7
590 7
591 7
592 7
593 7
594 7
595 7
596 7
597 7
598 7
599 7
600 7
601 7
602 7
603 7
604 7
605 7
606 7
607 7
608 7
609 7
610 7
611 7
612 7
613 7
614 7
615 7
616 7
617 7
618 7
619 7
620 7
621 7
622 7
623 7
624 7
625 7
626 7
627 7
628 7
629 7
630 7
631 7
632 7
633 7
634 7
635 7
636 7
637 7
638 7
639 7
640 7
641 7
642 7
643 7
644 7
645 7
646 7
647 7
648 7
649 7
650 7
651 7
652 7
653 7
654 7
655 7
656 7
657 7
658 7
659 7
660 7
661 7
662 7
663 7
664 7
665 7
666 7
667 7
668 7
669 7
670 7
671 7
672 7
673 7
674 7
675 7
676 7
677 7
678 7
679 7
680 7
681 7
682 7
683 7
684 7
685 7
686 7
687 7
688 7
689 7
690 7
691 7
692 7
693 7
694 7
695 7
696 7
697 7
698 7
699 7
700 7
701 7
702 7
703 7
704 7
705 7
706 7
707 7
708 7
709 7
710 7
711 7
712 7
713 7
714 7
715 7
716 7
717 7
718 7
719 7
720 7
721 7
722 7
723 7
724 7
725 7
726 7
727 7
728 7
729 7
730 7
731 7
732 7
733 7
734 7
735 7
736 7
737 7
738 7
739 7
740 7
741 7
742 7
743 7
744 7
745 7
746 7
747 7
748 7
749 7
750 7
751 7
752 7
753 7
754 7
755 7
756 7
757 7
758 7
759 7
760 7
761 7
762 7
763 7
764 7
765 7
766 7
767 7
768 7
769 7
770 7
771 7
772 7
773 7
774 7
775 7
776 7
777 7
778 7
779 7
780 7
781 7
782 7
783 7
784 7
785 7
786 7
787 7
788 7
789 7
790 7
791 7
792 7
793 7
794 7
795 7
796 7
797 7
798 7
799 7
800 7
801 7
802 7
803 7
804 7
805 7
806 7
807 7
808 7
809 7
810 7
811 7
812 7
813 7
814 7
815 7
816 7
817 7
818 7
819 7
820 7
821 7
822 7
823 7
824 7
825 7
826 7
827 7
828 7
829 7
830 7
831 7
832 7
833 7
834 7
835 7
836 7
837 7
838 7
839 7
840 7
841 7
842 7
843 7
844 7
845 7
846 7
847 7
848 7
849 7
850 7
851 7
852 7
853 7
854 7
855 7
856 7
857 7
858 7
859 7
860 7
861 7
862 7
863 7
864 7
865 7
866 7
867 7
868 7
869 7
870 7
871 7
872 7
873 7
874 7
875 7
876 7
877 7
878 7
879 7
880 7
881 7
882 7
883 7
884 7
885 7
886 7
887 7
888 7
889 7
890 7
891 7
892 7
893 7
894 7
895 7
896 7
897 7
898 7
899 7
900 7
901 7
902 7
903 7
904 7
905 7
906 7
907 7
908 7
909 7
910 7
911 7
912 7
913 7
914 7
915 7
916 7
917 7
918 7
919 7
920 7
921 7
922 7
923 7
924 7
925 7
926 7
927 7
928 7
929 7
930 7
931 7
932 7
933 7
934 7
935 7
936 7
937 7
938 7
939 7
940 7
941 7
942 7
943 7
944 7
945 7
946 7
947 7
948 7
949 7
950 7
951 7
952 7
953 7
954 7
955 7
956 7
957 7
958 7
959 7
960 7
961 7
962 7
963 7
964 7
965 7
966 7
967 7
968 7
969 7
970 7
971 7
972 7
973 7
974 7
975 7
976 7
977 7
978 7
979 7
980 7
981 7
982 7
983 7
984 7
985 7
986 7
987 7
988 7
989 7
990 7
991 7
992 7
993 7
994 7
995 7
996 7
997 7
998 7
999 7
1000 7
1001 7
1002 7
1003 7
1004 7
1005 7
1006 7
1007 7
1008 7
1009 7
1010 7
1011 7
1012 7
1013 7
1014 7
1015 7
1016 7
1017 7
1018 7
1019 7
1020 7
1021 7
1022 7
1023 7
1024 7
1025 7
1026 7
1027 7
1028 7
1029 7
1030 7
1031 7
1032 7
1033 7
1034 7
1035 7
1036 7
1037 7
1038 7
1039 7
1040 7
1041 7
1042 7
1043 7
1044 7
1045 7
1046 7
1047 7
1048 7
1049 7
1050 7
1051 7
1052 7
1053 7
1054 7
1055 7
1056 7
1057 7
1058 7
1059 7
1060 7
1061 7
1062 7
1063 7
1064 7
1065 7
1066 7
1067 7
1068 7
1069 7
1070 7
1071 7
1072 7
1073 7
1074 7
1075 7
1076 7
1077 7
1078 7
1079 7
1080 7
1081 7
1082 7
1083 7
1084 7
1085 7
1086 7
1087 7
1088 7
1089 7
1090 7
1091 7
1092 7
1093 7
1094 7
1095 7
1096 7
1097 7
1098 7
1099 7
1100 7
1101 7
1102 7
1103 7
1104 7
1105 7
1106 7
1107 7
1108 7
1109 7
1110 7
1111 7
1112 7
1113 7
1114 7
1115 7
1116 7
1117 7
1118 7
1119 7
1120 7
1121 7
1122 7
1123 7
1124 7
1125 7
1126 7
1127 7
1128 7
1129 7
1130 7
1131 7
1132 7
1133 7
1134 7
1135 7
1136 7
1137 7
1138 7
1139 7
1140 7
1141 7
1142 7
1143 7
1144 7
1145 7
1146 7
1147 7
1148 7
1149 7
1150 7
1151 7
1152 7
1153 7
1154 7
1155 7
1156 7
1157 7
1158 7
1159 7
1160 7
1161 7
1162 7
1163 7
1164 7
1165 7
1166 7
1167 7
1168 7
1169 7
1170 7
1171 7
1172 7
1173 7
1174 7
1175 7
1176 7
1177 7
1178 7
1179 7
1180 7
1181 7
1182 7
1183 7
1184 7
1185 7
1186 7
1187 7
1188 7
1189 7
1190 7
1191 7
1192 7
1193 7
1194 7
1195 7
1196 7
1197 7
1198 7
1199 7
1200 7
1201 7
1202 7
1203 7
1204 7
1205 7
1206 7
1207 7
1208 7
1209 7
1210 7
1211 7
1212 7
1213 7
1214 7
1215 7
1216 7
1217 7
1218 7
1219 7
1220 7
1221 7
1222 7
1223 7
1224 7
1225 7
1226 7
1227 7
1228 7
1229 7
1230 7
1231 7
1232 7
1233 7
1234 7
1235 7
1236 7
1237 7
1238 7
1239 7
1240 7
1241 7
1242 7
1243 7
1244 7
1245 7
1246 7
1247 7
1248 7
1249 7
1250 7
1251 7
1252 7
1253 7
1254 7
1255 7
1256 7
1257 7
1258 7
1259 7
1260 7
1261 7
1262 7
1263 7
1264 7
1265 7
1266 7
1267 7
1268 7
1269 7
1270 7
1271 7
1272 7
1273 7
1274 7
1275 7
1276 7
1277 7
1278 7
1279 7
1280 7
1281 7
1282 7
1283 7
1284 7
1285 7
1286 7
1287 7
1288 7
1289 7
1290 7
1291 7
1292 7
1293 7
1294 7
1295 7
1296 7
1297 7
1298 7
1299 7
1300 7
1301 7
1302 7
1303 7
1304 7
1305 7
1306 7
1307 7
1308 7
1309 7
1310 7
1311 7
1312 7
1313 7
1314 7
1315 7
1316 7
1317 7
1318 7
1319 7
1320 7
1321 7
1322 7
1323 7
1324 7
1325 7
1326 7
1327 7
1328 7
1329 7
1330 7
1331 7
1332 7
1333 7
1334 7
1335 7
1336 7
1337 7
1338 7
1339 7
1340 7
1341 7
1342 7
1343 7
1344 7
1345 7
1346 7
1347 7
1348 7
1349 7
1350 7
1351 7
1352 7
1353 7
1354 7
1355 7
1356 7
1357 7
1358 7
1359 7
1360 7
1361 7
1362 7
1363 7
1364 7
1365 7
1366 7
1367 7
1368 7
1369 7
1370 7
1371 7
1372 7
1373 7
1374 7
1375 7
1376 7
1377 7
1378 7
1379 7
1380 7
1381 7
1382 7
1383 7
1384 7
1385 7
1386 7
1387 7
1388 7
1389 7
1390 7
1391 7
1392 7
1393 7
1394 7
1395 7
1396 7
1397 7
1398 7
1399 7
1400 7
1401 7
1402 7
1403 7
1404 7
1405 7
1406 7
1407 7
1408 7
1409 7
1410 7
1411 7
1412 7
1413 7
1414 7
1415 7
1416 7
1417 7
1418 7
1419 7
1420 7
1421 7
1422 7
1423 7
1424 7
1425 7
1426 7
1427 7
1428 7
1429 7
1430 7
1431 7
1432 7
1433 8
1434 8
1435 8
1436 8
1437 8
1438 8
1439 8
1440 8
1441 8
1442 8
1443 8
1444 8
1445 8
1446 8
1447 8
1448 8
1449 8
1450 8
1451 8
1452 8
1453 8
1454 8
1455 8
1456 8
1457 8
1458 8
1459 8
1460 8
1461 8
1462 8
1463 8
1464 8
1465 8
1466 8
1467 8
1468 8
1469 8
1470 8
1471 8
1472 8
1473 8
1474 8
1475 8
1476 8
1477 8
1478 8
1479 8
1480 8
1481 8
1482 8
1483 8
1484 8
1485 8
1486 8
1487 8
1488 8
1489 8
1490 8
1491 8
1492 8
1493 8
1494 8
1495 8
1496 8
1497 8
1498 8
1499 8
1500 8
1501 8
1502 8
1503 8
1504 8
1505 8
1506 8
1507 8
1508 8
1509 8
1510 8
1511 8
1512 8
1513 8
1514 8
1515 8
1516 8
1517 8
1518 8
1519 8
1520 8
1521 8
1522 8
1523 8
1524 8
1525 8
1526 8
1527 8
1528 8
1529 8
1530 8
1531 8
1532 8
1533 8
1534 8
1535 8
1536 8
1537 8
1538 8
1539 8
1540 8
1541 8
1542 8
1543 8
1544 8
1545 8
1546 8
1547 8
1548 8
1549 8
1550 8
1551 8
1552 8
1553 8
1554 8
1555 8
1556 8
1557 8
1558 8
1559 8
1560 8
1561 8
1562 8
1563 8
1564 8
1565 8
1566 8
1567 8
1568 8
1569 8
1570 8
1571 8
1572 8
1573 8
1574 8
1575 8
1576 8
1577 8
1578 8
1579 8
1580 8
1581 8
1582 8
1583 8
1584 8
1585 8
1586 8
1587 8
1588 8
1589 8
1590 8
1591 8
1592 8
1593 8
1594 8
1595 8
1596 8
1597 8
1598 8
1599 8
1600 8
1601 8
1602 8
1603 8
1604 8
1605 8
1606 8
1607 8
1608 8
1609 8
1610 8
1611 8
1612 8
1613 8
1614 8
1615 8
1616 8
1617 8
1618 8
1619 8
1620 8
1621 8
1622 8
1623 8
1624 8
1625 8
1626 8
1627 8
1628 8
1629 8
1630 8
1631 8
1632 8
1633 8
1634 8
1635 8
1636 8
1637 8
1638 8
1639 8
1640 8
1641 8
1642 8
1643 8
1644 8
1645 8
1646 8
1647 8
1648 8
1649 8
1650 8
1651 8
1652 8
1653 8
1654 8
1655 8
1656 8
1657 8
1658 8
1659 8
1660 8
1661 8
1662 8
1663 8
1664 8
1665 8
1666 8
1667 8
1668 8
1669 8
1670 8
1671 8
1672 8
1673 8
1674 8
1675 8
1676 8
1677 8
1678 8
1679 8
1680 8
1681 8
1682 8
1683 8
1684 8
1685 8
1686 8
1687 8
1688 8
1689 8
1690 8
1691 8
1692 8
1693 8
1694 8
1695 8
1696 8
1697 8
1698 8
1699 8
1700 8
1701 8
1702 8
1703 8
1704 8
1705 8
1706 8
1707 8
1708 8
1709 8
1710 8
1711 8
1712 8
1713 8
1714 8
1715 8
1716 8
1717 8
1718 8
1719 8
1720 8
1721 8
1722 8
1723 8
1724 8
1725 8
1726 8
1727 8
1728 8
1729 8
1730 8
1731 8
1732 8
1733 8
1734 8
1735 8
1736 8
1737 8
1738 8
1739 8
1740 8
1741 8
1742 8
1743 8
1744 8
1745 8
1746 8
1747 8
1748 8
1749 8
1750 8
1751 8
1752 8
1753 8
1754 8
1755 8
1756 8
1757 8
1758 8
1759 8
1760 8
1761 8
1762 8
1763 8
1764 8
1765 8
1766 8
1767 8
1768 8
1769 8
1770 8
1771 8
1772 8
1773 8
1774 8
1775 8
1776 8
1777 8
1778 8
1779 8
1780 8
1781 8
1782 8
1783 8
1784 8
1785 8
1786 8
1787 8
1788 8
1789 8
1790 8
1791 8
1792 8
1793 8
1794 8
1795 8
1796 8
1797 8
1798 8
1799 8
1800 8
1801 8
1802 8
1803 8
1804 8
1805 8
1806 8
1807 8
1808 8
1809 8
1810 8
1811 8
1812 8
1813 8
1814 8
1815 8
1816 8
1817 8
1818 8
1819 8
1820 8
1821 8
1822 8
1823 8
1824 8
1825 8
1826 8
1827 8
1828 8
1829 8
1830 8
1831 8
1832 8
1833 8
1834 8
1835 8
1836 8
1837 8
1838 8
1839 8
1840 8
1841 8
1842 8
1843 8
1844 8
1845 8
1846 8
1847 8
1848 8
1849 8
1850 8
1851 8
1852 8
1853 8
1854 8
1855 8
1856 8
1857 8
1858 8
1859 8
1860 8
1861 8
1862 8
1863 8
1864 8
1865 8
1866 8
1867 8
1868 8
1869 8
1870 8
1871 8
1872 8
1873 8
1874 8
1875 8
1876 8
1877 8
1878 8
1879 8
1880 8
1881 8
1882 8
1883 8
1884 8
1885 8
1886 8
1887 8
1888 8
1889 8
1890 8
1891 8
1892 8
1893 8
1894 8
1895 8
1896 8
1897 8
1898 8
1899 8
1900 8
1901 8
1902 8
1903 8
1904 8
1905 8
1906 8
1907 8
1908 8
1909 8
1910 8
1911 8
1912 8
1913 8
1914 8
1915 8
1916 8
1917 8
1918 8
1919 8
1920 8
1921 8
1922 8
1923 8
1924 8
1925 8
1926 8
1927 8
1928 8
1929 8
1930 8
1931 8
1932 8
1933 8
1934 8
1935 8
1936 8
1937 8
1938 8
1939 8
1940 8
1941 8
1942 8
1943 8
1944 8
1945 8
1946 8
1947 8
1948 8
1949 8
1950 8
1951 8
1952 8
1953 8
1954 8
1955 8
1956 8
1957 8
1958 8
1959 8
1960 8
1961 8
1962 8
1963 8
1964 8
1965 8
1966 8
1967 8
1968 8
1969 8
1970 8
1971 8
1972 8
1973 8
1974 8
1975 8
1976 8
1977 8
1978 8
1979 8
1980 8
1981 8
1982 8
1983 8
1984 8
1985 8
1986 8
1987 8
1988 8
1989 8
1990 8
1991 8
1992 8
1993 8
1994 8
1995 8
1996 8
1997 8
1998 8
1999 8
2000 8
2001 8
2002 8
2003 8
2004 8
2005 8
2006 8
2007 8
2008 8
2009 8
2010 8
2011 8
2012 8
2013 8
2014 8
2015 8
2016 8
2017 8
2018 8
2019 8
2020 8
2021 8
2022 8
2023 8
2024 8
2025 8
2026 8
2027 8
2028 8
2029 8
2030 8
2031 8
2032 8
2033 8
2034 8
2035 8
2036 8
2037 8
2038 8
2039 8
2040 8
2041 8
2042 8
2043 8
2044 8
2045 8
2046 8
2047 8
2048 8
2049 8
2050 8
2051 8
2052 8
2053 8
2054 8
2055 8
2056 8
2057 8
2058 8
2059 8
2060 8
2061 8
2062 8
2063 8
2064 8
2065 8
2066 8
2067 8
2068 8
2069 8
2070 8
2071 8
2072 8
2073 8
2074 8
2075 8
2076 8
2077 8
2078 8
2079 8
2080 8
2081 8
2082 8
2083 8
2084 8
2085 8
2086 8
2087 8
2088 8
2089 8
2090 8
2091 8
2092 8
2093 8
2094 8
2095 8
2096 8
2097 8
2098 8
2099 8
2100 8
2101 8
2102 8
2103 8
2104 8
2105 8
2106 8
2107 8
2108 8
2109 8
2110 8
2111 8
2112 8
2113 8
2114 8
2115 8
2116 8
2117 8
2118 8
2119 8
2120 8
2121 8
2122 8
2123 8
2124 8
2125 8
2126 8
2127 8
2128 8
2129 8
2130 8
2131 8
2132 8
2133 8
2134 8
2135 8
2136 8
2137 8
2138 8
2139 8
2140 8
2141 8
2142 8
2143 8
2144 8
2145 8
2146 8
2147 8
2148 8
2149 8
2150 8
2151 8
2152 8
2153 8
2154 8
2155 8
2156 8
2157 8
2158 8
2159 8
2160 8
2161 8
2162 8
2163 8
2164 8
2165 8
2166 8
2167 8
2168 8
2169 8
2170 8
2171 8
2172 8
2173 8
2174 8
2175 8
2176 8
2177 8
2178 8
2179 8
2180 8
2181 8
2182 8
2183 8
2184 8
2185 8
2186 8
2187 8
2188 8
2189 8
2190 8
2191 8
2192 8
2193 8
2194 8
2195 8
2196 8
2197 8
2198 8
2199 8
2200 8
2201 8
2202 8
2203 8
2204 8
2205 8
2206 8
2207 8
2208 8
2209 8
2210 8
2211 8
2212 8
2213 8
2214 8
2215 8
2216 8
2217 8
2218 8
2219 8
2220 8
2221 8
2222 8
2223 8
2224 8
2225 8
2226 8
2227 8
2228 8
2229 8
2230 8
2231 8
2232 8
2233 8
2234 8
2235 8
2236 8
2237 8
2238 8
2239 8
2240 8
2241 8
2242 8
2243 8
2244 8
2245 8
2246 8
2247 8
2248 8
2249 8
2250 8
2251 8
2252 8
2253 8
2254 8
2255 8
2256 8
2257 8
2258 8
2259 8
2260 8
2261 8
2262 8
2263 8
2264 8
2265 8
2266 8
2267 8
2268 8
2269 8
2270 8
2271 8
2272 8
2273 8
2274 8
2275 8
2276 8
2277 8
2278 8
2279 8
2280 8
2281 8
2282 8
2283 8
2284 8
2285 8
2286 8
2287 8
2288 8
2289 8
2290 8
2291 8
2292 8
2293 8
2294 8
2295 8
2296 8
2297 8
2298 8
2299 8
2300 8
2301 8
2302 8
2303 8
2304 8
2305 8
2306 8
2307 8
2308 8
2309 8
2310 8
2311 8
2312 8
2313 8
2314 8
2315 8
2316 8
2317 8
2318 8
2319 8
2320 8
2321 8
2322 8
2323 8
2324 8
2325 8
2326 8
2327 8
2328 8
2329 8
2330 8
2331 8
2332 8
2333 8
2334 8
2335 8
2336 8
2337 8
2338 8
2339 8
2340 8
2341 8
2342 8
2343 8
2344 8
2345 8
2346 8
2347 8
2348 8
2349 8
2350 8
2351 8
2352 8
2353 8
2354 8
2355 8
2356 8
2357 8
2358 8
2359 8
2360 8
2361 8
2362 8
2363 8
2364 8
2365 8
2366 8
2367 8
2368 8
2369 8
2370 8
2371 8
2372 8
2373 8
2374 8
2375 8
2376 8
2377 8
2378 8
2379 8
2380 8
2381 8
2382 8
2383 8
2384 8
2385 8
2386 8
2387 8
2388 8
2389 8
2390 8
2391 8
2392 8
2393 8
2394 8
2395 8
2396 8
2397 8
2398 8
2399 8
2400 8
2401 8
2402 8
2403 8
2404 8
2405 8
2406 8
2407 8
2408 8
2409 8
2410 8
2411 8
2412 8
2413 8
2414 8
2415 8
2416 8
2417 8
2418 8
2419 8
2420 8
2421 8
2422 8
2423 8
2424 8
2425 8
2426 8
2427 8
2428 8
2429 8
2430 8
2431 8
2432 8
2433 8
2434 8
2435 8
2436 8
2437 8
2438 8
2439 8
2440 8
2441 8
2442 8
2443 8
2444 8
2445 8
2446 8
2447 8
2448 8
2449 8
2450 8
2451 8
2452 8
2453 8
2454 8
2455 8
2456 8
2457 8
2458 8
2459 8
2460 8
2461 8
2462 8
2463 8
2464 8
2465 8
2466 8
2467 8
2468 8
2469 8
2470 8
2471 8
2472 8
2473 8
2474 8
2475 8
2476 8
2477 8
2478 8
2479 8
2480 8
2481 8
2482 8
2483 8
2484 8
2485 8
2486 8
2487 8
2488 8
2489 8
2490 8
2491 8
2492 8
2493 8
2494 8
2495 8
2496 8
2497 8
2498 8
2499 8
2500 8
2501 8
2502 8
2503 8
2504 8
2505 8
2506 8
2507 8
2508 8
2509 8
2510 8
2511 8
2512 8
2513 8
2514 8
2515 8
2516 8
2517 8
2518 8
2519 8
2520 8
2521 8
2522 8
2523 8
2524 8
2525 8
2526 8
2527 8
2528 8
2529 8
2530 8
2531 8
2532 8
2533 8
2534 8
2535 8
2536 8
2537 8
2538 8
2539 8
2540 8
2541 8
2542 8
2543 8
2544 8
2545 8
2546 8
2547 8
2548 8
2549 8
2550 8
2551 8
2552 8
2553 8
2554 8
2555 8
2556 8
2557 8
2558 8
2559 8
2560 8
2561 8
2562 8
2563 8
2564 8
2565 8
2566 8
2567 8
2568 8
2569 8
2570 8
2571 8
2572 8
2573 8
2574 8
2575 8
2576 8
2577 8
2578 8
2579 8
2580 8
2581 8
2582 8
2583 8
2584 8
2585 8
2586 8
2587 8
2588 8
2589 8
2590 8
2591 8
2592 8
2593 8
2594 8
2595 8
2596 8
2597 8
2598 8
2599 8
2600 8
2601 8
2602 8
2603 8
2604 8
2605 8
2606 8
2607 8
2608 8
2609 8
2610 8
2611 8
2612 8
2613 8
2614 8
2615 8
2616 8
2617 8
2618 8
2619 8
2620 8
2621 8
2622 8
2623 8
2624 8
2625 8
2626 8
2627 8
2628 8
2629 8
2630 8
2631 8
2632 8
2633 8
2634 8
2635 8
2636 8
2637 8
2638 8
2639 8
2640 8
2641 8
2642 8
2643 8
2644 8
2645 8
2646 8
2647 8
2648 8
2649 8
2650 8
2651 8
2652 8
2653 8
2654 8
2655 8
2656 8
2657 8
2658 8
2659 8
2660 8
2661 8
2662 8
2663 8
2664 8
2665 8
2666 8
2667 8
2668 8
2669 8
2670 8
2671 8
2672 8
2673 8
2674 8
2675 8
2676 8
2677 8
2678 8
2679 8
2680 8
2681 8
2682 8
2683 8
2684 8
2685 8
2686 8
2687 8
2688 8
2689 8
2690 8
2691 8
2692 8
2693 8
2694 8
2695 8
2696 8
2697 8
2698 8
2699 8
2700 8
2701 8
2702 8
2703 8
2704 8
2705 8
2706 8
2707 8
2708 8
2709 8
2710 8
2711 8
2712 8
2713 8
2714 8
2715 8
2716 8
2717 8
2718 8
2719 8
2720 8
2721 8
2722 8
2723 8
2724 8
2725 8
2726 8
2727 8
2728 8
2729 8
2730 8
2731 8
2732 8
2733 8
2734 8
2735 8
2736 8
2737 8
2738 8
2739 8
2740 8
2741 8
2742 8
2743 8
2744 8
2745 8
2746 8
2747 8
2748 8
2749 8
2750 8
2751 8
2752 8
2753 8
2754 8
2755 8
2756 8
2757 8
2758 8
2759 8
2760 8
2761 8
2762 8
2763 8
2764 8
2765 8
2766 8
2767 8
2768 8
2769 8
2770 8
2771 8
2772 8
2773 8
2774 8
2775 8
2776 8
2777 8
2778 8
2779 8
2780 8
2781 8
2782 8
2783 8
2784 8
2785 8
2786 8
2787 8
2788 8
2789 8
2790 8
2791 8
2792 8
2793 8
2794 8
2795 8
2796 8
2797 8
2798 8
2799 8
2800 8
2801 8
2802 8
2803 8
2804 8
2805 8
2806 8
2807 8
2808 8
2809 8
2810 8
2811 8
2812 8
2813 8
2814 8
2815 8
2816 8
2817 8
2818 8
2819 8
2820 8
2821 8
2822 8
2823 8
2824 8
2825 8
2826 8
2827 8
2828 8
2829 8
2830 8
2831 8
2832 8
2833 8
2834 8
2835 8
2836 8
2837 8
2838 8
2839 8
2840 8
2841 8
2842 8
2843 8
2844 8
2845 8
2846 8
2847 8
2848 8
2849 8
2850 8
2851 8
2852 8
2853 8
2854 8
2855 8
2856 8
2857 8
2858 8
2859 8
2860 8
2861 8
2862 8
2863 8
2864 8
2865 8
2866 8
2867 8
2868 8
2869 8
2870 8
2871 8
2872 8
2873 8
2874 8
2875 8
2876 8
2877 8
2878 8
2879 8
2880 8
2881 8
2882 8
2883 8
2884 8
2885 8
2886 8
2887 8
2888 8
2889 8
2890 8
2891 8
2892 8
2893 8
2894 8
2895 8
2896 8
2897 8
2898 8
2899 8
2900 8
2901 8
2902 8
2903 8
2904 8
2905 8
2906 8
2907 8
2908 8
2909 8
2910 8
2911 8
2912 8
2913 8
2914 8
2915 8
2916 8
2917 8
2918 8
2919 8
2920 8
2921 8
2922 8
2923 8
2924 9
2925 9
2926 9
2927 9
2928 9
2929 9
2930 9
2931 9
2932 9
2933 9
2934 9
2935 9
2936 9
2937 9
2938 9
2939 9
2940 9
2941 9
2942 9
2943 9
2944 9
2945 9
2946 9
2947 9
2948 9
2949 9
2950 9
2951 9
2952 9
2953 9
2954 9
2955 9
2956 9
2957 9
2958 9
2959 9
2960 9
2961 9
2962 9
2963 9
2964 9
2965 9
2966 9
2967 9
2968 9
2969 9
2970 9
2971 9
2972 9
2973 9
2974 9
2975 9
2976 9
2977 9
2978 9
2979 9
2980 9
2981 9
2982 9
2983 9
2984 9
2985 9
2986 9
2987 9
2988 9
2989 9
2990 9
2991 9
2992 9
2993 9
2994 9
2995 9
2996 9
2997 9
2998 9
2999 9
3000 9
3001 9
3002 9
3003 9
3004 9
3005 9
3006 9
3007 9
3008 9
3009 9
3010 9
3011 9
3012 9
3013 9
3014 9
3015 9
3016 9
3017 9
3018 9
3019 9
3020 9
3021 9
3022 9
3023 9
3024 9
3025 9
3026 9
3027 9
3028 9
3029 9
3030 9
3031 9
3032 9
3033 9
3034 9
3035 9
3036 9
3037 9
3038 9
3039 9
3040 9
3041 9
3042 9
3043 9
3044 9
3045 9
3046 9
3047 9
3048 9
3049 9
3050 9
3051 9
3052 9
3053 9
3054 9
3055 9
3056 9
3057 9
3058 9
3059 9
3060 9
3061 9
3062 9
3063 9
3064 9
3065 9
3066 9
3067 9
3068 9
3069 9
3070 9
3071 9
3072 9
3073 9
3074 9
3075 9
3076 9
3077 9
3078 9
3079 9
3080 9
3081 9
3082 9
3083 9
3084 9
3085 9
3086 9
3087 9
3088 9
3089 9
3090 9
3091 9
3092 9
3093 9
3094 9
3095 9
3096 9
3097 9
3098 9
3099 9
3100 9
3101 9
3102 9
3103 9
3104 9
3105 9
3106 9
3107 9
3108 9
3109 9
3110 9
3111 9
3112 9
3113 9
3114 9
3115 9
3116 9
3117 9
3118 9
3119 9
3120 9
3121 9
3122 9
3123 9
3124 9
3125 9
3126 9
3127 9
3128 9
3129 9
3130 9
3131 9
3132 9
3133 9
3134 9
3135 9
3136 9
3137 9
3138 9
3139 9
3140 9
3141 9
3142 9
3143 9
3144 9
3145 9
3146 9
3147 9
3148 9
3149 9
3150 9
3151 9
3152 9
3153 9
3154 9
3155 9
3156 9
3157 9
3158 9
3159 9
3160 9
3161 9
3162 9
3163 9
3164 9
3165 9
3166 9
3167 9
3168 9
3169 9
3170 9
3171 9
3172 9
3173 9
3174 9
3175 9
3176 9
3177 9
3178 9
3179 9
3180 9
3181 9
3182 9
3183 9
3184 9
3185 9
3186 9
3187 9
3188 9
3189 9
3190 9
3191 9
3192 9
3193 9
3194 9
3195 9
3196 9
3197 9
3198 9
3199 9
3200 9
3201 9
3202 9
3203 9
3204 9
3205 9
3206 9
3207 9
3208 9
3209 9
3210 9
3211 9
3212 9
3213 9
3214 9
3215 9
3216 9
3217 9
3218 9
3219 9
3220 9
3221 9
3222 9
3223 9
3224 9
3225 9
3226 9
3227 9
3228 9
3229 9
3230 9
3231 9
3232 9
3233 9
3234 9
3235 9
3236 9
3237 9
3238 9
3239 9
3240 9
3241 9
3242 9
3243 9
3244 9
3245 9
3246 9
3247 9
3248 9
3249 9
3250 9
3251 9
3252 9
3253 9
3254 9
3255 9
3256 9
3257 9
3258 9
3259 9
3260 9
3261 9
3262 9
3263 9
3264 9
3265 9
3266 9
3267 9
3268 9
3269 9
3270 9
3271 9
3272 9
3273 9
3274 9
3275 9
3276 9
3277 9
3278 9
3279 9
3280 9
3281 9
3282 9
3283 9
3284 9
3285 9
3286 9
3287 9
3288 9
3289 9
3290 9
3291 9
3292 9
3293 9
3294 9
3295 9
3296 9
3297 9
3298 9
3299 9
3300 9
3301 9
3302 9
3303 9
3304 9
3305 9
3306 9
3307 9
3308 9
3309 9
3310 9
3311 9
3312 9
3313 9
3314 9
3315 9
3316 9
3317 9
3318 9
3319 9
3320 9
3321 9
3322 9
3323 9
3324 9
3325 9
3326 9
3327 9
3328 9
3329 9
3330 9
3331 9
3332 9
3333 9
3334 9
3335 9
3336 9
3337 9
3338 9
3339 9
3340 9
3341 9
3342 9
3343 9
3344 9
3345 9
3346 9
3347 9
3348 9
3349 9
3350 9
3351 9
3352 9
3353 9
3354 9
3355 9
3356 9
3357 9
3358 9
3359 9
3360 9
3361 9
3362 9
3363 9
3364 9
3365 9
3366 9
3367 9
3368 9
3369 9
3370 9
3371 9
3372 9
3373 9
3374 9
3375 9
3376 9
3377 9
3378 9
3379 9
3380 9
3381 9
3382 9
3383 9
3384 9
3385 9
3386 9
3387 9
3388 9
3389 9
3390 9
3391 9
3392 9
3393 9
3394 9
3395 9
3396 9
3397 9
3398 9
3399 9
3400 9
3401 9
3402 9
3403 9
3404 9
3405 9
3406 9
3407 9
3408 9
3409 9
3410 9
3411 9
3412 9
3413 9
3414 9
3415 9
3416 9
3417 9
3418 9
3419 9
3420 9
3421 9
3422 9
3423 9
3424 9
3425 9
3426 9
3427 9
3428 9
3429 9
3430 9
3431 9
3432 9
3433 9
3434 9
3435 9
3436 9
3437 9
3438 9
3439 9
3440 9
3441 9
3442 9
3443 9
3444 9
3445 9
3446 9
3447 9
3448 9
3449 9
3450 9
3451 9
3452 9
3453 9
3454 9
3455 9
3456 9
3457 9
3458 9
3459 9
3460 9
3461 9
3462 9
3463 9
3464 9
3465 9
3466 9
3467 9
3468 9
3469 9
3470 9
3471 9
3472 9
3473 9
3474 9
3475 9
3476 9
3477 9
3478 9
3479 9
3480 9
3481 9
3482 9
3483 9
3484 9
3485 9
3486 9
3487 9
3488 9
3489 9
3490 9
3491 9
3492 9
3493 9
3494 9
3495 9
3496 9
3497 9
3498 9
3499 9
3500 9
3501 9
3502 9
3503 9
3504 9
3505 9
3506 9
3507 9
3508 9
3509 9
3510 9
3511 9
3512 9
3513 9
3514 9
3515 9
3516 9
3517 9
3518 9
3519 9
3520 9
3521 9
3522 9
3523 9
3524 9
3525 9
3526 9
3527 9
3528 9
3529 9
3530 9
3531 9
3532 9
3533 9
3534 9
3535 9
3536 9
3537 9
3538 9
3539 9
3540 9
3541 9
3542 9
3543 9
3544 9
3545 9
3546 9
3547 9
3548 9
3549 9
3550 9
3551 9
3552 9
3553 9
3554 9
3555 9
3556 9
3557 9
3558 9
3559 9
3560 9
3561 9
3562 9
3563 9
3564 9
3565 9
3566 9
3567 9
3568 9
3569 9
3570 9
3571 9
3572 9
3573 9
3574 9
3575 9
3576 9
3577 9
3578 9
3579 9
3580 9
3581 9
3582 9
3583 9
3584 9
3585 9
3586 9
3587 9
3588 9
3589 9
3590 9
3591 9
3592 9
3593 9
3594 9
3595 9
3596 9
3597 9
3598 9
3599 9
3600 9
3601 9
3602 9
3603 9
3604 9
3605 9
3606 9
3607 9
3608 9
3609 9
3610 9
3611 9
3612 9
3613 9
3614 9
3615 9
3616 9
3617 9
3618 9
3619 9
3620 9
3621 9
3622 9
3623 9
3624 9
3625 9
3626 9
3627 9
3628 9
3629 9
3630 9
3631 9
3632 9
3633 9
3634 9
3635 9
3636 9
3637 9
3638 9
3639 9
3640 9
3641 9
3642 9
3643 9
3644 9
3645 9
3646 9
3647 9
3648 9
3649 9
3650 9
3651 9
3652 9
3653 9
3654 9
3655 9
3656 9
3657 9
3658 9
3659 9
3660 9
3661 9
3662 9
3663 9
3664 9
3665 9
3666 9
3667 9
3668 9
3669 9
3670 9
3671 9
3672 9
3673 9
3674 9
3675 9
3676 9
3677 9
3678 9
3679 9
3680 9
3681 9
3682 9
3683 9
3684 9
3685 9
3686 9
3687 9
3688 9
3689 9
3690 9
3691 9
3692 9
3693 9
3694 9
3695 9
3696 9
3697 9
3698 9
3699 9
3700 9
3701 9
3702 9
3703 9
3704 9
3705 9
3706 9
3707 9
3708 9
3709 9
3710 9
3711 9
3712 9
3713 9
3714 9
3715 9
3716 9
3717 9
3718 9
3719 9
3720 9
3721 9
3722 9
3723 9
3724 9
3725 9
3726 9
3727 9
3728 9
3729 9
3730 9
3731 9
3732 9
3733 9
3734 9
3735 9
3736 9
3737 9
3738 9
3739 9
3740 9
3741 9
3742 9
3743 9
3744 9
3745 9
3746 9
3747 9
3748 9
3749 9
3750 9
3751 9
3752 9
3753 9
3754 9
3755 9
3756 9
3757 9
3758 9
3759 9
3760 9
3761 9
3762 9
3763 9
3764 9
3765 9
3766 9
3767 9
3768 9
3769 9
3770 9
3771 9
3772 9
3773 9
3774 9
3775 9
3776 9
3777 9
3778 9
3779 9
3780 9
3781 9
3782 9
3783 9
3784 9
3785 9
3786 9
3787 9
3788 9
3789 9
3790 9
3791 9
3792 9
3793 9
3794 9
3795 9
3796 9
3797 9
3798 9
3799 9
3800 9
3801 9
3802 9
3803 9
3804 9
3805 9
3806 9
3807 9
3808 9
3809 9
3810 9
3811 9
3812 9
3813 9
3814 9
3815 9
3816 9
3817 9
3818 9
3819 9
3820 9
3821 9
3822 9
3823 9
3824 9
3825 9
3826 9
3827 9
3828 9
3829 9
3830 9
3831 9
3832 9
3833 9
3834 9
3835 9
3836 9
3837 9
3838 9
3839 9
3840 9
3841 9
3842 9
3843 9
3844 9
3845 9
3846 9
3847 9
3848 9
3849 9
3850 9
3851 9
3852 9
3853 9
3854 9
3855 9
3856 9
3857 9
3858 9
3859 9
3860 9
3861 9
3862 9
3863 9
3864 9
3865 9
3866 9
3867 9
3868 9
3869 9
3870 9
3871 9
3872 9
3873 9
3874 9
3875 9
3876 9
3877 9
3878 9
3879 9
3880 9
3881 9
3882 9
3883 9
3884 9
3885 9
3886 9
3887 9
3888 9
3889 9
3890 9
3891 9
3892 9
3893 9
3894 9
3895 9
3896 9
3897 9
3898 9
3899 9
3900 9
3901 9
3902 9
3903 9
3904 9
3905 9
3906 9
3907 9
3908 9
3909 9
3910 9
3911 9
3912 9
3913 9
3914 9
3915 9
3916 9
3917 9
3918 9
3919 9
3920 9
3921 9
3922 9
3923 9
3924 9
3925 9
3926 9
3927 9
3928 9
3929 9
3930 9
3931 9
3932 9
3933 9
3934 9
3935 9
3936 9
3937 9
3938 9
3939 9
3940 9
3941 9
3942 9
3943 9
3944 9
3945 9
3946 9
3947 9
3948 9
3949 9
3950 9
3951 9
3952 9
3953 9
3954 9
3955 9
3956 9
3957 9
3958 9
3959 9
3960 9
3961 9
3962 9
3963 9
3964 9
3965 9
3966 9
3967 9
3968 9
3969 9
3970 9
3971 9
3972 9
3973 9
3974 9
3975 9
3976 9
3977 9
3978 9
3979 9
3980 9
3981 9
3982 9
3983 9
3984 9
3985 9
3986 9
3987 9
3988 9
3989 9
3990 9
3991 9
3992 9
3993 9
3994 9
3995 9
3996 9
3997 9
3998 9
3999 9
4000 9
4001 9
4002 9
4003 9
4004 9
4005 9
4006 9
4007 9
4008 9
4009 9
4010 9
4011 9
4012 9
4013 9
4014 9
4015 9
4016 9
4017 9
4018 9
4019 9
4020 9
4021 9
4022 9
4023 9
4024 9
4025 9
4026 9
4027 9
4028 9
4029 9
4030 9
4031 9
4032 9
4033 9
4034 9
4035 9
4036 9
4037 9
4038 9
4039 9
4040 9
4041 9
4042 9
4043 9
4044 9
4045 9
4046 9
4047 9
4048 9
4049 9
4050 9
4051 9
4052 9
4053 9
4054 9
4055 9
4056 9
4057 9
4058 9
4059 9
4060 9
4061 9
4062 9
4063 9
4064 9
4065 9
4066 9
4067 9
4068 9
4069 9
4070 9
4071 9
4072 9
4073 9
4074 9
4075 9
4076 9
4077 9
4078 9
4079 9
4080 9
4081 9
4082 9
4083 9
4084 9
4085 9
4086 9
4087 9
4088 9
4089 9
4090 9
4091 9
4092 9
4093 9
4094 9
4095 9
4096 9
4097 9
4098 9
4099 9
4100 9
4101 9
4102 9
4103 9
4104 9
4105 9
4106 9
4107 9
4108 9
4109 9
4110 9
4111 9
4112 9
4113 9
4114 9
4115 9
4116 9
4117 9
4118 9
4119 9
4120 9
4121 9
4122 9
4123 9
4124 9
4125 9
4126 9
4127 9
4128 9
4129 9
4130 9
4131 9
4132 9
4133 9
4134 9
4135 9
4136 9
4137 9
4138 9
4139 9
4140 9
4141 9
4142 9
4143 9
4144 9
4145 9
4146 9
4147 9
4148 9
4149 9
4150 9
4151 9
4152 9
4153 9
4154 9
4155 9
4156 9
4157 9
4158 9
4159 9
4160 9
4161 9
4162 9
4163 9
4164 9
4165 9
4166 9
4167 9
4168 9
4169 9
4170 9
4171 9
4172 9
4173 9
4174 9
4175 9
4176 9
4177 9
4178 9
4179 9
4180 9
4181 9
4182 9
4183 9
4184 9
4185 9
4186 9
4187 9
4188 9
4189 9
4190 9
4191 9
4192 9
4193 9
4194 9
4195 9
4196 9
4197 9
4198 9
4199 9
4200 9
4201 9
4202 9
4203 9
4204 9
4205 9
4206 9
4207 9
4208 9
4209 9
4210 9
4211 9
4212 9
4213 9
4214 9
4215 9
4216 9
4217 9
4218 9
4219 9
4220 9
4221 9
4222 9
4223 9
4224 9
4225 9
4226 9
4227 9
4228 9
4229 9
4230 9
4231 9
4232 9
4233 9
4234 9
4235 9
4236 9
4237 9
4238 9
4239 9
4240 9
4241 9
4242 9
4243 9
4244 9
4245 9
4246 9
4247 9
4248 9
4249 9
4250 9
4251 9
4252 9
4253 9
4254 9
4255 9
4256 9
4257 9
4258 9
4259 9
4260 9
4261 9
4262 9
4263 9
4264 9
4265 9
4266 9
4267 9
4268 9
4269 9
4270 9
4271 9
4272 9
4273 9
4274 9
4275 9
4276 9
4277 9
4278 9
4279 9
4280 9
4281 9
4282 9
4283 9
4284 9
4285 9
4286 9
4287 9
4288 9
4289 9
4290 9
4291 9
4292 9
4293 9
4294 9
4295 9
4296 9
4297 9
4298 9
4299 9
4300 9
4301 9
4302 9
4303 9
4304 9
4305 9
4306 9
4307 9
4308 9
4309 9
4310 9
4311 9
4312 9
4313 9
4314 9
4315 9
4316 9
4317 9
4318 9
4319 9
4320 9
4321 9
4322 9
4323 9
4324 9
4325 9
4326 9
4327 9
4328 9
4329 9
4330 9
4331 9
4332 9
4333 9
4334 9
4335 9
4336 9
4337 9
4338 9
4339 9
4340 9
4341 9
4342 9
4343 9
4344 9
4345 9
4346 9
4347 9
4348 9
4349 9
4350 9
4351 9
4352 9
4353 9
4354 9
4355 9
4356 9
4357 9
4358 9
4359 9
4360 9
4361 9
4362 9
4363 9
4364 9
4365 9
4366 9
4367 9
4368 9
4369 9
4370 9
4371 9
4372 9
4373 9
4374 9
4375 9
4376 9
4377 9
4378 9
4379 9
4380 9
4381 9
4382 9
4383 9
4384 9
4385 9
4386 9
4387 9
4388 9
4389 9
4390 9
4391 9
4392 9
4393 9
4394 9
4395 9
4396 9
4397 9
4398 9
4399 9
4400 9
4401 9
4402 9
4403 9
4404 9
4405 9
4406 9
4407 9
4408 9
4409 9
4410 9
4411 9
4412 9
4413 9
4414 9
4415 9
4416 9
4417 9
4418 9
4419 9
4420 9
4421 9
4422 9
4423 9
4424 9
4425 9
4426 9
4427 9
4428 9
4429 9
4430 9
4431 9
4432 9
4433 9
4434 9
4435 9
4436 9
4437 9
4438 9
4439 9
4440 9
4441 9
4442 9
4443 9
4444 9
4445 9
4446 9
4447 9
4448 9
4449 9
4450 9
4451 9
4452 9
4453 9
4454 9
4455 9
4456 9
4457 9
4458 9
4459 9
4460 9
4461 9
4462 9
4463 9
4464 9
4465 9
4466 9
4467 9
4468 9
4469 9
4470 9
4471 9
4472 9
4473 9
4474 9
4475 9
4476 9
4477 9
4478 9
4479 9
4480 9
4481 9
4482 9
4483 9
4484 9
4485 9
4486 9
4487 9
4488 9
4489 9
4490 9
4491 9
4492 9
4493 9
4494 9
4495 9
4496 9
4497 9
4498 9
4499 9
4500 9
4501 9
4502 9
4503 9
4504 9
4505 9
4506 9
4507 9
4508 9
4509 9
4510 9
4511 9
4512 9
4513 9
4514 9
4515 9
4516 9
4517 9
4518 9
4519 9
4520 9
4521 9
4522 9
4523 9
4524 9
4525 9
4526 9
4527 9
4528 9
4529 9
4530 9
4531 9
4532 9
4533 9
4534 9
4535 9
4536 9
4537 9
4538 9
4539 9
4540 9
4541 9
4542 9
4543 9
4544 9
4545 9
4546 9
4547 9
4548 9
4549 9
4550 9
4551 9
4552 9
4553 9
4554 9
4555 9
4556 9
4557 9
4558 9
4559 9
4560 9
4561 9
4562 9
4563 9
4564 9
4565 9
4566 9
4567 9
4568 9
4569 9
4570 9
4571 9
4572 9
4573 9
4574 9
4575 9
4576 9
4577 9
4578 9
4579 9
4580 9
4581 9
4582 9
4583 9
4584 9
4585 9
4586 9
4587 9
4588 9
4589 9
4590 9
4591 9
4592 9
4593 9
4594 9
4595 9
4596 9
4597 9
4598 9
4599 9
4600 9
4601 9
4602 9
4603 9
4604 9
4605 9
4606 9
4607 9
4608 9
4609 9
4610 9
4611 9
4612 9
4613 9
4614 9
4615 9
4616 9
4617 9
4618 9
4619 9
4620 9
4621 9
4622 9
4623 9
4624 9
4625 9
4626 9
4627 9
4628 9
4629 9
4630 9
4631 9
4632 9
4633 9
4634 9
4635 9
4636 9
4637 9
4638 9
4639 9
4640 9
4641 9
4642 9
4643 9
4644 9
4645 9
4646 9
4647 9
4648 9
4649 9
4650 9
4651 9
4652 9
4653 9
4654 9
4655 9
4656 9
4657 9
4658 9
4659 9
4660 9
4661 9
4662 9
4663 9
4664 9
4665 9
4666 9
4667 9
4668 9
4669 9
4670 9
4671 9
4672 9
4673 9
4674 9
4675 9
4676 9
4677 9
4678 9
4679 9
4680 9
4681 9
4682 9
4683 9
4684 9
4685 9
4686 9
4687 9
4688 9
4689 9
4690 9
4691 9
4692 9
4693 9
4694 9
4695 9
4696 9
4697 9
4698 9
4699 9
4700 9
4701 9
4702 9
4703 9
4704 9
4705 9
4706 9
4707 9
4708 9
4709 9
4710 9
4711 9
4712 9
4713 9
4714 9
4715 9
4716 9
4717 9
4718 9
4719 9
4720 9
4721 9
4722 9
4723 9
4724 9
4725 9
4726 9
4727 9
4728 9
4729 9
4730 9
4731 9
4732 9
4733 9
4734 9
4735 9
4736 9
4737 9
4738 9
4739 9
4740 9
4741 9
4742 9
4743 9
4744 9
4745 9
4746 9
4747 9
4748 9
4749 9
4750 9
4751 9
4752 9
4753 9
4754 9
4755 9
4756 9
4757 9
4758 9
4759 9
4760 9
4761 9
4762 9
4763 9
4764 9
4765 9
4766 9
4767 9
4768 9
4769 9
4770 9
4771 9
4772 9
4773 9
4774 9
4775 9
4776 9
4777 9
4778 9
4779 9
4780 9
4781 9
4782 9
4783 9
4784 9
4785 9
4786 9
4787 9
4788 9
4789 9
4790 9
4791 9
4792 9
4793 9
4794 9
4795 9
4796 9
4797 9
4798 9
4799 9
4800 9
4801 9
4802 9
4803 9
4804 9
4805 9
4806 9
4807 9
4808 9
4809 9
4810 9
4811 9
4812 9
4813 9
4814 9
4815 9
4816 9
4817 9
4818 9
4819 9
4820 9
4821 9
4822 9
4823 9
4824 9
4825 9
4826 9
4827 9
4828 9
4829 9
4830 9
4831 9
4832 9
4833 9
4834 9
4835 9
4836 9
4837 9
4838 9
4839 9
4840 9
4841 9
4842 9
4843 9
4844 9
4845 9
4846 9
4847 9
4848 9
4849 9
4850 9
4851 9
4852 9
4853 9
4854 9
4855 9
4856 9
4857 9
4858 9
4859 9
4860 9
4861 9
4862 9
4863 9
4864 9
4865 9
4866 9
4867 9
4868 9
4869 9
4870 9
4871 9
4872 9
4873 9
4874 9
4875 9
4876 9
4877 9
4878 9
4879 9
4880 9
4881 9
4882 9
4883 9
4884 9
4885 9
4886 9
4887 9
4888 9
4889 9
4890 9
4891 9
4892 9
4893 9
4894 9
4895 9
4896 9
4897 9
4898 9
4899 9
4900 9
4901 9
4902 9
4903 9
4904 9
4905 9
4906 9
4907 9
4908 9
4909 9
4910 9
4911 9
4912 9
4913 9
4914 9
4915 9
4916 9
4917 9
4918 9
4919 9
4920 9
4921 9
4922 9
4923 9
4924 9
4925 9
4926 9
4927 9
4928 9
4929 9
4930 9
4931 9
4932 9
4933 9
4934 9
4935 9
4936 9
4937 9
4938 9
4939 9
4940 9
4941 9
4942 9
4943 9
4944 9
4945 9
4946 9
4947 9
4948 9
4949 9
4950 9
4951 9
4952 9
4953 9
4954 9
4955 9
4956 9
4957 9
4958 9
4959 9
4960 9
4961 9
4962 9
4963 9
4964 9
4965 9
4966 9
4967 9
4968 9
4969 9
4970 9
4971 9
4972 9
4973 9
4974 9
4975 9
4976 9
4977 9
4978 9
4979 9
4980 9
4981 9
4982 9
4983 9
4984 9
4985 9
4986 9
4987 9
4988 9
4989 9
4990 9
4991 9
4992 9
4993 9
4994 9
4995 9
4996 9
4997 9
4998 9
4999 9
5000 9
5001 9
5002 9
5003 9
5004 9
5005 9
5006 9
5007 9
5008 9
5009 9
5010 9
5011 9
5012 9
5013 9
5014 9
5015 9
5016 9
5017 9
5018 9
5019 9
5020 9
5021 9
5022 9
5023 9
5024 9
5025 9
5026 9
5027 9
5028 9
5029 9
5030 9
5031 9
5032 9
5033 9
5034 9
5035 9
5036 9
5037 9
5038 9
5039 9
5040 9
5041 9
5042 9
5043 9
5044 9
5045 9
5046 9
5047 9
5048 9
5049 9
5050 9
5051 9
5052 9
5053 9
5054 9
5055 9
5056 9
5057 9
5058 9
5059 9
5060 9
5061 9
5062 9
5063 9
5064 9
5065 9
5066 9
5067 9
5068 9
5069 9
5070 9
5071 9
5072 9
5073 9
5074 9
5075 9
5076 9
5077 9
5078 9
5079 9
5080 9
5081 9
5082 9
5083 9
5084 9
5085 9
5086 9
5087 9
5088 9
5089 9
5090 9
5091 9
5092 9
5093 9
5094 9
5095 9
5096 9
5097 9
5098 9
5099 9
5100 9
5101 9
5102 9
5103 9
5104 9
5105 9
5106 9
5107 9
5108 9
5109 9
5110 9
5111 9
5112 9
5113 9
5114 9
5115 9
5116 9
5117 9
5118 9
5119 9
5120 9
5121 9
5122 9
5123 9
5124 9
5125 9
5126 9
5127 9
5128 9
5129 9
5130 9
5131 9
5132 9
5133 9
5134 9
5135 9
5136 9
5137 9
5138 9
5139 9
5140 9
5141 9
5142 9
5143 9
5144 9
5145 9
5146 9
5147 9
5148 9
5149 9
5150 9
5151 9
5152 9
5153 9
5154 9
5155 9
5156 9
5157 9
5158 9
5159 9
5160 9
5161 9
5162 9
5163 9
5164 9
5165 9
5166 9
5167 9
5168 9
5169 9
5170 9
5171 9
5172 9
5173 9
5174 9
5175 9
5176 9
5177 9
5178 9
5179 9
5180 9
5181 9
5182 9
5183 9
5184 9
5185 9
5186 9
5187 9
5188 9
5189 9
5190 9
5191 9
5192 9
5193 9
5194 9
5195 9
5196 9
5197 9
5198 9
5199 9
5200 9
5201 9
5202 9
5203 9
5204 9
5205 9
5206 9
5207 9
5208 9
5209 9
5210 9
5211 9
5212 9
5213 9
5214 9
5215 9
5216 9
5217 9
5218 9
5219 9
5220 9
5221 9
5222 9
5223 9
5224 9
5225 9
5226 9
5227 9
5228 9
5229 9
5230 9
5231 9
5232 9
5233 9
5234 9
5235 9
5236 9
5237 9
5238 9
5239 9
5240 9
5241 9
5242 9
5243 9
5244 9
5245 9
5246 9
5247 9
5248 9
5249 9
5250 9
5251 9
5252 9
5253 9
5254 9
5255 9
5256 9
5257 9
5258 9
5259 9
5260 9
5261 9
5262 9
5263 9
5264 9
5265 9
5266 9
5267 9
5268 9
5269 9
5270 9
5271 9
5272 9
5273 9
5274 9
5275 9
5276 9
5277 9
5278 9
5279 9
5280 9
5281 9
5282 9
5283 9
5284 9
5285 9
5286 9
5287 9
5288 9
5289 9
5290 9
5291 9
5292 9
5293 9
5294 9
5295 9
5296 9
5297 9
5298 9
5299 9
5300 9
5301 9
5302 9
5303 9
5304 9
5305 9
5306 9
5307 9
5308 9
5309 9
5310 9
5311 9
5312 9
5313 9
5314 9
5315 9
5316 9
5317 9
5318 9
5319 9
5320 9
5321 9
5322 9
5323 9
5324 9
5325 9
5326 9
5327 9
5328 9
5329 9
5330 9
5331 9
5332 9
5333 9
5334 9
5335 9
5336 9
5337 9
5338 9
5339 9
5340 9
5341 9
5342 9
5343 9
5344 9
5345 9
5346 9
5347 9
5348 9
5349 9
5350 9
5351 9
5352 9
5353 9
5354 9
5355 9
5356 9
5357 9
5358 9
5359 9
5360 9
5361 9
5362 9
5363 9
5364 9
5365 9
5366 9
5367 9
5368 9
5369 9
5370 9
5371 9
5372 9
5373 9
5374 9
5375 9
5376 9
5377 9
5378 9
5379 9
5380 9
5381 9
5382 9
5383 9
5384 9
5385 9
5386 9
5387 9
5388 9
5389 9
5390 9
5391 9
5392 9
5393 9
5394 9
5395 9
5396 9
5397 9
5398 9
5399 9
5400 9
5401 9
5402 9
5403 9
5404 9
5405 9
5406 9
5407 9
5408 9
5409 9
5410 9
5411 9
5412 9
5413 9
5414 9
5415 9
5416 9
5417 9
5418 9
5419 9
5420 9
5421 9
5422 9
5423 9
5424 9
5425 9
5426 9
5427 9
5428 9
5429 9
5430 9
5431 9
5432 9
5433 9
5434 9
5435 9
5436 9
5437 9
5438 9
5439 9
5440 9
5441 9
5442 9
5443 9
5444 9
5445 9
5446 9
5447 9
5448 9
5449 9
5450 9
5451 9
5452 9
5453 9
5454 9
5455 9
5456 9
5457 9
5458 9
5459 9
5460 9
5461 9
5462 9
5463 9
5464 9
5465 9
5466 9
5467 9
5468 9
5469 9
5470 9
5471 9
5472 9
5473 9
5474 9
5475 9
5476 9
5477 9
5478 9
5479 9
5480 9
5481 9
5482 9
5483 9
5484 9
5485 9
5486 9
5487 9
5488 9
5489 9
5490 9
5491 9
5492 9
5493 9
5494 9
5495 9
5496 9
5497 9
5498 9
5499 9
5500 9
5501 9
5502 9
5503 9
5504 9
5505 9
5506 9
5507 9
5508 9
5509 9
5510 9
5511 9
5512 9
5513 9
5514 9
5515 9
5516 9
5517 9
5518 9
5519 9
5520 9
5521 9
5522 9
5523 9
5524 9
5525 9
5526 9
5527 9
5528 9
5529 9
5530 9
5531 9
5532 9
5533 9
5534 9
5535 9
5536 9
5537 9
5538 9
5539 9
5540 9
5541 9
5542 9
5543 9
5544 9
5545 9
5546 9
5547 9
5548 9
5549 9
5550 9
5551 9
5552 9
5553 9
5554 9
5555 9
5556 9
5557 9
5558 9
5559 9
5560 9
5561 9
5562 9
5563 9
5564 9
5565 9
5566 9
5567 9
5568 9
5569 9
5570 9
5571 9
5572 9
5573 9
5574 9
5575 9
5576 9
5577 9
5578 9
5579 9
5580 9
5581 9
5582 9
5583 9
5584 9
5585 9
5586 9
5587 9
5588 9
5589 9
5590 9
5591 9
5592 9
5593 9
5594 9
5595 9
5596 9
5597 9
5598 9
5599 9
5600 9
5601 9
5602 9
5603 9
5604 9
5605 9
5606 9
5607 9
5608 9
5609 9
5610 9
5611 9
5612 9
5613 9
5614 9
5615 9
5616 9
5617 9
5618 9
5619 9
5620 9
5621 9
5622 9
5623 9
5624 9
5625 9
5626 9
5627 9
5628 9
5629 9
5630 9
5631 9
5632 9
5633 9
5634 9
5635 9
5636 9
5637 9
5638 9
5639 9
5640 9
5641 9
5642 9
5643 9
5644 9
5645 9
5646 9
5647 9
5648 9
5649 9
5650 9
5651 9
5652 9
5653 9
5654 9
5655 9
5656 9
5657 9
5658 9
5659 9
5660 9
5661 9
5662 9
5663 9
5664 9
5665 9
5666 9
5667 9
5668 9
5669 9
5670 9
5671 9
5672 9
5673 9
5674 9
5675 9
5676 9
5677 9
5678 9
5679 9
5680 9
5681 9
5682 9
5683 9
5684 9
5685 9
5686 9
5687 9
5688 9
5689 9
5690 9
5691 9
5692 9
5693 9
5694 9
5695 9
5696 9
5697 9
5698 9
5699 9
5700 9
5701 9
5702 9
5703 9
5704 9
5705 9
5706 9
5707 9
5708 9
5709 9
5710 9
5711 9
5712 9
5713 9
5714 9
5715 9
5716 9
5717 9
5718 9
5719 9
5720 9
5721 9
5722 9
5723 9
5724 9
5725 9
5726 9
5727 9
5728 9
5729 9
5730 9
5731 9
5732 9
5733 9
5734 9
5735 9
5736 9
5737 9
5738 9
5739 9
5740 9
5741 9
5742 9
5743 9
5744 9
5745 9
5746 9
5747 9
5748 9
5749 9
5750 9
5751 9
5752 9
5753 9
5754 9
5755 9
5756 9
5757 9
5758 9
5759 9
5760 9
5761 9
5762 9
5763 9
5764 9
5765 9
5766 9
5767 9
5768 9
5769 9
5770 9
5771 9
5772 9
5773 9
5774 9
5775 9
5776 9
5777 9
5778 9
5779 9
5780 9
5781 9
5782 9
5783 9
5784 9
5785 9
5786 9
5787 9
5788 9
5789 9
5790 9
5791 9
5792 9
5793 9
5794 9
5795 9
5796 9
5797 9
5798 9
5799 9
5800 9
5801 9
5802 9
5803 9
5804 9
5805 9
5806 9
5807 9
5808 9
5809 9
5810 9
5811 9
5812 9
5813 9
5814 9
5815 9
5816 9
5817 9
5818 9
5819 9
5820 9
5821 9
5822 9
5823 9
5824 9
5825 9
5826 9
5827 9
5828 9
5829 9
5830 9
5831 9
5832 9
5833 9
5834 9
5835 9
5836 9
5837 9
5838 9
5839 9
5840 9
5841 9
5842 9
5843 9
5844 9
5845 9
5846 9
5847 9
5848 9
5849 9
5850 9
5851 9
5852 9
5853 9
5854 9
5855 9
5856 9
5857 9
5858 9
5859 9
5860 9
5861 9
5862 9
5863 9
5864 9
5865 9
5866 9
5867 9
5868 9
5869 9
5870 9
5871 9
5872 9
5873 9
5874 9
5875 9
5876 9
5877 9
5878 9
5879 9
5880 9
5881 9
5882 9
5883 9
5884 9
5885 9
5886 9
5887 9
5888 9
5889 9
5890 9
5891 9
5892 9
5893 9
5894 9
5895 9
5896 9
5897 9
5898 9
5899 9
5900 9
5901 9
5902 9
5903 9
5904 9
5905 9
5906 9
5907 9
5908 9
5909 9
5910 9
5911 9
5912 9
5913 9
5914 9
5915 9
5916 9
5917 9
5918 9
5919 9
5920 9
5921 9
5922 9
5923 9
5924 9
5925 9
5926 9
5927 9
5928 9
5929 9
5930 9
5931 9
5932 9
5933 9
5934 9
5935 9
5936 9
5937 9
5938 9
5939 9
5940 9
5941 9
5942 9
5943 9
5944 9
5945 9
5946 9
5947 9
5948 9
5949 9
5950 9
5951 9
5952 9
5953 9
5954 9
5955 9
5956 9
5957 9
5958 9
5959 9
5960 9
5961 9
5962 9
5963 9
5964 9
5965 9
5966 9
5967 9
5968 9
5969 9
5970 9
5971 9
5972 9
5973 9
5974 9
5975 9
5976 9
5977 9
5978 9
5979 9
5980 9
5981 9
5982 9
5983 9
5984 9
5985 9
5986 9
5987 9
5988 9
5989 9
5990 9
5991 9
5992 9
5993 9
5994 9
5995 9
5996 9
5997 9
5998 9
5999 9
6000 9
6001 9
6002 9
6003 9
6004 9
6005 9
6006 9
6007 9
6008 9
6009 9
6010 9
6011 9
6012 9
6013 9
6014 9
6015 9
6016 9
6017 9
6018 9
6019 9
6020 9
6021 9
6022 9
6023 9
6024 9
6025 9
6026 9
6027 9
6028 9
6029 9
6030 9
6031 9
6032 9
6033 9
6034 9
6035 9
6036 9
6037 9
6038 9
6039 9
6040 9
6041 9
6042 9
6043 9
6044 9
6045 9
6046 9
6047 9
6048 9
6049 9
6050 9
6051 9
6052 9
6053 9
6054 9
6055 9
6056 9
6057 9
6058 9
6059 9
6060 9
6061 9
6062 9
6063 9
6064 9
6065 9
6066 9
6067 9
6068 9
6069 9
6070 9
6071 9
6072 9
6073 9
6074 9
6075 9
6076 9
6077 9
6078 9
6079 9
6080 9
6081 9
6082 9
6083 9
6084 9
6085 9
6086 9
6087 9
6088 9
6089 9
6090 9
6091 9
6092 9
6093 9
6094 9
6095 9
6096 9
6097 9
6098 9
6099 9
6100 9
6101 9
6102 9
6103 9
6104 9
6105 9
6106 9
6107 9
6108 9
6109 9
6110 9
6111 9
6112 9
6113 9
6114 9
6115 9
6116 9
6117 9
6118 9
6119 9
6120 9
6121 9
6122 9
6123 9
6124 9
6125 9
6126 9
6127 9
6128 9
6129 9
6130 9
6131 9
6132 9
6133 9
6134 9
6135 9
6136 9
6137 9
6138 9
6139 9
6140 9
6141 9
6142 9
6143 9
6144 9
6145 9
6146 9
6147 9
6148 9
6149 9
6150 9
6151 9
6152 9
6153 9
6154 9
6155 9
6156 9
6157 9
6158 9
6159 9
6160 9
6161 9
6162 9
6163 9
6164 9
6165 9
6166 9
6167 9
6168 9
6169 9
6170 9
6171 9
6172 9
6173 9
6174 9
6175 9
6176 9
6177 9
6178 9
6179 9
6180 9
6181 9
6182 9
6183 9
6184 9
6185 9
6186 9
6187 9
6188 9
6189 9
6190 9
6191 9
6192 9
6193 9
6194 9
6195 9
6196 9
6197 9
6198 9
6199 9
6200 9
6201 9
6202 9
6203 9
6204 9
6205 9
6206 9
6207 9
6208 9
6209 9
6210 9
6211 9
6212 9
6213 9
6214 9
6215 9
6216 9
6217 9
6218 9
6219 9
6220 9
6221 9
6222 9
6223 9
6224 9
6225 9
6226 9
6227 9
6228 9
6229 9
6230 9
6231 9
6232 9
6233 9
6234 9
6235 9
6236 9
6237 9
6238 9
6239 9
6240 9
6241 9
6242 9
6243 9
6244 9
6245 9
6246 9
6247 9
6248 9
6249 9
6250 9
6251 9
6252 9
6253 9
6254 9
6255 9
6256 9
6257 9
6258 9
6259 9
6260 9
6261 9
6262 9
6263 9
6264 9
6265 9
6266 9
6267 9
6268 9
6269 9
6270 9
6271 9
6272 9
6273 9
6274 9
6275 9
6276 9
6277 9
6278 9
6279 9
6280 9
6281 9
6282 9
6283 9
6284 9
6285 9
6286 9
6287 9
6288 9
6289 9
6290 9
6291 9
6292 9
6293 9
6294 9
6295 9
6296 9
6297 9
6298 9
6299 9
6300 9
6301 9
6302 9
6303 9
6304 9
6305 9
6306 9
6307 9
6308 9
6309 9
6310 9
6311 9
6312 9
6313 9
6314 9
6315 9
6316 9
6317 9
6318 9
6319 9
6320 9
6321 9
6322 9
6323 9
6324 9
6325 9
6326 9
6327 9
6328 9
6329 9
6330 9
6331 9
6332 9
6333 9
6334 9
6335 9
6336 9
6337 9
6338 9
6339 9
6340 9
6341 9
6342 9
6343 9
6344 9
6345 9
6346 9
6347 9
6348 9
6349 9
6350 9
6351 9
6352 9
6353 9
6354 9
6355 9
6356 9
6357 9
6358 9
6359 9
6360 9
6361 9
6362 9
6363 9
6364 9
6365 9
6366 9
6367 9
6368 9
6369 9
6370 9
6371 9
6372 9
6373 9
6374 9
6375 9
6376 9
6377 9
6378 9
6379 9
6380 9
6381 9
6382 9
6383 9
6384 9
6385 9
6386 9
6387 9
6388 9
6389 9
6390 9
6391 9
6392 9
6393 9
6394 9
6395 9
6396 9
6397 9
6398 9
6399 9
6400 9
6401 9
6402 9
6403 9
6404 9
6405 9
6406 9
6407 9
6408 9
6409 9
6410 9
6411 9
6412 9
6413 9
6414 9
6415 9
6416 9
6417 9
6418 9
6419 9
6420 9
6421 9
6422 9
6423 9
6424 9
6425 9
6426 9
6427 9
6428 9
6429 9
6430 9
6431 9
6432 9
6433 9
6434 9
6435 9
6436 9
6437 9
6438 9
6439 9
6440 9
6441 9
6442 9
6443 9
6444 9
6445 9
6446 9
6447 9
6448 9
6449 9
6450 9
6451 9
6452 9
6453 9
6454 9
6455 9
6456 9
6457 9
6458 9
6459 9
6460 9
6461 9
6462 9
6463 9
6464 9
6465 9
6466 9
6467 9
6468 9
6469 9
6470 9
6471 9
6472 9
6473 9
6474 9
6475 9
6476 9
6477 9
6478 9
6479 9
6480 9
6481 9
6482 9
6483 9
6484 9
6485 9
6486 9
6487 9
6488 9
6489 9
6490 9
6491 9
6492 9
6493 9
6494 9
6495 9
6496 9
6497 9
6498 9
6499 9
6500 9
6501 9
6502 9
6503 9
6504 9
6505 9
6506 9
6507 9
6508 9
6509 9
6510 9
6511 9
6512 9
6513 9
6514 9
6515 9
6516 9
6517 9
6518 9
6519 9
6520 9
6521 9
6522 9
6523 9
6524 9
6525 9
6526 9
6527 9
6528 9
6529 9
6530 9
6531 9
6532 9
6533 9
6534 9
6535 9
6536 9
6537 9
6538 9
6539 9
6540 9
6541 9
6542 9
6543 9
6544 9
6545 9
6546 9
6547 9
6548 9
6549 9
6550 9
6551 9
6552 9
6553 9
6554 9
6555 9
6556 9
6557 9
6558 9
6559 9
6560 9
6561 9
6562 9
6563 9
6564 9
6565 9
6566 9
6567 9
6568 9
6569 9
6570 9
6571 9
6572 9
6573 9
6574 9
6575 9
6576 9
6577 9
6578 9
6579 9
6580 9
6581 9
6582 9
6583 9
6584 9
6585 9
6586 9
6587 9
6588 9
6589 9
6590 9
6591 9
6592 9
6593 9
6594 9
6595 9
6596 9
6597 9
6598 9
6599 9
6600 9
6601 9
6602 9
6603 9
6604 9
6605 9
6606 9
6607 9
6608 9
6609 9
6610 9
6611 9
6612 9
6613 9
6614 9
6615 9
6616 9
6617 9
6618 9
6619 9
6620 9
6621 9
6622 9
6623 9
6624 9
6625 9
6626 9
6627 9
6628 9
6629 9
6630 9
6631 9
6632 9
6633 9
6634 9
6635 9
6636 9
6637 9
6638 9
6639 9
6640 9
6641 9
6642 9
6643 9
6644 9
6645 9
6646 9
6647 9
6648 9
6649 9
6650 9
6651 9
6652 9
6653 9
6654 9
6655 9
6656 9
6657 9
6658 9
6659 9
6660 9
6661 9
6662 9
6663 9
6664 9
6665 9
6666 9
6667 9
6668 9
6669 9
6670 9
6671 9
6672 9
6673 9
6674 9
6675 9
6676 9
6677 9
6678 9
6679 9
6680 9
6681 9
6682 9
6683 9
6684 9
6685 9
6686 9
6687 9
6688 9
6689 9
6690 9
6691 9
6692 9
6693 9
6694 9
6695 9
6696 9
6697 9
6698 9
6699 9
6700 9
6701 9
6702 9
6703 9
6704 9
6705 9
6706 9
6707 9
6708 9
6709 9
6710 9
6711 9
6712 9
6713 9
6714 9
6715 9
6716 9
6717 9
6718 9
6719 9
6720 9
6721 9
6722 9
6723 9
6724 9
6725 9
6726 9
6727 9
6728 9
6729 9
6730 9
6731 9
6732 9
6733 9
6734 9
6735 9
6736 9
6737 9
6738 9
6739 9
6740 9
6741 9
6742 9
6743 9
6744 9
6745 9
6746 9
6747 9
6748 9
6749 9
6750 9
6751 9
6752 9
6753 9
6754 9
6755 9
6756 9
6757 9
6758 9
6759 9
6760 9
6761 9
6762 9
6763 9
6764 9
6765 9
6766 9
6767 9
6768 9
6769 9
6770 9
6771 9
6772 9
6773 9
6774 9
6775 9
6776 9
6777 9
6778 9
6779 9
6780 9
6781 9
6782 9
6783 9
6784 9
6785 9
6786 9
6787 9
6788 9
6789 9
6790 9
6791 9
6792 9
6793 9
6794 9
6795 9
6796 9
6797 9
6798 9
6799 9
6800 9
6801 9
6802 9
6803 9
6804 9
6805 9
6806 9
6807 9
6808 9
6809 9
6810 9
6811 9
6812 9
6813 9
6814 9
6815 9
6816 9
6817 9
6818 9
6819 9
6820 9
6821 9
6822 9
6823 9
6824 9
6825 9
6826 9
6827 9
6828 9
6829 9
6830 9
6831 9
6832 9
6833 9
6834 9
6835 9
6836 9
6837 9
6838 9
6839 9
6840 9
6841 9
6842 9
6843 9
6844 9
6845 9
6846 9
6847 9
6848 9
6849 9
6850 9
6851 9
6852 9
6853 9
6854 9
6855 9
6856 9
6857 9
6858 9
6859 9
6860 9
6861 9
6862 9
6863 9
6864 9
6865 9
6866 9
6867 9
6868 9
6869 9
6870 9
6871 9
6872 9
6873 9
6874 9
6875 9
6876 9
6877 9
6878 9
6879 9
6880 9
6881 9
6882 9
6883 9
6884 9
6885 9
6886 9
6887 9
6888 9
6889 9
6890 9
6891 9
6892 9
6893 9
6894 9
6895 9
6896 9
6897 9
6898 9
6899 9
6900 9
6901 9
6902 9
6903 9
6904 9
6905 9
6906 9
6907 9
6908 9
6909 9
6910 9
6911 9
6912 9
6913 9
6914 9
6915 9
6916 9
6917 9
6918 9
6919 9
6920 9
6921 9
6922 9
6923 9
6924 9
6925 9
6926 9
6927 9
6928 9
6929 9
6930 9
6931 9
6932 9
6933 9
6934 9
6935 9
6936 9
6937 9
6938 9
6939 9
6940 9
6941 9
6942 9
6943 9
6944 9
6945 9
6946 9
6947 9
6948 9
6949 9
6950 9
6951 9
6952 9
6953 9
6954 9
6955 9
6956 9
6957 9
6958 9
6959 9
6960 9
6961 9
6962 9
6963 9
6964 9
6965 9
6966 9
6967 9
6968 9
6969 9
6970 9
6971 9
6972 9
6973 9
6974 9
6975 9
6976 9
6977 9
6978 9
6979 9
6980 9
6981 9
6982 9
6983 9
6984 9
6985 9
6986 9
6987 9
6988 9
6989 9
6990 9
6991 9
6992 9
6993 9
6994 9
6995 9
6996 9
6997 9
6998 9
6999 9
7000 9
7001 9
7002 9
7003 9
7004 9
7005 9
7006 9
7007 9
7008 9
7009 9
7010 9
7011 9
7012 9
7013 9
7014 9
7015 9
7016 9
7017 9
7018 9
7019 9
7020 9
7021 9
7022 9
7023 9
7024 9
7025 9
7026 9
7027 9
7028 9
7029 9
7030 9
7031 9
7032 9
7033 9
7034 9
7035 9
7036 9
7037 9
7038 9
7039 9
7040 9
7041 9
7042 9
7043 9
7044 9
7045 9
7046 9
7047 9
7048 9
7049 9
7050 9
7051 9
7052 9
7053 9
7054 9
7055 9
7056 9
7057 9
7058 9
7059 9
7060 9
7061 9
7062 9
7063 9
7064 9
7065 9
7066 9
7067 9
7068 9
7069 9
7070 9
7071 9
7072 9
7073 9
7074 9
7075 9
7076 9
7077 9
7078 9
7079 9
7080 9
7081 9
7082 9
7083 9
7084 9
7085 9
7086 9
7087 9
7088 9
7089 9
7090 9
7091 9
7092 9
7093 9
7094 9
7095 9
7096 9
7097 9
7098 9
7099 9
7100 9
7101 9
7102 9
7103 9
7104 9
7105 9
7106 9
7107 9
7108 9
7109 9
7110 9
7111 9
7112 9
7113 9
7114 9
7115 9
7116 9
7117 9
7118 9
7119 9
7120 9
7121 9
7122 9
7123 9
7124 9
7125 9
7126 9
7127 9
7128 9
7129 9
7130 9
7131 9
7132 9
7133 9
7134 9
7135 9
7136 9
7137 9
7138 9
7139 9
7140 9
7141 9
7142 9
7143 9
7144 9
7145 9
7146 9
7147 9
7148 9
7149 9
7150 9
7151 9
7152 9
7153 9
7154 9
7155 9
7156 9
7157 9
7158 9
7159 9
7160 9
7161 9
7162 9
7163 9
7164 9
7165 9
7166 9
7167 9
7168 9
7169 9
7170 9
7171 9
7172 9
7173 9
7174 9
7175 9
7176 9
7177 9
7178 9
7179 9
7180 9
7181 9
7182 9
7183 9
7184 9
7185 9
7186 9
7187 9
7188 9
7189 9
7190 9
7191 9
7192 9
7193 9
7194 9
7195 9
7196 9
7197 9
7198 9
7199 9
7200 9
7201 9
7202 9
7203 9
7204 9
7205 9
7206 9
7207 9
7208 9
7209 9
7210 9
7211 9
7212 9
7213 9
7214 9
7215 9
7216 9
7217 9
7218 9
7219 9
7220 9
7221 9
7222 9
7223 9
7224 9
7225 9
7226 9
7227 9
7228 9
7229 9
7230 9
7231 9
7232 9
7233 9
7234 9
7235 9
7236 9
7237 9
7238 9
7239 9
7240 9
7241 9
7242 9
7243 9
7244 9
7245 9
7246 9
7247 9
7248 9
7249 9
7250 9
7251 9
7252 9
7253 9
7254 9
7255 9
7256 9
7257 9
7258 9
7259 9
7260 9
7261 9
7262 9
7263 9
7264 9
7265 9
7266 9
7267 9
7268 9
7269 9
7270 9
7271 9
7272 9
7273 9
7274 9
7275 9
7276 9
7277 9
7278 9
7279 9
7280 9
7281 9
7282 9
7283 9
7284 9
7285 9
7286 9
7287 9
7288 9
7289 9
7290 9
7291 9
7292 9
7293 9
7294 9
7295 9
7296 9
7297 9
7298 9
7299 9
7300 9
7301 9
7302 9
7303 9
7304 9
7305 9
7306 9
7307 9
7308 9
7309 9
7310 9
7311 9
7312 9
7313 9
7314 9
7315 9
7316 9
7317 9
7318 9
7319 9
7320 9
7321 9
7322 9
7323 9
7324 9
7325 9
7326 9
7327 9
7328 9
7329 9
7330 9
7331 9
7332 9
7333 9
7334 9
7335 9
7336 9
7337 9
7338 9
7339 9
7340 9
7341 9
7342 9
7343 9
7344 9
7345 9
7346 9
7347 9
7348 9
7349 9
7350 9
7351 9
7352 9
7353 9
7354 9
7355 9
7356 9
7357 9
7358 9
7359 9
7360 9
7361 9
7362 9
7363 9
7364 9
7365 9
7366 9
7367 9
7368 9
7369 9
7370 9
7371 9
7372 9
7373 9
7374 9
7375 9
7376 9
7377 9
7378 9
7379 9
7380 9
7381 9
7382 9
7383 9
7384 9
7385 9
7386 9
7387 9
7388 9
7389 9
7390 9
7391 9
7392 9
7393 9
7394 9
7395 9
7396 9
7397 9
7398 9
7399 9
7400 9
7401 9
7402 9
7403 9
7404 9
7405 9
7406 9
7407 9
7408 9
7409 9
7410 9
7411 9
7412 9
7413 9
7414 9
7415 9
7416 9
7417 9
7418 9
7419 9
7420 9
7421 9
7422 9
7423 9
7424 9
7425 9
7426 9
7427 9
7428 9
7429 9
7430 9
7431 9
7432 9
7433 9
7434 9
7435 9
7436 9
7437 9
7438 9
7439 9
7440 9
7441 9
7442 9
7443 9
7444 9
7445 9
7446 9
7447 9
7448 9
7449 9
7450 9
7451 9
7452 9
7453 9
7454 9
7455 9
7456 9
7457 9
7458 9
7459 9
7460 9
7461 9
7462 9
7463 9
7464 9
7465 9
7466 9
7467 9
7468 9
7469 9
7470 9
7471 9
7472 9
7473 9
7474 9
7475 9
7476 9
7477 9
7478 9
7479 9
7480 9
7481 9
7482 9
7483 9
7484 9
7485 9
7486 9
7487 9
7488 9
7489 9
7490 9
7491 9
7492 9
7493 9
7494 9
7495 9
7496 9
7497 9
7498 9
7499 9
7500 9
7501 9
7502 9
7503 9
7504 9
7505 9
7506 9
7507 9
7508 9
7509 9
7510 9
7511 9
7512 9
7513 9
7514 9
7515 9
7516 9
7517 9
7518 9
7519 9
7520 9
7521 9
7522 9
7523 9
7524 9
7525 9
7526 9
7527 9
7528 9
7529 9
7530 9
7531 9
7532 9
7533 9
7534 9
7535 9
7536 9
7537 9
7538 9
7539 9
7540 9
7541 9
7542 9
7543 9
7544 9
7545 9
7546 9
7547 9
7548 9
7549 9
7550 9
7551 9
7552 9
7553 9
7554 9
7555 9
7556 9
7557 9
7558 9
7559 9
7560 9
7561 9
7562 9
7563 9
7564 9
7565 9
7566 9
7567 9
7568 9
7569 9
7570 9
7571 9
7572 9
7573 9
7574 9
7575 9
7576 9
7577 9
7578 9
7579 9
7580 9
7581 9
7582 9
7583 9
7584 9
7585 9
7586 9
7587 9
7588 9
7589 9
7590 9
7591 9
7592 9
7593 9
7594 9
7595 9
7596 9
7597 9
7598 9
7599 9
7600 9
7601 9
7602 9
7603 9
7604 9
7605 9
7606 9
7607 9
7608 9
7609 9
7610 9
7611 9
7612 9
7613 9
7614 9
7615 9
7616 9
7617 9
7618 9
7619 9
7620 9
7621 9
7622 9
7623 9
7624 9
7625 9
7626 9
7627 9
7628 9
7629 9
7630 9
7631 9
7632 9
7633 9
7634 9
7635 9
7636 9
7637 9
7638 9
7639 9
7640 9
7641 9
7642 9
7643 9
7644 9
7645 9
7646 9
7647 9
7648 9
7649 9
7650 9
7651 9
7652 9
7653 9
7654 9
7655 9
7656 9
7657 9
7658 9
7659 9
7660 9
7661 9
7662 9
7663 9
7664 9
7665 9
7666 9
7667 9
7668 9
7669 9
7670 9
7671 9
7672 9
7673 9
7674 9
7675 9
7676 9
7677 9
7678 9
7679 9
7680 9
7681 9
7682 9
7683 9
7684 9
7685 9
7686 9
7687 9
7688 9
7689 9
7690 9
7691 9
7692 9
7693 9
7694 9
7695 9
7696 9
7697 9
7698 9
7699 9
7700 9
7701 9
7702 9
7703 9
7704 9
7705 9
7706 9
7707 9
7708 9
7709 9
7710 9
7711 9
7712 9
7713 9
7714 9
7715 9
7716 9
7717 9
7718 9
7719 9
7720 9
7721 9
7722 9
7723 9
7724 9
7725 9
7726 9
7727 9
7728 9
7729 9
7730 9
7731 9
7732 9
7733 9
7734 9
7735 9
7736 9
7737 9
7738 9
7739 9
7740 9
7741 9
7742 9
7743 9
7744 9
7745 9
7746 9
7747 9
7748 9
7749 9
7750 9
7751 9
7752 9
7753 9
7754 9
7755 9
7756 9
7757 9
7758 9
7759 9
7760 9
7761 9
7762 9
7763 9
7764 9
7765 9
7766 9
7767 9
7768 9
7769 9
7770 9
7771 9
7772 9
7773 9
7774 9
7775 9
7776 9
7777 9
7778 9
7779 9
7780 9
7781 9
7782 9
7783 9
7784 9
7785 9
7786 9
7787 9
7788 9
7789 9
7790 9
7791 9
7792 9
7793 9
7794 9
7795 9
7796 9
7797 9
7798 9
7799 9
7800 9
7801 9
7802 9
7803 9
7804 9
7805 9
7806 9
7807 9
7808 9
7809 9
7810 9
7811 9
7812 9
7813 9
7814 9
7815 9
7816 9
7817 9
7818 9
7819 9
7820 9
7821 9
7822 9
7823 9
7824 9
7825 9
7826 9
7827 9
7828 9
7829 9
7830 9
7831 9
7832 9
7833 9
7834 9
7835 9
7836 9
7837 9
7838 9
7839 9
7840 9
7841 9
7842 9
7843 9
7844 9
7845 9
7846 9
7847 9
7848 9
7849 9
7850 9
7851 9
7852 9
7853 9
7854 9
7855 9
7856 9
7857 9
7858 9
7859 9
7860 9
7861 9
7862 9
7863 9
7864 9
7865 9
7866 9
7867 9
7868 9
7869 9
7870 9
7871 9
7872 9
7873 9
7874 9
7875 9
7876 9
7877 9
7878 9
7879 9
7880 9
7881 9
7882 9
7883 9
7884 9
7885 9
7886 9
7887 9
7888 9
7889 9
7890 9
7891 9
7892 9
7893 9
7894 9
7895 9
7896 9
7897 9
7898 9
7899 9
7900 9
7901 9
7902 9
7903 9
7904 9
7905 9
7906 9
7907 9
7908 9
7909 9
7910 9
7911 9
7912 9
7913 9
7914 9
7915 9
7916 9
7917 9
7918 9
7919 9
7920 9
7921 9
7922 9
7923 9
7924 9
7925 9
7926 9
7927 9
7928 9
7929 9
7930 9
7931 9
7932 9
7933 9
7934 9
7935 9
7936 9
7937 9
7938 9
7939 9
7940 9
7941 9
7942 9
7943 9
7944 9
7945 9
7946 9
7947 9
7948 9
7949 9
7950 9
7951 9
7952 9
7953 9
7954 9
7955 9
7956 9
7957 9
7958 9
7959 9
7960 9
7961 9
7962 9
7963 9
7964 9
7965 9
7966 9
7967 9
7968 9
7969 9
7970 9
7971 9
7972 9
7973 9
7974 9
7975 9
7976 9
7977 9
7978 9
7979 9
7980 9
7981 9
7982 9
7983 9
7984 9
7985 9
7986 9
7987 9
7988 9
7989 9
7990 9
7991 9
7992 9
7993 9
7994 9
7995 9
7996 9
7997 9
7998 9
7999 9
8000 9
8001 9
8002 9
8003 9
8004 9
8005 9
8006 9
8007 9
8008 9
8009 9
8010 9
8011 9
8012 9
8013 9
8014 9
8015 9
8016 9
8017 9
8018 9
8019 9
8020 9
8021 9
8022 9
8023 9
8024 9
8025 9
8026 9
8027 9
8028 9
8029 9
8030 9
8031 9
8032 9
8033 9
8034 9
8035 9
8036 9
8037 9
8038 9
8039 9
8040 9
8041 9
8042 9
8043 9
8044 9
8045 9
8046 9
8047 9
8048 9
8049 9
8050 9
8051 9
8052 9
8053 9
8054 9
8055 9
8056 9
8057 9
8058 9
8059 9
8060 9
8061 9
8062 9
8063 9
8064 9
8065 9
8066 9
8067 9
8068 9
8069 9
8070 9
8071 9
8072 9
8073 9
8074 9
8075 9
8076 9
8077 9
8078 9
8079 9
8080 9
8081 9
8082 9
8083 9
8084 9
8085 9
8086 9
8087 9
8088 9
8089 9
8090 9
8091 9
8092 9
8093 9
8094 9
8095 9
8096 9
8097 9
8098 9
8099 9
8100 9
8101 9
8102 9
8103 9
8104 9
8105 9
8106 9
8107 9
8108 9
8109 9
8110 9
8111 9
8112 9
8113 9
8114 9
8115 9
8116 9
8117 9
8118 9
8119 9
8120 9
8121 9
8122 9
8123 9
8124 9
8125 9
8126 9
8127 9
8128 9
8129 9
8130 9
8131 9
8132 9
8133 9
8134 9
8135 9
8136 9
8137 9
8138 9
8139 9
8140 9
8141 9
8142 9
8143 9
8144 9
8145 9
8146 9
8147 9
8148 9
8149 9
8150 9
8151 9
8152 9
8153 9
8154 9
8155 9
8156 9
8157 9
8158 9
8159 9
8160 9
8161 9
8162 9
8163 9
8164 9
8165 9
8166 9
8167 9
8168 9
8169 9
8170 9
8171 9
8172 9
8173 9
8174 9
8175 9
8176 9
8177 9
8178 9
8179 9
8180 9
8181 9
8182 9
8183 9
8184 9
8185 9
8186 9
8187 9
8188 9
8189 9
8190 9
8191 9
8192 9
8193 9
8194 9
8195 9
8196 9
8197 9
8198 9
8199 9
8200 9
8201 9
8202 9
8203 9
8204 9
8205 9
8206 9
8207 9
8208 9
8209 9
8210 9
8211 9
8212 9
8213 9
8214 9
8215 9
8216 9
8217 9
8218 9
8219 9
8220 9
8221 9
8222 9
8223 9
8224 9
8225 9
8226 9
8227 9
8228 9
8229 9
8230 9
8231 9
8232 9
8233 9
8234 9
8235 9
8236 9
8237 9
8238 9
8239 9
8240 9
8241 9
8242 9
8243 9
8244 9
8245 9
8246 9
8247 9
8248 9
8249 9
8250 9
8251 9
8252 9
8253 9
8254 9
8255 9
8256 9
8257 9
8258 9
8259 9
8260 9
8261 9
8262 9
8263 9
8264 9
8265 9
8266 9
8267 9
8268 9
8269 9
8270 9
8271 9
8272 9
8273 9
8274 9
8275 9
8276 9
8277 9
8278 9
8279 9
8280 9
8281 9
8282 9
8283 9
8284 9
8285 9
8286 9
8287 9
8288 9
8289 9
8290 9
8291 9
8292 9
8293 9
8294 9
8295 9
8296 9
8297 9
8298 9
8299 9
8300 9
8301 9
8302 9
8303 9
8304 9
8305 9
8306 9
8307 9
8308 9
8309 9
8310 9
8311 9
8312 9
8313 9
8314 9
8315 9
8316 9
8317 9
8318 9
8319 9
8320 9
8321 9
8322 9
8323 9
8324 9
8325 9
8326 9
8327 9
8328 9
8329 9
8330 9
8331 9
8332 9
8333 9
8334 9
8335 9
8336 9
8337 9
8338 9
8339 9
8340 9
8341 9
8342 9
8343 9
8344 9
8345 9
8346 9
8347 9
8348 9
8349 9
8350 9
8351 9
8352 9
8353 9
8354 9
8355 9
8356 9
8357 9
8358 9
8359 9
8360 9
8361 9
8362 9
8363 9
8364 9
8365 9
8366 9
8367 9
8368 9
8369 9
8370 9
8371 9
8372 9
8373 9
8374 9
8375 9
8376 9
8377 9
8378 9
8379 9
8380 9
8381 9
8382 9
8383 9
8384 9
8385 9
8386 9
8387 9
8388 9
8389 9
8390 9
8391 9
8392 9
8393 9
8394 9
8395 9
8396 9
8397 9
8398 9
8399 9
8400 9
8401 9
8402 9
8403 9
8404 9
8405 9
8406 9
8407 9
8408 9
8409 9
8410 9
8411 9
8412 9
8413 9
8414 9
8415 9
8416 9
8417 9
8418 9
8419 9
8420 9
8421 9
8422 9
8423 9
8424 9
8425 9
8426 9
8427 9
8428 9
8429 9
8430 9
8431 9
8432 9
8433 9
8434 9
8435 9
8436 9
8437 9
8438 9
8439 9
8440 9
8441 9
8442 9
8443 9
8444 9
8445 9
8446 9
8447 9
8448 9
8449 9
8450 9
8451 9
8452 9
8453 9
8454 9
8455 9
8456 9
8457 9
8458 9
8459 9
8460 9
8461 9
8462 9
8463 9
8464 9
8465 9
8466 9
8467 9
8468 9
8469 9
8470 9
8471 9
8472 9
8473 9
8474 9
8475 9
8476 9
8477 9
8478 9
8479 9
8480 9
8481 9
8482 9
8483 9
8484 9
8485 9
8486 9
8487 9
8488 9
8489 9
8490 9
8491 9
8492 9
8493 9
8494 9
8495 9
8496 9
8497 9
8498 9
8499 9
8500 9
8501 9
8502 9
8503 9
8504 9
8505 9
8506 9
8507 9
8508 9
8509 9
8510 9
8511 9
8512 9
8513 9
8514 9
8515 9
8516 9
8517 9
8518 9
8519 9
8520 9
8521 9
8522 9
8523 9
8524 9
8525 9
8526 9
8527 9
8528 9
8529 9
8530 9
8531 9
8532 9
8533 9
8534 9
8535 9
8536 9
8537 9
8538 9
8539 9
8540 9
8541 9
8542 9
8543 9
8544 9
8545 9
8546 9
8547 9
8548 9
8549 9
8550 9
8551 9
8552 9
8553 9
8554 9
8555 9
8556 9
8557 9
8558 9
8559 9
8560 9
8561 9
8562 9
8563 9
8564 9
8565 9
8566 9
8567 9
8568 9
8569 9
8570 9
8571 9
8572 9
8573 9
8574 9
8575 9
8576 9
8577 9
8578 9
8579 9
8580 9
8581 9
8582 9
8583 9
8584 9
8585 9
8586 9
8587 9
8588 9
8589 9
8590 9
8591 9
8592 9
8593 9
8594 9
8595 9
8596 9
8597 9
8598 9
8599 9
8600 9
8601 9
8602 9
8603 9
8604 9
8605 9
8606 9
8607 9
8608 9
8609 9
8610 9
8611 9
8612 9
8613 9
8614 9
8615 9
8616 9
8617 9
8618 9
8619 9
8620 9
8621 9
8622 9
8623 9
8624 9
8625 9
8626 9
8627 9
8628 9
8629 9
8630 9
8631 9
8632 9
8633 9
8634 9
8635 9
8636 9
8637 9
8638 9
8639 9
8640 9
8641 9
8642 9
8643 9
8644 9
8645 9
8646 9
8647 9
8648 9
8649 9
8650 9
8651 9
8652 9
8653 9
8654 9
8655 9
8656 9
8657 9
8658 9
8659 9
8660 9
8661 9
8662 9
8663 9
8664 9
8665 9
8666 9
8667 9
8668 9
8669 9
8670 9
8671 9
8672 9
8673 9
8674 9
8675 9
8676 9
8677 9
8678 9
8679 9
8680 9
8681 9
8682 9
8683 9
8684 9
8685 9
8686 9
8687 9
8688 9
8689 9
8690 9
8691 9
8692 9
8693 9
8694 9
8695 9
8696 9
8697 9
8698 9
8699 9
8700 9
8701 9
8702 9
8703 9
8704 9
8705 9
8706 9
8707 9
8708 9
8709 9
8710 9
8711 9
8712 9
8713 9
8714 9
8715 9
8716 9
8717 9
8718 9
8719 9
8720 9
8721 9
8722 9
8723 9
8724 9
8725 9
8726 9
8727 9
8728 9
8729 9
8730 9
8731 9
8732 9
8733 9
8734 9
8735 9
8736 9
8737 9
8738 9
8739 9
8740 9
8741 9
8742 9
8743 9
8744 9
8745 9
8746 9
8747 9
8748 9
8749 9
8750 9
8751 9
8752 9
8753 9
8754 9
8755 9
8756 9
8757 9
8758 9
8759 9
8760 9
8761 9
8762 9
8763 9
8764 9
8765 9
8766 9
8767 9
8768 9
8769 9
8770 9
8771 9
8772 9
8773 9
8774 9
8775 9
8776 9
8777 9
8778 9
8779 9
8780 9
8781 9
8782 9
8783 9
8784 9
8785 9
8786 9
8787 9
8788 9
8789 9
8790 9
8791 9
8792 9
8793 9
8794 9
8795 9
8796 9
8797 9
8798 9
8799 9
8800 9
8801 9
8802 9
8803 9
8804 9
8805 9
8806 9
8807 9
8808 9
8809 9
8810 9
8811 9
8812 9
8813 9
8814 9
8815 9
8816 9
8817 9
8818 9
8819 9
8820 9
8821 9
8822 9
8823 9
8824 9
8825 9
8826 9
8827 9
8828 9
8829 9
8830 9
8831 9
8832 9
8833 9
8834 9
8835 9
8836 9
8837 9
8838 9
8839 9
8840 9
8841 9
8842 9
8843 9
8844 9
8845 9
8846 9
8847 9
8848 9
8849 9
8850 9
8851 9
8852 9
8853 9
8854 9
8855 9
8856 9
8857 9
8858 9
8859 9
8860 9
8861 9
8862 9
8863 9
8864 9
8865 9
8866 9
8867 9
8868 9
8869 9
8870 9
8871 9
8872 9
8873 9
8874 9
8875 9
8876 9
8877 9
8878 9
8879 9
8880 9
8881 9
8882 9
8883 9
8884 9
8885 9
8886 9
8887 9
8888 9
8889 9
8890 9
8891 9
8892 9
8893 9
8894 9
8895 9
8896 9
8897 9
8898 9
8899 9
8900 9
8901 9
8902 9
8903 9
8904 9
8905 9
8906 9
8907 9
8908 9
8909 9
8910 9
8911 9
8912 9
8913 9
8914 9
8915 9
8916 9
8917 9
8918 9
8919 9
8920 9
8921 9
8922 9
8923 9
8924 9
8925 9
8926 9
8927 9
8928 9
8929 9
8930 9
8931 9
8932 9
8933 9
8934 9
8935 9
8936 9
8937 9
8938 9
8939 9
8940 9
8941 9
8942 9
8943 9
8944 9
8945 9
8946 9
8947 9
8948 9
8949 9
8950 9
8951 9
8952 9
8953 9
8954 9
8955 9
8956 9
8957 9
8958 9
8959 9
8960 9
8961 9
8962 9
8963 9
8964 9
8965 9
8966 9
8967 9
8968 9
8969 9
8970 9
8971 9
8972 9
8973 9
8974 9
8975 9
8976 9
8977 9
8978 9
8979 9
8980 9
8981 9
8982 9
8983 9
8984 9
8985 9
8986 9
8987 9
8988 9
8989 9
8990 9
8991 9
8992 9
8993 9
8994 9
8995 9
8996 9
8997 9
8998 9
8999 9
9000 9
9001 9
9002 9
9003 9
9004 9
9005 9
9006 9
9007 9
9008 9
9009 9
9010 9
9011 9
9012 9
9013 9
9014 9
9015 9
9016 9
9017 9
9018 9
9019 9
9020 9
9021 9
9022 9
9023 9
9024 9
9025 9
9026 9
9027 9
9028 9
9029 9
9030 9
9031 9
9032 9
9033 9
9034 9
9035 9
9036 9
9037 9
9038 9
9039 9
9040 9
9041 9
9042 9
9043 9
9044 9
9045 9
9046 9
9047 9
9048 9
9049 9
9050 9
9051 9
9052 9
9053 9
9054 9
9055 9
9056 9
9057 9
9058 9
9059 9
9060 9
9061 9
9062 9
9063 9
9064 9
9065 9
9066 9
9067 9
9068 9
9069 9
9070 9
9071 9
9072 9
9073 9
9074 9
9075 9
9076 9
9077 9
9078 9
9079 9
9080 9
9081 9
9082 9
9083 9
9084 9
9085 9
9086 9
9087 9
9088 9
9089 9
9090 9
9091 9
9092 9
9093 9
9094 9
9095 9
9096 9
9097 9
9098 9
9099 9
9100 9
9101 9
9102 9
9103 9
9104 9
9105 9
9106 9
9107 9
9108 9
9109 9
9110 9
9111 9
9112 9
9113 9
9114 9
9115 9
9116 9
9117 9
9118 9
9119 9
9120 9
9121 9
9122 9
9123 9
9124 9
9125 9
9126 9
9127 9
9128 9
9129 9
9130 9
9131 9
9132 9
9133 9
9134 9
9135 9
9136 9
9137 9
9138 9
9139 9
9140 9
9141 9
9142 9
9143 9
9144 9
9145 9
9146 9
9147 9
9148 9
9149 9
9150 9
9151 9
9152 9
9153 9
9154 9
9155 9
9156 9
9157 9
9158 9
9159 9
9160 9
9161 9
9162 9
9163 9
9164 9
9165 9
9166 9
9167 9
9168 9
9169 9
9170 9
9171 9
9172 9
9173 9
9174 9
9175 9
9176 9
9177 9
9178 9
9179 9
9180 9
9181 9
9182 9
9183 9
9184 9
9185 9
9186 9
9187 9
9188 9
9189 9
9190 9
9191 9
9192 9
9193 9
9194 9
9195 9
9196 9
9197 9
9198 9
9199 9
9200 9
9201 9
9202 9
9203 9
9204 9
9205 9
9206 9
9207 9
9208 9
9209 9
9210 9
9211 9
9212 9
9213 9
9214 9
9215 9
9216 9
9217 9
9218 9
9219 9
9220 9
9221 9
9222 9
9223 9
9224 9
9225 9
9226 9
9227 9
9228 9
9229 9
9230 9
9231 9
9232 9
9233 9
9234 9
9235 9
9236 9
9237 9
9238 9
9239 9
9240 9
9241 9
9242 9
9243 9
9244 9
9245 9
9246 9
9247 9
9248 9
9249 9
9250 9
9251 9
9252 9
9253 9
9254 9
9255 9
9256 9
9257 9
9258 9
9259 9
9260 9
9261 9
9262 9
9263 9
9264 9
9265 9
9266 9
9267 9
9268 9
9269 9
9270 9
9271 9
9272 9
9273 9
9274 9
9275 9
9276 9
9277 9
9278 9
9279 9
9280 9
9281 9
9282 9
9283 9
9284 9
9285 9
9286 9
9287 9
9288 9
9289 9
9290 9
9291 9
9292 9
9293 9
9294 9
9295 9
9296 9
9297 9
9298 9
9299 9
9300 9
9301 9
9302 9
9303 9
9304 9
9305 9
9306 9
9307 9
9308 9
9309 9
9310 9
9311 9
9312 9
9313 9
9314 9
9315 9
9316 9
9317 9
9318 9
9319 9
9320 9
9321 9
9322 9
9323 9
9324 9
9325 9
9326 9
9327 9
9328 9
9329 9
9330 9
9331 9
9332 9
9333 9
9334 9
9335 9
9336 9
9337 9
9338 9
9339 9
9340 9
9341 9
9342 9
9343 9
9344 9
9345 9
9346 9
9347 9
9348 9
9349 9
9350 9
9351 9
9352 9
9353 9
9354 9
9355 9
9356 9
9357 9
9358 9
9359 9
9360 9
9361 9
9362 9
9363 9
9364 9
9365 9
9366 9
9367 9
9368 9
9369 9
9370 9
9371 9
9372 9
9373 9
9374 9
9375 9
9376 9
9377 9
9378 9
9379 9
9380 9
9381 9
9382 9
9383 9
9384 9
9385 9
9386 9
9387 9
9388 9
9389 9
9390 9
9391 9
9392 9
9393 9
9394 9
9395 9
9396 9
9397 9
9398 9
9399 9
9400 9
9401 9
9402 9
9403 9
9404 9
9405 9
9406 9
9407 9
9408 9
9409 9
9410 9
9411 9
9412 9
9413 9
9414 9
9415 9
9416 9
9417 9
9418 9
9419 9
9420 9
9421 9
9422 9
9423 9
9424 9
9425 9
9426 9
9427 9
9428 9
9429 9
9430 9
9431 9
9432 9
9433 9
9434 9
9435 9
9436 9
9437 9
9438 9
9439 9
9440 9
9441 9
9442 9
9443 9
9444 9
9445 9
9446 9
9447 9
9448 9
9449 9
9450 9
9451 9
9452 9
9453 9
9454 9
9455 9
9456 9
9457 9
9458 9
9459 9
9460 9
9461 9
9462 9
9463 9
9464 9
9465 9
9466 9
9467 9
9468 9
9469 9
9470 9
9471 9
9472 9
9473 9
9474 9
9475 9
9476 9
9477 9
9478 9
9479 9
9480 9
9481 9
9482 9
9483 9
9484 9
9485 9
9486 9
9487 9
9488 9
9489 9
9490 9
9491 9
9492 9
9493 9
9494 9
9495 9
9496 9
9497 9
9498 9
9499 9
9500 9
9501 9
9502 9
9503 9
9504 9
9505 9
9506 9
9507 9
9508 9
9509 9
9510 9
9511 9
9512 9
9513 9
9514 9
9515 9
9516 9
9517 9
9518 9
9519 9
9520 9
9521 9
9522 9
9523 9
9524 9
9525 9
9526 9
9527 9
9528 9
9529 9
9530 9
9531 9
9532 9
9533 9
9534 9
9535 9
9536 9
9537 9
9538 9
9539 9
9540 9
9541 9
9542 9
9543 9
9544 9
9545 9
9546 9
9547 9
9548 9
9549 9
9550 9
9551 9
9552 9
9553 9
9554 9
9555 9
9556 9
9557 9
9558 9
9559 9
9560 9
9561 9
9562 9
9563 9
9564 9
9565 9
9566 9
9567 9
9568 9
9569 9
9570 9
9571 9
9572 9
9573 9
9574 9
9575 9
9576 9
9577 9
9578 9
9579 9
9580 9
9581 9
9582 9
9583 9
9584 9
9585 9
9586 9
9587 9
9588 9
9589 9
9590 9
9591 9
9592 9
9593 9
9594 9
9595 9
9596 9
9597 9
9598 9
9599 9
9600 9
9601 9
9602 9
9603 9
9604 9
9605 9
9606 9
9607 9
9608 9
9609 9
9610 9
9611 9
9612 9
9613 9
9614 9
9615 9
9616 9
9617 9
9618 9
9619 9
9620 9
9621 9
9622 9
9623 9
9624 9
9625 9
9626 9
9627 9
9628 9
9629 9
9630 9
9631 9
9632 9
9633 9
9634 9
9635 9
9636 9
9637 9
9638 9
9639 9
9640 9
9641 9
9642 9
9643 9
9644 9
9645 9
9646 9
9647 9
9648 9
9649 9
9650 9
9651 9
9652 9
9653 9
9654 9
9655 9
9656 9
9657 9
9658 9
9659 9
9660 9
9661 9
9662 9
9663 9
9664 9
9665 9
9666 9
9667 9
9668 9
9669 9
9670 9
9671 9
9672 9
9673 9
9674 9
9675 9
9676 9
9677 9
9678 9
9679 9
9680 9
9681 9
9682 9
9683 9
9684 9
9685 9
9686 9
9687 9
9688 9
9689 9
9690 9
9691 9
9692 9
9693 9
9694 9
9695 9
9696 9
9697 9
9698 9
9699 9
9700 9
9701 9
9702 9
9703 9
9704 9
9705 9
9706 9
9707 9
9708 9
9709 9
9710 9
9711 9
9712 9
9713 9
9714 9
9715 9
9716 9
9717 9
9718 9
9719 9
9720 9
9721 9
9722 9
9723 9
9724 9
9725 9
9726 9
9727 9
9728 9
9729 9
9730 9
9731 9
9732 9
9733 9
9734 9
9735 9
9736 9
9737 9
9738 9
9739 9
9740 9
9741 9
9742 9
9743 9
9744 9
9745 9
9746 9
9747 9
9748 9
9749 9
9750 9
9751 9
9752 9
9753 9
9754 9
9755 9
9756 9
9757 9
9758 9
9759 9
9760 9
9761 9
9762 9
9763 9
9764 9
9765 9
9766 9
9767 9
9768 9
9769 9
9770 9
9771 9
9772 9
9773 9
9774 9
9775 9
9776 9
9777 9
9778 9
9779 9
9780 9
9781 9
9782 9
9783 9
9784 9
9785 9
9786 9
9787 9
9788 9
9789 9
9790 9
9791 9
9792 9
9793 9
9794 9
9795 9
9796 9
9797 9
9798 9
9799 9
9800 9
9801 9
9802 9
9803 9
9804 9
9805 9
9806 9
9807 9
9808 9
9809 9
9810 9
9811 9
9812 9
9813 9
9814 9
9815 9
9816 9
9817 9
9818 9
9819 9
9820 9
9821 9
9822 9
9823 9
9824 9
9825 9
9826 9
9827 9
9828 9
9829 9
9830 9
9831 9
9832 9
9833 9
9834 9
9835 9
9836 9
9837 9
9838 9
9839 9
9840 9
9841 9
9842 9
9843 9
9844 9
9845 9
9846 9
9847 9
9848 9
9849 9
9850 9
9851 9
9852 9
9853 9
9854 9
9855 9
9856 9
9857 9
9858 9
9859 9
9860 9
9861 9
9862 9
9863 9
9864 9
9865 9
9866 9
9867 9
9868 9
9869 9
9870 9
9871 9
9872 9
9873 9
9874 9
9875 9
9876 9
9877 9
9878 9
9879 9
9880 9
9881 9
9882 9
9883 9
9884 9
9885 9
9886 9
9887 9
9888 9
9889 9
9890 9
9891 9
9892 9
9893 9
9894 9
9895 9
9896 9
9897 9
9898 9
9899 9
9900 9
9901 9
9902 9
9903 9
9904 9
9905 9
9906 9
9907 9
9908 9
9909 9
9910 9
9911 9
9912 9
9913 9
9914 9
9915 9
9916 9
9917 9
9918 9
9919 9
9920 9
9921 9
9922 9
9923 9
9924 9
9925 9
9926 9
9927 9
9928 9
9929 9
9930 9
9931 9
9932 9
9933 9
9934 9
9935 9
9936 9
9937 9
9938 9
9939 9
9940 9
9941 9
9942 9
9943 9
9944 9
9945 9
9946 9
9947 9
9948 9
9949 9
9950 9
9951 9
9952 9
9953 9
9954 9
9955 9
9956 9
9957 9
9958 9
9959 9
9960 9
9961 9
9962 9
9963 9
9964 9
9965 9
9966 9
9967 9
9968 9
9969 9
9970 9
9971 9
9972 9
9973 9
9974 9
9975 9
9976 9
9977 9
9978 9
9979 9
9980 9
9981 9
9982 9
9983 9
9984 9
9985 9
9986 9
9987 9
9988 9
9989 9
9990 9
9991 9
9992 9
9993 9
9994 9
9995 9
9996 9
9997 9
9998 9
9999 9
10000 9
