10 1
11 1
12 1
13 1
14 1
15 1
16 1
17 1
18 2
19 2
20 2
21 2
22 2
23 2
24 2
25 2
26 2
27 2
28 3
29 3
30 3
31 3
32 3
33 3
34 3
35 3
36 3
37 3
38 3
39 3
40 3
41 3
42 3
43 3
44 3
45 3
46 3
47 3
48 3
49 3
50 3
51 3
52 3
53 3
54 3
55 3
56 3
57 3
58 3
59 3
60 3
61 3
62 3
63 3
64 3
65 3
66 3
67 3
68 3
69 3
70 3
71 3
72 3
73 3
74 3
75 3
76 3
77 3
78 3
79 3
80 3
81 3
82 3
83 3
84 3
85 3
86 3
87 3
88 3
89 3
90 3
91 3
92 3
93 3
94 3
95 3
96 3
97 3
98 3
99 3
100 3
101 3
102 3
103 3
104 3
105 3
106 3
107 3
108 3
109 3
110 3
111 3
112 3
113 3
114 3
115 3
116 3
117 3
118 3
119 3
120 3
121 3
122 3
123 3
124 3
125 3
126 3
127 3
128 3
129 3
130 3
131 3
132 3
133 3
134 3
135 3
136 3
137 3
138 3
139 3
140 3
141 3
142 3
143 3
144 3
145 3
146 3
147 3
148 3
149 3
150 3
151 3
152 3
153 3
154 3
155 3
156 3
157 3
158 3
159 3
160 3
161 3
162 3
163 3
164 3
165 3
166 3
167 3
168 3
169 3
170 3
171 3
172 3
173 3
174 3
175 3
176 3
177 3
178 3
179 3
180 3
181 3
182 3
183 3
184 3
185 3
186 3
187 3
188 3
189 3
190 3
191 3
192 3
193 3
194 3
195 3
196 3
197 3
198 3
199 3
200 3
201 3
202 3
203 3
204 3
205 3
206 3
207 3
208 3
209 3
210 3
211 3
212 3
213 3
214 3
215 3
216 3
217 3
218 3
219 3
220 3
221 3
222 3
223 3
224 3
225 3
226 3
227 3
228 3
229 3
230 3
231 3
232 3
233 3
234 3
235 3
236 3
237 3
238 3
239 3
240 3
241 3
242 3
243 3
244 3
245 3
246 3
247 3
248 3
249 3
250 3
251 3
252 3
253 3
254 3
255 3
256 3
257 3
258 3
259 3
260 3
261 3
262 3
263 3
264 3
265 3
266 3
267 3
268 3
269 3
270 3
271 3
272 3
273 3
274 3
275 3
276 3
277 3
278 3
279 3
280 3
281 3
282 3
283 3
284 3
285 3
286 3
287 3
288 3
289 3
290 3
291 3
292 3
293 3
294 3
295 3
296 4
297 4
298 4
299 4
300 4
301 4
302 4
303 4
304 4
305 4
306 4
307 4
308 4
309 4
310 4
311 5
312 5
313 5
314 5
315 5
316 5
317 5
318 5
319 5
320 5
321 5
322 5
323 5
324 5
325 5
326 5
327 5
328 5
329 5
330 5
331 5
332 5
333 5
334 5
335 5
336 5
337 5
338 5
339 5
340 5
341 5
342 5
343 5
344 5
345 5
346 5
347 5
348 5
349 5
350 5
351 5
352 6
353 6
354 6
355 6
356 6
357 6
358 6
359 6
360 6
361 6
362 6
363 6
364 6
365 6
366 6
367 6
368 6
369 6
370 6
371 6
372 6
373 6
374 6
375 6
376 6
377 6
378 6
379 6
380 6
381 6
382 6
383 6
384 6
385 6
386 6
387 6
388 6
389 6
390 6
391 6
392 6
393 6
394 6
395 6
396 6
397 6
398 6
399 6
400 6
401 6
402 6
403 6
404 6
405 6
406 6
407 6
408 6
409 6
410 6
411 6
412 6
413 6
414 6
415 6
416 6
417 6
418 6
419 6
420 6
421 6
422 6
423 6
424 6
425 6
426 6
427 6
428 6
429 6
430 6
431 6
432 6
433 6
434 6
435 6
436 6
437 6
438 6
439 6
440 6
441 6
442 6
443 6
444 6
445 6
446 6
447 6
448 6
449 6
450 6
451 6
452 6
453 6
454 6
455 6
456 6
457 6
458 6
459 6
460 6
461 6
462 6
463 6
464 6
465 6
466 6
467 6
468 6
469 6
470 6
471 6
472 6
473 6
474 6
475 6
476 6
477 6
478 6
479 6
480 6
481 6
482 6
483 6
484 6
485 6
486 6
487 6
488 6
489 6
490 6
491 6
492 6
493 6
494 6
495 6
496 6
497 6
498 6
499 6
500 7
501 7
502 7
503 7
504 7
505 7
506 7
507 7
508 7
509 7
510 7
511 7
512 7
513 7
514 7
515 7
516 7
517 7
518 7
519 7
520 7
521 7
522 7
523 7
524 7
525 7
526 7
527 7
528 7
529 7
530 7
531 7
532 7
533 7
534 7
535 7
536 7
537 7
538 7
539 7
540 7
541 7
542 7
543 7
544 7
545 7
546 7
547 7
548 7
549 7
550 7
551 7
552 7
553 7
554 7
555 7
556 7
557 7
558 7
559 7
560 7
561 7
562 7
563 7
564 7
565 7
566 7
567 7
568 7
569 7
570 7
571 7
572 7
573 7
574 7
575 7
576 7
577 7
578 7
579 7
580 7
581 7
582 7
583 7
584 7
585 7
586 7
587 7
588 7
589 7
590 7
591 7
592 7
593 7
594 7
595 7
596 7
597 7
598 7
599 7
600 7
601 7
602 7
603 7
604 7
605 7
606 7
607 7
608 7
609 7
610 7
611 7
612 7
613 7
614 7
615 7
616 7
617 7
618 7
619 7
620 7
621 7
622 7
623 7
624 7
625 7
626 7
627 7
628 7
629 7
630 7
631 7
632 7
633 7
634 7
635 7
636 7
637 7
638 7
639 7
640 7
641 7
642 7
643 7
644 7
645 7
646 7
647 7
648 7
649 7
650 7
651 7
652 7
653 7
654 7
655 7
656 7
657 7
658 7
659 7
660 7
661 7
662 7
663 7
664 7
665 7
666 7
667 7
668 7
669 7
670 7
671 7
672 7
673 7
674 7
675 7
676 7
677 7
678 7
679 7
680 7
681 7
682 7
683 7
684 7
685 7
686 7
687 7
688 7
689 7
690 7
691 7
692 7
693 7
694 7
695 7
696 7
697 7
698 7
699 7
700 7
701 7
702 7
703 7
704 7
705 7
706 7
707 7
708 7
709 7
710 7
711 7
712 7
713 7
714 7
715 7
716 7
717 7
718 7
719 7
720 7
721 7
722 7
723 7
724 7
725 7
726 7
727 7
728 7
729 7
730 7
731 7
732 7
733 7
734 7
735 7
736 7
737 7
738 7
739 7
740 7
741 7
742 7
743 7
744 7
745 7
746 7
747 7
748 7
749 7
750 7
751 7
752 7
753 7
754 7
755 7
756 7
757 7
758 7
759 7
760 7
761 7
762 7
763 7
764 7
765 7
766 7
767 7
768 7
769 7
770 7
771 7
772 7
773 7
774 7
775 7
776 7
777 7
778 7
779 7
780 7
781 7
782 7
783 7
784 7
785 7
786 7
787 7
788 7
789 7
790 7
791 7
792 7
793 7
794 7
795 7
796 7
797 7
798 7
799 7
800 7
801 7
802 7
803 7
804 7
805 7
806 7
807 7
808 7
809 7
810 7
811 7
812 7
813 7
814 7
815 7
816 7
817 7
818 7
819 7
820 7
821 7
822 7
823 7
824 7
825 7
826 7
827 7
828 7
829 7
830 7
831 7
832 7
833 7
834 7
835 7
836 7
837 7
838 7
839 7
840 7
841 7
842 7
843 7
844 7
845 7
846 7
847 7
848 7
849 7
850 7
851 7
852 7
853 7
854 7
855 7
856 7
857 7
858 7
859 7
860 7
861 7
862 7
863 7
864 7
865 7
866 7
867 7
868 7
869 7
870 7
871 7
872 7
873 7
874 7
875 7
876 7
877 7
878 7
879 7
880 7
881 7
882 7
883 7
884 7
885 7
886 7
887 7
888 7
889 7
890 7
891 7
892 7
893 7
894 7
895 7
896 7
897 7
898 7
899 7
900 7
901 7
902 7
903 7
904 7
905 7
906 7
907 7
908 7
909 7
910 7
911 7
912 7
913 7
914 7
915 7
916 7
917 7
918 7
919 7
920 7
921 7
922 7
923 7
924 7
925 7
926 7
927 7
928 7
929 7
930 7
931 7
932 7
933 7
934 7
935 7
936 7
937 7
938 7
939 7
940 7
941 7
942 7
943 7
944 7
945 7
946 7
947 7
948 7
949 7
950 7
951 7
952 7
953 7
954 7
955 7
956 7
957 7
958 7
959 7
960 7
961 7
962 7
963 7
964 7
965 7
966 7
967 7
968 7
969 7
970 7
971 7
972 7
973 7
974 7
975 7
976 7
977 7
978 7
979 7
980 7
981 7
982 7
983 7
984 7
985 7
986 7
987 7
988 7
989 7
990 7
991 7
992 7
993 7
994 7
995 7
996 7
997 7
998 7
999 7
1000 7
1001 7
1002 7
1003 7
1004 7
1005 7
1006 7
1007 7
1008 7
1009 7
1010 7
1011 7
1012 7
1013 7
1014 7
1015 7
1016 7
1017 7
1018 7
1019 7
1020 7
1021 7
1022 7
1023 7
1024 7
1025 7
1026 7
1027 7
1028 7
1029 7
1030 7
1031 7
1032 7
1033 7
1034 7
1035 7
1036 7
1037 7
1038 7
1039 7
1040 7
1041 7
1042 7
1043 7
1044 7
1045 7
1046 7
1047 7
1048 7
1049 7
1050 7
1051 7
1052 7
1053 7
1054 7
1055 7
1056 7
1057 7
1058 7
1059 7
1060 7
1061 7
1062 7
1063 7
1064 7
1065 7
1066 7
1067 7
1068 7
1069 7
1070 7
1071 7
1072 7
1073 7
1074 7
1075 7
1076 7
1077 7
1078 7
1079 7
1080 7
1081 7
1082 7
1083 7
1084 7
1085 7
1086 7
1087 7
1088 7
1089 7
1090 7
1091 7
1092 7
1093 7
1094 7
1095 7
1096 7
1097 7
1098 7
1099 7
1100 7
1101 7
1102 7
1103 7
1104 7
1105 7
1106 7
1107 7
1108 7
1109 7
1110 7
1111 7
1112 7
1113 7
1114 7
1115 7
1116 7
1117 7
1118 7
1119 7
1120 7
1121 7
1122 7
1123 7
1124 7
1125 7
1126 7
1127 7
1128 7
1129 7
1130 7
1131 7
1132 7
1133 7
1134 7
1135 7
1136 7
1137 7
1138 7
1139 7
1140 7
1141 7
1142 7
1143 7
1144 7
1145 7
1146 7
1147 7
1148 7
1149 7
1150 7
1151 7
1152 7
1153 7
1154 7
1155 7
1156 7
1157 7
1158 7
1159 7
1160 7
1161 7
1162 7
1163 7
1164 7
1165 7
1166 7
1167 7
1168 7
1169 7
1170 7
1171 7
1172 7
1173 7
1174 7
1175 7
1176 7
1177 7
1178 7
1179 7
1180 7
1181 7
1182 7
1183 7
1184 7
1185 7
1186 7
1187 7
1188 7
1189 7
1190 7
1191 7
1192 7
1193 7
1194 7
1195 7
1196 7
1197 7
1198 7
1199 7
1200 7
1201 7
1202 7
1203 7
1204 7
1205 7
1206 7
1207 7
1208 7
1209 7
1210 7
1211 7
1212 7
1213 7
1214 7
1215 7
1216 7
1217 7
1218 7
1219 7
1220 7
1221 7
1222 7
1223 7
1224 7
1225 7
1226 7
1227 7
1228 7
1229 7
1230 7
1231 7
1232 7
1233 7
1234 7
1235 7
1236 7
1237 7
1238 7
1239 7
1240 7
1241 7
1242 7
1243 7
1244 7
1245 7
1246 7
1247 7
1248 7
1249 7
1250 7
1251 7
1252 7
1253 7
1254 7
1255 7
1256 7
1257 7
1258 7
1259 7
1260 7
1261 7
1262 7
1263 7
1264 7
1265 7
1266 7
1267 7
1268 7
1269 7
1270 7
1271 7
1272 7
1273 7
1274 7
1275 7
1276 7
1277 7
1278 7
1279 7
1280 7
1281 7
1282 7
1283 7
1284 7
1285 7
1286 7
1287 7
1288 7
1289 7
1290 7
1291 7
1292 7
1293 7
1294 7
1295 7
1296 7
1297 7
1298 7
1299 7
1300 7
1301 7
1302 7
1303 7
1304 7
1305 7
1306 7
1307 7
1308 7
1309 7
1310 7
1311 7
1312 7
1313 7
1314 7
1315 7
1316 7
1317 7
1318 7
1319 7
1320 7
1321 7
1322 7
1323 7
1324 7
1325 7
1326 7
1327 7
1328 7
1329 7
1330 7
1331 7
1332 7
1333 7
1334 7
1335 7
1336 7
1337 7
1338 7
1339 7
1340 7
1341 7
1342 7
1343 7
1344 7
1345 7
1346 7
1347 7
1348 7
1349 7
1350 7
1351 7
1352 7
1353 7
1354 7
1355 7
1356 7
1357 7
1358 7
1359 7
1360 7
1361 7
1362 7
1363 7
1364 7
1365 7
1366 7
1367 7
1368 7
1369 7
1370 7
1371 7
1372 7
1373 7
1374 7
1375 7
1376 7
1377 7
1378 7
1379 7
1380 7
1381 7
1382 7
1383 7
1384 7
1385 7
1386 7
1387 7
1388 7
1389 7
1390 7
1391 7
1392 7
1393 7
1394 7
1395 7
1396 7
1397 7
1398 7
1399 7
1400 7
1401 7
1402 7
1403 7
1404 7
1405 7
1406 7
1407 7
1408 7
1409 7
1410 7
1411 7
1412 7
1413 7
1414 7
1415 7
1416 7
1417 7
1418 7
1419 7
1420 7
1421 7
1422 7
1423 7
1424 7
1425 7
1426 7
1427 7
1428 7
1429 7
1430 7
1431 7
1432 7
1433 7
1434 7
1435 7
1436 7
1437 7
1438 7
1439 7
1440 7
1441 7
1442 7
1443 7
1444 7
1445 7
1446 7
1447 7
1448 7
1449 7
1450 7
1451 7
1452 7
1453 7
1454 7
1455 7
1456 7
1457 7
1458 7
1459 7
1460 7
1461 7
1462 7
1463 7
1464 7
1465 7
1466 7
1467 7
1468 7
1469 7
1470 7
1471 7
1472 7
1473 7
1474 7
1475 7
1476 7
1477 7
1478 7
1479 7
1480 7
1481 7
1482 7
1483 7
1484 7
1485 7
1486 7
1487 7
1488 7
1489 7
1490 7
1491 7
1492 7
1493 7
1494 7
1495 7
1496 7
1497 7
1498 7
1499 7
1500 7
1501 7
1502 7
1503 7
1504 7
1505 7
1506 7
1507 7
1508 7
1509 7
1510 7
1511 7
1512 7
1513 7
1514 7
1515 7
1516 7
1517 7
1518 7
1519 7
1520 7
1521 7
1522 7
1523 7
1524 7
1525 7
1526 7
1527 7
1528 7
1529 7
1530 7
1531 7
1532 7
1533 7
1534 7
1535 7
1536 7
1537 7
1538 7
1539 7
1540 7
1541 7
1542 7
1543 7
1544 7
1545 7
1546 7
1547 7
1548 7
1549 7
1550 7
1551 7
1552 7
1553 7
1554 7
1555 7
1556 7
1557 7
1558 7
1559 7
1560 7
1561 7
1562 7
1563 7
1564 7
1565 7
1566 7
1567 7
1568 7
1569 7
1570 7
1571 7
1572 7
1573 7
1574 7
1575 7
1576 7
1577 7
1578 7
1579 7
1580 7
1581 7
1582 7
1583 7
1584 7
1585 7
1586 7
1587 7
1588 7
1589 7
1590 7
1591 7
1592 7
1593 7
1594 7
1595 7
1596 7
1597 7
1598 7
1599 7
1600 7
1601 7
1602 7
1603 7
1604 7
1605 7
1606 7
1607 7
1608 7
1609 7
1610 7
1611 7
1612 7
1613 7
1614 7
1615 7
1616 7
1617 7
1618 7
1619 7
1620 7
1621 7
1622 7
1623 7
1624 7
1625 7
1626 7
1627 7
1628 7
1629 7
1630 7
1631 7
1632 7
1633 7
1634 7
1635 7
1636 7
1637 7
1638 7
1639 7
1640 7
1641 7
1642 7
1643 7
1644 7
1645 7
1646 7
1647 7
1648 7
1649 7
1650 7
1651 7
1652 7
1653 7
1654 7
1655 7
1656 7
1657 7
1658 7
1659 7
1660 7
1661 7
1662 7
1663 7
1664 7
1665 7
1666 7
1667 7
1668 7
1669 7
1670 7
1671 7
1672 7
1673 7
1674 7
1675 7
1676 7
1677 7
1678 7
1679 7
1680 7
1681 7
1682 7
1683 7
1684 7
1685 7
1686 7
1687 7
1688 7
1689 7
1690 7
1691 7
1692 7
1693 7
1694 7
1695 7
1696 7
1697 7
1698 7
1699 7
1700 7
1701 7
1702 7
1703 7
1704 7
1705 7
1706 7
1707 7
1708 7
1709 7
1710 7
1711 7
1712 7
1713 7
1714 7
1715 7
1716 7
1717 7
1718 7
1719 7
1720 7
1721 7
1722 7
1723 7
1724 7
1725 7
1726 7
1727 7
1728 7
1729 7
1730 7
1731 7
1732 7
1733 7
1734 7
1735 7
1736 7
1737 7
1738 7
1739 7
1740 7
1741 7
1742 7
1743 7
1744 7
1745 7
1746 7
1747 7
1748 7
1749 7
1750 7
1751 7
1752 7
1753 7
1754 7
1755 7
1756 7
1757 7
1758 7
1759 7
1760 7
1761 7
1762 7
1763 7
1764 7
1765 7
1766 7
1767 7
1768 7
1769 7
1770 7
1771 7
1772 7
1773 7
1774 7
1775 7
1776 7
1777 7
1778 7
1779 7
1780 7
1781 7
1782 7
1783 7
1784 7
1785 7
1786 7
1787 7
1788 7
1789 7
1790 7
1791 7
1792 7
1793 7
1794 7
1795 7
1796 7
1797 7
1798 7
1799 7
1800 7
1801 7
1802 7
1803 7
1804 7
1805 7
1806 7
1807 7
1808 7
1809 7
1810 7
1811 7
1812 7
1813 7
1814 7
1815 7
1816 7
1817 7
1818 7
1819 7
1820 7
1821 7
1822 7
1823 7
1824 7
1825 7
1826 7
1827 7
1828 7
1829 7
1830 7
1831 7
1832 7
1833 7
1834 7
1835 7
1836 7
1837 7
1838 7
1839 7
1840 7
1841 7
1842 7
1843 7
1844 7
1845 7
1846 7
1847 7
1848 7
1849 7
1850 7
1851 7
1852 7
1853 7
1854 7
1855 7
1856 7
1857 7
1858 7
1859 7
1860 7
1861 7
1862 7
1863 7
1864 7
1865 7
1866 7
1867 7
1868 7
1869 7
1870 7
1871 7
1872 7
1873 7
1874 7
1875 7
1876 7
1877 7
1878 7
1879 7
1880 7
1881 7
1882 7
1883 7
1884 7
1885 7
1886 7
1887 7
1888 7
1889 7
1890 7
1891 7
1892 7
1893 7
1894 7
1895 7
1896 7
1897 7
1898 7
1899 7
1900 7
1901 7
1902 7
1903 7
1904 7
1905 7
1906 7
1907 7
1908 7
1909 7
1910 7
1911 7
1912 7
1913 7
1914 7
1915 7
1916 7
1917 7
1918 7
1919 7
1920 7
1921 7
1922 7
1923 7
1924 7
1925 7
1926 7
1927 7
1928 7
1929 7
1930 7
1931 7
1932 7
1933 7
1934 7
1935 7
1936 7
1937 7
1938 7
1939 7
1940 7
1941 7
1942 7
1943 7
1944 7
1945 7
1946 7
1947 7
1948 7
1949 7
1950 7
1951 7
1952 7
1953 7
1954 7
1955 7
1956 7
1957 7
1958 7
1959 7
1960 7
1961 7
1962 7
1963 7
1964 7
1965 7
1966 7
1967 7
1968 7
1969 7
1970 7
1971 7
1972 7
1973 7
1974 7
1975 7
1976 7
1977 7
1978 7
1979 7
1980 7
1981 7
1982 7
1983 7
1984 7
1985 7
1986 7
1987 7
1988 7
1989 7
1990 7
1991 7
1992 7
1993 7
1994 7
1995 7
1996 7
1997 7
1998 7
1999 7
2000 7
2001 7
2002 7
2003 7
2004 7
2005 7
2006 7
2007 7
2008 7
2009 7
2010 7
2011 7
2012 7
2013 7
2014 7
2015 7
2016 7
2017 7
2018 7
2019 7
2020 7
2021 7
2022 7
2023 7
2024 7
2025 7
2026 7
2027 7
2028 7
2029 7
2030 7
2031 7
2032 7
2033 7
2034 7
2035 7
2036 7
2037 7
2038 7
2039 7
2040 7
2041 7
2042 7
2043 7
2044 7
2045 7
2046 7
2047 7
2048 7
2049 7
2050 7
2051 7
2052 7
2053 7
2054 7
2055 7
2056 7
2057 7
2058 7
2059 7
2060 7
2061 7
2062 7
2063 7
2064 7
2065 7
2066 7
2067 7
2068 7
2069 7
2070 7
2071 7
2072 7
2073 7
2074 7
2075 7
2076 7
2077 7
2078 7
2079 7
2080 7
2081 7
2082 7
2083 7
2084 7
2085 7
2086 7
2087 7
2088 7
2089 7
2090 7
2091 7
2092 7
2093 7
2094 7
2095 7
2096 7
2097 7
2098 7
2099 7
2100 7
2101 7
2102 7
2103 7
2104 7
2105 7
2106 7
2107 7
2108 7
2109 7
2110 7
2111 7
2112 7
2113 7
2114 7
2115 7
2116 7
2117 7
2118 7
2119 7
2120 7
2121 7
2122 7
2123 7
2124 7
2125 7
2126 7
2127 7
2128 7
2129 7
2130 7
2131 7
2132 7
2133 7
2134 7
2135 7
2136 7
2137 7
2138 7
2139 7
2140 7
2141 7
2142 7
2143 7
2144 7
2145 7
2146 7
2147 7
2148 7
2149 7
2150 7
2151 7
2152 7
2153 7
2154 7
2155 7
2156 7
2157 7
2158 7
2159 7
2160 7
2161 7
2162 7
2163 7
2164 7
2165 7
2166 7
2167 7
2168 7
2169 7
2170 7
2171 7
2172 7
2173 7
2174 7
2175 7
2176 7
2177 7
2178 7
2179 7
2180 7
2181 7
2182 7
2183 7
2184 7
2185 7
2186 7
2187 7
2188 7
2189 7
2190 7
2191 7
2192 7
2193 7
2194 7
2195 7
2196 7
2197 7
2198 7
2199 7
2200 7
2201 7
2202 7
2203 7
2204 7
2205 7
2206 7
2207 7
2208 7
2209 7
2210 7
2211 7
2212 7
2213 7
2214 7
2215 7
2216 7
2217 7
2218 7
2219 7
2220 7
2221 7
2222 7
2223 7
2224 7
2225 7
2226 7
2227 7
2228 7
2229 7
2230 7
2231 7
2232 7
2233 7
2234 7
2235 7
2236 7
2237 7
2238 7
2239 7
2240 7
2241 7
2242 7
2243 7
2244 7
2245 7
2246 7
2247 7
2248 7
2249 7
2250 7
2251 7
2252 7
2253 7
2254 7
2255 7
2256 7
2257 7
2258 7
2259 7
2260 7
2261 7
2262 7
2263 7
2264 7
2265 7
2266 7
2267 7
2268 7
2269 7
2270 7
2271 7
2272 7
2273 7
2274 7
2275 7
2276 7
2277 7
2278 7
2279 7
2280 7
2281 7
2282 7
2283 7
2284 7
2285 7
2286 7
2287 7
2288 7
2289 7
2290 7
2291 7
2292 7
2293 7
2294 7
2295 7
2296 7
2297 7
2298 7
2299 7
2300 7
2301 7
2302 7
2303 7
2304 7
2305 7
2306 7
2307 7
2308 7
2309 7
2310 7
2311 7
2312 7
2313 7
2314 7
2315 7
2316 7
2317 7
2318 7
2319 7
2320 7
2321 7
2322 7
2323 7
2324 7
2325 7
2326 7
2327 7
2328 7
2329 7
2330 7
2331 7
2332 7
2333 7
2334 7
2335 7
2336 7
2337 7
2338 7
2339 7
2340 7
2341 7
2342 7
2343 7
2344 7
2345 7
2346 7
2347 7
2348 7
2349 7
2350 7
2351 7
2352 7
2353 7
2354 7
2355 7
2356 7
2357 7
2358 7
2359 7
2360 7
2361 7
2362 7
2363 7
2364 7
2365 7
2366 7
2367 7
2368 7
2369 7
2370 7
2371 7
2372 7
2373 7
2374 7
2375 7
2376 7
2377 7
2378 7
2379 7
2380 7
2381 7
2382 7
2383 7
2384 7
2385 7
2386 7
2387 7
2388 7
2389 7
2390 7
2391 7
2392 7
2393 7
2394 7
2395 7
2396 7
2397 7
2398 7
2399 7
2400 7
2401 7
2402 7
2403 7
2404 7
2405 7
2406 7
2407 7
2408 7
2409 7
2410 7
2411 7
2412 7
2413 7
2414 7
2415 7
2416 7
2417 7
2418 7
2419 7
2420 7
2421 7
2422 7
2423 7
2424 7
2425 7
2426 7
2427 7
2428 7
2429 7
2430 7
2431 7
2432 7
2433 7
2434 7
2435 7
2436 7
2437 7
2438 7
2439 7
2440 7
2441 7
2442 7
2443 7
2444 7
2445 7
2446 7
2447 7
2448 7
2449 7
2450 7
2451 7
2452 7
2453 7
2454 7
2455 7
2456 7
2457 7
2458 7
2459 7
2460 7
2461 7
2462 7
2463 7
2464 7
2465 7
2466 7
2467 7
2468 7
2469 7
2470 7
2471 7
2472 7
2473 7
2474 7
2475 7
2476 7
2477 7
2478 7
2479 7
2480 7
2481 7
2482 7
2483 7
2484 7
2485 7
2486 7
2487 7
2488 7
2489 7
2490 7
2491 7
2492 7
2493 7
2494 7
2495 7
2496 7
2497 7
2498 7
2499 7
2500 7
2501 7
2502 7
2503 7
2504 7
2505 7
2506 7
2507 7
2508 7
2509 7
2510 7
2511 7
2512 7
2513 7
2514 7
2515 7
2516 7
2517 7
2518 7
2519 7
2520 7
2521 7
2522 7
2523 7
2524 7
2525 7
2526 7
2527 7
2528 7
2529 7
2530 7
2531 7
2532 7
2533 7
2534 7
2535 7
2536 7
2537 7
2538 7
2539 7
2540 7
2541 7
2542 7
2543 7
2544 7
2545 7
2546 7
2547 7
2548 7
2549 7
2550 7
2551 7
2552 7
2553 7
2554 7
2555 7
2556 7
2557 7
2558 7
2559 7
2560 7
2561 7
2562 7
2563 7
2564 7
2565 7
2566 7
2567 7
2568 7
2569 7
2570 7
2571 7
2572 7
2573 7
2574 7
2575 7
2576 7
2577 7
2578 7
2579 7
2580 7
2581 7
2582 7
2583 7
2584 7
2585 7
2586 7
2587 7
2588 7
2589 7
2590 7
2591 7
2592 7
2593 7
2594 7
2595 7
2596 7
2597 7
2598 7
2599 7
2600 7
2601 7
2602 7
2603 7
2604 7
2605 7
2606 7
2607 7
2608 7
2609 7
2610 7
2611 7
2612 7
2613 7
2614 7
2615 7
2616 7
2617 7
2618 7
2619 7
2620 7
2621 7
2622 7
2623 7
2624 7
2625 7
2626 7
2627 7
2628 7
2629 7
2630 7
2631 7
2632 7
2633 7
2634 7
2635 7
2636 7
2637 7
2638 7
2639 7
2640 7
2641 7
2642 7
2643 7
2644 7
2645 7
2646 7
2647 7
2648 7
2649 7
2650 7
2651 7
2652 7
2653 7
2654 7
2655 7
2656 7
2657 7
2658 7
2659 7
2660 7
2661 7
2662 7
2663 7
2664 7
2665 7
2666 7
2667 7
2668 7
2669 7
2670 7
2671 7
2672 7
2673 7
2674 7
2675 7
2676 7
2677 7
2678 7
2679 7
2680 7
2681 7
2682 7
2683 7
2684 7
2685 7
2686 7
2687 7
2688 7
2689 7
2690 7
2691 7
2692 7
2693 7
2694 7
2695 7
2696 7
2697 7
2698 7
2699 7
2700 7
2701 7
2702 7
2703 7
2704 7
2705 7
2706 7
2707 7
2708 7
2709 7
2710 7
2711 7
2712 7
2713 7
2714 7
2715 7
2716 7
2717 7
2718 7
2719 7
2720 7
2721 7
2722 7
2723 7
2724 7
2725 7
2726 7
2727 7
2728 7
2729 7
2730 7
2731 7
2732 7
2733 7
2734 7
2735 7
2736 7
2737 7
2738 7
2739 7
2740 7
2741 7
2742 7
2743 7
2744 7
2745 7
2746 7
2747 7
2748 7
2749 7
2750 7
2751 7
2752 7
2753 7
2754 7
2755 7
2756 7
2757 7
2758 7
2759 7
2760 7
2761 7
2762 7
2763 7
2764 7
2765 7
2766 7
2767 7
2768 7
2769 7
2770 7
2771 7
2772 7
2773 7
2774 7
2775 7
2776 7
2777 7
2778 7
2779 7
2780 7
2781 7
2782 7
2783 7
2784 7
2785 7
2786 7
2787 7
2788 7
2789 7
2790 7
2791 7
2792 7
2793 7
2794 7
2795 7
2796 7
2797 7
2798 7
2799 7
2800 7
2801 7
2802 7
2803 7
2804 7
2805 7
2806 7
2807 7
2808 7
2809 7
2810 7
2811 7
2812 7
2813 7
2814 7
2815 7
2816 7
2817 7
2818 7
2819 7
2820 7
2821 7
2822 7
2823 7
2824 7
2825 7
2826 7
2827 7
2828 7
2829 7
2830 7
2831 7
2832 7
2833 7
2834 7
2835 7
2836 7
2837 7
2838 7
2839 7
2840 7
2841 7
2842 7
2843 7
2844 7
2845 7
2846 7
2847 7
2848 7
2849 7
2850 7
2851 7
2852 7
2853 7
2854 7
2855 7
2856 7
2857 7
2858 7
2859 7
2860 7
2861 7
2862 7
2863 7
2864 7
2865 7
2866 7
2867 7
2868 7
2869 7
2870 7
2871 7
2872 7
2873 7
2874 7
2875 7
2876 7
2877 7
2878 7
2879 7
2880 7
2881 7
2882 7
2883 7
2884 7
2885 7
2886 7
2887 7
2888 7
2889 7
2890 7
2891 7
2892 7
2893 7
2894 7
2895 7
2896 7
2897 7
2898 7
2899 7
2900 7
2901 7
2902 7
2903 7
2904 7
2905 7
2906 7
2907 7
2908 7
2909 7
2910 7
2911 7
2912 7
2913 7
2914 7
2915 7
2916 7
2917 7
2918 7
2919 7
2920 7
2921 7
2922 7
2923 7
2924 7
2925 7
2926 7
2927 7
2928 7
2929 7
2930 7
2931 7
2932 7
2933 7
2934 7
2935 7
2936 7
2937 7
2938 7
2939 7
2940 7
2941 7
2942 7
2943 7
2944 7
2945 7
2946 7
2947 7
2948 7
2949 7
2950 7
2951 7
2952 7
2953 7
2954 7
2955 7
2956 7
2957 7
2958 7
2959 7
2960 7
2961 7
2962 7
2963 7
2964 7
2965 7
2966 7
2967 7
2968 7
2969 7
2970 7
2971 7
2972 7
2973 7
2974 7
2975 7
2976 7
2977 7
2978 7
2979 7
2980 7
2981 7
2982 7
2983 7
2984 7
2985 7
2986 7
2987 7
2988 7
2989 7
2990 7
2991 7
2992 7
2993 7
2994 7
2995 7
2996 7
2997 7
2998 7
2999 7
3000 7
3001 7
3002 7
3003 7
3004 7
3005 7
3006 7
3007 7
3008 7
3009 7
3010 7
3011 7
3012 7
3013 7
3014 7
3015 7
3016 7
3017 7
3018 7
3019 7
3020 7
3021 7
3022 7
3023 7
3024 7
3025 7
3026 7
3027 7
3028 7
3029 7
3030 7
3031 7
3032 7
3033 7
3034 7
3035 7
3036 7
3037 7
3038 7
3039 7
3040 7
3041 7
3042 7
3043 7
3044 7
3045 7
3046 7
3047 7
3048 7
3049 7
3050 7
3051 7
3052 7
3053 7
3054 7
3055 7
3056 7
3057 7
3058 7
3059 7
3060 7
3061 7
3062 7
3063 7
3064 7
3065 7
3066 7
3067 7
3068 7
3069 7
3070 7
3071 7
3072 7
3073 7
3074 7
3075 7
3076 7
3077 7
3078 7
3079 7
3080 7
3081 7
3082 7
3083 7
3084 7
3085 7
3086 7
3087 7
3088 7
3089 7
3090 7
3091 7
3092 7
3093 7
3094 7
3095 7
3096 7
3097 7
3098 7
3099 7
3100 7
3101 7
3102 7
3103 7
3104 7
3105 7
3106 7
3107 7
3108 7
3109 7
3110 7
3111 7
3112 7
3113 7
3114 7
3115 7
3116 7
3117 7
3118 7
3119 7
3120 7
3121 7
3122 7
3123 7
3124 7
3125 7
3126 7
3127 7
3128 7
3129 7
3130 7
3131 7
3132 7
3133 7
3134 7
3135 7
3136 7
3137 7
3138 7
3139 7
3140 7
3141 7
3142 7
3143 7
3144 7
3145 7
3146 7
3147 7
3148 7
3149 7
3150 7
3151 7
3152 7
3153 7
3154 7
3155 7
3156 7
3157 7
3158 7
3159 7
3160 7
3161 7
3162 7
3163 7
3164 7
3165 7
3166 7
3167 7
3168 7
3169 7
3170 7
3171 7
3172 7
3173 7
3174 7
3175 7
3176 7
3177 7
3178 7
3179 7
3180 7
3181 7
3182 7
3183 7
3184 7
3185 7
3186 7
3187 7
3188 7
3189 7
3190 7
3191 7
3192 7
3193 7
3194 7
3195 7
3196 7
3197 7
3198 7
3199 7
3200 7
3201 7
3202 7
3203 7
3204 7
3205 7
3206 7
3207 7
3208 7
3209 7
3210 7
3211 7
3212 7
3213 7
3214 7
3215 7
3216 7
3217 7
3218 7
3219 7
3220 7
3221 7
3222 7
3223 7
3224 7
3225 7
3226 7
3227 7
3228 7
3229 7
3230 7
3231 7
3232 7
3233 7
3234 7
3235 7
3236 7
3237 7
3238 7
3239 7
3240 7
3241 7
3242 7
3243 7
3244 7
3245 7
3246 7
3247 7
3248 7
3249 7
3250 7
3251 7
3252 7
3253 7
3254 7
3255 7
3256 7
3257 7
3258 7
3259 7
3260 7
3261 7
3262 7
3263 7
3264 7
3265 7
3266 7
3267 7
3268 7
3269 7
3270 7
3271 7
3272 7
3273 7
3274 7
3275 7
3276 7
3277 7
3278 7
3279 7
3280 7
3281 7
3282 7
3283 7
3284 7
3285 7
3286 7
3287 7
3288 7
3289 7
3290 7
3291 7
3292 7
3293 7
3294 7
3295 7
3296 7
3297 7
3298 7
3299 7
3300 7
3301 7
3302 7
3303 7
3304 7
3305 7
3306 7
3307 7
3308 7
3309 7
3310 7
3311 7
3312 7
3313 7
3314 7
3315 7
3316 7
3317 7
3318 7
3319 7
3320 7
3321 7
3322 7
3323 7
3324 7
3325 7
3326 7
3327 7
3328 7
3329 7
3330 7
3331 7
3332 7
3333 7
3334 7
3335 7
3336 7
3337 7
3338 7
3339 7
3340 7
3341 7
3342 7
3343 7
3344 7
3345 7
3346 7
3347 7
3348 7
3349 7
3350 7
3351 7
3352 7
3353 7
3354 7
3355 7
3356 7
3357 7
3358 7
3359 7
3360 7
3361 7
3362 7
3363 7
3364 7
3365 7
3366 7
3367 7
3368 7
3369 7
3370 7
3371 7
3372 7
3373 7
3374 7
3375 7
3376 7
3377 7
3378 7
3379 7
3380 7
3381 7
3382 7
3383 7
3384 7
3385 7
3386 7
3387 7
3388 7
3389 7
3390 7
3391 7
3392 7
3393 7
3394 7
3395 7
3396 7
3397 7
3398 7
3399 7
3400 7
3401 7
3402 7
3403 7
3404 7
3405 7
3406 7
3407 7
3408 7
3409 7
3410 7
3411 7
3412 7
3413 7
3414 7
3415 7
3416 7
3417 7
3418 7
3419 7
3420 7
3421 7
3422 7
3423 7
3424 7
3425 7
3426 7
3427 7
3428 7
3429 7
3430 7
3431 7
3432 7
3433 7
3434 7
3435 7
3436 7
3437 7
3438 7
3439 7
3440 7
3441 7
3442 7
3443 7
3444 7
3445 7
3446 7
3447 7
3448 7
3449 7
3450 7
3451 7
3452 7
3453 7
3454 7
3455 7
3456 7
3457 7
3458 7
3459 7
3460 7
3461 7
3462 7
3463 7
3464 7
3465 7
3466 7
3467 7
3468 7
3469 7
3470 7
3471 7
3472 7
3473 7
3474 7
3475 7
3476 7
3477 7
3478 7
3479 7
3480 7
3481 7
3482 7
3483 7
3484 7
3485 7
3486 7
3487 7
3488 7
3489 7
3490 7
3491 7
3492 7
3493 7
3494 7
3495 7
3496 7
3497 7
3498 7
3499 7
3500 7
3501 7
3502 7
3503 7
3504 7
3505 7
3506 7
3507 7
3508 7
3509 7
3510 7
3511 7
3512 7
3513 7
3514 7
3515 7
3516 7
3517 7
3518 7
3519 7
3520 7
3521 7
3522 7
3523 7
3524 7
3525 7
3526 7
3527 7
3528 7
3529 7
3530 7
3531 7
3532 7
3533 7
3534 7
3535 7
3536 7
3537 7
3538 7
3539 7
3540 7
3541 7
3542 7
3543 7
3544 7
3545 7
3546 7
3547 7
3548 7
3549 7
3550 7
3551 7
3552 7
3553 7
3554 7
3555 7
3556 7
3557 7
3558 7
3559 7
3560 7
3561 7
3562 7
3563 7
3564 7
3565 7
3566 7
3567 7
3568 7
3569 7
3570 7
3571 7
3572 7
3573 7
3574 7
3575 7
3576 7
3577 7
3578 7
3579 7
3580 7
3581 7
3582 7
3583 7
3584 7
3585 7
3586 7
3587 7
3588 7
3589 7
3590 7
3591 7
3592 7
3593 7
3594 7
3595 7
3596 7
3597 7
3598 7
3599 7
3600 7
3601 7
3602 7
3603 7
3604 7
3605 7
3606 7
3607 7
3608 7
3609 7
3610 7
3611 7
3612 7
3613 7
3614 7
3615 7
3616 7
3617 7
3618 7
3619 7
3620 7
3621 7
3622 7
3623 7
3624 7
3625 7
3626 7
3627 7
3628 7
3629 7
3630 7
3631 7
3632 7
3633 7
3634 7
3635 7
3636 7
3637 7
3638 7
3639 7
3640 7
3641 7
3642 7
3643 7
3644 7
3645 7
3646 7
3647 7
3648 7
3649 7
3650 7
3651 7
3652 7
3653 7
3654 7
3655 7
3656 7
3657 7
3658 7
3659 7
3660 7
3661 7
3662 7
3663 7
3664 7
3665 7
3666 7
3667 7
3668 7
3669 7
3670 7
3671 7
3672 7
3673 7
3674 7
3675 7
3676 7
3677 7
3678 7
3679 7
3680 7
3681 7
3682 7
3683 7
3684 7
3685 7
3686 7
3687 7
3688 7
3689 7
3690 7
3691 7
3692 7
3693 7
3694 7
3695 7
3696 7
3697 7
3698 7
3699 7
3700 7
3701 7
3702 7
3703 7
3704 7
3705 7
3706 7
3707 7
3708 7
3709 7
3710 7
3711 7
3712 7
3713 7
3714 7
3715 7
3716 7
3717 7
3718 7
3719 7
3720 7
3721 7
3722 7
3723 7
3724 7
3725 7
3726 7
3727 7
3728 7
3729 7
3730 7
3731 7
3732 7
3733 7
3734 7
3735 7
3736 7
3737 7
3738 7
3739 7
3740 7
3741 7
3742 7
3743 7
3744 7
3745 7
3746 7
3747 7
3748 7
3749 7
3750 7
3751 7
3752 7
3753 7
3754 7
3755 7
3756 7
3757 7
3758 7
3759 7
3760 7
3761 7
3762 7
3763 7
3764 7
3765 7
3766 7
3767 7
3768 7
3769 7
3770 7
3771 7
3772 7
3773 7
3774 7
3775 7
3776 7
3777 7
3778 7
3779 7
3780 7
3781 7
3782 7
3783 7
3784 7
3785 7
3786 7
3787 7
3788 7
3789 7
3790 7
3791 7
3792 7
3793 7
3794 7
3795 7
3796 7
3797 7
3798 7
3799 7
3800 7
3801 7
3802 7
3803 7
3804 7
3805 7
3806 7
3807 7
3808 7
3809 7
3810 7
3811 7
3812 7
3813 7
3814 7
3815 7
3816 7
3817 7
3818 7
3819 7
3820 7
3821 7
3822 7
3823 7
3824 7
3825 7
3826 7
3827 7
3828 7
3829 7
3830 7
3831 7
3832 7
3833 7
3834 7
3835 7
3836 7
3837 7
3838 7
3839 7
3840 7
3841 7
3842 7
3843 7
3844 7
3845 7
3846 7
3847 7
3848 7
3849 7
3850 7
3851 7
3852 7
3853 7
3854 7
3855 7
3856 7
3857 7
3858 7
3859 7
3860 7
3861 7
3862 7
3863 7
3864 7
3865 7
3866 7
3867 7
3868 7
3869 7
3870 7
3871 7
3872 7
3873 7
3874 7
3875 7
3876 7
3877 7
3878 7
3879 7
3880 7
3881 7
3882 7
3883 7
3884 7
3885 7
3886 7
3887 7
3888 7
3889 7
3890 7
3891 7
3892 7
3893 7
3894 7
3895 7
3896 7
3897 7
3898 7
3899 7
3900 7
3901 7
3902 7
3903 7
3904 7
3905 7
3906 7
3907 7
3908 7
3909 7
3910 7
3911 7
3912 7
3913 7
3914 7
3915 7
3916 7
3917 7
3918 7
3919 7
3920 7
3921 7
3922 7
3923 7
3924 7
3925 7
3926 7
3927 7
3928 7
3929 7
3930 7
3931 7
3932 7
3933 7
3934 7
3935 7
3936 7
3937 7
3938 7
3939 7
3940 7
3941 7
3942 7
3943 7
3944 7
3945 7
3946 7
3947 7
3948 7
3949 7
3950 7
3951 7
3952 7
3953 7
3954 7
3955 7
3956 7
3957 7
3958 7
3959 7
3960 7
3961 7
3962 7
3963 7
3964 7
3965 7
3966 7
3967 7
3968 7
3969 7
3970 7
3971 7
3972 7
3973 7
3974 7
3975 7
3976 7
3977 7
3978 7
3979 7
3980 7
3981 7
3982 7
3983 7
3984 7
3985 7
3986 7
3987 7
3988 7
3989 7
3990 7
3991 7
3992 7
3993 7
3994 7
3995 7
3996 7
3997 7
3998 7
3999 7
4000 7
4001 7
4002 7
4003 7
4004 7
4005 7
4006 7
4007 7
4008 7
4009 7
4010 7
4011 7
4012 7
4013 7
4014 7
4015 7
4016 7
4017 7
4018 7
4019 7
4020 7
4021 7
4022 7
4023 7
4024 7
4025 7
4026 7
4027 7
4028 7
4029 7
4030 7
4031 7
4032 7
4033 7
4034 7
4035 7
4036 7
4037 7
4038 7
4039 7
4040 7
4041 7
4042 7
4043 7
4044 7
4045 7
4046 7
4047 7
4048 7
4049 7
4050 7
4051 7
4052 7
4053 7
4054 7
4055 7
4056 7
4057 7
4058 7
4059 7
4060 7
4061 7
4062 7
4063 7
4064 7
4065 7
4066 7
4067 7
4068 7
4069 7
4070 7
4071 7
4072 7
4073 7
4074 7
4075 7
4076 7
4077 7
4078 7
4079 7
4080 7
4081 7
4082 7
4083 7
4084 7
4085 7
4086 7
4087 7
4088 7
4089 7
4090 7
4091 7
4092 7
4093 7
4094 7
4095 7
4096 7
4097 7
4098 7
4099 7
4100 7
4101 7
4102 7
4103 7
4104 7
4105 7
4106 7
4107 7
4108 7
4109 7
4110 7
4111 7
4112 7
4113 7
4114 7
4115 7
4116 7
4117 7
4118 7
4119 7
4120 7
4121 7
4122 7
4123 7
4124 7
4125 7
4126 7
4127 7
4128 7
4129 7
4130 7
4131 7
4132 7
4133 7
4134 7
4135 7
4136 7
4137 7
4138 7
4139 7
4140 7
4141 7
4142 7
4143 7
4144 7
4145 7
4146 7
4147 7
4148 7
4149 7
4150 7
4151 7
4152 7
4153 7
4154 7
4155 7
4156 7
4157 7
4158 7
4159 7
4160 7
4161 7
4162 7
4163 7
4164 7
4165 7
4166 7
4167 7
4168 7
4169 7
4170 7
4171 7
4172 7
4173 7
4174 7
4175 7
4176 7
4177 7
4178 7
4179 7
4180 7
4181 7
4182 7
4183 7
4184 7
4185 7
4186 7
4187 7
4188 7
4189 7
4190 7
4191 7
4192 7
4193 7
4194 7
4195 7
4196 7
4197 7
4198 7
4199 7
4200 7
4201 7
4202 7
4203 7
4204 7
4205 7
4206 7
4207 7
4208 7
4209 7
4210 7
4211 7
4212 7
4213 7
4214 7
4215 7
4216 7
4217 7
4218 7
4219 7
4220 7
4221 7
4222 7
4223 7
4224 7
4225 7
4226 7
4227 7
4228 7
4229 7
4230 7
4231 7
4232 7
4233 7
4234 7
4235 7
4236 7
4237 7
4238 7
4239 7
4240 7
4241 7
4242 7
4243 7
4244 7
4245 7
4246 7
4247 7
4248 7
4249 7
4250 7
4251 7
4252 7
4253 7
4254 7
4255 7
4256 7
4257 7
4258 7
4259 7
4260 7
4261 7
4262 7
4263 7
4264 7
4265 7
4266 7
4267 7
4268 7
4269 7
4270 7
4271 7
4272 7
4273 7
4274 7
4275 7
4276 7
4277 7
4278 7
4279 7
4280 7
4281 7
4282 7
4283 7
4284 7
4285 7
4286 7
4287 8
4288 8
4289 8
4290 8
4291 8
4292 8
4293 8
4294 8
4295 8
4296 8
4297 8
4298 8
4299 8
4300 8
4301 8
4302 8
4303 8
4304 8
4305 8
4306 8
4307 8
4308 8
4309 8
4310 8
4311 8
4312 8
4313 8
4314 8
4315 8
4316 8
4317 8
4318 8
4319 8
4320 8
4321 8
4322 8
4323 8
4324 8
4325 8
4326 8
4327 8
4328 8
4329 8
4330 8
4331 8
4332 8
4333 8
4334 8
4335 8
4336 8
4337 8
4338 8
4339 8
4340 8
4341 8
4342 8
4343 8
4344 8
4345 8
4346 8
4347 8
4348 8
4349 8
4350 8
4351 8
4352 8
4353 8
4354 8
4355 8
4356 8
4357 8
4358 8
4359 8
4360 8
4361 8
4362 8
4363 8
4364 8
4365 8
4366 8
4367 8
4368 8
4369 8
4370 8
4371 8
4372 8
4373 8
4374 8
4375 8
4376 8
4377 8
4378 8
4379 8
4380 8
4381 8
4382 8
4383 8
4384 8
4385 8
4386 8
4387 8
4388 8
4389 8
4390 8
4391 8
4392 8
4393 8
4394 8
4395 8
4396 8
4397 8
4398 8
4399 8
4400 8
4401 8
4402 8
4403 8
4404 8
4405 8
4406 8
4407 8
4408 8
4409 8
4410 8
4411 8
4412 8
4413 8
4414 8
4415 8
4416 8
4417 8
4418 8
4419 8
4420 8
4421 8
4422 8
4423 8
4424 8
4425 8
4426 8
4427 8
4428 8
4429 8
4430 8
4431 8
4432 8
4433 8
4434 8
4435 8
4436 8
4437 8
4438 8
4439 8
4440 8
4441 8
4442 8
4443 8
4444 8
4445 8
4446 8
4447 8
4448 8
4449 8
4450 8
4451 8
4452 8
4453 8
4454 8
4455 8
4456 8
4457 8
4458 8
4459 8
4460 8
4461 8
4462 8
4463 8
4464 8
4465 8
4466 8
4467 8
4468 8
4469 8
4470 8
4471 8
4472 8
4473 8
4474 8
4475 8
4476 8
4477 8
4478 8
4479 8
4480 8
4481 8
4482 8
4483 8
4484 8
4485 8
4486 8
4487 8
4488 8
4489 8
4490 8
4491 8
4492 8
4493 8
4494 8
4495 8
4496 8
4497 8
4498 8
4499 8
4500 8
4501 8
4502 8
4503 8
4504 8
4505 8
4506 8
4507 8
4508 8
4509 8
4510 8
4511 8
4512 8
4513 8
4514 8
4515 8
4516 8
4517 8
4518 8
4519 8
4520 8
4521 8
4522 8
4523 8
4524 8
4525 8
4526 8
4527 8
4528 8
4529 8
4530 8
4531 8
4532 8
4533 8
4534 8
4535 8
4536 8
4537 8
4538 8
4539 8
4540 8
4541 8
4542 8
4543 8
4544 8
4545 8
4546 8
4547 8
4548 8
4549 8
4550 8
4551 8
4552 8
4553 8
4554 8
4555 8
4556 8
4557 8
4558 8
4559 8
4560 8
4561 8
4562 8
4563 8
4564 8
4565 8
4566 8
4567 8
4568 8
4569 8
4570 8
4571 8
4572 8
4573 8
4574 8
4575 8
4576 8
4577 8
4578 8
4579 8
4580 8
4581 8
4582 8
4583 8
4584 8
4585 8
4586 8
4587 8
4588 8
4589 8
4590 8
4591 8
4592 8
4593 8
4594 8
4595 8
4596 8
4597 8
4598 8
4599 8
4600 8
4601 8
4602 8
4603 8
4604 8
4605 8
4606 8
4607 8
4608 8
4609 8
4610 8
4611 8
4612 8
4613 8
4614 8
4615 8
4616 8
4617 8
4618 8
4619 8
4620 8
4621 8
4622 8
4623 8
4624 8
4625 8
4626 8
4627 8
4628 8
4629 8
4630 8
4631 8
4632 8
4633 8
4634 8
4635 8
4636 8
4637 8
4638 8
4639 8
4640 8
4641 8
4642 8
4643 8
4644 8
4645 8
4646 8
4647 8
4648 8
4649 8
4650 8
4651 8
4652 8
4653 8
4654 8
4655 8
4656 8
4657 8
4658 8
4659 8
4660 8
4661 8
4662 8
4663 8
4664 8
4665 8
4666 8
4667 8
4668 8
4669 8
4670 8
4671 8
4672 8
4673 8
4674 8
4675 8
4676 8
4677 8
4678 8
4679 8
4680 8
4681 8
4682 8
4683 8
4684 8
4685 8
4686 8
4687 8
4688 8
4689 8
4690 8
4691 8
4692 8
4693 8
4694 8
4695 8
4696 8
4697 8
4698 8
4699 8
4700 8
4701 8
4702 8
4703 8
4704 8
4705 8
4706 8
4707 8
4708 8
4709 8
4710 8
4711 8
4712 8
4713 8
4714 8
4715 8
4716 8
4717 8
4718 8
4719 8
4720 8
4721 8
4722 8
4723 8
4724 8
4725 8
4726 8
4727 8
4728 8
4729 8
4730 8
4731 8
4732 8
4733 8
4734 8
4735 8
4736 8
4737 8
4738 8
4739 8
4740 8
4741 8
4742 8
4743 8
4744 8
4745 8
4746 8
4747 8
4748 8
4749 8
4750 8
4751 8
4752 8
4753 8
4754 8
4755 8
4756 8
4757 8
4758 8
4759 8
4760 8
4761 8
4762 8
4763 8
4764 8
4765 8
4766 8
4767 8
4768 8
4769 8
4770 8
4771 8
4772 8
4773 8
4774 8
4775 8
4776 8
4777 8
4778 8
4779 8
4780 8
4781 8
4782 8
4783 8
4784 8
4785 8
4786 8
4787 8
4788 8
4789 8
4790 8
4791 8
4792 8
4793 8
4794 8
4795 8
4796 8
4797 8
4798 8
4799 8
4800 8
4801 8
4802 8
4803 8
4804 8
4805 8
4806 8
4807 8
4808 8
4809 8
4810 8
4811 8
4812 8
4813 8
4814 8
4815 8
4816 8
4817 8
4818 8
4819 8
4820 8
4821 8
4822 8
4823 8
4824 8
4825 8
4826 8
4827 8
4828 8
4829 8
4830 8
4831 8
4832 8
4833 8
4834 8
4835 8
4836 8
4837 8
4838 8
4839 8
4840 8
4841 8
4842 8
4843 8
4844 8
4845 8
4846 8
4847 8
4848 8
4849 8
4850 8
4851 8
4852 8
4853 8
4854 8
4855 8
4856 8
4857 8
4858 8
4859 8
4860 8
4861 8
4862 8
4863 8
4864 8
4865 8
4866 8
4867 8
4868 8
4869 8
4870 8
4871 8
4872 8
4873 8
4874 8
4875 8
4876 8
4877 8
4878 8
4879 8
4880 8
4881 8
4882 8
4883 8
4884 8
4885 8
4886 8
4887 8
4888 8
4889 8
4890 8
4891 8
4892 8
4893 8
4894 8
4895 8
4896 8
4897 8
4898 8
4899 8
4900 8
4901 8
4902 8
4903 8
4904 8
4905 8
4906 8
4907 8
4908 8
4909 8
4910 8
4911 8
4912 8
4913 8
4914 8
4915 8
4916 8
4917 8
4918 8
4919 8
4920 8
4921 8
4922 8
4923 8
4924 8
4925 8
4926 8
4927 8
4928 8
4929 8
4930 8
4931 8
4932 8
4933 8
4934 8
4935 8
4936 8
4937 8
4938 8
4939 8
4940 8
4941 8
4942 8
4943 8
4944 8
4945 8
4946 8
4947 8
4948 8
4949 8
4950 8
4951 8
4952 8
4953 8
4954 8
4955 8
4956 8
4957 8
4958 8
4959 8
4960 8
4961 8
4962 8
4963 8
4964 8
4965 8
4966 8
4967 8
4968 8
4969 8
4970 8
4971 8
4972 8
4973 8
4974 8
4975 8
4976 8
4977 8
4978 8
4979 8
4980 8
4981 8
4982 8
4983 8
4984 8
4985 8
4986 8
4987 8
4988 8
4989 8
4990 8
4991 8
4992 8
4993 8
4994 8
4995 8
4996 8
4997 8
4998 8
4999 8
5000 8
5001 8
5002 8
5003 8
5004 8
5005 8
5006 8
5007 8
5008 8
5009 8
5010 8
5011 8
5012 8
5013 8
5014 8
5015 8
5016 8
5017 8
5018 8
5019 8
5020 8
5021 8
5022 8
5023 8
5024 8
5025 8
5026 8
5027 8
5028 8
5029 8
5030 8
5031 8
5032 8
5033 8
5034 8
5035 8
5036 8
5037 8
5038 8
5039 8
5040 8
5041 8
5042 8
5043 8
5044 8
5045 8
5046 8
5047 8
5048 8
5049 8
5050 8
5051 8
5052 8
5053 8
5054 8
5055 8
5056 8
5057 8
5058 8
5059 8
5060 8
5061 8
5062 8
5063 8
5064 8
5065 8
5066 8
5067 8
5068 8
5069 8
5070 8
5071 8
5072 8
5073 8
5074 8
5075 8
5076 8
5077 8
5078 8
5079 8
5080 8
5081 8
5082 8
5083 8
5084 8
5085 8
5086 8
5087 8
5088 8
5089 8
5090 8
5091 8
5092 8
5093 8
5094 8
5095 8
5096 8
5097 8
5098 8
5099 8
5100 8
5101 8
5102 8
5103 8
5104 8
5105 8
5106 8
5107 8
5108 8
5109 8
5110 8
5111 8
5112 8
5113 8
5114 8
5115 8
5116 8
5117 8
5118 8
5119 8
5120 8
5121 8
5122 8
5123 8
5124 8
5125 8
5126 8
5127 8
5128 8
5129 8
5130 8
5131 8
5132 8
5133 8
5134 8
5135 8
5136 8
5137 8
5138 8
5139 8
5140 8
5141 8
5142 8
5143 8
5144 8
5145 8
5146 8
5147 8
5148 8
5149 8
5150 8
5151 8
5152 8
5153 8
5154 8
5155 8
5156 8
5157 8
5158 8
5159 8
5160 8
5161 8
5162 8
5163 8
5164 8
5165 8
5166 8
5167 8
5168 8
5169 8
5170 8
5171 8
5172 8
5173 8
5174 8
5175 8
5176 8
5177 8
5178 8
5179 8
5180 8
5181 8
5182 8
5183 8
5184 8
5185 8
5186 8
5187 8
5188 8
5189 8
5190 8
5191 8
5192 8
5193 8
5194 8
5195 8
5196 8
5197 8
5198 8
5199 8
5200 8
5201 8
5202 8
5203 8
5204 8
5205 8
5206 8
5207 8
5208 8
5209 8
5210 8
5211 8
5212 8
5213 8
5214 8
5215 8
5216 8
5217 8
5218 8
5219 8
5220 8
5221 8
5222 8
5223 8
5224 8
5225 8
5226 8
5227 8
5228 8
5229 8
5230 8
5231 8
5232 8
5233 8
5234 8
5235 8
5236 8
5237 8
5238 8
5239 8
5240 8
5241 8
5242 8
5243 8
5244 8
5245 8
5246 8
5247 8
5248 8
5249 8
5250 8
5251 8
5252 8
5253 8
5254 8
5255 8
5256 8
5257 8
5258 8
5259 8
5260 8
5261 8
5262 8
5263 8
5264 8
5265 8
5266 8
5267 8
5268 8
5269 8
5270 8
5271 8
5272 8
5273 8
5274 8
5275 8
5276 8
5277 8
5278 8
5279 8
5280 8
5281 8
5282 8
5283 8
5284 8
5285 8
5286 8
5287 8
5288 8
5289 8
5290 8
5291 8
5292 8
5293 8
5294 8
5295 8
5296 8
5297 8
5298 8
5299 8
5300 8
5301 8
5302 8
5303 8
5304 8
5305 8
5306 8
5307 8
5308 8
5309 8
5310 8
5311 8
5312 8
5313 8
5314 8
5315 8
5316 8
5317 8
5318 8
5319 8
5320 8
5321 8
5322 8
5323 8
5324 8
5325 8
5326 8
5327 8
5328 8
5329 8
5330 8
5331 8
5332 8
5333 8
5334 8
5335 8
5336 8
5337 8
5338 8
5339 8
5340 8
5341 8
5342 8
5343 8
5344 8
5345 8
5346 8
5347 8
5348 8
5349 8
5350 8
5351 8
5352 8
5353 8
5354 8
5355 8
5356 8
5357 8
5358 8
5359 8
5360 8
5361 8
5362 8
5363 8
5364 8
5365 8
5366 8
5367 8
5368 8
5369 8
5370 8
5371 8
5372 8
5373 8
5374 8
5375 8
5376 8
5377 8
5378 8
5379 8
5380 8
5381 8
5382 8
5383 8
5384 8
5385 8
5386 8
5387 8
5388 8
5389 8
5390 8
5391 8
5392 8
5393 8
5394 8
5395 8
5396 8
5397 8
5398 8
5399 8
5400 8
5401 8
5402 8
5403 8
5404 8
5405 8
5406 8
5407 8
5408 8
5409 8
5410 8
5411 8
5412 8
5413 8
5414 8
5415 8
5416 8
5417 8
5418 8
5419 8
5420 8
5421 8
5422 8
5423 8
5424 8
5425 8
5426 8
5427 8
5428 8
5429 8
5430 8
5431 8
5432 8
5433 8
5434 8
5435 8
5436 8
5437 8
5438 8
5439 8
5440 8
5441 8
5442 8
5443 8
5444 8
5445 8
5446 8
5447 8
5448 8
5449 8
5450 8
5451 8
5452 8
5453 8
5454 8
5455 8
5456 8
5457 8
5458 8
5459 8
5460 8
5461 8
5462 8
5463 8
5464 8
5465 8
5466 8
5467 8
5468 8
5469 8
5470 8
5471 8
5472 8
5473 8
5474 8
5475 8
5476 8
5477 8
5478 8
5479 8
5480 8
5481 8
5482 8
5483 8
5484 8
5485 8
5486 8
5487 8
5488 8
5489 8
5490 8
5491 8
5492 8
5493 8
5494 8
5495 8
5496 8
5497 8
5498 8
5499 8
5500 8
5501 8
5502 8
5503 8
5504 8
5505 8
5506 8
5507 8
5508 8
5509 8
5510 8
5511 8
5512 8
5513 8
5514 8
5515 8
5516 8
5517 8
5518 8
5519 8
5520 8
5521 8
5522 8
5523 8
5524 8
5525 8
5526 8
5527 8
5528 8
5529 8
5530 8
5531 8
5532 8
5533 8
5534 8
5535 8
5536 8
5537 8
5538 8
5539 8
5540 8
5541 8
5542 8
5543 8
5544 8
5545 8
5546 8
5547 8
5548 8
5549 8
5550 8
5551 8
5552 8
5553 8
5554 8
5555 8
5556 8
5557 8
5558 8
5559 8
5560 8
5561 8
5562 8
5563 8
5564 8
5565 8
5566 8
5567 8
5568 8
5569 8
5570 8
5571 8
5572 8
5573 8
5574 8
5575 8
5576 8
5577 8
5578 8
5579 8
5580 8
5581 8
5582 8
5583 8
5584 8
5585 8
5586 8
5587 8
5588 8
5589 8
5590 8
5591 8
5592 8
5593 8
5594 8
5595 8
5596 8
5597 8
5598 8
5599 8
5600 8
5601 8
5602 8
5603 8
5604 8
5605 8
5606 8
5607 8
5608 8
5609 8
5610 8
5611 8
5612 8
5613 8
5614 8
5615 8
5616 8
5617 8
5618 8
5619 8
5620 8
5621 8
5622 8
5623 8
5624 8
5625 8
5626 8
5627 8
5628 8
5629 8
5630 8
5631 8
5632 8
5633 8
5634 8
5635 8
5636 8
5637 8
5638 8
5639 8
5640 8
5641 8
5642 8
5643 8
5644 8
5645 8
5646 8
5647 8
5648 8
5649 8
5650 8
5651 8
5652 8
5653 8
5654 8
5655 8
5656 8
5657 8
5658 8
5659 8
5660 8
5661 8
5662 8
5663 8
5664 8
5665 8
5666 8
5667 8
5668 8
5669 8
5670 8
5671 8
5672 8
5673 8
5674 8
5675 8
5676 8
5677 8
5678 8
5679 8
5680 8
5681 8
5682 8
5683 8
5684 8
5685 8
5686 8
5687 8
5688 8
5689 8
5690 8
5691 8
5692 8
5693 8
5694 8
5695 8
5696 8
5697 8
5698 8
5699 8
5700 8
5701 8
5702 8
5703 8
5704 8
5705 8
5706 8
5707 8
5708 8
5709 8
5710 8
5711 8
5712 8
5713 8
5714 8
5715 8
5716 8
5717 8
5718 8
5719 8
5720 8
5721 8
5722 8
5723 8
5724 8
5725 8
5726 8
5727 8
5728 8
5729 8
5730 8
5731 8
5732 8
5733 8
5734 8
5735 8
5736 8
5737 8
5738 8
5739 8
5740 8
5741 8
5742 8
5743 8
5744 8
5745 8
5746 8
5747 8
5748 8
5749 8
5750 8
5751 8
5752 8
5753 8
5754 8
5755 8
5756 8
5757 8
5758 8
5759 8
5760 8
5761 8
5762 8
5763 8
5764 8
5765 8
5766 8
5767 8
5768 8
5769 8
5770 8
5771 8
5772 8
5773 8
5774 8
5775 8
5776 8
5777 8
5778 8
5779 8
5780 8
5781 8
5782 8
5783 8
5784 8
5785 8
5786 8
5787 8
5788 8
5789 8
5790 8
5791 8
5792 8
5793 8
5794 8
5795 8
5796 8
5797 8
5798 8
5799 8
5800 8
5801 8
5802 8
5803 8
5804 8
5805 8
5806 8
5807 8
5808 8
5809 8
5810 8
5811 8
5812 8
5813 8
5814 8
5815 8
5816 8
5817 8
5818 8
5819 8
5820 8
5821 8
5822 8
5823 8
5824 8
5825 8
5826 8
5827 8
5828 8
5829 8
5830 8
5831 8
5832 8
5833 8
5834 8
5835 8
5836 8
5837 8
5838 8
5839 8
5840 8
5841 8
5842 8
5843 8
5844 8
5845 8
5846 8
5847 8
5848 8
5849 8
5850 8
5851 8
5852 8
5853 8
5854 8
5855 8
5856 8
5857 8
5858 8
5859 8
5860 8
5861 8
5862 8
5863 8
5864 8
5865 8
5866 8
5867 8
5868 8
5869 8
5870 8
5871 8
5872 8
5873 8
5874 8
5875 8
5876 8
5877 8
5878 8
5879 8
5880 8
5881 8
5882 8
5883 8
5884 8
5885 8
5886 8
5887 8
5888 8
5889 8
5890 8
5891 8
5892 8
5893 8
5894 8
5895 8
5896 8
5897 8
5898 8
5899 8
5900 8
5901 8
5902 8
5903 8
5904 8
5905 8
5906 8
5907 8
5908 8
5909 8
5910 8
5911 8
5912 8
5913 8
5914 8
5915 8
5916 8
5917 8
5918 8
5919 8
5920 8
5921 8
5922 8
5923 8
5924 8
5925 8
5926 8
5927 8
5928 8
5929 8
5930 8
5931 8
5932 8
5933 8
5934 8
5935 8
5936 8
5937 8
5938 8
5939 8
5940 8
5941 8
5942 8
5943 8
5944 8
5945 8
5946 8
5947 8
5948 8
5949 8
5950 8
5951 8
5952 8
5953 8
5954 8
5955 8
5956 8
5957 8
5958 8
5959 8
5960 8
5961 8
5962 8
5963 8
5964 8
5965 8
5966 8
5967 8
5968 8
5969 8
5970 8
5971 8
5972 8
5973 8
5974 8
5975 8
5976 8
5977 8
5978 8
5979 8
5980 8
5981 8
5982 8
5983 8
5984 8
5985 8
5986 8
5987 8
5988 8
5989 8
5990 8
5991 8
5992 8
5993 8
5994 8
5995 8
5996 8
5997 8
5998 8
5999 8
6000 8
6001 8
6002 8
6003 8
6004 8
6005 8
6006 8
6007 8
6008 8
6009 8
6010 8
6011 8
6012 8
6013 8
6014 8
6015 8
6016 8
6017 8
6018 8
6019 8
6020 8
6021 8
6022 8
6023 8
6024 8
6025 8
6026 8
6027 8
6028 8
6029 8
6030 8
6031 8
6032 8
6033 8
6034 8
6035 8
6036 8
6037 8
6038 8
6039 8
6040 8
6041 8
6042 8
6043 8
6044 8
6045 8
6046 8
6047 8
6048 8
6049 8
6050 8
6051 8
6052 8
6053 8
6054 8
6055 8
6056 8
6057 8
6058 8
6059 8
6060 8
6061 8
6062 8
6063 8
6064 8
6065 8
6066 8
6067 8
6068 8
6069 8
6070 8
6071 8
6072 8
6073 8
6074 8
6075 8
6076 8
6077 8
6078 8
6079 8
6080 8
6081 8
6082 8
6083 8
6084 8
6085 8
6086 8
6087 8
6088 8
6089 8
6090 8
6091 8
6092 8
6093 8
6094 8
6095 8
6096 8
6097 8
6098 8
6099 8
6100 8
6101 8
6102 8
6103 8
6104 8
6105 8
6106 8
6107 8
6108 8
6109 8
6110 8
6111 8
6112 8
6113 8
6114 8
6115 8
6116 8
6117 8
6118 8
6119 8
6120 8
6121 8
6122 8
6123 8
6124 8
6125 8
6126 8
6127 8
6128 8
6129 8
6130 8
6131 8
6132 8
6133 8
6134 8
6135 8
6136 8
6137 8
6138 8
6139 8
6140 8
6141 8
6142 8
6143 8
6144 8
6145 8
6146 8
6147 8
6148 8
6149 8
6150 8
6151 8
6152 8
6153 8
6154 8
6155 8
6156 8
6157 8
6158 8
6159 8
6160 8
6161 8
6162 8
6163 8
6164 8
6165 8
6166 8
6167 8
6168 8
6169 8
6170 8
6171 8
6172 8
6173 8
6174 8
6175 8
6176 8
6177 8
6178 8
6179 8
6180 8
6181 8
6182 8
6183 8
6184 8
6185 8
6186 8
6187 8
6188 8
6189 8
6190 8
6191 8
6192 8
6193 8
6194 8
6195 8
6196 8
6197 8
6198 8
6199 8
6200 8
6201 8
6202 8
6203 8
6204 8
6205 8
6206 8
6207 8
6208 8
6209 8
6210 8
6211 8
6212 8
6213 8
6214 8
6215 8
6216 8
6217 8
6218 8
6219 8
6220 8
6221 8
6222 8
6223 8
6224 8
6225 8
6226 8
6227 8
6228 8
6229 8
6230 8
6231 8
6232 8
6233 8
6234 8
6235 8
6236 8
6237 8
6238 8
6239 8
6240 8
6241 8
6242 8
6243 8
6244 8
6245 8
6246 8
6247 8
6248 8
6249 8
6250 8
6251 8
6252 8
6253 8
6254 8
6255 8
6256 8
6257 8
6258 8
6259 8
6260 8
6261 8
6262 8
6263 8
6264 8
6265 8
6266 8
6267 8
6268 8
6269 8
6270 8
6271 8
6272 8
6273 8
6274 8
6275 8
6276 8
6277 8
6278 8
6279 8
6280 8
6281 8
6282 8
6283 8
6284 8
6285 8
6286 8
6287 8
6288 8
6289 8
6290 8
6291 8
6292 8
6293 8
6294 8
6295 8
6296 8
6297 8
6298 8
6299 8
6300 8
6301 8
6302 8
6303 8
6304 8
6305 8
6306 8
6307 8
6308 8
6309 8
6310 8
6311 8
6312 8
6313 8
6314 8
6315 8
6316 8
6317 8
6318 8
6319 8
6320 8
6321 8
6322 8
6323 8
6324 8
6325 8
6326 8
6327 8
6328 8
6329 8
6330 8
6331 8
6332 8
6333 8
6334 8
6335 8
6336 8
6337 8
6338 8
6339 8
6340 8
6341 8
6342 8
6343 8
6344 8
6345 8
6346 8
6347 8
6348 8
6349 8
6350 8
6351 8
6352 8
6353 8
6354 8
6355 8
6356 8
6357 8
6358 8
6359 8
6360 8
6361 8
6362 8
6363 8
6364 8
6365 8
6366 8
6367 8
6368 8
6369 8
6370 8
6371 8
6372 8
6373 8
6374 8
6375 8
6376 8
6377 8
6378 8
6379 8
6380 8
6381 8
6382 8
6383 8
6384 8
6385 8
6386 8
6387 8
6388 8
6389 8
6390 8
6391 8
6392 8
6393 8
6394 8
6395 8
6396 8
6397 8
6398 8
6399 8
6400 8
6401 8
6402 8
6403 8
6404 8
6405 8
6406 8
6407 8
6408 8
6409 8
6410 8
6411 8
6412 8
6413 8
6414 8
6415 8
6416 8
6417 8
6418 8
6419 8
6420 8
6421 8
6422 8
6423 8
6424 8
6425 8
6426 8
6427 8
6428 8
6429 8
6430 8
6431 8
6432 8
6433 8
6434 8
6435 8
6436 8
6437 8
6438 8
6439 8
6440 8
6441 8
6442 8
6443 8
6444 8
6445 8
6446 8
6447 8
6448 8
6449 8
6450 8
6451 8
6452 8
6453 8
6454 8
6455 8
6456 8
6457 8
6458 8
6459 8
6460 8
6461 8
6462 8
6463 8
6464 8
6465 8
6466 8
6467 8
6468 8
6469 8
6470 8
6471 8
6472 8
6473 8
6474 8
6475 8
6476 8
6477 8
6478 8
6479 8
6480 8
6481 8
6482 8
6483 8
6484 8
6485 8
6486 8
6487 8
6488 8
6489 8
6490 8
6491 8
6492 8
6493 8
6494 8
6495 8
6496 8
6497 8
6498 8
6499 8
6500 8
6501 8
6502 8
6503 8
6504 8
6505 8
6506 8
6507 8
6508 8
6509 8
6510 8
6511 8
6512 8
6513 8
6514 8
6515 8
6516 8
6517 8
6518 8
6519 8
6520 8
6521 8
6522 8
6523 8
6524 8
6525 8
6526 8
6527 8
6528 8
6529 8
6530 8
6531 8
6532 8
6533 8
6534 8
6535 8
6536 8
6537 8
6538 8
6539 8
6540 8
6541 8
6542 8
6543 8
6544 8
6545 8
6546 8
6547 8
6548 8
6549 8
6550 8
6551 8
6552 8
6553 8
6554 8
6555 8
6556 8
6557 8
6558 8
6559 8
6560 8
6561 8
6562 8
6563 8
6564 8
6565 8
6566 8
6567 8
6568 8
6569 8
6570 8
6571 8
6572 8
6573 8
6574 8
6575 8
6576 8
6577 8
6578 8
6579 8
6580 8
6581 8
6582 8
6583 8
6584 8
6585 8
6586 8
6587 8
6588 8
6589 8
6590 8
6591 8
6592 8
6593 8
6594 8
6595 8
6596 8
6597 8
6598 8
6599 8
6600 8
6601 8
6602 8
6603 8
6604 8
6605 8
6606 8
6607 8
6608 8
6609 8
6610 8
6611 8
6612 8
6613 8
6614 8
6615 8
6616 8
6617 8
6618 8
6619 8
6620 8
6621 8
6622 8
6623 8
6624 8
6625 8
6626 8
6627 8
6628 8
6629 8
6630 8
6631 8
6632 8
6633 8
6634 8
6635 8
6636 8
6637 8
6638 8
6639 8
6640 8
6641 8
6642 8
6643 8
6644 8
6645 8
6646 8
6647 8
6648 8
6649 8
6650 8
6651 8
6652 8
6653 8
6654 8
6655 8
6656 8
6657 8
6658 8
6659 8
6660 8
6661 8
6662 8
6663 8
6664 8
6665 8
6666 8
6667 8
6668 8
6669 8
6670 8
6671 8
6672 8
6673 8
6674 8
6675 8
6676 8
6677 8
6678 8
6679 8
6680 8
6681 8
6682 8
6683 8
6684 8
6685 8
6686 8
6687 8
6688 8
6689 8
6690 8
6691 8
6692 8
6693 8
6694 8
6695 8
6696 8
6697 8
6698 8
6699 8
6700 8
6701 8
6702 8
6703 8
6704 8
6705 8
6706 8
6707 8
6708 8
6709 8
6710 8
6711 8
6712 8
6713 8
6714 8
6715 8
6716 8
6717 8
6718 8
6719 8
6720 8
6721 8
6722 8
6723 8
6724 8
6725 8
6726 8
6727 8
6728 8
6729 8
6730 8
6731 8
6732 8
6733 8
6734 8
6735 8
6736 8
6737 8
6738 8
6739 8
6740 8
6741 8
6742 8
6743 8
6744 8
6745 8
6746 8
6747 8
6748 8
6749 8
6750 8
6751 8
6752 8
6753 8
6754 8
6755 8
6756 8
6757 8
6758 8
6759 8
6760 8
6761 8
6762 8
6763 8
6764 8
6765 8
6766 8
6767 8
6768 8
6769 8
6770 8
6771 8
6772 8
6773 8
6774 8
6775 8
6776 8
6777 8
6778 8
6779 8
6780 8
6781 8
6782 8
6783 8
6784 8
6785 8
6786 8
6787 8
6788 8
6789 8
6790 8
6791 8
6792 8
6793 8
6794 8
6795 8
6796 8
6797 8
6798 8
6799 8
6800 8
6801 8
6802 8
6803 8
6804 8
6805 8
6806 8
6807 8
6808 8
6809 8
6810 8
6811 8
6812 8
6813 8
6814 8
6815 8
6816 8
6817 8
6818 8
6819 8
6820 8
6821 8
6822 8
6823 8
6824 8
6825 8
6826 8
6827 8
6828 8
6829 8
6830 8
6831 8
6832 8
6833 8
6834 8
6835 8
6836 8
6837 8
6838 8
6839 8
6840 8
6841 8
6842 8
6843 8
6844 8
6845 8
6846 8
6847 8
6848 8
6849 8
6850 8
6851 8
6852 8
6853 8
6854 8
6855 8
6856 8
6857 8
6858 8
6859 8
6860 8
6861 8
6862 8
6863 8
6864 8
6865 8
6866 8
6867 8
6868 8
6869 8
6870 8
6871 8
6872 8
6873 8
6874 8
6875 8
6876 8
6877 8
6878 8
6879 8
6880 8
6881 8
6882 8
6883 8
6884 8
6885 8
6886 8
6887 8
6888 8
6889 8
6890 8
6891 8
6892 8
6893 8
6894 8
6895 8
6896 8
6897 8
6898 8
6899 8
6900 8
6901 8
6902 8
6903 8
6904 8
6905 8
6906 8
6907 8
6908 8
6909 8
6910 8
6911 8
6912 8
6913 8
6914 8
6915 8
6916 8
6917 8
6918 8
6919 8
6920 8
6921 8
6922 8
6923 8
6924 8
6925 8
6926 8
6927 8
6928 8
6929 8
6930 8
6931 8
6932 8
6933 8
6934 8
6935 8
6936 8
6937 8
6938 8
6939 8
6940 8
6941 8
6942 8
6943 8
6944 8
6945 8
6946 8
6947 8
6948 8
6949 8
6950 8
6951 8
6952 8
6953 8
6954 8
6955 8
6956 8
6957 8
6958 8
6959 8
6960 8
6961 8
6962 8
6963 8
6964 8
6965 8
6966 8
6967 8
6968 8
6969 8
6970 8
6971 8
6972 8
6973 8
6974 8
6975 8
6976 8
6977 8
6978 8
6979 8
6980 8
6981 8
6982 8
6983 8
6984 8
6985 8
6986 8
6987 8
6988 8
6989 8
6990 8
6991 8
6992 8
6993 8
6994 8
6995 8
6996 8
6997 8
6998 8
6999 8
7000 8
7001 8
7002 8
7003 8
7004 8
7005 8
7006 8
7007 8
7008 8
7009 8
7010 8
7011 8
7012 8
7013 8
7014 8
7015 8
7016 8
7017 8
7018 8
7019 8
7020 8
7021 8
7022 8
7023 8
7024 8
7025 8
7026 8
7027 8
7028 8
7029 8
7030 8
7031 8
7032 8
7033 8
7034 8
7035 8
7036 8
7037 8
7038 8
7039 8
7040 8
7041 8
7042 8
7043 8
7044 8
7045 8
7046 8
7047 8
7048 8
7049 8
7050 8
7051 8
7052 8
7053 8
7054 8
7055 8
7056 8
7057 8
7058 8
7059 8
7060 8
7061 8
7062 8
7063 8
7064 8
7065 8
7066 8
7067 8
7068 8
7069 8
7070 8
7071 8
7072 8
7073 8
7074 8
7075 8
7076 8
7077 8
7078 8
7079 8
7080 8
7081 8
7082 8
7083 8
7084 8
7085 8
7086 8
7087 8
7088 8
7089 8
7090 8
7091 8
7092 8
7093 8
7094 8
7095 8
7096 8
7097 8
7098 8
7099 8
7100 8
7101 8
7102 8
7103 8
7104 8
7105 8
7106 8
7107 8
7108 8
7109 8
7110 8
7111 8
7112 8
7113 8
7114 8
7115 8
7116 8
7117 8
7118 8
7119 8
7120 8
7121 8
7122 8
7123 8
7124 8
7125 8
7126 8
7127 8
7128 8
7129 8
7130 8
7131 8
7132 8
7133 8
7134 8
7135 8
7136 8
7137 8
7138 8
7139 8
7140 8
7141 8
7142 8
7143 8
7144 8
7145 8
7146 8
7147 8
7148 8
7149 8
7150 8
7151 8
7152 8
7153 8
7154 8
7155 8
7156 8
7157 8
7158 8
7159 8
7160 8
7161 8
7162 8
7163 8
7164 8
7165 8
7166 8
7167 8
7168 8
7169 8
7170 8
7171 8
7172 8
7173 8
7174 8
7175 8
7176 8
7177 8
7178 8
7179 8
7180 8
7181 8
7182 8
7183 8
7184 8
7185 8
7186 8
7187 8
7188 8
7189 8
7190 8
7191 8
7192 8
7193 8
7194 8
7195 8
7196 8
7197 8
7198 8
7199 8
7200 8
7201 8
7202 8
7203 8
7204 8
7205 8
7206 8
7207 8
7208 8
7209 8
7210 8
7211 8
7212 8
7213 8
7214 8
7215 8
7216 8
7217 8
7218 8
7219 8
7220 8
7221 8
7222 8
7223 8
7224 8
7225 8
7226 8
7227 8
7228 8
7229 8
7230 8
7231 8
7232 8
7233 8
7234 8
7235 8
7236 8
7237 8
7238 8
7239 8
7240 8
7241 8
7242 8
7243 8
7244 8
7245 8
7246 8
7247 8
7248 8
7249 8
7250 8
7251 8
7252 8
7253 8
7254 8
7255 8
7256 8
7257 8
7258 8
7259 8
7260 8
7261 8
7262 8
7263 8
7264 8
7265 8
7266 8
7267 8
7268 8
7269 8
7270 8
7271 8
7272 8
7273 8
7274 8
7275 8
7276 8
7277 8
7278 8
7279 8
7280 8
7281 8
7282 8
7283 8
7284 8
7285 8
7286 8
7287 8
7288 8
7289 8
7290 8
7291 8
7292 8
7293 8
7294 8
7295 8
7296 8
7297 8
7298 8
7299 8
7300 8
7301 8
7302 8
7303 8
7304 8
7305 8
7306 8
7307 8
7308 8
7309 8
7310 8
7311 8
7312 8
7313 8
7314 8
7315 8
7316 8
7317 8
7318 8
7319 8
7320 8
7321 8
7322 8
7323 8
7324 8
7325 8
7326 8
7327 8
7328 8
7329 8
7330 8
7331 8
7332 8
7333 8
7334 8
7335 8
7336 8
7337 8
7338 8
7339 8
7340 8
7341 8
7342 8
7343 8
7344 8
7345 8
7346 8
7347 8
7348 8
7349 8
7350 8
7351 8
7352 8
7353 8
7354 8
7355 8
7356 8
7357 8
7358 8
7359 8
7360 8
7361 8
7362 8
7363 8
7364 8
7365 8
7366 8
7367 8
7368 8
7369 8
7370 8
7371 8
7372 8
7373 8
7374 8
7375 8
7376 8
7377 8
7378 8
7379 8
7380 8
7381 8
7382 8
7383 8
7384 8
7385 8
7386 8
7387 8
7388 8
7389 8
7390 8
7391 8
7392 8
7393 8
7394 8
7395 8
7396 8
7397 8
7398 8
7399 8
7400 8
7401 8
7402 8
7403 8
7404 8
7405 8
7406 8
7407 8
7408 8
7409 8
7410 8
7411 8
7412 8
7413 8
7414 8
7415 8
7416 8
7417 8
7418 8
7419 8
7420 8
7421 8
7422 8
7423 8
7424 8
7425 8
7426 8
7427 8
7428 8
7429 8
7430 8
7431 8
7432 8
7433 8
7434 8
7435 8
7436 8
7437 8
7438 8
7439 8
7440 8
7441 8
7442 8
7443 8
7444 8
7445 8
7446 8
7447 8
7448 8
7449 8
7450 8
7451 8
7452 8
7453 8
7454 8
7455 8
7456 8
7457 8
7458 8
7459 8
7460 8
7461 8
7462 8
7463 8
7464 8
7465 8
7466 8
7467 8
7468 8
7469 8
7470 8
7471 8
7472 8
7473 8
7474 8
7475 8
7476 8
7477 8
7478 8
7479 8
7480 8
7481 8
7482 8
7483 8
7484 8
7485 8
7486 8
7487 8
7488 8
7489 8
7490 8
7491 8
7492 8
7493 8
7494 8
7495 8
7496 8
7497 8
7498 8
7499 8
7500 8
7501 8
7502 8
7503 8
7504 8
7505 8
7506 8
7507 8
7508 8
7509 8
7510 8
7511 8
7512 8
7513 8
7514 8
7515 8
7516 8
7517 8
7518 8
7519 8
7520 8
7521 8
7522 8
7523 8
7524 8
7525 8
7526 8
7527 8
7528 8
7529 8
7530 8
7531 8
7532 8
7533 8
7534 8
7535 8
7536 8
7537 8
7538 8
7539 8
7540 8
7541 8
7542 8
7543 8
7544 8
7545 8
7546 8
7547 8
7548 8
7549 8
7550 8
7551 8
7552 8
7553 8
7554 8
7555 8
7556 8
7557 8
7558 8
7559 8
7560 8
7561 8
7562 8
7563 8
7564 8
7565 8
7566 8
7567 8
7568 8
7569 8
7570 8
7571 8
7572 8
7573 8
7574 8
7575 8
7576 8
7577 8
7578 8
7579 8
7580 8
7581 8
7582 8
7583 8
7584 8
7585 8
7586 8
7587 8
7588 8
7589 8
7590 8
7591 8
7592 8
7593 8
7594 8
7595 8
7596 8
7597 8
7598 8
7599 8
7600 8
7601 8
7602 8
7603 8
7604 8
7605 8
7606 8
7607 8
7608 8
7609 8
7610 8
7611 8
7612 8
7613 8
7614 8
7615 8
7616 8
7617 8
7618 8
7619 8
7620 8
7621 8
7622 8
7623 8
7624 8
7625 8
7626 8
7627 8
7628 8
7629 8
7630 8
7631 8
7632 8
7633 8
7634 8
7635 8
7636 8
7637 8
7638 8
7639 8
7640 8
7641 8
7642 8
7643 8
7644 8
7645 8
7646 8
7647 8
7648 8
7649 8
7650 8
7651 8
7652 8
7653 8
7654 8
7655 8
7656 8
7657 8
7658 8
7659 8
7660 8
7661 8
7662 8
7663 8
7664 8
7665 8
7666 8
7667 8
7668 8
7669 8
7670 8
7671 8
7672 8
7673 8
7674 8
7675 8
7676 8
7677 8
7678 8
7679 8
7680 8
7681 8
7682 8
7683 8
7684 8
7685 8
7686 8
7687 8
7688 8
7689 8
7690 8
7691 8
7692 8
7693 8
7694 8
7695 8
7696 8
7697 8
7698 8
7699 8
7700 8
7701 8
7702 8
7703 8
7704 8
7705 8
7706 8
7707 8
7708 8
7709 8
7710 8
7711 8
7712 8
7713 8
7714 8
7715 8
7716 8
7717 8
7718 8
7719 8
7720 8
7721 8
7722 8
7723 8
7724 8
7725 8
7726 8
7727 8
7728 8
7729 8
7730 8
7731 8
7732 8
7733 8
7734 8
7735 8
7736 8
7737 8
7738 8
7739 8
7740 8
7741 8
7742 8
7743 8
7744 8
7745 8
7746 8
7747 8
7748 8
7749 8
7750 8
7751 8
7752 8
7753 8
7754 8
7755 8
7756 8
7757 8
7758 8
7759 8
7760 8
7761 8
7762 8
7763 8
7764 8
7765 8
7766 8
7767 8
7768 8
7769 8
7770 8
7771 8
7772 8
7773 8
7774 8
7775 8
7776 8
7777 8
7778 8
7779 8
7780 8
7781 8
7782 8
7783 8
7784 8
7785 8
7786 8
7787 8
7788 8
7789 8
7790 8
7791 8
7792 8
7793 8
7794 8
7795 8
7796 8
7797 8
7798 8
7799 8
7800 8
7801 8
7802 8
7803 8
7804 8
7805 8
7806 8
7807 8
7808 8
7809 8
7810 8
7811 8
7812 8
7813 8
7814 8
7815 8
7816 8
7817 8
7818 8
7819 8
7820 8
7821 8
7822 8
7823 8
7824 8
7825 8
7826 8
7827 8
7828 8
7829 8
7830 8
7831 8
7832 8
7833 8
7834 8
7835 8
7836 8
7837 8
7838 8
7839 8
7840 8
7841 8
7842 8
7843 8
7844 8
7845 8
7846 8
7847 8
7848 8
7849 8
7850 8
7851 8
7852 8
7853 8
7854 8
7855 8
7856 8
7857 8
7858 8
7859 8
7860 8
7861 8
7862 8
7863 8
7864 8
7865 8
7866 8
7867 8
7868 8
7869 8
7870 8
7871 8
7872 8
7873 8
7874 8
7875 8
7876 8
7877 8
7878 8
7879 8
7880 8
7881 8
7882 8
7883 8
7884 8
7885 8
7886 8
7887 8
7888 8
7889 8
7890 8
7891 8
7892 8
7893 8
7894 8
7895 8
7896 8
7897 8
7898 8
7899 8
7900 8
7901 8
7902 8
7903 8
7904 8
7905 8
7906 8
7907 8
7908 8
7909 8
7910 8
7911 8
7912 8
7913 8
7914 8
7915 8
7916 8
7917 8
7918 8
7919 8
7920 8
7921 8
7922 8
7923 8
7924 8
7925 8
7926 8
7927 8
7928 8
7929 8
7930 8
7931 8
7932 8
7933 8
7934 8
7935 8
7936 8
7937 8
7938 8
7939 8
7940 8
7941 8
7942 8
7943 8
7944 8
7945 8
7946 8
7947 8
7948 8
7949 8
7950 8
7951 8
7952 8
7953 8
7954 8
7955 8
7956 8
7957 8
7958 8
7959 8
7960 8
7961 8
7962 8
7963 8
7964 8
7965 8
7966 8
7967 8
7968 8
7969 8
7970 8
7971 8
7972 8
7973 8
7974 8
7975 8
7976 8
7977 8
7978 8
7979 8
7980 8
7981 8
7982 8
7983 8
7984 8
7985 8
7986 8
7987 8
7988 8
7989 8
7990 8
7991 8
7992 8
7993 8
7994 8
7995 8
7996 8
7997 8
7998 8
7999 8
8000 8
8001 8
8002 8
8003 8
8004 8
8005 8
8006 8
8007 8
8008 8
8009 8
8010 8
8011 8
8012 8
8013 8
8014 8
8015 8
8016 8
8017 8
8018 8
8019 8
8020 8
8021 8
8022 8
8023 8
8024 8
8025 8
8026 8
8027 8
8028 8
8029 8
8030 8
8031 8
8032 8
8033 8
8034 8
8035 8
8036 8
8037 8
8038 8
8039 8
8040 8
8041 8
8042 8
8043 8
8044 8
8045 8
8046 8
8047 8
8048 8
8049 8
8050 8
8051 8
8052 8
8053 8
8054 8
8055 8
8056 8
8057 8
8058 8
8059 8
8060 8
8061 8
8062 8
8063 8
8064 8
8065 8
8066 8
8067 8
8068 8
8069 8
8070 8
8071 8
8072 8
8073 8
8074 8
8075 8
8076 8
8077 8
8078 8
8079 8
8080 8
8081 8
8082 8
8083 8
8084 8
8085 8
8086 8
8087 8
8088 8
8089 8
8090 8
8091 8
8092 8
8093 8
8094 8
8095 8
8096 8
8097 8
8098 8
8099 8
8100 8
8101 8
8102 8
8103 8
8104 8
8105 8
8106 8
8107 8
8108 8
8109 8
8110 8
8111 8
8112 8
8113 8
8114 8
8115 8
8116 8
8117 8
8118 8
8119 8
8120 8
8121 8
8122 8
8123 8
8124 8
8125 8
8126 8
8127 8
8128 8
8129 8
8130 8
8131 8
8132 8
8133 8
8134 8
8135 8
8136 8
8137 8
8138 8
8139 8
8140 8
8141 8
8142 8
8143 8
8144 8
8145 8
8146 8
8147 8
8148 8
8149 8
8150 8
8151 8
8152 8
8153 8
8154 8
8155 8
8156 8
8157 8
8158 8
8159 8
8160 8
8161 8
8162 8
8163 8
8164 8
8165 8
8166 8
8167 8
8168 8
8169 8
8170 8
8171 8
8172 8
8173 8
8174 8
8175 8
8176 8
8177 8
8178 8
8179 8
8180 8
8181 8
8182 8
8183 8
8184 8
8185 8
8186 8
8187 8
8188 8
8189 8
8190 8
8191 8
8192 8
8193 8
8194 8
8195 8
8196 8
8197 8
8198 8
8199 8
8200 8
8201 8
8202 8
8203 8
8204 8
8205 8
8206 8
8207 8
8208 8
8209 8
8210 8
8211 8
8212 8
8213 8
8214 8
8215 8
8216 8
8217 8
8218 8
8219 8
8220 8
8221 8
8222 8
8223 8
8224 8
8225 8
8226 8
8227 8
8228 8
8229 8
8230 8
8231 8
8232 8
8233 8
8234 8
8235 8
8236 8
8237 8
8238 8
8239 8
8240 8
8241 8
8242 8
8243 8
8244 8
8245 8
8246 8
8247 8
8248 8
8249 8
8250 8
8251 8
8252 8
8253 8
8254 8
8255 8
8256 8
8257 8
8258 8
8259 8
8260 8
8261 8
8262 8
8263 8
8264 8
8265 8
8266 8
8267 8
8268 8
8269 8
8270 8
8271 8
8272 8
8273 8
8274 8
8275 8
8276 8
8277 8
8278 8
8279 8
8280 8
8281 8
8282 8
8283 8
8284 8
8285 8
8286 8
8287 8
8288 8
8289 8
8290 8
8291 8
8292 8
8293 8
8294 8
8295 8
8296 8
8297 8
8298 8
8299 8
8300 8
8301 8
8302 8
8303 8
8304 8
8305 8
8306 8
8307 8
8308 8
8309 8
8310 8
8311 8
8312 8
8313 8
8314 8
8315 8
8316 8
8317 8
8318 8
8319 8
8320 8
8321 8
8322 8
8323 8
8324 8
8325 8
8326 8
8327 8
8328 8
8329 8
8330 8
8331 8
8332 8
8333 8
8334 8
8335 8
8336 8
8337 8
8338 8
8339 8
8340 8
8341 8
8342 8
8343 8
8344 8
8345 8
8346 8
8347 8
8348 8
8349 8
8350 8
8351 8
8352 8
8353 8
8354 8
8355 8
8356 8
8357 8
8358 8
8359 8
8360 8
8361 8
8362 8
8363 8
8364 8
8365 8
8366 8
8367 8
8368 8
8369 8
8370 8
8371 8
8372 8
8373 8
8374 8
8375 8
8376 8
8377 8
8378 8
8379 8
8380 8
8381 8
8382 8
8383 8
8384 8
8385 8
8386 8
8387 8
8388 8
8389 8
8390 8
8391 8
8392 8
8393 8
8394 8
8395 8
8396 8
8397 8
8398 8
8399 8
8400 8
8401 8
8402 8
8403 8
8404 8
8405 8
8406 8
8407 8
8408 8
8409 8
8410 8
8411 8
8412 8
8413 8
8414 8
8415 8
8416 8
8417 8
8418 8
8419 8
8420 8
8421 8
8422 8
8423 8
8424 8
8425 8
8426 8
8427 8
8428 8
8429 8
8430 8
8431 8
8432 8
8433 8
8434 8
8435 8
8436 8
8437 8
8438 8
8439 8
8440 8
8441 8
8442 8
8443 8
8444 8
8445 8
8446 8
8447 8
8448 8
8449 8
8450 8
8451 8
8452 8
8453 8
8454 8
8455 8
8456 8
8457 8
8458 8
8459 8
8460 8
8461 8
8462 8
8463 8
8464 8
8465 8
8466 8
8467 8
8468 8
8469 8
8470 8
8471 8
8472 8
8473 8
8474 8
8475 8
8476 8
8477 8
8478 8
8479 8
8480 8
8481 8
8482 8
8483 8
8484 8
8485 8
8486 8
8487 8
8488 8
8489 8
8490 8
8491 8
8492 8
8493 8
8494 8
8495 8
8496 8
8497 8
8498 8
8499 8
8500 8
8501 8
8502 8
8503 8
8504 8
8505 8
8506 8
8507 8
8508 8
8509 8
8510 8
8511 8
8512 8
8513 8
8514 8
8515 8
8516 8
8517 8
8518 8
8519 8
8520 8
8521 8
8522 8
8523 8
8524 8
8525 8
8526 8
8527 8
8528 8
8529 8
8530 8
8531 8
8532 8
8533 8
8534 8
8535 8
8536 8
8537 8
8538 8
8539 8
8540 8
8541 8
8542 8
8543 8
8544 8
8545 8
8546 8
8547 8
8548 8
8549 8
8550 8
8551 8
8552 8
8553 8
8554 8
8555 8
8556 8
8557 8
8558 8
8559 8
8560 8
8561 8
8562 8
8563 8
8564 8
8565 8
8566 8
8567 8
8568 8
8569 8
8570 8
8571 8
8572 8
8573 8
8574 8
8575 8
8576 8
8577 8
8578 8
8579 8
8580 8
8581 8
8582 8
8583 8
8584 8
8585 8
8586 8
8587 8
8588 8
8589 8
8590 8
8591 8
8592 8
8593 8
8594 8
8595 8
8596 8
8597 8
8598 8
8599 8
8600 8
8601 8
8602 8
8603 8
8604 8
8605 8
8606 8
8607 8
8608 8
8609 8
8610 8
8611 8
8612 8
8613 8
8614 8
8615 8
8616 8
8617 8
8618 8
8619 8
8620 8
8621 8
8622 8
8623 8
8624 8
8625 8
8626 8
8627 8
8628 8
8629 8
8630 8
8631 8
8632 8
8633 8
8634 8
8635 8
8636 8
8637 8
8638 8
8639 8
8640 8
8641 8
8642 8
8643 8
8644 8
8645 8
8646 8
8647 8
8648 8
8649 8
8650 8
8651 8
8652 8
8653 8
8654 8
8655 8
8656 8
8657 8
8658 8
8659 8
8660 8
8661 8
8662 8
8663 8
8664 8
8665 8
8666 8
8667 8
8668 8
8669 8
8670 8
8671 8
8672 8
8673 8
8674 8
8675 8
8676 8
8677 8
8678 8
8679 8
8680 8
8681 8
8682 8
8683 8
8684 8
8685 8
8686 8
8687 8
8688 8
8689 8
8690 8
8691 8
8692 8
8693 8
8694 8
8695 8
8696 8
8697 8
8698 8
8699 8
8700 8
8701 8
8702 8
8703 8
8704 8
8705 8
8706 8
8707 8
8708 8
8709 8
8710 8
8711 8
8712 8
8713 8
8714 8
8715 8
8716 8
8717 8
8718 8
8719 8
8720 8
8721 8
8722 8
8723 8
8724 8
8725 8
8726 8
8727 8
8728 8
8729 8
8730 8
8731 8
8732 8
8733 8
8734 8
8735 8
8736 8
8737 8
8738 8
8739 8
8740 8
8741 8
8742 8
8743 8
8744 8
8745 8
8746 8
8747 8
8748 8
8749 8
8750 8
8751 8
8752 8
8753 8
8754 8
8755 8
8756 8
8757 8
8758 8
8759 8
8760 8
8761 8
8762 8
8763 8
8764 8
8765 8
8766 8
8767 8
8768 8
8769 8
8770 8
8771 8
8772 8
8773 8
8774 8
8775 8
8776 8
8777 8
8778 8
8779 8
8780 8
8781 8
8782 8
8783 8
8784 8
8785 8
8786 8
8787 8
8788 8
8789 8
8790 8
8791 8
8792 8
8793 8
8794 8
8795 8
8796 8
8797 8
8798 8
8799 8
8800 8
8801 8
8802 8
8803 8
8804 8
8805 8
8806 8
8807 8
8808 8
8809 8
8810 8
8811 8
8812 8
8813 8
8814 8
8815 8
8816 8
8817 8
8818 8
8819 8
8820 8
8821 8
8822 8
8823 8
8824 8
8825 8
8826 8
8827 8
8828 8
8829 8
8830 8
8831 8
8832 8
8833 8
8834 8
8835 8
8836 8
8837 8
8838 8
8839 8
8840 8
8841 8
8842 8
8843 8
8844 8
8845 8
8846 8
8847 8
8848 8
8849 8
8850 8
8851 8
8852 8
8853 8
8854 8
8855 8
8856 8
8857 8
8858 8
8859 8
8860 8
8861 8
8862 8
8863 8
8864 8
8865 8
8866 8
8867 8
8868 8
8869 8
8870 8
8871 8
8872 8
8873 8
8874 8
8875 8
8876 8
8877 8
8878 8
8879 8
8880 8
8881 8
8882 8
8883 8
8884 8
8885 8
8886 8
8887 8
8888 8
8889 8
8890 8
8891 8
8892 8
8893 8
8894 8
8895 8
8896 8
8897 8
8898 8
8899 8
8900 8
8901 8
8902 8
8903 8
8904 8
8905 8
8906 8
8907 8
8908 8
8909 8
8910 8
8911 8
8912 8
8913 8
8914 8
8915 8
8916 8
8917 8
8918 8
8919 8
8920 8
8921 8
8922 8
8923 8
8924 8
8925 8
8926 8
8927 8
8928 8
8929 8
8930 8
8931 8
8932 8
8933 8
8934 8
8935 8
8936 8
8937 8
8938 8
8939 8
8940 8
8941 8
8942 8
8943 8
8944 8
8945 8
8946 8
8947 8
8948 8
8949 8
8950 8
8951 8
8952 8
8953 8
8954 8
8955 8
8956 8
8957 8
8958 8
8959 8
8960 8
8961 8
8962 8
8963 8
8964 8
8965 8
8966 8
8967 8
8968 8
8969 8
8970 8
8971 8
8972 8
8973 8
8974 8
8975 8
8976 8
8977 8
8978 8
8979 8
8980 8
8981 8
8982 8
8983 8
8984 8
8985 8
8986 8
8987 8
8988 8
8989 8
8990 8
8991 8
8992 8
8993 8
8994 8
8995 8
8996 8
8997 8
8998 8
8999 8
9000 8
9001 8
9002 8
9003 8
9004 8
9005 8
9006 8
9007 8
9008 8
9009 8
9010 8
9011 8
9012 8
9013 8
9014 8
9015 8
9016 8
9017 8
9018 8
9019 8
9020 8
9021 8
9022 8
9023 8
9024 8
9025 8
9026 8
9027 8
9028 8
9029 8
9030 8
9031 8
9032 8
9033 8
9034 8
9035 8
9036 8
9037 8
9038 8
9039 8
9040 8
9041 8
9042 8
9043 8
9044 8
9045 8
9046 8
9047 8
9048 8
9049 8
9050 8
9051 8
9052 8
9053 8
9054 8
9055 8
9056 8
9057 8
9058 8
9059 8
9060 8
9061 8
9062 8
9063 8
9064 8
9065 8
9066 8
9067 8
9068 8
9069 8
9070 8
9071 8
9072 8
9073 8
9074 8
9075 8
9076 8
9077 8
9078 8
9079 8
9080 8
9081 8
9082 8
9083 8
9084 8
9085 8
9086 8
9087 8
9088 8
9089 8
9090 8
9091 8
9092 8
9093 8
9094 8
9095 8
9096 8
9097 8
9098 8
9099 8
9100 8
9101 8
9102 8
9103 8
9104 8
9105 8
9106 8
9107 8
9108 8
9109 8
9110 8
9111 8
9112 8
9113 8
9114 8
9115 8
9116 8
9117 8
9118 8
9119 8
9120 8
9121 8
9122 8
9123 8
9124 8
9125 8
9126 8
9127 8
9128 8
9129 8
9130 8
9131 8
9132 8
9133 8
9134 8
9135 8
9136 8
9137 8
9138 8
9139 8
9140 8
9141 8
9142 8
9143 8
9144 8
9145 8
9146 8
9147 8
9148 8
9149 8
9150 8
9151 8
9152 8
9153 8
9154 8
9155 8
9156 8
9157 8
9158 8
9159 8
9160 8
9161 8
9162 8
9163 8
9164 8
9165 8
9166 8
9167 8
9168 8
9169 8
9170 8
9171 8
9172 8
9173 8
9174 8
9175 8
9176 8
9177 8
9178 8
9179 8
9180 8
9181 8
9182 8
9183 8
9184 8
9185 8
9186 8
9187 8
9188 8
9189 8
9190 8
9191 8
9192 8
9193 8
9194 8
9195 8
9196 8
9197 8
9198 8
9199 8
9200 8
9201 8
9202 8
9203 8
9204 8
9205 8
9206 8
9207 8
9208 8
9209 8
9210 8
9211 8
9212 8
9213 8
9214 8
9215 8
9216 8
9217 8
9218 8
9219 8
9220 8
9221 8
9222 8
9223 8
9224 8
9225 8
9226 8
9227 8
9228 8
9229 8
9230 8
9231 8
9232 8
9233 8
9234 8
9235 8
9236 8
9237 8
9238 8
9239 8
9240 8
9241 8
9242 8
9243 8
9244 8
9245 8
9246 8
9247 8
9248 8
9249 8
9250 8
9251 8
9252 8
9253 8
9254 8
9255 8
9256 8
9257 8
9258 8
9259 8
9260 8
9261 8
9262 8
9263 8
9264 8
9265 8
9266 8
9267 8
9268 8
9269 8
9270 8
9271 8
9272 8
9273 8
9274 8
9275 8
9276 8
9277 8
9278 8
9279 8
9280 8
9281 8
9282 8
9283 8
9284 8
9285 8
9286 8
9287 8
9288 8
9289 8
9290 8
9291 8
9292 8
9293 8
9294 8
9295 8
9296 8
9297 8
9298 8
9299 8
9300 8
9301 8
9302 8
9303 8
9304 8
9305 8
9306 8
9307 8
9308 8
9309 8
9310 8
9311 8
9312 8
9313 8
9314 8
9315 8
9316 8
9317 8
9318 8
9319 8
9320 8
9321 8
9322 8
9323 8
9324 8
9325 8
9326 8
9327 8
9328 8
9329 8
9330 8
9331 8
9332 8
9333 8
9334 8
9335 8
9336 8
9337 8
9338 8
9339 8
9340 8
9341 8
9342 8
9343 8
9344 8
9345 8
9346 8
9347 8
9348 8
9349 8
9350 8
9351 8
9352 8
9353 8
9354 8
9355 8
9356 8
9357 8
9358 8
9359 8
9360 8
9361 8
9362 8
9363 8
9364 8
9365 8
9366 8
9367 8
9368 8
9369 8
9370 8
9371 8
9372 8
9373 8
9374 8
9375 8
9376 8
9377 8
9378 8
9379 8
9380 8
9381 8
9382 8
9383 8
9384 8
9385 8
9386 8
9387 8
9388 8
9389 8
9390 8
9391 8
9392 8
9393 8
9394 8
9395 8
9396 8
9397 8
9398 8
9399 8
9400 8
9401 8
9402 8
9403 8
9404 8
9405 8
9406 8
9407 8
9408 8
9409 8
9410 8
9411 8
9412 8
9413 8
9414 8
9415 8
9416 8
9417 8
9418 8
9419 8
9420 8
9421 8
9422 8
9423 8
9424 8
9425 8
9426 8
9427 8
9428 8
9429 8
9430 8
9431 8
9432 8
9433 8
9434 8
9435 8
9436 8
9437 8
9438 8
9439 8
9440 8
9441 8
9442 8
9443 8
9444 8
9445 8
9446 8
9447 8
9448 8
9449 8
9450 8
9451 8
9452 8
9453 8
9454 8
9455 8
9456 8
9457 8
9458 8
9459 8
9460 8
9461 8
9462 8
9463 8
9464 8
9465 8
9466 8
9467 8
9468 8
9469 8
9470 8
9471 8
9472 8
9473 8
9474 8
9475 8
9476 8
9477 8
9478 8
9479 8
9480 8
9481 8
9482 8
9483 8
9484 8
9485 8
9486 8
9487 8
9488 8
9489 8
9490 8
9491 8
9492 8
9493 8
9494 8
9495 8
9496 8
9497 8
9498 8
9499 8
9500 8
9501 8
9502 8
9503 8
9504 8
9505 8
9506 8
9507 8
9508 8
9509 8
9510 8
9511 8
9512 8
9513 8
9514 8
9515 8
9516 8
9517 8
9518 8
9519 8
9520 8
9521 8
9522 8
9523 8
9524 8
9525 8
9526 8
9527 8
9528 8
9529 8
9530 8
9531 8
9532 8
9533 8
9534 8
9535 8
9536 8
9537 8
9538 8
9539 8
9540 8
9541 8
9542 8
9543 8
9544 8
9545 8
9546 8
9547 8
9548 8
9549 8
9550 8
9551 8
9552 8
9553 8
9554 8
9555 8
9556 8
9557 8
9558 8
9559 8
9560 8
9561 8
9562 8
9563 8
9564 8
9565 8
9566 8
9567 8
9568 8
9569 8
9570 8
9571 8
9572 8
9573 8
9574 8
9575 8
9576 8
9577 8
9578 8
9579 8
9580 8
9581 8
9582 8
9583 8
9584 8
9585 8
9586 8
9587 8
9588 8
9589 8
9590 8
9591 8
9592 8
9593 8
9594 8
9595 8
9596 8
9597 8
9598 8
9599 8
9600 8
9601 8
9602 8
9603 8
9604 8
9605 8
9606 8
9607 8
9608 8
9609 8
9610 8
9611 8
9612 8
9613 8
9614 8
9615 8
9616 8
9617 8
9618 8
9619 8
9620 8
9621 8
9622 8
9623 8
9624 8
9625 8
9626 8
9627 8
9628 8
9629 8
9630 8
9631 8
9632 8
9633 8
9634 8
9635 8
9636 8
9637 8
9638 8
9639 8
9640 8
9641 8
9642 8
9643 8
9644 8
9645 8
9646 8
9647 8
9648 8
9649 8
9650 8
9651 8
9652 8
9653 8
9654 8
9655 8
9656 8
9657 8
9658 8
9659 8
9660 8
9661 8
9662 8
9663 8
9664 8
9665 8
9666 8
9667 8
9668 8
9669 8
9670 8
9671 8
9672 8
9673 8
9674 8
9675 8
9676 8
9677 8
9678 8
9679 8
9680 8
9681 8
9682 8
9683 8
9684 8
9685 8
9686 8
9687 8
9688 8
9689 8
9690 8
9691 8
9692 8
9693 8
9694 8
9695 8
9696 8
9697 8
9698 8
9699 8
9700 8
9701 8
9702 8
9703 8
9704 8
9705 8
9706 8
9707 8
9708 8
9709 8
9710 8
9711 8
9712 8
9713 8
9714 8
9715 8
9716 8
9717 8
9718 8
9719 8
9720 8
9721 8
9722 8
9723 8
9724 8
9725 8
9726 8
9727 8
9728 8
9729 8
9730 8
9731 8
9732 8
9733 8
9734 8
9735 8
9736 8
9737 8
9738 8
9739 8
9740 8
9741 8
9742 8
9743 8
9744 8
9745 8
9746 8
9747 8
9748 8
9749 8
9750 8
9751 8
9752 8
9753 8
9754 8
9755 8
9756 8
9757 8
9758 8
9759 8
9760 8
9761 8
9762 8
9763 8
9764 8
9765 8
9766 8
9767 8
9768 8
9769 8
9770 8
9771 8
9772 8
9773 8
9774 8
9775 8
9776 8
9777 8
9778 8
9779 8
9780 8
9781 8
9782 8
9783 8
9784 8
9785 8
9786 8
9787 8
9788 8
9789 8
9790 8
9791 8
9792 8
9793 8
9794 8
9795 8
9796 8
9797 8
9798 8
9799 8
9800 8
9801 8
9802 8
9803 8
9804 8
9805 8
9806 8
9807 8
9808 8
9809 8
9810 8
9811 8
9812 8
9813 8
9814 8
9815 8
9816 8
9817 8
9818 8
9819 8
9820 8
9821 8
9822 8
9823 8
9824 8
9825 8
9826 8
9827 8
9828 8
9829 8
9830 8
9831 8
9832 8
9833 8
9834 8
9835 8
9836 8
9837 8
9838 8
9839 8
9840 8
9841 8
9842 8
9843 8
9844 8
9845 8
9846 8
9847 8
9848 8
9849 8
9850 8
9851 8
9852 8
9853 8
9854 8
9855 8
9856 8
9857 8
9858 8
9859 8
9860 8
9861 8
9862 8
9863 8
9864 8
9865 8
9866 8
9867 8
9868 8
9869 8
9870 8
9871 8
9872 8
9873 8
9874 8
9875 8
9876 8
9877 8
9878 8
9879 8
9880 8
9881 8
9882 8
9883 8
9884 8
9885 8
9886 8
9887 8
9888 8
9889 8
9890 8
9891 8
9892 8
9893 8
9894 8
9895 8
9896 8
9897 8
9898 8
9899 8
9900 8
9901 8
9902 8
9903 8
9904 8
9905 8
9906 8
9907 8
9908 8
9909 8
9910 8
9911 8
9912 8
9913 8
9914 8
9915 8
9916 8
9917 8
9918 8
9919 8
9920 8
9921 8
9922 8
9923 8
9924 8
9925 8
9926 8
9927 8
9928 8
9929 8
9930 8
9931 8
9932 8
9933 8
9934 8
9935 8
9936 8
9937 8
9938 8
9939 8
9940 8
9941 8
9942 8
9943 8
9944 8
9945 8
9946 8
9947 8
9948 8
9949 8
9950 8
9951 8
9952 8
9953 8
9954 8
9955 8
9956 8
9957 8
9958 8
9959 8
9960 8
9961 8
9962 8
9963 8
9964 8
9965 8
9966 8
9967 8
9968 8
9969 8
9970 8
9971 8
9972 8
9973 8
9974 8
9975 8
9976 8
9977 8
9978 8
9979 8
9980 8
9981 8
9982 8
9983 8
9984 8
9985 8
9986 8
9987 8
9988 8
9989 8
9990 8
9991 8
9992 8
9993 8
9994 8
9995 8
9996 8
9997 8
9998 8
9999 8
10000 8
