0 63
1 55
2 9
3 30
4 10
5 42
6 29
7 6
8 46
9 10
10 12
11 28
12 17
13 30
14 4
15 5
16 4
17 16
18 5
19 6
20 14
21 4
22 12
23 19
24 5
25 6
26 11
27 3
28 11
29 6
30 8
31 15
32 3
33 9
34 10
35 20
36 3
37 8
38 1
39 36
40 14
41 2
42 5
43 6
44 7
45 3
46 6
47 30
48 7
49 5
50 13
51 19
52 7
53 9
54 4
55 12
56 6
57 3
58 22
59 9
60 26
61 9
62 8
63 7
64 13
65 23
66 9
67 1
68 15
69 6
70 6
71 6
72 12
73 14
74 12
75 5
76 9
77 2
78 10
79 17
80 8
81 10
82 10
83 10
84 5
85 4
86 18
87 5
88 9
89 4
90 13
91 16
92 10
93 16
94 7
95 14
96 7
97 6
98 7
99 13
100 7
101 2
102 11
103 3
104 16
105 5
106 34
107 14
108 7
109 5
110 3
111 3
112 12
113 17
114 25
115 16
116 8
117 4
118 8
119 6
120 14
121 4
122 3
123 10
124 3
125 7
126 3
127 1
128 3
129 10
130 5
131 13
132 12
133 9
134 6
135 6
136 11
137 5
138 1
139 9
140 2
141 7
142 3
143 4
144 12
145 4
146 14
147 6
148 14
149 15
150 10
151 8
152 10
153 3
154 4
155 5
156 1
157 9
158 7
159 3
160 6
161 11
162 7
163 18
164 3
165 7
166 3
167 2
168 11
169 3
170 9
171 6
172 3
173 13
174 20
175 8
176 5
177 8
178 6
179 6
180 5
181 3
182 5
183 15
184 34
185 5
186 6
187 8
188 5
189 20
190 9
191 12
192 2
193 10
194 18
195 2
196 6
197 9
198 2
199 5
200 4
201 5
202 10
203 4
204 5
205 5
206 5
207 7
208 10
209 5
210 6
211 5
212 1
213 10
214 3
215 6
216 6
217 10
218 1
219 3
220 22
221 2
222 6
223 3
224 2
225 5
226 2
227 3
228 7
229 1
230 4
231 1
232 6
233 1
234 7
235 6
236 2
237 7
238 5
239 10
240 2
241 1
242 11
243 8
244 12
245 11
246 4
247 12
248 3
249 11
250 3
251 5
252 7
253 5
254 8
255 9
256 5
257 8
258 14
259 15
260 2
261 2
262 3
263 5
264 2
265 3
266 4
267 4
268 5
269 1
270 19
271 9
272 2
273 2
274 7
275 1
276 7
277 2
278 4
279 19
280 10
281 6
282 16
283 4
284 2
285 2
286 3
287 3
288 8
289 6
290 3
291 13
292 10
293 1
294 3
295 3
296 8
297 1
298 4
299 6
300 7
301 2
302 6
303 3
304 5
305 13
306 7
307 2
308 6
309 3
310 1
311 5
312 9
313 5
314 2
315 4
316 3
317 11
318 1
319 8
320 3
321 6
322 4
323 8
324 12
325 7
326 11
327 5
328 6
329 4
330 7
331 4
332 2
333 7
334 10
335 9
336 15
337 6
338 6
339 4
340 2
341 12
342 1
343 1
344 7
345 2
346 4
347 10
348 7
349 11
350 4
351 9
352 8
353 14
354 5
355 3
356 6
357 6
358 4
359 2
360 1
361 4
362 4
363 8
364 13
365 3
366 11
367 4
368 3
369 10
370 2
371 3
372 10
373 8
374 6
375 1
376 2
377 3
378 9
379 9
380 7
381 3
382 6
383 1
384 3
385 5
386 8
387 5
388 7
389 4
390 3
391 7
392 1
393 3
394 5
395 4
396 4
397 7
398 2
399 3
400 14
401 8
402 1
403 4
404 5
405 3
406 9
407 3
408 12
409 1
410 5
411 5
412 1
413 4
414 13
415 5
416 4
417 2
418 9
419 6
420 2
421 2
422 14
423 9
424 4
425 1
426 8
427 10
428 11
429 6
430 5
431 5
432 7
433 11
434 2
435 4
436 7
437 1
438 4
439 6
440 5
441 5
442 3
443 3
444 2
445 3
446 4
447 1
448 1
449 1
450 3
451 7
452 5
453 2
454 3
455 10
456 2
457 14
458 6
459 3
460 5
461 2
462 3
463 6
464 3
465 3
466 3
467 5
468 4
469 5
470 4
471 4
472 4
473 4
474 2
475 3
476 7
477 3
478 7
479 6
480 12
481 3
482 5
483 3
484 5
485 1
486 2
487 4
488 5
489 2
490 3
491 1
492 1
493 4
494 8
495 5
496 4
497 3
498 5
499 2
500 4
501 1
502 9
503 1
504 11
505 4
506 4
507 7
508 4
509 2
510 8
511 8
512 3
513 1
514 3
515 10
516 9
517 10
518 4
519 5
520 1
521 4
522 7
523 5
524 12
525 3
526 8
527 3
528 3
529 2
530 3
531 4
532 7
533 5
534 9
535 2
536 3
537 6
538 4
539 4
540 5
541 1
542 4
543 1
544 7
545 6
546 5
547 1
548 3
549 4
550 5
551 1
552 1
553 3
554 9
555 3
556 2
557 2
558 3
559 6
560 3
561 5
562 17
563 1
564 2
565 3
566 2
567 3
568 3
569 8
570 12
571 2
572 4
573 1
574 2
575 6
576 11
577 6
578 8
579 3
580 3
581 6
582 2
583 1
584 2
585 1
586 4
587 1
588 5
589 10
590 2
591 1
592 1
593 7
594 11
595 4
596 1
597 6
598 2
599 1
600 3
601 2
602 7
603 3
604 1
605 7
606 4
607 4
608 2
609 5
610 5
611 3
612 5
613 1
614 2
615 10
616 4
617 3
618 1
619 5
620 2
621 3
622 1
623 5
624 5
625 1
626 1
627 2
628 9
629 2
630 2
631 3
632 2
633 2
634 2
635 2
636 5
637 3
638 3
639 3
640 2
641 5
642 4
643 1
644 2
645 1
646 3
647 1
648 5
649 4
650 6
651 1
652 3
653 5
654 1
655 4
656 2
657 4
658 2
659 2
660 5
661 1
662 7
663 6
664 4
665 1
666 4
667 4
668 4
669 4
670 4
671 2
672 2
673 9
674 6
675 1
676 1
677 4
678 6
679 1
680 3
681 9
682 2
683 1
684 10
685 3
686 4
687 7
688 1
689 3
690 1
691 4
692 5
693 1
694 2
695 2
696 1
697 2
698 1
699 4
700 2
701 1
702 3
703 1
704 6
705 4
706 5
707 1
708 3
709 2
710 1
711 2
712 2
713 1
714 2
715 4
716 4
717 2
718 2
719 2
720 6
721 2
722 1
723 6
724 2
725 3
726 6
727 2
728 3
729 2
730 4
731 6
732 2
733 6
734 4
735 6
736 4
737 1
738 1
739 1
740 9
741 2
742 1
743 2
744 6
745 2
746 2
747 1
748 3
749 3
750 5
751 5
752 1
753 8
754 6
755 2
756 2
757 9
758 4
759 3
760 2
761 6
762 2
763 5
764 3
765 5
766 3
767 6
768 4
769 6
770 1
771 2
772 2
773 5
774 3
775 1
776 2
777 8
778 4
779 2
780 3
781 2
782 7
783 5
784 6
785 1
786 4
787 2
788 5
789 5
790 7
791 1
792 4
793 6
794 8
795 3
796 1
797 3
798 1
799 6
800 4
801 2
802 4
803 3
804 3
805 5
806 2
807 4
808 3
809 2
810 2
811 2
812 12
813 8
814 7
815 3
816 10
817 7
818 2
819 2
820 3
821 2
822 2
823 5
824 4
825 6
826 1
827 1
828 3
829 2
830 2
831 4
832 2
833 8
834 5
835 6
836 1
837 4
838 4
839 1
840 1
841 4
842 3
843 7
844 2
845 2
846 1
847 4
848 6
849 3
850 1
851 5
852 2
853 4
854 1
855 2
856 6
857 6
858 2
859 7
860 7
861 2
862 3
863 2
864 3
865 2
866 5
867 4
868 1
869 2
870 7
871 3
872 5
873 9
874 4
875 1
876 4
877 1
878 1
879 5
880 3
881 3
882 1
883 3
884 16
885 5
886 3
887 1
888 7
889 5
890 3
891 2
892 6
893 3
894 5
895 1
896 1
897 3
898 2
899 2
900 2
901 11
902 1
903 4
904 4
905 5
906 3
907 3
908 3
909 5
910 2
911 4
912 2
913 3
914 3
915 1
916 3
917 8
918 2
919 3
920 5
921 3
922 3
923 4
924 3
925 5
926 6
927 9
928 2
929 1
930 3
931 5
932 5
933 3
934 5
935 2
936 6
937 1
938 1
939 3
940 5
941 3
942 6
943 2
944 3
945 3
946 1
947 1
948 4
949 1
950 3
951 1
952 10
953 3
954 4
955 3
956 2
957 1
958 8
959 5
960 1
961 1
962 3
963 1
964 3
965 6
966 9
967 1
968 10
969 3
970 3
971 3
972 4
973 1
974 12
975 3
976 1
977 8
978 1
979 1
980 1
981 2
982 1
983 4
984 1
985 1
986 3
987 3
988 2
989 4
990 4
991 1
992 2
993 3
994 1
995 1
996 5
997 2
998 4
999 1
1000 3
1001 3
1002 3
1003 1
1004 4
1005 4
1006 2
1007 3
1008 5
1009 4
1010 2
1011 2
1012 1
1013 1
1014 1
1015 5
1016 2
1017 2
1018 2
1019 3
1020 1
1021 4
1022 3
1023 1
1024 2
1025 3
1026 3
1027 2
1028 3
1029 5
1030 1
1031 2
1032 3
1033 4
1034 4
1035 2
1036 5
1037 2
1038 2
1039 4
1040 2
1041 6
1042 3
1043 5
1044 2
1045 1
1046 5
1047 1
1048 2
1049 2
1050 7
1051 2
1052 3
1053 3
1054 10
1055 1
1056 2
1057 2
1058 2
1059 3
1060 3
1061 5
1062 4
1063 2
1064 3
1065 2
1066 1
1067 4
1068 3
1069 3
1070 3
1071 2
1072 4
1073 3
1074 2
1075 2
1076 4
1077 7
1078 1
1079 1
1080 3
1081 2
1082 2
1083 1
1084 2
1085 5
1086 8
1087 3
1088 2
1089 1
1090 3
1091 3
1092 3
1093 2
1094 2
1095 4
1096 1
1097 7
1098 4
1099 3
1100 3
1101 1
1102 1
1103 3
1104 9
1105 2
1106 4
1107 2
1108 1
1109 2
1110 5
1111 1
1112 2
1113 5
1114 8
1115 6
1116 2
1117 9
1118 2
1119 4
1120 2
1121 1
1122 4
1123 2
1124 3
1125 5
1126 6
1127 3
1128 1
1129 4
1130 3
1131 2
1132 2
1133 2
1134 5
1135 2
1136 3
1137 1
1138 2
1139 7
1140 3
1141 5
1142 4
1143 1
1144 4
1145 4
1146 2
1147 2
1148 1
1149 4
1150 3
1151 1
1152 8
1153 1
1154 2
1155 5
1156 3
1157 2
1158 2
1159 2
1160 4
1161 2
1162 5
1163 3
1164 3
1165 2
1166 2
1167 3
1168 3
1169 3
1170 6
1171 4
1172 8
1173 7
1174 5
1175 2
1176 1
1177 5
1178 1
1179 7
1180 1
1181 4
1182 4
1183 2
1184 4
1185 3
1186 6
1187 1
1188 2
1189 2
1190 5
1191 1
1192 4
1193 1
1194 2
1195 2
1196 3
1197 1
1198 5
1199 2
1200 1
1201 2
1202 1
1203 4
1204 3
1205 3
1206 2
1207 3
1208 1
1209 9
1210 1
1211 8
1212 2
1213 1
1214 5
1215 4
1216 3
1217 1
1218 2
1219 2
1220 2
1221 2
1222 5
1223 3
1224 4
1225 4
1226 1
1227 2
1228 1
1229 2
1230 2
1231 2
1232 2
1233 5
1234 1
1235 1
1236 3
1237 3
1238 2
1239 3
1240 6
1241 4
1242 2
1243 4
1244 2
1245 1
1246 6
1247 4
1248 1
1249 1
1250 4
1251 5
1252 2
1253 1
1254 5
1255 12
1256 2
1257 10
1258 5
1259 2
1260 3
1261 2
1262 1
1263 2
1264 1
1265 3
1266 3
1267 6
1268 4
1269 1
1270 1
1271 3
1272 1
1273 2
1274 5
1275 3
1276 2
1277 1
1278 1
1279 1
1280 4
1281 2
1282 4
1283 5
1284 1
1285 4
1286 2
1287 4
1288 6
1289 1
1290 1
1291 2
1292 1
1293 2
1294 3
1295 2
1296 2
1297 4
1298 2
1299 3
1300 4
1301 1
1302 1
1303 1
1304 3
1305 4
1306 1
1307 2
1308 1
1309 1
1310 3
1311 1
1312 1
1313 1
1314 1
1315 3
1316 3
1317 1
1318 1
1319 2
1320 1
1321 2
1322 6
1323 3
1324 2
1325 4
1326 3
1327 1
1328 3
1329 2
1330 5
1331 4
1332 5
1333 2
1334 1
1335 4
1336 2
1337 1
1338 8
1339 5
1340 2
1341 2
1342 4
1343 5
1344 2
1345 3
1346 6
1347 2
1348 6
1349 2
1350 2
1351 1
1352 2
1353 4
1354 4
1355 3
1356 2
1357 2
1358 2
1359 2
1360 5
1361 6
1362 2
1363 1
1364 2
1365 1
1366 3
1367 3
1368 1
1369 8
1370 6
1371 7
1372 3
1373 1
1374 2
1375 2
1376 1
1377 5
1378 3
1379 1
1380 2
1381 3
1382 1
1383 5
1384 1
1385 4
1386 3
1387 4
1388 7
1389 6
1390 3
1391 2
1392 2
1393 6
1394 5
1395 2
1396 3
1397 1
1398 4
1399 2
1400 3
1401 1
1402 2
1403 1
1404 2
1405 3
1406 2
1407 3
1408 3
1409 1
1410 3
1411 1
1412 1
1413 5
1414 5
1415 2
1416 2
1417 3
1418 3
1419 1
1420 4
1421 3
1422 3
1423 2
1424 5
1425 1
1426 2
1427 1
1428 1
1429 1
1430 5
1431 1
1432 2
1433 1
1434 1
1435 1
1436 1
1437 1
1438 9
1439 7
1440 2
1441 1
1442 1
1443 2
1444 3
1445 2
1446 3
1447 2
1448 1
1449 1
1450 1
1451 7
1452 3
1453 4
1454 2
1455 4
1456 6
1457 7
1458 2
1459 5
1460 2
1461 1
1462 2
1463 5
1464 1
1465 5
1466 1
1467 5
1468 3
1469 1
1470 8
1471 4
1472 2
1473 2
1474 3
1475 1
1476 3
1477 7
1478 1
1479 1
1480 1
1481 4
1482 1
1483 2
1484 2
1485 1
1486 4
1487 2
1488 2
1489 3
1490 1
1491 1
1492 3
1493 3
1494 1
1495 9
1496 3
1497 2
1498 4
1499 2
1500 6
1501 4
1502 5
1503 1
1504 2
1505 1
1506 1
1507 1
1508 1
1509 1
1510 6
1511 2
1512 1
1513 1
1514 4
1515 3
1516 1
1517 1
1518 4
1519 1
1520 5
1521 3
1522 2
1523 2
1524 1
1525 4
1526 2
1527 1
1528 3
1529 1
1530 3
1531 4
1532 2
1533 4
1534 8
1535 3
1536 2
1537 2
1538 1
1539 2
1540 1
1541 3
1542 4
1543 4
1544 1
1545 1
1546 3
1547 7
1548 6
1549 1
1550 5
1551 3
1552 2
1553 3
1554 2
1555 2
1556 2
1557 3
1558 2
1559 1
1560 1
1561 3
1562 2
1563 1
1564 6
1565 2
1566 2
1567 1
1568 2
1569 7
1570 7
1571 3
1572 1
1573 1
1574 1
1575 3
1576 2
1577 1
1578 1
1579 5
1580 3
1581 1
1582 1
1583 6
1584 5
1585 1
1586 2
1587 3
1588 3
1589 1
1590 4
1591 4
1592 2
1593 2
1594 1
1595 2
1596 1
1597 1
1598 3
1599 1
1600 3
1601 5
1602 1
1603 3
1604 1
1605 3
1606 1
1607 2
1608 2
1609 1
1610 3
1611 2
1612 1
1613 7
1614 3
1615 1
1616 5
1617 1
1618 1
1619 1
1620 11
1621 3
1622 4
1623 1
1624 2
1625 1
1626 3
1627 2
1628 4
1629 2
1630 4
1631 2
1632 9
1633 5
1634 1
1635 3
1636 2
1637 3
1638 1
1639 1
1640 1
1641 1
1642 1
1643 2
1644 1
1645 1
1646 2
1647 2
1648 2
1649 3
1650 4
1651 1
1652 2
1653 4
1654 2
1655 2
1656 2
1657 3
1658 2
1659 1
1660 1
1661 4
1662 8
1663 2
1664 1
1665 4
1666 2
1667 1
1668 7
1669 1
1670 3
1671 3
1672 1
1673 2
1674 1
1675 3
1676 2
1677 2
1678 3
1679 1
1680 2
1681 2
1682 1
1683 2
1684 2
1685 2
1686 3
1687 1
1688 3
1689 2
1690 4
1691 3
1692 3
1693 2
1694 1
1695 4
1696 2
1697 3
1698 1
1699 2
1700 2
1701 1
1702 1
1703 3
1704 5
1705 2
1706 4
1707 7
1708 4
1709 2
1710 5
1711 1
1712 4
1713 2
1714 1
1715 2
1716 2
1717 4
1718 2
1719 1
1720 2
1721 2
1722 4
1723 3
1724 3
1725 2
1726 4
1727 2
1728 9
1729 1
1730 1
1731 1
1732 1
1733 1
1734 5
1735 2
1736 2
1737 1
1738 3
1739 2
1740 2
1741 1
1742 2
1743 4
1744 4
1745 2
1746 1
1747 5
1748 2
1749 4
1750 3
1751 1
1752 6
1753 1
1754 2
1755 1
1756 2
1757 5
1758 1
1759 2
1760 3
1761 1
1762 5
1763 4
1764 5
1765 3
1766 2
1767 4
1768 5
1769 5
1770 1
1771 2
1772 6
1773 5
1774 3
1775 1
1776 2
1777 2
1778 3
1779 1
1780 2
1781 5
1782 9
1783 1
1784 1
1785 2
1786 2
1787 3
1788 1
1789 1
1790 3
1791 3
1792 2
1793 2
1794 2
1795 1
1796 2
1797 1
1798 5
1799 3
1800 3
1801 4
1802 3
1803 1
1804 5
1805 1
1806 6
1807 1
1808 2
1809 1
1810 1
1811 1
1812 2
1813 1
1814 1
1815 4
1816 5
1817 1
1818 4
1819 2
1820 3
1821 4
1822 1
1823 3
1824 2
1825 6
1826 1
1827 3
1828 2
1829 1
1830 6
1831 1
1832 4
1833 2
1834 4
1835 1
1836 1
1837 1
1838 2
1839 1
1840 3
1841 2
1842 2
1843 4
1844 3
1845 2
1846 3
1847 1
1848 2
1849 3
1850 2
1851 3
1852 2
1853 2
1854 4
1855 3
1856 1
1857 1
1858 1
1859 1
1860 1
1861 1
1862 4
1863 1
1864 2
1865 3
1866 2
1867 2
1868 3
1869 5
1870 3
1871 2
1872 2
1873 2
1874 1
1875 5
1876 3
1877 1
1878 3
1879 1
1880 3
1881 1
1882 2
1883 2
1884 1
1885 4
1886 3
1887 2
1888 2
1889 4
1890 1
1891 1
1892 4
1893 2
1894 4
1895 2
1896 3
1897 1
1898 1
1899 3
1900 3
1901 2
1902 2
1903 2
1904 3
1905 2
1906 2
1907 2
1908 1
1909 3
1910 2
1911 3
1912 1
1913 1
1914 2
1915 6
1916 4
1917 1
1918 1
1919 1
1920 3
1921 2
1922 2
1923 2
1924 8
1925 2
1926 2
1927 3
1928 3
1929 4
1930 2
1931 3
1932 3
1933 3
1934 3
1935 2
1936 4
1937 1
1938 1
1939 1
1940 6
1941 2
1942 3
1943 4
1944 1
1945 3
1946 3
1947 2
1948 4
1949 3
1950 3
1951 3
1952 4
1953 4
1954 1
1955 1
1956 1
1957 4
1958 2
1959 4
1960 2
1961 1
1962 1
1963 4
1964 3
1965 4
1966 2
1967 2
1968 6
1969 2
1970 1
1971 2
1972 3
1973 1
1974 6
1975 4
1976 2
1977 4
1978 1
1979 4
1980 2
1981 2
1982 6
1983 2
1984 2
1985 2
1986 8
1987 3
1988 4
1989 2
1990 3
1991 3
1992 1
1993 1
1994 2
1995 2
1996 1
1997 2
1998 1
1999 1
2000 4
2001 3
2002 7
2003 1
2004 5
2005 1
2006 7
2007 1
2008 1
2009 2
2010 2
2011 3
2012 2
2013 4
2014 2
2015 1
2016 1
2017 3
2018 4
2019 1
2020 2
2021 1
2022 5
2023 2
2024 2
2025 2
2026 1
2027 6
2028 2
2029 3
2030 3
2031 1
2032 2
2033 3
2034 2
2035 1
2036 3
2037 1
2038 1
2039 7
2040 1
2041 2
2042 1
2043 2
2044 2
2045 1
2046 2
2047 1
2048 1
2049 1
2050 1
2051 2
2052 1
2053 1
2054 3
2055 1
2056 1
2057 2
2058 1
2059 1
2060 2
2061 2
2062 1
2063 2
2064 3
2065 7
2066 1
2067 3
2068 2
2069 4
2070 5
2071 1
2072 2
2073 5
2074 6
2075 1
2076 3
2077 3
2078 5
2079 2
2080 3
2081 3
2082 5
2083 2
2084 1
2085 6
2086 1
2087 2
2088 1
2089 3
2090 2
2091 1
2092 2
2093 3
2094 4
2095 2
2096 2
2097 1
2098 2
2099 1
2100 4
2101 7
2102 6
2103 1
2104 2
2105 1
2106 2
2107 3
2108 1
2109 4
2110 2
2111 6
2112 3
2113 1
2114 1
2115 1
2116 2
2117 2
2118 3
2119 2
2120 2
2121 3
2122 3
2123 2
2124 5
2125 3
2126 1
2127 1
2128 1
2129 3
2130 1
2131 2
2132 1
2133 1
2134 1
2135 2
2136 3
2137 5
2138 4
2139 1
2140 1
2141 1
2142 4
2143 1
2144 1
2145 3
2146 3
2147 3
2148 1
2149 2
2150 3
2151 2
2152 6
2153 5
2154 1
2155 2
2156 1
2157 1
2158 3
2159 2
2160 2
2161 2
2162 1
2163 2
2164 3
2165 1
2166 1
2167 2
2168 1
2169 2
2170 1
2171 3
2172 1
2173 2
2174 1
2175 2
2176 1
2177 4
2178 2
2179 2
2180 2
2181 1
2182 2
2183 5
2184 7
2185 1
2186 3
2187 1
2188 2
2189 3
2190 2
2191 1
2192 1
2193 2
2194 2
2195 3
2196 1
2197 1
2198 1
2199 4
2200 3
2201 2
2202 3
2203 1
2204 2
2205 3
2206 1
2207 2
2208 4
2209 1
2210 2
2211 3
2212 3
2213 4
2214 1
2215 1
2216 1
2217 1
2218 4
2219 3
2220 1
2221 2
2222 1
2223 2
2224 4
2225 3
2226 5
2227 1
2228 1
2229 1
2230 3
2231 2
2232 1
2233 1
2234 4
2235 4
2236 1
2237 3
2238 1
2239 1
2240 1
2241 1
2242 3
2243 1
2244 1
2245 1
2246 1
2247 2
2248 4
2249 1
2250 1
2251 1
2252 2
2253 2
2254 1
2255 1
2256 1
2257 2
2258 3
2259 1
2260 1
2261 2
2262 2
2263 1
2264 3
2265 2
2266 1
2267 1
2268 1
2269 3
2270 1
2271 2
2272 3
2273 6
2274 3
2275 1
2276 1
2277 6
2278 2
2279 1
2280 2
2281 1
2282 1
2283 2
2284 1
2285 1
2286 1
2287 1
2288 1
2289 4
2290 2
2291 1
2292 2
2293 2
2294 1
2295 2
2296 2
2297 1
2298 2
2299 3
2300 1
2301 2
2302 2
2303 1
2304 3
2305 1
2306 1
2307 1
2308 1
2309 3
2310 3
2311 2
2312 2
2313 2
2314 1
2315 2
2316 1
2317 1
2318 1
2319 1
2320 1
2321 2
2322 1
2323 2
2324 2
2325 1
2326 1
2327 1
2328 5
2329 12
2330 2
2331 4
2332 2
2333 1
2334 5
2335 4
2336 1
2337 2
2338 1
2339 3
2340 1
2341 3
2342 1
2343 2
2344 2
2345 2
2346 2
2347 1
2348 2
2349 1
2350 3
2351 6
2352 3
2353 4
2354 3
2355 1
2356 2
2357 2
2358 1
2359 7
2360 2
2361 2
2362 1
2363 3
2364 4
2365 4
2366 2
2367 2
2368 2
2369 4
2370 1
2371 1
2372 1
2373 3
2374 5
2375 3
2376 5
2377 3
2378 3
2379 4
2380 2
2381 5
2382 4
2383 1
2384 1
2385 3
2386 1
2387 2
2388 2
2389 3
2390 1
2391 3
2392 2
2393 1
2394 1
2395 1
2396 2
2397 1
2398 3
2399 2
2400 2
2401 1
2402 4
2403 1
2404 1
2405 4
2406 3
2407 1
2408 2
2409 3
2410 3
2411 3
2412 1
2413 2
2414 1
2415 1
2416 5
2417 1
2418 2
2419 3
2420 1
2421 2
2422 1
2423 1
2424 1
2425 4
2426 5
2427 2
2428 3
2429 4
2430 2
2431 2
2432 3
2433 2
2434 1
2435 1
2436 4
2437 1
2438 3
2439 3
2440 2
2441 1
2442 1
2443 2
2444 1
2445 4
2446 4
2447 1
2448 1
2449 4
2450 5
2451 4
2452 2
2453 1
2454 6
2455 1
2456 1
2457 1
2458 4
2459 1
2460 1
2461 2
2462 1
2463 1
2464 3
2465 1
2466 3
2467 2
2468 1
2469 2
2470 1
2471 5
2472 2
2473 1
2474 4
2475 1
2476 1
2477 1
2478 5
2479 2
2480 2
2481 1
2482 3
2483 3
2484 1
2485 1
2486 1
2487 1
2488 1
2489 2
2490 5
2491 1
2492 1
2493 4
2494 3
2495 1
2496 5
2497 1
2498 4
2499 1
2500 3
2501 1
2502 1
2503 1
2504 2
2505 4
2506 6
2507 2
2508 2
2509 1
2510 2
2511 1
2512 1
2513 4
2514 1
2515 1
2516 2
2517 1
2518 1
2519 3
2520 1
2521 7
2522 4
2523 2
2524 2
2525 1
2526 2
2527 1
2528 2
2529 1
2530 1
2531 1
2532 1
2533 1
2534 4
2535 1
2536 2
2537 1
2538 1
2539 1
2540 1
2541 6
2542 2
2543 2
2544 1
2545 1
2546 6
2547 1
2548 4
2549 3
2550 2
2551 2
2552 2
2553 5
2554 3
2555 2
2556 3
2557 3
2558 2
2559 5
2560 2
2561 4
2562 6
2563 3
2564 4
2565 1
2566 1
2567 2
2568 3
2569 1
2570 3
2571 3
2572 1
2573 2
2574 1
2575 1
2576 1
2577 4
2578 1
2579 3
2580 2
2581 5
2582 1
2583 3
2584 1
2585 1
2586 1
2587 1
2588 1
2589 1
2590 1
2591 4
2592 2
2593 1
2594 3
2595 3
2596 1
2597 1
2598 7
2599 1
2600 2
2601 2
2602 3
2603 1
2604 1
2605 1
2606 5
2607 1
2608 3
2609 1
2610 3
2611 2
2612 2
2613 2
2614 3
2615 2
2616 1
2617 6
2618 1
2619 2
2620 2
2621 2
2622 1
2623 1
2624 1
2625 1
2626 4
2627 2
2628 4
2629 3
2630 1
2631 1
2632 3
2633 1
2634 1
2635 2
2636 3
2637 1
2638 2
2639 4
2640 1
2641 3
2642 2
2643 3
2644 4
2645 4
2646 1
2647 4
2648 2
2649 1
2650 2
2651 6
2652 2
2653 2
2654 1
2655 5
2656 4
2657 4
2658 1
2659 2
2660 3
2661 1
2662 2
2663 1
2664 1
2665 1
2666 1
2667 1
2668 3
2669 2
2670 1
2671 5
2672 1
2673 1
2674 2
2675 2
2676 1
2677 4
2678 2
2679 3
2680 1
2681 2
2682 3
2683 4
2684 1
2685 2
2686 2
2687 7
2688 1
2689 1
2690 1
2691 1
2692 4
2693 5
2694 5
2695 3
2696 1
2697 4
2698 2
2699 4
2700 1
2701 5
2702 1
2703 1
2704 2
2705 7
2706 3
2707 3
2708 1
2709 3
2710 1
2711 2
2712 1
2713 2
2714 3
2715 4
2716 1
2717 1
2718 4
2719 3
2720 1
2721 5
2722 3
2723 1
2724 3
2725 2
2726 2
2727 1
2728 1
2729 2
2730 3
2731 2
2732 4
2733 3
2734 1
2735 1
2736 2
2737 2
2738 3
2739 3
2740 2
2741 2
2742 1
2743 1
2744 1
2745 3
2746 1
2747 1
2748 2
2749 3
2750 1
2751 2
2752 3
2753 4
2754 1
2755 3
2756 1
2757 2
2758 1
2759 1
2760 7
2761 1
2762 2
2763 1
2764 2
2765 3
2766 2
2767 2
2768 3
2769 1
2770 1
2771 2
2772 2
2773 4
2774 2
2775 3
2776 1
2777 3
2778 2
2779 3
2780 1
2781 2
2782 2
2783 2
2784 2
2785 3
2786 2
2787 1
2788 2
2789 3
2790 2
2791 2
2792 1
2793 1
2794 2
2795 1
2796 4
2797 2
2798 3
2799 2
2800 1
2801 3
2802 1
2803 2
2804 5
2805 1
2806 1
2807 3
2808 2
2809 3
2810 1
2811 2
2812 2
2813 2
2814 2
2815 1
2816 2
2817 2
2818 4
2819 2
2820 1
2821 6
2822 1
2823 2
2824 1
2825 2
2826 2
2827 4
2828 1
2829 3
2830 1
2831 1
2832 3
2833 1
2834 1
2835 1
2836 1
2837 1
2838 1
2839 4
2840 6
2841 1
2842 1
2843 1
2844 1
2845 1
2846 3
2847 1
2848 3
2849 3
2850 3
2851 3
2852 2
2853 1
2854 2
2855 1
2856 1
2857 1
2858 2
2859 3
2860 3
2861 1
2862 2
2863 1
2864 1
2865 1
2866 2
2867 1
2868 1
2869 1
2870 1
2871 1
2872 1
2873 2
2874 2
2875 3
2876 1
2877 1
2878 5
2879 5
2880 1
2881 3
2882 2
2883 2
2884 2
2885 1
2886 3
2887 1
2888 3
2889 2
2890 3
2891 1
2892 2
2893 2
2894 1
2895 4
2896 1
2897 4
2898 2
2899 2
2900 6
2901 5
2902 1
2903 2
2904 3
2905 2
2906 1
2907 2
2908 1
2909 3
2910 7
2911 1
2912 2
2913 2
2914 3
2915 1
2916 3
2917 2
2918 2
2919 2
2920 1
2921 2
2922 1
2923 2
2924 1
2925 1
2926 1
2927 1
2928 2
2929 1
2930 1
2931 3
2932 1
2933 2
2934 1
2935 1
2936 4
2937 4
2938 1
2939 3
2940 2
2941 2
2942 1
2943 2
2944 5
2945 2
2946 3
2947 2
2948 2
2949 1
2950 1
2951 1
2952 3
2953 1
2954 1
2955 1
2956 1
2957 2
2958 4
2959 3
2960 4
2961 2
2962 2
2963 1
2964 1
2965 1
2966 3
2967 3
2968 2
2969 1
2970 1
2971 2
2972 2
2973 1
2974 1
2975 2
2976 1
2977 1
2978 1
2979 1
2980 3
2981 1
2982 1
2983 2
2984 3
2985 1
2986 3
2987 2
2988 3
2989 2
2990 1
2991 1
2992 1
2993 1
2994 1
2995 3
2996 1
2997 3
2998 1
2999 1
3000 1
3001 3
3002 1
3003 1
3004 2
3005 1
3006 1
3007 4
3008 1
3009 1
3010 1
3011 2
3012 1
3013 2
3014 3
3015 1
3016 3
3017 2
3018 1
3019 1
3020 4
3021 2
3022 3
3023 2
3024 3
3025 2
3026 2
3027 1
3028 1
3029 6
3030 1
3031 2
3032 2
3033 3
3034 3
3035 1
3036 2
3037 2
3038 3
3039 1
3040 3
3041 1
3042 1
3043 2
3044 1
3045 4
3046 2
3047 1
3048 3
3049 2
3050 1
3051 2
3052 2
3053 1
3054 1
3055 3
3056 1
3057 4
3058 1
3059 1
3060 1
3061 10
3062 3
3063 1
3064 2
3065 1
3066 1
3067 1
3068 1
3069 2
3070 2
3071 4
3072 2
3073 1
3074 2
3075 3
3076 2
3077 1
3078 1
3079 5
3080 1
3081 1
3082 6
3083 2
3084 2
3085 2
3086 2
3087 1
3088 5
3089 3
3090 1
3091 1
3092 1
3093 1
3094 2
3095 2
3096 1
3097 1
3098 1
3099 2
3100 1
3101 3
3102 2
3103 2
3104 2
3105 2
3106 3
3107 1
3108 2
3109 1
3110 3
3111 3
3112 1
3113 1
3114 1
3115 5
3116 3
3117 1
3118 1
3119 1
3120 1
3121 1
3122 2
3123 1
3124 2
3125 3
3126 1
3127 1
3128 3
3129 4
3130 1
3131 1
3132 3
3133 3
3134 1
3135 5
3136 1
3137 1
3138 2
3139 1
3140 2
3141 2
3142 1
3143 1
3144 2
3145 2
3146 3
3147 2
3148 2
3149 2
3150 1
3151 8
3152 1
3153 2
3154 1
3155 1
3156 7
3157 1
3158 1
3159 3
3160 1
3161 4
3162 1
3163 3
3164 1
3165 1
3166 3
3167 1
3168 3
3169 2
3170 2
3171 1
3172 4
3173 1
3174 1
3175 3
3176 1
3177 1
3178 2
3179 2
3180 1
3181 1
3182 1
3183 3
3184 1
3185 1
3186 1
3187 2
3188 2
3189 2
3190 4
3191 1
3192 2
3193 2
3194 1
3195 1
3196 3
3197 2
3198 1
3199 1
3200 2
3201 1
3202 1
3203 4
3204 1
3205 2
3206 4
3207 1
3208 2
3209 1
3210 1
3211 1
3212 1
3213 1
3214 1
3215 1
3216 1
3217 1
3218 1
3219 1
3220 5
3221 1
3222 1
3223 1
3224 1
3225 1
3226 6
3227 2
3228 3
3229 3
3230 3
3231 1
3232 2
3233 2
3234 1
3235 4
3236 1
3237 1
3238 2
3239 1
3240 1
3241 4
3242 1
3243 4
3244 3
3245 1
3246 1
3247 1
3248 1
3249 3
3250 4
3251 1
3252 1
3253 1
3254 4
3255 1
3256 2
3257 1
3258 2
3259 2
3260 1
3261 1
3262 5
3263 1
3264 3
3265 2
3266 1
3267 1
3268 2
3269 1
3270 1
3271 1
3272 1
3273 1
3274 3
3275 2
3276 3
3277 1
3278 1
3279 2
3280 1
3281 2
3282 2
3283 2
3284 2
3285 5
3286 2
3287 2
3288 3
3289 2
3290 1
3291 2
3292 1
3293 1
3294 1
3295 1
3296 1
3297 2
3298 1
3299 1
3300 2
3301 1
3302 1
3303 1
3304 2
3305 1
3306 2
3307 2
3308 1
3309 1
3310 1
3311 5
3312 1
3313 2
3314 2
3315 2
3316 2
3317 1
3318 1
3319 3
3320 4
3321 1
3322 2
3323 1
3324 2
3325 1
3326 2
3327 4
3328 3
3329 3
3330 2
3331 1
3332 3
3333 2
3334 1
3335 7
3336 1
3337 2
3338 2
3339 1
3340 2
3341 2
3342 1
3343 2
3344 2
3345 1
3346 2
3347 1
3348 3
3349 3
3350 2
3351 4
3352 2
3353 1
3354 1
3355 2
3356 2
3357 1
3358 2
3359 1
3360 1
3361 2
3362 2
3363 1
3364 1
3365 1
3366 1
3367 2
3368 2
3369 2
3370 1
3371 1
3372 3
3373 3
3374 2
3375 5
3376 1
3377 6
3378 4
3379 2
3380 2
3381 1
3382 1
3383 4
3384 1
3385 4
3386 2
3387 1
3388 1
3389 3
3390 2
3391 3
3392 6
3393 2
3394 2
3395 1
3396 3
3397 1
3398 1
3399 1
3400 2
3401 1
3402 2
3403 1
3404 1
3405 3
3406 5
3407 3
3408 2
3409 2
3410 2
3411 2
3412 3
3413 1
3414 3
3415 1
3416 1
3417 1
3418 4
3419 2
3420 3
3421 2
3422 1
3423 3
3424 2
3425 2
3426 4
3427 2
3428 1
3429 2
3430 1
3431 1
3432 3
3433 4
3434 1
3435 3
3436 2
3437 1
3438 1
3439 1
3440 2
3441 2
3442 2
3443 1
3444 1
3445 3
3446 2
3447 2
3448 1
3449 4
3450 1
3451 1
3452 1
3453 2
3454 1
3455 1
3456 1
3457 2
3458 1
3459 2
3460 1
3461 2
3462 2
3463 1
3464 1
3465 1
3466 2
3467 4
3468 2
3469 1
3470 7
3471 3
3472 2
3473 1
3474 3
3475 1
3476 1
3477 1
3478 4
3479 4
3480 1
3481 1
3482 1
3483 1
3484 1
3485 2
3486 4
3487 2
3488 3
3489 4
3490 1
3491 1
3492 2
3493 3
3494 3
3495 3
3496 1
3497 2
3498 1
3499 1
3500 1
3501 1
3502 1
3503 1
3504 2
3505 1
3506 1
3507 4
3508 1
3509 3
3510 1
3511 1
3512 2
3513 1
3514 1
3515 1
3516 3
3517 1
3518 3
3519 1
3520 2
3521 1
3522 1
3523 3
3524 2
3525 1
3526 1
3527 1
3528 1
3529 1
3530 2
3531 2
3532 3
3533 1
3534 2
3535 1
3536 1
3537 1
3538 2
3539 1
3540 1
3541 1
3542 5
3543 1
3544 1
3545 1
3546 3
3547 6
3548 4
3549 3
3550 1
3551 1
3552 1
3553 3
3554 1
3555 2
3556 1
3557 1
3558 5
3559 1
3560 1
3561 4
3562 2
3563 2
3564 3
3565 1
3566 1
3567 3
3568 2
3569 2
3570 1
3571 1
3572 2
3573 1
3574 4
3575 1
3576 3
3577 2
3578 1
3579 1
3580 4
3581 3
3582 1
3583 2
3584 2
3585 3
3586 3
3587 1
3588 2
3589 1
3590 1
3591 1
3592 1
3593 2
3594 3
3595 1
3596 1
3597 2
3598 1
3599 2
3600 2
3601 3
3602 3
3603 1
3604 1
3605 2
3606 1
3607 4
3608 1
3609 3
3610 1
3611 3
3612 1
3613 1
3614 4
3615 2
3616 1
3617 3
3618 2
3619 3
3620 1
3621 2
3622 1
3623 2
3624 1
3625 3
3626 2
3627 1
3628 1
3629 1
3630 3
3631 2
3632 4
3633 1
3634 2
3635 2
3636 1
3637 1
3638 1
3639 2
3640 2
3641 2
3642 1
3643 1
3644 5
3645 1
3646 1
3647 3
3648 7
3649 4
3650 3
3651 3
3652 1
3653 1
3654 1
3655 3
3656 3
3657 3
3658 1
3659 1
3660 1
3661 1
3662 1
3663 6
3664 1
3665 1
3666 5
3667 2
3668 1
3669 1
3670 1
3671 1
3672 2
3673 3
3674 1
3675 2
3676 2
3677 3
3678 1
3679 3
3680 1
3681 1
3682 4
3683 1
3684 1
3685 3
3686 1
3687 2
3688 1
3689 3
3690 4
3691 1
3692 2
3693 1
3694 1
3695 1
3696 1
3697 1
3698 2
3699 2
3700 1
3701 3
3702 1
3703 4
3704 5
3705 1
3706 3
3707 1
3708 1
3709 1
3710 3
3711 1
3712 2
3713 1
3714 1
3715 1
3716 2
3717 1
3718 1
3719 1
3720 1
3721 1
3722 1
3723 1
3724 2
3725 1
3726 2
3727 1
3728 3
3729 1
3730 2
3731 1
3732 1
3733 1
3734 2
3735 2
3736 2
3737 1
3738 3
3739 1
3740 1
3741 1
3742 1
3743 1
3744 1
3745 1
3746 1
3747 3
3748 2
3749 2
3750 1
3751 2
3752 1
3753 2
3754 1
3755 1
3756 4
3757 2
3758 1
3759 1
3760 2
3761 1
3762 1
3763 3
3764 3
3765 1
3766 1
3767 3
3768 1
3769 2
3770 2
3771 1
3772 1
3773 1
3774 1
3775 2
3776 1
3777 2
3778 1
3779 3
3780 1
3781 2
3782 3
3783 2
3784 1
3785 1
3786 2
3787 1
3788 3
3789 1
3790 1
3791 1
3792 2
3793 2
3794 1
3795 1
3796 2
3797 1
3798 3
3799 5
3800 3
3801 2
3802 2
3803 1
3804 1
3805 1
3806 1
3807 1
3808 3
3809 2
3810 4
3811 1
3812 6
3813 1
3814 1
3815 4
3816 2
3817 1
3818 5
3819 1
3820 1
3821 1
3822 2
3823 1
3824 1
3825 1
3826 1
3827 2
3828 2
3829 4
3830 2
3831 4
3832 1
3833 1
3834 1
3835 1
3836 4
3837 1
3838 2
3839 3
3840 4
3841 3
3842 3
3843 2
3844 3
3845 3
3846 1
3847 1
3848 1
3849 2
3850 1
3851 1
3852 1
3853 1
3854 1
3855 3
3856 2
3857 2
3858 3
3859 6
3860 1
3861 2
3862 1
3863 2
3864 1
3865 1
3866 2
3867 1
3868 4
3869 2
3870 1
3871 2
3872 1
3873 1
3874 2
3875 3
3876 2
3877 1
3878 1
3879 2
3880 3
3881 2
3882 2
3883 1
3884 1
3885 1
3886 1
3887 1
3888 2
3889 1
3890 2
3891 2
3892 2
3893 2
3894 2
3895 1
3896 3
3897 1
3898 1
3899 1
3900 1
3901 1
3902 2
3903 1
3904 2
3905 2
3906 4
3907 2
3908 1
3909 2
3910 1
3911 1
3912 1
3913 1
3914 3
3915 5
3916 2
3917 1
3918 1
3919 1
3920 1
3921 2
3922 1
3923 1
3924 1
3925 1
3926 1
3927 2
3928 4
3929 2
3930 2
3931 2
3932 1
3933 4
3934 3
3935 1
3936 2
3937 1
3938 2
3939 2
3940 3
3941 1
3942 2
3943 1
3944 1
3945 1
3946 1
3947 3
3948 1
3949 1
3950 1
3951 1
3952 1
3953 2
3954 1
3955 1
3956 1
3957 2
3958 1
3959 1
3960 2
3961 1
3962 1
3963 1
3964 1
3965 1
3966 2
3967 4
3968 1
3969 1
3970 1
3971 2
3972 1
3973 1
3974 1
3975 2
3976 1
3977 1
3978 1
3979 3
3980 1
3981 3
3982 1
3983 1
3984 3
3985 1
3986 1
3987 4
3988 2
3989 1
3990 1
3991 2
3992 2
3993 2
3994 1
3995 1
3996 2
3997 1
3998 2
3999 2
4000 4
4001 2
4002 2
4003 3
4004 1
4005 2
4006 1
4007 2
4008 1
4009 3
4010 1
4011 1
4012 2
4013 1
4014 1
4015 2
4016 3
4017 1
4018 3
4019 1
4020 1
4021 2
4022 1
4023 2
4024 1
4025 1
4026 1
4027 1
4028 2
4029 2
4030 2
4031 2
4032 1
4033 1
4034 1
4035 1
4036 3
4037 2
4038 1
4039 1
4040 2
4041 2
4042 1
4043 1
4044 1
4045 1
4046 1
4047 1
4048 1
4049 2
4050 2
4051 2
4052 2
4053 1
4054 1
4055 1
4056 4
4057 2
4058 2
4059 1
4060 1
4061 1
4062 1
4063 2
4064 1
4065 2
4066 2
4067 2
4068 3
4069 2
4070 1
4071 2
4072 2
4073 1
4074 2
4075 1
4076 2
4077 1
4078 1
4079 2
4080 1
4081 1
4082 2
4083 1
4084 1
4085 2
4086 1
4087 1
4088 1
4089 1
4090 1
4091 2
4092 1
4093 2
4094 2
4095 1
4096 2
4097 1
4098 1
4099 3
4100 2
4101 2
4102 1
4103 4
4104 1
4105 1
4106 1
4107 1
4108 4
4109 1
4110 1
4111 2
4112 1
4113 1
4114 3
4115 1
4116 1
4117 2
4118 3
4119 2
4120 2
4121 2
4122 1
4123 1
4124 1
4125 2
4126 6
4127 2
4128 2
4129 4
4130 2
4131 1
4132 1
4133 2
4134 1
4135 2
4136 1
4137 2
4138 3
4139 4
4140 1
4141 1
4142 1
4143 1
4144 1
4145 1
4146 1
4147 3
4148 1
4149 2
4150 1
4151 1
4152 1
4153 1
4154 1
4155 1
4156 1
4157 1
4158 1
4159 1
4160 2
4161 2
4162 1
4163 2
4164 2
4165 2
4166 1
4167 1
4168 4
4169 2
4170 1
4171 1
4172 1
4173 1
4174 3
4175 1
4176 3
4177 1
4178 2
4179 2
4180 1
4181 2
4182 1
4183 2
4184 2
4185 1
4186 2
4187 1
4188 2
4189 1
4190 1
4191 2
4192 2
4193 1
4194 1
4195 1
4196 1
4197 1
4198 1
4199 2
4200 1
4201 2
4202 1
4203 3
4204 1
4205 1
4206 1
4207 2
4208 2
4209 1
4210 1
4211 3
4212 2
4213 2
4214 2
4215 2
4216 2
4217 1
4218 4
4219 1
4220 1
4221 2
4222 2
4223 1
4224 1
4225 2
4226 1
4227 2
4228 1
4229 5
4230 1
4231 1
4232 2
4233 1
4234 2
4235 1
4236 2
4237 2
4238 2
4239 2
4240 2
4241 1
4242 2
4243 1
4244 1
4245 2
4246 3
4247 2
4248 1
4249 3
4250 1
4251 1
4252 1
4253 1
4254 1
4255 3
4256 1
4257 3
4258 2
4259 1
4260 2
4261 3
4262 1
4263 2
4264 3
4265 1
4266 1
4267 2
4268 2
4269 2
4270 2
4271 2
4272 3
4273 1
4274 2
4275 1
4276 1
4277 1
4278 1
4279 1
4280 3
4281 2
4282 1
4283 1
4284 1
4285 1
4286 2
4287 1
4288 2
4289 1
4290 3
4291 1
4292 2
4293 1
4294 2
4295 4
4296 1
4297 1
4298 2
4299 2
4300 4
4301 2
4302 2
4303 1
4304 1
4305 2
4306 1
4307 5
4308 3
4309 3
4310 1
4311 2
4312 1
4313 1
4314 2
4315 2
4316 1
4317 2
4318 1
4319 2
4320 3
4321 1
4322 3
4323 2
4324 1
4325 1
4326 1
4327 1
4328 3
4329 1
4330 2
4331 5
4332 1
4333 2
4334 2
4335 3
4336 1
4337 2
4338 1
4339 2
4340 2
4341 1
4342 2
4343 4
4344 2
4345 4
4346 1
4347 2
4348 2
4349 2
4350 1
4351 1
4352 2
4353 1
4354 1
4355 1
4356 2
4357 4
4358 2
4359 1
4360 1
4361 1
4362 2
4363 1
4364 1
4365 3
4366 3
4367 1
4368 2
4369 1
4370 1
4371 1
4372 1
4373 3
4374 1
4375 1
4376 1
4377 2
4378 1
4379 2
4380 3
4381 1
4382 3
4383 1
4384 1
4385 1
4386 2
4387 2
4388 2
4389 1
4390 4
4391 2
4392 1
4393 1
4394 3
4395 1
4396 1
4397 2
4398 3
4399 5
4400 2
4401 1
4402 2
4403 3
4404 1
4405 1
4406 2
4407 1
4408 1
4409 1
4410 1
4411 1
4412 2
4413 1
4414 1
4415 5
4416 2
4417 1
4418 5
4419 2
4420 1
4421 1
4422 1
4423 1
4424 2
4425 2
4426 4
4427 1
4428 1
4429 3
4430 1
4431 1
4432 1
4433 1
4434 1
4435 2
4436 2
4437 1
4438 2
4439 1
4440 2
4441 1
4442 2
4443 2
4444 1
4445 1
4446 1
4447 1
4448 1
4449 1
4450 1
4451 2
4452 1
4453 3
4454 2
4455 4
4456 3
4457 1
4458 2
4459 1
4460 1
4461 2
4462 2
4463 1
4464 3
4465 2
4466 1
4467 1
4468 2
4469 2
4470 2
4471 2
4472 1
4473 1
4474 3
4475 1
4476 2
4477 1
4478 3
4479 1
4480 1
4481 1
4482 2
4483 1
4484 1
4485 1
4486 2
4487 1
4488 2
4489 1
4490 1
4491 1
4492 1
4493 1
4494 2
4495 1
4496 1
4497 1
4498 1
4499 2
4500 1
4501 2
4502 1
4503 2
4504 2
4505 2
4506 1
4507 1
4508 1
4509 2
4510 2
4511 1
4512 1
4513 2
4514 2
4515 1
4516 3
4517 3
4518 2
4519 2
4520 2
4521 1
4522 1
4523 1
4524 1
4525 1
4526 1
4527 3
4528 1
4529 2
4530 1
4531 3
4532 1
4533 2
4534 1
4535 3
4536 1
4537 1
4538 5
4539 1
4540 2
4541 1
4542 1
4543 2
4544 1
4545 1
4546 1
4547 2
4548 1
4549 1
4550 1
4551 2
4552 1
4553 1
4554 3
4555 1
4556 1
4557 1
4558 1
4559 1
4560 1
4561 1
4562 6
4563 1
4564 5
4565 1
4566 1
4567 2
4568 6
4569 1
4570 1
4571 1
4572 4
4573 2
4574 1
4575 1
4576 1
4577 2
4578 1
4579 3
4580 1
4581 1
4582 1
4583 2
4584 1
4585 4
4586 1
4587 1
4588 3
4589 2
4590 2
4591 1
4592 2
4593 4
4594 2
4595 1
4596 1
4597 2
4598 1
4599 1
4600 2
4601 1
4602 2
4603 2
4604 2
4605 2
4606 1
4607 1
4608 3
4609 3
4610 1
4611 2
4612 1
4613 1
4614 2
4615 1
4616 1
4617 2
4618 2
4619 1
4620 2
4621 3
4622 2
4623 1
4624 1
4625 2
4626 2
4627 2
4628 1
4629 1
4630 2
4631 2
4632 1
4633 1
4634 1
4635 1
4636 1
4637 2
4638 2
4639 4
4640 1
4641 4
4642 1
4643 2
4644 1
4645 2
4646 1
4647 2
4648 1
4649 3
4650 1
4651 2
4652 1
4653 1
4654 3
4655 3
4656 1
4657 3
4658 1
4659 2
4660 2
4661 1
4662 1
4663 1
4664 1
4665 3
4666 1
4667 1
4668 1
4669 1
4670 1
4671 4
4672 2
4673 2
4674 1
4675 1
4676 1
4677 1
4678 1
4679 1
4680 1
4681 2
4682 1
4683 1
4684 2
4685 2
4686 2
4687 1
4688 1
4689 1
4690 3
4691 2
4692 2
4693 1
4694 2
4695 1
4696 3
4697 3
4698 1
4699 1
4700 1
4701 1
4702 1
4703 2
4704 2
4705 1
4706 2
4707 2
4708 2
4709 2
4710 2
4711 2
4712 1
4713 1
4714 1
4715 1
4716 1
4717 2
4718 2
4719 1
4720 2
4721 1
4722 1
4723 1
4724 1
4725 1
4726 2
4727 2
4728 2
4729 2
4730 1
4731 2
4732 1
4733 2
4734 1
4735 1
4736 1
4737 1
4738 1
4739 1
4740 2
4741 1
4742 1
4743 1
4744 1
4745 2
4746 1
4747 1
4748 2
4749 2
4750 2
4751 1
4752 2
4753 4
4754 2
4755 3
4756 3
4757 1
4758 1
4759 1
4760 2
4761 2
4762 1
4763 1
4764 1
4765 1
4766 1
4767 2
4768 1
4769 1
4770 5
4771 2
4772 1
4773 1
4774 1
4775 1
4776 2
4777 1
4778 1
4779 1
4780 1
4781 2
4782 2
4783 1
4784 3
4785 2
4786 1
4787 2
4788 1
4789 1
4790 1
4791 1
4792 1
4793 2
4794 1
4795 1
4796 1
4797 1
4798 1
4799 2
4800 1
4801 2
4802 2
4803 3
4804 2
4805 3
4806 1
4807 2
4808 3
4809 1
4810 2
4811 1
4812 3
4813 1
4814 1
4815 1
4816 2
4817 2
4818 3
4819 1
4820 1
4821 2
4822 2
4823 3
4824 1
4825 2
4826 2
4827 1
4828 2
4829 3
4830 3
4831 1
4832 1
4833 1
4834 2
4835 2
4836 2
4837 2
4838 1
4839 1
4840 1
4841 2
4842 1
4843 2
4844 1
4845 2
4846 3
4847 1
4848 1
4849 1
4850 1
4851 3
4852 1
4853 1
4854 2
4855 2
4856 1
4857 1
4858 1
4859 1
4860 3
4861 2
4862 2
4863 2
4864 1
4865 2
4866 2
4867 1
4868 2
4869 3
4870 1
4871 1
4872 1
4873 1
4874 2
4875 2
4876 4
4877 1
4878 1
4879 1
4880 1
4881 1
4882 3
4883 1
4884 1
4885 2
4886 1
4887 1
4888 1
4889 2
4890 1
4891 1
4892 2
4893 1
4894 2
4895 1
4896 3
4897 1
4898 2
4899 1
4900 1
4901 3
4902 1
4903 2
4904 3
4905 2
4906 2
4907 2
4908 1
4909 1
4910 1
4911 1
4912 1
4913 1
4914 1
4915 1
4916 1
4917 2
4918 1
4919 1
4920 1
4921 2
4922 2
4923 1
4924 1
4925 1
4926 1
4927 1
4928 3
4929 3
4930 1
4931 1
4932 3
4933 1
4934 2
4935 3
4936 1
4937 1
4938 1
4939 2
4940 1
4941 1
4942 1
4943 2
4944 1
4945 3
4946 1
4947 1
4948 2
4949 2
4950 1
4951 3
4952 2
4953 2
4954 2
4955 1
4956 1
4957 1
4958 1
4959 1
4960 2
4961 1
4962 2
4963 2
4964 1
4965 2
4966 1
4967 1
4968 2
4969 2
4970 1
4971 1
4972 1
4973 1
4974 1
4975 2
4976 1
4977 1
4978 1
4979 1
4980 1
4981 1
4982 1
4983 1
4984 1
4985 2
4986 2
4987 1
4988 1
4989 1
4990 1
4991 1
4992 1
4993 2
4994 1
4995 2
4996 1
4997 1
4998 2
4999 2
5000 3
5001 1
5002 1
5003 1
5004 1
5005 2
5006 2
5007 1
5008 1
5009 1
5010 1
5011 2
5012 1
5013 2
5014 1
5015 2
5016 1
5017 1
5018 1
5019 1
5020 1
5021 1
5022 1
5023 1
5024 1
5025 1
5026 1
5027 1
5028 3
5029 1
5030 2
5031 1
5032 3
5033 1
5034 3
5035 1
5036 2
5037 2
5038 1
5039 2
5040 1
5041 1
5042 1
5043 2
5044 1
5045 1
5046 2
5047 6
5048 1
5049 3
5050 2
5051 1
5052 1
5053 2
5054 1
5055 2
5056 1
5057 1
5058 2
5059 1
5060 1
5061 2
5062 1
5063 1
5064 3
5065 1
5066 2
5067 1
5068 2
5069 2
5070 2
5071 1
5072 1
5073 1
5074 1
5075 1
5076 3
5077 1
5078 2
5079 1
5080 2
5081 2
5082 1
5083 1
5084 1
5085 1
5086 1
5087 1
5088 1
5089 1
5090 1
5091 1
5092 2
5093 1
5094 1
5095 5
5096 2
5097 1
5098 1
5099 2
5100 1
5101 1
5102 1
5103 1
5104 1
5105 1
5106 1
5107 1
5108 1
5109 2
5110 1
5111 2
5112 1
5113 3
5114 1
5115 1
5116 1
5117 3
5118 1
5119 2
5120 1
5121 1
5122 1
5123 1
5124 4
5125 1
5126 1
5127 2
5128 1
5129 1
5130 2
5131 2
5132 3
5133 1
5134 3
5135 1
5136 1
5137 1
5138 2
5139 1
5140 1
5141 1
5142 2
5143 1
5144 2
5145 1
5146 1
5147 1
5148 2
5149 2
5150 1
5151 2
5152 1
5153 1
5154 1
5155 2
5156 1
5157 3
5158 1
5159 2
5160 1
5161 1
5162 2
5163 2
5164 1
5165 4
5166 4
5167 2
5168 1
5169 2
5170 2
5171 1
5172 4
5173 1
5174 1
5175 1
5176 1
5177 1
5178 1
5179 2
5180 1
5181 3
5182 1
5183 1
5184 2
5185 1
5186 1
5187 1
5188 2
5189 2
5190 2
5191 2
5192 1
5193 1
5194 1
5195 2
5196 1
5197 1
5198 3
5199 1
5200 1
5201 2
5202 1
5203 1
5204 2
5205 2
5206 1
5207 1
5208 2
5209 2
5210 1
5211 2
5212 1
5213 1
5214 3
5215 1
5216 4
5217 1
5218 2
5219 1
5220 1
5221 1
5222 1
5223 3
5224 1
5225 3
5226 2
5227 1
5228 1
5229 3
5230 1
5231 2
5232 1
5233 1
5234 1
5235 1
5236 1
5237 1
5238 1
5239 1
5240 1
5241 2
5242 1
5243 1
5244 1
5245 2
5246 1
5247 1
5248 1
5249 1
5250 2
5251 3
5252 1
5253 2
5254 1
5255 2
5256 2
5257 1
5258 1
5259 1
5260 4
5261 1
5262 1
5263 1
5264 2
5265 2
5266 3
5267 2
5268 3
5269 1
5270 1
5271 2
5272 2
5273 1
5274 2
5275 1
5276 1
5277 1
5278 1
5279 1
5280 1
5281 2
5282 1
5283 1
5284 1
5285 1
5286 1
5287 1
5288 1
5289 1
5290 1
5291 2
5292 1
5293 1
5294 2
5295 2
5296 1
5297 1
5298 1
5299 2
5300 1
5301 3
5302 2
5303 1
5304 1
5305 2
5306 1
5307 1
5308 1
5309 1
5310 1
5311 3
5312 2
5313 1
5314 1
5315 2
5316 2
5317 1
5318 1
5319 3
5320 4
5321 2
5322 2
5323 4
5324 1
5325 3
5326 2
5327 1
5328 1
5329 1
5330 1
5331 2
5332 1
5333 1
5334 1
5335 3
5336 1
5337 1
5338 1
5339 1
5340 1
5341 1
5342 1
5343 2
5344 1
5345 1
5346 1
5347 2
5348 1
5349 2
5350 1
5351 1
5352 1
5353 2
5354 1
5355 1
5356 2
5357 1
5358 1
5359 1
5360 3
5361 3
5362 2
5363 2
5364 1
5365 1
5366 1
5367 1
5368 1
5369 1
5370 3
5371 1
5372 2
5373 1
5374 1
5375 1
5376 2
5377 1
5378 2
5379 1
5380 1
5381 1
5382 2
5383 2
5384 1
5385 1
5386 2
5387 1
5388 1
5389 1
5390 2
5391 2
5392 2
5393 1
5394 1
5395 1
5396 1
5397 2
5398 1
5399 2
5400 1
5401 1
5402 3
5403 1
5404 1
5405 1
5406 1
5407 1
5408 1
5409 3
5410 2
5411 1
5412 2
5413 1
5414 1
5415 4
5416 2
5417 2
5418 2
5419 1
5420 2
5421 1
5422 3
5423 2
5424 1
5425 1
5426 2
5427 1
5428 3
5429 1
5430 1
5431 1
5432 1
5433 2
5434 1
5435 1
5436 1
5437 2
5438 1
5439 2
5440 4
5441 2
5442 1
5443 1
5444 1
5445 2
5446 3
5447 1
5448 2
5449 2
5450 1
5451 1
5452 1
5453 1
5454 2
5455 1
5456 1
5457 3
5458 1
5459 1
5460 2
5461 1
5462 3
5463 2
5464 2
5465 1
5466 4
5467 1
5468 3
5469 2
5470 2
5471 1
5472 3
5473 3
5474 1
5475 3
5476 3
5477 1
5478 1
5479 1
5480 2
5481 1
5482 1
5483 3
5484 2
5485 1
5486 2
5487 1
5488 1
5489 1
5490 3
5491 1
5492 4
5493 2
5494 2
5495 2
5496 3
5497 1
5498 3
5499 1
5500 1
5501 1
5502 1
5503 1
5504 2
5505 1
5506 1
5507 1
5508 1
5509 1
5510 1
5511 2
5512 1
5513 1
5514 1
5515 1
5516 1
5517 1
5518 1
5519 2
5520 2
5521 1
5522 1
5523 1
5524 1
5525 1
5526 1
5527 2
5528 1
5529 2
5530 2
5531 2
5532 4
5533 2
5534 1
5535 1
5536 1
5537 3
5538 1
5539 2
5540 1
5541 1
5542 1
5543 1
5544 1
5545 1
5546 1
5547 1
5548 1
5549 1
5550 1
5551 2
5552 1
5553 2
5554 2
5555 1
5556 1
5557 1
5558 1
5559 1
5560 1
5561 2
5562 1
5563 1
5564 1
5565 1
5566 2
5567 1
5568 1
5569 2
5570 1
5571 1
5572 1
5573 1
5574 2
5575 2
5576 1
5577 1
5578 2
5579 1
5580 2
5581 3
5582 1
5583 1
5584 2
5585 1
5586 1
5587 2
5588 3
5589 3
5590 4
5591 1
5592 1
5593 1
5594 2
5595 2
5596 2
5597 3
5598 2
5599 1
5600 4
5601 1
5602 1
5603 2
5604 1
5605 1
5606 1
5607 1
5608 2
5609 2
5610 2
5611 1
5612 2
5613 2
5614 1
5615 2
5616 1
5617 1
5618 1
5619 1
5620 1
5621 3
5622 1
5623 2
5624 1
5625 2
5626 1
5627 1
5628 1
5629 1
5630 1
5631 1
5632 1
5633 1
5634 2
5635 1
5636 1
5637 3
5638 1
5639 1
5640 1
5641 1
5642 2
5643 1
5644 1
5645 1
5646 1
5647 2
5648 1
5649 1
5650 2
5651 1
5652 1
5653 1
5654 2
5655 2
5656 1
5657 3
5658 1
5659 1
5660 2
5661 2
5662 1
5663 1
5664 1
5665 1
5666 2
5667 1
5668 2
5669 1
5670 1
5671 1
5672 2
5673 2
5674 2
5675 2
5676 1
5677 2
5678 1
5679 1
5680 2
5681 3
5682 2
5683 1
5684 1
5685 2
5686 1
5687 2
5688 1
5689 2
5690 1
5691 3
5692 1
5693 2
5694 2
5695 2
5696 2
5697 1
5698 2
5699 1
5700 1
5701 1
5702 2
5703 1
5704 2
5705 1
5706 1
5707 1
5708 1
5709 4
5710 1
5711 2
5712 1
5713 1
5714 1
5715 2
5716 1
5717 1
5718 1
5719 2
5720 1
5721 1
5722 2
5723 1
5724 2
5725 1
5726 1
5727 1
5728 2
5729 1
5730 1
5731 1
5732 1
5733 1
5734 2
5735 1
5736 1
5737 1
5738 1
5739 1
5740 2
5741 1
5742 2
5743 1
5744 1
5745 2
5746 1
5747 1
5748 3
5749 2
5750 3
5751 2
5752 1
5753 3
5754 2
5755 1
5756 1
5757 1
5758 3
5759 1
5760 1
5761 1
5762 1
5763 2
5764 1
5765 1
5766 1
5767 2
5768 1
5769 1
5770 1
5771 2
5772 1
5773 1
5774 1
5775 2
5776 1
5777 1
5778 1
5779 1
5780 1
5781 1
5782 1
5783 2
5784 1
5785 1
5786 1
5787 1
5788 1
5789 2
5790 1
5791 1
5792 2
5793 1
5794 1
5795 1
5796 1
5797 1
5798 2
5799 2
5800 2
5801 1
5802 1
5803 1
5804 1
5805 2
5806 1
5807 2
5808 2
5809 1
5810 2
5811 2
5812 3
5813 2
5814 1
5815 1
5816 1
5817 1
5818 2
5819 1
5820 1
5821 1
5822 2
5823 1
5824 1
5825 2
5826 1
5827 1
5828 2
5829 1
5830 1
5831 1
5832 1
5833 1
5834 2
5835 1
5836 1
5837 1
5838 2
5839 1
5840 4
5841 1
5842 1
5843 1
5844 1
5845 2
5846 1
5847 1
5848 1
5849 1
5850 1
5851 1
5852 1
5853 1
5854 4
5855 2
5856 2
5857 2
5858 2
5859 1
5860 2
5861 2
5862 4
5863 1
5864 4
5865 1
5866 5
5867 1
5868 1
5869 1
5870 1
5871 1
5872 1
5873 2
5874 1
5875 1
5876 2
5877 3
5878 1
5879 1
5880 1
5881 3
5882 1
5883 1
5884 1
5885 4
5886 3
5887 1
5888 1
5889 1
5890 1
5891 2
5892 1
5893 1
5894 1
5895 1
5896 1
5897 1
5898 1
5899 3
5900 2
5901 1
5902 1
5903 1
5904 1
5905 1
5906 2
5907 2
5908 1
5909 1
5910 1
5911 2
5912 3
5913 2
5914 2
5915 1
5916 1
5917 1
5918 1
5919 1
5920 1
5921 2
5922 1
5923 1
5924 1
5925 3
5926 1
5927 2
5928 1
5929 1
5930 1
5931 1
5932 2
5933 1
5934 2
5935 1
5936 1
5937 1
5938 3
5939 1
5940 1
5941 1
5942 2
5943 1
5944 1
5945 2
5946 1
5947 1
5948 2
5949 1
5950 1
5951 2
5952 1
5953 1
5954 1
5955 1
5956 2
5957 1
5958 1
5959 1
5960 1
5961 1
5962 1
5963 3
5964 1
5965 4
5966 3
5967 2
5968 1
5969 1
5970 2
5971 1
5972 1
5973 1
5974 2
5975 1
5976 1
5977 2
5978 2
5979 1
5980 1
5981 1
5982 1
5983 1
5984 1
5985 1
5986 2
5987 1
5988 1
5989 1
5990 1
5991 1
5992 1
5993 1
5994 2
5995 2
5996 1
5997 1
5998 4
5999 1
6000 1
6001 1
6002 1
6003 2
6004 2
6005 1
6006 2
6007 1
6008 2
6009 1
6010 1
6011 1
6012 2
6013 1
6014 1
6015 1
6016 2
6017 1
6018 1
6019 2
6020 2
6021 1
6022 1
6023 3
6024 1
6025 1
6026 2
6027 1
6028 3
6029 1
6030 2
6031 1
6032 1
6033 1
6034 1
6035 2
6036 1
6037 1
6038 2
6039 1
6040 1
6041 2
6042 1
6043 1
6044 2
6045 1
6046 1
6047 1
6048 2
6049 1
6050 1
6051 1
6052 2
6053 3
6054 1
6055 2
6056 2
6057 2
6058 1
6059 1
6060 1
6061 1
6062 2
6063 1
6064 1
6065 2
6066 1
6067 2
6068 1
6069 1
6070 2
6071 1
6072 1
6073 1
6074 2
6075 1
6076 1
6077 1
6078 1
6079 3
6080 1
6081 1
6082 3
6083 2
6084 1
6085 2
6086 2
6087 2
6088 2
6089 1
6090 2
6091 1
6092 1
6093 2
6094 1
6095 1
6096 1
6097 1
6098 1
6099 1
6100 1
6101 1
6102 2
6103 2
6104 2
6105 2
6106 2
6107 1
6108 1
6109 2
6110 5
6111 2
6112 1
6113 3
6114 3
6115 1
6116 1
6117 2
6118 3
6119 1
6120 1
6121 1
6122 1
6123 1
6124 1
6125 1
6126 1
6127 1
6128 2
6129 2
6130 2
6131 1
6132 2
6133 1
6134 1
6135 2
6136 1
6137 1
6138 1
6139 1
6140 1
6141 1
6142 1
6143 2
6144 2
6145 1
6146 2
6147 1
6148 1
6149 1
6150 1
6151 1
6152 1
6153 1
6154 1
6155 1
6156 1
6157 1
6158 1
6159 1
6160 1
6161 3
6162 1
6163 1
6164 2
6165 1
6166 1
6167 2
6168 1
6169 1
6170 1
6171 1
6172 1
6173 1
6174 1
6175 1
6176 1
6177 2
6178 2
6179 1
6180 1
6181 1
6182 1
6183 1
6184 3
6185 1
6186 1
6187 1
6188 1
6189 2
6190 1
6191 1
6192 1
6193 2
6194 1
6195 1
6196 1
6197 1
6198 1
6199 1
6200 2
6201 1
6202 2
6203 1
6204 3
6205 1
6206 1
6207 4
6208 1
6209 1
6210 3
6211 1
6212 1
6213 2
6214 2
6215 2
6216 1
6217 1
6218 1
6219 1
6220 1
6221 2
6222 2
6223 2
6224 2
6225 1
6226 1
6227 1
6228 1
6229 1
6230 1
6231 1
6232 1
6233 1
6234 2
6235 1
6236 1
6237 1
6238 3
6239 1
6240 2
6241 1
6242 2
6243 1
6244 2
6245 1
6246 1
6247 1
6248 2
6249 1
6250 2
6251 1
6252 1
6253 2
6254 1
6255 1
6256 1
6257 1
6258 2
6259 4
6260 1
6261 1
6262 1
6263 1
6264 1
6265 1
6266 1
6267 1
6268 2
6269 1
6270 2
6271 1
6272 3
6273 1
6274 1
6275 1
6276 1
6277 1
6278 1
6279 2
6280 1
6281 1
6282 3
6283 2
6284 1
6285 1
6286 2
6287 1
6288 1
6289 1
6290 1
6291 2
6292 1
6293 2
6294 1
6295 2
6296 3
6297 1
6298 1
6299 1
6300 1
6301 1
6302 1
6303 3
6304 1
6305 1
6306 1
6307 1
6308 1
6309 1
6310 1
6311 2
6312 1
6313 1
6314 1
6315 1
6316 1
6317 1
6318 2
6319 1
6320 1
6321 1
6322 1
6323 1
6324 1
6325 1
6326 2
6327 1
6328 2
6329 1
6330 1
6331 1
6332 1
6333 2
6334 1
6335 1
6336 1
6337 1
6338 1
6339 2
6340 1
6341 1
6342 1
6343 1
6344 1
6345 2
6346 1
6347 1
6348 1
6349 1
6350 1
6351 1
6352 1
6353 2
6354 3
6355 1
6356 1
6357 3
6358 1
6359 1
6360 1
6361 1
6362 2
6363 1
6364 2
6365 1
6366 1
6367 1
6368 1
6369 1
6370 1
6371 2
6372 2
6373 1
6374 1
6375 2
6376 1
6377 1
6378 1
6379 1
6380 1
6381 2
6382 1
6383 3
6384 1
6385 1
6386 1
6387 3
6388 1
6389 2
6390 2
6391 1
6392 1
6393 2
6394 2
6395 2
6396 1
6397 1
6398 2
6399 1
6400 2
6401 1
6402 1
6403 1
6404 1
6405 2
6406 2
6407 2
6408 2
6409 1
6410 1
6411 1
6412 1
6413 1
6414 2
6415 1
6416 1
6417 2
6418 1
6419 1
6420 2
6421 1
6422 1
6423 1
6424 1
6425 1
6426 1
6427 1
6428 2
6429 1
6430 1
6431 1
6432 2
6433 1
6434 2
6435 1
6436 1
6437 1
6438 2
6439 1
6440 1
6441 1
6442 1
6443 1
6444 1
6445 1
6446 1
6447 3
6448 1
6449 1
6450 4
6451 1
6452 1
6453 1
6454 1
6455 1
6456 1
6457 2
6458 4
6459 1
6460 1
6461 1
6462 1
6463 1
6464 1
6465 1
6466 1
6467 1
6468 1
6469 1
6470 2
6471 1
6472 1
6473 2
6474 1
6475 2
6476 1
6477 1
6478 2
6479 1
6480 1
6481 2
6482 1
6483 1
6484 1
6485 1
6486 1
6487 2
6488 1
6489 1
6490 1
6491 1
6492 2
6493 1
6494 1
6495 2
6496 1
6497 1
6498 2
6499 1
6500 1
6501 2
6502 1
6503 1
6504 1
6505 1
6506 1
6507 1
6508 1
6509 1
6510 1
6511 1
6512 1
6513 2
6514 2
6515 1
6516 1
6517 1
6518 1
6519 1
6520 1
6521 2
6522 1
6523 1
6524 3
6525 1
6526 1
6527 1
6528 2
6529 2
6530 1
6531 1
6532 1
6533 1
6534 1
6535 1
6536 1
6537 1
6538 1
6539 2
6540 1
6541 1
6542 1
6543 1
6544 1
6545 3
6546 1
6547 1
6548 1
6549 1
6550 1
6551 1
6552 1
6553 2
6554 1
6555 1
6556 1
6557 1
6558 1
6559 1
6560 1
6561 1
6562 2
6563 1
6564 1
6565 1
6566 2
6567 2
6568 2
6569 1
6570 1
6571 1
6572 1
6573 1
6574 1
6575 1
6576 1
6577 2
6578 1
6579 1
6580 1
6581 1
6582 2
6583 1
6584 1
6585 1
6586 1
6587 2
6588 1
6589 1
6590 2
6591 1
6592 1
6593 2
6594 1
6595 1
6596 1
6597 1
6598 1
6599 1
6600 1
6601 1
6602 2
6603 1
6604 4
6605 2
6606 2
6607 1
6608 1
6609 2
6610 3
6611 2
6612 1
6613 1
6614 1
6615 1
6616 1
6617 1
6618 1
6619 2
6620 2
6621 1
6622 2
6623 1
6624 1
6625 3
6626 1
6627 2
6628 1
6629 1
6630 2
6631 1
6632 1
6633 1
6634 1
6635 3
6636 2
6637 1
6638 1
6639 1
6640 1
6641 1
6642 2
6643 1
6644 3
6645 2
6646 2
6647 1
6648 1
6649 1
6650 1
6651 1
6652 1
6653 1
6654 1
6655 2
6656 1
6657 1
6658 1
6659 1
6660 1
6661 1
6662 1
6663 1
6664 1
6665 3
6666 1
6667 1
6668 1
6669 2
6670 1
6671 2
6672 1
6673 1
6674 1
6675 1
6676 1
6677 2
6678 1
6679 1
6680 2
6681 1
6682 1
6683 2
6684 4
6685 2
6686 1
6687 1
6688 1
6689 2
6690 1
6691 1
6692 1
6693 2
6694 1
6695 2
6696 2
6697 1
6698 3
6699 1
6700 1
6701 1
6702 1
6703 1
6704 1
6705 2
6706 1
6707 1
6708 2
6709 1
6710 1
6711 1
6712 1
6713 1
6714 2
6715 3
6716 1
6717 2
6718 1
6719 1
6720 1
6721 2
6722 1
6723 1
6724 1
6725 3
6726 1
6727 2
6728 1
6729 2
6730 3
6731 1
6732 1
6733 1
6734 1
6735 1
6736 1
6737 1
6738 1
6739 1
6740 1
6741 2
6742 2
6743 1
6744 2
6745 1
6746 1
6747 1
6748 1
6749 1
6750 1
6751 1
6752 1
6753 1
6754 1
6755 1
6756 1
6757 1
6758 1
6759 1
6760 1
6761 1
6762 2
6763 1
6764 1
6765 1
6766 1
6767 3
6768 1
6769 1
6770 2
6771 1
6772 1
6773 1
6774 4
6775 1
6776 1
6777 1
6778 1
6779 1
6780 1
6781 1
6782 1
6783 1
6784 2
6785 1
6786 2
6787 1
6788 1
6789 1
6790 1
6791 1
6792 1
6793 1
6794 1
6795 1
6796 1
6797 2
6798 1
6799 1
6800 1
6801 1
6802 1
6803 3
6804 2
6805 1
6806 3
6807 1
6808 1
6809 1
6810 1
6811 1
6812 1
6813 4
6814 1
6815 2
6816 2
6817 1
6818 1
6819 1
6820 1
6821 1
6822 1
6823 1
6824 1
6825 2
6826 1
6827 1
6828 1
6829 1
6830 2
6831 1
6832 1
6833 1
6834 3
6835 1
6836 2
6837 1
6838 1
6839 3
6840 1
6841 2
6842 1
6843 2
6844 3
6845 1
6846 1
6847 1
6848 1
6849 1
6850 1
6851 1
6852 1
6853 1
6854 1
6855 1
6856 1
6857 1
6858 1
6859 1
6860 1
6861 1
6862 1
6863 1
6864 1
6865 1
6866 1
6867 1
6868 1
6869 1
6870 1
6871 1
6872 1
6873 1
6874 2
6875 1
6876 1
6877 1
6878 1
6879 1
6880 1
6881 1
6882 1
6883 2
6884 1
6885 1
6886 1
6887 1
6888 2
6889 1
6890 1
6891 1
6892 1
6893 2
6894 2
6895 1
6896 1
6897 1
6898 1
6899 1
6900 1
6901 1
6902 1
6903 1
6904 1
6905 1
6906 1
6907 2
6908 1
6909 1
6910 1
6911 1
6912 4
6913 1
6914 1
6915 2
6916 1
6917 1
6918 1
6919 1
6920 1
6921 1
6922 1
6923 1
6924 2
6925 1
6926 1
6927 1
6928 1
6929 1
6930 1
6931 1
6932 1
6933 1
6934 2
6935 1
6936 1
6937 2
6938 1
6939 1
6940 2
6941 1
6942 3
6943 3
6944 1
6945 1
6946 1
6947 1
6948 2
6949 1
6950 1
6951 1
6952 1
6953 1
6954 1
6955 1
6956 2
6957 1
6958 1
6959 1
6960 1
6961 1
6962 1
6963 1
6964 1
6965 1
6966 1
6967 2
6968 1
6969 1
6970 2
6971 1
6972 1
6973 2
6974 1
6975 2
6976 1
6977 1
6978 1
6979 1
6980 1
6981 2
6982 1
6983 1
6984 2
6985 1
6986 3
6987 1
6988 1
6989 1
6990 1
6991 1
6992 2
6993 1
6994 2
6995 1
6996 1
6997 1
6998 1
6999 1
7000 1
7001 1
7002 1
7003 1
7004 1
7005 2
7006 3
7007 1
7008 1
7009 1
7010 1
7011 1
7012 1
7013 1
7014 1
7015 1
7016 1
7017 1
7018 1
7019 1
7020 1
7021 1
7022 1
7023 1
7024 2
7025 1
7026 1
7027 3
7028 1
7029 1
7030 1
7031 1
7032 1
7033 1
7034 2
7035 2
7036 1
7037 4
7038 1
7039 2
7040 1
7041 1
7042 1
7043 1
7044 1
7045 1
7046 1
7047 1
7048 2
7049 1
7050 3
7051 1
7052 1
7053 1
7054 1
7055 1
7056 1
7057 1
7058 1
7059 1
7060 1
7061 1
7062 1
7063 1
7064 1
7065 1
7066 1
7067 1
7068 2
7069 1
7070 1
7071 1
7072 2
7073 1
7074 1
7075 2
7076 1
7077 1
7078 1
7079 1
7080 1
7081 1
7082 1
7083 1
7084 1
7085 1
7086 1
7087 1
7088 1
7089 1
7090 1
7091 1
7092 1
7093 1
7094 1
7095 2
7096 2
7097 2
7098 2
7099 1
7100 1
7101 2
7102 1
7103 1
7104 2
7105 1
7106 1
7107 1
7108 1
7109 1
7110 1
7111 1
7112 1
7113 2
7114 1
7115 2
7116 1
7117 2
7118 2
7119 1
7120 1
7121 1
7122 1
7123 3
7124 2
7125 2
7126 1
7127 1
7128 1
7129 1
7130 2
7131 1
7132 2
7133 2
7134 1
7135 1
7136 1
7137 1
7138 1
7139 1
7140 2
7141 2
7142 1
7143 1
7144 2
7145 1
7146 2
7147 1
7148 1
7149 1
7150 1
7151 1
7152 2
7153 2
7154 2
7155 1
7156 2
7157 2
7158 2
7159 1
7160 1
7161 1
7162 1
7163 1
7164 1
7165 1
7166 1
7167 1
7168 2
7169 1
7170 1
7171 1
7172 1
7173 1
7174 3
7175 1
7176 1
7177 1
7178 1
7179 1
7180 1
7181 1
7182 1
7183 2
7184 1
7185 2
7186 1
7187 1
7188 1
7189 1
7190 1
7191 1
7192 1
7193 1
7194 1
7195 2
7196 1
7197 1
7198 4
7199 1
7200 2
7201 2
7202 1
7203 1
7204 1
7205 1
7206 3
7207 1
7208 2
7209 1
7210 1
7211 1
7212 1
7213 2
7214 1
7215 4
7216 1
7217 1
7218 2
7219 1
7220 1
7221 2
7222 1
7223 1
7224 1
7225 1
7226 1
7227 1
7228 1
7229 1
7230 2
7231 1
7232 1
7233 1
7234 1
7235 1
7236 1
7237 2
7238 1
7239 2
7240 1
7241 1
7242 1
7243 1
7244 1
7245 1
7246 1
7247 1
7248 1
7249 1
7250 1
7251 2
7252 1
7253 1
7254 1
7255 1
7256 1
7257 1
7258 1
7259 2
7260 1
7261 1
7262 1
7263 1
7264 2
7265 1
7266 1
7267 1
7268 1
7269 1
7270 2
7271 1
7272 1
7273 1
7274 1
7275 2
7276 1
7277 1
7278 1
7279 1
7280 1
7281 1
7282 1
7283 1
7284 1
7285 1
7286 1
7287 1
7288 1
7289 2
7290 1
7291 1
7292 1
7293 1
7294 1
7295 1
7296 2
7297 1
7298 1
7299 2
7300 1
7301 2
7302 1
7303 1
7304 1
7305 1
7306 1
7307 1
7308 1
7309 1
7310 2
7311 2
7312 1
7313 1
7314 2
7315 1
7316 1
7317 1
7318 1
7319 1
7320 1
7321 1
7322 1
7323 1
7324 1
7325 1
7326 1
7327 1
7328 1
7329 1
7330 1
7331 2
7332 1
7333 1
7334 1
7335 1
7336 1
7337 1
7338 1
7339 1
7340 1
7341 1
7342 1
7343 1
7344 1
7345 1
7346 3
7347 1
7348 1
7349 2
7350 1
7351 1
7352 1
7353 2
7354 1
7355 1
7356 1
7357 1
7358 1
7359 1
7360 1
7361 1
7362 1
7363 1
7364 1
7365 1
7366 1
7367 1
7368 1
7369 1
7370 1
7371 1
7372 1
7373 1
7374 1
7375 1
7376 1
7377 1
7378 2
7379 1
7380 1
7381 1
7382 4
7383 1
7384 1
7385 1
7386 1
7387 1
7388 1
7389 1
7390 1
7391 1
7392 1
7393 1
7394 1
7395 1
7396 2
7397 1
7398 1
7399 2
7400 3
7401 1
7402 1
7403 1
7404 1
7405 1
7406 1
7407 1
7408 1
7409 1
7410 1
7411 1
7412 1
7413 1
7414 1
7415 1
7416 1
7417 3
7418 2
7419 1
7420 1
7421 1
7422 1
7423 1
7424 1
7425 1
7426 1
7427 2
7428 1
7429 1
7430 1
7431 2
7432 1
7433 1
7434 1
7435 1
7436 1
7437 2
7438 1
7439 1
7440 1
7441 1
7442 1
7443 1
7444 2
7445 2
7446 2
7447 1
7448 3
7449 1
7450 1
7451 1
7452 1
7453 1
7454 1
7455 1
7456 1
7457 1
7458 1
7459 1
7460 1
7461 1
7462 1
7463 1
7464 1
7465 2
7466 1
7467 1
7468 1
7469 1
7470 1
7471 1
7472 1
7473 1
7474 1
7475 1
7476 1
7477 1
7478 1
7479 1
7480 1
7481 1
7482 2
7483 1
7484 1
7485 1
7486 1
7487 1
7488 1
7489 1
7490 1
7491 1
7492 1
7493 1
7494 1
7495 1
7496 1
7497 1
7498 1
7499 1
7500 2
7501 1
7502 1
7503 1
7504 1
7505 1
7506 1
7507 2
7508 1
7509 1
7510 1
7511 1
7512 1
7513 1
7514 1
7515 1
7516 1
7517 2
7518 1
7519 2
7520 1
7521 1
7522 1
7523 1
7524 1
7525 1
7526 1
7527 1
7528 1
7529 1
7530 1
7531 1
7532 1
7533 1
7534 1
7535 1
7536 1
7537 1
7538 1
7539 1
7540 1
7541 1
7542 1
7543 1
7544 1
7545 1
7546 2
7547 1
7548 1
7549 1
7550 1
7551 2
7552 1
7553 3
7554 1
7555 1
7556 3
7557 1
7558 1
7559 1
7560 1
7561 1
7562 1
7563 1
7564 1
7565 1
7566 2
7567 1
7568 1
7569 1
7570 1
7571 1
7572 1
7573 1
7574 2
7575 1
7576 1
7577 1
7578 1
7579 1
7580 1
7581 3
7582 1
7583 1
7584 1
7585 1
7586 1
7587 1
7588 1
7589 1
7590 1
7591 2
7592 1
7593 1
7594 1
7595 2
7596 1
7597 1
7598 1
7599 1
7600 1
7601 1
7602 1
7603 1
7604 1
7605 1
7606 1
7607 1
7608 2
7609 1
7610 1
7611 2
7612 1
7613 1
7614 1
7615 1
7616 1
7617 1
7618 1
7619 1
7620 1
7621 1
7622 1
7623 2
7624 1
7625 1
7626 1
7627 2
7628 1
7629 1
7630 1
7631 1
7632 1
7633 1
7634 1
7635 1
7636 1
7637 2
7638 1
7639 1
7640 1
7641 2
7642 1
7643 1
7644 1
7645 1
7646 1
7647 2
7648 1
7649 1
7650 2
7651 1
7652 1
7653 2
7654 1
7655 1
7656 1
7657 1
7658 1
7659 1
7660 1
7661 1
7662 1
7663 1
7664 1
7665 1
7666 1
7667 1
7668 1
7669 1
7670 1
7671 1
7672 2
7673 1
7674 1
7675 1
7676 1
7677 1
7678 1
7679 1
7680 1
7681 2
7682 1
7683 1
7684 1
7685 1
7686 1
7687 1
7688 1
7689 1
7690 1
7691 1
7692 1
7693 1
7694 2
7695 1
7696 1
7697 1
7698 1
7699 1
7700 1
7701 1
7702 1
7703 1
7704 2
7705 2
7706 1
7707 1
7708 1
7709 1
7710 1
7711 1
7712 1
7713 1
7714 1
7715 2
7716 1
7717 1
7718 1
7719 1
7720 1
7721 1
7722 1
7723 1
7724 1
7725 1
7726 1
7727 1
7728 1
7729 1
7730 1
7731 1
7732 1
7733 2
7734 1
7735 1
7736 1
7737 1
7738 2
7739 1
7740 1
7741 1
7742 1
7743 1
7744 1
7745 1
7746 1
7747 1
7748 1
7749 1
7750 1
7751 1
7752 1
7753 1
7754 1
7755 1
7756 1
7757 1
7758 1
7759 1
7760 1
7761 1
7762 1
7763 2
7764 1
7765 2
7766 1
7767 4
7768 1
7769 1
7770 1
7771 1
7772 3
7773 1
7774 2
7775 1
7776 1
7777 1
7778 1
7779 1
7780 1
7781 2
7782 1
7783 1
7784 1
7785 1
7786 1
7787 1
7788 1
7789 1
7790 1
7791 1
7792 1
7793 1
7794 1
7795 1
7796 2
7797 1
7798 1
7799 1
7800 2
7801 1
7802 1
7803 2
7804 1
7805 1
7806 2
7807 2
7808 1
7809 1
7810 1
7811 1
7812 1
7813 1
7814 2
7815 1
7816 2
7817 1
7818 1
7819 1
7820 1
7821 1
7822 1
7823 1
7824 1
7825 1
7826 1
7827 2
7828 1
7829 1
7830 1
7831 1
7832 1
7833 1
7834 1
7835 1
7836 1
7837 1
7838 1
7839 1
7840 1
7841 1
7842 3
7843 2
7844 1
7845 2
7846 1
7847 1
7848 1
7849 1
7850 1
7851 1
7852 1
7853 1
7854 1
7855 1
7856 1
7857 1
7858 1
7859 1
7860 2
7861 1
7862 1
7863 1
7864 2
7865 1
7866 1
7867 1
7868 1
7869 2
7870 1
7871 1
7872 1
7873 1
7874 2
7875 1
7876 1
7877 1
7878 1
7879 1
7880 1
7881 1
7882 1
7883 1
7884 1
7885 1
7886 1
7887 1
7888 1
7889 1
7890 1
7891 1
7892 2
7893 1
7894 2
7895 1
7896 1
7897 2
7898 1
7899 1
7900 2
7901 1
7902 1
7903 1
7904 1
7905 1
7906 1
7907 2
7908 1
7909 1
7910 1
7911 1
7912 2
7913 1
7914 1
7915 1
7916 1
7917 1
7918 2
7919 1
7920 1
7921 2
7922 1
7923 1
7924 1
7925 1
7926 1
7927 1
7928 2
7929 1
7930 1
7931 1
7932 1
7933 1
7934 1
7935 1
7936 1
7937 1
7938 1
7939 1
7940 1
7941 1
7942 2
7943 2
7944 1
7945 1
7946 2
7947 1
7948 1
7949 1
7950 1
7951 1
7952 1
7953 1
7954 1
7955 1
7956 1
7957 1
7958 2
7959 1
7960 1
7961 2
7962 1
7963 1
7964 2
7965 1
7966 1
7967 1
7968 1
7969 1
7970 1
7971 2
7972 1
7973 1
7974 1
7975 1
7976 1
7977 1
7978 1
7979 1
7980 2
7981 1
7982 1
7983 1
7984 1
7985 2
7986 1
7987 1
7988 1
7989 1
7990 1
7991 1
7992 1
7993 1
7994 1
7995 1
7996 1
7997 2
7998 3
7999 1
8000 1
8001 1
8002 1
8003 1
8004 1
8005 1
8006 1
8007 1
8008 1
8009 1
8010 1
8011 1
8012 1
8013 1
8014 1
8015 1
8016 1
8017 1
8018 1
8019 1
8020 1
8021 1
8022 1
8023 1
8024 1
8025 1
8026 1
8027 1
8028 1
8029 1
8030 1
8031 1
8032 1
8033 2
8034 1
8035 1
8036 1
8037 2
8038 1
8039 1
8040 1
8041 2
8042 2
8043 1
8044 1
8045 1
8046 1
8047 1
8048 1
8049 1
8050 1
8051 2
8052 1
8053 1
8054 1
8055 2
8056 1
8057 2
8058 1
8059 1
8060 1
8061 1
8062 1
8063 1
8064 2
8065 1
8066 1
8067 1
8068 1
8069 1
8070 1
8071 2
8072 1
8073 2
8074 2
8075 1
8076 1
8077 1
8078 1
8079 1
8080 1
8081 1
8082 1
8083 1
8084 1
8085 1
8086 1
8087 1
8088 1
8089 1
8090 1
8091 1
8092 1
8093 1
8094 2
8095 3
8096 1
8097 1
8098 1
8099 2
8100 1
8101 1
8102 1
8103 1
8104 1
8105 2
8106 1
8107 1
8108 1
8109 1
8110 1
8111 1
8112 1
8113 2
8114 2
8115 1
8116 1
8117 1
8118 1
8119 2
8120 1
8121 1
8122 1
8123 1
8124 1
8125 1
8126 1
8127 1
8128 1
8129 1
8130 1
8131 1
8132 1
8133 1
8134 1
8135 1
8136 1
8137 1
8138 1
8139 1
8140 1
8141 2
8142 1
8143 2
8144 1
8145 1
8146 1
8147 1
8148 1
8149 1
8150 1
8151 1
8152 1
8153 1
8154 1
8155 1
8156 1
8157 1
8158 2
8159 1
8160 1
8161 1
8162 1
8163 1
8164 1
8165 1
8166 2
8167 1
8168 1
8169 2
8170 1
8171 1
8172 1
8173 1
8174 1
8175 1
8176 1
8177 1
8178 1
8179 1
8180 1
8181 1
8182 1
8183 1
8184 1
8185 1
8186 1
8187 1
8188 1
8189 1
8190 2
8191 1
8192 1
8193 1
8194 2
8195 1
8196 1
8197 1
8198 1
8199 1
8200 1
8201 1
8202 1
8203 1
8204 1
8205 1
8206 1
8207 1
8208 1
8209 1
8210 1
8211 1
8212 1
8213 1
8214 1
8215 2
8216 1
8217 1
8218 1
8219 1
8220 1
8221 1
8222 1
8223 2
8224 1
8225 1
8226 1
8227 1
8228 1
8229 1
8230 1
8231 1
8232 1
8233 1
8234 1
8235 1
8236 1
8237 1
8238 1
8239 1
8240 1
8241 1
8242 1
8243 1
8244 1
8245 2
8246 1
8247 1
8248 1
8249 1
8250 1
8251 1
8252 1
8253 1
8254 1
8255 1
8256 2
8257 1
8258 2
8259 2
8260 1
8261 1
8262 1
8263 2
8264 1
8265 1
8266 1
8267 1
8268 1
8269 2
8270 1
8271 1
8272 1
8273 1
8274 1
8275 1
8276 1
8277 1
8278 1
8279 1
8280 1
8281 1
8282 1
8283 1
8284 1
8285 1
8286 1
8287 1
8288 2
8289 1
8290 1
8291 1
8292 1
8293 1
8294 1
8295 1
8296 1
8297 1
8298 1
8299 1
8300 1
8301 1
8302 1
8303 1
8304 1
8305 1
8306 1
8307 1
8308 1
8309 1
8310 2
8311 1
8312 1
8313 1
8314 1
8315 1
8316 1
8317 1
8318 1
8319 1
8320 1
8321 1
8322 1
8323 1
8324 2
8325 1
8326 1
8327 1
8328 1
8329 1
8330 1
8331 1
8332 1
8333 1
8334 1
8335 1
8336 1
8337 1
8338 1
8339 1
8340 2
8341 1
8342 1
8343 1
8344 1
8345 1
8346 1
8347 1
8348 1
8349 1
8350 1
8351 1
8352 1
8353 2
8354 1
8355 1
8356 1
8357 1
8358 1
8359 1
8360 1
8361 1
8362 1
8363 1
8364 1
8365 1
8366 1
8367 1
8368 1
8369 1
8370 2
8371 1
8372 1
8373 1
8374 1
8375 1
8376 2
8377 1
8378 1
8379 1
8380 1
8381 1
8382 1
8383 1
8384 1
8385 1
8386 1
8387 1
8388 1
8389 1
8390 1
8391 1
8392 1
8393 2
8394 2
8395 1
8396 2
8397 1
8398 2
8399 1
8400 1
8401 2
8402 1
8403 1
8404 1
8405 1
8406 1
8407 1
8408 1
8409 1
8410 1
8411 1
8412 1
8413 2
8414 1
8415 1
8416 1
8417 1
8418 1
8419 1
8420 1
8421 1
8422 1
8423 1
8424 1
8425 1
8426 1
8427 1
8428 2
8429 1
8430 2
8431 1
8432 1
8433 1
8434 1
8435 1
8436 2
8437 1
8438 2
8439 1
8440 1
8441 2
8442 1
8443 1
8444 2
8445 2
8446 1
8447 1
8448 1
8449 1
8450 1
8451 1
8452 1
8453 1
8454 1
8455 1
8456 1
8457 1
8458 1
8459 1
8460 1
8461 2
8462 1
8463 1
8464 2
8465 1
8466 1
8467 2
8468 1
8469 2
8470 1
8471 1
8472 1
8473 1
8474 1
8475 1
8476 2
8477 2
8478 1
8479 1
8480 1
8481 1
8482 1
8483 1
8484 2
8485 1
8486 2
8487 1
8488 1
8489 2
8490 1
8491 1
8492 1
8493 1
8494 1
8495 1
8496 1
8497 1
8498 2
8499 1
8500 2
8501 1
8502 1
8503 1
8504 1
8505 1
8506 1
8507 1
8508 1
8509 1
8510 1
8511 1
8512 1
8513 1
8514 1
8515 1
8516 1
8517 1
8518 1
8519 1
8520 1
8521 1
8522 2
8523 1
8524 1
8525 1
8526 1
8527 1
8528 1
8529 1
8530 1
8531 1
8532 1
8533 2
8534 1
8535 1
8536 1
8537 1
8538 1
8539 1
8540 1
8541 1
8542 1
8543 1
8544 2
8545 1
8546 1
8547 1
8548 1
8549 1
8550 1
8551 1
8552 1
8553 1
8554 1
8555 1
8556 1
8557 1
8558 1
8559 1
8560 1
8561 1
8562 1
8563 2
8564 1
8565 1
8566 1
8567 1
8568 1
8569 1
8570 1
8571 1
8572 1
8573 1
8574 2
8575 1
8576 1
8577 1
8578 1
8579 1
8580 1
8581 1
8582 1
8583 1
8584 1
8585 1
8586 1
8587 1
8588 1
8589 1
8590 1
8591 1
8592 1
8593 1
8594 1
8595 1
8596 1
8597 1
8598 1
8599 1
8600 2
8601 1
8602 1
8603 1
8604 1
8605 1
8606 1
8607 1
8608 1
8609 1
8610 1
8611 1
8612 1
8613 1
8614 1
8615 1
8616 1
8617 1
8618 1
8619 1
8620 1
8621 1
8622 1
8623 2
8624 1
8625 1
8626 1
8627 1
8628 1
8629 1
8630 1
8631 1
8632 2
8633 1
8634 1
8635 1
8636 1
8637 2
8638 1
8639 2
8640 1
8641 1
8642 1
8643 1
8644 1
8645 2
8646 1
8647 1
8648 1
8649 1
8650 1
8651 1
8652 1
8653 1
8654 1
8655 1
8656 1
8657 1
8658 1
8659 1
8660 2
8661 1
8662 1
8663 1
8664 1
8665 1
8666 1
8667 1
8668 1
8669 1
8670 2
8671 1
8672 2
8673 1
8674 1
8675 1
8676 1
8677 1
8678 1
8679 1
8680 1
8681 1
8682 1
8683 1
8684 1
8685 2
8686 1
8687 1
8688 1
8689 1
8690 1
8691 1
8692 1
8693 1
8694 1
8695 1
8696 1
8697 1
8698 1
8699 1
8700 1
8701 1
8702 2
8703 1
8704 1
8705 1
8706 1
8707 1
8708 1
8709 1
8710 1
8711 3
8712 1
8713 1
8714 1
8715 1
8716 1
8717 1
8718 1
8719 1
8720 1
8721 1
8722 1
8723 1
8724 1
8725 3
8726 1
8727 2
8728 1
8729 1
8730 1
8731 1
8732 1
8733 1
8734 1
8735 1
8736 1
8737 1
8738 1
8739 1
8740 1
8741 1
8742 1
8743 1
8744 1
8745 1
8746 1
8747 2
8748 1
8749 1
8750 1
8751 2
8752 1
8753 1
8754 1
8755 1
8756 1
8757 1
8758 1
8759 1
8760 1
8761 2
8762 1
8763 1
8764 1
8765 1
8766 1
8767 1
8768 1
8769 1
8770 2
8771 1
8772 1
8773 1
8774 1
8775 1
8776 2
8777 1
8778 1
8779 1
8780 1
8781 2
8782 1
8783 2
8784 1
8785 1
8786 1
8787 2
8788 1
8789 1
8790 1
8791 1
8792 1
8793 1
8794 1
8795 1
8796 1
8797 1
8798 1
8799 1
8800 1
8801 1
8802 1
8803 1
8804 1
8805 2
8806 1
8807 2
8808 1
8809 1
8810 1
8811 2
8812 1
8813 1
8814 1
8815 1
8816 1
8817 1
8818 1
8819 1
8820 1
8821 2
8822 1
8823 1
8824 1
8825 1
8826 1
8827 1
8828 1
8829 1
8830 1
8831 1
8832 1
8833 1
8834 1
8835 1
8836 1
8837 1
8838 1
8839 2
8840 1
8841 1
8842 1
8843 1
8844 1
8845 1
8846 1
8847 1
8848 1
8849 2
8850 1
8851 1
8852 1
8853 1
8854 1
8855 1
8856 1
8857 1
8858 1
8859 1
8860 1
8861 1
8862 1
8863 1
8864 1
8865 1
8866 1
8867 1
8868 1
8869 1
8870 2
8871 1
8872 1
8873 1
8874 1
8875 1
8876 1
8877 1
8878 1
8879 1
8880 1
8881 1
8882 1
8883 1
8884 1
8885 1
8886 1
8887 1
8888 1
8889 1
8890 1
8891 1
8892 1
8893 1
8894 1
8895 1
8896 1
8897 1
8898 1
8899 1
8900 1
8901 2
8902 1
8903 1
8904 1
8905 1
8906 1
8907 1
8908 1
8909 1
8910 1
8911 1
8912 1
8913 1
8914 1
8915 1
8916 1
8917 1
8918 1
8919 1
8920 1
8921 1
8922 1
8923 1
8924 1
8925 1
8926 1
8927 1
8928 1
8929 1
8930 1
8931 1
8932 2
8933 1
8934 1
8935 1
8936 1
8937 1
8938 1
8939 1
8940 1
8941 1
8942 1
8943 1
8944 1
8945 1
8946 1
8947 1
8948 1
8949 2
8950 1
8951 1
8952 1
8953 1
8954 1
8955 1
8956 1
8957 1
8958 1
8959 1
8960 1
8961 1
8962 1
8963 1
8964 1
8965 1
8966 1
8967 1
8968 1
8969 1
8970 1
8971 1
8972 1
8973 1
8974 2
8975 1
8976 1
8977 1
8978 1
8979 1
8980 1
8981 1
8982 1
8983 1
8984 1
8985 1
8986 1
8987 2
8988 1
8989 1
8990 1
8991 1
8992 1
8993 1
8994 1
8995 1
8996 1
8997 1
8998 1
8999 1
9000 1
9001 1
9002 1
9003 1
9004 1
9005 1
9006 1
9007 1
9008 1
9009 1
9010 2
9011 1
9012 2
9013 1
9014 1
9015 1
9016 1
9017 1
9018 1
9019 1
9020 1
9021 1
9022 1
9023 1
9024 1
9025 1
9026 1
9027 1
9028 1
9029 1
9030 1
9031 1
9032 1
9033 1
9034 1
9035 1
9036 1
9037 2
9038 1
9039 1
9040 1
9041 2
9042 1
9043 1
9044 1
9045 1
9046 1
9047 1
9048 1
9049 1
9050 1
9051 1
9052 1
9053 2
9054 1
9055 1
9056 1
9057 2
9058 1
9059 2
9060 1
9061 1
9062 1
9063 1
9064 1
9065 1
9066 1
9067 1
9068 1
9069 1
9070 1
9071 1
9072 1
9073 2
9074 1
9075 1
9076 1
9077 1
9078 1
9079 1
9080 1
9081 1
9082 1
9083 1
9084 1
9085 1
9086 1
9087 1
9088 1
9089 1
9090 1
9091 1
9092 1
9093 1
9094 1
9095 1
9096 1
9097 1
9098 1
9099 1
9100 1
9101 2
9102 1
9103 1
9104 1
9105 1
9106 1
9107 1
9108 1
9109 1
9110 1
9111 1
9112 1
9113 1
9114 1
9115 1
9116 2
9117 1
9118 1
9119 1
9120 1
9121 1
9122 1
9123 1
9124 1
9125 1
9126 1
9127 2
9128 1
9129 1
9130 1
9131 1
9132 2
9133 1
9134 2
9135 1
9136 1
9137 1
9138 1
9139 1
9140 1
9141 1
9142 1
9143 1
9144 1
9145 1
9146 1
9147 1
9148 1
9149 1
9150 1
9151 1
9152 1
9153 1
9154 1
9155 3
9156 1
9157 1
9158 1
9159 1
9160 1
9161 1
9162 1
9163 1
9164 1
9165 1
9166 1
9167 1
9168 1
9169 1
9170 1
9171 1
9172 1
9173 1
9174 1
9175 1
9176 1
9177 1
9178 1
9179 1
9180 1
9181 1
9182 1
9183 1
9184 2
9185 1
9186 1
9187 1
9188 1
9189 1
9190 1
9191 1
9192 1
9193 1
9194 1
9195 1
9196 1
9197 1
9198 1
9199 1
9200 1
9201 1
9202 1
9203 1
9204 1
9205 1
9206 1
9207 1
9208 1
9209 1
9210 1
9211 1
9212 1
9213 1
9214 1
9215 1
9216 1
9217 1
9218 1
9219 1
9220 1
9221 1
9222 1
9223 1
9224 1
9225 1
9226 1
9227 1
9228 1
9229 1
9230 1
9231 1
9232 1
9233 1
9234 1
9235 1
9236 1
9237 1
9238 1
9239 2
9240 1
9241 1
9242 1
9243 1
9244 1
9245 1
9246 1
9247 1
9248 1
9249 1
9250 1
9251 1
9252 1
9253 1
9254 1
9255 1
9256 1
9257 1
9258 1
9259 1
9260 1
9261 1
9262 1
9263 1
9264 1
9265 1
9266 1
9267 1
9268 1
9269 1
9270 1
9271 1
9272 1
9273 1
9274 1
9275 1
9276 1
9277 1
9278 1
9279 2
9280 1
9281 1
9282 1
9283 1
9284 1
9285 1
9286 1
9287 1
9288 1
9289 1
9290 1
9291 1
9292 1
9293 2
9294 1
9295 2
9296 1
9297 1
9298 1
9299 1
9300 1
9301 1
9302 1
9303 1
9304 1
9305 1
9306 1
9307 1
9308 1
9309 1
9310 1
9311 1
9312 1
9313 1
9314 1
9315 1
9316 1
9317 1
9318 1
9319 1
9320 1
9321 1
9322 1
9323 1
9324 1
9325 1
9326 1
9327 1
9328 1
9329 1
9330 1
9331 1
9332 1
9333 1
9334 1
9335 1
9336 1
9337 1
9338 1
9339 1
9340 1
9341 1
9342 1
9343 1
9344 1
9345 1
9346 1
9347 1
9348 1
9349 1
9350 1
9351 1
9352 1
9353 1
9354 1
9355 1
9356 2
9357 1
9358 1
9359 1
9360 1
9361 1
9362 1
9363 1
9364 1
9365 1
9366 1
9367 1
9368 1
9369 1
9370 2
9371 1
9372 2
9373 1
9374 1
9375 1
9376 1
9377 1
9378 1
9379 1
9380 1
9381 1
9382 1
9383 1
9384 1
9385 1
9386 1
9387 1
9388 2
9389 1
9390 1
9391 1
9392 1
9393 1
9394 1
9395 2
9396 1
9397 1
9398 1
9399 1
9400 1
9401 1
9402 1
9403 1
9404 1
9405 1
9406 1
9407 1
9408 1
9409 1
9410 1
9411 1
9412 1
9413 1
9414 1
9415 1
9416 1
9417 1
9418 1
9419 1
9420 1
9421 1
9422 1
9423 1
9424 1
9425 1
9426 1
9427 1
9428 1
9429 1
9430 1
9431 1
9432 1
9433 1
9434 1
9435 1
9436 1
9437 1
9438 1
9439 1
9440 1
9441 1
9442 1
9443 1
9444 1
9445 1
9446 1
9447 1
9448 1
9449 1
9450 1
9451 2
9452 1
9453 1
9454 1
9455 1
9456 1
9457 1
9458 1
9459 1
9460 1
9461 1
9462 1
9463 1
9464 1
9465 1
9466 1
9467 1
9468 1
9469 1
9470 1
9471 1
9472 1
9473 1
9474 1
9475 1
9476 1
9477 1
9478 1
9479 1
9480 1
9481 1
9482 1
9483 1
9484 1
9485 1
9486 1
9487 1
9488 1
9489 1
9490 1
9491 1
9492 1
9493 1
9494 1
9495 1
9496 1
9497 1
9498 1
9499 1
9500 1
9501 2
9502 1
9503 1
9504 1
9505 1
9506 1
9507 1
9508 1
9509 1
9510 1
9511 1
9512 1
9513 1
9514 1
9515 1
9516 1
9517 1
9518 1
9519 1
9520 1
9521 1
9522 1
9523 1
9524 1
9525 1
9526 1
9527 1
9528 1
9529 1
9530 1
9531 1
9532 1
9533 1
9534 1
9535 1
9536 1
9537 1
9538 1
9539 1
9540 1
9541 2
9542 1
9543 1
9544 1
9545 1
9546 1
9547 1
9548 1
9549 1
9550 1
9551 2
9552 1
9553 1
9554 1
9555 1
9556 1
9557 1
9558 2
9559 1
9560 1
9561 1
9562 1
9563 1
9564 1
9565 1
9566 1
9567 1
9568 1
9569 1
9570 1
9571 1
9572 1
9573 1
9574 1
9575 1
9576 1
9577 1
9578 1
9579 1
9580 1
9581 1
9582 1
9583 1
9584 1
9585 1
9586 1
9587 1
9588 1
9589 1
9590 1
9591 1
9592 1
9593 2
9594 1
9595 1
9596 1
9597 1
9598 1
9599 1
9600 1
9601 1
9602 1
9603 1
9604 1
9605 1
9606 1
9607 1
9608 1
9609 1
9610 1
9611 1
9612 1
9613 1
9614 2
9615 1
9616 1
9617 1
9618 1
9619 1
9620 1
9621 1
9622 1
9623 1
9624 1
9625 1
9626 1
9627 1
9628 1
9629 1
9630 1
9631 1
9632 1
9633 1
9634 1
9635 1
9636 1
9637 1
9638 1
9639 1
9640 1
9641 1
9642 1
9643 1
9644 1
9645 1
9646 1
9647 1
9648 1
9649 1
9650 1
9651 1
9652 1
9653 1
9654 1
9655 1
9656 1
9657 1
9658 1
9659 1
9660 1
9661 1
9662 1
9663 1
9664 1
9665 1
9666 1
9667 1
9668 1
9669 1
9670 1
9671 1
9672 1
9673 1
9674 1
9675 1
9676 1
9677 1
9678 1
9679 1
9680 1
9681 1
9682 1
9683 1
9684 1
9685 1
9686 2
9687 1
9688 1
9689 1
9690 1
9691 1
9692 1
9693 1
9694 1
9695 1
9696 1
9697 1
9698 1
9699 1
9700 1
9701 2
9702 1
9703 1
9704 1
9705 1
9706 1
9707 1
9708 1
9709 1
9710 1
9711 1
9712 1
9713 1
9714 1
9715 1
9716 1
9717 1
9718 1
9719 1
9720 1
9721 1
9722 1
9723 1
9724 1
9725 1
9726 1
9727 1
9728 1
9729 1
9730 1
9731 1
9732 1
9733 1
9734 1
9735 1
9736 1
9737 1
9738 1
9739 1
9740 1
9741 1
9742 1
9743 1
9744 1
9745 1
9746 1
9747 1
9748 1
9749 1
9750 1
9751 1
9752 1
9753 1
9754 1
9755 1
9756 1
9757 1
9758 1
9759 1
9760 1
9761 1
9762 1
9763 1
9764 1
9765 1
9766 1
9767 1
9768 1
9769 1
9770 1
9771 1
9772 1
9773 1
9774 1
9775 1
9776 1
9777 1
9778 1
9779 1
9780 1
9781 1
9782 1
9783 1
9784 1
9785 1
9786 1
9787 1
9788 1
9789 1
9790 1
9791 1
9792 1
9793 1
9794 1
9795 1
9796 1
9797 1
9798 1
9799 1
9800 1
9801 1
9802 1
9803 1
9804 1
9805 1
9806 1
9807 1
9808 1
9809 1
9810 1
9811 1
9812 1
9813 1
9814 1
9815 1
9816 1
9817 1
9818 1
9819 1
9820 1
9821 1
9822 1
9823 1
9824 1
9825 1
9826 1
9827 1
9828 1
9829 1
9830 1
9831 1
9832 1
9833 1
9834 1
9835 1
9836 1
9837 1
9838 1
9839 1
9840 1
9841 1
9842 1
9843 1
9844 1
9845 1
9846 1
9847 1
9848 1
9849 1
9850 1
9851 1
9852 1
9853 1
9854 1
9855 1
9856 1
9857 1
9858 1
9859 1
9860 1
9861 1
9862 1
9863 1
9864 1
9865 1
9866 1
9867 1
9868 1
9869 1
9870 1
9871 1
9872 1
9873 1
9874 1
9875 1
9876 1
9877 1
9878 1
9879 1
9880 1
9881 1
9882 1
9883 1
9884 1
9885 1
9886 1
9887 1
9888 1
9889 1
9890 1
9891 1
9892 1
9893 1
9894 1
9895 1
9896 1
9897 1
9898 1
9899 1
9900 1
9901 1
9902 1
9903 1
9904 1
9905 1
9906 2
9907 1
9908 1
9909 1
9910 1
9911 1
9912 1
9913 1
9914 1
9915 1
9916 1
9917 1
9918 1
9919 1
9920 1
9921 1
9922 1
9923 1
9924 1
9925 1
9926 1
9927 1
9928 1
9929 1
9930 1
9931 1
9932 1
9933 1
9934 1
9935 1
9936 1
9937 1
9938 1
9939 1
9940 1
9941 1
9942 1
9943 1
9944 1
9945 1
9946 1
9947 1
9948 1
9949 1
9950 1
9951 1
9952 1
9953 1
9954 1
9955 1
9956 1
9957 1
9958 1
9959 1
9960 1
9961 1
9962 1
9963 1
9964 1
9965 1
9966 1
9967 1
9968 1
9969 1
9970 1
9971 1
9972 1
9973 1
9974 1
9975 1
9976 1
9977 1
9978 1
9979 1
9980 1
9981 1
9982 1
9983 1
9984 1
9985 1
9986 1
9987 1
9988 1
9989 1
9990 1
9991 1
9992 1
9993 1
9994 1
9995 1
9996 1
9997 1
9998 1
9999 1
10000 1
