0 63
1 44
2 30
3 30
4 3
5 38
6 15
7 8
8 18
9 19
10 33
11 6
12 32
13 18
14 18
15 33
16 15
17 8
18 16
19 4
20 17
21 1
22 12
23 24
24 19
25 27
26 12
27 14
28 15
29 21
30 8
31 15
32 3
33 12
34 1
35 8
36 2
37 2
38 5
39 13
40 15
41 23
42 7
43 16
44 13
45 16
46 22
47 4
48 7
49 15
50 7
51 1
52 3
53 12
54 26
55 7
56 4
57 7
58 2
59 11
60 10
61 8
62 3
63 4
64 8
65 7
66 5
67 2
68 1
69 17
70 32
71 11
72 16
73 1
74 2
75 15
76 4
77 9
78 15
79 1
80 7
81 3
82 24
83 5
84 7
85 12
86 5
87 12
88 8
89 10
90 7
91 4
92 2
93 11
94 7
95 11
96 4
97 13
98 7
99 13
100 6
101 18
102 14
103 5
104 11
105 15
106 14
107 9
108 13
109 10
110 2
111 4
112 5
113 10
114 5
115 2
116 7
117 11
118 5
119 22
120 5
121 4
122 17
123 3
124 4
125 2
126 4
127 16
128 4
129 9
130 12
131 2
132 4
133 3
134 7
135 4
136 14
137 5
138 1
139 7
140 15
141 7
142 6
143 3
144 2
145 3
146 1
147 14
148 2
149 10
150 5
151 23
152 3
153 7
154 6
155 8
156 4
157 10
158 8
159 4
160 13
161 8
162 6
163 3
164 7
165 10
166 2
167 5
168 5
169 12
170 6
171 4
172 12
173 12
174 1
175 9
176 3
177 7
178 4
179 9
180 1
181 5
182 3
183 12
184 9
185 2
186 8
187 3
188 6
189 12
190 6
191 10
192 4
193 5
194 11
195 1
196 3
197 3
198 18
199 2
200 9
201 4
202 10
203 2
204 17
205 8
206 12
207 2
208 3
209 6
210 6
211 7
212 22
213 5
214 6
215 8
216 5
217 5
218 1
219 2
220 2
221 3
222 3
223 5
224 26
225 4
226 9
227 7
228 5
229 6
230 3
231 3
232 3
233 1
234 4
235 4
236 2
237 3
238 4
239 10
240 1
241 4
242 2
243 6
244 9
245 4
246 2
247 6
248 5
249 11
250 4
251 17
252 4
253 11
254 1
255 4
256 11
257 16
258 12
259 6
260 1
261 8
262 3
263 4
264 13
265 2
266 17
267 10
268 6
269 6
270 3
271 1
272 2
273 9
274 1
275 14
276 15
277 6
278 1
279 1
280 3
281 5
282 8
283 3
284 1
285 6
286 7
287 6
288 5
289 6
290 6
291 5
292 10
293 3
294 1
295 4
296 8
297 4
298 3
299 3
300 7
301 5
302 4
303 3
304 4
305 1
306 4
307 8
308 4
309 9
310 3
311 5
312 2
313 4
314 4
315 4
316 1
317 1
318 11
319 2
320 1
321 16
322 17
323 4
324 7
325 3
326 3
327 4
328 6
329 1
330 8
331 7
332 8
333 3
334 6
335 7
336 8
337 4
338 5
339 3
340 2
341 2
342 4
343 3
344 4
345 5
346 13
347 3
348 4
349 5
350 2
351 8
352 3
353 1
354 12
355 4
356 2
357 6
358 6
359 4
360 1
361 3
362 7
363 6
364 2
365 6
366 1
367 7
368 5
369 7
370 5
371 2
372 8
373 2
374 4
375 4
376 4
377 4
378 2
379 1
380 3
381 20
382 2
383 5
384 1
385 4
386 1
387 1
388 9
389 5
390 5
391 6
392 2
393 8
394 1
395 9
396 4
397 8
398 1
399 11
400 2
401 4
402 15
403 2
404 6
405 3
406 7
407 4
408 2
409 14
410 2
411 8
412 8
413 10
414 5
415 1
416 1
417 3
418 1
419 10
420 3
421 1
422 8
423 8
424 10
425 5
426 12
427 7
428 1
429 2
430 3
431 2
432 6
433 2
434 1
435 6
436 8
437 6
438 4
439 3
440 4
441 8
442 1
443 9
444 4
445 8
446 2
447 8
448 4
449 4
450 4
451 1
452 1
453 8
454 2
455 4
456 1
457 4
458 5
459 4
460 6
461 5
462 2
463 3
464 2
465 2
466 3
467 3
468 3
469 8
470 7
471 8
472 6
473 2
474 4
475 8
476 5
477 13
478 3
479 8
480 2
481 12
482 10
483 3
484 10
485 3
486 4
487 8
488 3
489 4
490 1
491 16
492 1
493 5
494 3
495 5
496 5
497 5
498 5
499 1
500 1
501 5
502 6
503 1
504 3
505 3
506 2
507 3
508 7
509 3
510 1
511 10
512 1
513 1
514 5
515 1
516 1
517 2
518 6
519 1
520 7
521 2
522 4
523 3
524 2
525 5
526 3
527 4
528 1
529 1
530 9
531 3
532 3
533 5
534 9
535 8
536 3
537 5
538 5
539 2
540 1
541 3
542 4
543 4
544 6
545 9
546 3
547 2
548 3
549 6
550 2
551 2
552 1
553 12
554 1
555 4
556 2
557 1
558 9
559 1
560 5
561 2
562 4
563 9
564 6
565 1
566 5
567 3
568 1
569 3
570 3
571 5
572 3
573 13
574 3
575 3
576 3
577 4
578 8
579 2
580 3
581 2
582 3
583 10
584 2
585 5
586 1
587 13
588 4
589 2
590 4
591 3
592 7
593 1
594 1
595 7
596 6
597 4
598 1
599 3
600 1
601 4
602 3
603 1
604 5
605 3
606 7
607 3
608 3
609 1
610 4
611 3
612 5
613 2
614 4
615 1
616 5
617 2
618 6
619 3
620 2
621 4
622 3
623 2
624 8
625 6
626 2
627 8
628 2
629 9
630 3
631 3
632 5
633 3
634 2
635 2
636 4
637 5
638 10
639 2
640 2
641 1
642 6
643 6
644 4
645 5
646 4
647 2
648 17
649 6
650 3
651 2
652 2
653 5
654 2
655 2
656 1
657 2
658 4
659 5
660 6
661 1
662 3
663 4
664 6
665 3
666 1
667 10
668 4
669 4
670 4
671 8
672 4
673 5
674 4
675 1
676 4
677 1
678 11
679 8
680 9
681 2
682 3
683 4
684 2
685 8
686 4
687 3
688 3
689 4
690 4
691 2
692 6
693 2
694 3
695 1
696 2
697 4
698 5
699 10
700 4
701 3
702 2
703 4
704 2
705 2
706 5
707 2
708 1
709 3
710 5
711 3
712 2
713 2
714 10
715 4
716 5
717 1
718 3
719 1
720 4
721 2
722 3
723 4
724 7
725 1
726 2
727 3
728 6
729 4
730 3
731 2
732 1
733 2
734 4
735 2
736 2
737 5
738 4
739 3
740 6
741 4
742 3
743 3
744 6
745 6
746 3
747 2
748 10
749 3
750 3
751 2
752 3
753 2
754 6
755 5
756 3
757 1
758 5
759 1
760 8
761 5
762 1
763 3
764 1
765 5
766 3
767 4
768 6
769 2
770 8
771 1
772 2
773 5
774 8
775 5
776 8
777 2
778 9
779 5
780 4
781 1
782 19
783 11
784 8
785 1
786 4
787 3
788 2
789 3
790 4
791 1
792 8
793 6
794 2
795 10
796 3
797 2
798 1
799 2
800 4
801 8
802 3
803 9
804 8
805 2
806 9
807 3
808 4
809 9
810 2
811 1
812 1
813 4
814 1
815 4
816 2
817 1
818 3
819 4
820 4
821 7
822 3
823 5
824 2
825 1
826 3
827 4
828 3
829 3
830 2
831 2
832 1
833 3
834 1
835 3
836 5
837 4
838 3
839 1
840 2
841 8
842 2
843 4
844 1
845 13
846 5
847 4
848 8
849 2
850 3
851 7
852 2
853 2
854 1
855 1
856 2
857 4
858 3
859 1
860 1
861 5
862 7
863 2
864 3
865 2
866 6
867 4
868 3
869 1
870 3
871 4
872 1
873 6
874 3
875 4
876 7
877 5
878 2
879 2
880 2
881 3
882 2
883 6
884 3
885 2
886 7
887 6
888 5
889 1
890 4
891 3
892 3
893 1
894 1
895 2
896 8
897 2
898 3
899 4
900 5
901 1
902 4
903 8
904 3
905 3
906 2
907 1
908 7
909 3
910 4
911 7
912 7
913 3
914 4
915 1
916 1
917 1
918 1
919 5
920 7
921 2
922 5
923 4
924 5
925 1
926 14
927 4
928 3
929 2
930 3
931 3
932 6
933 4
934 6
935 3
936 1
937 2
938 1
939 7
940 4
941 2
942 4
943 1
944 2
945 2
946 1
947 3
948 3
949 3
950 2
951 4
952 3
953 2
954 2
955 6
956 1
957 2
958 5
959 8
960 1
961 3
962 4
963 2
964 4
965 1
966 2
967 2
968 4
969 1
970 7
971 2
972 1
973 2
974 3
975 2
976 4
977 4
978 1
979 5
980 2
981 4
982 4
983 2
984 2
985 1
986 2
987 2
988 5
989 1
990 4
991 1
992 5
993 3
994 7
995 2
996 1
997 4
998 5
999 2
1000 2
1001 1
1002 10
1003 2
1004 1
1005 3
1006 2
1007 6
1008 5
1009 1
1010 3
1011 1
1012 3
1013 4
1014 2
1015 1
1016 13
1017 2
1018 2
1019 4
1020 2
1021 3
1022 4
1023 2
1024 3
1025 2
1026 5
1027 6
1028 5
1029 13
1030 1
1031 8
1032 3
1033 2
1034 1
1035 2
1036 2
1037 6
1038 2
1039 2
1040 4
1041 3
1042 2
1043 3
1044 6
1045 3
1046 6
1047 3
1048 2
1049 1
1050 3
1051 2
1052 1
1053 3
1054 1
1055 4
1056 2
1057 1
1058 6
1059 6
1060 3
1061 1
1062 4
1063 3
1064 3
1065 5
1066 1
1067 3
1068 12
1069 7
1070 7
1071 2
1072 2
1073 1
1074 1
1075 2
1076 2
1077 1
1078 3
1079 2
1080 5
1081 6
1082 6
1083 2
1084 2
1085 2
1086 4
1087 2
1088 1
1089 4
1090 4
1091 3
1092 11
1093 3
1094 3
1095 1
1096 5
1097 1
1098 2
1099 4
1100 1
1101 2
1102 1
1103 2
1104 2
1105 3
1106 3
1107 7
1108 2
1109 1
1110 1
1111 2
1112 2
1113 8
1114 2
1115 3
1116 2
1117 4
1118 1
1119 2
1120 2
1121 1
1122 2
1123 4
1124 1
1125 2
1126 1
1127 4
1128 1
1129 5
1130 1
1131 5
1132 1
1133 2
1134 4
1135 5
1136 2
1137 5
1138 2
1139 2
1140 5
1141 1
1142 4
1143 5
1144 5
1145 5
1146 6
1147 2
1148 2
1149 1
1150 4
1151 5
1152 1
1153 3
1154 3
1155 1
1156 1
1157 5
1158 2
1159 1
1160 1
1161 2
1162 1
1163 1
1164 6
1165 3
1166 4
1167 5
1168 4
1169 3
1170 5
1171 6
1172 1
1173 2
1174 4
1175 2
1176 3
1177 4
1178 2
1179 9
1180 4
1181 1
1182 4
1183 5
1184 4
1185 2
1186 8
1187 5
1188 2
1189 4
1190 2
1191 3
1192 4
1193 6
1194 1
1195 2
1196 3
1197 4
1198 2
1199 4
1200 6
1201 2
1202 7
1203 1
1204 1
1205 2
1206 6
1207 2
1208 1
1209 1
1210 5
1211 3
1212 1
1213 4
1214 7
1215 1
1216 4
1217 1
1218 3
1219 5
1220 4
1221 2
1222 1
1223 4
1224 1
1225 3
1226 1
1227 4
1228 6
1229 4
1230 2
1231 1
1232 1
1233 4
1234 11
1235 2
1236 1
1237 2
1238 8
1239 5
1240 2
1241 4
1242 2
1243 1
1244 2
1245 3
1246 5
1247 1
1248 3
1249 2
1250 1
1251 4
1252 3
1253 5
1254 5
1255 1
1256 1
1257 3
1258 2
1259 4
1260 1
1261 1
1262 5
1263 4
1264 4
1265 6
1266 2
1267 1
1268 4
1269 1
1270 4
1271 3
1272 2
1273 1
1274 2
1275 1
1276 2
1277 4
1278 4
1279 2
1280 1
1281 5
1282 3
1283 3
1284 6
1285 1
1286 3
1287 1
1288 2
1289 2
1290 1
1291 2
1292 4
1293 5
1294 1
1295 3
1296 1
1297 5
1298 5
1299 6
1300 1
1301 3
1302 3
1303 3
1304 1
1305 5
1306 3
1307 3
1308 2
1309 3
1310 1
1311 4
1312 1
1313 2
1314 1
1315 1
1316 2
1317 1
1318 3
1319 7
1320 3
1321 4
1322 1
1323 1
1324 3
1325 1
1326 1
1327 2
1328 2
1329 4
1330 1
1331 2
1332 2
1333 5
1334 1
1335 3
1336 1
1337 3
1338 4
1339 3
1340 2
1341 2
1342 1
1343 3
1344 3
1345 2
1346 1
1347 3
1348 1
1349 2
1350 2
1351 3
1352 2
1353 3
1354 2
1355 2
1356 1
1357 1
1358 7
1359 1
1360 2
1361 1
1362 5
1363 3
1364 5
1365 4
1366 2
1367 4
1368 1
1369 4
1370 2
1371 2
1372 1
1373 1
1374 2
1375 2
1376 2
1377 3
1378 2
1379 5
1380 1
1381 2
1382 2
1383 2
1384 2
1385 3
1386 3
1387 1
1388 5
1389 5
1390 3
1391 1
1392 4
1393 1
1394 2
1395 5
1396 3
1397 2
1398 1
1399 5
1400 2
1401 1
1402 1
1403 1
1404 4
1405 2
1406 7
1407 1
1408 1
1409 1
1410 1
1411 4
1412 4
1413 5
1414 4
1415 7
1416 1
1417 1
1418 1
1419 3
1420 3
1421 1
1422 2
1423 1
1424 1
1425 1
1426 1
1427 3
1428 1
1429 1
1430 3
1431 1
1432 2
1433 7
1434 1
1435 2
1436 7
1437 5
1438 1
1439 3
1440 4
1441 2
1442 7
1443 2
1444 3
1445 3
1446 2
1447 3
1448 3
1449 2
1450 2
1451 6
1452 2
1453 3
1454 6
1455 1
1456 4
1457 1
1458 1
1459 5
1460 7
1461 2
1462 2
1463 1
1464 4
1465 1
1466 2
1467 3
1468 1
1469 5
1470 2
1471 2
1472 2
1473 2
1474 2
1475 2
1476 6
1477 4
1478 3
1479 2
1480 2
1481 4
1482 2
1483 2
1484 3
1485 5
1486 3
1487 4
1488 1
1489 3
1490 2
1491 6
1492 3
1493 4
1494 2
1495 2
1496 3
1497 2
1498 1
1499 7
1500 2
1501 1
1502 2
1503 2
1504 3
1505 8
1506 1
1507 2
1508 5
1509 2
1510 2
1511 1
1512 2
1513 4
1514 3
1515 5
1516 1
1517 1
1518 1
1519 2
1520 5
1521 2
1522 1
1523 2
1524 7
1525 6
1526 3
1527 5
1528 3
1529 3
1530 1
1531 4
1532 2
1533 2
1534 3
1535 3
1536 2
1537 1
1538 3
1539 1
1540 4
1541 2
1542 2
1543 4
1544 4
1545 2
1546 8
1547 4
1548 3
1549 3
1550 4
1551 9
1552 1
1553 4
1554 1
1555 1
1556 2
1557 2
1558 2
1559 1
1560 1
1561 9
1562 2
1563 4
1564 2
1565 3
1566 3
1567 1
1568 2
1569 2
1570 3
1571 1
1572 4
1573 2
1574 2
1575 2
1576 3
1577 5
1578 6
1579 5
1580 6
1581 4
1582 4
1583 3
1584 3
1585 9
1586 1
1587 4
1588 3
1589 2
1590 2
1591 2
1592 2
1593 3
1594 2
1595 4
1596 1
1597 2
1598 2
1599 1
1600 1
1601 1
1602 3
1603 4
1604 3
1605 3
1606 5
1607 1
1608 3
1609 1
1610 6
1611 1
1612 4
1613 3
1614 3
1615 1
1616 1
1617 3
1618 6
1619 1
1620 7
1621 2
1622 2
1623 2
1624 6
1625 1
1626 1
1627 2
1628 2
1629 2
1630 4
1631 1
1632 3
1633 3
1634 4
1635 2
1636 1
1637 4
1638 3
1639 2
1640 1
1641 5
1642 1
1643 2
1644 1
1645 1
1646 2
1647 1
1648 4
1649 6
1650 1
1651 5
1652 1
1653 1
1654 6
1655 2
1656 3
1657 8
1658 2
1659 3
1660 2
1661 1
1662 1
1663 1
1664 1
1665 3
1666 6
1667 4
1668 4
1669 4
1670 6
1671 2
1672 2
1673 5
1674 1
1675 1
1676 4
1677 1
1678 3
1679 1
1680 1
1681 3
1682 1
1683 3
1684 2
1685 5
1686 4
1687 3
1688 1
1689 2
1690 3
1691 3
1692 2
1693 2
1694 1
1695 3
1696 3
1697 1
1698 1
1699 5
1700 2
1701 2
1702 6
1703 1
1704 3
1705 3
1706 4
1707 6
1708 4
1709 2
1710 1
1711 2
1712 3
1713 4
1714 1
1715 6
1716 2
1717 2
1718 2
1719 1
1720 4
1721 1
1722 8
1723 1
1724 3
1725 2
1726 1
1727 6
1728 5
1729 2
1730 1
1731 2
1732 4
1733 2
1734 1
1735 4
1736 3
1737 1
1738 6
1739 3
1740 6
1741 4
1742 1
1743 2
1744 4
1745 4
1746 7
1747 3
1748 1
1749 2
1750 2
1751 2
1752 2
1753 3
1754 4
1755 4
1756 1
1757 4
1758 2
1759 1
1760 3
1761 1
1762 1
1763 2
1764 2
1765 4
1766 6
1767 1
1768 1
1769 3
1770 2
1771 1
1772 2
1773 1
1774 1
1775 3
1776 2
1777 1
1778 3
1779 3
1780 2
1781 1
1782 3
1783 1
1784 2
1785 2
1786 7
1787 1
1788 2
1789 2
1790 4
1791 2
1792 1
1793 1
1794 5
1795 7
1796 2
1797 1
1798 3
1799 3
1800 3
1801 6
1802 1
1803 4
1804 3
1805 4
1806 8
1807 1
1808 14
1809 1
1810 4
1811 5
1812 3
1813 1
1814 1
1815 2
1816 1
1817 3
1818 1
1819 1
1820 2
1821 2
1822 2
1823 3
1824 3
1825 3
1826 3
1827 1
1828 2
1829 2
1830 3
1831 1
1832 4
1833 4
1834 2
1835 1
1836 4
1837 1
1838 3
1839 3
1840 1
1841 3
1842 5
1843 2
1844 1
1845 1
1846 4
1847 9
1848 3
1849 2
1850 7
1851 1
1852 1
1853 1
1854 1
1855 4
1856 1
1857 2
1858 2
1859 2
1860 4
1861 4
1862 2
1863 2
1864 3
1865 2
1866 3
1867 3
1868 2
1869 2
1870 1
1871 1
1872 6
1873 1
1874 4
1875 5
1876 2
1877 2
1878 1
1879 2
1880 2
1881 2
1882 2
1883 3
1884 2
1885 1
1886 4
1887 4
1888 1
1889 1
1890 1
1891 1
1892 3
1893 1
1894 3
1895 1
1896 4
1897 2
1898 4
1899 2
1900 1
1901 4
1902 5
1903 1
1904 3
1905 1
1906 1
1907 1
1908 2
1909 1
1910 4
1911 2
1912 4
1913 4
1914 4
1915 2
1916 2
1917 3
1918 3
1919 2
1920 4
1921 1
1922 1
1923 3
1924 2
1925 3
1926 1
1927 1
1928 1
1929 2
1930 2
1931 3
1932 2
1933 1
1934 1
1935 2
1936 1
1937 1
1938 2
1939 2
1940 3
1941 3
1942 4
1943 2
1944 1
1945 4
1946 4
1947 6
1948 1
1949 2
1950 2
1951 2
1952 2
1953 1
1954 6
1955 1
1956 1
1957 1
1958 2
1959 3
1960 3
1961 3
1962 5
1963 1
1964 1
1965 1
1966 1
1967 3
1968 4
1969 2
1970 2
1971 2
1972 4
1973 4
1974 2
1975 3
1976 2
1977 1
1978 2
1979 3
1980 5
1981 2
1982 2
1983 3
1984 5
1985 2
1986 1
1987 3
1988 1
1989 2
1990 2
1991 2
1992 1
1993 1
1994 2
1995 1
1996 1
1997 8
1998 3
1999 4
2000 2
2001 1
2002 4
2003 3
2004 2
2005 2
2006 2
2007 2
2008 1
2009 3
2010 1
2011 9
2012 3
2013 1
2014 7
2015 3
2016 3
2017 3
2018 1
2019 6
2020 1
2021 2
2022 2
2023 2
2024 3
2025 1
2026 6
2027 1
2028 1
2029 3
2030 1
2031 1
2032 2
2033 2
2034 4
2035 1
2036 3
2037 1
2038 1
2039 2
2040 6
2041 1
2042 2
2043 1
2044 2
2045 3
2046 2
2047 3
2048 2
2049 2
2050 5
2051 3
2052 1
2053 5
2054 1
2055 1
2056 4
2057 2
2058 1
2059 1
2060 5
2061 2
2062 1
2063 1
2064 2
2065 6
2066 3
2067 2
2068 1
2069 3
2070 1
2071 3
2072 5
2073 2
2074 2
2075 1
2076 2
2077 1
2078 3
2079 3
2080 1
2081 1
2082 2
2083 1
2084 1
2085 4
2086 4
2087 2
2088 5
2089 4
2090 4
2091 2
2092 3
2093 1
2094 2
2095 1
2096 1
2097 3
2098 1
2099 2
2100 5
2101 1
2102 1
2103 6
2104 2
2105 1
2106 2
2107 2
2108 4
2109 1
2110 3
2111 2
2112 3
2113 1
2114 2
2115 3
2116 2
2117 1
2118 2
2119 1
2120 3
2121 4
2122 1
2123 1
2124 2
2125 2
2126 3
2127 1
2128 1
2129 1
2130 1
2131 2
2132 2
2133 1
2134 3
2135 1
2136 3
2137 2
2138 1
2139 3
2140 3
2141 2
2142 1
2143 2
2144 1
2145 3
2146 3
2147 4
2148 3
2149 4
2150 1
2151 2
2152 1
2153 1
2154 3
2155 3
2156 1
2157 1
2158 1
2159 1
2160 1
2161 1
2162 2
2163 6
2164 1
2165 1
2166 1
2167 2
2168 2
2169 2
2170 2
2171 3
2172 3
2173 2
2174 2
2175 1
2176 2
2177 6
2178 4
2179 3
2180 1
2181 3
2182 1
2183 5
2184 1
2185 3
2186 2
2187 2
2188 3
2189 1
2190 1
2191 1
2192 4
2193 1
2194 5
2195 2
2196 3
2197 1
2198 2
2199 2
2200 3
2201 4
2202 2
2203 4
2204 2
2205 2
2206 1
2207 3
2208 3
2209 3
2210 3
2211 1
2212 5
2213 1
2214 4
2215 1
2216 2
2217 3
2218 7
2219 2
2220 2
2221 5
2222 1
2223 1
2224 2
2225 2
2226 2
2227 5
2228 1
2229 2
2230 4
2231 1
2232 1
2233 2
2234 1
2235 5
2236 1
2237 2
2238 3
2239 1
2240 1
2241 6
2242 1
2243 1
2244 5
2245 2
2246 2
2247 2
2248 3
2249 4
2250 4
2251 2
2252 1
2253 1
2254 6
2255 1
2256 1
2257 2
2258 5
2259 3
2260 3
2261 1
2262 5
2263 3
2264 2
2265 3
2266 3
2267 1
2268 4
2269 4
2270 5
2271 5
2272 5
2273 1
2274 2
2275 6
2276 1
2277 1
2278 2
2279 2
2280 2
2281 2
2282 3
2283 3
2284 2
2285 4
2286 3
2287 1
2288 2
2289 1
2290 1
2291 3
2292 5
2293 2
2294 2
2295 5
2296 3
2297 1
2298 1
2299 1
2300 2
2301 1
2302 5
2303 3
2304 1
2305 2
2306 1
2307 2
2308 3
2309 1
2310 1
2311 2
2312 3
2313 1
2314 1
2315 1
2316 1
2317 4
2318 1
2319 2
2320 1
2321 4
2322 2
2323 3
2324 1
2325 4
2326 2
2327 5
2328 1
2329 2
2330 3
2331 2
2332 1
2333 2
2334 2
2335 5
2336 2
2337 1
2338 5
2339 3
2340 2
2341 2
2342 4
2343 1
2344 3
2345 2
2346 3
2347 3
2348 1
2349 1
2350 3
2351 4
2352 2
2353 1
2354 1
2355 1
2356 3
2357 2
2358 1
2359 3
2360 1
2361 1
2362 4
2363 4
2364 1
2365 2
2366 1
2367 3
2368 3
2369 3
2370 3
2371 3
2372 1
2373 2
2374 4
2375 4
2376 4
2377 1
2378 1
2379 1
2380 3
2381 6
2382 3
2383 2
2384 3
2385 6
2386 2
2387 3
2388 2
2389 1
2390 2
2391 2
2392 3
2393 2
2394 3
2395 3
2396 2
2397 1
2398 2
2399 1
2400 2
2401 1
2402 2
2403 3
2404 1
2405 2
2406 2
2407 4
2408 1
2409 1
2410 2
2411 2
2412 2
2413 2
2414 5
2415 2
2416 1
2417 2
2418 2
2419 4
2420 2
2421 1
2422 1
2423 1
2424 1
2425 1
2426 1
2427 1
2428 2
2429 4
2430 7
2431 3
2432 3
2433 2
2434 4
2435 3
2436 3
2437 1
2438 5
2439 1
2440 3
2441 4
2442 1
2443 1
2444 1
2445 1
2446 2
2447 1
2448 1
2449 2
2450 1
2451 1
2452 3
2453 2
2454 1
2455 1
2456 1
2457 1
2458 1
2459 2
2460 1
2461 1
2462 5
2463 4
2464 4
2465 2
2466 1
2467 5
2468 2
2469 3
2470 1
2471 2
2472 2
2473 2
2474 2
2475 3
2476 2
2477 2
2478 1
2479 5
2480 1
2481 5
2482 1
2483 3
2484 1
2485 6
2486 2
2487 3
2488 1
2489 1
2490 2
2491 2
2492 1
2493 3
2494 3
2495 6
2496 1
2497 1
2498 1
2499 1
2500 1
2501 1
2502 1
2503 3
2504 5
2505 1
2506 1
2507 1
2508 1
2509 1
2510 1
2511 3
2512 5
2513 2
2514 5
2515 3
2516 2
2517 1
2518 2
2519 7
2520 1
2521 1
2522 1
2523 2
2524 1
2525 2
2526 3
2527 3
2528 2
2529 2
2530 2
2531 3
2532 3
2533 1
2534 1
2535 2
2536 2
2537 1
2538 1
2539 1
2540 3
2541 1
2542 2
2543 1
2544 1
2545 3
2546 4
2547 2
2548 2
2549 1
2550 1
2551 1
2552 1
2553 1
2554 2
2555 1
2556 3
2557 1
2558 4
2559 1
2560 1
2561 1
2562 1
2563 3
2564 1
2565 4
2566 2
2567 4
2568 2
2569 1
2570 2
2571 2
2572 2
2573 1
2574 3
2575 3
2576 1
2577 3
2578 2
2579 1
2580 2
2581 2
2582 1
2583 4
2584 3
2585 1
2586 1
2587 1
2588 3
2589 1
2590 2
2591 5
2592 2
2593 4
2594 1
2595 2
2596 2
2597 1
2598 3
2599 2
2600 2
2601 6
2602 1
2603 1
2604 2
2605 1
2606 1
2607 3
2608 2
2609 3
2610 1
2611 1
2612 3
2613 2
2614 2
2615 1
2616 2
2617 2
2618 1
2619 1
2620 1
2621 3
2622 3
2623 2
2624 5
2625 1
2626 2
2627 1
2628 3
2629 1
2630 2
2631 1
2632 1
2633 1
2634 1
2635 3
2636 2
2637 3
2638 3
2639 1
2640 1
2641 2
2642 5
2643 2
2644 1
2645 2
2646 2
2647 1
2648 3
2649 2
2650 1
2651 1
2652 1
2653 4
2654 2
2655 2
2656 1
2657 2
2658 3
2659 1
2660 2
2661 2
2662 1
2663 1
2664 3
2665 1
2666 2
2667 2
2668 1
2669 1
2670 1
2671 5
2672 2
2673 5
2674 1
2675 1
2676 2
2677 2
2678 1
2679 2
2680 3
2681 2
2682 2
2683 1
2684 5
2685 2
2686 1
2687 2
2688 1
2689 1
2690 1
2691 2
2692 1
2693 1
2694 3
2695 1
2696 2
2697 2
2698 4
2699 2
2700 1
2701 4
2702 2
2703 1
2704 2
2705 6
2706 1
2707 1
2708 3
2709 2
2710 1
2711 1
2712 1
2713 2
2714 1
2715 1
2716 4
2717 1
2718 1
2719 1
2720 1
2721 3
2722 2
2723 3
2724 1
2725 1
2726 2
2727 1
2728 3
2729 1
2730 1
2731 1
2732 1
2733 6
2734 8
2735 3
2736 3
2737 1
2738 1
2739 2
2740 2
2741 1
2742 1
2743 2
2744 1
2745 2
2746 2
2747 2
2748 4
2749 1
2750 2
2751 4
2752 7
2753 2
2754 2
2755 2
2756 5
2757 1
2758 2
2759 2
2760 1
2761 2
2762 2
2763 1
2764 1
2765 2
2766 2
2767 1
2768 2
2769 2
2770 2
2771 3
2772 1
2773 3
2774 1
2775 6
2776 3
2777 1
2778 2
2779 2
2780 4
2781 1
2782 2
2783 1
2784 3
2785 2
2786 1
2787 3
2788 4
2789 1
2790 4
2791 4
2792 3
2793 1
2794 4
2795 5
2796 4
2797 5
2798 2
2799 1
2800 2
2801 1
2802 1
2803 2
2804 1
2805 3
2806 1
2807 2
2808 1
2809 1
2810 2
2811 1
2812 1
2813 1
2814 1
2815 2
2816 4
2817 1
2818 2
2819 3
2820 1
2821 4
2822 1
2823 3
2824 3
2825 2
2826 2
2827 2
2828 2
2829 1
2830 4
2831 4
2832 1
2833 2
2834 1
2835 2
2836 3
2837 1
2838 4
2839 1
2840 2
2841 2
2842 1
2843 2
2844 2
2845 1
2846 2
2847 2
2848 3
2849 1
2850 4
2851 1
2852 1
2853 1
2854 2
2855 2
2856 2
2857 1
2858 2
2859 4
2860 7
2861 3
2862 1
2863 2
2864 1
2865 6
2866 1
2867 3
2868 1
2869 1
2870 2
2871 2
2872 1
2873 2
2874 1
2875 7
2876 1
2877 1
2878 1
2879 2
2880 1
2881 2
2882 2
2883 1
2884 5
2885 3
2886 2
2887 1
2888 3
2889 2
2890 2
2891 4
2892 4
2893 1
2894 2
2895 4
2896 1
2897 2
2898 1
2899 3
2900 1
2901 3
2902 1
2903 1
2904 3
2905 1
2906 1
2907 3
2908 1
2909 2
2910 1
2911 2
2912 1
2913 1
2914 1
2915 1
2916 3
2917 2
2918 1
2919 5
2920 1
2921 1
2922 1
2923 1
2924 2
2925 3
2926 1
2927 2
2928 2
2929 1
2930 1
2931 3
2932 1
2933 1
2934 3
2935 2
2936 1
2937 2
2938 1
2939 1
2940 2
2941 2
2942 1
2943 1
2944 5
2945 1
2946 1
2947 1
2948 2
2949 1
2950 1
2951 3
2952 1
2953 1
2954 3
2955 1
2956 2
2957 3
2958 2
2959 4
2960 4
2961 1
2962 1
2963 4
2964 1
2965 5
2966 2
2967 5
2968 1
2969 2
2970 7
2971 2
2972 2
2973 1
2974 2
2975 5
2976 3
2977 3
2978 3
2979 2
2980 1
2981 2
2982 2
2983 3
2984 1
2985 1
2986 1
2987 5
2988 1
2989 2
2990 1
2991 1
2992 2
2993 1
2994 1
2995 3
2996 1
2997 1
2998 2
2999 1
3000 2
3001 3
3002 2
3003 1
3004 2
3005 2
3006 1
3007 1
3008 1
3009 6
3010 1
3011 1
3012 4
3013 1
3014 1
3015 3
3016 3
3017 2
3018 2
3019 2
3020 2
3021 1
3022 1
3023 4
3024 2
3025 1
3026 5
3027 2
3028 2
3029 1
3030 3
3031 3
3032 3
3033 1
3034 2
3035 1
3036 4
3037 3
3038 1
3039 1
3040 1
3041 3
3042 2
3043 3
3044 3
3045 4
3046 2
3047 4
3048 1
3049 2
3050 1
3051 1
3052 1
3053 5
3054 1
3055 4
3056 5
3057 1
3058 3
3059 4
3060 1
3061 1
3062 2
3063 1
3064 3
3065 2
3066 1
3067 3
3068 1
3069 3
3070 2
3071 1
3072 2
3073 2
3074 3
3075 1
3076 2
3077 2
3078 1
3079 1
3080 4
3081 1
3082 1
3083 1
3084 2
3085 1
3086 1
3087 1
3088 1
3089 1
3090 1
3091 1
3092 1
3093 1
3094 4
3095 1
3096 1
3097 5
3098 2
3099 2
3100 3
3101 1
3102 1
3103 1
3104 2
3105 2
3106 2
3107 2
3108 3
3109 1
3110 1
3111 4
3112 1
3113 2
3114 3
3115 2
3116 2
3117 5
3118 1
3119 1
3120 1
3121 2
3122 1
3123 1
3124 1
3125 2
3126 1
3127 2
3128 1
3129 1
3130 1
3131 1
3132 1
3133 1
3134 3
3135 3
3136 2
3137 3
3138 3
3139 2
3140 2
3141 3
3142 1
3143 2
3144 3
3145 1
3146 3
3147 2
3148 1
3149 1
3150 2
3151 2
3152 3
3153 2
3154 2
3155 1
3156 1
3157 1
3158 4
3159 1
3160 1
3161 1
3162 1
3163 1
3164 1
3165 1
3166 3
3167 1
3168 3
3169 1
3170 2
3171 3
3172 2
3173 1
3174 2
3175 1
3176 2
3177 1
3178 2
3179 3
3180 1
3181 2
3182 1
3183 2
3184 2
3185 1
3186 6
3187 1
3188 2
3189 3
3190 1
3191 2
3192 1
3193 1
3194 3
3195 2
3196 4
3197 1
3198 1
3199 2
3200 2
3201 3
3202 2
3203 1
3204 1
3205 1
3206 2
3207 1
3208 2
3209 4
3210 1
3211 2
3212 1
3213 1
3214 1
3215 3
3216 1
3217 1
3218 3
3219 1
3220 5
3221 1
3222 1
3223 2
3224 1
3225 2
3226 2
3227 2
3228 3
3229 3
3230 5
3231 1
3232 4
3233 1
3234 6
3235 1
3236 3
3237 2
3238 2
3239 1
3240 3
3241 2
3242 1
3243 1
3244 4
3245 2
3246 2
3247 2
3248 1
3249 1
3250 1
3251 4
3252 1
3253 1
3254 1
3255 1
3256 2
3257 1
3258 4
3259 2
3260 2
3261 3
3262 1
3263 1
3264 1
3265 2
3266 1
3267 1
3268 2
3269 1
3270 1
3271 1
3272 1
3273 1
3274 3
3275 1
3276 1
3277 1
3278 2
3279 1
3280 1
3281 1
3282 2
3283 1
3284 2
3285 2
3286 1
3287 1
3288 3
3289 4
3290 4
3291 1
3292 3
3293 1
3294 1
3295 1
3296 1
3297 3
3298 1
3299 5
3300 1
3301 2
3302 3
3303 2
3304 2
3305 1
3306 2
3307 1
3308 2
3309 1
3310 1
3311 1
3312 2
3313 2
3314 2
3315 4
3316 2
3317 1
3318 2
3319 2
3320 2
3321 1
3322 2
3323 6
3324 3
3325 1
3326 1
3327 1
3328 1
3329 3
3330 3
3331 1
3332 1
3333 1
3334 1
3335 2
3336 2
3337 1
3338 2
3339 1
3340 2
3341 2
3342 2
3343 1
3344 2
3345 1
3346 1
3347 2
3348 1
3349 2
3350 1
3351 1
3352 3
3353 1
3354 1
3355 5
3356 2
3357 5
3358 3
3359 2
3360 3
3361 1
3362 2
3363 2
3364 1
3365 1
3366 3
3367 1
3368 2
3369 2
3370 1
3371 1
3372 1
3373 2
3374 3
3375 1
3376 1
3377 3
3378 3
3379 5
3380 1
3381 2
3382 4
3383 1
3384 1
3385 1
3386 4
3387 1
3388 1
3389 1
3390 1
3391 5
3392 2
3393 3
3394 2
3395 1
3396 1
3397 3
3398 1
3399 1
3400 1
3401 1
3402 1
3403 3
3404 1
3405 1
3406 1
3407 2
3408 2
3409 2
3410 3
3411 2
3412 5
3413 1
3414 1
3415 3
3416 2
3417 4
3418 3
3419 2
3420 1
3421 4
3422 2
3423 1
3424 2
3425 1
3426 1
3427 1
3428 1
3429 2
3430 1
3431 1
3432 1
3433 1
3434 3
3435 5
3436 1
3437 1
3438 5
3439 2
3440 1
3441 4
3442 1
3443 1
3444 1
3445 2
3446 1
3447 2
3448 2
3449 1
3450 1
3451 3
3452 4
3453 2
3454 2
3455 1
3456 6
3457 2
3458 1
3459 2
3460 2
3461 1
3462 2
3463 2
3464 3
3465 1
3466 1
3467 1
3468 1
3469 1
3470 2
3471 1
3472 2
3473 2
3474 1
3475 5
3476 3
3477 4
3478 1
3479 1
3480 2
3481 2
3482 2
3483 1
3484 1
3485 1
3486 1
3487 2
3488 2
3489 1
3490 1
3491 2
3492 2
3493 8
3494 1
3495 2
3496 2
3497 2
3498 3
3499 2
3500 5
3501 2
3502 1
3503 1
3504 3
3505 2
3506 1
3507 4
3508 3
3509 1
3510 2
3511 1
3512 2
3513 1
3514 1
3515 2
3516 2
3517 1
3518 3
3519 2
3520 1
3521 1
3522 1
3523 2
3524 1
3525 1
3526 3
3527 1
3528 1
3529 2
3530 2
3531 1
3532 2
3533 1
3534 2
3535 2
3536 1
3537 3
3538 2
3539 2
3540 2
3541 2
3542 2
3543 1
3544 1
3545 1
3546 1
3547 1
3548 1
3549 2
3550 1
3551 1
3552 1
3553 1
3554 2
3555 3
3556 1
3557 2
3558 2
3559 1
3560 1
3561 1
3562 3
3563 1
3564 5
3565 2
3566 2
3567 2
3568 2
3569 2
3570 2
3571 1
3572 1
3573 3
3574 1
3575 1
3576 2
3577 1
3578 5
3579 1
3580 1
3581 1
3582 3
3583 1
3584 4
3585 3
3586 3
3587 1
3588 4
3589 3
3590 1
3591 2
3592 1
3593 2
3594 2
3595 4
3596 3
3597 2
3598 1
3599 1
3600 1
3601 2
3602 2
3603 3
3604 2
3605 2
3606 3
3607 1
3608 1
3609 1
3610 3
3611 1
3612 2
3613 3
3614 3
3615 4
3616 1
3617 3
3618 2
3619 2
3620 3
3621 4
3622 2
3623 1
3624 1
3625 3
3626 1
3627 2
3628 2
3629 1
3630 1
3631 1
3632 2
3633 3
3634 1
3635 1
3636 2
3637 1
3638 1
3639 1
3640 2
3641 2
3642 2
3643 2
3644 4
3645 1
3646 1
3647 1
3648 2
3649 2
3650 2
3651 1
3652 1
3653 1
3654 4
3655 3
3656 1
3657 1
3658 2
3659 1
3660 3
3661 1
3662 2
3663 1
3664 2
3665 4
3666 2
3667 1
3668 4
3669 3
3670 1
3671 1
3672 2
3673 1
3674 2
3675 1
3676 2
3677 1
3678 2
3679 2
3680 3
3681 1
3682 1
3683 1
3684 1
3685 2
3686 3
3687 1
3688 2
3689 3
3690 1
3691 2
3692 1
3693 3
3694 2
3695 3
3696 2
3697 2
3698 3
3699 1
3700 4
3701 2
3702 1
3703 1
3704 3
3705 2
3706 1
3707 3
3708 1
3709 1
3710 2
3711 2
3712 2
3713 3
3714 3
3715 1
3716 2
3717 1
3718 1
3719 3
3720 5
3721 1
3722 3
3723 4
3724 2
3725 1
3726 1
3727 2
3728 2
3729 3
3730 1
3731 2
3732 1
3733 2
3734 2
3735 1
3736 2
3737 1
3738 2
3739 3
3740 1
3741 2
3742 3
3743 2
3744 4
3745 1
3746 1
3747 2
3748 1
3749 1
3750 2
3751 5
3752 3
3753 3
3754 1
3755 1
3756 2
3757 1
3758 3
3759 2
3760 1
3761 2
3762 1
3763 3
3764 1
3765 2
3766 2
3767 2
3768 3
3769 2
3770 2
3771 4
3772 3
3773 2
3774 1
3775 1
3776 1
3777 3
3778 2
3779 2
3780 1
3781 1
3782 2
3783 2
3784 1
3785 1
3786 1
3787 1
3788 1
3789 1
3790 2
3791 4
3792 1
3793 1
3794 1
3795 1
3796 3
3797 1
3798 3
3799 1
3800 1
3801 2
3802 1
3803 3
3804 2
3805 2
3806 2
3807 1
3808 1
3809 2
3810 2
3811 2
3812 3
3813 1
3814 1
3815 4
3816 2
3817 1
3818 1
3819 1
3820 1
3821 1
3822 1
3823 2
3824 4
3825 1
3826 1
3827 1
3828 1
3829 2
3830 1
3831 1
3832 1
3833 1
3834 2
3835 3
3836 2
3837 2
3838 1
3839 2
3840 1
3841 1
3842 5
3843 1
3844 2
3845 2
3846 1
3847 1
3848 1
3849 2
3850 1
3851 2
3852 3
3853 1
3854 2
3855 1
3856 1
3857 4
3858 2
3859 4
3860 4
3861 1
3862 1
3863 1
3864 1
3865 3
3866 1
3867 4
3868 1
3869 1
3870 2
3871 1
3872 2
3873 1
3874 1
3875 1
3876 3
3877 1
3878 3
3879 2
3880 1
3881 3
3882 2
3883 1
3884 2
3885 1
3886 1
3887 1
3888 2
3889 2
3890 5
3891 3
3892 1
3893 2
3894 1
3895 3
3896 2
3897 4
3898 1
3899 1
3900 1
3901 2
3902 3
3903 1
3904 3
3905 1
3906 2
3907 1
3908 1
3909 1
3910 2
3911 2
3912 1
3913 2
3914 1
3915 1
3916 1
3917 2
3918 1
3919 2
3920 2
3921 1
3922 5
3923 1
3924 1
3925 1
3926 2
3927 1
3928 1
3929 1
3930 1
3931 1
3932 2
3933 1
3934 3
3935 2
3936 1
3937 1
3938 1
3939 5
3940 2
3941 4
3942 2
3943 1
3944 2
3945 1
3946 1
3947 2
3948 1
3949 1
3950 2
3951 1
3952 1
3953 1
3954 1
3955 2
3956 1
3957 1
3958 4
3959 1
3960 1
3961 1
3962 1
3963 1
3964 3
3965 2
3966 3
3967 3
3968 1
3969 3
3970 1
3971 4
3972 1
3973 1
3974 1
3975 1
3976 2
3977 1
3978 1
3979 2
3980 1
3981 2
3982 1
3983 1
3984 4
3985 2
3986 1
3987 2
3988 1
3989 2
3990 3
3991 1
3992 1
3993 2
3994 1
3995 2
3996 1
3997 1
3998 2
3999 2
4000 2
4001 1
4002 2
4003 1
4004 1
4005 1
4006 3
4007 2
4008 1
4009 2
4010 4
4011 1
4012 3
4013 2
4014 1
4015 2
4016 3
4017 1
4018 1
4019 2
4020 1
4021 1
4022 4
4023 2
4024 2
4025 1
4026 1
4027 1
4028 1
4029 1
4030 1
4031 1
4032 1
4033 1
4034 1
4035 4
4036 1
4037 2
4038 1
4039 1
4040 1
4041 2
4042 1
4043 3
4044 1
4045 1
4046 2
4047 2
4048 1
4049 1
4050 1
4051 2
4052 1
4053 2
4054 3
4055 1
4056 1
4057 1
4058 1
4059 1
4060 1
4061 1
4062 1
4063 1
4064 1
4065 2
4066 3
4067 3
4068 1
4069 2
4070 1
4071 2
4072 2
4073 1
4074 2
4075 4
4076 2
4077 2
4078 2
4079 1
4080 3
4081 2
4082 1
4083 2
4084 4
4085 2
4086 3
4087 1
4088 1
4089 1
4090 1
4091 1
4092 1
4093 1
4094 2
4095 2
4096 1
4097 2
4098 4
4099 2
4100 2
4101 2
4102 2
4103 1
4104 1
4105 1
4106 2
4107 1
4108 1
4109 1
4110 1
4111 1
4112 1
4113 2
4114 2
4115 3
4116 1
4117 1
4118 1
4119 1
4120 3
4121 1
4122 1
4123 1
4124 2
4125 1
4126 1
4127 2
4128 2
4129 1
4130 1
4131 2
4132 3
4133 1
4134 1
4135 2
4136 2
4137 4
4138 1
4139 1
4140 3
4141 1
4142 2
4143 3
4144 1
4145 1
4146 2
4147 3
4148 2
4149 1
4150 2
4151 2
4152 1
4153 1
4154 2
4155 2
4156 1
4157 3
4158 3
4159 1
4160 3
4161 2
4162 1
4163 1
4164 1
4165 3
4166 1
4167 2
4168 2
4169 5
4170 2
4171 1
4172 1
4173 3
4174 2
4175 1
4176 4
4177 2
4178 2
4179 2
4180 2
4181 2
4182 1
4183 1
4184 3
4185 2
4186 1
4187 1
4188 3
4189 2
4190 2
4191 1
4192 1
4193 2
4194 2
4195 1
4196 2
4197 4
4198 1
4199 5
4200 1
4201 1
4202 4
4203 1
4204 2
4205 1
4206 1
4207 2
4208 2
4209 1
4210 2
4211 2
4212 1
4213 1
4214 1
4215 3
4216 3
4217 4
4218 1
4219 2
4220 2
4221 3
4222 1
4223 4
4224 2
4225 3
4226 1
4227 2
4228 3
4229 1
4230 1
4231 3
4232 1
4233 1
4234 1
4235 3
4236 2
4237 1
4238 2
4239 3
4240 2
4241 2
4242 1
4243 1
4244 1
4245 2
4246 1
4247 2
4248 1
4249 3
4250 1
4251 2
4252 1
4253 1
4254 1
4255 2
4256 1
4257 1
4258 1
4259 3
4260 1
4261 1
4262 2
4263 1
4264 2
4265 6
4266 2
4267 1
4268 1
4269 1
4270 1
4271 2
4272 2
4273 2
4274 3
4275 3
4276 4
4277 1
4278 1
4279 2
4280 3
4281 2
4282 1
4283 1
4284 1
4285 3
4286 2
4287 1
4288 2
4289 4
4290 1
4291 1
4292 1
4293 1
4294 1
4295 1
4296 1
4297 2
4298 1
4299 2
4300 1
4301 3
4302 2
4303 1
4304 1
4305 1
4306 2
4307 1
4308 1
4309 3
4310 2
4311 1
4312 2
4313 2
4314 1
4315 1
4316 2
4317 1
4318 1
4319 1
4320 1
4321 2
4322 1
4323 3
4324 2
4325 1
4326 1
4327 4
4328 2
4329 1
4330 1
4331 1
4332 2
4333 1
4334 1
4335 1
4336 1
4337 1
4338 2
4339 2
4340 1
4341 1
4342 1
4343 4
4344 2
4345 3
4346 1
4347 1
4348 1
4349 3
4350 3
4351 2
4352 3
4353 2
4354 1
4355 1
4356 2
4357 1
4358 2
4359 4
4360 1
4361 1
4362 4
4363 3
4364 1
4365 4
4366 2
4367 3
4368 1
4369 2
4370 2
4371 1
4372 1
4373 1
4374 1
4375 1
4376 1
4377 1
4378 1
4379 2
4380 2
4381 2
4382 1
4383 5
4384 2
4385 1
4386 1
4387 1
4388 1
4389 1
4390 3
4391 2
4392 2
4393 2
4394 1
4395 1
4396 1
4397 1
4398 1
4399 1
4400 2
4401 3
4402 3
4403 1
4404 1
4405 2
4406 1
4407 1
4408 2
4409 2
4410 1
4411 2
4412 2
4413 1
4414 1
4415 1
4416 1
4417 1
4418 3
4419 2
4420 1
4421 4
4422 1
4423 1
4424 3
4425 2
4426 1
4427 2
4428 1
4429 3
4430 1
4431 2
4432 2
4433 3
4434 3
4435 2
4436 1
4437 5
4438 2
4439 1
4440 3
4441 1
4442 1
4443 1
4444 2
4445 1
4446 2
4447 1
4448 1
4449 2
4450 1
4451 1
4452 1
4453 1
4454 1
4455 1
4456 1
4457 1
4458 2
4459 1
4460 1
4461 1
4462 2
4463 1
4464 5
4465 2
4466 2
4467 1
4468 2
4469 1
4470 4
4471 2
4472 3
4473 2
4474 2
4475 1
4476 1
4477 1
4478 1
4479 3
4480 3
4481 2
4482 3
4483 2
4484 1
4485 1
4486 1
4487 1
4488 1
4489 1
4490 2
4491 3
4492 1
4493 2
4494 1
4495 1
4496 2
4497 1
4498 1
4499 1
4500 1
4501 1
4502 4
4503 1
4504 1
4505 1
4506 2
4507 2
4508 1
4509 1
4510 2
4511 1
4512 1
4513 1
4514 1
4515 1
4516 1
4517 1
4518 1
4519 3
4520 2
4521 2
4522 4
4523 1
4524 1
4525 2
4526 1
4527 4
4528 1
4529 1
4530 2
4531 2
4532 2
4533 2
4534 2
4535 1
4536 1
4537 1
4538 1
4539 2
4540 3
4541 1
4542 4
4543 3
4544 2
4545 1
4546 1
4547 3
4548 3
4549 1
4550 1
4551 2
4552 1
4553 2
4554 1
4555 2
4556 2
4557 4
4558 2
4559 2
4560 2
4561 1
4562 1
4563 5
4564 1
4565 1
4566 1
4567 1
4568 2
4569 1
4570 1
4571 1
4572 1
4573 3
4574 1
4575 1
4576 2
4577 1
4578 1
4579 3
4580 2
4581 1
4582 1
4583 1
4584 2
4585 2
4586 2
4587 1
4588 1
4589 4
4590 1
4591 1
4592 1
4593 2
4594 1
4595 2
4596 1
4597 1
4598 3
4599 1
4600 3
4601 1
4602 1
4603 1
4604 1
4605 1
4606 1
4607 1
4608 4
4609 3
4610 2
4611 2
4612 1
4613 2
4614 2
4615 1
4616 1
4617 1
4618 3
4619 1
4620 1
4621 1
4622 1
4623 1
4624 1
4625 1
4626 2
4627 2
4628 1
4629 1
4630 2
4631 3
4632 2
4633 1
4634 2
4635 2
4636 1
4637 2
4638 3
4639 1
4640 2
4641 1
4642 3
4643 2
4644 1
4645 2
4646 4
4647 2
4648 1
4649 1
4650 1
4651 1
4652 1
4653 1
4654 1
4655 1
4656 1
4657 1
4658 3
4659 2
4660 2
4661 1
4662 1
4663 2
4664 2
4665 1
4666 2
4667 1
4668 1
4669 1
4670 1
4671 1
4672 1
4673 3
4674 2
4675 2
4676 1
4677 1
4678 1
4679 1
4680 1
4681 3
4682 2
4683 3
4684 1
4685 1
4686 2
4687 1
4688 2
4689 1
4690 1
4691 1
4692 2
4693 3
4694 6
4695 2
4696 2
4697 1
4698 1
4699 2
4700 1
4701 1
4702 1
4703 1
4704 1
4705 1
4706 1
4707 3
4708 1
4709 1
4710 3
4711 1
4712 1
4713 2
4714 1
4715 4
4716 1
4717 1
4718 1
4719 3
4720 1
4721 1
4722 1
4723 2
4724 3
4725 1
4726 1
4727 1
4728 1
4729 2
4730 2
4731 1
4732 2
4733 3
4734 1
4735 1
4736 2
4737 2
4738 3
4739 3
4740 1
4741 2
4742 1
4743 1
4744 3
4745 1
4746 1
4747 1
4748 1
4749 3
4750 1
4751 1
4752 1
4753 5
4754 1
4755 1
4756 3
4757 3
4758 3
4759 4
4760 2
4761 2
4762 1
4763 1
4764 1
4765 1
4766 1
4767 2
4768 1
4769 2
4770 1
4771 2
4772 1
4773 1
4774 1
4775 3
4776 1
4777 3
4778 3
4779 2
4780 1
4781 1
4782 1
4783 2
4784 2
4785 1
4786 1
4787 1
4788 4
4789 1
4790 6
4791 3
4792 1
4793 2
4794 1
4795 1
4796 1
4797 1
4798 3
4799 1
4800 2
4801 2
4802 3
4803 1
4804 1
4805 3
4806 1
4807 2
4808 1
4809 2
4810 2
4811 2
4812 3
4813 1
4814 2
4815 2
4816 4
4817 1
4818 3
4819 1
4820 1
4821 1
4822 1
4823 2
4824 1
4825 2
4826 1
4827 1
4828 2
4829 2
4830 1
4831 1
4832 3
4833 1
4834 2
4835 1
4836 2
4837 1
4838 1
4839 1
4840 1
4841 1
4842 2
4843 3
4844 1
4845 2
4846 1
4847 1
4848 1
4849 2
4850 2
4851 1
4852 1
4853 1
4854 1
4855 1
4856 2
4857 1
4858 1
4859 1
4860 2
4861 1
4862 2
4863 1
4864 2
4865 1
4866 1
4867 1
4868 1
4869 1
4870 2
4871 2
4872 1
4873 2
4874 4
4875 1
4876 2
4877 1
4878 2
4879 4
4880 1
4881 1
4882 2
4883 2
4884 2
4885 3
4886 1
4887 3
4888 1
4889 1
4890 1
4891 1
4892 1
4893 1
4894 3
4895 1
4896 4
4897 1
4898 1
4899 1
4900 4
4901 3
4902 1
4903 1
4904 1
4905 1
4906 3
4907 2
4908 1
4909 2
4910 1
4911 3
4912 1
4913 1
4914 1
4915 1
4916 1
4917 1
4918 1
4919 1
4920 1
4921 1
4922 1
4923 1
4924 1
4925 2
4926 1
4927 1
4928 1
4929 1
4930 2
4931 1
4932 1
4933 1
4934 1
4935 1
4936 2
4937 1
4938 2
4939 1
4940 1
4941 3
4942 1
4943 2
4944 1
4945 1
4946 2
4947 1
4948 1
4949 4
4950 1
4951 1
4952 1
4953 1
4954 3
4955 1
4956 1
4957 1
4958 3
4959 1
4960 1
4961 3
4962 2
4963 2
4964 2
4965 1
4966 2
4967 1
4968 1
4969 2
4970 1
4971 2
4972 1
4973 2
4974 1
4975 1
4976 2
4977 2
4978 3
4979 2
4980 2
4981 1
4982 1
4983 4
4984 1
4985 3
4986 2
4987 3
4988 1
4989 1
4990 1
4991 1
4992 1
4993 1
4994 1
4995 4
4996 2
4997 1
4998 1
4999 1
5000 1
5001 2
5002 1
5003 1
5004 1
5005 1
5006 2
5007 1
5008 2
5009 1
5010 1
5011 2
5012 1
5013 1
5014 1
5015 1
5016 1
5017 1
5018 2
5019 1
5020 1
5021 1
5022 1
5023 2
5024 2
5025 1
5026 2
5027 1
5028 1
5029 1
5030 1
5031 1
5032 3
5033 2
5034 1
5035 1
5036 1
5037 1
5038 2
5039 1
5040 3
5041 1
5042 3
5043 2
5044 2
5045 1
5046 3
5047 1
5048 1
5049 2
5050 2
5051 1
5052 1
5053 1
5054 2
5055 3
5056 1
5057 2
5058 1
5059 1
5060 1
5061 2
5062 1
5063 2
5064 1
5065 1
5066 1
5067 1
5068 2
5069 2
5070 1
5071 1
5072 2
5073 2
5074 1
5075 1
5076 2
5077 1
5078 1
5079 2
5080 1
5081 2
5082 1
5083 1
5084 2
5085 2
5086 1
5087 3
5088 2
5089 2
5090 1
5091 1
5092 1
5093 2
5094 2
5095 1
5096 1
5097 1
5098 2
5099 1
5100 2
5101 1
5102 2
5103 1
5104 1
5105 1
5106 2
5107 1
5108 1
5109 1
5110 1
5111 1
5112 2
5113 1
5114 1
5115 1
5116 1
5117 1
5118 1
5119 2
5120 1
5121 2
5122 2
5123 1
5124 2
5125 1
5126 2
5127 2
5128 3
5129 1
5130 1
5131 1
5132 2
5133 1
5134 2
5135 1
5136 5
5137 1
5138 2
5139 3
5140 1
5141 1
5142 1
5143 1
5144 1
5145 2
5146 2
5147 1
5148 1
5149 2
5150 1
5151 1
5152 1
5153 1
5154 1
5155 1
5156 1
5157 3
5158 1
5159 1
5160 2
5161 1
5162 1
5163 1
5164 1
5165 2
5166 3
5167 1
5168 1
5169 1
5170 1
5171 1
5172 1
5173 3
5174 1
5175 1
5176 4
5177 2
5178 1
5179 2
5180 1
5181 2
5182 2
5183 1
5184 1
5185 1
5186 2
5187 2
5188 2
5189 1
5190 2
5191 3
5192 1
5193 1
5194 1
5195 1
5196 1
5197 2
5198 1
5199 1
5200 1
5201 1
5202 1
5203 1
5204 1
5205 2
5206 1
5207 2
5208 2
5209 1
5210 1
5211 1
5212 1
5213 2
5214 1
5215 2
5216 2
5217 2
5218 4
5219 1
5220 2
5221 1
5222 1
5223 1
5224 1
5225 2
5226 2
5227 1
5228 1
5229 1
5230 2
5231 2
5232 3
5233 1
5234 1
5235 1
5236 1
5237 1
5238 1
5239 2
5240 1
5241 1
5242 3
5243 1
5244 1
5245 1
5246 1
5247 1
5248 1
5249 1
5250 1
5251 1
5252 2
5253 2
5254 2
5255 1
5256 1
5257 1
5258 4
5259 1
5260 2
5261 1
5262 1
5263 2
5264 1
5265 1
5266 1
5267 1
5268 2
5269 2
5270 1
5271 1
5272 2
5273 2
5274 1
5275 1
5276 1
5277 1
5278 1
5279 2
5280 2
5281 3
5282 3
5283 1
5284 1
5285 2
5286 1
5287 3
5288 2
5289 1
5290 1
5291 3
5292 2
5293 1
5294 1
5295 1
5296 2
5297 1
5298 2
5299 4
5300 2
5301 2
5302 1
5303 1
5304 1
5305 1
5306 1
5307 1
5308 1
5309 1
5310 1
5311 1
5312 2
5313 1
5314 1
5315 1
5316 1
5317 1
5318 1
5319 1
5320 2
5321 1
5322 1
5323 1
5324 1
5325 4
5326 1
5327 2
5328 1
5329 1
5330 2
5331 1
5332 1
5333 1
5334 2
5335 1
5336 2
5337 1
5338 1
5339 1
5340 1
5341 1
5342 1
5343 2
5344 2
5345 1
5346 1
5347 2
5348 5
5349 1
5350 1
5351 2
5352 1
5353 2
5354 1
5355 1
5356 1
5357 3
5358 2
5359 2
5360 2
5361 2
5362 1
5363 1
5364 1
5365 2
5366 1
5367 2
5368 1
5369 1
5370 1
5371 1
5372 3
5373 2
5374 1
5375 1
5376 1
5377 3
5378 1
5379 2
5380 3
5381 1
5382 1
5383 1
5384 2
5385 1
5386 1
5387 2
5388 3
5389 2
5390 1
5391 1
5392 1
5393 1
5394 2
5395 4
5396 2
5397 1
5398 1
5399 1
5400 1
5401 1
5402 1
5403 2
5404 1
5405 2
5406 1
5407 2
5408 2
5409 1
5410 1
5411 1
5412 1
5413 2
5414 2
5415 4
5416 2
5417 1
5418 2
5419 1
5420 1
5421 2
5422 1
5423 1
5424 1
5425 2
5426 1
5427 1
5428 1
5429 3
5430 1
5431 2
5432 3
5433 1
5434 1
5435 3
5436 1
5437 1
5438 1
5439 2
5440 1
5441 1
5442 2
5443 2
5444 1
5445 1
5446 1
5447 3
5448 1
5449 2
5450 1
5451 1
5452 1
5453 1
5454 1
5455 1
5456 1
5457 1
5458 2
5459 1
5460 2
5461 1
5462 1
5463 1
5464 2
5465 1
5466 1
5467 2
5468 1
5469 1
5470 4
5471 2
5472 1
5473 1
5474 1
5475 1
5476 1
5477 1
5478 1
5479 1
5480 1
5481 2
5482 1
5483 1
5484 1
5485 1
5486 3
5487 2
5488 1
5489 1
5490 2
5491 1
5492 1
5493 2
5494 3
5495 2
5496 1
5497 1
5498 1
5499 2
5500 1
5501 1
5502 3
5503 1
5504 1
5505 1
5506 1
5507 2
5508 1
5509 1
5510 2
5511 1
5512 1
5513 1
5514 3
5515 1
5516 1
5517 1
5518 1
5519 1
5520 1
5521 1
5522 1
5523 1
5524 3
5525 2
5526 1
5527 1
5528 1
5529 1
5530 1
5531 1
5532 2
5533 3
5534 1
5535 1
5536 1
5537 2
5538 3
5539 2
5540 1
5541 2
5542 1
5543 2
5544 2
5545 1
5546 2
5547 1
5548 1
5549 1
5550 1
5551 1
5552 1
5553 2
5554 1
5555 1
5556 1
5557 3
5558 1
5559 1
5560 1
5561 2
5562 2
5563 5
5564 3
5565 1
5566 1
5567 1
5568 1
5569 3
5570 1
5571 1
5572 1
5573 1
5574 2
5575 1
5576 3
5577 2
5578 1
5579 1
5580 1
5581 4
5582 1
5583 1
5584 1
5585 1
5586 2
5587 2
5588 1
5589 1
5590 1
5591 1
5592 2
5593 2
5594 2
5595 1
5596 2
5597 1
5598 1
5599 1
5600 1
5601 2
5602 2
5603 2
5604 1
5605 1
5606 1
5607 1
5608 1
5609 1
5610 1
5611 1
5612 1
5613 1
5614 2
5615 1
5616 1
5617 2
5618 1
5619 1
5620 1
5621 3
5622 1
5623 1
5624 2
5625 1
5626 1
5627 1
5628 1
5629 1
5630 2
5631 3
5632 1
5633 1
5634 1
5635 1
5636 1
5637 1
5638 1
5639 2
5640 1
5641 1
5642 1
5643 2
5644 2
5645 2
5646 1
5647 1
5648 2
5649 2
5650 1
5651 2
5652 2
5653 1
5654 1
5655 1
5656 2
5657 1
5658 2
5659 2
5660 1
5661 2
5662 1
5663 1
5664 1
5665 2
5666 1
5667 1
5668 1
5669 2
5670 1
5671 2
5672 1
5673 2
5674 1
5675 1
5676 1
5677 3
5678 4
5679 2
5680 1
5681 1
5682 1
5683 4
5684 1
5685 4
5686 1
5687 1
5688 1
5689 1
5690 1
5691 2
5692 1
5693 1
5694 1
5695 1
5696 1
5697 1
5698 1
5699 2
5700 1
5701 1
5702 1
5703 1
5704 1
5705 1
5706 3
5707 2
5708 1
5709 1
5710 1
5711 1
5712 3
5713 2
5714 1
5715 1
5716 1
5717 1
5718 1
5719 1
5720 1
5721 1
5722 1
5723 2
5724 1
5725 1
5726 2
5727 1
5728 1
5729 1
5730 1
5731 1
5732 2
5733 1
5734 3
5735 1
5736 1
5737 1
5738 1
5739 1
5740 1
5741 3
5742 2
5743 2
5744 2
5745 1
5746 2
5747 1
5748 2
5749 1
5750 1
5751 1
5752 2
5753 1
5754 1
5755 2
5756 2
5757 3
5758 1
5759 1
5760 3
5761 2
5762 1
5763 1
5764 1
5765 1
5766 1
5767 1
5768 3
5769 4
5770 1
5771 1
5772 1
5773 1
5774 1
5775 2
5776 1
5777 2
5778 1
5779 1
5780 2
5781 2
5782 1
5783 2
5784 1
5785 1
5786 2
5787 2
5788 1
5789 1
5790 1
5791 2
5792 1
5793 1
5794 3
5795 1
5796 1
5797 1
5798 1
5799 2
5800 1
5801 1
5802 2
5803 1
5804 1
5805 1
5806 1
5807 1
5808 2
5809 1
5810 1
5811 2
5812 1
5813 1
5814 1
5815 2
5816 3
5817 1
5818 1
5819 2
5820 1
5821 2
5822 1
5823 2
5824 1
5825 1
5826 1
5827 2
5828 1
5829 3
5830 1
5831 1
5832 1
5833 1
5834 1
5835 2
5836 1
5837 1
5838 1
5839 1
5840 2
5841 1
5842 1
5843 1
5844 1
5845 1
5846 1
5847 2
5848 1
5849 1
5850 1
5851 1
5852 3
5853 1
5854 2
5855 1
5856 1
5857 1
5858 1
5859 3
5860 3
5861 1
5862 2
5863 2
5864 1
5865 1
5866 2
5867 1
5868 2
5869 1
5870 2
5871 1
5872 1
5873 3
5874 1
5875 1
5876 1
5877 1
5878 2
5879 1
5880 1
5881 1
5882 1
5883 1
5884 1
5885 3
5886 1
5887 2
5888 1
5889 2
5890 2
5891 1
5892 1
5893 1
5894 1
5895 1
5896 1
5897 1
5898 2
5899 1
5900 1
5901 1
5902 1
5903 1
5904 1
5905 1
5906 1
5907 1
5908 4
5909 1
5910 1
5911 1
5912 1
5913 1
5914 1
5915 1
5916 2
5917 1
5918 1
5919 1
5920 1
5921 1
5922 1
5923 1
5924 2
5925 1
5926 5
5927 2
5928 1
5929 1
5930 1
5931 1
5932 1
5933 1
5934 1
5935 2
5936 2
5937 1
5938 2
5939 1
5940 1
5941 1
5942 1
5943 2
5944 1
5945 3
5946 1
5947 1
5948 2
5949 3
5950 1
5951 1
5952 1
5953 4
5954 1
5955 1
5956 1
5957 1
5958 1
5959 1
5960 2
5961 1
5962 1
5963 1
5964 1
5965 3
5966 1
5967 1
5968 1
5969 1
5970 2
5971 1
5972 2
5973 1
5974 1
5975 1
5976 1
5977 2
5978 1
5979 2
5980 1
5981 1
5982 2
5983 1
5984 1
5985 1
5986 1
5987 3
5988 1
5989 2
5990 1
5991 1
5992 1
5993 2
5994 1
5995 1
5996 2
5997 1
5998 1
5999 1
6000 2
6001 1
6002 1
6003 2
6004 2
6005 1
6006 1
6007 1
6008 1
6009 1
6010 1
6011 2
6012 2
6013 1
6014 1
6015 2
6016 1
6017 2
6018 2
6019 2
6020 1
6021 1
6022 1
6023 1
6024 1
6025 2
6026 1
6027 2
6028 1
6029 1
6030 1
6031 1
6032 2
6033 1
6034 2
6035 1
6036 1
6037 1
6038 1
6039 1
6040 1
6041 1
6042 1
6043 1
6044 1
6045 1
6046 1
6047 1
6048 1
6049 3
6050 3
6051 1
6052 1
6053 1
6054 1
6055 1
6056 1
6057 1
6058 1
6059 2
6060 2
6061 1
6062 1
6063 2
6064 3
6065 2
6066 1
6067 1
6068 1
6069 2
6070 1
6071 2
6072 1
6073 2
6074 1
6075 1
6076 1
6077 1
6078 1
6079 2
6080 1
6081 1
6082 2
6083 1
6084 1
6085 1
6086 2
6087 1
6088 1
6089 1
6090 1
6091 1
6092 1
6093 1
6094 1
6095 1
6096 1
6097 1
6098 1
6099 1
6100 1
6101 2
6102 1
6103 2
6104 2
6105 2
6106 1
6107 1
6108 1
6109 1
6110 1
6111 1
6112 1
6113 1
6114 2
6115 1
6116 1
6117 1
6118 2
6119 2
6120 4
6121 2
6122 1
6123 2
6124 1
6125 1
6126 3
6127 1
6128 1
6129 2
6130 1
6131 1
6132 1
6133 1
6134 2
6135 2
6136 1
6137 1
6138 1
6139 1
6140 1
6141 2
6142 2
6143 2
6144 1
6145 1
6146 1
6147 2
6148 1
6149 2
6150 1
6151 1
6152 2
6153 1
6154 1
6155 2
6156 1
6157 1
6158 1
6159 2
6160 1
6161 4
6162 1
6163 1
6164 1
6165 2
6166 1
6167 1
6168 1
6169 1
6170 1
6171 2
6172 1
6173 2
6174 1
6175 1
6176 2
6177 2
6178 1
6179 2
6180 2
6181 1
6182 1
6183 1
6184 1
6185 1
6186 1
6187 1
6188 2
6189 2
6190 2
6191 1
6192 2
6193 1
6194 1
6195 1
6196 1
6197 1
6198 1
6199 1
6200 1
6201 1
6202 2
6203 2
6204 2
6205 1
6206 1
6207 1
6208 1
6209 1
6210 1
6211 2
6212 1
6213 2
6214 1
6215 1
6216 2
6217 1
6218 1
6219 3
6220 2
6221 1
6222 1
6223 1
6224 2
6225 1
6226 1
6227 3
6228 1
6229 1
6230 1
6231 1
6232 2
6233 1
6234 1
6235 1
6236 2
6237 2
6238 1
6239 1
6240 2
6241 1
6242 2
6243 1
6244 1
6245 1
6246 2
6247 1
6248 1
6249 2
6250 2
6251 1
6252 1
6253 1
6254 1
6255 1
6256 1
6257 2
6258 1
6259 2
6260 2
6261 1
6262 1
6263 1
6264 1
6265 2
6266 1
6267 1
6268 1
6269 1
6270 1
6271 1
6272 1
6273 1
6274 1
6275 1
6276 1
6277 1
6278 1
6279 1
6280 3
6281 1
6282 1
6283 1
6284 2
6285 1
6286 2
6287 3
6288 1
6289 3
6290 2
6291 1
6292 1
6293 1
6294 1
6295 1
6296 2
6297 1
6298 1
6299 1
6300 3
6301 1
6302 1
6303 1
6304 1
6305 1
6306 1
6307 1
6308 3
6309 2
6310 1
6311 1
6312 1
6313 1
6314 1
6315 1
6316 1
6317 1
6318 1
6319 1
6320 1
6321 1
6322 2
6323 3
6324 1
6325 2
6326 1
6327 1
6328 1
6329 1
6330 1
6331 1
6332 2
6333 1
6334 1
6335 1
6336 1
6337 2
6338 1
6339 1
6340 1
6341 1
6342 2
6343 1
6344 1
6345 1
6346 2
6347 2
6348 2
6349 2
6350 1
6351 1
6352 1
6353 1
6354 4
6355 1
6356 2
6357 1
6358 1
6359 1
6360 1
6361 3
6362 1
6363 2
6364 1
6365 1
6366 1
6367 1
6368 1
6369 1
6370 2
6371 1
6372 1
6373 1
6374 2
6375 2
6376 1
6377 1
6378 1
6379 2
6380 1
6381 1
6382 2
6383 1
6384 2
6385 3
6386 1
6387 1
6388 2
6389 1
6390 2
6391 2
6392 3
6393 1
6394 1
6395 1
6396 2
6397 1
6398 1
6399 1
6400 1
6401 1
6402 1
6403 3
6404 1
6405 1
6406 2
6407 1
6408 1
6409 1
6410 1
6411 2
6412 1
6413 1
6414 1
6415 1
6416 1
6417 1
6418 2
6419 1
6420 1
6421 1
6422 1
6423 1
6424 1
6425 1
6426 1
6427 1
6428 1
6429 3
6430 1
6431 1
6432 2
6433 1
6434 1
6435 1
6436 1
6437 1
6438 1
6439 1
6440 1
6441 2
6442 2
6443 1
6444 1
6445 1
6446 1
6447 1
6448 2
6449 2
6450 1
6451 1
6452 1
6453 1
6454 1
6455 2
6456 2
6457 1
6458 1
6459 1
6460 1
6461 1
6462 2
6463 1
6464 1
6465 1
6466 1
6467 1
6468 1
6469 1
6470 1
6471 1
6472 1
6473 1
6474 2
6475 1
6476 1
6477 1
6478 1
6479 1
6480 2
6481 1
6482 1
6483 2
6484 2
6485 1
6486 1
6487 1
6488 1
6489 1
6490 3
6491 1
6492 3
6493 1
6494 1
6495 1
6496 2
6497 2
6498 2
6499 1
6500 1
6501 1
6502 2
6503 1
6504 1
6505 1
6506 1
6507 1
6508 1
6509 1
6510 3
6511 1
6512 1
6513 3
6514 1
6515 2
6516 1
6517 1
6518 1
6519 1
6520 1
6521 1
6522 1
6523 1
6524 1
6525 1
6526 2
6527 3
6528 1
6529 1
6530 1
6531 1
6532 3
6533 1
6534 1
6535 1
6536 2
6537 2
6538 1
6539 1
6540 2
6541 1
6542 1
6543 1
6544 1
6545 3
6546 1
6547 2
6548 2
6549 1
6550 2
6551 1
6552 1
6553 1
6554 1
6555 1
6556 1
6557 1
6558 1
6559 2
6560 1
6561 1
6562 1
6563 2
6564 2
6565 1
6566 1
6567 1
6568 1
6569 2
6570 2
6571 2
6572 2
6573 1
6574 1
6575 1
6576 1
6577 1
6578 1
6579 2
6580 2
6581 1
6582 1
6583 1
6584 2
6585 1
6586 1
6587 1
6588 2
6589 1
6590 3
6591 2
6592 2
6593 1
6594 1
6595 1
6596 1
6597 1
6598 1
6599 2
6600 1
6601 1
6602 2
6603 1
6604 1
6605 2
6606 1
6607 1
6608 1
6609 1
6610 1
6611 2
6612 2
6613 1
6614 1
6615 1
6616 2
6617 1
6618 1
6619 1
6620 1
6621 1
6622 1
6623 2
6624 1
6625 1
6626 2
6627 1
6628 1
6629 1
6630 1
6631 2
6632 1
6633 1
6634 2
6635 2
6636 1
6637 1
6638 1
6639 1
6640 1
6641 1
6642 1
6643 1
6644 1
6645 2
6646 1
6647 1
6648 2
6649 2
6650 1
6651 2
6652 1
6653 2
6654 1
6655 1
6656 1
6657 3
6658 1
6659 1
6660 1
6661 1
6662 2
6663 1
6664 2
6665 1
6666 2
6667 2
6668 2
6669 1
6670 1
6671 1
6672 2
6673 1
6674 1
6675 1
6676 1
6677 1
6678 1
6679 2
6680 1
6681 1
6682 2
6683 1
6684 1
6685 1
6686 1
6687 1
6688 1
6689 1
6690 1
6691 1
6692 1
6693 2
6694 1
6695 1
6696 1
6697 1
6698 1
6699 1
6700 1
6701 1
6702 1
6703 1
6704 1
6705 3
6706 1
6707 2
6708 1
6709 2
6710 1
6711 1
6712 1
6713 1
6714 1
6715 1
6716 1
6717 1
6718 1
6719 1
6720 1
6721 1
6722 2
6723 1
6724 1
6725 1
6726 3
6727 1
6728 1
6729 2
6730 1
6731 2
6732 1
6733 2
6734 1
6735 1
6736 1
6737 1
6738 1
6739 1
6740 1
6741 2
6742 4
6743 1
6744 4
6745 2
6746 1
6747 1
6748 3
6749 1
6750 2
6751 2
6752 1
6753 1
6754 1
6755 1
6756 1
6757 2
6758 1
6759 2
6760 1
6761 2
6762 1
6763 2
6764 1
6765 1
6766 2
6767 1
6768 1
6769 3
6770 1
6771 1
6772 1
6773 1
6774 1
6775 1
6776 1
6777 1
6778 1
6779 1
6780 1
6781 1
6782 1
6783 1
6784 1
6785 1
6786 1
6787 1
6788 1
6789 2
6790 2
6791 1
6792 1
6793 3
6794 1
6795 1
6796 2
6797 2
6798 1
6799 1
6800 2
6801 1
6802 2
6803 2
6804 1
6805 1
6806 1
6807 1
6808 1
6809 1
6810 1
6811 2
6812 1
6813 1
6814 1
6815 1
6816 2
6817 1
6818 1
6819 1
6820 2
6821 2
6822 1
6823 1
6824 1
6825 2
6826 1
6827 1
6828 1
6829 1
6830 1
6831 1
6832 1
6833 1
6834 1
6835 1
6836 2
6837 1
6838 1
6839 1
6840 1
6841 1
6842 2
6843 2
6844 1
6845 1
6846 1
6847 1
6848 1
6849 1
6850 1
6851 1
6852 1
6853 2
6854 2
6855 1
6856 1
6857 2
6858 1
6859 1
6860 1
6861 1
6862 1
6863 1
6864 1
6865 1
6866 1
6867 1
6868 1
6869 1
6870 1
6871 1
6872 3
6873 2
6874 1
6875 1
6876 1
6877 1
6878 1
6879 1
6880 1
6881 1
6882 2
6883 1
6884 1
6885 1
6886 1
6887 1
6888 1
6889 1
6890 1
6891 1
6892 1
6893 1
6894 1
6895 1
6896 2
6897 1
6898 1
6899 2
6900 1
6901 1
6902 1
6903 1
6904 3
6905 1
6906 1
6907 1
6908 1
6909 3
6910 1
6911 1
6912 1
6913 1
6914 2
6915 2
6916 1
6917 1
6918 1
6919 1
6920 1
6921 1
6922 1
6923 1
6924 1
6925 1
6926 1
6927 1
6928 1
6929 1
6930 1
6931 1
6932 2
6933 2
6934 2
6935 1
6936 3
6937 1
6938 1
6939 1
6940 1
6941 1
6942 1
6943 1
6944 1
6945 1
6946 1
6947 1
6948 1
6949 1
6950 2
6951 4
6952 2
6953 2
6954 1
6955 1
6956 1
6957 1
6958 1
6959 1
6960 1
6961 1
6962 1
6963 1
6964 1
6965 1
6966 1
6967 1
6968 1
6969 1
6970 2
6971 1
6972 1
6973 2
6974 2
6975 1
6976 2
6977 1
6978 1
6979 1
6980 1
6981 1
6982 1
6983 1
6984 2
6985 1
6986 1
6987 1
6988 2
6989 1
6990 1
6991 1
6992 1
6993 2
6994 1
6995 2
6996 2
6997 1
6998 1
6999 1
7000 1
7001 2
7002 3
7003 1
7004 1
7005 1
7006 1
7007 1
7008 1
7009 1
7010 1
7011 1
7012 1
7013 1
7014 1
7015 2
7016 1
7017 1
7018 1
7019 1
7020 1
7021 1
7022 2
7023 1
7024 1
7025 1
7026 3
7027 1
7028 1
7029 1
7030 1
7031 2
7032 1
7033 4
7034 1
7035 1
7036 1
7037 1
7038 1
7039 1
7040 1
7041 2
7042 1
7043 1
7044 1
7045 1
7046 1
7047 2
7048 1
7049 1
7050 1
7051 1
7052 1
7053 3
7054 1
7055 2
7056 1
7057 1
7058 2
7059 1
7060 1
7061 2
7062 1
7063 1
7064 1
7065 1
7066 1
7067 1
7068 3
7069 1
7070 1
7071 1
7072 1
7073 1
7074 1
7075 1
7076 1
7077 1
7078 1
7079 1
7080 1
7081 2
7082 1
7083 1
7084 1
7085 1
7086 1
7087 1
7088 1
7089 2
7090 1
7091 2
7092 2
7093 1
7094 1
7095 1
7096 1
7097 2
7098 2
7099 1
7100 1
7101 1
7102 1
7103 2
7104 1
7105 1
7106 2
7107 1
7108 1
7109 1
7110 1
7111 1
7112 2
7113 2
7114 1
7115 1
7116 2
7117 1
7118 1
7119 1
7120 1
7121 1
7122 1
7123 1
7124 2
7125 1
7126 2
7127 1
7128 2
7129 1
7130 1
7131 1
7132 1
7133 1
7134 1
7135 1
7136 1
7137 1
7138 1
7139 1
7140 1
7141 1
7142 1
7143 1
7144 1
7145 1
7146 1
7147 1
7148 1
7149 2
7150 3
7151 2
7152 1
7153 1
7154 1
7155 1
7156 1
7157 1
7158 1
7159 2
7160 2
7161 1
7162 1
7163 1
7164 1
7165 1
7166 1
7167 1
7168 1
7169 1
7170 1
7171 1
7172 1
7173 1
7174 1
7175 2
7176 1
7177 1
7178 1
7179 1
7180 1
7181 1
7182 2
7183 1
7184 2
7185 2
7186 1
7187 1
7188 1
7189 1
7190 2
7191 1
7192 1
7193 1
7194 1
7195 1
7196 1
7197 1
7198 2
7199 1
7200 1
7201 1
7202 1
7203 2
7204 2
7205 1
7206 1
7207 2
7208 1
7209 1
7210 1
7211 1
7212 2
7213 1
7214 1
7215 2
7216 2
7217 1
7218 1
7219 1
7220 1
7221 1
7222 1
7223 1
7224 2
7225 1
7226 1
7227 1
7228 2
7229 1
7230 2
7231 1
7232 1
7233 3
7234 1
7235 1
7236 1
7237 1
7238 1
7239 1
7240 1
7241 2
7242 1
7243 2
7244 1
7245 1
7246 1
7247 1
7248 1
7249 1
7250 1
7251 1
7252 2
7253 1
7254 1
7255 1
7256 3
7257 1
7258 1
7259 2
7260 1
7261 2
7262 1
7263 1
7264 1
7265 1
7266 1
7267 1
7268 1
7269 1
7270 2
7271 1
7272 1
7273 1
7274 1
7275 1
7276 1
7277 2
7278 1
7279 1
7280 1
7281 1
7282 1
7283 2
7284 1
7285 1
7286 1
7287 1
7288 1
7289 1
7290 1
7291 1
7292 1
7293 1
7294 1
7295 3
7296 1
7297 1
7298 1
7299 2
7300 3
7301 1
7302 1
7303 1
7304 1
7305 2
7306 1
7307 1
7308 1
7309 2
7310 1
7311 3
7312 1
7313 1
7314 1
7315 1
7316 1
7317 1
7318 1
7319 1
7320 1
7321 1
7322 1
7323 1
7324 1
7325 1
7326 1
7327 1
7328 1
7329 1
7330 1
7331 1
7332 1
7333 1
7334 1
7335 4
7336 1
7337 1
7338 1
7339 1
7340 1
7341 3
7342 1
7343 1
7344 1
7345 1
7346 1
7347 1
7348 1
7349 1
7350 1
7351 1
7352 1
7353 1
7354 1
7355 2
7356 1
7357 1
7358 1
7359 1
7360 2
7361 1
7362 1
7363 2
7364 1
7365 1
7366 1
7367 1
7368 1
7369 1
7370 1
7371 3
7372 2
7373 1
7374 1
7375 2
7376 2
7377 1
7378 2
7379 1
7380 1
7381 1
7382 1
7383 1
7384 1
7385 1
7386 2
7387 1
7388 3
7389 1
7390 2
7391 1
7392 1
7393 1
7394 1
7395 1
7396 1
7397 1
7398 1
7399 1
7400 3
7401 1
7402 1
7403 1
7404 2
7405 1
7406 1
7407 1
7408 1
7409 1
7410 1
7411 1
7412 1
7413 1
7414 1
7415 2
7416 2
7417 1
7418 1
7419 1
7420 1
7421 1
7422 1
7423 1
7424 1
7425 2
7426 1
7427 1
7428 1
7429 1
7430 1
7431 1
7432 1
7433 1
7434 1
7435 1
7436 1
7437 1
7438 1
7439 1
7440 1
7441 1
7442 1
7443 1
7444 3
7445 1
7446 1
7447 1
7448 1
7449 1
7450 1
7451 1
7452 1
7453 1
7454 1
7455 1
7456 1
7457 2
7458 1
7459 1
7460 2
7461 2
7462 1
7463 1
7464 2
7465 1
7466 1
7467 2
7468 1
7469 1
7470 1
7471 1
7472 1
7473 1
7474 2
7475 1
7476 1
7477 1
7478 1
7479 1
7480 1
7481 1
7482 2
7483 1
7484 1
7485 1
7486 1
7487 2
7488 2
7489 1
7490 2
7491 1
7492 1
7493 1
7494 1
7495 1
7496 1
7497 1
7498 1
7499 1
7500 1
7501 1
7502 1
7503 2
7504 1
7505 1
7506 1
7507 1
7508 1
7509 1
7510 1
7511 1
7512 3
7513 1
7514 1
7515 2
7516 1
7517 2
7518 1
7519 1
7520 1
7521 1
7522 2
7523 1
7524 1
7525 1
7526 1
7527 1
7528 1
7529 1
7530 1
7531 1
7532 3
7533 1
7534 1
7535 1
7536 1
7537 2
7538 1
7539 1
7540 1
7541 2
7542 1
7543 1
7544 1
7545 1
7546 1
7547 1
7548 1
7549 1
7550 1
7551 1
7552 1
7553 1
7554 1
7555 1
7556 1
7557 1
7558 1
7559 2
7560 1
7561 2
7562 1
7563 1
7564 1
7565 1
7566 2
7567 1
7568 1
7569 1
7570 1
7571 1
7572 1
7573 1
7574 1
7575 1
7576 1
7577 1
7578 1
7579 1
7580 1
7581 1
7582 2
7583 2
7584 1
7585 1
7586 1
7587 1
7588 2
7589 1
7590 1
7591 1
7592 1
7593 1
7594 1
7595 2
7596 1
7597 1
7598 1
7599 1
7600 1
7601 1
7602 1
7603 2
7604 1
7605 1
7606 1
7607 5
7608 2
7609 1
7610 1
7611 1
7612 1
7613 1
7614 1
7615 1
7616 1
7617 1
7618 1
7619 2
7620 1
7621 1
7622 2
7623 2
7624 1
7625 1
7626 1
7627 1
7628 1
7629 1
7630 1
7631 1
7632 1
7633 1
7634 1
7635 1
7636 1
7637 1
7638 1
7639 1
7640 1
7641 1
7642 2
7643 1
7644 1
7645 1
7646 1
7647 1
7648 1
7649 1
7650 1
7651 1
7652 1
7653 2
7654 2
7655 1
7656 1
7657 1
7658 1
7659 1
7660 2
7661 1
7662 2
7663 1
7664 1
7665 1
7666 2
7667 1
7668 2
7669 2
7670 1
7671 1
7672 1
7673 2
7674 2
7675 1
7676 1
7677 1
7678 1
7679 1
7680 1
7681 2
7682 1
7683 1
7684 1
7685 2
7686 1
7687 3
7688 1
7689 1
7690 1
7691 1
7692 1
7693 1
7694 3
7695 1
7696 1
7697 1
7698 1
7699 1
7700 2
7701 1
7702 1
7703 2
7704 1
7705 1
7706 1
7707 1
7708 1
7709 1
7710 1
7711 1
7712 2
7713 1
7714 1
7715 1
7716 1
7717 1
7718 1
7719 1
7720 1
7721 1
7722 2
7723 1
7724 1
7725 3
7726 1
7727 2
7728 1
7729 1
7730 1
7731 1
7732 1
7733 2
7734 1
7735 1
7736 1
7737 1
7738 1
7739 2
7740 1
7741 1
7742 1
7743 1
7744 1
7745 1
7746 1
7747 3
7748 1
7749 1
7750 1
7751 1
7752 1
7753 1
7754 1
7755 2
7756 2
7757 1
7758 2
7759 1
7760 1
7761 1
7762 3
7763 1
7764 1
7765 1
7766 2
7767 1
7768 1
7769 1
7770 1
7771 1
7772 1
7773 2
7774 2
7775 1
7776 1
7777 1
7778 1
7779 1
7780 1
7781 1
7782 1
7783 1
7784 1
7785 1
7786 1
7787 1
7788 1
7789 1
7790 1
7791 1
7792 2
7793 2
7794 1
7795 1
7796 1
7797 1
7798 1
7799 1
7800 1
7801 1
7802 1
7803 1
7804 1
7805 2
7806 1
7807 1
7808 1
7809 1
7810 1
7811 1
7812 2
7813 1
7814 2
7815 1
7816 1
7817 1
7818 1
7819 1
7820 1
7821 1
7822 1
7823 1
7824 1
7825 1
7826 1
7827 1
7828 2
7829 1
7830 1
7831 2
7832 1
7833 1
7834 1
7835 1
7836 1
7837 1
7838 1
7839 1
7840 1
7841 1
7842 2
7843 1
7844 1
7845 1
7846 1
7847 1
7848 1
7849 1
7850 1
7851 1
7852 1
7853 2
7854 1
7855 1
7856 1
7857 1
7858 1
7859 1
7860 2
7861 1
7862 1
7863 1
7864 1
7865 2
7866 1
7867 1
7868 1
7869 1
7870 1
7871 1
7872 1
7873 1
7874 1
7875 1
7876 3
7877 2
7878 1
7879 2
7880 1
7881 1
7882 1
7883 1
7884 1
7885 1
7886 1
7887 1
7888 1
7889 1
7890 2
7891 1
7892 1
7893 1
7894 1
7895 1
7896 2
7897 1
7898 1
7899 1
7900 1
7901 1
7902 1
7903 1
7904 1
7905 1
7906 1
7907 1
7908 1
7909 1
7910 1
7911 1
7912 1
7913 1
7914 1
7915 1
7916 1
7917 1
7918 1
7919 1
7920 1
7921 1
7922 1
7923 2
7924 1
7925 1
7926 1
7927 1
7928 1
7929 1
7930 1
7931 2
7932 2
7933 1
7934 1
7935 1
7936 2
7937 1
7938 1
7939 2
7940 1
7941 1
7942 1
7943 1
7944 1
7945 1
7946 1
7947 1
7948 1
7949 1
7950 1
7951 1
7952 1
7953 1
7954 1
7955 1
7956 2
7957 1
7958 1
7959 1
7960 1
7961 1
7962 1
7963 1
7964 1
7965 1
7966 1
7967 1
7968 1
7969 2
7970 1
7971 3
7972 1
7973 2
7974 1
7975 1
7976 1
7977 1
7978 1
7979 1
7980 1
7981 1
7982 1
7983 1
7984 1
7985 1
7986 1
7987 1
7988 1
7989 1
7990 1
7991 2
7992 1
7993 1
7994 1
7995 2
7996 1
7997 1
7998 1
7999 1
8000 1
8001 1
8002 1
8003 1
8004 1
8005 2
8006 1
8007 1
8008 1
8009 1
8010 1
8011 1
8012 1
8013 1
8014 1
8015 1
8016 2
8017 1
8018 1
8019 1
8020 2
8021 2
8022 1
8023 1
8024 1
8025 1
8026 1
8027 1
8028 1
8029 1
8030 1
8031 1
8032 1
8033 1
8034 2
8035 1
8036 1
8037 2
8038 1
8039 1
8040 1
8041 1
8042 1
8043 1
8044 1
8045 1
8046 1
8047 2
8048 1
8049 1
8050 1
8051 1
8052 1
8053 2
8054 1
8055 1
8056 2
8057 1
8058 1
8059 1
8060 1
8061 1
8062 1
8063 1
8064 1
8065 1
8066 1
8067 1
8068 1
8069 1
8070 1
8071 1
8072 2
8073 2
8074 1
8075 1
8076 1
8077 1
8078 1
8079 1
8080 1
8081 1
8082 1
8083 1
8084 1
8085 1
8086 1
8087 1
8088 1
8089 1
8090 1
8091 1
8092 1
8093 1
8094 1
8095 1
8096 1
8097 1
8098 1
8099 1
8100 1
8101 1
8102 1
8103 1
8104 1
8105 1
8106 1
8107 1
8108 1
8109 3
8110 1
8111 1
8112 1
8113 1
8114 1
8115 1
8116 1
8117 1
8118 1
8119 1
8120 1
8121 1
8122 1
8123 1
8124 1
8125 2
8126 1
8127 1
8128 2
8129 1
8130 1
8131 1
8132 1
8133 1
8134 2
8135 2
8136 1
8137 1
8138 1
8139 1
8140 2
8141 2
8142 1
8143 1
8144 1
8145 1
8146 1
8147 1
8148 1
8149 1
8150 1
8151 1
8152 1
8153 1
8154 1
8155 1
8156 1
8157 2
8158 1
8159 1
8160 1
8161 1
8162 1
8163 1
8164 1
8165 1
8166 1
8167 1
8168 1
8169 1
8170 1
8171 1
8172 1
8173 1
8174 1
8175 1
8176 1
8177 1
8178 1
8179 1
8180 2
8181 1
8182 2
8183 1
8184 1
8185 2
8186 1
8187 1
8188 2
8189 1
8190 1
8191 1
8192 2
8193 2
8194 1
8195 1
8196 1
8197 1
8198 2
8199 1
8200 1
8201 1
8202 1
8203 1
8204 1
8205 1
8206 1
8207 2
8208 1
8209 1
8210 1
8211 1
8212 1
8213 1
8214 1
8215 1
8216 2
8217 1
8218 1
8219 1
8220 1
8221 1
8222 1
8223 1
8224 1
8225 1
8226 3
8227 1
8228 1
8229 1
8230 1
8231 1
8232 1
8233 1
8234 1
8235 2
8236 1
8237 2
8238 1
8239 1
8240 1
8241 3
8242 1
8243 2
8244 1
8245 1
8246 1
8247 1
8248 1
8249 1
8250 1
8251 1
8252 1
8253 1
8254 1
8255 1
8256 1
8257 2
8258 1
8259 1
8260 1
8261 1
8262 1
8263 1
8264 2
8265 1
8266 1
8267 1
8268 1
8269 1
8270 1
8271 1
8272 1
8273 1
8274 1
8275 1
8276 1
8277 1
8278 1
8279 1
8280 1
8281 1
8282 1
8283 1
8284 1
8285 1
8286 2
8287 1
8288 1
8289 1
8290 1
8291 3
8292 1
8293 1
8294 1
8295 1
8296 1
8297 2
8298 1
8299 2
8300 1
8301 1
8302 1
8303 1
8304 1
8305 1
8306 1
8307 2
8308 1
8309 1
8310 2
8311 1
8312 1
8313 1
8314 1
8315 1
8316 1
8317 1
8318 1
8319 1
8320 1
8321 1
8322 1
8323 1
8324 1
8325 1
8326 2
8327 3
8328 1
8329 1
8330 2
8331 2
8332 1
8333 1
8334 1
8335 1
8336 1
8337 1
8338 1
8339 1
8340 2
8341 1
8342 1
8343 1
8344 1
8345 1
8346 1
8347 1
8348 1
8349 2
8350 1
8351 1
8352 1
8353 1
8354 1
8355 1
8356 1
8357 1
8358 1
8359 1
8360 1
8361 1
8362 1
8363 1
8364 1
8365 2
8366 1
8367 1
8368 1
8369 1
8370 1
8371 1
8372 1
8373 1
8374 1
8375 1
8376 1
8377 1
8378 1
8379 1
8380 1
8381 1
8382 1
8383 1
8384 1
8385 1
8386 1
8387 1
8388 1
8389 1
8390 1
8391 1
8392 1
8393 1
8394 1
8395 1
8396 1
8397 1
8398 1
8399 1
8400 2
8401 1
8402 1
8403 1
8404 1
8405 3
8406 1
8407 1
8408 1
8409 1
8410 2
8411 1
8412 1
8413 1
8414 1
8415 1
8416 1
8417 1
8418 1
8419 1
8420 1
8421 1
8422 1
8423 1
8424 1
8425 1
8426 1
8427 1
8428 1
8429 1
8430 1
8431 1
8432 1
8433 1
8434 1
8435 1
8436 1
8437 1
8438 1
8439 1
8440 1
8441 1
8442 1
8443 1
8444 1
8445 2
8446 1
8447 1
8448 1
8449 1
8450 1
8451 1
8452 1
8453 1
8454 1
8455 1
8456 1
8457 1
8458 1
8459 1
8460 1
8461 1
8462 1
8463 1
8464 1
8465 1
8466 1
8467 1
8468 1
8469 1
8470 1
8471 1
8472 1
8473 1
8474 1
8475 1
8476 1
8477 1
8478 1
8479 1
8480 1
8481 1
8482 1
8483 1
8484 1
8485 3
8486 1
8487 1
8488 1
8489 1
8490 1
8491 1
8492 1
8493 1
8494 1
8495 1
8496 2
8497 1
8498 1
8499 1
8500 2
8501 1
8502 1
8503 1
8504 1
8505 1
8506 1
8507 1
8508 1
8509 1
8510 1
8511 1
8512 2
8513 1
8514 1
8515 1
8516 1
8517 1
8518 1
8519 1
8520 1
8521 1
8522 1
8523 1
8524 1
8525 1
8526 1
8527 1
8528 1
8529 1
8530 1
8531 1
8532 1
8533 1
8534 1
8535 1
8536 1
8537 1
8538 1
8539 1
8540 1
8541 2
8542 1
8543 1
8544 1
8545 1
8546 1
8547 2
8548 1
8549 1
8550 1
8551 1
8552 1
8553 1
8554 1
8555 1
8556 1
8557 1
8558 1
8559 1
8560 1
8561 2
8562 1
8563 1
8564 2
8565 1
8566 1
8567 1
8568 1
8569 1
8570 1
8571 1
8572 1
8573 1
8574 1
8575 1
8576 1
8577 1
8578 1
8579 1
8580 1
8581 2
8582 1
8583 2
8584 1
8585 1
8586 1
8587 1
8588 1
8589 1
8590 1
8591 1
8592 1
8593 1
8594 1
8595 1
8596 1
8597 1
8598 1
8599 1
8600 1
8601 1
8602 1
8603 1
8604 1
8605 1
8606 1
8607 1
8608 1
8609 1
8610 1
8611 1
8612 1
8613 1
8614 1
8615 1
8616 1
8617 1
8618 1
8619 1
8620 1
8621 1
8622 1
8623 1
8624 1
8625 2
8626 1
8627 1
8628 1
8629 1
8630 1
8631 1
8632 1
8633 1
8634 1
8635 1
8636 1
8637 1
8638 2
8639 1
8640 1
8641 1
8642 1
8643 1
8644 1
8645 1
8646 1
8647 1
8648 1
8649 1
8650 1
8651 1
8652 2
8653 1
8654 1
8655 1
8656 2
8657 1
8658 1
8659 1
8660 1
8661 1
8662 1
8663 1
8664 1
8665 1
8666 2
8667 1
8668 1
8669 1
8670 1
8671 1
8672 1
8673 1
8674 1
8675 1
8676 1
8677 1
8678 1
8679 1
8680 1
8681 1
8682 1
8683 1
8684 1
8685 1
8686 1
8687 1
8688 1
8689 1
8690 1
8691 1
8692 2
8693 1
8694 1
8695 2
8696 1
8697 1
8698 1
8699 1
8700 1
8701 1
8702 1
8703 1
8704 1
8705 1
8706 1
8707 2
8708 1
8709 1
8710 1
8711 1
8712 1
8713 2
8714 1
8715 1
8716 1
8717 1
8718 2
8719 1
8720 1
8721 2
8722 1
8723 1
8724 2
8725 2
8726 1
8727 1
8728 1
8729 1
8730 1
8731 1
8732 1
8733 1
8734 1
8735 1
8736 1
8737 1
8738 1
8739 1
8740 1
8741 2
8742 1
8743 1
8744 1
8745 1
8746 1
8747 1
8748 1
8749 1
8750 1
8751 1
8752 3
8753 1
8754 1
8755 1
8756 1
8757 1
8758 1
8759 1
8760 1
8761 1
8762 1
8763 1
8764 1
8765 1
8766 1
8767 1
8768 1
8769 1
8770 1
8771 1
8772 1
8773 2
8774 1
8775 1
8776 1
8777 1
8778 2
8779 1
8780 1
8781 1
8782 1
8783 1
8784 1
8785 1
8786 1
8787 1
8788 1
8789 1
8790 1
8791 1
8792 1
8793 1
8794 1
8795 1
8796 1
8797 2
8798 1
8799 1
8800 1
8801 1
8802 1
8803 1
8804 1
8805 1
8806 1
8807 1
8808 1
8809 1
8810 1
8811 2
8812 1
8813 1
8814 1
8815 1
8816 1
8817 1
8818 1
8819 1
8820 1
8821 1
8822 1
8823 1
8824 1
8825 1
8826 1
8827 1
8828 1
8829 1
8830 1
8831 1
8832 1
8833 1
8834 1
8835 1
8836 1
8837 1
8838 1
8839 1
8840 1
8841 1
8842 1
8843 1
8844 1
8845 1
8846 1
8847 1
8848 1
8849 1
8850 3
8851 1
8852 1
8853 1
8854 1
8855 2
8856 1
8857 1
8858 1
8859 1
8860 1
8861 1
8862 1
8863 1
8864 1
8865 1
8866 1
8867 1
8868 1
8869 1
8870 1
8871 1
8872 2
8873 1
8874 1
8875 1
8876 1
8877 1
8878 1
8879 1
8880 1
8881 1
8882 1
8883 1
8884 1
8885 1
8886 1
8887 1
8888 1
8889 1
8890 1
8891 2
8892 1
8893 1
8894 1
8895 1
8896 2
8897 1
8898 1
8899 1
8900 1
8901 1
8902 1
8903 1
8904 1
8905 1
8906 1
8907 1
8908 1
8909 1
8910 1
8911 3
8912 1
8913 1
8914 1
8915 1
8916 1
8917 1
8918 1
8919 1
8920 1
8921 1
8922 1
8923 1
8924 1
8925 1
8926 1
8927 1
8928 1
8929 1
8930 1
8931 1
8932 1
8933 1
8934 1
8935 1
8936 2
8937 1
8938 1
8939 1
8940 1
8941 1
8942 1
8943 1
8944 1
8945 1
8946 1
8947 1
8948 1
8949 1
8950 1
8951 1
8952 1
8953 1
8954 1
8955 1
8956 1
8957 1
8958 1
8959 1
8960 1
8961 1
8962 1
8963 1
8964 1
8965 1
8966 1
8967 1
8968 1
8969 1
8970 1
8971 1
8972 1
8973 1
8974 1
8975 1
8976 1
8977 1
8978 1
8979 1
8980 1
8981 2
8982 1
8983 1
8984 1
8985 1
8986 1
8987 1
8988 1
8989 2
8990 1
8991 1
8992 1
8993 1
8994 1
8995 1
8996 1
8997 1
8998 1
8999 1
9000 1
9001 1
9002 1
9003 1
9004 1
9005 1
9006 1
9007 1
9008 1
9009 1
9010 1
9011 1
9012 1
9013 1
9014 1
9015 2
9016 1
9017 1
9018 1
9019 1
9020 1
9021 1
9022 2
9023 1
9024 1
9025 1
9026 1
9027 1
9028 1
9029 1
9030 1
9031 1
9032 1
9033 1
9034 2
9035 1
9036 2
9037 1
9038 1
9039 1
9040 1
9041 1
9042 1
9043 1
9044 1
9045 1
9046 1
9047 1
9048 1
9049 1
9050 1
9051 1
9052 1
9053 1
9054 1
9055 1
9056 1
9057 1
9058 1
9059 1
9060 1
9061 1
9062 1
9063 1
9064 1
9065 1
9066 1
9067 1
9068 1
9069 1
9070 1
9071 1
9072 1
9073 1
9074 1
9075 2
9076 1
9077 1
9078 1
9079 1
9080 1
9081 1
9082 1
9083 1
9084 1
9085 1
9086 1
9087 1
9088 1
9089 1
9090 1
9091 1
9092 2
9093 1
9094 1
9095 1
9096 1
9097 1
9098 1
9099 1
9100 1
9101 1
9102 1
9103 1
9104 1
9105 1
9106 1
9107 1
9108 1
9109 1
9110 2
9111 1
9112 1
9113 2
9114 1
9115 1
9116 1
9117 1
9118 1
9119 2
9120 1
9121 1
9122 1
9123 1
9124 1
9125 1
9126 1
9127 1
9128 1
9129 1
9130 1
9131 1
9132 1
9133 1
9134 1
9135 1
9136 1
9137 1
9138 1
9139 1
9140 1
9141 1
9142 1
9143 2
9144 1
9145 1
9146 1
9147 1
9148 1
9149 1
9150 1
9151 1
9152 1
9153 1
9154 2
9155 1
9156 1
9157 1
9158 1
9159 1
9160 1
9161 1
9162 1
9163 1
9164 1
9165 1
9166 1
9167 1
9168 1
9169 1
9170 1
9171 1
9172 1
9173 1
9174 1
9175 1
9176 1
9177 1
9178 1
9179 1
9180 1
9181 1
9182 2
9183 1
9184 1
9185 1
9186 1
9187 1
9188 1
9189 1
9190 1
9191 1
9192 1
9193 1
9194 1
9195 2
9196 1
9197 2
9198 2
9199 1
9200 1
9201 1
9202 1
9203 1
9204 1
9205 1
9206 1
9207 1
9208 1
9209 1
9210 1
9211 1
9212 1
9213 1
9214 1
9215 1
9216 1
9217 2
9218 1
9219 1
9220 1
9221 1
9222 1
9223 1
9224 1
9225 1
9226 1
9227 1
9228 1
9229 1
9230 1
9231 1
9232 1
9233 1
9234 1
9235 1
9236 1
9237 1
9238 1
9239 1
9240 1
9241 1
9242 1
9243 1
9244 1
9245 1
9246 1
9247 1
9248 1
9249 1
9250 1
9251 1
9252 1
9253 1
9254 1
9255 1
9256 3
9257 1
9258 1
9259 1
9260 1
9261 1
9262 1
9263 1
9264 1
9265 1
9266 1
9267 1
9268 1
9269 1
9270 1
9271 1
9272 1
9273 1
9274 1
9275 1
9276 1
9277 1
9278 1
9279 1
9280 1
9281 1
9282 1
9283 1
9284 1
9285 1
9286 1
9287 1
9288 1
9289 1
9290 1
9291 1
9292 1
9293 1
9294 1
9295 1
9296 1
9297 1
9298 1
9299 1
9300 1
9301 1
9302 1
9303 1
9304 1
9305 1
9306 1
9307 1
9308 1
9309 1
9310 1
9311 1
9312 1
9313 2
9314 1
9315 1
9316 1
9317 1
9318 1
9319 1
9320 1
9321 1
9322 1
9323 1
9324 1
9325 1
9326 1
9327 1
9328 1
9329 1
9330 1
9331 1
9332 1
9333 1
9334 1
9335 1
9336 2
9337 1
9338 1
9339 1
9340 1
9341 1
9342 1
9343 1
9344 1
9345 1
9346 2
9347 1
9348 1
9349 1
9350 1
9351 1
9352 1
9353 1
9354 1
9355 1
9356 1
9357 1
9358 1
9359 1
9360 1
9361 1
9362 1
9363 1
9364 1
9365 1
9366 1
9367 1
9368 1
9369 1
9370 1
9371 1
9372 1
9373 1
9374 1
9375 1
9376 1
9377 1
9378 1
9379 1
9380 1
9381 1
9382 1
9383 1
9384 1
9385 1
9386 1
9387 1
9388 1
9389 1
9390 1
9391 1
9392 1
9393 1
9394 1
9395 1
9396 2
9397 1
9398 1
9399 1
9400 1
9401 1
9402 1
9403 1
9404 1
9405 1
9406 1
9407 1
9408 1
9409 1
9410 1
9411 1
9412 1
9413 1
9414 1
9415 1
9416 1
9417 1
9418 1
9419 1
9420 1
9421 1
9422 1
9423 1
9424 1
9425 1
9426 1
9427 1
9428 1
9429 1
9430 1
9431 1
9432 1
9433 1
9434 1
9435 1
9436 1
9437 1
9438 1
9439 1
9440 1
9441 1
9442 1
9443 1
9444 1
9445 1
9446 1
9447 1
9448 1
9449 1
9450 1
9451 1
9452 1
9453 1
9454 1
9455 1
9456 1
9457 1
9458 1
9459 1
9460 1
9461 1
9462 2
9463 1
9464 1
9465 1
9466 1
9467 1
9468 1
9469 1
9470 1
9471 1
9472 1
9473 1
9474 1
9475 1
9476 1
9477 1
9478 1
9479 1
9480 1
9481 1
9482 1
9483 1
9484 1
9485 1
9486 1
9487 1
9488 1
9489 1
9490 1
9491 1
9492 1
9493 1
9494 1
9495 2
9496 1
9497 1
9498 1
9499 1
9500 1
9501 1
9502 1
9503 1
9504 1
9505 1
9506 1
9507 1
9508 1
9509 1
9510 1
9511 1
9512 1
9513 1
9514 1
9515 1
9516 1
9517 1
9518 1
9519 1
9520 1
9521 1
9522 1
9523 1
9524 1
9525 1
9526 1
9527 1
9528 1
9529 1
9530 1
9531 1
9532 1
9533 1
9534 1
9535 1
9536 1
9537 1
9538 1
9539 1
9540 1
9541 2
9542 1
9543 1
9544 1
9545 1
9546 1
9547 1
9548 1
9549 1
9550 1
9551 1
9552 1
9553 1
9554 1
9555 1
9556 1
9557 1
9558 1
9559 1
9560 1
9561 1
9562 1
9563 1
9564 1
9565 1
9566 1
9567 1
9568 1
9569 1
9570 1
9571 1
9572 1
9573 1
9574 1
9575 1
9576 1
9577 1
9578 1
9579 1
9580 1
9581 2
9582 1
9583 1
9584 1
9585 1
9586 2
9587 1
9588 1
9589 1
9590 1
9591 1
9592 1
9593 1
9594 1
9595 1
9596 1
9597 1
9598 1
9599 1
9600 1
9601 1
9602 1
9603 1
9604 1
9605 2
9606 1
9607 1
9608 2
9609 1
9610 1
9611 1
9612 1
9613 1
9614 1
9615 1
9616 1
9617 1
9618 1
9619 1
9620 1
9621 1
9622 1
9623 1
9624 1
9625 1
9626 1
9627 1
9628 1
9629 1
9630 1
9631 1
9632 1
9633 1
9634 1
9635 1
9636 1
9637 1
9638 1
9639 1
9640 1
9641 1
9642 1
9643 1
9644 1
9645 1
9646 1
9647 1
9648 1
9649 1
9650 1
9651 1
9652 1
9653 1
9654 1
9655 1
9656 1
9657 1
9658 1
9659 1
9660 1
9661 1
9662 1
9663 1
9664 1
9665 1
9666 1
9667 1
9668 1
9669 1
9670 1
9671 1
9672 1
9673 1
9674 1
9675 1
9676 1
9677 1
9678 1
9679 1
9680 1
9681 1
9682 1
9683 1
9684 1
9685 1
9686 1
9687 1
9688 1
9689 1
9690 1
9691 1
9692 1
9693 1
9694 1
9695 1
9696 1
9697 1
9698 1
9699 1
9700 1
9701 1
9702 1
9703 1
9704 1
9705 1
9706 2
9707 2
9708 1
9709 1
9710 1
9711 1
9712 1
9713 1
9714 1
9715 1
9716 1
9717 1
9718 1
9719 1
9720 1
9721 1
9722 1
9723 1
9724 1
9725 1
9726 1
9727 1
9728 1
9729 1
9730 1
9731 1
9732 1
9733 1
9734 1
9735 1
9736 1
9737 1
9738 1
9739 1
9740 1
9741 1
9742 1
9743 1
9744 1
9745 1
9746 1
9747 1
9748 1
9749 1
9750 1
9751 1
9752 1
9753 1
9754 1
9755 1
9756 1
9757 1
9758 1
9759 1
9760 1
9761 1
9762 1
9763 1
9764 1
9765 1
9766 1
9767 1
9768 1
9769 1
9770 1
9771 1
9772 1
9773 1
9774 1
9775 1
9776 1
9777 1
9778 1
9779 1
9780 1
9781 1
9782 2
9783 1
9784 1
9785 1
9786 1
9787 1
9788 1
9789 1
9790 1
9791 1
9792 1
9793 1
9794 1
9795 1
9796 1
9797 1
9798 1
9799 1
9800 1
9801 1
9802 1
9803 1
9804 1
9805 1
9806 1
9807 1
9808 1
9809 1
9810 1
9811 1
9812 1
9813 1
9814 1
9815 1
9816 1
9817 1
9818 1
9819 1
9820 1
9821 1
9822 1
9823 1
9824 1
9825 1
9826 1
9827 1
9828 1
9829 1
9830 1
9831 1
9832 1
9833 1
9834 1
9835 1
9836 1
9837 1
9838 1
9839 1
9840 1
9841 1
9842 1
9843 1
9844 1
9845 1
9846 1
9847 1
9848 1
9849 1
9850 1
9851 1
9852 1
9853 1
9854 1
9855 1
9856 1
9857 1
9858 1
9859 1
9860 2
9861 1
9862 1
9863 1
9864 1
9865 1
9866 1
9867 1
9868 1
9869 1
9870 1
9871 1
9872 1
9873 1
9874 1
9875 1
9876 1
9877 1
9878 1
9879 1
9880 1
9881 1
9882 1
9883 1
9884 1
9885 1
9886 1
9887 1
9888 1
9889 1
9890 2
9891 1
9892 1
9893 1
9894 1
9895 1
9896 1
9897 1
9898 1
9899 1
9900 1
9901 1
9902 1
9903 1
9904 1
9905 1
9906 1
9907 1
9908 1
9909 1
9910 1
9911 1
9912 1
9913 1
9914 1
9915 1
9916 1
9917 1
9918 1
9919 1
9920 1
9921 1
9922 1
9923 1
9924 1
9925 1
9926 1
9927 1
9928 1
9929 1
9930 1
9931 1
9932 1
9933 1
9934 2
9935 1
9936 1
9937 1
9938 1
9939 1
9940 1
9941 1
9942 1
9943 1
9944 1
9945 1
9946 1
9947 1
9948 1
9949 1
9950 1
9951 1
9952 1
9953 1
9954 1
9955 1
9956 1
9957 1
9958 1
9959 1
9960 1
9961 1
9962 1
9963 1
9964 1
9965 1
9966 1
9967 1
9968 1
9969 1
9970 1
9971 1
9972 1
9973 1
9974 1
9975 1
9976 1
9977 1
9978 1
9979 1
9980 1
9981 1
9982 1
9983 1
9984 1
9985 1
9986 1
9987 1
9988 1
9989 1
9990 1
9991 1
9992 1
9993 1
9994 1
9995 1
9996 1
9997 1
9998 1
9999 1
10000 1
