100 1
101 1
102 1
103 1
104 1
105 1
106 1
107 1
108 1
109 1
110 1
111 1
112 1
113 1
114 1
115 1
116 1
117 1
118 1
119 1
120 1
121 1
122 1
123 1
124 1
125 1
126 1
127 1
128 1
129 1
130 1
131 1
132 1
133 1
134 1
135 1
136 1
137 1
138 1
139 1
140 1
141 1
142 1
143 1
144 1
145 1
146 1
147 1
148 1
149 1
150 1
151 1
152 1
153 1
154 1
155 1
156 1
157 2
158 2
159 2
160 2
161 2
162 2
163 2
164 2
165 2
166 2
167 2
168 2
169 2
170 2
171 2
172 2
173 2
174 2
175 2
176 2
177 2
178 2
179 2
180 2
181 2
182 2
183 2
184 2
185 2
186 2
187 2
188 2
189 2
190 2
191 2
192 2
193 2
194 2
195 2
196 2
197 2
198 2
199 2
200 2
201 2
202 2
203 2
204 2
205 2
206 2
207 2
208 2
209 2
210 2
211 2
212 2
213 2
214 2
215 2
216 2
217 2
218 2
219 2
220 2
221 2
222 2
223 2
224 2
225 2
226 2
227 2
228 2
229 2
230 2
231 2
232 2
233 2
234 2
235 2
236 2
237 2
238 2
239 2
240 2
241 2
242 2
243 2
244 2
245 2
246 2
247 2
248 2
249 2
250 2
251 2
252 2
253 2
254 2
255 2
256 2
257 2
258 2
259 2
260 2
261 2
262 2
263 2
264 2
265 2
266 2
267 2
268 2
269 2
270 2
271 2
272 2
273 2
274 2
275 2
276 2
277 2
278 2
279 2
280 2
281 2
282 2
283 2
284 2
285 2
286 2
287 2
288 2
289 2
290 2
291 2
292 2
293 2
294 2
295 2
296 2
297 2
298 2
299 2
300 2
301 2
302 2
303 2
304 2
305 2
306 2
307 2
308 2
309 2
310 2
311 2
312 2
313 2
314 2
315 2
316 2
317 2
318 2
319 2
320 2
321 2
322 2
323 2
324 2
325 2
326 2
327 2
328 2
329 2
330 2
331 2
332 2
333 2
334 2
335 2
336 2
337 2
338 2
339 2
340 2
341 2
342 2
343 2
344 2
345 2
346 2
347 2
348 2
349 2
350 2
351 2
352 2
353 2
354 2
355 2
356 2
357 2
358 2
359 2
360 2
361 2
362 2
363 2
364 2
365 2
366 2
367 2
368 2
369 2
370 2
371 2
372 2
373 2
374 2
375 2
376 2
377 2
378 2
379 2
380 2
381 2
382 2
383 2
384 2
385 2
386 2
387 2
388 2
389 2
390 2
391 2
392 2
393 2
394 2
395 2
396 2
397 2
398 2
399 2
400 2
401 2
402 2
403 2
404 2
405 2
406 2
407 2
408 2
409 2
410 2
411 2
412 2
413 2
414 2
415 2
416 2
417 2
418 2
419 2
420 2
421 2
422 2
423 2
424 2
425 2
426 2
427 2
428 2
429 2
430 2
431 2
432 2
433 2
434 2
435 2
436 2
437 2
438 2
439 2
440 2
441 2
442 2
443 2
444 2
445 2
446 2
447 2
448 2
449 2
450 2
451 2
452 2
453 2
454 2
455 2
456 2
457 2
458 2
459 2
460 2
461 2
462 2
463 2
464 2
465 2
466 2
467 2
468 2
469 2
470 2
471 2
472 2
473 2
474 2
475 2
476 2
477 2
478 2
479 2
480 2
481 2
482 2
483 2
484 2
485 2
486 2
487 2
488 2
489 2
490 2
491 2
492 2
493 2
494 2
495 2
496 2
497 2
498 2
499 2
500 2
501 2
502 2
503 2
504 2
505 2
506 2
507 2
508 2
509 2
510 2
511 2
512 2
513 2
514 2
515 2
516 2
517 2
518 2
519 2
520 2
521 2
522 2
523 2
524 2
525 2
526 2
527 2
528 2
529 2
530 2
531 2
532 2
533 2
534 2
535 2
536 2
537 2
538 2
539 2
540 2
541 2
542 2
543 2
544 2
545 2
546 2
547 2
548 2
549 2
550 2
551 2
552 2
553 2
554 2
555 2
556 2
557 2
558 2
559 2
560 2
561 2
562 2
563 2
564 2
565 2
566 2
567 2
568 2
569 2
570 2
571 2
572 2
573 2
574 2
575 2
576 2
577 2
578 2
579 2
580 2
581 2
582 2
583 2
584 2
585 2
586 2
587 2
588 2
589 2
590 2
591 2
592 2
593 2
594 2
595 2
596 2
597 2
598 2
599 2
600 2
601 2
602 2
603 2
604 2
605 2
606 2
607 2
608 2
609 2
610 2
611 2
612 2
613 2
614 2
615 2
616 2
617 2
618 2
619 2
620 2
621 2
622 2
623 2
624 2
625 2
626 2
627 2
628 2
629 2
630 2
631 2
632 2
633 2
634 2
635 2
636 2
637 2
638 2
639 2
640 2
641 2
642 2
643 2
644 2
645 2
646 2
647 2
648 2
649 2
650 2
651 2
652 2
653 2
654 2
655 2
656 2
657 2
658 2
659 2
660 2
661 2
662 2
663 2
664 2
665 2
666 2
667 2
668 2
669 2
670 2
671 2
672 2
673 2
674 2
675 2
676 2
677 2
678 2
679 2
680 2
681 2
682 2
683 2
684 2
685 2
686 2
687 2
688 2
689 2
690 2
691 2
692 2
693 2
694 2
695 2
696 2
697 2
698 2
699 2
700 2
701 2
702 2
703 2
704 2
705 2
706 2
707 2
708 2
709 2
710 2
711 2
712 2
713 2
714 2
715 2
716 2
717 2
718 2
719 2
720 2
721 2
722 2
723 2
724 2
725 2
726 2
727 2
728 2
729 2
730 2
731 2
732 2
733 2
734 2
735 2
736 2
737 2
738 2
739 2
740 2
741 2
742 2
743 2
744 2
745 2
746 2
747 2
748 2
749 2
750 2
751 2
752 2
753 2
754 2
755 2
756 2
757 2
758 2
759 2
760 2
761 2
762 2
763 2
764 2
765 2
766 2
767 2
768 2
769 2
770 2
771 2
772 2
773 2
774 2
775 2
776 2
777 2
778 2
779 2
780 2
781 2
782 2
783 2
784 2
785 2
786 2
787 2
788 2
789 2
790 2
791 2
792 2
793 2
794 2
795 2
796 2
797 2
798 2
799 2
800 2
801 2
802 2
803 2
804 2
805 2
806 2
807 2
808 2
809 2
810 2
811 2
812 2
813 2
814 2
815 2
816 2
817 2
818 2
819 2
820 2
821 2
822 2
823 2
824 2
825 2
826 2
827 2
828 2
829 2
830 2
831 2
832 2
833 2
834 2
835 2
836 2
837 2
838 2
839 2
840 2
841 2
842 2
843 2
844 2
845 2
846 2
847 2
848 2
849 2
850 2
851 2
852 2
853 2
854 2
855 2
856 2
857 2
858 2
859 2
860 2
861 2
862 2
863 2
864 2
865 2
866 2
867 2
868 2
869 2
870 2
871 2
872 2
873 2
874 2
875 2
876 2
877 2
878 2
879 2
880 2
881 2
882 2
883 2
884 2
885 2
886 2
887 2
888 2
889 2
890 2
891 2
892 2
893 2
894 2
895 2
896 2
897 2
898 2
899 2
900 2
901 2
902 2
903 2
904 2
905 2
906 2
907 2
908 2
909 2
910 2
911 2
912 2
913 2
914 2
915 2
916 2
917 2
918 2
919 2
920 2
921 2
922 2
923 2
924 2
925 2
926 2
927 2
928 2
929 2
930 2
931 2
932 2
933 2
934 2
935 2
936 2
937 2
938 2
939 2
940 2
941 2
942 2
943 2
944 2
945 2
946 2
947 2
948 2
949 2
950 2
951 2
952 2
953 2
954 2
955 2
956 2
957 2
958 2
959 2
960 2
961 2
962 2
963 2
964 2
965 2
966 2
967 2
968 2
969 2
970 2
971 2
972 2
973 2
974 2
975 2
976 2
977 2
978 2
979 2
980 2
981 2
982 2
983 2
984 2
985 2
986 2
987 2
988 2
989 2
990 2
991 2
992 2
993 2
994 2
995 2
996 2
997 2
998 2
999 2
1000 2
1001 2
1002 2
1003 2
1004 2
1005 2
1006 2
1007 2
1008 2
1009 2
1010 2
1011 2
1012 2
1013 2
1014 2
1015 2
1016 2
1017 2
1018 2
1019 2
1020 2
1021 2
1022 2
1023 2
1024 2
1025 2
1026 2
1027 2
1028 2
1029 2
1030 2
1031 2
1032 2
1033 2
1034 2
1035 2
1036 2
1037 2
1038 2
1039 2
1040 2
1041 2
1042 2
1043 2
1044 2
1045 2
1046 2
1047 2
1048 2
1049 2
1050 2
1051 2
1052 2
1053 2
1054 2
1055 2
1056 2
1057 2
1058 2
1059 2
1060 2
1061 2
1062 2
1063 2
1064 2
1065 2
1066 2
1067 2
1068 2
1069 2
1070 2
1071 2
1072 2
1073 2
1074 2
1075 2
1076 2
1077 2
1078 2
1079 2
1080 2
1081 2
1082 2
1083 2
1084 2
1085 2
1086 2
1087 2
1088 2
1089 2
1090 2
1091 2
1092 2
1093 2
1094 2
1095 2
1096 2
1097 2
1098 2
1099 2
1100 2
1101 2
1102 2
1103 2
1104 2
1105 2
1106 2
1107 2
1108 2
1109 2
1110 2
1111 2
1112 2
1113 2
1114 2
1115 2
1116 2
1117 2
1118 2
1119 2
1120 2
1121 2
1122 2
1123 2
1124 2
1125 2
1126 2
1127 2
1128 2
1129 2
1130 2
1131 2
1132 2
1133 2
1134 2
1135 2
1136 2
1137 2
1138 2
1139 2
1140 2
1141 2
1142 2
1143 2
1144 2
1145 2
1146 2
1147 2
1148 2
1149 2
1150 2
1151 2
1152 2
1153 2
1154 2
1155 2
1156 2
1157 2
1158 2
1159 2
1160 2
1161 2
1162 2
1163 2
1164 2
1165 2
1166 2
1167 2
1168 2
1169 2
1170 2
1171 2
1172 2
1173 2
1174 2
1175 2
1176 2
1177 2
1178 2
1179 2
1180 2
1181 2
1182 2
1183 2
1184 2
1185 2
1186 2
1187 2
1188 2
1189 2
1190 2
1191 2
1192 2
1193 2
1194 2
1195 2
1196 2
1197 2
1198 2
1199 2
1200 2
1201 2
1202 2
1203 2
1204 2
1205 2
1206 2
1207 2
1208 2
1209 2
1210 2
1211 2
1212 2
1213 2
1214 2
1215 2
1216 2
1217 2
1218 2
1219 2
1220 2
1221 2
1222 2
1223 2
1224 2
1225 2
1226 2
1227 2
1228 2
1229 2
1230 2
1231 2
1232 2
1233 2
1234 2
1235 2
1236 2
1237 2
1238 2
1239 2
1240 3
1241 3
1242 3
1243 3
1244 3
1245 3
1246 3
1247 3
1248 3
1249 3
1250 3
1251 3
1252 3
1253 3
1254 3
1255 3
1256 3
1257 3
1258 3
1259 3
1260 3
1261 3
1262 3
1263 3
1264 3
1265 3
1266 3
1267 3
1268 3
1269 3
1270 3
1271 3
1272 3
1273 3
1274 3
1275 3
1276 3
1277 3
1278 3
1279 3
1280 3
1281 3
1282 3
1283 3
1284 3
1285 3
1286 3
1287 3
1288 3
1289 3
1290 3
1291 3
1292 3
1293 3
1294 3
1295 3
1296 3
1297 3
1298 3
1299 3
1300 3
1301 3
1302 3
1303 3
1304 3
1305 3
1306 3
1307 3
1308 3
1309 3
1310 3
1311 3
1312 3
1313 3
1314 3
1315 3
1316 3
1317 3
1318 3
1319 3
1320 3
1321 3
1322 3
1323 3
1324 3
1325 3
1326 3
1327 3
1328 3
1329 3
1330 3
1331 3
1332 3
1333 3
1334 3
1335 3
1336 3
1337 3
1338 3
1339 3
1340 3
1341 3
1342 3
1343 3
1344 3
1345 3
1346 3
1347 3
1348 3
1349 3
1350 3
1351 3
1352 3
1353 3
1354 3
1355 3
1356 3
1357 3
1358 3
1359 3
1360 3
1361 3
1362 3
1363 3
1364 3
1365 3
1366 3
1367 3
1368 3
1369 3
1370 3
1371 3
1372 3
1373 3
1374 3
1375 3
1376 3
1377 3
1378 3
1379 3
1380 3
1381 3
1382 3
1383 3
1384 3
1385 3
1386 3
1387 3
1388 3
1389 3
1390 3
1391 3
1392 3
1393 3
1394 3
1395 3
1396 3
1397 3
1398 3
1399 3
1400 3
1401 3
1402 3
1403 3
1404 3
1405 3
1406 3
1407 3
1408 3
1409 3
1410 3
1411 3
1412 3
1413 3
1414 3
1415 3
1416 3
1417 3
1418 3
1419 3
1420 3
1421 3
1422 3
1423 3
1424 3
1425 3
1426 3
1427 3
1428 3
1429 3
1430 3
1431 3
1432 3
1433 3
1434 3
1435 3
1436 3
1437 3
1438 3
1439 3
1440 3
1441 3
1442 3
1443 3
1444 3
1445 3
1446 3
1447 3
1448 3
1449 3
1450 3
1451 3
1452 3
1453 3
1454 3
1455 3
1456 3
1457 3
1458 3
1459 3
1460 3
1461 3
1462 3
1463 3
1464 3
1465 3
1466 3
1467 3
1468 3
1469 3
1470 3
1471 3
1472 3
1473 3
1474 3
1475 3
1476 3
1477 3
1478 3
1479 3
1480 3
1481 3
1482 3
1483 3
1484 3
1485 3
1486 3
1487 3
1488 3
1489 3
1490 3
1491 3
1492 3
1493 3
1494 3
1495 3
1496 3
1497 3
1498 3
1499 3
1500 3
1501 3
1502 3
1503 3
1504 3
1505 3
1506 3
1507 3
1508 3
1509 3
1510 3
1511 3
1512 3
1513 3
1514 3
1515 3
1516 3
1517 3
1518 3
1519 3
1520 3
1521 3
1522 3
1523 3
1524 3
1525 3
1526 3
1527 3
1528 3
1529 3
1530 3
1531 3
1532 3
1533 3
1534 3
1535 3
1536 3
1537 3
1538 3
1539 3
1540 3
1541 3
1542 3
1543 3
1544 3
1545 3
1546 3
1547 3
1548 3
1549 3
1550 3
1551 3
1552 3
1553 3
1554 3
1555 3
1556 3
1557 3
1558 3
1559 3
1560 3
1561 3
1562 3
1563 3
1564 3
1565 3
1566 3
1567 3
1568 3
1569 3
1570 3
1571 3
1572 3
1573 3
1574 3
1575 3
1576 3
1577 3
1578 3
1579 3
1580 3
1581 3
1582 3
1583 3
1584 3
1585 3
1586 3
1587 3
1588 3
1589 3
1590 3
1591 3
1592 3
1593 3
1594 3
1595 3
1596 3
1597 3
1598 3
1599 3
1600 3
1601 3
1602 3
1603 3
1604 3
1605 3
1606 3
1607 3
1608 3
1609 3
1610 3
1611 3
1612 3
1613 3
1614 3
1615 3
1616 3
1617 3
1618 3
1619 3
1620 3
1621 3
1622 3
1623 3
1624 3
1625 3
1626 3
1627 3
1628 3
1629 3
1630 3
1631 3
1632 3
1633 3
1634 3
1635 3
1636 3
1637 3
1638 3
1639 3
1640 3
1641 3
1642 3
1643 3
1644 3
1645 3
1646 3
1647 3
1648 3
1649 3
1650 3
1651 3
1652 3
1653 3
1654 3
1655 3
1656 3
1657 3
1658 3
1659 3
1660 3
1661 3
1662 3
1663 3
1664 3
1665 3
1666 3
1667 3
1668 3
1669 3
1670 3
1671 3
1672 3
1673 3
1674 3
1675 3
1676 3
1677 3
1678 3
1679 3
1680 3
1681 3
1682 3
1683 3
1684 3
1685 3
1686 3
1687 3
1688 3
1689 3
1690 3
1691 3
1692 3
1693 3
1694 3
1695 3
1696 3
1697 3
1698 3
1699 3
1700 3
1701 3
1702 3
1703 3
1704 3
1705 3
1706 3
1707 3
1708 3
1709 3
1710 3
1711 3
1712 3
1713 3
1714 3
1715 3
1716 3
1717 3
1718 3
1719 3
1720 3
1721 3
1722 3
1723 3
1724 3
1725 3
1726 3
1727 3
1728 3
1729 3
1730 3
1731 3
1732 3
1733 3
1734 3
1735 3
1736 3
1737 3
1738 3
1739 3
1740 3
1741 3
1742 3
1743 3
1744 3
1745 3
1746 3
1747 3
1748 3
1749 3
1750 3
1751 3
1752 3
1753 3
1754 3
1755 3
1756 3
1757 3
1758 3
1759 3
1760 3
1761 3
1762 3
1763 3
1764 3
1765 3
1766 3
1767 3
1768 3
1769 3
1770 3
1771 3
1772 3
1773 3
1774 3
1775 3
1776 3
1777 3
1778 3
1779 3
1780 3
1781 3
1782 3
1783 3
1784 3
1785 3
1786 3
1787 3
1788 3
1789 3
1790 3
1791 3
1792 3
1793 3
1794 3
1795 3
1796 3
1797 3
1798 3
1799 3
1800 3
1801 3
1802 3
1803 3
1804 3
1805 3
1806 3
1807 3
1808 3
1809 3
1810 3
1811 3
1812 3
1813 3
1814 3
1815 3
1816 3
1817 3
1818 3
1819 3
1820 3
1821 3
1822 3
1823 3
1824 3
1825 3
1826 3
1827 3
1828 3
1829 3
1830 3
1831 3
1832 3
1833 3
1834 3
1835 3
1836 3
1837 3
1838 3
1839 3
1840 3
1841 3
1842 3
1843 3
1844 3
1845 3
1846 3
1847 3
1848 3
1849 3
1850 3
1851 3
1852 3
1853 3
1854 3
1855 3
1856 3
1857 3
1858 3
1859 3
1860 3
1861 3
1862 3
1863 3
1864 3
1865 3
1866 3
1867 3
1868 3
1869 3
1870 3
1871 3
1872 3
1873 3
1874 3
1875 3
1876 3
1877 3
1878 3
1879 3
1880 3
1881 3
1882 3
1883 3
1884 3
1885 3
1886 3
1887 3
1888 3
1889 3
1890 3
1891 3
1892 3
1893 3
1894 3
1895 3
1896 3
1897 3
1898 3
1899 3
1900 3
1901 3
1902 3
1903 3
1904 3
1905 3
1906 3
1907 3
1908 3
1909 3
1910 3
1911 3
1912 3
1913 3
1914 3
1915 3
1916 3
1917 3
1918 3
1919 3
1920 3
1921 3
1922 3
1923 3
1924 3
1925 3
1926 3
1927 3
1928 3
1929 3
1930 3
1931 3
1932 3
1933 3
1934 3
1935 3
1936 3
1937 3
1938 3
1939 3
1940 3
1941 3
1942 3
1943 3
1944 3
1945 3
1946 3
1947 3
1948 3
1949 3
1950 3
1951 3
1952 3
1953 3
1954 3
1955 3
1956 3
1957 3
1958 3
1959 3
1960 3
1961 3
1962 3
1963 3
1964 3
1965 3
1966 3
1967 3
1968 3
1969 3
1970 3
1971 3
1972 3
1973 3
1974 3
1975 3
1976 3
1977 3
1978 3
1979 3
1980 3
1981 3
1982 3
1983 3
1984 3
1985 3
1986 3
1987 3
1988 3
1989 3
1990 3
1991 3
1992 3
1993 3
1994 3
1995 3
1996 3
1997 3
1998 3
1999 3
2000 3
2001 3
2002 3
2003 3
2004 3
2005 3
2006 3
2007 3
2008 3
2009 3
2010 3
2011 3
2012 3
2013 3
2014 3
2015 3
2016 3
2017 3
2018 3
2019 3
2020 3
2021 3
2022 3
2023 3
2024 3
2025 3
2026 3
2027 3
2028 3
2029 3
2030 3
2031 3
2032 3
2033 3
2034 3
2035 3
2036 3
2037 3
2038 3
2039 3
2040 3
2041 3
2042 3
2043 3
2044 3
2045 3
2046 3
2047 3
2048 3
2049 3
2050 3
2051 3
2052 3
2053 3
2054 3
2055 3
2056 3
2057 3
2058 3
2059 3
2060 3
2061 3
2062 3
2063 3
2064 3
2065 3
2066 3
2067 3
2068 3
2069 3
2070 3
2071 3
2072 3
2073 3
2074 3
2075 3
2076 3
2077 3
2078 3
2079 3
2080 3
2081 3
2082 3
2083 3
2084 3
2085 3
2086 3
2087 3
2088 3
2089 3
2090 3
2091 3
2092 3
2093 3
2094 3
2095 3
2096 3
2097 3
2098 3
2099 3
2100 3
2101 3
2102 3
2103 3
2104 3
2105 3
2106 3
2107 3
2108 3
2109 3
2110 3
2111 3
2112 3
2113 3
2114 3
2115 3
2116 3
2117 3
2118 3
2119 3
2120 3
2121 3
2122 3
2123 3
2124 3
2125 3
2126 3
2127 3
2128 3
2129 3
2130 3
2131 3
2132 3
2133 3
2134 3
2135 3
2136 3
2137 3
2138 3
2139 3
2140 3
2141 3
2142 3
2143 3
2144 3
2145 3
2146 3
2147 3
2148 3
2149 3
2150 3
2151 3
2152 3
2153 3
2154 3
2155 3
2156 3
2157 3
2158 3
2159 3
2160 3
2161 3
2162 3
2163 3
2164 3
2165 3
2166 3
2167 3
2168 3
2169 3
2170 3
2171 3
2172 3
2173 3
2174 3
2175 3
2176 3
2177 3
2178 3
2179 3
2180 3
2181 3
2182 3
2183 3
2184 3
2185 3
2186 3
2187 3
2188 3
2189 3
2190 3
2191 3
2192 3
2193 3
2194 3
2195 3
2196 3
2197 3
2198 3
2199 3
2200 3
2201 3
2202 3
2203 3
2204 3
2205 3
2206 3
2207 3
2208 3
2209 3
2210 3
2211 3
2212 3
2213 3
2214 3
2215 3
2216 3
2217 3
2218 3
2219 3
2220 3
2221 3
2222 3
2223 3
2224 3
2225 3
2226 3
2227 3
2228 3
2229 3
2230 3
2231 3
2232 3
2233 3
2234 3
2235 3
2236 3
2237 3
2238 3
2239 3
2240 3
2241 3
2242 3
2243 3
2244 3
2245 3
2246 3
2247 3
2248 3
2249 3
2250 3
2251 3
2252 3
2253 3
2254 3
2255 3
2256 3
2257 3
2258 3
2259 3
2260 3
2261 3
2262 3
2263 3
2264 3
2265 3
2266 3
2267 3
2268 3
2269 3
2270 3
2271 3
2272 3
2273 3
2274 3
2275 3
2276 3
2277 3
2278 3
2279 3
2280 3
2281 3
2282 3
2283 3
2284 3
2285 3
2286 3
2287 3
2288 3
2289 3
2290 3
2291 3
2292 3
2293 3
2294 3
2295 3
2296 3
2297 3
2298 3
2299 3
2300 3
2301 3
2302 3
2303 3
2304 3
2305 3
2306 3
2307 3
2308 3
2309 3
2310 3
2311 3
2312 3
2313 3
2314 3
2315 3
2316 3
2317 3
2318 3
2319 3
2320 3
2321 3
2322 3
2323 3
2324 3
2325 3
2326 3
2327 3
2328 3
2329 3
2330 3
2331 3
2332 3
2333 3
2334 3
2335 3
2336 3
2337 3
2338 3
2339 3
2340 3
2341 3
2342 3
2343 3
2344 3
2345 3
2346 3
2347 3
2348 3
2349 3
2350 3
2351 3
2352 3
2353 3
2354 3
2355 3
2356 3
2357 3
2358 3
2359 3
2360 3
2361 3
2362 3
2363 3
2364 3
2365 3
2366 3
2367 3
2368 3
2369 3
2370 3
2371 3
2372 3
2373 3
2374 3
2375 3
2376 3
2377 3
2378 3
2379 3
2380 3
2381 3
2382 3
2383 3
2384 3
2385 3
2386 3
2387 3
2388 3
2389 3
2390 3
2391 3
2392 3
2393 3
2394 3
2395 3
2396 3
2397 3
2398 3
2399 3
2400 3
2401 3
2402 3
2403 3
2404 3
2405 3
2406 3
2407 3
2408 3
2409 3
2410 3
2411 3
2412 3
2413 3
2414 3
2415 3
2416 3
2417 3
2418 3
2419 3
2420 3
2421 3
2422 3
2423 3
2424 3
2425 3
2426 3
2427 3
2428 3
2429 3
2430 3
2431 3
2432 3
2433 3
2434 3
2435 3
2436 3
2437 3
2438 3
2439 3
2440 3
2441 3
2442 3
2443 3
2444 3
2445 3
2446 3
2447 3
2448 3
2449 3
2450 3
2451 3
2452 3
2453 3
2454 3
2455 3
2456 3
2457 3
2458 3
2459 3
2460 3
2461 3
2462 3
2463 3
2464 3
2465 3
2466 3
2467 3
2468 3
2469 3
2470 3
2471 3
2472 3
2473 3
2474 3
2475 3
2476 3
2477 3
2478 3
2479 3
2480 3
2481 3
2482 3
2483 3
2484 3
2485 3
2486 3
2487 3
2488 3
2489 3
2490 3
2491 3
2492 3
2493 3
2494 3
2495 3
2496 3
2497 3
2498 3
2499 3
2500 3
2501 3
2502 3
2503 3
2504 3
2505 3
2506 3
2507 3
2508 3
2509 3
2510 3
2511 3
2512 3
2513 3
2514 3
2515 3
2516 3
2517 3
2518 3
2519 3
2520 3
2521 3
2522 3
2523 3
2524 3
2525 3
2526 3
2527 3
2528 3
2529 3
2530 3
2531 3
2532 3
2533 3
2534 3
2535 3
2536 3
2537 3
2538 3
2539 3
2540 3
2541 3
2542 3
2543 3
2544 3
2545 3
2546 3
2547 3
2548 3
2549 3
2550 3
2551 3
2552 3
2553 3
2554 3
2555 3
2556 3
2557 3
2558 3
2559 3
2560 3
2561 3
2562 3
2563 3
2564 3
2565 3
2566 3
2567 3
2568 3
2569 3
2570 3
2571 3
2572 3
2573 3
2574 3
2575 3
2576 3
2577 3
2578 3
2579 3
2580 3
2581 3
2582 3
2583 3
2584 3
2585 3
2586 3
2587 3
2588 3
2589 3
2590 3
2591 3
2592 3
2593 3
2594 3
2595 3
2596 3
2597 3
2598 3
2599 3
2600 3
2601 3
2602 3
2603 3
2604 3
2605 3
2606 3
2607 3
2608 3
2609 3
2610 3
2611 3
2612 3
2613 3
2614 3
2615 3
2616 3
2617 3
2618 3
2619 3
2620 3
2621 3
2622 3
2623 3
2624 3
2625 3
2626 3
2627 3
2628 3
2629 3
2630 3
2631 3
2632 3
2633 3
2634 3
2635 3
2636 3
2637 3
2638 3
2639 3
2640 3
2641 3
2642 3
2643 3
2644 3
2645 3
2646 3
2647 3
2648 3
2649 3
2650 3
2651 3
2652 3
2653 3
2654 3
2655 3
2656 3
2657 3
2658 3
2659 3
2660 3
2661 3
2662 3
2663 3
2664 3
2665 3
2666 3
2667 3
2668 3
2669 3
2670 3
2671 3
2672 3
2673 3
2674 3
2675 3
2676 3
2677 3
2678 3
2679 3
2680 3
2681 3
2682 3
2683 3
2684 3
2685 3
2686 3
2687 3
2688 3
2689 3
2690 3
2691 3
2692 3
2693 3
2694 3
2695 3
2696 3
2697 3
2698 3
2699 3
2700 3
2701 3
2702 3
2703 3
2704 3
2705 3
2706 3
2707 3
2708 3
2709 3
2710 3
2711 3
2712 3
2713 3
2714 3
2715 3
2716 3
2717 3
2718 3
2719 3
2720 3
2721 3
2722 3
2723 3
2724 3
2725 3
2726 3
2727 3
2728 3
2729 3
2730 3
2731 3
2732 3
2733 3
2734 3
2735 3
2736 3
2737 3
2738 3
2739 3
2740 3
2741 3
2742 3
2743 3
2744 3
2745 3
2746 3
2747 3
2748 3
2749 3
2750 3
2751 3
2752 3
2753 3
2754 3
2755 3
2756 3
2757 3
2758 3
2759 3
2760 3
2761 3
2762 3
2763 3
2764 3
2765 3
2766 3
2767 3
2768 3
2769 3
2770 3
2771 3
2772 3
2773 3
2774 3
2775 3
2776 3
2777 3
2778 3
2779 3
2780 3
2781 3
2782 3
2783 3
2784 3
2785 3
2786 3
2787 3
2788 3
2789 3
2790 3
2791 3
2792 3
2793 3
2794 3
2795 3
2796 3
2797 3
2798 3
2799 3
2800 3
2801 3
2802 3
2803 3
2804 3
2805 3
2806 3
2807 3
2808 3
2809 3
2810 3
2811 3
2812 3
2813 3
2814 3
2815 3
2816 3
2817 3
2818 3
2819 3
2820 3
2821 3
2822 3
2823 3
2824 3
2825 3
2826 3
2827 3
2828 3
2829 3
2830 3
2831 3
2832 3
2833 3
2834 3
2835 3
2836 3
2837 3
2838 3
2839 3
2840 3
2841 3
2842 3
2843 3
2844 3
2845 3
2846 3
2847 3
2848 3
2849 3
2850 3
2851 3
2852 3
2853 3
2854 3
2855 3
2856 3
2857 3
2858 3
2859 3
2860 3
2861 3
2862 3
2863 3
2864 3
2865 4
2866 4
2867 4
2868 4
2869 4
2870 4
2871 4
2872 4
2873 4
2874 4
2875 4
2876 4
2877 4
2878 4
2879 4
2880 4
2881 4
2882 4
2883 4
2884 4
2885 4
2886 4
2887 4
2888 4
2889 4
2890 4
2891 4
2892 4
2893 4
2894 4
2895 4
2896 4
2897 4
2898 4
2899 4
2900 4
2901 4
2902 4
2903 4
2904 4
2905 4
2906 4
2907 4
2908 4
2909 4
2910 4
2911 4
2912 4
2913 4
2914 4
2915 4
2916 4
2917 4
2918 4
2919 4
2920 4
2921 4
2922 4
2923 4
2924 4
2925 4
2926 4
2927 4
2928 4
2929 4
2930 4
2931 4
2932 4
2933 4
2934 4
2935 4
2936 4
2937 4
2938 4
2939 4
2940 4
2941 4
2942 4
2943 4
2944 4
2945 4
2946 4
2947 4
2948 4
2949 4
2950 4
2951 4
2952 4
2953 4
2954 4
2955 4
2956 4
2957 4
2958 4
2959 4
2960 4
2961 4
2962 4
2963 4
2964 4
2965 4
2966 4
2967 4
2968 4
2969 4
2970 4
2971 4
2972 4
2973 4
2974 4
2975 4
2976 4
2977 4
2978 4
2979 4
2980 4
2981 4
2982 4
2983 4
2984 4
2985 4
2986 4
2987 4
2988 4
2989 4
2990 4
2991 4
2992 4
2993 4
2994 4
2995 4
2996 4
2997 4
2998 4
2999 4
3000 4
3001 4
3002 4
3003 4
3004 4
3005 4
3006 4
3007 4
3008 4
3009 4
3010 4
3011 4
3012 4
3013 4
3014 4
3015 4
3016 4
3017 4
3018 4
3019 4
3020 4
3021 4
3022 4
3023 4
3024 4
3025 4
3026 4
3027 4
3028 4
3029 4
3030 4
3031 4
3032 4
3033 4
3034 4
3035 4
3036 4
3037 4
3038 4
3039 4
3040 4
3041 4
3042 4
3043 4
3044 4
3045 4
3046 4
3047 4
3048 4
3049 4
3050 4
3051 4
3052 4
3053 4
3054 4
3055 4
3056 4
3057 4
3058 4
3059 4
3060 4
3061 4
3062 4
3063 4
3064 4
3065 4
3066 4
3067 4
3068 4
3069 4
3070 4
3071 4
3072 4
3073 4
3074 4
3075 4
3076 4
3077 4
3078 4
3079 4
3080 4
3081 4
3082 4
3083 4
3084 4
3085 4
3086 4
3087 4
3088 4
3089 4
3090 4
3091 4
3092 4
3093 4
3094 4
3095 4
3096 4
3097 4
3098 4
3099 4
3100 4
3101 4
3102 4
3103 4
3104 4
3105 4
3106 4
3107 4
3108 4
3109 4
3110 4
3111 4
3112 4
3113 4
3114 4
3115 4
3116 4
3117 4
3118 4
3119 4
3120 4
3121 4
3122 4
3123 4
3124 4
3125 4
3126 4
3127 4
3128 4
3129 4
3130 4
3131 4
3132 4
3133 4
3134 4
3135 4
3136 4
3137 4
3138 4
3139 4
3140 4
3141 4
3142 4
3143 4
3144 4
3145 4
3146 4
3147 4
3148 4
3149 4
3150 4
3151 4
3152 4
3153 4
3154 4
3155 4
3156 4
3157 4
3158 4
3159 4
3160 4
3161 4
3162 4
3163 4
3164 4
3165 4
3166 4
3167 4
3168 4
3169 4
3170 4
3171 4
3172 4
3173 4
3174 4
3175 4
3176 4
3177 4
3178 4
3179 4
3180 4
3181 4
3182 4
3183 4
3184 4
3185 4
3186 4
3187 4
3188 4
3189 4
3190 4
3191 4
3192 4
3193 4
3194 4
3195 4
3196 4
3197 4
3198 4
3199 4
3200 4
3201 4
3202 4
3203 4
3204 4
3205 4
3206 4
3207 4
3208 4
3209 4
3210 4
3211 4
3212 4
3213 4
3214 4
3215 4
3216 4
3217 4
3218 4
3219 4
3220 4
3221 4
3222 4
3223 4
3224 4
3225 4
3226 4
3227 4
3228 4
3229 4
3230 4
3231 4
3232 4
3233 4
3234 4
3235 4
3236 4
3237 4
3238 4
3239 4
3240 4
3241 4
3242 4
3243 4
3244 4
3245 4
3246 4
3247 4
3248 4
3249 4
3250 4
3251 4
3252 4
3253 4
3254 4
3255 4
3256 4
3257 4
3258 4
3259 4
3260 4
3261 4
3262 4
3263 4
3264 4
3265 4
3266 4
3267 4
3268 4
3269 4
3270 4
3271 4
3272 4
3273 4
3274 4
3275 4
3276 4
3277 4
3278 4
3279 4
3280 4
3281 4
3282 4
3283 4
3284 4
3285 4
3286 4
3287 4
3288 4
3289 4
3290 4
3291 4
3292 4
3293 4
3294 4
3295 4
3296 4
3297 4
3298 4
3299 4
3300 4
3301 4
3302 4
3303 4
3304 4
3305 4
3306 4
3307 4
3308 4
3309 4
3310 4
3311 4
3312 4
3313 4
3314 4
3315 4
3316 4
3317 4
3318 4
3319 4
3320 4
3321 4
3322 4
3323 4
3324 4
3325 4
3326 4
3327 4
3328 4
3329 4
3330 4
3331 4
3332 4
3333 4
3334 4
3335 4
3336 4
3337 4
3338 4
3339 4
3340 4
3341 4
3342 4
3343 4
3344 4
3345 4
3346 4
3347 4
3348 4
3349 4
3350 4
3351 4
3352 4
3353 4
3354 4
3355 4
3356 4
3357 4
3358 4
3359 4
3360 4
3361 4
3362 4
3363 4
3364 4
3365 4
3366 4
3367 4
3368 4
3369 4
3370 4
3371 4
3372 4
3373 4
3374 4
3375 4
3376 4
3377 4
3378 4
3379 4
3380 4
3381 4
3382 4
3383 4
3384 4
3385 4
3386 4
3387 4
3388 4
3389 4
3390 4
3391 4
3392 4
3393 4
3394 4
3395 4
3396 4
3397 4
3398 4
3399 4
3400 4
3401 4
3402 4
3403 4
3404 4
3405 4
3406 4
3407 4
3408 4
3409 4
3410 4
3411 4
3412 4
3413 4
3414 4
3415 4
3416 4
3417 4
3418 4
3419 4
3420 4
3421 4
3422 4
3423 4
3424 4
3425 4
3426 4
3427 4
3428 4
3429 4
3430 4
3431 4
3432 4
3433 4
3434 4
3435 4
3436 4
3437 4
3438 4
3439 4
3440 4
3441 4
3442 4
3443 4
3444 4
3445 4
3446 4
3447 4
3448 4
3449 4
3450 4
3451 4
3452 4
3453 4
3454 4
3455 4
3456 4
3457 4
3458 4
3459 4
3460 4
3461 4
3462 4
3463 4
3464 4
3465 4
3466 4
3467 4
3468 4
3469 4
3470 4
3471 4
3472 4
3473 4
3474 4
3475 4
3476 4
3477 4
3478 4
3479 4
3480 4
3481 4
3482 4
3483 4
3484 4
3485 4
3486 4
3487 4
3488 4
3489 4
3490 4
3491 4
3492 4
3493 4
3494 4
3495 4
3496 4
3497 4
3498 4
3499 4
3500 4
3501 4
3502 4
3503 4
3504 4
3505 4
3506 4
3507 4
3508 4
3509 4
3510 4
3511 4
3512 4
3513 4
3514 4
3515 4
3516 4
3517 4
3518 4
3519 4
3520 4
3521 4
3522 4
3523 4
3524 4
3525 4
3526 4
3527 4
3528 4
3529 4
3530 4
3531 4
3532 4
3533 4
3534 4
3535 4
3536 4
3537 4
3538 4
3539 4
3540 4
3541 4
3542 4
3543 4
3544 4
3545 4
3546 4
3547 4
3548 4
3549 4
3550 4
3551 4
3552 4
3553 4
3554 4
3555 4
3556 4
3557 4
3558 4
3559 4
3560 4
3561 4
3562 4
3563 4
3564 4
3565 4
3566 4
3567 4
3568 4
3569 4
3570 4
3571 4
3572 4
3573 4
3574 4
3575 4
3576 4
3577 4
3578 4
3579 4
3580 4
3581 4
3582 4
3583 4
3584 4
3585 4
3586 4
3587 4
3588 4
3589 4
3590 4
3591 4
3592 4
3593 4
3594 4
3595 4
3596 4
3597 4
3598 4
3599 4
3600 4
3601 4
3602 4
3603 4
3604 4
3605 4
3606 4
3607 4
3608 4
3609 4
3610 4
3611 4
3612 4
3613 4
3614 4
3615 4
3616 4
3617 4
3618 4
3619 4
3620 4
3621 4
3622 4
3623 4
3624 4
3625 4
3626 4
3627 4
3628 4
3629 4
3630 4
3631 4
3632 4
3633 4
3634 4
3635 4
3636 4
3637 4
3638 4
3639 4
3640 4
3641 4
3642 4
3643 4
3644 4
3645 4
3646 4
3647 4
3648 4
3649 4
3650 4
3651 4
3652 4
3653 4
3654 4
3655 4
3656 4
3657 4
3658 4
3659 4
3660 4
3661 4
3662 4
3663 4
3664 4
3665 4
3666 4
3667 4
3668 4
3669 4
3670 4
3671 4
3672 4
3673 4
3674 4
3675 4
3676 4
3677 4
3678 4
3679 4
3680 4
3681 4
3682 4
3683 4
3684 4
3685 4
3686 4
3687 4
3688 4
3689 4
3690 4
3691 4
3692 4
3693 4
3694 4
3695 4
3696 4
3697 4
3698 4
3699 4
3700 4
3701 4
3702 4
3703 4
3704 4
3705 4
3706 4
3707 4
3708 4
3709 4
3710 4
3711 4
3712 4
3713 4
3714 4
3715 4
3716 4
3717 4
3718 4
3719 4
3720 4
3721 4
3722 4
3723 4
3724 4
3725 4
3726 4
3727 4
3728 4
3729 4
3730 4
3731 4
3732 4
3733 4
3734 4
3735 4
3736 4
3737 4
3738 4
3739 4
3740 4
3741 4
3742 4
3743 4
3744 4
3745 4
3746 4
3747 4
3748 4
3749 4
3750 4
3751 4
3752 4
3753 4
3754 4
3755 4
3756 4
3757 4
3758 4
3759 4
3760 4
3761 4
3762 4
3763 4
3764 4
3765 4
3766 4
3767 4
3768 4
3769 4
3770 4
3771 4
3772 4
3773 4
3774 4
3775 4
3776 4
3777 4
3778 4
3779 4
3780 4
3781 4
3782 4
3783 4
3784 4
3785 4
3786 4
3787 4
3788 4
3789 4
3790 4
3791 4
3792 4
3793 4
3794 4
3795 4
3796 4
3797 4
3798 4
3799 4
3800 4
3801 4
3802 4
3803 4
3804 4
3805 4
3806 4
3807 4
3808 4
3809 4
3810 4
3811 4
3812 4
3813 4
3814 4
3815 4
3816 4
3817 4
3818 4
3819 4
3820 4
3821 4
3822 4
3823 4
3824 4
3825 4
3826 4
3827 4
3828 4
3829 4
3830 4
3831 4
3832 4
3833 4
3834 4
3835 4
3836 4
3837 4
3838 4
3839 4
3840 4
3841 4
3842 4
3843 4
3844 4
3845 4
3846 4
3847 4
3848 4
3849 4
3850 4
3851 4
3852 4
3853 4
3854 4
3855 4
3856 4
3857 4
3858 4
3859 4
3860 4
3861 4
3862 4
3863 4
3864 4
3865 4
3866 4
3867 4
3868 4
3869 4
3870 4
3871 4
3872 4
3873 4
3874 4
3875 4
3876 4
3877 4
3878 4
3879 4
3880 4
3881 4
3882 4
3883 4
3884 4
3885 4
3886 4
3887 4
3888 4
3889 4
3890 4
3891 4
3892 4
3893 4
3894 4
3895 4
3896 4
3897 4
3898 4
3899 4
3900 4
3901 4
3902 4
3903 4
3904 4
3905 4
3906 4
3907 4
3908 4
3909 4
3910 4
3911 4
3912 4
3913 4
3914 4
3915 4
3916 4
3917 4
3918 4
3919 4
3920 4
3921 4
3922 4
3923 4
3924 4
3925 4
3926 4
3927 4
3928 4
3929 4
3930 4
3931 4
3932 4
3933 4
3934 4
3935 4
3936 4
3937 4
3938 4
3939 4
3940 4
3941 4
3942 4
3943 4
3944 4
3945 4
3946 4
3947 4
3948 4
3949 4
3950 4
3951 4
3952 4
3953 4
3954 4
3955 4
3956 4
3957 4
3958 4
3959 4
3960 4
3961 4
3962 4
3963 4
3964 4
3965 4
3966 4
3967 4
3968 4
3969 4
3970 4
3971 4
3972 4
3973 4
3974 4
3975 4
3976 4
3977 4
3978 4
3979 4
3980 4
3981 4
3982 4
3983 4
3984 4
3985 4
3986 4
3987 4
3988 4
3989 4
3990 4
3991 4
3992 4
3993 4
3994 4
3995 4
3996 4
3997 4
3998 4
3999 4
4000 4
4001 4
4002 4
4003 4
4004 4
4005 4
4006 4
4007 4
4008 4
4009 4
4010 4
4011 4
4012 4
4013 4
4014 4
4015 4
4016 4
4017 4
4018 4
4019 4
4020 4
4021 4
4022 4
4023 4
4024 4
4025 4
4026 4
4027 4
4028 4
4029 4
4030 4
4031 4
4032 4
4033 4
4034 4
4035 4
4036 4
4037 4
4038 4
4039 4
4040 4
4041 4
4042 4
4043 4
4044 4
4045 4
4046 4
4047 4
4048 4
4049 4
4050 4
4051 4
4052 4
4053 4
4054 4
4055 4
4056 4
4057 4
4058 4
4059 4
4060 4
4061 4
4062 4
4063 4
4064 4
4065 4
4066 4
4067 4
4068 4
4069 4
4070 4
4071 4
4072 4
4073 4
4074 4
4075 4
4076 4
4077 4
4078 4
4079 4
4080 4
4081 4
4082 4
4083 4
4084 4
4085 4
4086 4
4087 4
4088 4
4089 4
4090 4
4091 4
4092 4
4093 4
4094 4
4095 4
4096 4
4097 4
4098 4
4099 4
4100 4
4101 4
4102 4
4103 4
4104 4
4105 4
4106 4
4107 4
4108 4
4109 4
4110 4
4111 4
4112 4
4113 4
4114 4
4115 4
4116 4
4117 4
4118 4
4119 4
4120 4
4121 4
4122 4
4123 4
4124 4
4125 4
4126 4
4127 4
4128 4
4129 4
4130 4
4131 4
4132 4
4133 4
4134 4
4135 4
4136 4
4137 4
4138 4
4139 4
4140 4
4141 4
4142 4
4143 4
4144 4
4145 4
4146 4
4147 4
4148 4
4149 4
4150 4
4151 4
4152 4
4153 4
4154 4
4155 4
4156 4
4157 4
4158 4
4159 4
4160 4
4161 4
4162 4
4163 4
4164 4
4165 4
4166 4
4167 4
4168 4
4169 4
4170 4
4171 4
4172 4
4173 4
4174 4
4175 4
4176 4
4177 4
4178 4
4179 4
4180 4
4181 4
4182 4
4183 4
4184 4
4185 4
4186 4
4187 4
4188 4
4189 4
4190 4
4191 4
4192 4
4193 4
4194 4
4195 4
4196 4
4197 4
4198 4
4199 4
4200 4
4201 4
4202 4
4203 4
4204 4
4205 4
4206 4
4207 4
4208 4
4209 4
4210 4
4211 4
4212 4
4213 4
4214 4
4215 4
4216 4
4217 4
4218 4
4219 4
4220 4
4221 4
4222 4
4223 4
4224 4
4225 4
4226 4
4227 4
4228 4
4229 4
4230 4
4231 4
4232 4
4233 4
4234 4
4235 4
4236 4
4237 4
4238 4
4239 4
4240 4
4241 4
4242 4
4243 4
4244 4
4245 4
4246 4
4247 4
4248 4
4249 4
4250 4
4251 4
4252 4
4253 4
4254 4
4255 4
4256 4
4257 4
4258 4
4259 4
4260 4
4261 4
4262 4
4263 4
4264 4
4265 4
4266 4
4267 4
4268 4
4269 4
4270 4
4271 4
4272 4
4273 4
4274 4
4275 4
4276 4
4277 4
4278 4
4279 4
4280 4
4281 4
4282 4
4283 4
4284 4
4285 4
4286 4
4287 4
4288 4
4289 4
4290 4
4291 4
4292 4
4293 4
4294 4
4295 4
4296 4
4297 4
4298 4
4299 4
4300 4
4301 4
4302 4
4303 4
4304 4
4305 4
4306 4
4307 4
4308 4
4309 4
4310 4
4311 4
4312 4
4313 4
4314 4
4315 4
4316 4
4317 4
4318 4
4319 4
4320 4
4321 4
4322 4
4323 4
4324 4
4325 4
4326 4
4327 4
4328 4
4329 4
4330 4
4331 4
4332 4
4333 4
4334 4
4335 4
4336 4
4337 4
4338 4
4339 4
4340 4
4341 4
4342 4
4343 4
4344 4
4345 4
4346 4
4347 4
4348 4
4349 4
4350 4
4351 4
4352 4
4353 4
4354 4
4355 4
4356 4
4357 4
4358 4
4359 4
4360 4
4361 4
4362 4
4363 4
4364 4
4365 4
4366 4
4367 4
4368 4
4369 4
4370 4
4371 4
4372 4
4373 4
4374 4
4375 4
4376 4
4377 4
4378 4
4379 4
4380 4
4381 4
4382 4
4383 4
4384 4
4385 4
4386 4
4387 4
4388 4
4389 4
4390 4
4391 4
4392 4
4393 4
4394 4
4395 4
4396 4
4397 4
4398 4
4399 4
4400 4
4401 4
4402 4
4403 4
4404 4
4405 4
4406 4
4407 4
4408 4
4409 4
4410 4
4411 5
4412 5
4413 5
4414 5
4415 5
4416 5
4417 5
4418 5
4419 5
4420 5
4421 5
4422 5
4423 5
4424 5
4425 5
4426 5
4427 5
4428 5
4429 5
4430 5
4431 5
4432 5
4433 5
4434 5
4435 5
4436 5
4437 5
4438 5
4439 5
4440 5
4441 5
4442 5
4443 5
4444 5
4445 5
4446 5
4447 5
4448 5
4449 5
4450 5
4451 5
4452 5
4453 5
4454 5
4455 5
4456 5
4457 5
4458 5
4459 5
4460 5
4461 5
4462 5
4463 5
4464 5
4465 5
4466 5
4467 5
4468 5
4469 5
4470 5
4471 5
4472 5
4473 5
4474 5
4475 5
4476 5
4477 5
4478 5
4479 5
4480 5
4481 5
4482 5
4483 5
4484 5
4485 5
4486 5
4487 5
4488 5
4489 5
4490 5
4491 5
4492 5
4493 5
4494 5
4495 5
4496 5
4497 5
4498 5
4499 5
4500 5
4501 5
4502 5
4503 5
4504 5
4505 5
4506 5
4507 5
4508 5
4509 5
4510 5
4511 5
4512 5
4513 5
4514 5
4515 5
4516 5
4517 5
4518 5
4519 5
4520 5
4521 5
4522 5
4523 5
4524 5
4525 5
4526 5
4527 5
4528 5
4529 5
4530 5
4531 5
4532 5
4533 5
4534 5
4535 5
4536 5
4537 5
4538 5
4539 5
4540 5
4541 5
4542 5
4543 5
4544 5
4545 5
4546 5
4547 5
4548 5
4549 5
4550 5
4551 5
4552 5
4553 5
4554 5
4555 5
4556 5
4557 5
4558 5
4559 5
4560 5
4561 5
4562 5
4563 5
4564 5
4565 5
4566 5
4567 5
4568 5
4569 5
4570 5
4571 5
4572 5
4573 5
4574 5
4575 5
4576 5
4577 5
4578 5
4579 5
4580 5
4581 5
4582 5
4583 5
4584 5
4585 5
4586 5
4587 5
4588 5
4589 5
4590 5
4591 5
4592 5
4593 5
4594 5
4595 5
4596 5
4597 5
4598 5
4599 5
4600 5
4601 5
4602 5
4603 5
4604 5
4605 5
4606 5
4607 5
4608 5
4609 5
4610 5
4611 5
4612 5
4613 5
4614 5
4615 5
4616 5
4617 5
4618 5
4619 5
4620 5
4621 5
4622 5
4623 5
4624 5
4625 5
4626 5
4627 5
4628 5
4629 5
4630 5
4631 5
4632 5
4633 5
4634 5
4635 5
4636 5
4637 5
4638 5
4639 5
4640 5
4641 5
4642 5
4643 5
4644 5
4645 5
4646 5
4647 5
4648 5
4649 5
4650 5
4651 5
4652 5
4653 5
4654 5
4655 5
4656 5
4657 5
4658 5
4659 5
4660 5
4661 5
4662 5
4663 5
4664 5
4665 5
4666 5
4667 5
4668 5
4669 5
4670 5
4671 5
4672 5
4673 5
4674 5
4675 5
4676 5
4677 5
4678 5
4679 5
4680 5
4681 5
4682 5
4683 5
4684 5
4685 5
4686 5
4687 5
4688 5
4689 5
4690 5
4691 5
4692 5
4693 5
4694 5
4695 5
4696 5
4697 5
4698 5
4699 5
4700 5
4701 5
4702 5
4703 5
4704 5
4705 5
4706 5
4707 5
4708 5
4709 5
4710 5
4711 5
4712 5
4713 5
4714 5
4715 5
4716 5
4717 5
4718 5
4719 5
4720 5
4721 5
4722 5
4723 5
4724 5
4725 5
4726 5
4727 5
4728 5
4729 5
4730 5
4731 5
4732 5
4733 5
4734 5
4735 5
4736 5
4737 5
4738 5
4739 5
4740 5
4741 5
4742 5
4743 5
4744 5
4745 5
4746 5
4747 5
4748 5
4749 5
4750 5
4751 5
4752 5
4753 5
4754 5
4755 5
4756 5
4757 5
4758 5
4759 5
4760 5
4761 5
4762 5
4763 5
4764 5
4765 5
4766 5
4767 5
4768 5
4769 5
4770 5
4771 5
4772 5
4773 5
4774 5
4775 5
4776 5
4777 5
4778 5
4779 5
4780 5
4781 5
4782 5
4783 5
4784 5
4785 5
4786 5
4787 5
4788 5
4789 5
4790 5
4791 5
4792 5
4793 5
4794 5
4795 5
4796 5
4797 5
4798 5
4799 5
4800 5
4801 5
4802 5
4803 5
4804 5
4805 5
4806 5
4807 5
4808 5
4809 5
4810 5
4811 5
4812 5
4813 5
4814 5
4815 5
4816 5
4817 5
4818 5
4819 5
4820 5
4821 5
4822 5
4823 5
4824 5
4825 5
4826 5
4827 5
4828 5
4829 5
4830 5
4831 5
4832 5
4833 5
4834 5
4835 5
4836 5
4837 5
4838 5
4839 5
4840 5
4841 5
4842 5
4843 5
4844 5
4845 5
4846 5
4847 5
4848 5
4849 5
4850 5
4851 5
4852 5
4853 5
4854 5
4855 5
4856 5
4857 5
4858 5
4859 5
4860 5
4861 5
4862 5
4863 5
4864 5
4865 5
4866 5
4867 5
4868 5
4869 5
4870 5
4871 5
4872 5
4873 5
4874 5
4875 5
4876 5
4877 5
4878 5
4879 5
4880 5
4881 5
4882 5
4883 5
4884 5
4885 5
4886 5
4887 5
4888 5
4889 5
4890 5
4891 5
4892 5
4893 5
4894 5
4895 5
4896 5
4897 5
4898 5
4899 5
4900 5
4901 5
4902 5
4903 5
4904 5
4905 5
4906 5
4907 5
4908 5
4909 5
4910 5
4911 5
4912 5
4913 5
4914 5
4915 5
4916 5
4917 5
4918 5
4919 5
4920 5
4921 5
4922 5
4923 5
4924 5
4925 5
4926 5
4927 5
4928 5
4929 5
4930 5
4931 5
4932 5
4933 5
4934 5
4935 5
4936 5
4937 5
4938 5
4939 5
4940 5
4941 5
4942 5
4943 5
4944 5
4945 5
4946 5
4947 5
4948 5
4949 5
4950 5
4951 5
4952 5
4953 5
4954 5
4955 5
4956 5
4957 5
4958 5
4959 5
4960 5
4961 5
4962 5
4963 5
4964 5
4965 5
4966 5
4967 5
4968 5
4969 5
4970 5
4971 5
4972 5
4973 5
4974 5
4975 5
4976 5
4977 5
4978 5
4979 5
4980 5
4981 5
4982 5
4983 5
4984 5
4985 5
4986 5
4987 5
4988 5
4989 5
4990 5
4991 5
4992 5
4993 5
4994 5
4995 5
4996 5
4997 5
4998 5
4999 5
5000 5
5001 5
5002 5
5003 5
5004 5
5005 5
5006 5
5007 5
5008 5
5009 5
5010 5
5011 5
5012 5
5013 5
5014 5
5015 5
5016 5
5017 5
5018 5
5019 5
5020 5
5021 5
5022 5
5023 5
5024 5
5025 5
5026 5
5027 5
5028 5
5029 5
5030 5
5031 5
5032 5
5033 5
5034 5
5035 5
5036 5
5037 5
5038 5
5039 5
5040 5
5041 5
5042 5
5043 5
5044 5
5045 5
5046 5
5047 5
5048 5
5049 5
5050 5
5051 5
5052 5
5053 5
5054 5
5055 5
5056 5
5057 5
5058 5
5059 5
5060 5
5061 5
5062 5
5063 5
5064 5
5065 5
5066 5
5067 5
5068 5
5069 5
5070 5
5071 5
5072 5
5073 5
5074 5
5075 5
5076 5
5077 5
5078 5
5079 5
5080 5
5081 5
5082 5
5083 5
5084 5
5085 5
5086 5
5087 5
5088 5
5089 5
5090 5
5091 5
5092 5
5093 5
5094 5
5095 5
5096 5
5097 5
5098 5
5099 5
5100 5
5101 5
5102 5
5103 5
5104 5
5105 5
5106 5
5107 5
5108 5
5109 5
5110 5
5111 5
5112 5
5113 5
5114 5
5115 5
5116 5
5117 5
5118 5
5119 5
5120 5
5121 5
5122 5
5123 5
5124 5
5125 5
5126 5
5127 5
5128 5
5129 5
5130 5
5131 5
5132 5
5133 5
5134 5
5135 5
5136 5
5137 5
5138 5
5139 5
5140 5
5141 5
5142 5
5143 5
5144 5
5145 5
5146 5
5147 5
5148 5
5149 5
5150 5
5151 5
5152 5
5153 5
5154 5
5155 5
5156 5
5157 5
5158 5
5159 5
5160 5
5161 5
5162 5
5163 5
5164 5
5165 5
5166 5
5167 5
5168 5
5169 5
5170 5
5171 5
5172 5
5173 5
5174 5
5175 5
5176 5
5177 5
5178 5
5179 5
5180 5
5181 5
5182 5
5183 5
5184 5
5185 5
5186 5
5187 5
5188 5
5189 5
5190 5
5191 5
5192 5
5193 5
5194 5
5195 5
5196 5
5197 5
5198 5
5199 5
5200 5
5201 5
5202 5
5203 5
5204 5
5205 5
5206 5
5207 5
5208 5
5209 5
5210 5
5211 5
5212 5
5213 5
5214 5
5215 5
5216 5
5217 5
5218 5
5219 5
5220 5
5221 5
5222 5
5223 5
5224 5
5225 5
5226 5
5227 5
5228 5
5229 5
5230 5
5231 5
5232 5
5233 5
5234 5
5235 5
5236 5
5237 5
5238 5
5239 5
5240 5
5241 5
5242 5
5243 5
5244 5
5245 5
5246 5
5247 5
5248 5
5249 5
5250 5
5251 5
5252 5
5253 5
5254 5
5255 5
5256 5
5257 5
5258 5
5259 5
5260 5
5261 5
5262 5
5263 5
5264 5
5265 5
5266 5
5267 5
5268 5
5269 5
5270 5
5271 5
5272 5
5273 5
5274 5
5275 5
5276 5
5277 5
5278 5
5279 5
5280 5
5281 5
5282 5
5283 5
5284 5
5285 5
5286 5
5287 5
5288 5
5289 5
5290 5
5291 5
5292 5
5293 5
5294 5
5295 5
5296 5
5297 5
5298 5
5299 5
5300 5
5301 5
5302 5
5303 5
5304 5
5305 5
5306 5
5307 5
5308 5
5309 5
5310 5
5311 5
5312 5
5313 5
5314 5
5315 5
5316 5
5317 5
5318 5
5319 5
5320 5
5321 5
5322 5
5323 5
5324 5
5325 5
5326 5
5327 5
5328 5
5329 5
5330 5
5331 5
5332 5
5333 5
5334 5
5335 5
5336 5
5337 5
5338 5
5339 5
5340 5
5341 5
5342 5
5343 5
5344 5
5345 5
5346 5
5347 5
5348 5
5349 5
5350 5
5351 5
5352 5
5353 5
5354 5
5355 5
5356 5
5357 5
5358 5
5359 5
5360 5
5361 5
5362 5
5363 5
5364 5
5365 5
5366 5
5367 5
5368 5
5369 5
5370 5
5371 5
5372 5
5373 5
5374 5
5375 5
5376 5
5377 5
5378 5
5379 5
5380 5
5381 5
5382 5
5383 5
5384 5
5385 5
5386 5
5387 5
5388 5
5389 5
5390 5
5391 5
5392 5
5393 5
5394 5
5395 5
5396 5
5397 5
5398 5
5399 5
5400 5
5401 5
5402 5
5403 5
5404 5
5405 5
5406 5
5407 5
5408 5
5409 5
5410 5
5411 5
5412 5
5413 5
5414 5
5415 5
5416 5
5417 5
5418 5
5419 5
5420 5
5421 5
5422 5
5423 5
5424 5
5425 5
5426 5
5427 5
5428 5
5429 5
5430 5
5431 5
5432 5
5433 5
5434 5
5435 5
5436 5
5437 5
5438 5
5439 5
5440 5
5441 5
5442 5
5443 5
5444 5
5445 5
5446 5
5447 5
5448 5
5449 5
5450 5
5451 5
5452 5
5453 5
5454 5
5455 5
5456 5
5457 5
5458 5
5459 5
5460 5
5461 5
5462 5
5463 5
5464 5
5465 5
5466 5
5467 5
5468 5
5469 5
5470 5
5471 5
5472 5
5473 5
5474 5
5475 5
5476 5
5477 5
5478 5
5479 5
5480 5
5481 5
5482 5
5483 5
5484 5
5485 5
5486 5
5487 5
5488 5
5489 5
5490 5
5491 5
5492 5
5493 5
5494 5
5495 5
5496 5
5497 5
5498 5
5499 5
5500 5
5501 5
5502 5
5503 5
5504 5
5505 5
5506 5
5507 5
5508 5
5509 5
5510 5
5511 5
5512 5
5513 5
5514 5
5515 5
5516 5
5517 5
5518 5
5519 5
5520 5
5521 5
5522 5
5523 5
5524 5
5525 5
5526 5
5527 5
5528 5
5529 5
5530 5
5531 5
5532 5
5533 5
5534 5
5535 5
5536 5
5537 5
5538 5
5539 5
5540 5
5541 5
5542 5
5543 5
5544 5
5545 5
5546 5
5547 5
5548 5
5549 5
5550 5
5551 5
5552 5
5553 5
5554 5
5555 5
5556 5
5557 5
5558 5
5559 5
5560 5
5561 5
5562 5
5563 5
5564 5
5565 5
5566 5
5567 5
5568 5
5569 5
5570 5
5571 5
5572 5
5573 5
5574 5
5575 5
5576 5
5577 5
5578 5
5579 5
5580 5
5581 5
5582 5
5583 5
5584 5
5585 5
5586 5
5587 5
5588 5
5589 5
5590 5
5591 5
5592 5
5593 5
5594 5
5595 5
5596 5
5597 5
5598 5
5599 5
5600 5
5601 5
5602 5
5603 5
5604 5
5605 5
5606 5
5607 5
5608 5
5609 5
5610 5
5611 5
5612 5
5613 5
5614 5
5615 5
5616 5
5617 5
5618 5
5619 5
5620 5
5621 5
5622 5
5623 5
5624 5
5625 5
5626 5
5627 5
5628 5
5629 5
5630 5
5631 5
5632 5
5633 5
5634 5
5635 5
5636 5
5637 5
5638 5
5639 5
5640 5
5641 5
5642 5
5643 5
5644 5
5645 5
5646 5
5647 5
5648 5
5649 5
5650 5
5651 5
5652 5
5653 5
5654 5
5655 5
5656 5
5657 5
5658 5
5659 5
5660 5
5661 5
5662 5
5663 5
5664 5
5665 5
5666 5
5667 5
5668 5
5669 5
5670 5
5671 5
5672 5
5673 5
5674 5
5675 5
5676 5
5677 5
5678 5
5679 5
5680 5
5681 5
5682 5
5683 5
5684 5
5685 5
5686 5
5687 5
5688 5
5689 5
5690 5
5691 5
5692 5
5693 5
5694 5
5695 5
5696 5
5697 5
5698 5
5699 5
5700 5
5701 5
5702 5
5703 5
5704 5
5705 5
5706 5
5707 5
5708 5
5709 5
5710 5
5711 5
5712 5
5713 5
5714 5
5715 5
5716 5
5717 5
5718 5
5719 5
5720 5
5721 5
5722 5
5723 5
5724 5
5725 5
5726 5
5727 5
5728 5
5729 5
5730 5
5731 5
5732 5
5733 5
5734 5
5735 5
5736 5
5737 5
5738 5
5739 5
5740 5
5741 5
5742 5
5743 5
5744 5
5745 5
5746 5
5747 5
5748 5
5749 5
5750 5
5751 5
5752 5
5753 5
5754 5
5755 5
5756 5
5757 5
5758 5
5759 5
5760 5
5761 5
5762 5
5763 5
5764 5
5765 5
5766 5
5767 5
5768 5
5769 5
5770 5
5771 5
5772 5
5773 5
5774 5
5775 5
5776 5
5777 5
5778 5
5779 5
5780 5
5781 5
5782 5
5783 5
5784 5
5785 5
5786 5
5787 5
5788 5
5789 5
5790 5
5791 5
5792 5
5793 5
5794 5
5795 5
5796 5
5797 5
5798 5
5799 5
5800 5
5801 5
5802 5
5803 5
5804 5
5805 5
5806 5
5807 5
5808 5
5809 5
5810 5
5811 5
5812 5
5813 5
5814 5
5815 5
5816 5
5817 5
5818 5
5819 5
5820 5
5821 5
5822 5
5823 5
5824 5
5825 5
5826 5
5827 5
5828 5
5829 5
5830 5
5831 5
5832 5
5833 5
5834 5
5835 5
5836 5
5837 5
5838 5
5839 5
5840 5
5841 5
5842 5
5843 5
5844 5
5845 5
5846 5
5847 5
5848 5
5849 5
5850 5
5851 5
5852 5
5853 5
5854 5
5855 5
5856 5
5857 5
5858 5
5859 5
5860 5
5861 5
5862 5
5863 5
5864 5
5865 5
5866 5
5867 5
5868 5
5869 5
5870 5
5871 5
5872 5
5873 5
5874 5
5875 5
5876 5
5877 5
5878 5
5879 5
5880 5
5881 5
5882 5
5883 5
5884 5
5885 5
5886 5
5887 5
5888 5
5889 5
5890 5
5891 5
5892 5
5893 5
5894 5
5895 5
5896 5
5897 5
5898 5
5899 5
5900 5
5901 5
5902 5
5903 5
5904 5
5905 5
5906 5
5907 5
5908 5
5909 5
5910 5
5911 5
5912 5
5913 5
5914 5
5915 5
5916 5
5917 5
5918 5
5919 5
5920 5
5921 5
5922 5
5923 5
5924 5
5925 5
5926 5
5927 5
5928 5
5929 5
5930 5
5931 5
5932 5
5933 5
5934 5
5935 5
5936 5
5937 5
5938 5
5939 5
5940 5
5941 5
5942 5
5943 5
5944 5
5945 5
5946 5
5947 5
5948 5
5949 5
5950 5
5951 5
5952 5
5953 5
5954 5
5955 5
5956 5
5957 5
5958 5
5959 5
5960 5
5961 5
5962 5
5963 5
5964 5
5965 5
5966 5
5967 5
5968 5
5969 5
5970 5
5971 5
5972 5
5973 5
5974 5
5975 5
5976 5
5977 5
5978 5
5979 5
5980 5
5981 5
5982 5
5983 5
5984 5
5985 5
5986 5
5987 5
5988 5
5989 5
5990 5
5991 5
5992 5
5993 5
5994 5
5995 5
5996 5
5997 5
5998 5
5999 5
6000 5
6001 5
6002 5
6003 5
6004 5
6005 5
6006 5
6007 5
6008 5
6009 5
6010 5
6011 5
6012 5
6013 5
6014 5
6015 5
6016 5
6017 5
6018 5
6019 5
6020 5
6021 5
6022 5
6023 5
6024 5
6025 5
6026 5
6027 5
6028 5
6029 5
6030 5
6031 5
6032 5
6033 5
6034 5
6035 5
6036 5
6037 5
6038 5
6039 5
6040 5
6041 5
6042 5
6043 5
6044 5
6045 5
6046 5
6047 5
6048 5
6049 5
6050 5
6051 5
6052 5
6053 5
6054 5
6055 5
6056 5
6057 5
6058 5
6059 5
6060 5
6061 5
6062 5
6063 5
6064 5
6065 5
6066 5
6067 5
6068 5
6069 5
6070 5
6071 5
6072 5
6073 5
6074 5
6075 5
6076 5
6077 5
6078 5
6079 5
6080 5
6081 5
6082 5
6083 5
6084 5
6085 5
6086 5
6087 5
6088 5
6089 5
6090 5
6091 5
6092 5
6093 5
6094 5
6095 5
6096 5
6097 5
6098 5
6099 5
6100 5
6101 5
6102 5
6103 5
6104 5
6105 5
6106 5
6107 5
6108 5
6109 5
6110 5
6111 5
6112 5
6113 5
6114 5
6115 5
6116 5
6117 5
6118 5
6119 5
6120 5
6121 5
6122 5
6123 5
6124 5
6125 5
6126 5
6127 5
6128 5
6129 5
6130 5
6131 5
6132 5
6133 5
6134 5
6135 5
6136 5
6137 5
6138 5
6139 5
6140 5
6141 5
6142 5
6143 5
6144 5
6145 5
6146 5
6147 5
6148 5
6149 5
6150 5
6151 5
6152 5
6153 5
6154 5
6155 5
6156 5
6157 5
6158 5
6159 5
6160 5
6161 5
6162 5
6163 5
6164 5
6165 5
6166 5
6167 5
6168 5
6169 5
6170 5
6171 5
6172 5
6173 5
6174 5
6175 5
6176 5
6177 5
6178 5
6179 5
6180 5
6181 5
6182 5
6183 5
6184 5
6185 5
6186 5
6187 5
6188 5
6189 5
6190 5
6191 5
6192 5
6193 5
6194 5
6195 5
6196 5
6197 5
6198 5
6199 5
6200 5
6201 5
6202 5
6203 5
6204 5
6205 5
6206 5
6207 5
6208 5
6209 5
6210 5
6211 5
6212 5
6213 5
6214 5
6215 5
6216 5
6217 5
6218 5
6219 5
6220 5
6221 5
6222 5
6223 5
6224 5
6225 5
6226 5
6227 5
6228 5
6229 5
6230 5
6231 5
6232 5
6233 5
6234 5
6235 5
6236 5
6237 5
6238 5
6239 5
6240 5
6241 5
6242 5
6243 5
6244 5
6245 5
6246 5
6247 5
6248 5
6249 5
6250 5
6251 5
6252 5
6253 5
6254 5
6255 5
6256 5
6257 5
6258 5
6259 5
6260 5
6261 5
6262 5
6263 5
6264 5
6265 5
6266 5
6267 5
6268 5
6269 5
6270 5
6271 5
6272 5
6273 5
6274 5
6275 5
6276 5
6277 5
6278 5
6279 5
6280 5
6281 5
6282 5
6283 5
6284 5
6285 5
6286 5
6287 5
6288 5
6289 5
6290 5
6291 5
6292 5
6293 5
6294 5
6295 5
6296 5
6297 5
6298 5
6299 5
6300 5
6301 5
6302 5
6303 5
6304 5
6305 5
6306 5
6307 5
6308 5
6309 5
6310 5
6311 5
6312 5
6313 5
6314 5
6315 5
6316 5
6317 5
6318 5
6319 5
6320 5
6321 5
6322 5
6323 5
6324 5
6325 5
6326 5
6327 5
6328 5
6329 5
6330 5
6331 5
6332 5
6333 5
6334 5
6335 5
6336 5
6337 5
6338 5
6339 5
6340 5
6341 5
6342 5
6343 5
6344 5
6345 5
6346 5
6347 5
6348 5
6349 5
6350 5
6351 5
6352 5
6353 5
6354 5
6355 5
6356 5
6357 5
6358 5
6359 5
6360 5
6361 5
6362 5
6363 5
6364 5
6365 5
6366 5
6367 5
6368 5
6369 5
6370 5
6371 5
6372 5
6373 5
6374 5
6375 5
6376 5
6377 5
6378 5
6379 5
6380 5
6381 5
6382 5
6383 5
6384 5
6385 5
6386 5
6387 5
6388 5
6389 5
6390 5
6391 5
6392 5
6393 5
6394 5
6395 5
6396 5
6397 5
6398 5
6399 5
6400 5
6401 5
6402 5
6403 5
6404 5
6405 5
6406 5
6407 5
6408 5
6409 5
6410 5
6411 5
6412 5
6413 5
6414 5
6415 5
6416 5
6417 5
6418 5
6419 5
6420 5
6421 5
6422 5
6423 5
6424 5
6425 5
6426 5
6427 5
6428 5
6429 5
6430 5
6431 5
6432 5
6433 5
6434 5
6435 5
6436 5
6437 5
6438 5
6439 5
6440 5
6441 5
6442 5
6443 5
6444 5
6445 5
6446 5
6447 5
6448 5
6449 5
6450 5
6451 5
6452 5
6453 5
6454 5
6455 5
6456 5
6457 5
6458 5
6459 5
6460 5
6461 5
6462 5
6463 5
6464 5
6465 5
6466 5
6467 5
6468 5
6469 5
6470 5
6471 5
6472 5
6473 5
6474 5
6475 5
6476 5
6477 5
6478 5
6479 5
6480 5
6481 5
6482 5
6483 5
6484 5
6485 5
6486 5
6487 5
6488 5
6489 5
6490 5
6491 5
6492 5
6493 5
6494 5
6495 5
6496 5
6497 5
6498 5
6499 5
6500 5
6501 5
6502 5
6503 5
6504 5
6505 5
6506 5
6507 5
6508 5
6509 5
6510 5
6511 5
6512 5
6513 5
6514 5
6515 5
6516 5
6517 5
6518 5
6519 5
6520 5
6521 5
6522 5
6523 5
6524 5
6525 5
6526 5
6527 5
6528 5
6529 5
6530 5
6531 5
6532 5
6533 5
6534 5
6535 5
6536 5
6537 5
6538 5
6539 5
6540 5
6541 5
6542 5
6543 5
6544 5
6545 5
6546 5
6547 5
6548 5
6549 5
6550 5
6551 5
6552 5
6553 5
6554 5
6555 5
6556 5
6557 5
6558 5
6559 5
6560 5
6561 5
6562 5
6563 5
6564 5
6565 5
6566 5
6567 5
6568 5
6569 5
6570 5
6571 5
6572 5
6573 5
6574 5
6575 5
6576 5
6577 5
6578 5
6579 5
6580 5
6581 5
6582 5
6583 5
6584 5
6585 5
6586 5
6587 5
6588 5
6589 5
6590 5
6591 5
6592 5
6593 5
6594 5
6595 5
6596 5
6597 5
6598 5
6599 5
6600 5
6601 5
6602 5
6603 5
6604 5
6605 5
6606 5
6607 5
6608 5
6609 5
6610 5
6611 5
6612 5
6613 5
6614 5
6615 5
6616 5
6617 5
6618 5
6619 5
6620 5
6621 5
6622 5
6623 5
6624 5
6625 5
6626 5
6627 5
6628 5
6629 5
6630 5
6631 5
6632 5
6633 5
6634 5
6635 5
6636 5
6637 5
6638 5
6639 5
6640 5
6641 5
6642 5
6643 5
6644 5
6645 5
6646 5
6647 5
6648 5
6649 5
6650 5
6651 5
6652 5
6653 5
6654 5
6655 5
6656 5
6657 5
6658 5
6659 5
6660 5
6661 5
6662 5
6663 5
6664 5
6665 5
6666 5
6667 5
6668 5
6669 5
6670 5
6671 5
6672 5
6673 5
6674 5
6675 5
6676 5
6677 5
6678 5
6679 5
6680 5
6681 5
6682 5
6683 5
6684 5
6685 5
6686 5
6687 5
6688 5
6689 5
6690 5
6691 5
6692 5
6693 5
6694 5
6695 5
6696 5
6697 5
6698 5
6699 5
6700 5
6701 5
6702 5
6703 5
6704 5
6705 5
6706 5
6707 5
6708 5
6709 5
6710 5
6711 5
6712 5
6713 5
6714 5
6715 5
6716 5
6717 5
6718 5
6719 5
6720 5
6721 5
6722 5
6723 5
6724 5
6725 5
6726 5
6727 5
6728 5
6729 5
6730 5
6731 5
6732 5
6733 5
6734 5
6735 5
6736 5
6737 5
6738 5
6739 5
6740 5
6741 5
6742 5
6743 5
6744 5
6745 5
6746 5
6747 5
6748 5
6749 5
6750 5
6751 5
6752 5
6753 5
6754 5
6755 5
6756 5
6757 5
6758 5
6759 5
6760 5
6761 5
6762 5
6763 5
6764 5
6765 5
6766 5
6767 5
6768 5
6769 5
6770 5
6771 5
6772 5
6773 5
6774 5
6775 5
6776 5
6777 5
6778 5
6779 5
6780 5
6781 5
6782 5
6783 5
6784 5
6785 5
6786 5
6787 5
6788 5
6789 5
6790 5
6791 5
6792 5
6793 5
6794 5
6795 5
6796 5
6797 5
6798 5
6799 5
6800 5
6801 5
6802 5
6803 5
6804 5
6805 5
6806 5
6807 5
6808 5
6809 5
6810 5
6811 5
6812 5
6813 5
6814 5
6815 5
6816 5
6817 5
6818 5
6819 5
6820 5
6821 5
6822 5
6823 5
6824 5
6825 5
6826 5
6827 5
6828 5
6829 5
6830 5
6831 5
6832 5
6833 5
6834 5
6835 5
6836 5
6837 5
6838 5
6839 5
6840 5
6841 5
6842 5
6843 5
6844 5
6845 5
6846 5
6847 5
6848 5
6849 5
6850 5
6851 5
6852 5
6853 5
6854 5
6855 5
6856 5
6857 5
6858 5
6859 5
6860 5
6861 5
6862 5
6863 5
6864 5
6865 5
6866 5
6867 5
6868 5
6869 5
6870 5
6871 5
6872 5
6873 5
6874 5
6875 5
6876 5
6877 5
6878 5
6879 5
6880 5
6881 5
6882 5
6883 5
6884 5
6885 5
6886 5
6887 5
6888 5
6889 5
6890 5
6891 5
6892 5
6893 5
6894 5
6895 5
6896 5
6897 5
6898 5
6899 5
6900 5
6901 5
6902 5
6903 5
6904 5
6905 5
6906 5
6907 5
6908 5
6909 5
6910 5
6911 5
6912 5
6913 5
6914 5
6915 5
6916 5
6917 5
6918 5
6919 5
6920 5
6921 5
6922 5
6923 5
6924 5
6925 5
6926 5
6927 5
6928 5
6929 5
6930 5
6931 5
6932 5
6933 5
6934 5
6935 5
6936 5
6937 5
6938 5
6939 5
6940 5
6941 5
6942 5
6943 5
6944 5
6945 5
6946 5
6947 5
6948 5
6949 5
6950 5
6951 5
6952 5
6953 5
6954 5
6955 5
6956 5
6957 5
6958 5
6959 5
6960 5
6961 5
6962 5
6963 5
6964 5
6965 5
6966 5
6967 5
6968 5
6969 5
6970 5
6971 5
6972 5
6973 5
6974 5
6975 5
6976 5
6977 5
6978 5
6979 5
6980 5
6981 5
6982 5
6983 5
6984 5
6985 5
6986 5
6987 5
6988 5
6989 5
6990 5
6991 5
6992 5
6993 5
6994 5
6995 5
6996 5
6997 5
6998 5
6999 5
7000 5
7001 5
7002 5
7003 5
7004 5
7005 5
7006 5
7007 5
7008 5
7009 5
7010 5
7011 5
7012 5
7013 5
7014 5
7015 5
7016 5
7017 5
7018 5
7019 5
7020 5
7021 5
7022 5
7023 5
7024 5
7025 5
7026 5
7027 5
7028 5
7029 5
7030 5
7031 5
7032 5
7033 5
7034 5
7035 5
7036 5
7037 5
7038 5
7039 5
7040 5
7041 5
7042 5
7043 5
7044 5
7045 5
7046 5
7047 5
7048 5
7049 5
7050 5
7051 5
7052 5
7053 5
7054 5
7055 5
7056 5
7057 5
7058 5
7059 5
7060 5
7061 5
7062 5
7063 5
7064 5
7065 5
7066 5
7067 5
7068 5
7069 5
7070 5
7071 5
7072 5
7073 5
7074 5
7075 5
7076 5
7077 5
7078 5
7079 5
7080 5
7081 5
7082 5
7083 5
7084 5
7085 5
7086 5
7087 5
7088 5
7089 5
7090 5
7091 5
7092 5
7093 5
7094 5
7095 5
7096 5
7097 5
7098 5
7099 5
7100 5
7101 5
7102 5
7103 5
7104 5
7105 5
7106 5
7107 5
7108 5
7109 5
7110 5
7111 5
7112 5
7113 5
7114 5
7115 5
7116 5
7117 5
7118 5
7119 5
7120 5
7121 5
7122 5
7123 5
7124 5
7125 5
7126 5
7127 5
7128 5
7129 5
7130 5
7131 5
7132 5
7133 5
7134 5
7135 5
7136 5
7137 5
7138 5
7139 5
7140 5
7141 5
7142 5
7143 5
7144 5
7145 5
7146 5
7147 5
7148 5
7149 5
7150 5
7151 5
7152 5
7153 5
7154 5
7155 5
7156 5
7157 5
7158 5
7159 5
7160 5
7161 5
7162 5
7163 5
7164 5
7165 5
7166 5
7167 5
7168 5
7169 5
7170 5
7171 5
7172 5
7173 5
7174 5
7175 5
7176 5
7177 5
7178 5
7179 5
7180 5
7181 5
7182 5
7183 5
7184 5
7185 5
7186 5
7187 5
7188 5
7189 5
7190 5
7191 5
7192 5
7193 5
7194 5
7195 5
7196 5
7197 5
7198 5
7199 5
7200 5
7201 5
7202 5
7203 5
7204 5
7205 5
7206 5
7207 5
7208 5
7209 5
7210 5
7211 5
7212 5
7213 5
7214 5
7215 5
7216 5
7217 5
7218 5
7219 5
7220 5
7221 5
7222 5
7223 5
7224 5
7225 5
7226 5
7227 5
7228 5
7229 5
7230 5
7231 5
7232 5
7233 5
7234 5
7235 5
7236 5
7237 5
7238 5
7239 5
7240 5
7241 5
7242 5
7243 5
7244 5
7245 5
7246 5
7247 5
7248 5
7249 5
7250 5
7251 5
7252 5
7253 5
7254 5
7255 5
7256 5
7257 5
7258 5
7259 5
7260 5
7261 5
7262 5
7263 5
7264 5
7265 5
7266 5
7267 5
7268 5
7269 5
7270 5
7271 5
7272 5
7273 5
7274 5
7275 5
7276 5
7277 5
7278 5
7279 5
7280 5
7281 5
7282 5
7283 5
7284 5
7285 5
7286 5
7287 5
7288 5
7289 5
7290 5
7291 5
7292 5
7293 5
7294 5
7295 5
7296 5
7297 5
7298 5
7299 5
7300 5
7301 5
7302 5
7303 5
7304 5
7305 5
7306 5
7307 5
7308 5
7309 5
7310 5
7311 5
7312 5
7313 5
7314 5
7315 5
7316 5
7317 5
7318 5
7319 5
7320 5
7321 5
7322 5
7323 5
7324 5
7325 5
7326 5
7327 5
7328 5
7329 5
7330 5
7331 5
7332 5
7333 5
7334 5
7335 5
7336 5
7337 5
7338 5
7339 5
7340 5
7341 5
7342 5
7343 5
7344 5
7345 5
7346 5
7347 5
7348 5
7349 5
7350 5
7351 5
7352 5
7353 5
7354 5
7355 5
7356 5
7357 5
7358 5
7359 5
7360 5
7361 5
7362 5
7363 5
7364 5
7365 5
7366 5
7367 5
7368 5
7369 5
7370 5
7371 5
7372 5
7373 5
7374 5
7375 5
7376 5
7377 5
7378 5
7379 5
7380 5
7381 5
7382 5
7383 5
7384 5
7385 5
7386 5
7387 5
7388 5
7389 5
7390 5
7391 5
7392 5
7393 5
7394 5
7395 5
7396 5
7397 5
7398 5
7399 5
7400 5
7401 5
7402 5
7403 5
7404 5
7405 5
7406 5
7407 5
7408 5
7409 5
7410 5
7411 5
7412 5
7413 5
7414 5
7415 5
7416 5
7417 5
7418 5
7419 5
7420 5
7421 5
7422 5
7423 5
7424 5
7425 5
7426 5
7427 5
7428 5
7429 5
7430 5
7431 5
7432 5
7433 5
7434 5
7435 5
7436 5
7437 5
7438 5
7439 5
7440 5
7441 5
7442 5
7443 5
7444 5
7445 5
7446 5
7447 5
7448 5
7449 5
7450 5
7451 5
7452 5
7453 5
7454 5
7455 5
7456 5
7457 5
7458 5
7459 5
7460 5
7461 5
7462 5
7463 5
7464 5
7465 5
7466 5
7467 5
7468 5
7469 5
7470 5
7471 5
7472 5
7473 5
7474 5
7475 5
7476 5
7477 5
7478 5
7479 5
7480 5
7481 5
7482 5
7483 5
7484 5
7485 5
7486 5
7487 5
7488 5
7489 5
7490 5
7491 5
7492 5
7493 5
7494 5
7495 5
7496 5
7497 5
7498 5
7499 5
7500 5
7501 5
7502 5
7503 5
7504 5
7505 5
7506 5
7507 5
7508 5
7509 5
7510 5
7511 5
7512 5
7513 5
7514 5
7515 5
7516 5
7517 5
7518 5
7519 5
7520 5
7521 5
7522 5
7523 5
7524 5
7525 5
7526 5
7527 5
7528 5
7529 5
7530 5
7531 5
7532 5
7533 5
7534 5
7535 5
7536 5
7537 5
7538 5
7539 5
7540 5
7541 5
7542 5
7543 5
7544 5
7545 5
7546 5
7547 5
7548 5
7549 5
7550 5
7551 5
7552 5
7553 5
7554 5
7555 5
7556 5
7557 5
7558 5
7559 5
7560 5
7561 5
7562 5
7563 5
7564 5
7565 5
7566 5
7567 5
7568 5
7569 5
7570 5
7571 5
7572 5
7573 5
7574 5
7575 5
7576 5
7577 5
7578 5
7579 5
7580 5
7581 5
7582 5
7583 5
7584 5
7585 5
7586 5
7587 5
7588 5
7589 5
7590 5
7591 5
7592 5
7593 5
7594 5
7595 5
7596 5
7597 5
7598 5
7599 5
7600 5
7601 5
7602 5
7603 5
7604 5
7605 5
7606 5
7607 5
7608 5
7609 5
7610 5
7611 5
7612 5
7613 5
7614 5
7615 5
7616 5
7617 5
7618 5
7619 5
7620 5
7621 5
7622 5
7623 5
7624 5
7625 5
7626 5
7627 5
7628 5
7629 5
7630 5
7631 5
7632 5
7633 5
7634 5
7635 5
7636 5
7637 5
7638 5
7639 5
7640 5
7641 5
7642 5
7643 5
7644 5
7645 5
7646 5
7647 5
7648 5
7649 5
7650 5
7651 5
7652 5
7653 5
7654 5
7655 5
7656 5
7657 5
7658 5
7659 5
7660 5
7661 5
7662 5
7663 5
7664 5
7665 5
7666 5
7667 5
7668 5
7669 5
7670 5
7671 5
7672 5
7673 5
7674 5
7675 5
7676 5
7677 5
7678 5
7679 5
7680 5
7681 5
7682 5
7683 5
7684 5
7685 5
7686 5
7687 5
7688 5
7689 5
7690 5
7691 5
7692 5
7693 5
7694 5
7695 5
7696 5
7697 5
7698 5
7699 5
7700 5
7701 5
7702 5
7703 5
7704 5
7705 5
7706 5
7707 5
7708 5
7709 5
7710 5
7711 5
7712 5
7713 5
7714 5
7715 5
7716 5
7717 5
7718 5
7719 5
7720 5
7721 5
7722 5
7723 5
7724 5
7725 5
7726 5
7727 5
7728 5
7729 5
7730 5
7731 5
7732 5
7733 5
7734 5
7735 5
7736 5
7737 5
7738 5
7739 5
7740 5
7741 5
7742 5
7743 5
7744 5
7745 5
7746 5
7747 5
7748 5
7749 5
7750 5
7751 5
7752 5
7753 5
7754 5
7755 5
7756 5
7757 5
7758 5
7759 5
7760 5
7761 5
7762 5
7763 5
7764 5
7765 5
7766 5
7767 5
7768 5
7769 5
7770 5
7771 5
7772 5
7773 5
7774 5
7775 5
7776 5
7777 5
7778 5
7779 5
7780 5
7781 5
7782 5
7783 5
7784 5
7785 5
7786 5
7787 5
7788 5
7789 5
7790 5
7791 5
7792 5
7793 5
7794 5
7795 5
7796 5
7797 5
7798 5
7799 5
7800 5
7801 5
7802 5
7803 5
7804 5
7805 5
7806 5
7807 5
7808 5
7809 5
7810 5
7811 5
7812 5
7813 5
7814 5
7815 5
7816 5
7817 5
7818 5
7819 5
7820 5
7821 5
7822 5
7823 5
7824 5
7825 5
7826 5
7827 5
7828 5
7829 5
7830 5
7831 5
7832 5
7833 5
7834 5
7835 5
7836 5
7837 5
7838 5
7839 5
7840 5
7841 5
7842 5
7843 5
7844 5
7845 5
7846 5
7847 5
7848 5
7849 5
7850 5
7851 5
7852 5
7853 5
7854 5
7855 5
7856 5
7857 5
7858 5
7859 5
7860 5
7861 5
7862 5
7863 5
7864 5
7865 5
7866 5
7867 5
7868 5
7869 5
7870 5
7871 5
7872 5
7873 5
7874 5
7875 5
7876 5
7877 5
7878 5
7879 5
7880 5
7881 5
7882 5
7883 5
7884 5
7885 5
7886 5
7887 5
7888 5
7889 5
7890 5
7891 5
7892 5
7893 5
7894 5
7895 5
7896 5
7897 5
7898 5
7899 5
7900 5
7901 5
7902 5
7903 5
7904 5
7905 5
7906 5
7907 5
7908 5
7909 5
7910 5
7911 5
7912 5
7913 5
7914 5
7915 5
7916 5
7917 5
7918 5
7919 5
7920 5
7921 5
7922 5
7923 5
7924 5
7925 5
7926 5
7927 5
7928 5
7929 5
7930 5
7931 5
7932 5
7933 5
7934 5
7935 5
7936 5
7937 5
7938 5
7939 5
7940 5
7941 5
7942 5
7943 5
7944 5
7945 5
7946 5
7947 5
7948 5
7949 5
7950 5
7951 5
7952 5
7953 5
7954 5
7955 5
7956 5
7957 5
7958 5
7959 5
7960 5
7961 5
7962 5
7963 5
7964 5
7965 5
7966 5
7967 5
7968 5
7969 5
7970 5
7971 5
7972 5
7973 5
7974 5
7975 5
7976 5
7977 5
7978 5
7979 5
7980 5
7981 5
7982 5
7983 5
7984 5
7985 5
7986 5
7987 5
7988 5
7989 5
7990 5
7991 5
7992 5
7993 5
7994 5
7995 5
7996 5
7997 5
7998 5
7999 5
8000 5
8001 5
8002 5
8003 5
8004 5
8005 5
8006 5
8007 5
8008 5
8009 5
8010 5
8011 5
8012 5
8013 5
8014 5
8015 5
8016 5
8017 5
8018 5
8019 5
8020 5
8021 5
8022 5
8023 5
8024 5
8025 5
8026 5
8027 5
8028 5
8029 5
8030 5
8031 5
8032 5
8033 5
8034 5
8035 5
8036 5
8037 5
8038 5
8039 5
8040 5
8041 5
8042 5
8043 5
8044 5
8045 5
8046 5
8047 5
8048 5
8049 5
8050 5
8051 5
8052 5
8053 5
8054 5
8055 5
8056 5
8057 5
8058 5
8059 5
8060 5
8061 5
8062 5
8063 5
8064 5
8065 5
8066 5
8067 5
8068 5
8069 5
8070 5
8071 5
8072 5
8073 5
8074 5
8075 5
8076 5
8077 5
8078 5
8079 5
8080 5
8081 5
8082 5
8083 5
8084 5
8085 5
8086 5
8087 5
8088 5
8089 5
8090 5
8091 5
8092 5
8093 5
8094 5
8095 5
8096 5
8097 5
8098 5
8099 5
8100 5
8101 5
8102 5
8103 5
8104 5
8105 5
8106 5
8107 5
8108 5
8109 5
8110 5
8111 5
8112 5
8113 5
8114 5
8115 5
8116 5
8117 5
8118 5
8119 5
8120 5
8121 5
8122 5
8123 5
8124 5
8125 5
8126 5
8127 5
8128 5
8129 5
8130 5
8131 5
8132 5
8133 5
8134 5
8135 5
8136 5
8137 5
8138 5
8139 5
8140 5
8141 5
8142 5
8143 5
8144 5
8145 5
8146 5
8147 5
8148 5
8149 5
8150 5
8151 5
8152 5
8153 5
8154 5
8155 5
8156 5
8157 5
8158 5
8159 5
8160 5
8161 5
8162 5
8163 5
8164 5
8165 5
8166 5
8167 5
8168 5
8169 5
8170 5
8171 5
8172 5
8173 5
8174 5
8175 5
8176 5
8177 5
8178 5
8179 5
8180 5
8181 5
8182 5
8183 5
8184 5
8185 5
8186 5
8187 5
8188 5
8189 5
8190 5
8191 5
8192 5
8193 5
8194 5
8195 5
8196 5
8197 5
8198 5
8199 5
8200 5
8201 5
8202 5
8203 5
8204 5
8205 5
8206 5
8207 5
8208 5
8209 5
8210 5
8211 5
8212 5
8213 5
8214 5
8215 5
8216 5
8217 5
8218 5
8219 5
8220 5
8221 5
8222 5
8223 5
8224 5
8225 5
8226 5
8227 5
8228 5
8229 5
8230 5
8231 5
8232 5
8233 5
8234 5
8235 5
8236 5
8237 5
8238 5
8239 5
8240 5
8241 5
8242 5
8243 5
8244 5
8245 5
8246 5
8247 5
8248 5
8249 5
8250 5
8251 5
8252 5
8253 5
8254 5
8255 5
8256 5
8257 5
8258 5
8259 5
8260 5
8261 5
8262 5
8263 5
8264 5
8265 5
8266 5
8267 5
8268 5
8269 5
8270 5
8271 5
8272 5
8273 5
8274 5
8275 5
8276 5
8277 5
8278 5
8279 5
8280 5
8281 5
8282 5
8283 5
8284 5
8285 5
8286 5
8287 5
8288 5
8289 5
8290 5
8291 5
8292 5
8293 5
8294 5
8295 5
8296 5
8297 5
8298 5
8299 5
8300 5
8301 5
8302 5
8303 5
8304 5
8305 5
8306 5
8307 5
8308 5
8309 5
8310 5
8311 5
8312 5
8313 5
8314 5
8315 5
8316 5
8317 5
8318 5
8319 5
8320 5
8321 5
8322 5
8323 5
8324 5
8325 5
8326 5
8327 5
8328 5
8329 5
8330 5
8331 5
8332 5
8333 5
8334 5
8335 5
8336 5
8337 5
8338 5
8339 5
8340 5
8341 5
8342 5
8343 5
8344 5
8345 5
8346 5
8347 5
8348 5
8349 5
8350 5
8351 5
8352 5
8353 5
8354 5
8355 5
8356 5
8357 5
8358 5
8359 5
8360 5
8361 5
8362 5
8363 5
8364 5
8365 5
8366 5
8367 5
8368 5
8369 5
8370 5
8371 5
8372 5
8373 5
8374 5
8375 5
8376 5
8377 5
8378 5
8379 5
8380 5
8381 5
8382 5
8383 5
8384 5
8385 5
8386 5
8387 5
8388 5
8389 5
8390 5
8391 5
8392 5
8393 5
8394 5
8395 5
8396 5
8397 5
8398 5
8399 5
8400 5
8401 5
8402 5
8403 5
8404 5
8405 5
8406 5
8407 5
8408 5
8409 5
8410 5
8411 5
8412 5
8413 5
8414 5
8415 5
8416 5
8417 5
8418 5
8419 5
8420 5
8421 5
8422 5
8423 5
8424 5
8425 5
8426 5
8427 5
8428 5
8429 5
8430 5
8431 5
8432 5
8433 5
8434 5
8435 5
8436 5
8437 5
8438 5
8439 5
8440 5
8441 5
8442 5
8443 5
8444 5
8445 5
8446 5
8447 5
8448 5
8449 5
8450 5
8451 5
8452 5
8453 5
8454 5
8455 5
8456 5
8457 5
8458 5
8459 5
8460 5
8461 5
8462 5
8463 5
8464 5
8465 5
8466 5
8467 5
8468 5
8469 5
8470 5
8471 5
8472 5
8473 5
8474 5
8475 5
8476 5
8477 5
8478 5
8479 5
8480 5
8481 5
8482 5
8483 5
8484 5
8485 5
8486 5
8487 5
8488 5
8489 5
8490 5
8491 5
8492 5
8493 5
8494 5
8495 5
8496 5
8497 5
8498 5
8499 5
8500 5
8501 5
8502 5
8503 5
8504 5
8505 5
8506 5
8507 5
8508 5
8509 5
8510 5
8511 5
8512 5
8513 5
8514 5
8515 5
8516 5
8517 5
8518 5
8519 5
8520 5
8521 5
8522 5
8523 5
8524 5
8525 5
8526 5
8527 5
8528 5
8529 5
8530 5
8531 5
8532 5
8533 5
8534 5
8535 5
8536 5
8537 5
8538 5
8539 5
8540 5
8541 5
8542 5
8543 5
8544 5
8545 5
8546 5
8547 5
8548 5
8549 5
8550 5
8551 5
8552 5
8553 5
8554 5
8555 5
8556 5
8557 5
8558 5
8559 5
8560 5
8561 5
8562 5
8563 5
8564 5
8565 5
8566 5
8567 5
8568 5
8569 5
8570 5
8571 5
8572 5
8573 5
8574 5
8575 5
8576 5
8577 5
8578 5
8579 5
8580 5
8581 5
8582 5
8583 5
8584 5
8585 5
8586 5
8587 5
8588 5
8589 5
8590 5
8591 5
8592 5
8593 5
8594 5
8595 5
8596 5
8597 5
8598 5
8599 5
8600 5
8601 5
8602 5
8603 5
8604 5
8605 5
8606 5
8607 5
8608 5
8609 5
8610 5
8611 5
8612 5
8613 5
8614 5
8615 5
8616 5
8617 5
8618 5
8619 5
8620 5
8621 5
8622 5
8623 5
8624 5
8625 5
8626 5
8627 5
8628 5
8629 5
8630 5
8631 5
8632 5
8633 5
8634 5
8635 5
8636 5
8637 5
8638 5
8639 5
8640 5
8641 5
8642 5
8643 5
8644 5
8645 5
8646 5
8647 5
8648 5
8649 5
8650 5
8651 5
8652 5
8653 5
8654 5
8655 5
8656 5
8657 5
8658 5
8659 5
8660 5
8661 5
8662 5
8663 5
8664 5
8665 5
8666 5
8667 5
8668 5
8669 5
8670 5
8671 5
8672 5
8673 5
8674 5
8675 5
8676 5
8677 5
8678 5
8679 5
8680 5
8681 5
8682 5
8683 5
8684 5
8685 5
8686 5
8687 5
8688 5
8689 5
8690 5
8691 5
8692 5
8693 5
8694 5
8695 5
8696 5
8697 5
8698 5
8699 5
8700 5
8701 5
8702 5
8703 5
8704 5
8705 5
8706 5
8707 5
8708 5
8709 5
8710 5
8711 5
8712 5
8713 5
8714 5
8715 5
8716 5
8717 5
8718 5
8719 5
8720 5
8721 5
8722 5
8723 5
8724 5
8725 5
8726 5
8727 5
8728 5
8729 5
8730 5
8731 5
8732 5
8733 5
8734 5
8735 5
8736 5
8737 5
8738 5
8739 5
8740 5
8741 5
8742 5
8743 5
8744 5
8745 5
8746 5
8747 5
8748 5
8749 5
8750 5
8751 5
8752 5
8753 5
8754 5
8755 5
8756 5
8757 5
8758 5
8759 5
8760 5
8761 5
8762 5
8763 5
8764 5
8765 5
8766 5
8767 5
8768 5
8769 5
8770 5
8771 5
8772 5
8773 5
8774 5
8775 5
8776 5
8777 5
8778 5
8779 5
8780 5
8781 5
8782 5
8783 5
8784 5
8785 5
8786 5
8787 5
8788 5
8789 5
8790 5
8791 5
8792 5
8793 5
8794 5
8795 5
8796 5
8797 5
8798 5
8799 5
8800 5
8801 5
8802 5
8803 5
8804 5
8805 5
8806 5
8807 5
8808 5
8809 5
8810 5
8811 5
8812 5
8813 5
8814 5
8815 5
8816 5
8817 5
8818 5
8819 5
8820 5
8821 5
8822 5
8823 5
8824 5
8825 5
8826 5
8827 5
8828 5
8829 5
8830 5
8831 5
8832 5
8833 5
8834 5
8835 5
8836 5
8837 5
8838 5
8839 5
8840 5
8841 5
8842 5
8843 5
8844 5
8845 5
8846 5
8847 5
8848 5
8849 5
8850 5
8851 5
8852 5
8853 5
8854 5
8855 5
8856 5
8857 5
8858 5
8859 5
8860 5
8861 5
8862 5
8863 5
8864 5
8865 5
8866 5
8867 5
8868 5
8869 5
8870 5
8871 5
8872 5
8873 5
8874 5
8875 5
8876 5
8877 5
8878 5
8879 5
8880 5
8881 5
8882 5
8883 5
8884 5
8885 5
8886 5
8887 5
8888 5
8889 5
8890 5
8891 5
8892 5
8893 5
8894 5
8895 5
8896 5
8897 5
8898 5
8899 5
8900 5
8901 5
8902 5
8903 5
8904 5
8905 5
8906 5
8907 5
8908 5
8909 5
8910 5
8911 5
8912 5
8913 5
8914 5
8915 5
8916 5
8917 5
8918 5
8919 5
8920 5
8921 5
8922 5
8923 5
8924 5
8925 5
8926 5
8927 5
8928 5
8929 5
8930 5
8931 5
8932 5
8933 5
8934 5
8935 5
8936 5
8937 5
8938 5
8939 5
8940 5
8941 5
8942 5
8943 5
8944 5
8945 5
8946 5
8947 5
8948 5
8949 5
8950 5
8951 5
8952 5
8953 5
8954 5
8955 5
8956 5
8957 5
8958 5
8959 5
8960 5
8961 5
8962 5
8963 5
8964 5
8965 5
8966 5
8967 5
8968 5
8969 5
8970 5
8971 5
8972 5
8973 5
8974 5
8975 5
8976 5
8977 5
8978 5
8979 5
8980 5
8981 5
8982 5
8983 5
8984 5
8985 5
8986 5
8987 5
8988 5
8989 5
8990 5
8991 5
8992 5
8993 5
8994 5
8995 5
8996 5
8997 5
8998 5
8999 5
9000 5
9001 5
9002 5
9003 5
9004 5
9005 5
9006 5
9007 5
9008 5
9009 5
9010 5
9011 5
9012 5
9013 5
9014 5
9015 5
9016 5
9017 5
9018 5
9019 5
9020 5
9021 5
9022 5
9023 5
9024 5
9025 5
9026 5
9027 5
9028 5
9029 5
9030 5
9031 5
9032 5
9033 5
9034 5
9035 5
9036 5
9037 5
9038 5
9039 5
9040 5
9041 5
9042 5
9043 5
9044 5
9045 5
9046 5
9047 5
9048 5
9049 5
9050 5
9051 5
9052 5
9053 5
9054 5
9055 5
9056 5
9057 5
9058 5
9059 5
9060 5
9061 5
9062 5
9063 5
9064 5
9065 5
9066 5
9067 5
9068 5
9069 5
9070 5
9071 5
9072 5
9073 5
9074 5
9075 5
9076 5
9077 5
9078 5
9079 5
9080 5
9081 5
9082 5
9083 5
9084 5
9085 5
9086 5
9087 5
9088 5
9089 5
9090 5
9091 5
9092 5
9093 5
9094 5
9095 5
9096 5
9097 5
9098 5
9099 5
9100 5
9101 5
9102 5
9103 5
9104 5
9105 5
9106 5
9107 5
9108 5
9109 5
9110 5
9111 5
9112 5
9113 5
9114 5
9115 5
9116 5
9117 5
9118 5
9119 5
9120 5
9121 5
9122 5
9123 5
9124 5
9125 5
9126 5
9127 5
9128 5
9129 5
9130 5
9131 5
9132 5
9133 5
9134 5
9135 5
9136 5
9137 5
9138 5
9139 5
9140 5
9141 5
9142 5
9143 5
9144 5
9145 5
9146 5
9147 5
9148 5
9149 5
9150 5
9151 5
9152 5
9153 5
9154 5
9155 5
9156 5
9157 5
9158 5
9159 5
9160 5
9161 5
9162 5
9163 5
9164 5
9165 5
9166 5
9167 5
9168 5
9169 5
9170 5
9171 5
9172 5
9173 5
9174 5
9175 5
9176 5
9177 5
9178 5
9179 5
9180 5
9181 5
9182 5
9183 5
9184 5
9185 5
9186 5
9187 5
9188 5
9189 5
9190 5
9191 5
9192 5
9193 5
9194 5
9195 5
9196 5
9197 5
9198 5
9199 5
9200 5
9201 5
9202 5
9203 5
9204 5
9205 5
9206 5
9207 5
9208 5
9209 5
9210 5
9211 5
9212 5
9213 5
9214 5
9215 5
9216 5
9217 5
9218 5
9219 5
9220 5
9221 5
9222 5
9223 5
9224 5
9225 5
9226 5
9227 5
9228 5
9229 5
9230 5
9231 5
9232 5
9233 5
9234 5
9235 5
9236 5
9237 5
9238 5
9239 5
9240 5
9241 5
9242 5
9243 5
9244 5
9245 5
9246 5
9247 5
9248 5
9249 5
9250 5
9251 5
9252 5
9253 5
9254 5
9255 5
9256 5
9257 5
9258 5
9259 5
9260 5
9261 5
9262 5
9263 5
9264 5
9265 5
9266 5
9267 5
9268 5
9269 5
9270 5
9271 5
9272 5
9273 5
9274 5
9275 5
9276 5
9277 5
9278 5
9279 5
9280 5
9281 5
9282 5
9283 5
9284 5
9285 5
9286 5
9287 5
9288 5
9289 5
9290 5
9291 5
9292 5
9293 5
9294 5
9295 5
9296 5
9297 5
9298 5
9299 5
9300 5
9301 5
9302 5
9303 5
9304 5
9305 5
9306 5
9307 5
9308 5
9309 5
9310 5
9311 5
9312 5
9313 5
9314 5
9315 5
9316 5
9317 5
9318 5
9319 5
9320 5
9321 5
9322 5
9323 5
9324 5
9325 5
9326 5
9327 5
9328 5
9329 5
9330 5
9331 5
9332 5
9333 5
9334 5
9335 5
9336 5
9337 5
9338 5
9339 5
9340 5
9341 5
9342 5
9343 5
9344 5
9345 5
9346 5
9347 5
9348 5
9349 5
9350 5
9351 5
9352 5
9353 5
9354 5
9355 5
9356 5
9357 5
9358 5
9359 5
9360 5
9361 5
9362 5
9363 5
9364 5
9365 5
9366 5
9367 5
9368 5
9369 5
9370 5
9371 5
9372 5
9373 5
9374 5
9375 5
9376 5
9377 5
9378 5
9379 5
9380 5
9381 5
9382 5
9383 5
9384 5
9385 5
9386 5
9387 5
9388 5
9389 5
9390 5
9391 5
9392 5
9393 5
9394 5
9395 5
9396 5
9397 5
9398 5
9399 5
9400 5
9401 5
9402 5
9403 5
9404 5
9405 5
9406 5
9407 5
9408 5
9409 5
9410 5
9411 5
9412 5
9413 5
9414 5
9415 5
9416 5
9417 5
9418 5
9419 5
9420 5
9421 5
9422 5
9423 5
9424 5
9425 5
9426 5
9427 5
9428 5
9429 5
9430 5
9431 5
9432 5
9433 5
9434 5
9435 5
9436 5
9437 5
9438 5
9439 5
9440 5
9441 5
9442 5
9443 5
9444 5
9445 5
9446 5
9447 5
9448 5
9449 5
9450 5
9451 5
9452 5
9453 5
9454 5
9455 5
9456 5
9457 5
9458 5
9459 5
9460 5
9461 5
9462 5
9463 5
9464 5
9465 5
9466 5
9467 5
9468 5
9469 5
9470 5
9471 5
9472 5
9473 5
9474 5
9475 5
9476 5
9477 5
9478 5
9479 5
9480 5
9481 5
9482 5
9483 5
9484 5
9485 5
9486 5
9487 5
9488 5
9489 5
9490 5
9491 5
9492 5
9493 5
9494 5
9495 5
9496 5
9497 5
9498 5
9499 5
9500 5
9501 5
9502 5
9503 5
9504 5
9505 5
9506 5
9507 5
9508 5
9509 5
9510 5
9511 5
9512 5
9513 5
9514 5
9515 5
9516 5
9517 5
9518 5
9519 5
9520 5
9521 5
9522 5
9523 5
9524 5
9525 5
9526 5
9527 5
9528 5
9529 5
9530 5
9531 5
9532 5
9533 5
9534 5
9535 5
9536 5
9537 5
9538 5
9539 5
9540 5
9541 5
9542 5
9543 5
9544 5
9545 5
9546 5
9547 5
9548 5
9549 5
9550 5
9551 5
9552 5
9553 5
9554 5
9555 5
9556 5
9557 5
9558 5
9559 5
9560 5
9561 5
9562 5
9563 5
9564 5
9565 5
9566 5
9567 5
9568 5
9569 5
9570 5
9571 5
9572 5
9573 5
9574 5
9575 5
9576 5
9577 5
9578 5
9579 5
9580 5
9581 5
9582 5
9583 5
9584 5
9585 5
9586 5
9587 5
9588 5
9589 5
9590 5
9591 5
9592 5
9593 5
9594 5
9595 5
9596 5
9597 5
9598 5
9599 5
9600 5
9601 5
9602 5
9603 5
9604 5
9605 5
9606 5
9607 5
9608 5
9609 5
9610 5
9611 5
9612 5
9613 5
9614 5
9615 5
9616 5
9617 5
9618 5
9619 5
9620 5
9621 5
9622 5
9623 5
9624 5
9625 5
9626 5
9627 5
9628 5
9629 5
9630 5
9631 5
9632 5
9633 5
9634 5
9635 5
9636 5
9637 5
9638 5
9639 5
9640 5
9641 5
9642 5
9643 5
9644 5
9645 5
9646 5
9647 5
9648 5
9649 5
9650 5
9651 5
9652 5
9653 5
9654 5
9655 5
9656 5
9657 5
9658 5
9659 5
9660 5
9661 5
9662 5
9663 5
9664 5
9665 5
9666 5
9667 5
9668 5
9669 5
9670 5
9671 5
9672 5
9673 5
9674 5
9675 5
9676 5
9677 5
9678 5
9679 5
9680 5
9681 5
9682 5
9683 5
9684 5
9685 5
9686 5
9687 5
9688 5
9689 5
9690 5
9691 5
9692 5
9693 5
9694 5
9695 5
9696 5
9697 5
9698 5
9699 5
9700 5
9701 5
9702 5
9703 5
9704 5
9705 5
9706 5
9707 5
9708 5
9709 5
9710 5
9711 5
9712 5
9713 5
9714 5
9715 5
9716 5
9717 5
9718 5
9719 5
9720 5
9721 5
9722 5
9723 5
9724 5
9725 5
9726 5
9727 5
9728 5
9729 5
9730 5
9731 5
9732 5
9733 5
9734 5
9735 5
9736 5
9737 5
9738 5
9739 5
9740 5
9741 5
9742 5
9743 5
9744 5
9745 5
9746 5
9747 5
9748 5
9749 5
9750 5
9751 5
9752 5
9753 5
9754 5
9755 5
9756 5
9757 5
9758 5
9759 5
9760 5
9761 5
9762 5
9763 5
9764 5
9765 5
9766 5
9767 5
9768 5
9769 5
9770 5
9771 5
9772 5
9773 5
9774 5
9775 5
9776 5
9777 5
9778 5
9779 5
9780 5
9781 5
9782 5
9783 5
9784 5
9785 5
9786 5
9787 5
9788 5
9789 5
9790 5
9791 5
9792 5
9793 5
9794 5
9795 5
9796 5
9797 5
9798 5
9799 5
9800 5
9801 5
9802 5
9803 5
9804 5
9805 5
9806 5
9807 5
9808 5
9809 5
9810 5
9811 5
9812 5
9813 5
9814 5
9815 5
9816 5
9817 5
9818 5
9819 5
9820 5
9821 5
9822 5
9823 5
9824 5
9825 5
9826 5
9827 5
9828 5
9829 5
9830 5
9831 5
9832 5
9833 5
9834 5
9835 5
9836 5
9837 5
9838 5
9839 5
9840 5
9841 5
9842 5
9843 5
9844 5
9845 5
9846 5
9847 5
9848 5
9849 5
9850 5
9851 5
9852 5
9853 5
9854 5
9855 5
9856 5
9857 5
9858 5
9859 5
9860 5
9861 5
9862 5
9863 5
9864 5
9865 5
9866 5
9867 5
9868 5
9869 5
9870 5
9871 5
9872 5
9873 5
9874 5
9875 5
9876 5
9877 5
9878 5
9879 5
9880 5
9881 5
9882 5
9883 5
9884 5
9885 5
9886 5
9887 5
9888 5
9889 5
9890 5
9891 5
9892 5
9893 5
9894 5
9895 5
9896 5
9897 5
9898 5
9899 5
9900 5
9901 5
9902 5
9903 5
9904 5
9905 5
9906 5
9907 5
9908 5
9909 5
9910 5
9911 5
9912 5
9913 5
9914 5
9915 5
9916 5
9917 5
9918 5
9919 5
9920 5
9921 5
9922 5
9923 5
9924 5
9925 5
9926 5
9927 5
9928 5
9929 5
9930 5
9931 5
9932 5
9933 5
9934 5
9935 5
9936 5
9937 5
9938 5
9939 5
9940 5
9941 5
9942 5
9943 5
9944 5
9945 5
9946 5
9947 5
9948 5
9949 5
9950 5
9951 5
9952 5
9953 5
9954 5
9955 5
9956 5
9957 5
9958 5
9959 5
9960 5
9961 5
9962 5
9963 5
9964 5
9965 5
9966 5
9967 5
9968 5
9969 5
9970 5
9971 5
9972 5
9973 5
9974 5
9975 5
9976 5
9977 5
9978 5
9979 5
9980 5
9981 5
9982 5
9983 5
9984 5
9985 5
9986 5
9987 5
9988 5
9989 5
9990 5
9991 5
9992 5
9993 5
9994 5
9995 5
9996 5
9997 5
9998 5
9999 5
10000 5
