1 1
2 1
3 1
4 2
5 3
6 3
7 3
8 4
9 4
10 5
11 5
12 5
13 5
14 5
15 5
16 5
17 5
18 5
19 5
20 5
21 5
22 5
23 5
24 5
25 5
26 5
27 5
28 6
29 6
30 6
31 6
32 6
33 6
34 7
35 7
36 7
37 7
38 7
39 8
40 8
41 8
42 8
43 8
44 8
45 8
46 8
47 8
48 8
49 8
50 8
51 9
52 9
53 9
54 9
55 9
56 9
57 9
58 9
59 9
60 9
61 9
62 9
63 9
64 9
65 9
66 9
67 9
68 9
69 9
70 9
71 9
72 9
73 9
74 9
75 9
76 9
77 9
78 10
79 10
80 10
81 10
82 10
83 10
84 10
85 10
86 10
87 10
88 10
89 10
90 10
91 11
92 11
93 11
94 11
95 11
96 11
97 11
98 11
99 11
100 11
101 11
102 11
103 11
104 11
105 11
106 11
107 12
108 12
109 12
110 12
111 12
112 12
113 12
114 12
115 12
116 12
117 12
118 12
119 12
120 12
121 12
122 12
123 12
124 12
125 12
126 12
127 12
128 12
129 12
130 12
131 12
132 12
133 12
134 12
135 12
136 12
137 12
138 12
139 12
140 12
141 12
142 12
143 12
144 12
145 12
146 12
147 12
148 12
149 12
150 12
151 12
152 12
153 12
154 12
155 12
156 12
157 12
158 12
159 12
160 12
161 12
162 12
163 12
164 12
165 12
166 12
167 12
168 12
169 12
170 12
171 12
172 12
173 13
174 13
175 13
176 13
177 13
178 13
179 13
180 13
181 13
182 13
183 13
184 13
185 13
186 13
187 13
188 13
189 13
190 13
191 13
192 13
193 13
194 13
195 13
196 13
197 13
198 13
199 13
200 13
201 13
202 13
203 13
204 13
205 13
206 13
207 13
208 13
209 13
210 13
211 13
212 13
213 13
214 13
215 13
216 13
217 13
218 13
219 13
220 13
221 13
222 13
223 13
224 13
225 13
226 13
227 13
228 13
229 13
230 13
231 13
232 13
233 13
234 13
235 13
236 13
237 13
238 13
239 13
240 13
241 13
242 13
243 13
244 13
245 13
246 13
247 13
248 13
249 13
250 13
251 13
252 13
253 13
254 13
255 13
256 13
257 13
258 13
259 13
260 13
261 13
262 13
263 13
264 13
265 13
266 13
267 13
268 13
269 13
270 13
271 13
272 13
273 13
274 13
275 13
276 13
277 13
278 13
279 13
280 13
281 13
282 13
283 13
284 13
285 13
286 13
287 13
288 13
289 13
290 13
291 13
292 13
293 13
294 13
295 13
296 13
297 13
298 13
299 13
300 13
301 13
302 13
303 13
304 13
305 13
306 13
307 13
308 13
309 13
310 13
311 13
312 13
313 13
314 13
315 13
316 13
317 13
318 13
319 13
320 13
321 13
322 13
323 13
324 13
325 13
326 13
327 13
328 13
329 13
330 13
331 13
332 13
333 13
334 13
335 13
336 13
337 13
338 13
339 13
340 13
341 13
342 13
343 13
344 13
345 13
346 13
347 13
348 13
349 13
350 13
351 13
352 13
353 13
354 13
355 13
356 13
357 13
358 13
359 13
360 13
361 13
362 13
363 13
364 13
365 13
366 13
367 13
368 13
369 13
370 13
371 13
372 13
373 13
374 13
375 13
376 13
377 13
378 13
379 13
380 13
381 13
382 13
383 13
384 13
385 13
386 13
387 13
388 13
389 13
390 13
391 13
392 13
393 13
394 13
395 13
396 13
397 13
398 13
399 13
400 13
401 13
402 13
403 13
404 13
405 13
406 13
407 13
408 13
409 13
410 13
411 13
412 13
413 13
414 13
415 13
416 13
417 14
418 14
419 14
420 14
421 14
422 14
423 14
424 14
425 14
426 14
427 14
428 14
429 14
430 14
431 14
432 14
433 14
434 14
435 14
436 14
437 14
438 14
439 14
440 14
441 14
442 14
443 14
444 14
445 14
446 14
447 14
448 14
449 15
450 15
451 15
452 15
453 15
454 15
455 15
456 15
457 15
458 15
459 15
460 15
461 15
462 15
463 15
464 15
465 15
466 15
467 15
468 15
469 15
470 15
471 15
472 15
473 15
474 15
475 15
476 15
477 15
478 15
479 15
480 15
481 15
482 15
483 15
484 15
485 15
486 15
487 15
488 15
489 15
490 15
491 15
492 15
493 15
494 15
495 15
496 15
497 15
498 15
499 15
500 16
501 16
502 16
503 16
504 16
505 16
506 16
507 16
508 16
509 16
510 16
511 16
512 16
513 16
514 16
515 16
516 16
517 16
518 16
519 16
520 16
521 16
522 16
523 16
524 16
525 16
526 16
527 16
528 16
529 16
530 16
531 16
532 16
533 16
534 16
535 16
536 16
537 16
538 16
539 16
540 16
541 16
542 16
543 16
544 16
545 16
546 16
547 16
548 16
549 16
550 16
551 16
552 16
553 16
554 16
555 16
556 16
557 16
558 16
559 16
560 16
561 16
562 16
563 16
564 16
565 16
566 16
567 16
568 16
569 16
570 16
571 16
572 16
573 16
574 16
575 16
576 16
577 16
578 16
579 16
580 16
581 16
582 16
583 16
584 16
585 16
586 16
587 16
588 16
589 16
590 16
591 16
592 16
593 16
594 16
595 16
596 16
597 16
598 16
599 16
600 16
601 16
602 16
603 16
604 16
605 16
606 16
607 16
608 16
609 16
610 16
611 16
612 16
613 16
614 16
615 16
616 16
617 16
618 16
619 16
620 16
621 16
622 16
623 16
624 16
625 16
626 16
627 16
628 16
629 16
630 16
631 17
632 17
633 17
634 17
635 17
636 17
637 17
638 17
639 17
640 17
641 17
642 17
643 17
644 17
645 17
646 17
647 17
648 17
649 17
650 17
651 17
652 17
653 17
654 17
655 17
656 17
657 17
658 17
659 17
660 17
661 17
662 17
663 17
664 17
665 17
666 17
667 17
668 17
669 17
670 17
671 17
672 17
673 17
674 17
675 17
676 17
677 17
678 17
679 17
680 17
681 17
682 17
683 17
684 17
685 17
686 17
687 17
688 17
689 17
690 17
691 17
692 17
693 17
694 17
695 17
696 17
697 17
698 17
699 17
700 17
701 17
702 17
703 17
704 17
705 17
706 17
707 17
708 17
709 17
710 17
711 17
712 17
713 17
714 17
715 17
716 17
717 17
718 17
719 17
720 17
721 17
722 17
723 17
724 17
725 17
726 17
727 17
728 17
729 17
730 17
731 17
732 17
733 17
734 17
735 17
736 17
737 17
738 17
739 17
740 17
741 17
742 17
743 17
744 17
745 17
746 17
747 17
748 17
749 17
750 17
751 17
752 17
753 17
754 17
755 17
756 17
757 17
758 17
759 17
760 17
761 17
762 17
763 17
764 17
765 17
766 17
767 17
768 17
769 17
770 17
771 17
772 17
773 17
774 17
775 17
776 17
777 17
778 17
779 17
780 17
781 17
782 17
783 17
784 17
785 17
786 17
787 17
788 17
789 17
790 17
791 17
792 17
793 17
794 17
795 17
796 17
797 17
798 17
799 17
800 17
801 17
802 17
803 17
804 17
805 17
806 17
807 17
808 17
809 17
810 17
811 17
812 17
813 17
814 17
815 17
816 17
817 17
818 17
819 17
820 17
821 17
822 17
823 17
824 17
825 17
826 17
827 17
828 17
829 17
830 17
831 17
832 17
833 17
834 17
835 17
836 17
837 17
838 17
839 17
840 17
841 17
842 17
843 17
844 17
845 17
846 17
847 17
848 17
849 17
850 17
851 17
852 17
853 17
854 17
855 17
856 17
857 17
858 17
859 17
860 17
861 17
862 17
863 17
864 17
865 17
866 17
867 17
868 17
869 17
870 17
871 17
872 17
873 17
874 17
875 17
876 17
877 17
878 17
879 17
880 17
881 17
882 17
883 17
884 17
885 17
886 17
887 17
888 17
889 17
890 17
891 17
892 17
893 17
894 17
895 17
896 17
897 17
898 17
899 17
900 17
901 17
902 17
903 17
904 17
905 17
906 17
907 17
908 17
909 17
910 17
911 17
912 17
913 17
914 17
915 17
916 17
917 17
918 17
919 17
920 17
921 17
922 17
923 17
924 17
925 17
926 17
927 17
928 17
929 17
930 17
931 17
932 17
933 17
934 17
935 18
936 18
937 18
938 18
939 18
940 18
941 18
942 18
943 18
944 18
945 18
946 18
947 18
948 18
949 18
950 18
951 18
952 18
953 18
954 18
955 18
956 19
957 19
958 19
959 19
960 19
961 19
962 19
963 19
964 19
965 19
966 19
967 19
968 19
969 19
970 19
971 19
972 19
973 19
974 19
975 19
976 19
977 19
978 19
979 19
980 19
981 19
982 19
983 19
984 19
985 19
986 19
987 19
988 19
989 19
990 19
991 19
992 19
993 19
994 19
995 19
996 19
997 19
998 19
999 19
1000 19
1001 19
1002 19
1003 19
1004 19
1005 19
1006 19
1007 19
1008 19
1009 19
1010 19
1011 19
1012 19
1013 19
1014 19
1015 19
1016 19
1017 19
1018 19
1019 19
1020 19
1021 19
1022 19
1023 19
1024 19
1025 19
1026 19
1027 19
1028 19
1029 19
1030 19
1031 19
1032 19
1033 19
1034 19
1035 19
1036 19
1037 19
1038 19
1039 19
1040 19
1041 19
1042 19
1043 19
1044 19
1045 19
1046 19
1047 19
1048 19
1049 19
1050 19
1051 19
1052 19
1053 19
1054 19
1055 19
1056 19
1057 19
1058 19
1059 19
1060 19
1061 19
1062 19
1063 19
1064 19
1065 19
1066 19
1067 19
1068 19
1069 19
1070 19
1071 19
1072 19
1073 19
1074 19
1075 19
1076 19
1077 19
1078 19
1079 19
1080 19
1081 19
1082 19
1083 19
1084 19
1085 19
1086 19
1087 19
1088 19
1089 19
1090 19
1091 19
1092 19
1093 19
1094 19
1095 19
1096 19
1097 19
1098 19
1099 19
1100 19
1101 19
1102 19
1103 19
1104 19
1105 19
1106 19
1107 19
1108 19
1109 19
1110 19
1111 19
1112 19
1113 19
1114 19
1115 19
1116 19
1117 19
1118 19
1119 19
1120 19
1121 19
1122 19
1123 19
1124 19
1125 19
1126 19
1127 19
1128 19
1129 19
1130 19
1131 19
1132 19
1133 19
1134 19
1135 19
1136 19
1137 19
1138 19
1139 19
1140 19
1141 19
1142 19
1143 19
1144 19
1145 19
1146 19
1147 19
1148 19
1149 19
1150 19
1151 19
1152 19
1153 19
1154 19
1155 19
1156 19
1157 19
1158 19
1159 19
1160 19
1161 19
1162 19
1163 20
1164 20
1165 20
1166 20
1167 20
1168 20
1169 20
1170 20
1171 20
1172 20
1173 20
1174 21
1175 21
1176 21
1177 21
1178 21
1179 21
1180 21
1181 21
1182 21
1183 21
1184 21
1185 21
1186 21
1187 21
1188 21
1189 21
1190 21
1191 21
1192 21
1193 21
1194 21
1195 21
1196 21
1197 21
1198 21
1199 21
1200 21
1201 21
1202 21
1203 21
1204 21
1205 21
1206 21
1207 21
1208 21
1209 21
1210 21
1211 21
1212 21
1213 21
1214 21
1215 21
1216 21
1217 21
1218 21
1219 21
1220 21
1221 21
1222 21
1223 21
1224 21
1225 21
1226 21
1227 21
1228 21
1229 21
1230 21
1231 21
1232 21
1233 21
1234 21
1235 21
1236 21
1237 22
1238 22
1239 22
1240 22
1241 22
1242 22
1243 22
1244 22
1245 22
1246 22
1247 22
1248 22
1249 22
1250 22
1251 22
1252 22
1253 22
1254 22
1255 22
1256 22
1257 22
1258 22
1259 22
1260 22
1261 23
1262 23
1263 23
1264 23
1265 23
1266 23
1267 23
1268 23
1269 23
1270 23
1271 23
1272 23
1273 23
1274 23
1275 23
1276 23
1277 23
1278 23
1279 23
1280 23
1281 23
1282 23
1283 23
1284 23
1285 23
1286 23
1287 23
1288 23
1289 23
1290 23
1291 23
1292 23
1293 23
1294 23
1295 23
1296 23
1297 23
1298 23
1299 23
1300 23
1301 23
1302 23
1303 23
1304 23
1305 23
1306 23
1307 23
1308 23
1309 23
1310 23
1311 23
1312 23
1313 23
1314 23
1315 23
1316 23
1317 23
1318 23
1319 23
1320 24
1321 24
1322 24
1323 24
1324 24
1325 24
1326 24
1327 24
1328 24
1329 24
1330 24
1331 24
1332 24
1333 24
1334 24
1335 24
1336 24
1337 24
1338 24
1339 24
1340 24
1341 24
1342 24
1343 24
1344 24
1345 24
1346 24
1347 24
1348 24
1349 24
1350 24
1351 24
1352 24
1353 24
1354 24
1355 24
1356 24
1357 24
1358 24
1359 24
1360 24
1361 24
1362 24
1363 24
1364 24
1365 24
1366 24
1367 24
1368 24
1369 24
1370 24
1371 24
1372 24
1373 24
1374 24
1375 24
1376 24
1377 24
1378 24
1379 24
1380 24
1381 24
1382 24
1383 24
1384 24
1385 24
1386 24
1387 24
1388 24
1389 24
1390 24
1391 24
1392 24
1393 24
1394 24
1395 24
1396 24
1397 24
1398 24
1399 24
1400 24
1401 24
1402 24
1403 24
1404 24
1405 24
1406 24
1407 24
1408 24
1409 24
1410 24
1411 24
1412 24
1413 24
1414 24
1415 24
1416 24
1417 24
1418 24
1419 24
1420 24
1421 24
1422 24
1423 24
1424 24
1425 24
1426 24
1427 24
1428 24
1429 24
1430 24
1431 24
1432 24
1433 24
1434 24
1435 24
1436 24
1437 24
1438 24
1439 24
1440 24
1441 24
1442 24
1443 24
1444 24
1445 24
1446 24
1447 24
1448 24
1449 24
1450 24
1451 24
1452 24
1453 24
1454 24
1455 24
1456 24
1457 24
1458 24
1459 24
1460 24
1461 24
1462 24
1463 24
1464 24
1465 24
1466 24
1467 24
1468 24
1469 24
1470 24
1471 24
1472 24
1473 24
1474 24
1475 24
1476 24
1477 24
1478 24
1479 24
1480 24
1481 24
1482 24
1483 24
1484 24
1485 24
1486 24
1487 24
1488 24
1489 24
1490 24
1491 24
1492 24
1493 24
1494 24
1495 24
1496 24
1497 24
1498 24
1499 24
1500 24
1501 24
1502 24
1503 24
1504 24
1505 24
1506 24
1507 24
1508 24
1509 24
1510 24
1511 24
1512 24
1513 24
1514 24
1515 24
1516 24
1517 24
1518 24
1519 24
1520 24
1521 24
1522 24
1523 24
1524 24
1525 24
1526 24
1527 24
1528 24
1529 24
1530 24
1531 24
1532 24
1533 24
1534 24
1535 24
1536 24
1537 24
1538 24
1539 24
1540 24
1541 24
1542 24
1543 24
1544 24
1545 24
1546 24
1547 24
1548 24
1549 24
1550 24
1551 24
1552 24
1553 24
1554 24
1555 24
1556 24
1557 24
1558 24
1559 24
1560 24
1561 24
1562 24
1563 24
1564 24
1565 24
1566 24
1567 24
1568 24
1569 24
1570 24
1571 24
1572 24
1573 24
1574 24
1575 24
1576 24
1577 24
1578 24
1579 24
1580 24
1581 24
1582 24
1583 24
1584 24
1585 24
1586 24
1587 24
1588 24
1589 24
1590 24
1591 24
1592 24
1593 24
1594 24
1595 24
1596 24
1597 24
1598 24
1599 24
1600 24
1601 24
1602 24
1603 24
1604 24
1605 24
1606 24
1607 24
1608 24
1609 24
1610 24
1611 24
1612 24
1613 24
1614 24
1615 24
1616 24
1617 24
1618 24
1619 24
1620 24
1621 24
1622 24
1623 24
1624 24
1625 24
1626 24
1627 24
1628 24
1629 24
1630 24
1631 24
1632 24
1633 24
1634 24
1635 24
1636 24
1637 24
1638 24
1639 24
1640 24
1641 24
1642 24
1643 24
1644 24
1645 24
1646 24
1647 24
1648 24
1649 24
1650 24
1651 24
1652 24
1653 24
1654 24
1655 24
1656 24
1657 24
1658 24
1659 24
1660 24
1661 24
1662 24
1663 24
1664 24
1665 24
1666 24
1667 24
1668 24
1669 24
1670 24
1671 24
1672 24
1673 24
1674 24
1675 24
1676 24
1677 24
1678 24
1679 24
1680 24
1681 24
1682 24
1683 24
1684 24
1685 24
1686 24
1687 24
1688 24
1689 25
1690 25
1691 25
1692 25
1693 25
1694 25
1695 25
1696 25
1697 25
1698 25
1699 25
1700 25
1701 25
1702 25
1703 25
1704 25
1705 25
1706 25
1707 25
1708 25
1709 25
1710 25
1711 25
1712 25
1713 25
1714 25
1715 25
1716 25
1717 25
1718 25
1719 25
1720 25
1721 25
1722 25
1723 25
1724 25
1725 25
1726 25
1727 25
1728 25
1729 25
1730 25
1731 25
1732 25
1733 25
1734 25
1735 25
1736 25
1737 25
1738 25
1739 25
1740 25
1741 25
1742 25
1743 25
1744 25
1745 25
1746 25
1747 25
1748 25
1749 25
1750 25
1751 25
1752 25
1753 25
1754 25
1755 25
1756 25
1757 25
1758 25
1759 25
1760 25
1761 25
1762 25
1763 25
1764 25
1765 25
1766 25
1767 25
1768 25
1769 25
1770 25
1771 25
1772 25
1773 25
1774 25
1775 25
1776 25
1777 25
1778 25
1779 25
1780 25
1781 25
1782 25
1783 25
1784 25
1785 25
1786 25
1787 25
1788 25
1789 25
1790 25
1791 25
1792 25
1793 25
1794 25
1795 25
1796 25
1797 25
1798 25
1799 25
1800 25
1801 25
1802 25
1803 25
1804 25
1805 25
1806 25
1807 25
1808 25
1809 25
1810 25
1811 25
1812 25
1813 25
1814 25
1815 25
1816 25
1817 25
1818 25
1819 25
1820 25
1821 25
1822 25
1823 25
1824 25
1825 25
1826 25
1827 25
1828 25
1829 25
1830 25
1831 25
1832 25
1833 25
1834 25
1835 25
1836 25
1837 25
1838 25
1839 25
1840 25
1841 25
1842 25
1843 25
1844 25
1845 25
1846 25
1847 25
1848 25
1849 25
1850 25
1851 25
1852 26
1853 26
1854 26
1855 26
1856 26
1857 26
1858 26
1859 26
1860 26
1861 26
1862 26
1863 26
1864 26
1865 26
1866 26
1867 26
1868 26
1869 26
1870 26
1871 26
1872 26
1873 26
1874 26
1875 26
1876 26
1877 26
1878 26
1879 26
1880 26
1881 26
1882 26
1883 26
1884 26
1885 26
1886 26
1887 26
1888 26
1889 26
1890 26
1891 26
1892 26
1893 26
1894 26
1895 26
1896 26
1897 26
1898 26
1899 26
1900 26
1901 26
1902 26
1903 26
1904 26
1905 26
1906 26
1907 26
1908 26
1909 26
1910 26
1911 26
1912 26
1913 26
1914 26
1915 26
1916 26
1917 26
1918 26
1919 26
1920 26
1921 26
1922 26
1923 26
1924 26
1925 26
1926 26
1927 26
1928 26
1929 26
1930 26
1931 26
1932 26
1933 26
1934 26
1935 26
1936 26
1937 26
1938 26
1939 26
1940 26
1941 26
1942 26
1943 26
1944 26
1945 26
1946 26
1947 26
1948 26
1949 26
1950 26
1951 26
1952 26
1953 26
1954 26
1955 26
1956 26
1957 26
1958 26
1959 26
1960 26
1961 26
1962 26
1963 26
1964 26
1965 26
1966 26
1967 26
1968 26
1969 26
1970 26
1971 26
1972 26
1973 26
1974 26
1975 26
1976 26
1977 26
1978 26
1979 26
1980 26
1981 26
1982 26
1983 26
1984 26
1985 26
1986 26
1987 26
1988 26
1989 26
1990 26
1991 26
1992 26
1993 26
1994 26
1995 26
1996 26
1997 26
1998 26
1999 26
2000 26
2001 26
2002 26
2003 26
2004 26
2005 26
2006 26
2007 26
2008 26
2009 26
2010 26
2011 26
2012 26
2013 26
2014 26
2015 26
2016 26
2017 26
2018 26
2019 26
2020 26
2021 26
2022 26
2023 26
2024 26
2025 26
2026 26
2027 26
2028 26
2029 26
2030 26
2031 26
2032 26
2033 26
2034 26
2035 26
2036 26
2037 26
2038 26
2039 26
2040 26
2041 26
2042 26
2043 26
2044 26
2045 26
2046 26
2047 26
2048 26
2049 26
2050 26
2051 26
2052 26
2053 26
2054 26
2055 26
2056 26
2057 26
2058 26
2059 26
2060 26
2061 26
2062 26
2063 26
2064 26
2065 26
2066 26
2067 26
2068 26
2069 26
2070 26
2071 26
2072 26
2073 26
2074 26
2075 26
2076 26
2077 26
2078 26
2079 26
2080 26
2081 26
2082 26
2083 26
2084 26
2085 26
2086 26
2087 26
2088 26
2089 26
2090 26
2091 26
2092 26
2093 26
2094 26
2095 26
2096 26
2097 26
2098 26
2099 26
2100 26
2101 26
2102 26
2103 26
2104 26
2105 26
2106 26
2107 26
2108 26
2109 26
2110 26
2111 26
2112 26
2113 26
2114 26
2115 26
2116 26
2117 26
2118 26
2119 26
2120 26
2121 26
2122 26
2123 26
2124 26
2125 26
2126 26
2127 26
2128 26
2129 26
2130 26
2131 26
2132 26
2133 26
2134 26
2135 26
2136 26
2137 26
2138 26
2139 26
2140 26
2141 26
2142 26
2143 26
2144 26
2145 26
2146 26
2147 26
2148 26
2149 26
2150 26
2151 26
2152 26
2153 26
2154 26
2155 26
2156 26
2157 26
2158 26
2159 26
2160 26
2161 26
2162 26
2163 26
2164 26
2165 26
2166 26
2167 26
2168 27
2169 27
2170 27
2171 27
2172 27
2173 27
2174 27
2175 27
2176 27
2177 27
2178 27
2179 27
2180 27
2181 27
2182 27
2183 27
2184 27
2185 27
2186 27
2187 27
2188 27
2189 27
2190 27
2191 27
2192 27
2193 27
2194 27
2195 27
2196 27
2197 28
2198 28
2199 28
2200 28
2201 28
2202 28
2203 28
2204 28
2205 28
2206 28
2207 28
2208 28
2209 28
2210 28
2211 28
2212 28
2213 28
2214 28
2215 28
2216 28
2217 28
2218 28
2219 28
2220 28
2221 28
2222 28
2223 28
2224 28
2225 28
2226 28
2227 28
2228 28
2229 28
2230 28
2231 28
2232 28
2233 28
2234 28
2235 28
2236 28
2237 28
2238 28
2239 28
2240 28
2241 28
2242 28
2243 28
2244 28
2245 28
2246 28
2247 28
2248 28
2249 28
2250 28
2251 28
2252 28
2253 28
2254 28
2255 28
2256 28
2257 28
2258 28
2259 28
2260 28
2261 28
2262 28
2263 28
2264 28
2265 28
2266 28
2267 28
2268 28
2269 28
2270 28
2271 28
2272 28
2273 28
2274 28
2275 28
2276 28
2277 28
2278 28
2279 28
2280 28
2281 28
2282 28
2283 28
2284 28
2285 28
2286 28
2287 28
2288 28
2289 28
2290 28
2291 28
2292 28
2293 28
2294 28
2295 28
2296 28
2297 28
2298 28
2299 28
2300 28
2301 28
2302 28
2303 28
2304 28
2305 28
2306 28
2307 28
2308 28
2309 28
2310 28
2311 28
2312 28
2313 28
2314 28
2315 28
2316 28
2317 28
2318 28
2319 28
2320 28
2321 28
2322 28
2323 28
2324 28
2325 28
2326 28
2327 28
2328 28
2329 28
2330 28
2331 28
2332 28
2333 28
2334 28
2335 28
2336 28
2337 28
2338 28
2339 28
2340 28
2341 28
2342 28
2343 28
2344 28
2345 28
2346 28
2347 28
2348 28
2349 28
2350 28
2351 28
2352 28
2353 28
2354 28
2355 28
2356 28
2357 28
2358 28
2359 28
2360 28
2361 28
2362 28
2363 28
2364 28
2365 28
2366 28
2367 28
2368 28
2369 28
2370 28
2371 28
2372 28
2373 28
2374 28
2375 28
2376 28
2377 28
2378 28
2379 28
2380 28
2381 28
2382 28
2383 28
2384 28
2385 28
2386 28
2387 28
2388 28
2389 28
2390 28
2391 28
2392 28
2393 28
2394 28
2395 28
2396 28
2397 28
2398 28
2399 28
2400 28
2401 28
2402 28
2403 28
2404 28
2405 28
2406 28
2407 28
2408 28
2409 28
2410 28
2411 28
2412 28
2413 28
2414 28
2415 28
2416 28
2417 28
2418 28
2419 28
2420 28
2421 28
2422 28
2423 28
2424 28
2425 28
2426 28
2427 28
2428 28
2429 28
2430 28
2431 28
2432 28
2433 28
2434 28
2435 28
2436 28
2437 28
2438 28
2439 28
2440 28
2441 28
2442 28
2443 28
2444 28
2445 28
2446 28
2447 28
2448 28
2449 28
2450 28
2451 28
2452 28
2453 28
2454 28
2455 28
2456 28
2457 28
2458 28
2459 28
2460 28
2461 28
2462 28
2463 28
2464 28
2465 28
2466 28
2467 28
2468 28
2469 28
2470 28
2471 28
2472 28
2473 28
2474 28
2475 28
2476 28
2477 28
2478 28
2479 28
2480 28
2481 28
2482 28
2483 28
2484 28
2485 28
2486 28
2487 28
2488 28
2489 28
2490 28
2491 28
2492 28
2493 28
2494 28
2495 28
2496 28
2497 28
2498 28
2499 28
2500 28
2501 28
2502 28
2503 28
2504 28
2505 28
2506 28
2507 28
2508 28
2509 28
2510 28
2511 28
2512 28
2513 28
2514 28
2515 28
2516 28
2517 28
2518 28
2519 28
2520 28
2521 28
2522 28
2523 28
2524 28
2525 28
2526 28
2527 28
2528 28
2529 28
2530 28
2531 28
2532 28
2533 28
2534 28
2535 28
2536 28
2537 28
2538 28
2539 28
2540 28
2541 28
2542 28
2543 28
2544 28
2545 28
2546 28
2547 28
2548 28
2549 28
2550 28
2551 28
2552 28
2553 28
2554 28
2555 28
2556 28
2557 28
2558 28
2559 28
2560 28
2561 28
2562 28
2563 28
2564 28
2565 28
2566 28
2567 28
2568 28
2569 28
2570 28
2571 28
2572 28
2573 28
2574 28
2575 28
2576 28
2577 28
2578 28
2579 29
2580 29
2581 29
2582 29
2583 29
2584 29
2585 29
2586 29
2587 29
2588 29
2589 29
2590 29
2591 29
2592 29
2593 29
2594 29
2595 29
2596 29
2597 29
2598 29
2599 29
2600 29
2601 29
2602 29
2603 29
2604 29
2605 29
2606 29
2607 29
2608 29
2609 29
2610 29
2611 29
2612 29
2613 29
2614 29
2615 29
2616 29
2617 29
2618 29
2619 29
2620 29
2621 29
2622 29
2623 29
2624 29
2625 29
2626 29
2627 29
2628 29
2629 29
2630 29
2631 29
2632 29
2633 29
2634 29
2635 29
2636 29
2637 29
2638 29
2639 29
2640 29
2641 29
2642 29
2643 29
2644 29
2645 29
2646 29
2647 29
2648 29
2649 29
2650 29
2651 29
2652 29
2653 29
2654 30
2655 30
2656 30
2657 30
2658 30
2659 30
2660 30
2661 30
2662 30
2663 30
2664 30
2665 30
2666 30
2667 30
2668 30
2669 30
2670 30
2671 30
2672 30
2673 30
2674 30
2675 30
2676 30
2677 30
2678 30
2679 30
2680 30
2681 30
2682 30
2683 30
2684 30
2685 30
2686 30
2687 30
2688 30
2689 30
2690 30
2691 30
2692 30
2693 30
2694 30
2695 30
2696 30
2697 30
2698 30
2699 30
2700 30
2701 30
2702 30
2703 30
2704 30
2705 30
2706 30
2707 30
2708 30
2709 30
2710 30
2711 30
2712 30
2713 30
2714 30
2715 30
2716 31
2717 31
2718 31
2719 31
2720 31
2721 31
2722 31
2723 31
2724 31
2725 31
2726 31
2727 31
2728 31
2729 31
2730 31
2731 31
2732 31
2733 31
2734 31
2735 31
2736 31
2737 31
2738 31
2739 31
2740 31
2741 31
2742 31
2743 31
2744 31
2745 31
2746 31
2747 31
2748 31
2749 31
2750 31
2751 31
2752 31
2753 31
2754 31
2755 31
2756 31
2757 31
2758 31
2759 31
2760 31
2761 31
2762 31
2763 31
2764 31
2765 31
2766 31
2767 31
2768 31
2769 31
2770 31
2771 31
2772 31
2773 31
2774 31
2775 31
2776 31
2777 31
2778 31
2779 31
2780 31
2781 31
2782 31
2783 31
2784 31
2785 31
2786 31
2787 31
2788 31
2789 31
2790 31
2791 31
2792 31
2793 31
2794 31
2795 31
2796 31
2797 31
2798 31
2799 31
2800 31
2801 31
2802 31
2803 31
2804 31
2805 31
2806 31
2807 31
2808 31
2809 31
2810 31
2811 31
2812 31
2813 31
2814 31
2815 31
2816 31
2817 31
2818 31
2819 31
2820 31
2821 31
2822 31
2823 31
2824 31
2825 31
2826 31
2827 31
2828 31
2829 31
2830 31
2831 31
2832 31
2833 31
2834 31
2835 31
2836 31
2837 31
2838 31
2839 31
2840 31
2841 31
2842 31
2843 31
2844 31
2845 31
2846 31
2847 31
2848 31
2849 31
2850 31
2851 31
2852 31
2853 31
2854 31
2855 31
2856 31
2857 31
2858 31
2859 31
2860 31
2861 31
2862 31
2863 31
2864 31
2865 31
2866 31
2867 31
2868 31
2869 31
2870 31
2871 31
2872 31
2873 31
2874 31
2875 31
2876 31
2877 31
2878 31
2879 31
2880 31
2881 31
2882 31
2883 31
2884 31
2885 31
2886 31
2887 31
2888 31
2889 31
2890 31
2891 31
2892 31
2893 31
2894 31
2895 31
2896 31
2897 31
2898 31
2899 31
2900 31
2901 31
2902 31
2903 31
2904 31
2905 31
2906 31
2907 31
2908 31
2909 31
2910 31
2911 31
2912 31
2913 31
2914 31
2915 31
2916 31
2917 31
2918 31
2919 31
2920 31
2921 31
2922 31
2923 31
2924 31
2925 31
2926 31
2927 31
2928 31
2929 31
2930 31
2931 31
2932 31
2933 31
2934 31
2935 31
2936 31
2937 31
2938 31
2939 31
2940 31
2941 31
2942 31
2943 31
2944 31
2945 31
2946 31
2947 31
2948 31
2949 31
2950 31
2951 31
2952 31
2953 31
2954 31
2955 31
2956 31
2957 31
2958 31
2959 31
2960 31
2961 31
2962 31
2963 31
2964 31
2965 31
2966 31
2967 31
2968 31
2969 31
2970 31
2971 31
2972 31
2973 31
2974 31
2975 31
2976 31
2977 31
2978 31
2979 31
2980 31
2981 31
2982 31
2983 31
2984 31
2985 31
2986 31
2987 31
2988 31
2989 31
2990 31
2991 31
2992 31
2993 31
2994 31
2995 31
2996 31
2997 31
2998 31
2999 31
3000 31
3001 31
3002 31
3003 31
3004 31
3005 31
3006 31
3007 31
3008 31
3009 31
3010 31
3011 31
3012 31
3013 31
3014 31
3015 31
3016 31
3017 31
3018 31
3019 32
3020 32
3021 32
3022 32
3023 32
3024 32
3025 32
3026 32
3027 32
3028 32
3029 32
3030 32
3031 32
3032 32
3033 32
3034 32
3035 32
3036 32
3037 32
3038 32
3039 32
3040 32
3041 32
3042 32
3043 32
3044 32
3045 32
3046 32
3047 32
3048 32
3049 32
3050 32
3051 32
3052 32
3053 32
3054 32
3055 32
3056 32
3057 32
3058 32
3059 32
3060 32
3061 32
3062 32
3063 32
3064 32
3065 32
3066 32
3067 32
3068 32
3069 32
3070 32
3071 32
3072 32
3073 32
3074 32
3075 32
3076 32
3077 32
3078 32
3079 32
3080 32
3081 32
3082 32
3083 32
3084 32
3085 32
3086 32
3087 32
3088 32
3089 32
3090 32
3091 32
3092 32
3093 32
3094 33
3095 33
3096 33
3097 33
3098 33
3099 33
3100 33
3101 33
3102 33
3103 33
3104 33
3105 33
3106 33
3107 33
3108 33
3109 33
3110 33
3111 33
3112 33
3113 33
3114 33
3115 33
3116 33
3117 33
3118 33
3119 33
3120 33
3121 33
3122 33
3123 33
3124 33
3125 33
3126 33
3127 33
3128 33
3129 33
3130 33
3131 33
3132 33
3133 33
3134 33
3135 33
3136 33
3137 33
3138 33
3139 33
3140 33
3141 33
3142 33
3143 33
3144 33
3145 33
3146 33
3147 33
3148 33
3149 33
3150 33
3151 33
3152 33
3153 33
3154 33
3155 33
3156 33
3157 33
3158 33
3159 33
3160 33
3161 33
3162 33
3163 33
3164 33
3165 33
3166 33
3167 33
3168 33
3169 33
3170 33
3171 33
3172 33
3173 33
3174 33
3175 33
3176 33
3177 33
3178 33
3179 33
3180 33
3181 33
3182 33
3183 33
3184 33
3185 33
3186 33
3187 33
3188 33
3189 33
3190 33
3191 33
3192 33
3193 33
3194 33
3195 33
3196 33
3197 33
3198 33
3199 33
3200 33
3201 33
3202 33
3203 33
3204 33
3205 33
3206 33
3207 33
3208 33
3209 33
3210 33
3211 33
3212 33
3213 33
3214 33
3215 33
3216 33
3217 33
3218 33
3219 33
3220 33
3221 33
3222 33
3223 33
3224 33
3225 33
3226 33
3227 33
3228 33
3229 33
3230 33
3231 33
3232 33
3233 33
3234 33
3235 33
3236 33
3237 33
3238 33
3239 33
3240 33
3241 33
3242 33
3243 33
3244 33
3245 33
3246 33
3247 33
3248 33
3249 33
3250 33
3251 33
3252 33
3253 33
3254 33
3255 33
3256 33
3257 33
3258 33
3259 33
3260 33
3261 33
3262 33
3263 33
3264 33
3265 33
3266 33
3267 33
3268 33
3269 33
3270 33
3271 33
3272 33
3273 33
3274 33
3275 33
3276 33
3277 33
3278 33
3279 33
3280 33
3281 33
3282 33
3283 33
3284 33
3285 33
3286 33
3287 33
3288 33
3289 33
3290 33
3291 33
3292 33
3293 33
3294 33
3295 33
3296 33
3297 33
3298 33
3299 33
3300 33
3301 33
3302 33
3303 33
3304 33
3305 33
3306 33
3307 33
3308 33
3309 33
3310 33
3311 33
3312 33
3313 33
3314 33
3315 33
3316 33
3317 33
3318 33
3319 33
3320 33
3321 33
3322 33
3323 33
3324 33
3325 33
3326 33
3327 33
3328 33
3329 33
3330 33
3331 33
3332 33
3333 33
3334 33
3335 33
3336 33
3337 33
3338 33
3339 33
3340 33
3341 33
3342 33
3343 33
3344 33
3345 33
3346 33
3347 33
3348 33
3349 33
3350 33
3351 33
3352 33
3353 33
3354 33
3355 33
3356 33
3357 33
3358 33
3359 33
3360 33
3361 33
3362 33
3363 33
3364 33
3365 33
3366 33
3367 33
3368 33
3369 33
3370 33
3371 33
3372 33
3373 33
3374 33
3375 33
3376 33
3377 33
3378 33
3379 33
3380 33
3381 33
3382 33
3383 33
3384 33
3385 33
3386 33
3387 33
3388 33
3389 33
3390 33
3391 33
3392 33
3393 33
3394 33
3395 33
3396 33
3397 33
3398 33
3399 33
3400 33
3401 33
3402 33
3403 33
3404 33
3405 33
3406 33
3407 33
3408 33
3409 33
3410 33
3411 33
3412 33
3413 33
3414 33
3415 33
3416 33
3417 33
3418 33
3419 33
3420 33
3421 33
3422 33
3423 33
3424 33
3425 33
3426 33
3427 33
3428 33
3429 33
3430 33
3431 33
3432 33
3433 33
3434 33
3435 33
3436 33
3437 33
3438 33
3439 33
3440 33
3441 33
3442 33
3443 33
3444 33
3445 33
3446 33
3447 33
3448 33
3449 33
3450 33
3451 33
3452 33
3453 33
3454 33
3455 33
3456 33
3457 33
3458 33
3459 33
3460 33
3461 33
3462 33
3463 33
3464 33
3465 33
3466 33
3467 33
3468 33
3469 33
3470 33
3471 33
3472 33
3473 33
3474 33
3475 33
3476 33
3477 33
3478 33
3479 33
3480 33
3481 33
3482 33
3483 33
3484 33
3485 33
3486 33
3487 33
3488 33
3489 33
3490 33
3491 33
3492 33
3493 33
3494 33
3495 33
3496 33
3497 33
3498 33
3499 33
3500 33
3501 33
3502 33
3503 33
3504 33
3505 33
3506 33
3507 33
3508 33
3509 33
3510 33
3511 33
3512 33
3513 33
3514 33
3515 33
3516 33
3517 33
3518 33
3519 33
3520 33
3521 33
3522 33
3523 33
3524 33
3525 33
3526 33
3527 33
3528 33
3529 33
3530 33
3531 33
3532 33
3533 33
3534 33
3535 33
3536 33
3537 33
3538 33
3539 33
3540 33
3541 33
3542 33
3543 33
3544 33
3545 33
3546 33
3547 33
3548 33
3549 33
3550 33
3551 33
3552 33
3553 33
3554 33
3555 33
3556 33
3557 33
3558 33
3559 33
3560 33
3561 33
3562 33
3563 33
3564 33
3565 33
3566 33
3567 33
3568 33
3569 33
3570 33
3571 33
3572 33
3573 33
3574 33
3575 33
3576 33
3577 33
3578 33
3579 33
3580 33
3581 33
3582 33
3583 33
3584 33
3585 33
3586 33
3587 33
3588 33
3589 33
3590 33
3591 33
3592 33
3593 33
3594 33
3595 33
3596 33
3597 33
3598 33
3599 33
3600 33
3601 33
3602 33
3603 33
3604 33
3605 33
3606 33
3607 33
3608 33
3609 33
3610 33
3611 33
3612 33
3613 33
3614 33
3615 33
3616 33
3617 33
3618 33
3619 33
3620 33
3621 33
3622 33
3623 33
3624 33
3625 33
3626 33
3627 33
3628 33
3629 33
3630 33
3631 33
3632 33
3633 33
3634 33
3635 33
3636 33
3637 33
3638 33
3639 33
3640 33
3641 33
3642 33
3643 33
3644 33
3645 33
3646 33
3647 33
3648 33
3649 33
3650 33
3651 33
3652 33
3653 33
3654 33
3655 33
3656 33
3657 33
3658 33
3659 33
3660 33
3661 33
3662 33
3663 33
3664 33
3665 33
3666 33
3667 33
3668 33
3669 33
3670 33
3671 33
3672 33
3673 33
3674 33
3675 33
3676 33
3677 33
3678 33
3679 33
3680 33
3681 33
3682 33
3683 33
3684 33
3685 33
3686 33
3687 33
3688 33
3689 33
3690 33
3691 33
3692 33
3693 33
3694 33
3695 33
3696 33
3697 33
3698 33
3699 33
3700 33
3701 33
3702 33
3703 33
3704 33
3705 33
3706 33
3707 33
3708 33
3709 33
3710 33
3711 33
3712 33
3713 33
3714 33
3715 33
3716 33
3717 33
3718 33
3719 33
3720 33
3721 33
3722 33
3723 33
3724 33
3725 33
3726 33
3727 33
3728 33
3729 33
3730 33
3731 33
3732 33
3733 33
3734 33
3735 33
3736 33
3737 33
3738 33
3739 33
3740 33
3741 33
3742 33
3743 33
3744 33
3745 33
3746 33
3747 33
3748 33
3749 33
3750 33
3751 33
3752 33
3753 33
3754 33
3755 33
3756 33
3757 33
3758 33
3759 33
3760 33
3761 33
3762 33
3763 33
3764 33
3765 33
3766 33
3767 33
3768 33
3769 33
3770 33
3771 33
3772 33
3773 33
3774 33
3775 33
3776 33
3777 33
3778 33
3779 33
3780 33
3781 33
3782 33
3783 33
3784 33
3785 33
3786 33
3787 33
3788 33
3789 33
3790 33
3791 33
3792 33
3793 33
3794 33
3795 33
3796 33
3797 33
3798 33
3799 33
3800 33
3801 33
3802 33
3803 33
3804 33
3805 33
3806 33
3807 33
3808 33
3809 33
3810 33
3811 33
3812 33
3813 33
3814 33
3815 33
3816 33
3817 33
3818 33
3819 33
3820 33
3821 33
3822 33
3823 33
3824 33
3825 33
3826 33
3827 33
3828 33
3829 33
3830 33
3831 33
3832 33
3833 33
3834 33
3835 33
3836 33
3837 33
3838 33
3839 33
3840 33
3841 33
3842 33
3843 33
3844 33
3845 33
3846 33
3847 33
3848 33
3849 33
3850 33
3851 33
3852 33
3853 33
3854 33
3855 33
3856 33
3857 33
3858 33
3859 33
3860 33
3861 33
3862 33
3863 33
3864 33
3865 33
3866 33
3867 33
3868 33
3869 33
3870 33
3871 33
3872 33
3873 33
3874 33
3875 33
3876 33
3877 33
3878 33
3879 33
3880 33
3881 33
3882 33
3883 33
3884 33
3885 33
3886 33
3887 33
3888 33
3889 33
3890 33
3891 33
3892 33
3893 33
3894 33
3895 33
3896 33
3897 33
3898 33
3899 33
3900 33
3901 33
3902 33
3903 33
3904 33
3905 33
3906 33
3907 33
3908 33
3909 33
3910 33
3911 33
3912 33
3913 33
3914 33
3915 33
3916 33
3917 33
3918 33
3919 33
3920 33
3921 33
3922 33
3923 33
3924 33
3925 33
3926 33
3927 33
3928 33
3929 33
3930 33
3931 33
3932 33
3933 33
3934 33
3935 33
3936 33
3937 33
3938 33
3939 33
3940 33
3941 33
3942 33
3943 33
3944 33
3945 33
3946 33
3947 33
3948 33
3949 33
3950 33
3951 33
3952 33
3953 33
3954 33
3955 33
3956 33
3957 33
3958 33
3959 33
3960 33
3961 33
3962 33
3963 33
3964 33
3965 33
3966 33
3967 33
3968 33
3969 33
3970 33
3971 33
3972 33
3973 33
3974 33
3975 33
3976 33
3977 33
3978 33
3979 33
3980 33
3981 33
3982 33
3983 33
3984 33
3985 33
3986 33
3987 33
3988 33
3989 33
3990 33
3991 33
3992 33
3993 33
3994 33
3995 33
3996 33
3997 33
3998 33
3999 33
4000 33
4001 33
4002 33
4003 33
4004 33
4005 33
4006 33
4007 33
4008 33
4009 33
4010 33
4011 33
4012 33
4013 33
4014 33
4015 33
4016 33
4017 33
4018 33
4019 33
4020 33
4021 33
4022 33
4023 33
4024 33
4025 33
4026 33
4027 33
4028 33
4029 33
4030 33
4031 33
4032 33
4033 33
4034 33
4035 33
4036 33
4037 33
4038 33
4039 33
4040 33
4041 33
4042 33
4043 33
4044 33
4045 33
4046 33
4047 33
4048 33
4049 33
4050 33
4051 33
4052 33
4053 33
4054 33
4055 33
4056 33
4057 33
4058 33
4059 33
4060 33
4061 33
4062 33
4063 33
4064 33
4065 33
4066 33
4067 33
4068 33
4069 33
4070 33
4071 33
4072 33
4073 33
4074 33
4075 33
4076 33
4077 33
4078 33
4079 33
4080 33
4081 33
4082 33
4083 33
4084 33
4085 33
4086 33
4087 33
4088 33
4089 33
4090 33
4091 33
4092 33
4093 33
4094 33
4095 33
4096 33
4097 33
4098 33
4099 33
4100 33
4101 33
4102 33
4103 33
4104 33
4105 33
4106 33
4107 33
4108 33
4109 33
4110 33
4111 33
4112 33
4113 33
4114 33
4115 33
4116 33
4117 33
4118 33
4119 33
4120 33
4121 33
4122 33
4123 33
4124 33
4125 33
4126 33
4127 33
4128 33
4129 33
4130 33
4131 33
4132 33
4133 33
4134 33
4135 33
4136 33
4137 34
4138 34
4139 34
4140 34
4141 34
4142 34
4143 34
4144 34
4145 34
4146 34
4147 34
4148 34
4149 34
4150 34
4151 34
4152 34
4153 34
4154 34
4155 34
4156 34
4157 34
4158 34
4159 34
4160 34
4161 34
4162 34
4163 34
4164 34
4165 34
4166 34
4167 34
4168 34
4169 34
4170 34
4171 34
4172 34
4173 34
4174 34
4175 34
4176 34
4177 34
4178 34
4179 34
4180 34
4181 34
4182 34
4183 34
4184 34
4185 34
4186 34
4187 34
4188 34
4189 34
4190 34
4191 34
4192 34
4193 34
4194 34
4195 34
4196 34
4197 34
4198 34
4199 34
4200 34
4201 34
4202 34
4203 34
4204 34
4205 34
4206 34
4207 34
4208 34
4209 34
4210 34
4211 34
4212 34
4213 34
4214 34
4215 34
4216 34
4217 34
4218 34
4219 34
4220 34
4221 34
4222 34
4223 34
4224 34
4225 34
4226 34
4227 34
4228 34
4229 34
4230 34
4231 34
4232 34
4233 34
4234 34
4235 34
4236 34
4237 34
4238 34
4239 34
4240 34
4241 34
4242 34
4243 34
4244 34
4245 34
4246 34
4247 34
4248 34
4249 34
4250 34
4251 34
4252 34
4253 34
4254 34
4255 34
4256 34
4257 34
4258 34
4259 34
4260 34
4261 34
4262 34
4263 34
4264 34
4265 34
4266 34
4267 34
4268 35
4269 35
4270 35
4271 35
4272 35
4273 35
4274 35
4275 35
4276 35
4277 35
4278 35
4279 35
4280 35
4281 35
4282 35
4283 35
4284 35
4285 35
4286 35
4287 35
4288 35
4289 35
4290 35
4291 35
4292 35
4293 35
4294 35
4295 35
4296 35
4297 35
4298 35
4299 35
4300 35
4301 35
4302 35
4303 35
4304 35
4305 35
4306 35
4307 35
4308 35
4309 35
4310 35
4311 35
4312 35
4313 35
4314 35
4315 35
4316 35
4317 35
4318 35
4319 35
4320 35
4321 35
4322 35
4323 35
4324 35
4325 35
4326 35
4327 35
4328 35
4329 35
4330 35
4331 35
4332 35
4333 35
4334 35
4335 35
4336 35
4337 35
4338 35
4339 35
4340 35
4341 35
4342 35
4343 35
4344 35
4345 35
4346 35
4347 35
4348 35
4349 35
4350 35
4351 35
4352 35
4353 35
4354 35
4355 35
4356 35
4357 35
4358 35
4359 35
4360 35
4361 35
4362 35
4363 35
4364 35
4365 35
4366 35
4367 35
4368 35
4369 35
4370 35
4371 35
4372 35
4373 35
4374 35
4375 35
4376 35
4377 35
4378 35
4379 35
4380 35
4381 35
4382 35
4383 35
4384 35
4385 35
4386 35
4387 35
4388 35
4389 35
4390 35
4391 35
4392 35
4393 35
4394 35
4395 35
4396 35
4397 35
4398 35
4399 35
4400 35
4401 35
4402 35
4403 35
4404 35
4405 35
4406 35
4407 35
4408 35
4409 35
4410 35
4411 35
4412 35
4413 35
4414 35
4415 35
4416 35
4417 35
4418 35
4419 35
4420 35
4421 35
4422 35
4423 35
4424 35
4425 35
4426 35
4427 35
4428 35
4429 35
4430 35
4431 36
4432 36
4433 36
4434 36
4435 36
4436 36
4437 36
4438 36
4439 36
4440 36
4441 36
4442 36
4443 36
4444 36
4445 36
4446 36
4447 36
4448 36
4449 36
4450 36
4451 36
4452 36
4453 36
4454 36
4455 36
4456 36
4457 36
4458 36
4459 36
4460 36
4461 36
4462 36
4463 36
4464 36
4465 36
4466 36
4467 36
4468 36
4469 36
4470 36
4471 36
4472 36
4473 36
4474 36
4475 36
4476 36
4477 36
4478 36
4479 36
4480 36
4481 36
4482 36
4483 36
4484 36
4485 36
4486 36
4487 36
4488 36
4489 36
4490 36
4491 36
4492 36
4493 36
4494 36
4495 36
4496 36
4497 36
4498 36
4499 36
4500 36
4501 36
4502 36
4503 36
4504 36
4505 36
4506 36
4507 36
4508 36
4509 36
4510 36
4511 36
4512 36
4513 36
4514 36
4515 36
4516 36
4517 36
4518 36
4519 36
4520 36
4521 36
4522 36
4523 36
4524 36
4525 36
4526 36
4527 36
4528 36
4529 36
4530 36
4531 36
4532 36
4533 36
4534 36
4535 36
4536 36
4537 36
4538 36
4539 36
4540 36
4541 36
4542 36
4543 36
4544 36
4545 36
4546 36
4547 36
4548 36
4549 36
4550 36
4551 36
4552 36
4553 36
4554 36
4555 36
4556 36
4557 36
4558 36
4559 36
4560 36
4561 36
4562 36
4563 36
4564 36
4565 36
4566 36
4567 36
4568 36
4569 36
4570 36
4571 36
4572 36
4573 36
4574 36
4575 36
4576 36
4577 36
4578 36
4579 36
4580 36
4581 36
4582 36
4583 36
4584 36
4585 36
4586 36
4587 36
4588 36
4589 36
4590 36
4591 36
4592 36
4593 36
4594 36
4595 36
4596 36
4597 36
4598 36
4599 36
4600 36
4601 36
4602 36
4603 36
4604 36
4605 36
4606 36
4607 36
4608 36
4609 36
4610 36
4611 36
4612 36
4613 36
4614 36
4615 36
4616 36
4617 36
4618 36
4619 36
4620 36
4621 36
4622 36
4623 36
4624 36
4625 36
4626 36
4627 36
4628 36
4629 36
4630 36
4631 36
4632 36
4633 36
4634 36
4635 36
4636 36
4637 36
4638 36
4639 36
4640 36
4641 36
4642 36
4643 36
4644 36
4645 36
4646 36
4647 36
4648 36
4649 36
4650 36
4651 36
4652 36
4653 36
4654 36
4655 36
4656 36
4657 36
4658 36
4659 36
4660 36
4661 36
4662 36
4663 36
4664 36
4665 36
4666 36
4667 36
4668 36
4669 36
4670 36
4671 36
4672 36
4673 36
4674 36
4675 36
4676 36
4677 36
4678 36
4679 36
4680 36
4681 36
4682 36
4683 36
4684 36
4685 36
4686 36
4687 36
4688 36
4689 36
4690 36
4691 36
4692 36
4693 36
4694 36
4695 36
4696 36
4697 36
4698 36
4699 36
4700 36
4701 36
4702 36
4703 36
4704 36
4705 36
4706 36
4707 36
4708 36
4709 36
4710 36
4711 36
4712 36
4713 36
4714 36
4715 36
4716 36
4717 36
4718 36
4719 36
4720 36
4721 36
4722 36
4723 36
4724 36
4725 36
4726 36
4727 36
4728 36
4729 36
4730 36
4731 36
4732 36
4733 36
4734 36
4735 36
4736 36
4737 36
4738 36
4739 36
4740 36
4741 36
4742 36
4743 36
4744 36
4745 36
4746 36
4747 36
4748 36
4749 36
4750 36
4751 36
4752 36
4753 36
4754 36
4755 36
4756 36
4757 36
4758 36
4759 36
4760 36
4761 36
4762 36
4763 36
4764 36
4765 36
4766 36
4767 36
4768 36
4769 36
4770 36
4771 36
4772 36
4773 36
4774 36
4775 36
4776 36
4777 36
4778 36
4779 36
4780 36
4781 36
4782 36
4783 36
4784 36
4785 36
4786 36
4787 36
4788 36
4789 36
4790 36
4791 36
4792 36
4793 36
4794 36
4795 36
4796 36
4797 36
4798 36
4799 36
4800 36
4801 36
4802 36
4803 36
4804 36
4805 36
4806 36
4807 36
4808 36
4809 36
4810 36
4811 36
4812 36
4813 36
4814 36
4815 36
4816 36
4817 36
4818 36
4819 36
4820 36
4821 36
4822 36
4823 36
4824 36
4825 36
4826 36
4827 36
4828 36
4829 36
4830 36
4831 36
4832 36
4833 36
4834 36
4835 36
4836 36
4837 36
4838 36
4839 36
4840 36
4841 36
4842 36
4843 36
4844 36
4845 36
4846 36
4847 36
4848 36
4849 36
4850 36
4851 36
4852 36
4853 36
4854 36
4855 36
4856 36
4857 36
4858 36
4859 36
4860 36
4861 36
4862 36
4863 36
4864 36
4865 36
4866 36
4867 36
4868 36
4869 36
4870 36
4871 36
4872 36
4873 36
4874 36
4875 36
4876 36
4877 36
4878 36
4879 36
4880 36
4881 36
4882 36
4883 36
4884 36
4885 36
4886 36
4887 36
4888 36
4889 36
4890 36
4891 36
4892 36
4893 36
4894 36
4895 36
4896 36
4897 36
4898 36
4899 36
4900 36
4901 36
4902 36
4903 36
4904 36
4905 36
4906 36
4907 36
4908 36
4909 36
4910 36
4911 36
4912 36
4913 36
4914 36
4915 36
4916 36
4917 36
4918 36
4919 36
4920 36
4921 36
4922 36
4923 36
4924 36
4925 36
4926 36
4927 36
4928 36
4929 36
4930 36
4931 36
4932 36
4933 36
4934 36
4935 36
4936 36
4937 36
4938 36
4939 36
4940 36
4941 36
4942 36
4943 36
4944 36
4945 36
4946 36
4947 36
4948 36
4949 36
4950 36
4951 36
4952 36
4953 36
4954 36
4955 36
4956 36
4957 36
4958 36
4959 36
4960 36
4961 36
4962 36
4963 36
4964 36
4965 36
4966 36
4967 36
4968 36
4969 36
4970 36
4971 36
4972 36
4973 36
4974 36
4975 36
4976 36
4977 36
4978 36
4979 36
4980 36
4981 36
4982 36
4983 36
4984 36
4985 36
4986 36
4987 36
4988 36
4989 36
4990 36
4991 36
4992 36
4993 36
4994 36
4995 36
4996 36
4997 36
4998 36
4999 36
5000 36
5001 36
5002 36
5003 36
5004 36
5005 36
5006 36
5007 36
5008 36
5009 36
5010 36
5011 36
5012 36
5013 36
5014 36
5015 36
5016 36
5017 36
5018 36
5019 36
5020 36
5021 36
5022 36
5023 36
5024 36
5025 36
5026 36
5027 36
5028 36
5029 36
5030 36
5031 36
5032 36
5033 36
5034 36
5035 36
5036 36
5037 36
5038 36
5039 36
5040 36
5041 36
5042 36
5043 36
5044 36
5045 36
5046 36
5047 36
5048 36
5049 36
5050 36
5051 36
5052 36
5053 36
5054 36
5055 36
5056 36
5057 36
5058 36
5059 36
5060 36
5061 36
5062 36
5063 36
5064 36
5065 36
5066 36
5067 36
5068 36
5069 36
5070 36
5071 36
5072 36
5073 36
5074 36
5075 36
5076 36
5077 36
5078 36
5079 36
5080 36
5081 36
5082 36
5083 36
5084 36
5085 36
5086 36
5087 36
5088 36
5089 36
5090 36
5091 36
5092 36
5093 36
5094 36
5095 36
5096 36
5097 36
5098 36
5099 36
5100 36
5101 36
5102 36
5103 36
5104 36
5105 36
5106 36
5107 36
5108 36
5109 36
5110 36
5111 36
5112 36
5113 36
5114 36
5115 36
5116 36
5117 36
5118 36
5119 36
5120 36
5121 36
5122 36
5123 36
5124 36
5125 36
5126 36
5127 36
5128 36
5129 36
5130 36
5131 36
5132 36
5133 36
5134 36
5135 36
5136 36
5137 36
5138 36
5139 36
5140 36
5141 36
5142 36
5143 36
5144 36
5145 36
5146 36
5147 36
5148 36
5149 36
5150 36
5151 36
5152 36
5153 36
5154 36
5155 36
5156 36
5157 36
5158 36
5159 36
5160 36
5161 36
5162 36
5163 36
5164 36
5165 36
5166 36
5167 36
5168 36
5169 36
5170 36
5171 36
5172 36
5173 36
5174 36
5175 36
5176 36
5177 36
5178 36
5179 36
5180 36
5181 36
5182 36
5183 36
5184 36
5185 36
5186 36
5187 36
5188 36
5189 36
5190 36
5191 36
5192 36
5193 36
5194 36
5195 36
5196 36
5197 36
5198 36
5199 36
5200 36
5201 36
5202 36
5203 36
5204 36
5205 36
5206 36
5207 36
5208 36
5209 36
5210 36
5211 36
5212 36
5213 36
5214 36
5215 36
5216 36
5217 36
5218 36
5219 36
5220 36
5221 36
5222 36
5223 36
5224 36
5225 36
5226 36
5227 36
5228 36
5229 36
5230 36
5231 36
5232 36
5233 36
5234 36
5235 36
5236 36
5237 36
5238 36
5239 36
5240 36
5241 36
5242 36
5243 36
5244 36
5245 36
5246 36
5247 36
5248 36
5249 36
5250 36
5251 36
5252 36
5253 36
5254 36
5255 36
5256 36
5257 36
5258 36
5259 36
5260 36
5261 36
5262 36
5263 36
5264 36
5265 36
5266 36
5267 36
5268 36
5269 36
5270 36
5271 36
5272 36
5273 36
5274 36
5275 36
5276 36
5277 36
5278 36
5279 36
5280 36
5281 36
5282 36
5283 36
5284 36
5285 36
5286 36
5287 36
5288 36
5289 36
5290 36
5291 36
5292 36
5293 36
5294 36
5295 36
5296 36
5297 36
5298 36
5299 36
5300 36
5301 36
5302 36
5303 36
5304 36
5305 36
5306 36
5307 36
5308 36
5309 36
5310 36
5311 36
5312 36
5313 36
5314 36
5315 36
5316 36
5317 36
5318 36
5319 36
5320 36
5321 36
5322 36
5323 36
5324 36
5325 36
5326 36
5327 36
5328 36
5329 36
5330 36
5331 36
5332 36
5333 36
5334 36
5335 36
5336 36
5337 36
5338 36
5339 36
5340 36
5341 36
5342 36
5343 36
5344 36
5345 36
5346 36
5347 36
5348 36
5349 36
5350 36
5351 36
5352 36
5353 36
5354 36
5355 36
5356 36
5357 36
5358 36
5359 36
5360 36
5361 36
5362 36
5363 36
5364 36
5365 36
5366 36
5367 36
5368 36
5369 36
5370 36
5371 36
5372 36
5373 36
5374 36
5375 36
5376 36
5377 36
5378 36
5379 36
5380 36
5381 36
5382 36
5383 36
5384 36
5385 36
5386 36
5387 36
5388 36
5389 36
5390 36
5391 36
5392 36
5393 36
5394 36
5395 36
5396 36
5397 36
5398 36
5399 36
5400 36
5401 36
5402 36
5403 36
5404 36
5405 36
5406 36
5407 36
5408 36
5409 36
5410 36
5411 36
5412 36
5413 36
5414 36
5415 36
5416 36
5417 36
5418 36
5419 36
5420 36
5421 36
5422 36
5423 36
5424 36
5425 36
5426 36
5427 36
5428 36
5429 36
5430 36
5431 36
5432 36
5433 36
5434 36
5435 36
5436 36
5437 36
5438 36
5439 36
5440 36
5441 36
5442 36
5443 36
5444 36
5445 36
5446 36
5447 36
5448 36
5449 36
5450 36
5451 36
5452 36
5453 36
5454 36
5455 36
5456 36
5457 36
5458 36
5459 36
5460 36
5461 36
5462 36
5463 36
5464 36
5465 36
5466 36
5467 36
5468 36
5469 36
5470 36
5471 36
5472 36
5473 36
5474 36
5475 36
5476 36
5477 36
5478 36
5479 36
5480 36
5481 36
5482 36
5483 36
5484 36
5485 36
5486 36
5487 36
5488 36
5489 36
5490 36
5491 36
5492 36
5493 36
5494 36
5495 36
5496 36
5497 36
5498 36
5499 36
5500 36
5501 36
5502 36
5503 36
5504 36
5505 36
5506 36
5507 36
5508 36
5509 36
5510 36
5511 36
5512 36
5513 36
5514 36
5515 36
5516 36
5517 36
5518 36
5519 36
5520 36
5521 36
5522 36
5523 36
5524 36
5525 36
5526 36
5527 36
5528 36
5529 36
5530 36
5531 36
5532 36
5533 36
5534 36
5535 36
5536 36
5537 36
5538 36
5539 36
5540 36
5541 36
5542 36
5543 36
5544 36
5545 36
5546 36
5547 36
5548 36
5549 36
5550 36
5551 36
5552 36
5553 36
5554 36
5555 36
5556 36
5557 36
5558 36
5559 36
5560 36
5561 36
5562 36
5563 36
5564 36
5565 36
5566 36
5567 36
5568 36
5569 36
5570 36
5571 36
5572 36
5573 36
5574 36
5575 36
5576 36
5577 36
5578 36
5579 36
5580 36
5581 36
5582 36
5583 36
5584 36
5585 36
5586 36
5587 36
5588 36
5589 36
5590 36
5591 36
5592 36
5593 36
5594 36
5595 36
5596 36
5597 36
5598 36
5599 36
5600 36
5601 36
5602 36
5603 36
5604 36
5605 36
5606 36
5607 36
5608 36
5609 36
5610 36
5611 36
5612 36
5613 36
5614 36
5615 36
5616 36
5617 36
5618 36
5619 36
5620 36
5621 36
5622 36
5623 36
5624 36
5625 36
5626 36
5627 36
5628 36
5629 36
5630 36
5631 36
5632 36
5633 36
5634 36
5635 36
5636 36
5637 36
5638 36
5639 36
5640 36
5641 36
5642 36
5643 36
5644 36
5645 36
5646 36
5647 36
5648 36
5649 36
5650 36
5651 36
5652 36
5653 36
5654 36
5655 36
5656 36
5657 36
5658 36
5659 36
5660 36
5661 36
5662 36
5663 36
5664 36
5665 36
5666 36
5667 36
5668 36
5669 36
5670 36
5671 36
5672 36
5673 36
5674 36
5675 36
5676 36
5677 36
5678 36
5679 36
5680 36
5681 36
5682 36
5683 36
5684 36
5685 36
5686 36
5687 36
5688 36
5689 36
5690 36
5691 36
5692 36
5693 37
5694 37
5695 37
5696 37
5697 37
5698 37
5699 37
5700 37
5701 37
5702 37
5703 37
5704 37
5705 37
5706 37
5707 37
5708 37
5709 37
5710 37
5711 37
5712 37
5713 37
5714 37
5715 37
5716 37
5717 37
5718 37
5719 37
5720 37
5721 37
5722 37
5723 37
5724 37
5725 37
5726 37
5727 37
5728 37
5729 37
5730 37
5731 37
5732 37
5733 37
5734 37
5735 37
5736 37
5737 37
5738 37
5739 37
5740 37
5741 37
5742 37
5743 37
5744 37
5745 37
5746 37
5747 37
5748 37
5749 37
5750 37
5751 37
5752 37
5753 37
5754 37
5755 37
5756 37
5757 37
5758 37
5759 37
5760 37
5761 37
5762 37
5763 37
5764 37
5765 37
5766 37
5767 37
5768 37
5769 37
5770 37
5771 37
5772 37
5773 37
5774 37
5775 37
5776 37
5777 37
5778 37
5779 37
5780 37
5781 37
5782 37
5783 37
5784 37
5785 37
5786 37
5787 37
5788 37
5789 37
5790 37
5791 37
5792 37
5793 37
5794 37
5795 37
5796 37
5797 37
5798 37
5799 37
5800 37
5801 37
5802 37
5803 37
5804 37
5805 37
5806 37
5807 37
5808 37
5809 37
5810 37
5811 37
5812 37
5813 37
5814 37
5815 37
5816 37
5817 37
5818 37
5819 37
5820 37
5821 37
5822 37
5823 37
5824 37
5825 37
5826 37
5827 37
5828 37
5829 37
5830 37
5831 37
5832 37
5833 37
5834 37
5835 37
5836 37
5837 37
5838 37
5839 37
5840 37
5841 37
5842 37
5843 37
5844 37
5845 37
5846 37
5847 37
5848 37
5849 37
5850 37
5851 37
5852 37
5853 37
5854 37
5855 37
5856 37
5857 37
5858 37
5859 37
5860 37
5861 37
5862 37
5863 37
5864 37
5865 37
5866 37
5867 37
5868 37
5869 37
5870 37
5871 37
5872 37
5873 37
5874 37
5875 37
5876 37
5877 37
5878 37
5879 37
5880 37
5881 37
5882 37
5883 37
5884 37
5885 37
5886 37
5887 37
5888 37
5889 37
5890 37
5891 37
5892 37
5893 37
5894 37
5895 37
5896 37
5897 37
5898 37
5899 37
5900 37
5901 37
5902 37
5903 37
5904 37
5905 37
5906 37
5907 37
5908 37
5909 37
5910 37
5911 37
5912 37
5913 37
5914 37
5915 37
5916 37
5917 37
5918 37
5919 37
5920 37
5921 37
5922 37
5923 37
5924 37
5925 37
5926 37
5927 37
5928 37
5929 37
5930 37
5931 37
5932 37
5933 37
5934 37
5935 37
5936 37
5937 37
5938 37
5939 37
5940 37
5941 37
5942 37
5943 37
5944 37
5945 37
5946 37
5947 37
5948 37
5949 37
5950 37
5951 37
5952 37
5953 37
5954 37
5955 37
5956 37
5957 37
5958 37
5959 37
5960 37
5961 37
5962 37
5963 37
5964 37
5965 37
5966 37
5967 37
5968 37
5969 37
5970 37
5971 37
5972 37
5973 37
5974 37
5975 37
5976 37
5977 37
5978 37
5979 37
5980 37
5981 37
5982 37
5983 37
5984 37
5985 37
5986 37
5987 37
5988 37
5989 37
5990 37
5991 37
5992 37
5993 37
5994 37
5995 37
5996 37
5997 37
5998 37
5999 37
6000 37
6001 37
6002 37
6003 37
6004 37
6005 37
6006 37
6007 37
6008 37
6009 37
6010 37
6011 37
6012 37
6013 37
6014 37
6015 37
6016 37
6017 37
6018 37
6019 37
6020 37
6021 37
6022 37
6023 37
6024 37
6025 37
6026 37
6027 37
6028 37
6029 37
6030 37
6031 37
6032 37
6033 37
6034 37
6035 37
6036 37
6037 37
6038 37
6039 37
6040 37
6041 37
6042 37
6043 37
6044 37
6045 37
6046 37
6047 37
6048 37
6049 37
6050 37
6051 37
6052 37
6053 37
6054 37
6055 37
6056 37
6057 37
6058 37
6059 37
6060 37
6061 37
6062 37
6063 37
6064 37
6065 37
6066 37
6067 37
6068 37
6069 37
6070 37
6071 37
6072 37
6073 37
6074 37
6075 37
6076 37
6077 37
6078 37
6079 37
6080 37
6081 37
6082 37
6083 37
6084 37
6085 37
6086 37
6087 37
6088 37
6089 37
6090 37
6091 37
6092 37
6093 37
6094 37
6095 37
6096 37
6097 37
6098 37
6099 37
6100 37
6101 37
6102 37
6103 37
6104 37
6105 37
6106 37
6107 37
6108 37
6109 37
6110 37
6111 37
6112 37
6113 37
6114 37
6115 37
6116 37
6117 37
6118 37
6119 37
6120 37
6121 37
6122 37
6123 37
6124 37
6125 37
6126 37
6127 37
6128 37
6129 37
6130 37
6131 37
6132 37
6133 37
6134 37
6135 37
6136 37
6137 37
6138 37
6139 37
6140 37
6141 37
6142 37
6143 37
6144 37
6145 37
6146 37
6147 37
6148 37
6149 37
6150 37
6151 37
6152 37
6153 37
6154 37
6155 37
6156 37
6157 37
6158 37
6159 37
6160 37
6161 37
6162 37
6163 37
6164 37
6165 37
6166 37
6167 37
6168 37
6169 37
6170 37
6171 37
6172 37
6173 37
6174 37
6175 37
6176 37
6177 37
6178 37
6179 37
6180 37
6181 37
6182 37
6183 37
6184 37
6185 37
6186 37
6187 37
6188 37
6189 37
6190 37
6191 37
6192 37
6193 37
6194 37
6195 37
6196 37
6197 37
6198 37
6199 37
6200 37
6201 37
6202 37
6203 37
6204 37
6205 37
6206 37
6207 37
6208 37
6209 37
6210 37
6211 37
6212 37
6213 37
6214 37
6215 37
6216 37
6217 37
6218 37
6219 37
6220 37
6221 37
6222 37
6223 37
6224 37
6225 37
6226 37
6227 37
6228 37
6229 37
6230 37
6231 37
6232 37
6233 37
6234 37
6235 37
6236 37
6237 37
6238 37
6239 37
6240 37
6241 37
6242 37
6243 37
6244 37
6245 37
6246 37
6247 37
6248 37
6249 37
6250 37
6251 37
6252 37
6253 37
6254 37
6255 37
6256 37
6257 37
6258 37
6259 37
6260 37
6261 37
6262 37
6263 37
6264 37
6265 37
6266 37
6267 37
6268 37
6269 37
6270 37
6271 37
6272 37
6273 37
6274 37
6275 37
6276 37
6277 37
6278 37
6279 37
6280 37
6281 37
6282 37
6283 37
6284 37
6285 37
6286 37
6287 37
6288 37
6289 37
6290 37
6291 37
6292 37
6293 37
6294 37
6295 37
6296 37
6297 37
6298 37
6299 37
6300 37
6301 37
6302 37
6303 37
6304 37
6305 37
6306 37
6307 37
6308 37
6309 37
6310 37
6311 37
6312 37
6313 37
6314 37
6315 37
6316 37
6317 37
6318 37
6319 37
6320 37
6321 37
6322 37
6323 37
6324 37
6325 37
6326 37
6327 37
6328 37
6329 37
6330 37
6331 37
6332 37
6333 37
6334 37
6335 37
6336 37
6337 37
6338 37
6339 37
6340 37
6341 37
6342 37
6343 37
6344 37
6345 37
6346 37
6347 37
6348 37
6349 37
6350 37
6351 37
6352 37
6353 37
6354 37
6355 37
6356 37
6357 37
6358 37
6359 37
6360 37
6361 37
6362 37
6363 37
6364 37
6365 37
6366 37
6367 37
6368 37
6369 37
6370 37
6371 37
6372 37
6373 37
6374 37
6375 37
6376 37
6377 37
6378 37
6379 37
6380 37
6381 37
6382 37
6383 37
6384 37
6385 37
6386 37
6387 37
6388 37
6389 37
6390 37
6391 37
6392 37
6393 37
6394 37
6395 37
6396 37
6397 37
6398 37
6399 37
6400 37
6401 37
6402 37
6403 37
6404 37
6405 37
6406 37
6407 37
6408 37
6409 37
6410 37
6411 37
6412 37
6413 37
6414 37
6415 37
6416 37
6417 37
6418 37
6419 37
6420 37
6421 37
6422 37
6423 37
6424 37
6425 37
6426 37
6427 37
6428 37
6429 37
6430 37
6431 37
6432 37
6433 37
6434 37
6435 37
6436 37
6437 37
6438 37
6439 37
6440 37
6441 37
6442 37
6443 37
6444 37
6445 37
6446 37
6447 37
6448 37
6449 37
6450 37
6451 37
6452 37
6453 37
6454 37
6455 37
6456 37
6457 37
6458 37
6459 37
6460 37
6461 37
6462 37
6463 37
6464 37
6465 37
6466 37
6467 37
6468 37
6469 37
6470 37
6471 37
6472 37
6473 37
6474 37
6475 37
6476 37
6477 37
6478 37
6479 37
6480 37
6481 37
6482 37
6483 37
6484 37
6485 37
6486 37
6487 37
6488 37
6489 37
6490 37
6491 37
6492 37
6493 37
6494 37
6495 37
6496 37
6497 37
6498 37
6499 37
6500 37
6501 37
6502 37
6503 37
6504 37
6505 37
6506 37
6507 37
6508 37
6509 37
6510 37
6511 37
6512 37
6513 37
6514 37
6515 37
6516 37
6517 37
6518 37
6519 37
6520 37
6521 37
6522 37
6523 37
6524 37
6525 37
6526 37
6527 37
6528 37
6529 37
6530 37
6531 37
6532 37
6533 37
6534 37
6535 37
6536 37
6537 37
6538 37
6539 37
6540 37
6541 37
6542 37
6543 37
6544 37
6545 37
6546 37
6547 37
6548 37
6549 37
6550 37
6551 37
6552 37
6553 37
6554 37
6555 37
6556 37
6557 37
6558 37
6559 37
6560 37
6561 37
6562 37
6563 37
6564 37
6565 37
6566 37
6567 37
6568 37
6569 37
6570 37
6571 37
6572 37
6573 37
6574 37
6575 37
6576 37
6577 37
6578 37
6579 37
6580 37
6581 37
6582 37
6583 37
6584 37
6585 37
6586 37
6587 37
6588 37
6589 37
6590 37
6591 37
6592 37
6593 37
6594 37
6595 37
6596 37
6597 37
6598 37
6599 37
6600 37
6601 37
6602 37
6603 37
6604 37
6605 37
6606 37
6607 37
6608 37
6609 37
6610 37
6611 37
6612 37
6613 37
6614 37
6615 37
6616 37
6617 37
6618 37
6619 37
6620 37
6621 37
6622 37
6623 37
6624 37
6625 37
6626 37
6627 37
6628 37
6629 37
6630 37
6631 37
6632 37
6633 37
6634 37
6635 37
6636 37
6637 37
6638 37
6639 37
6640 37
6641 37
6642 37
6643 37
6644 37
6645 37
6646 37
6647 37
6648 37
6649 37
6650 37
6651 37
6652 37
6653 37
6654 37
6655 37
6656 37
6657 37
6658 37
6659 37
6660 37
6661 37
6662 37
6663 37
6664 37
6665 37
6666 37
6667 37
6668 37
6669 37
6670 37
6671 37
6672 37
6673 37
6674 37
6675 37
6676 37
6677 37
6678 37
6679 37
6680 37
6681 37
6682 37
6683 37
6684 37
6685 37
6686 37
6687 37
6688 37
6689 37
6690 37
6691 37
6692 37
6693 37
6694 37
6695 37
6696 37
6697 37
6698 37
6699 37
6700 37
6701 37
6702 37
6703 37
6704 37
6705 37
6706 37
6707 37
6708 37
6709 37
6710 37
6711 37
6712 37
6713 37
6714 37
6715 37
6716 37
6717 37
6718 37
6719 37
6720 37
6721 37
6722 37
6723 37
6724 37
6725 37
6726 37
6727 37
6728 37
6729 37
6730 37
6731 37
6732 37
6733 37
6734 37
6735 37
6736 37
6737 37
6738 37
6739 37
6740 37
6741 37
6742 37
6743 37
6744 37
6745 37
6746 38
6747 38
6748 38
6749 38
6750 38
6751 38
6752 38
6753 38
6754 38
6755 38
6756 38
6757 38
6758 38
6759 38
6760 38
6761 38
6762 38
6763 38
6764 38
6765 38
6766 38
6767 38
6768 38
6769 38
6770 38
6771 38
6772 38
6773 38
6774 38
6775 38
6776 38
6777 38
6778 38
6779 38
6780 38
6781 38
6782 38
6783 38
6784 38
6785 38
6786 38
6787 38
6788 38
6789 38
6790 38
6791 38
6792 38
6793 38
6794 38
6795 38
6796 38
6797 38
6798 38
6799 38
6800 38
6801 38
6802 38
6803 38
6804 38
6805 38
6806 38
6807 38
6808 38
6809 38
6810 38
6811 38
6812 38
6813 38
6814 38
6815 38
6816 38
6817 38
6818 38
6819 38
6820 38
6821 38
6822 38
6823 38
6824 38
6825 38
6826 38
6827 38
6828 38
6829 38
6830 38
6831 38
6832 38
6833 38
6834 38
6835 38
6836 38
6837 38
6838 38
6839 38
6840 38
6841 38
6842 38
6843 38
6844 38
6845 38
6846 38
6847 38
6848 38
6849 38
6850 38
6851 38
6852 38
6853 38
6854 38
6855 38
6856 38
6857 38
6858 38
6859 38
6860 38
6861 38
6862 38
6863 38
6864 38
6865 38
6866 38
6867 38
6868 38
6869 38
6870 38
6871 38
6872 38
6873 38
6874 38
6875 38
6876 38
6877 38
6878 38
6879 38
6880 38
6881 38
6882 38
6883 38
6884 38
6885 38
6886 38
6887 38
6888 38
6889 38
6890 38
6891 38
6892 38
6893 38
6894 38
6895 38
6896 38
6897 38
6898 38
6899 38
6900 38
6901 38
6902 38
6903 38
6904 38
6905 38
6906 38
6907 38
6908 38
6909 38
6910 38
6911 38
6912 38
6913 38
6914 38
6915 38
6916 38
6917 38
6918 38
6919 38
6920 38
6921 38
6922 38
6923 38
6924 38
6925 38
6926 38
6927 38
6928 38
6929 38
6930 38
6931 38
6932 38
6933 38
6934 38
6935 38
6936 38
6937 38
6938 38
6939 38
6940 38
6941 38
6942 38
6943 38
6944 38
6945 38
6946 38
6947 38
6948 38
6949 38
6950 38
6951 38
6952 38
6953 38
6954 38
6955 38
6956 38
6957 38
6958 38
6959 38
6960 38
6961 38
6962 38
6963 38
6964 38
6965 38
6966 38
6967 38
6968 38
6969 38
6970 38
6971 38
6972 38
6973 38
6974 38
6975 38
6976 38
6977 38
6978 38
6979 38
6980 38
6981 38
6982 38
6983 38
6984 38
6985 38
6986 38
6987 38
6988 38
6989 38
6990 38
6991 38
6992 38
6993 38
6994 38
6995 38
6996 38
6997 38
6998 38
6999 38
7000 38
7001 38
7002 38
7003 38
7004 38
7005 38
7006 38
7007 38
7008 38
7009 38
7010 38
7011 38
7012 38
7013 38
7014 38
7015 38
7016 38
7017 38
7018 38
7019 38
7020 38
7021 38
7022 38
7023 38
7024 38
7025 38
7026 38
7027 38
7028 38
7029 38
7030 38
7031 38
7032 38
7033 38
7034 38
7035 38
7036 38
7037 38
7038 38
7039 38
7040 38
7041 38
7042 38
7043 38
7044 38
7045 38
7046 38
7047 38
7048 38
7049 38
7050 38
7051 38
7052 38
7053 38
7054 38
7055 38
7056 38
7057 38
7058 38
7059 38
7060 38
7061 38
7062 38
7063 38
7064 38
7065 38
7066 38
7067 38
7068 38
7069 38
7070 38
7071 38
7072 38
7073 38
7074 38
7075 38
7076 38
7077 38
7078 38
7079 38
7080 38
7081 38
7082 38
7083 38
7084 38
7085 38
7086 38
7087 38
7088 38
7089 38
7090 38
7091 38
7092 38
7093 38
7094 38
7095 38
7096 38
7097 38
7098 38
7099 38
7100 38
7101 38
7102 38
7103 38
7104 38
7105 38
7106 38
7107 38
7108 38
7109 38
7110 38
7111 38
7112 38
7113 38
7114 38
7115 38
7116 38
7117 38
7118 38
7119 38
7120 38
7121 38
7122 38
7123 38
7124 38
7125 38
7126 38
7127 38
7128 38
7129 38
7130 38
7131 38
7132 38
7133 38
7134 38
7135 38
7136 38
7137 38
7138 38
7139 38
7140 38
7141 38
7142 38
7143 38
7144 38
7145 38
7146 38
7147 38
7148 38
7149 38
7150 38
7151 38
7152 38
7153 38
7154 38
7155 38
7156 38
7157 38
7158 38
7159 38
7160 38
7161 38
7162 38
7163 38
7164 38
7165 38
7166 38
7167 38
7168 38
7169 38
7170 38
7171 38
7172 38
7173 38
7174 38
7175 38
7176 38
7177 38
7178 38
7179 38
7180 38
7181 38
7182 38
7183 38
7184 38
7185 38
7186 38
7187 38
7188 38
7189 38
7190 38
7191 38
7192 38
7193 38
7194 38
7195 38
7196 38
7197 38
7198 38
7199 38
7200 38
7201 38
7202 38
7203 38
7204 38
7205 38
7206 38
7207 38
7208 38
7209 38
7210 38
7211 38
7212 38
7213 38
7214 38
7215 38
7216 38
7217 38
7218 38
7219 38
7220 38
7221 38
7222 38
7223 38
7224 38
7225 38
7226 38
7227 38
7228 38
7229 38
7230 38
7231 38
7232 38
7233 38
7234 38
7235 38
7236 38
7237 38
7238 38
7239 38
7240 38
7241 38
7242 38
7243 38
7244 38
7245 38
7246 38
7247 38
7248 38
7249 38
7250 38
7251 38
7252 38
7253 38
7254 38
7255 38
7256 38
7257 38
7258 38
7259 38
7260 38
7261 38
7262 38
7263 38
7264 38
7265 38
7266 38
7267 38
7268 38
7269 38
7270 38
7271 38
7272 38
7273 38
7274 38
7275 38
7276 38
7277 38
7278 38
7279 38
7280 38
7281 38
7282 38
7283 38
7284 38
7285 38
7286 38
7287 38
7288 38
7289 38
7290 38
7291 38
7292 38
7293 38
7294 38
7295 38
7296 38
7297 38
7298 38
7299 38
7300 38
7301 38
7302 38
7303 38
7304 38
7305 38
7306 38
7307 38
7308 38
7309 38
7310 38
7311 38
7312 38
7313 38
7314 38
7315 38
7316 38
7317 38
7318 38
7319 38
7320 38
7321 38
7322 38
7323 38
7324 38
7325 38
7326 38
7327 38
7328 38
7329 38
7330 38
7331 38
7332 38
7333 38
7334 38
7335 38
7336 38
7337 38
7338 38
7339 38
7340 38
7341 38
7342 38
7343 38
7344 38
7345 39
7346 39
7347 39
7348 39
7349 39
7350 39
7351 39
7352 39
7353 39
7354 39
7355 39
7356 39
7357 39
7358 39
7359 39
7360 39
7361 39
7362 39
7363 39
7364 39
7365 39
7366 39
7367 39
7368 39
7369 39
7370 39
7371 39
7372 39
7373 39
7374 39
7375 39
7376 39
7377 39
7378 39
7379 39
7380 39
7381 39
7382 39
7383 39
7384 39
7385 39
7386 39
7387 39
7388 39
7389 39
7390 39
7391 39
7392 39
7393 39
7394 39
7395 39
7396 39
7397 39
7398 39
7399 39
7400 39
7401 39
7402 39
7403 39
7404 39
7405 39
7406 39
7407 39
7408 39
7409 39
7410 39
7411 39
7412 39
7413 39
7414 39
7415 39
7416 39
7417 39
7418 39
7419 39
7420 39
7421 39
7422 39
7423 39
7424 39
7425 39
7426 39
7427 39
7428 39
7429 39
7430 39
7431 39
7432 39
7433 39
7434 39
7435 39
7436 39
7437 39
7438 39
7439 39
7440 39
7441 39
7442 39
7443 39
7444 39
7445 39
7446 39
7447 39
7448 39
7449 39
7450 39
7451 39
7452 39
7453 39
7454 39
7455 39
7456 39
7457 39
7458 39
7459 39
7460 39
7461 39
7462 39
7463 39
7464 39
7465 39
7466 39
7467 39
7468 39
7469 39
7470 39
7471 39
7472 39
7473 39
7474 39
7475 39
7476 39
7477 39
7478 39
7479 39
7480 39
7481 39
7482 39
7483 39
7484 39
7485 39
7486 39
7487 39
7488 39
7489 39
7490 39
7491 39
7492 39
7493 39
7494 39
7495 39
7496 39
7497 39
7498 39
7499 39
7500 39
7501 39
7502 39
7503 39
7504 39
7505 39
7506 39
7507 39
7508 39
7509 39
7510 39
7511 39
7512 39
7513 39
7514 39
7515 39
7516 39
7517 39
7518 39
7519 39
7520 39
7521 39
7522 39
7523 39
7524 39
7525 39
7526 39
7527 39
7528 39
7529 39
7530 39
7531 39
7532 39
7533 39
7534 39
7535 39
7536 39
7537 39
7538 39
7539 39
7540 39
7541 39
7542 39
7543 39
7544 39
7545 39
7546 39
7547 39
7548 39
7549 39
7550 39
7551 39
7552 39
7553 39
7554 39
7555 39
7556 39
7557 39
7558 39
7559 39
7560 39
7561 39
7562 39
7563 39
7564 39
7565 39
7566 39
7567 39
7568 39
7569 39
7570 39
7571 39
7572 39
7573 39
7574 39
7575 39
7576 39
7577 39
7578 39
7579 39
7580 39
7581 39
7582 39
7583 39
7584 39
7585 39
7586 39
7587 39
7588 39
7589 39
7590 39
7591 39
7592 39
7593 39
7594 39
7595 39
7596 39
7597 39
7598 39
7599 39
7600 39
7601 39
7602 39
7603 39
7604 39
7605 39
7606 39
7607 39
7608 39
7609 39
7610 39
7611 39
7612 39
7613 39
7614 39
7615 39
7616 39
7617 39
7618 39
7619 39
7620 39
7621 39
7622 39
7623 39
7624 39
7625 39
7626 39
7627 39
7628 39
7629 39
7630 39
7631 39
7632 39
7633 39
7634 39
7635 39
7636 39
7637 39
7638 39
7639 39
7640 39
7641 39
7642 39
7643 39
7644 39
7645 39
7646 39
7647 39
7648 39
7649 39
7650 39
7651 39
7652 39
7653 39
7654 39
7655 39
7656 39
7657 39
7658 39
7659 39
7660 39
7661 39
7662 39
7663 39
7664 39
7665 39
7666 39
7667 39
7668 39
7669 39
7670 39
7671 39
7672 39
7673 39
7674 39
7675 39
7676 39
7677 39
7678 39
7679 39
7680 39
7681 39
7682 39
7683 39
7684 39
7685 39
7686 39
7687 39
7688 39
7689 39
7690 39
7691 39
7692 39
7693 39
7694 39
7695 39
7696 39
7697 39
7698 39
7699 39
7700 39
7701 39
7702 39
7703 39
7704 39
7705 39
7706 39
7707 39
7708 39
7709 39
7710 39
7711 39
7712 39
7713 39
7714 39
7715 39
7716 39
7717 39
7718 39
7719 39
7720 39
7721 39
7722 39
7723 39
7724 39
7725 39
7726 39
7727 39
7728 39
7729 39
7730 39
7731 39
7732 39
7733 39
7734 39
7735 39
7736 39
7737 39
7738 39
7739 39
7740 39
7741 39
7742 39
7743 39
7744 39
7745 39
7746 39
7747 39
7748 39
7749 39
7750 39
7751 39
7752 39
7753 39
7754 39
7755 39
7756 39
7757 39
7758 39
7759 39
7760 39
7761 39
7762 39
7763 39
7764 39
7765 39
7766 39
7767 39
7768 39
7769 39
7770 39
7771 39
7772 39
7773 39
7774 39
7775 39
7776 39
7777 39
7778 39
7779 39
7780 39
7781 39
7782 39
7783 39
7784 39
7785 39
7786 39
7787 39
7788 39
7789 39
7790 39
7791 39
7792 39
7793 39
7794 39
7795 39
7796 39
7797 39
7798 39
7799 39
7800 39
7801 39
7802 39
7803 39
7804 39
7805 39
7806 39
7807 39
7808 39
7809 39
7810 39
7811 39
7812 39
7813 39
7814 39
7815 39
7816 39
7817 39
7818 39
7819 39
7820 39
7821 39
7822 39
7823 39
7824 39
7825 39
7826 39
7827 39
7828 39
7829 39
7830 39
7831 39
7832 39
7833 39
7834 39
7835 39
7836 39
7837 39
7838 39
7839 39
7840 39
7841 39
7842 39
7843 39
7844 39
7845 39
7846 39
7847 39
7848 39
7849 39
7850 39
7851 39
7852 39
7853 39
7854 39
7855 39
7856 39
7857 39
7858 39
7859 39
7860 39
7861 39
7862 39
7863 39
7864 39
7865 39
7866 39
7867 39
7868 39
7869 39
7870 39
7871 39
7872 39
7873 39
7874 39
7875 39
7876 39
7877 39
7878 39
7879 39
7880 39
7881 39
7882 39
7883 39
7884 39
7885 39
7886 39
7887 39
7888 39
7889 39
7890 39
7891 39
7892 39
7893 39
7894 39
7895 39
7896 39
7897 39
7898 39
7899 39
7900 39
7901 39
7902 39
7903 39
7904 39
7905 39
7906 39
7907 39
7908 39
7909 39
7910 39
7911 39
7912 39
7913 39
7914 39
7915 39
7916 39
7917 39
7918 39
7919 39
7920 40
7921 40
7922 40
7923 40
7924 40
7925 40
7926 40
7927 40
7928 40
7929 40
7930 40
7931 40
7932 40
7933 40
7934 40
7935 40
7936 40
7937 40
7938 40
7939 40
7940 40
7941 40
7942 40
7943 40
7944 40
7945 40
7946 40
7947 40
7948 40
7949 40
7950 40
7951 40
7952 40
7953 40
7954 40
7955 40
7956 40
7957 40
7958 40
7959 40
7960 40
7961 40
7962 40
7963 40
7964 40
7965 40
7966 40
7967 40
7968 40
7969 40
7970 40
7971 40
7972 40
7973 40
7974 40
7975 40
7976 40
7977 40
7978 40
7979 40
7980 40
7981 40
7982 40
7983 40
7984 40
7985 40
7986 40
7987 40
7988 40
7989 40
7990 40
7991 40
7992 40
7993 40
7994 40
7995 40
7996 40
7997 40
7998 40
7999 40
8000 40
8001 40
8002 40
8003 40
8004 40
8005 40
8006 40
8007 40
8008 40
8009 40
8010 40
8011 40
8012 40
8013 40
8014 40
8015 40
8016 40
8017 40
8018 40
8019 40
8020 40
8021 40
8022 40
8023 40
8024 40
8025 40
8026 40
8027 40
8028 40
8029 40
8030 40
8031 40
8032 40
8033 40
8034 40
8035 40
8036 40
8037 40
8038 40
8039 40
8040 40
8041 40
8042 40
8043 40
8044 40
8045 40
8046 40
8047 40
8048 40
8049 40
8050 40
8051 40
8052 40
8053 40
8054 40
8055 40
8056 40
8057 40
8058 40
8059 40
8060 40
8061 40
8062 40
8063 40
8064 40
8065 40
8066 40
8067 40
8068 40
8069 40
8070 40
8071 40
8072 40
8073 40
8074 40
8075 40
8076 40
8077 40
8078 40
8079 40
8080 40
8081 40
8082 40
8083 40
8084 40
8085 40
8086 40
8087 40
8088 40
8089 40
8090 40
8091 40
8092 40
8093 40
8094 40
8095 40
8096 40
8097 40
8098 40
8099 40
8100 40
8101 40
8102 40
8103 40
8104 40
8105 40
8106 40
8107 40
8108 40
8109 40
8110 40
8111 40
8112 40
8113 40
8114 40
8115 40
8116 40
8117 40
8118 40
8119 40
8120 40
8121 40
8122 40
8123 40
8124 40
8125 40
8126 40
8127 40
8128 40
8129 40
8130 40
8131 40
8132 40
8133 40
8134 40
8135 40
8136 40
8137 40
8138 40
8139 40
8140 40
8141 40
8142 40
8143 40
8144 40
8145 40
8146 40
8147 40
8148 40
8149 40
8150 40
8151 40
8152 40
8153 40
8154 40
8155 40
8156 40
8157 40
8158 40
8159 40
8160 40
8161 40
8162 40
8163 40
8164 40
8165 40
8166 40
8167 40
8168 40
8169 40
8170 40
8171 40
8172 40
8173 40
8174 40
8175 40
8176 40
8177 40
8178 40
8179 40
8180 40
8181 40
8182 40
8183 40
8184 40
8185 40
8186 40
8187 40
8188 40
8189 40
8190 40
8191 40
8192 40
8193 40
8194 40
8195 40
8196 40
8197 40
8198 40
8199 40
8200 40
8201 40
8202 40
8203 40
8204 40
8205 40
8206 40
8207 40
8208 40
8209 40
8210 40
8211 40
8212 40
8213 40
8214 40
8215 40
8216 40
8217 40
8218 40
8219 40
8220 40
8221 40
8222 40
8223 40
8224 40
8225 40
8226 40
8227 40
8228 40
8229 40
8230 40
8231 40
8232 40
8233 40
8234 40
8235 40
8236 40
8237 40
8238 40
8239 40
8240 40
8241 40
8242 40
8243 40
8244 40
8245 40
8246 40
8247 40
8248 40
8249 40
8250 40
8251 40
8252 40
8253 40
8254 40
8255 40
8256 40
8257 40
8258 40
8259 40
8260 40
8261 40
8262 40
8263 40
8264 40
8265 40
8266 40
8267 40
8268 40
8269 41
8270 41
8271 41
8272 41
8273 41
8274 41
8275 41
8276 41
8277 41
8278 41
8279 41
8280 41
8281 41
8282 41
8283 41
8284 41
8285 41
8286 41
8287 41
8288 41
8289 41
8290 41
8291 41
8292 41
8293 41
8294 41
8295 41
8296 41
8297 41
8298 41
8299 41
8300 41
8301 41
8302 41
8303 41
8304 41
8305 41
8306 41
8307 41
8308 41
8309 41
8310 41
8311 41
8312 41
8313 41
8314 41
8315 41
8316 41
8317 41
8318 41
8319 41
8320 41
8321 41
8322 41
8323 41
8324 41
8325 41
8326 41
8327 41
8328 41
8329 41
8330 41
8331 41
8332 41
8333 41
8334 41
8335 41
8336 41
8337 41
8338 41
8339 41
8340 41
8341 41
8342 41
8343 41
8344 41
8345 41
8346 41
8347 41
8348 41
8349 41
8350 41
8351 41
8352 41
8353 41
8354 41
8355 41
8356 41
8357 41
8358 41
8359 41
8360 41
8361 41
8362 41
8363 41
8364 41
8365 41
8366 41
8367 41
8368 41
8369 41
8370 41
8371 41
8372 41
8373 41
8374 41
8375 41
8376 41
8377 41
8378 41
8379 41
8380 41
8381 41
8382 41
8383 41
8384 41
8385 41
8386 41
8387 41
8388 41
8389 41
8390 41
8391 41
8392 41
8393 41
8394 41
8395 41
8396 41
8397 41
8398 41
8399 41
8400 41
8401 41
8402 41
8403 41
8404 41
8405 41
8406 41
8407 41
8408 41
8409 41
8410 41
8411 41
8412 41
8413 41
8414 41
8415 41
8416 41
8417 41
8418 41
8419 41
8420 41
8421 41
8422 41
8423 41
8424 41
8425 41
8426 41
8427 41
8428 41
8429 41
8430 41
8431 41
8432 41
8433 41
8434 41
8435 41
8436 41
8437 41
8438 41
8439 41
8440 41
8441 41
8442 41
8443 41
8444 41
8445 41
8446 41
8447 41
8448 41
8449 41
8450 41
8451 41
8452 41
8453 41
8454 41
8455 41
8456 41
8457 41
8458 41
8459 41
8460 41
8461 41
8462 41
8463 41
8464 41
8465 41
8466 41
8467 41
8468 41
8469 41
8470 41
8471 41
8472 41
8473 41
8474 41
8475 41
8476 41
8477 41
8478 41
8479 41
8480 41
8481 41
8482 41
8483 41
8484 41
8485 41
8486 41
8487 41
8488 41
8489 41
8490 41
8491 41
8492 41
8493 41
8494 41
8495 41
8496 41
8497 41
8498 41
8499 41
8500 41
8501 41
8502 41
8503 41
8504 41
8505 41
8506 41
8507 41
8508 41
8509 41
8510 41
8511 41
8512 41
8513 41
8514 41
8515 41
8516 41
8517 41
8518 41
8519 41
8520 41
8521 41
8522 41
8523 41
8524 41
8525 41
8526 41
8527 41
8528 41
8529 41
8530 41
8531 41
8532 41
8533 41
8534 41
8535 41
8536 41
8537 41
8538 41
8539 41
8540 41
8541 41
8542 41
8543 41
8544 41
8545 41
8546 41
8547 41
8548 41
8549 41
8550 41
8551 41
8552 41
8553 41
8554 41
8555 41
8556 41
8557 41
8558 41
8559 41
8560 41
8561 41
8562 41
8563 41
8564 41
8565 41
8566 41
8567 41
8568 41
8569 41
8570 41
8571 41
8572 41
8573 41
8574 41
8575 41
8576 41
8577 41
8578 41
8579 41
8580 41
8581 41
8582 41
8583 41
8584 41
8585 41
8586 41
8587 41
8588 41
8589 41
8590 41
8591 41
8592 41
8593 41
8594 41
8595 41
8596 41
8597 41
8598 41
8599 41
8600 41
8601 41
8602 41
8603 41
8604 41
8605 41
8606 41
8607 41
8608 41
8609 41
8610 41
8611 41
8612 41
8613 41
8614 41
8615 41
8616 41
8617 41
8618 41
8619 41
8620 41
8621 41
8622 41
8623 41
8624 41
8625 41
8626 41
8627 41
8628 41
8629 41
8630 41
8631 41
8632 41
8633 41
8634 41
8635 41
8636 41
8637 41
8638 41
8639 41
8640 41
8641 41
8642 41
8643 41
8644 41
8645 41
8646 41
8647 41
8648 41
8649 41
8650 41
8651 41
8652 41
8653 41
8654 41
8655 41
8656 41
8657 41
8658 41
8659 41
8660 41
8661 41
8662 41
8663 41
8664 41
8665 41
8666 41
8667 41
8668 41
8669 41
8670 41
8671 41
8672 41
8673 41
8674 41
8675 41
8676 41
8677 41
8678 41
8679 41
8680 41
8681 41
8682 41
8683 41
8684 41
8685 41
8686 41
8687 41
8688 41
8689 41
8690 41
8691 41
8692 41
8693 41
8694 41
8695 41
8696 41
8697 41
8698 41
8699 41
8700 41
8701 41
8702 41
8703 41
8704 41
8705 41
8706 41
8707 41
8708 41
8709 41
8710 41
8711 41
8712 41
8713 41
8714 41
8715 41
8716 41
8717 41
8718 41
8719 41
8720 41
8721 41
8722 41
8723 41
8724 41
8725 41
8726 41
8727 41
8728 41
8729 41
8730 41
8731 41
8732 41
8733 41
8734 41
8735 41
8736 41
8737 41
8738 41
8739 41
8740 41
8741 41
8742 41
8743 41
8744 41
8745 41
8746 41
8747 41
8748 41
8749 41
8750 41
8751 41
8752 41
8753 41
8754 41
8755 41
8756 41
8757 41
8758 41
8759 41
8760 41
8761 41
8762 41
8763 41
8764 41
8765 41
8766 41
8767 41
8768 41
8769 41
8770 41
8771 41
8772 41
8773 41
8774 41
8775 41
8776 41
8777 41
8778 41
8779 41
8780 41
8781 41
8782 41
8783 41
8784 41
8785 41
8786 41
8787 41
8788 41
8789 41
8790 41
8791 41
8792 41
8793 41
8794 41
8795 41
8796 41
8797 41
8798 41
8799 41
8800 41
8801 41
8802 41
8803 41
8804 41
8805 41
8806 41
8807 41
8808 41
8809 41
8810 41
8811 41
8812 41
8813 41
8814 41
8815 41
8816 41
8817 41
8818 41
8819 41
8820 41
8821 41
8822 41
8823 41
8824 41
8825 41
8826 41
8827 41
8828 41
8829 41
8830 41
8831 41
8832 41
8833 41
8834 41
8835 41
8836 41
8837 41
8838 41
8839 41
8840 41
8841 41
8842 41
8843 41
8844 41
8845 41
8846 41
8847 41
8848 41
8849 41
8850 41
8851 41
8852 41
8853 41
8854 41
8855 41
8856 41
8857 41
8858 41
8859 41
8860 41
8861 41
8862 41
8863 41
8864 41
8865 41
8866 41
8867 41
8868 41
8869 41
8870 41
8871 41
8872 41
8873 41
8874 41
8875 41
8876 41
8877 41
8878 41
8879 41
8880 41
8881 41
8882 41
8883 41
8884 41
8885 41
8886 41
8887 41
8888 41
8889 41
8890 41
8891 41
8892 41
8893 41
8894 41
8895 41
8896 41
8897 41
8898 41
8899 41
8900 41
8901 41
8902 41
8903 41
8904 41
8905 41
8906 41
8907 41
8908 41
8909 41
8910 41
8911 41
8912 41
8913 41
8914 41
8915 41
8916 41
8917 41
8918 41
8919 41
8920 41
8921 41
8922 41
8923 41
8924 41
8925 41
8926 41
8927 41
8928 41
8929 41
8930 41
8931 41
8932 41
8933 41
8934 41
8935 41
8936 41
8937 41
8938 41
8939 41
8940 41
8941 41
8942 41
8943 41
8944 41
8945 41
8946 41
8947 41
8948 41
8949 41
8950 41
8951 41
8952 41
8953 41
8954 41
8955 41
8956 41
8957 41
8958 41
8959 41
8960 41
8961 41
8962 41
8963 41
8964 41
8965 41
8966 41
8967 41
8968 41
8969 41
8970 41
8971 41
8972 41
8973 41
8974 41
8975 41
8976 41
8977 41
8978 41
8979 41
8980 41
8981 41
8982 41
8983 41
8984 41
8985 41
8986 41
8987 41
8988 41
8989 41
8990 41
8991 41
8992 41
8993 41
8994 41
8995 41
8996 41
8997 41
8998 41
8999 41
9000 41
9001 41
9002 41
9003 41
9004 41
9005 41
9006 41
9007 41
9008 41
9009 41
9010 41
9011 41
9012 41
9013 41
9014 41
9015 41
9016 41
9017 41
9018 41
9019 41
9020 41
9021 41
9022 41
9023 41
9024 41
9025 41
9026 41
9027 41
9028 41
9029 41
9030 41
9031 41
9032 41
9033 41
9034 41
9035 41
9036 41
9037 41
9038 41
9039 41
9040 41
9041 41
9042 41
9043 41
9044 41
9045 41
9046 41
9047 41
9048 41
9049 41
9050 41
9051 41
9052 41
9053 41
9054 41
9055 41
9056 41
9057 41
9058 41
9059 41
9060 41
9061 41
9062 41
9063 41
9064 41
9065 41
9066 41
9067 41
9068 41
9069 41
9070 41
9071 41
9072 41
9073 41
9074 41
9075 41
9076 41
9077 41
9078 41
9079 41
9080 41
9081 41
9082 41
9083 41
9084 41
9085 41
9086 41
9087 41
9088 41
9089 41
9090 41
9091 41
9092 41
9093 41
9094 41
9095 41
9096 41
9097 41
9098 41
9099 41
9100 41
9101 41
9102 41
9103 41
9104 41
9105 41
9106 41
9107 41
9108 41
9109 41
9110 41
9111 41
9112 41
9113 41
9114 41
9115 41
9116 41
9117 41
9118 41
9119 41
9120 41
9121 41
9122 41
9123 41
9124 41
9125 41
9126 41
9127 41
9128 41
9129 41
9130 41
9131 41
9132 41
9133 41
9134 41
9135 41
9136 41
9137 41
9138 41
9139 41
9140 41
9141 41
9142 41
9143 41
9144 41
9145 41
9146 41
9147 41
9148 41
9149 41
9150 41
9151 41
9152 41
9153 41
9154 41
9155 41
9156 41
9157 41
9158 41
9159 41
9160 41
9161 41
9162 41
9163 41
9164 41
9165 41
9166 41
9167 41
9168 41
9169 41
9170 41
9171 41
9172 41
9173 41
9174 41
9175 41
9176 41
9177 41
9178 41
9179 41
9180 41
9181 41
9182 41
9183 41
9184 41
9185 41
9186 41
9187 41
9188 41
9189 41
9190 41
9191 41
9192 41
9193 41
9194 41
9195 41
9196 41
9197 41
9198 41
9199 41
9200 41
9201 41
9202 41
9203 41
9204 41
9205 41
9206 41
9207 41
9208 41
9209 41
9210 41
9211 41
9212 41
9213 41
9214 41
9215 41
9216 41
9217 41
9218 41
9219 41
9220 41
9221 41
9222 41
9223 41
9224 41
9225 41
9226 41
9227 41
9228 42
9229 42
9230 42
9231 42
9232 42
9233 42
9234 42
9235 42
9236 42
9237 42
9238 42
9239 42
9240 42
9241 42
9242 42
9243 42
9244 42
9245 42
9246 42
9247 42
9248 42
9249 42
9250 42
9251 42
9252 42
9253 42
9254 42
9255 42
9256 42
9257 42
9258 42
9259 42
9260 42
9261 42
9262 42
9263 42
9264 42
9265 42
9266 42
9267 42
9268 42
9269 42
9270 42
9271 42
9272 42
9273 42
9274 42
9275 42
9276 42
9277 42
9278 42
9279 42
9280 42
9281 42
9282 42
9283 42
9284 42
9285 42
9286 42
9287 42
9288 42
9289 42
9290 42
9291 42
9292 42
9293 42
9294 42
9295 42
9296 42
9297 42
9298 42
9299 42
9300 42
9301 42
9302 42
9303 42
9304 42
9305 42
9306 42
9307 42
9308 42
9309 42
9310 42
9311 42
9312 42
9313 42
9314 42
9315 42
9316 42
9317 42
9318 42
9319 42
9320 42
9321 42
9322 42
9323 42
9324 42
9325 42
9326 42
9327 42
9328 42
9329 42
9330 42
9331 42
9332 42
9333 42
9334 42
9335 42
9336 42
9337 42
9338 42
9339 42
9340 42
9341 42
9342 42
9343 42
9344 42
9345 42
9346 42
9347 42
9348 42
9349 42
9350 42
9351 42
9352 42
9353 42
9354 42
9355 42
9356 42
9357 42
9358 42
9359 42
9360 42
9361 42
9362 42
9363 42
9364 42
9365 42
9366 42
9367 42
9368 42
9369 42
9370 42
9371 42
9372 42
9373 42
9374 42
9375 42
9376 42
9377 42
9378 42
9379 42
9380 42
9381 42
9382 42
9383 42
9384 42
9385 42
9386 42
9387 42
9388 42
9389 42
9390 42
9391 42
9392 42
9393 42
9394 42
9395 42
9396 42
9397 42
9398 42
9399 42
9400 42
9401 42
9402 42
9403 42
9404 42
9405 42
9406 42
9407 42
9408 42
9409 42
9410 42
9411 42
9412 42
9413 42
9414 42
9415 42
9416 42
9417 42
9418 42
9419 42
9420 42
9421 42
9422 42
9423 42
9424 42
9425 42
9426 42
9427 42
9428 42
9429 42
9430 42
9431 42
9432 42
9433 42
9434 42
9435 42
9436 42
9437 42
9438 42
9439 42
9440 42
9441 42
9442 42
9443 42
9444 42
9445 42
9446 42
9447 42
9448 42
9449 42
9450 42
9451 42
9452 42
9453 42
9454 42
9455 42
9456 42
9457 42
9458 42
9459 42
9460 42
9461 42
9462 42
9463 42
9464 42
9465 42
9466 42
9467 42
9468 42
9469 42
9470 42
9471 42
9472 42
9473 42
9474 42
9475 42
9476 42
9477 42
9478 42
9479 42
9480 42
9481 42
9482 42
9483 42
9484 42
9485 42
9486 42
9487 42
9488 42
9489 42
9490 42
9491 42
9492 42
9493 42
9494 42
9495 42
9496 42
9497 42
9498 42
9499 42
9500 42
9501 42
9502 42
9503 42
9504 42
9505 42
9506 42
9507 42
9508 42
9509 42
9510 42
9511 42
9512 42
9513 42
9514 42
9515 42
9516 42
9517 42
9518 42
9519 42
9520 42
9521 42
9522 42
9523 42
9524 42
9525 42
9526 42
9527 42
9528 42
9529 42
9530 42
9531 42
9532 42
9533 42
9534 42
9535 42
9536 42
9537 42
9538 42
9539 42
9540 42
9541 42
9542 42
9543 42
9544 42
9545 42
9546 42
9547 42
9548 42
9549 42
9550 42
9551 42
9552 42
9553 42
9554 42
9555 42
9556 42
9557 42
9558 42
9559 42
9560 42
9561 42
9562 42
9563 42
9564 42
9565 42
9566 42
9567 42
9568 42
9569 42
9570 42
9571 42
9572 42
9573 42
9574 42
9575 42
9576 42
9577 42
9578 42
9579 42
9580 42
9581 42
9582 42
9583 42
9584 42
9585 42
9586 42
9587 42
9588 42
9589 42
9590 42
9591 42
9592 42
9593 42
9594 42
9595 42
9596 42
9597 42
9598 42
9599 42
9600 42
9601 42
9602 42
9603 42
9604 42
9605 42
9606 42
9607 42
9608 42
9609 42
9610 42
9611 42
9612 42
9613 42
9614 42
9615 42
9616 42
9617 42
9618 42
9619 42
9620 42
9621 42
9622 42
9623 42
9624 42
9625 42
9626 42
9627 42
9628 42
9629 42
9630 42
9631 42
9632 42
9633 42
9634 42
9635 42
9636 42
9637 42
9638 42
9639 42
9640 42
9641 42
9642 42
9643 42
9644 42
9645 42
9646 42
9647 42
9648 42
9649 42
9650 42
9651 42
9652 42
9653 42
9654 42
9655 42
9656 42
9657 42
9658 42
9659 42
9660 42
9661 42
9662 42
9663 42
9664 42
9665 42
9666 42
9667 42
9668 42
9669 42
9670 42
9671 42
9672 42
9673 42
9674 42
9675 42
9676 42
9677 42
9678 42
9679 42
9680 42
9681 42
9682 42
9683 42
9684 42
9685 42
9686 42
9687 42
9688 42
9689 42
9690 42
9691 42
9692 42
9693 42
9694 42
9695 42
9696 42
9697 42
9698 42
9699 42
9700 42
9701 42
9702 42
9703 42
9704 42
9705 42
9706 42
9707 42
9708 42
9709 42
9710 42
9711 42
9712 42
9713 42
9714 42
9715 42
9716 42
9717 42
9718 42
9719 42
9720 42
9721 42
9722 42
9723 42
9724 42
9725 42
9726 42
9727 42
9728 42
9729 42
9730 42
9731 42
9732 42
9733 42
9734 42
9735 42
9736 42
9737 42
9738 42
9739 42
9740 42
9741 42
9742 42
9743 42
9744 42
9745 42
9746 42
9747 42
9748 42
9749 42
9750 42
9751 42
9752 42
9753 42
9754 42
9755 42
9756 42
9757 42
9758 42
9759 42
9760 42
9761 42
9762 42
9763 42
9764 42
9765 42
9766 42
9767 42
9768 42
9769 42
9770 42
9771 42
9772 42
9773 42
9774 42
9775 42
9776 42
9777 42
9778 42
9779 42
9780 42
9781 42
9782 42
9783 42
9784 42
9785 42
9786 42
9787 42
9788 42
9789 42
9790 42
9791 42
9792 42
9793 42
9794 42
9795 42
9796 42
9797 42
9798 42
9799 42
9800 42
9801 42
9802 42
9803 42
9804 42
9805 42
9806 42
9807 42
9808 42
9809 42
9810 42
9811 42
9812 42
9813 42
9814 42
9815 42
9816 42
9817 42
9818 42
9819 42
9820 42
9821 42
9822 42
9823 42
9824 42
9825 42
9826 42
9827 42
9828 42
9829 42
9830 42
9831 42
9832 42
9833 42
9834 42
9835 42
9836 42
9837 42
9838 42
9839 42
9840 42
9841 42
9842 42
9843 42
9844 42
9845 42
9846 42
9847 42
9848 42
9849 42
9850 42
9851 42
9852 42
9853 42
9854 42
9855 42
9856 42
9857 42
9858 42
9859 42
9860 42
9861 42
9862 42
9863 42
9864 42
9865 42
9866 42
9867 42
9868 42
9869 42
9870 42
9871 42
9872 42
9873 42
9874 42
9875 42
9876 42
9877 42
9878 42
9879 42
9880 42
9881 42
9882 42
9883 42
9884 42
9885 42
9886 42
9887 42
9888 42
9889 42
9890 42
9891 42
9892 42
9893 42
9894 42
9895 42
9896 42
9897 42
9898 42
9899 42
9900 42
9901 42
9902 42
9903 42
9904 42
9905 42
9906 42
9907 42
9908 42
9909 42
9910 42
9911 42
9912 42
9913 42
9914 42
9915 42
9916 42
9917 42
9918 42
9919 42
9920 42
9921 42
9922 42
9923 42
9924 42
9925 42
9926 42
9927 42
9928 42
9929 43
9930 43
9931 43
9932 43
9933 43
9934 43
9935 43
9936 43
9937 43
9938 43
9939 43
9940 43
9941 43
9942 43
9943 43
9944 43
9945 43
9946 43
9947 43
9948 43
9949 43
9950 43
9951 43
9952 43
9953 43
9954 43
9955 43
9956 43
9957 43
9958 43
9959 43
9960 43
9961 43
9962 43
9963 43
9964 43
9965 43
9966 43
9967 43
9968 43
9969 43
9970 43
9971 43
9972 43
9973 43
9974 43
9975 43
9976 43
9977 43
9978 43
9979 43
9980 43
9981 43
9982 43
9983 43
9984 43
9985 43
9986 43
9987 43
9988 43
9989 43
9990 43
9991 43
9992 43
9993 43
9994 43
9995 43
9996 43
9997 43
9998 43
9999 43
10000 43
