0 8
1 8
2 8
3 15
4 10
5 8
6 7
7 4
8 10
9 5
10 5
11 5
12 9
13 11
14 4
15 10
16 8
17 4
18 13
19 7
20 10
21 10
22 5
23 3
24 5
25 7
26 5
27 5
28 9
29 7
30 4
31 7
32 15
33 6
34 6
35 7
36 7
37 7
38 12
39 3
40 5
41 4
42 3
43 5
44 7
45 6
46 10
47 4
48 7
49 12
50 7
51 7
52 14
53 10
54 6
55 4
56 2
57 7
58 6
59 6
60 5
61 5
62 8
63 2
64 7
65 4
66 6
67 7
68 11
69 8
70 3
71 2
72 10
73 10
74 5
75 3
76 10
77 7
78 5
79 3
80 7
81 3
82 7
83 4
84 10
85 5
86 4
87 5
88 8
89 10
90 4
91 7
92 7
93 8
94 4
95 7
96 5
97 6
98 3
99 5
100 4
101 11
102 3
103 2
104 3
105 4
106 9
107 6
108 4
109 5
110 6
111 6
112 6
113 8
114 7
115 6
116 4
117 4
118 7
119 7
120 4
121 4
122 8
123 7
124 6
125 4
126 6
127 8
128 7
129 8
130 4
131 6
132 7
133 6
134 6
135 4
136 7
137 3
138 2
139 8
140 2
141 7
142 3
143 7
144 5
145 8
146 6
147 5
148 6
149 2
150 4
151 5
152 10
153 4
154 8
155 6
156 6
157 7
158 7
159 4
160 3
161 7
162 5
163 2
164 6
165 5
166 2
167 7
168 6
169 3
170 6
171 5
172 4
173 7
174 3
175 5
176 4
177 7
178 4
179 2
180 2
181 4
182 8
183 3
184 6
185 6
186 7
187 4
188 5
189 4
190 7
191 5
192 3
193 3
194 5
195 6
196 5
197 7
198 4
199 2
200 4
201 5
202 6
203 5
204 7
205 2
206 7
207 5
208 5
209 2
210 3
211 7
212 4
213 3
214 9
215 7
216 5
217 8
218 7
219 6
220 3
221 3
222 6
223 5
224 5
225 5
226 4
227 6
228 5
229 4
230 7
231 6
232 3
233 2
234 3
235 3
236 3
237 3
238 5
239 5
240 7
241 3
242 5
243 2
244 1
245 5
246 5
247 5
248 8
249 6
250 4
251 2
252 4
253 3
254 7
255 6
256 2
257 9
258 4
259 3
260 1
261 5
262 4
263 4
264 7
265 2
266 8
267 4
268 3
269 5
270 2
271 3
272 5
273 4
274 5
275 4
276 5
277 4
278 8
279 7
280 4
281 3
282 4
283 6
284 6
285 6
286 5
287 6
288 6
289 4
290 3
291 4
292 2
293 6
294 5
295 6
296 5
297 3
298 5
299 3
300 5
301 3
302 6
303 8
304 5
305 2
306 2
307 6
308 3
309 8
310 6
311 5
312 7
313 3
314 6
315 3
316 4
317 6
318 4
319 5
320 3
321 5
322 4
323 5
324 6
325 4
326 4
327 5
328 4
329 4
330 4
331 2
332 5
333 8
334 6
335 5
336 3
337 4
338 2
339 5
340 3
341 4
342 2
343 6
344 7
345 6
346 6
347 3
348 5
349 4
350 1
351 6
352 4
353 2
354 5
355 6
356 4
357 6
358 7
359 7
360 9
361 7
362 5
363 5
364 4
365 9
366 5
367 5
368 4
369 4
370 3
371 6
372 4
373 4
374 5
375 6
376 6
377 3
378 3
379 5
380 3
381 5
382 5
383 3
384 5
385 5
386 5
387 7
388 2
389 1
390 4
391 7
392 2
393 5
394 2
395 2
396 4
397 4
398 5
399 3
400 5
401 6
402 9
403 3
404 4
405 6
406 1
407 4
408 5
409 4
410 3
411 3
412 6
413 3
414 4
415 5
416 2
417 7
418 3
419 2
420 3
421 7
422 3
423 2
424 6
425 3
426 6
427 5
428 6
429 3
430 5
431 3
432 7
433 3
434 3
435 6
436 4
437 2
438 5
439 5
440 5
441 8
442 2
443 3
444 7
445 5
446 2
447 3
448 11
449 4
450 4
451 3
452 4
453 3
454 3
455 3
456 4
457 3
458 3
459 4
460 1
461 4
462 4
463 3
464 3
465 5
466 4
467 3
468 6
469 1
470 3
471 3
472 3
473 5
474 3
475 4
476 5
477 6
478 4
479 2
480 3
481 3
482 8
483 4
484 3
485 6
486 4
487 4
488 1
489 2
490 3
491 2
492 4
493 5
494 6
495 4
496 3
497 2
498 3
499 4
500 5
501 2
502 2
503 2
504 4
505 3
506 2
507 5
508 4
509 3
510 4
511 2
512 4
513 5
514 4
515 2
516 5
517 2
518 4
519 2
520 4
521 2
522 3
523 5
524 5
525 4
526 1
527 3
528 5
529 3
530 1
531 7
532 6
533 3
534 6
535 7
536 3
537 1
538 5
539 4
540 5
541 1
542 1
543 3
544 4
545 6
546 8
547 7
548 7
549 3
550 4
551 4
552 3
553 2
554 3
555 3
556 3
557 3
558 4
559 2
560 2
561 1
562 6
563 3
564 4
565 4
566 5
567 4
568 2
569 3
570 2
571 5
572 3
573 2
574 2
575 3
576 8
577 5
578 2
579 6
580 5
581 4
582 1
583 5
584 1
585 5
586 8
587 4
588 6
589 2
590 3
591 3
592 3
593 3
594 4
595 4
596 3
597 4
598 3
599 1
600 4
601 2
602 5
603 8
604 3
605 2
606 3
607 6
608 3
609 3
610 5
611 5
612 1
613 3
614 3
615 2
616 5
617 5
618 5
619 2
620 3
621 2
622 4
623 6
624 1
625 4
626 4
627 2
628 4
629 6
630 4
631 3
632 2
633 5
634 5
635 4
636 4
637 4
638 4
639 8
640 5
641 4
642 3
643 5
644 5
645 4
646 3
647 3
648 2
649 3
650 7
651 4
652 6
653 2
654 4
655 2
656 2
657 4
658 1
659 2
660 5
661 4
662 5
663 5
664 2
665 2
666 3
667 5
668 4
669 3
670 5
671 5
672 3
673 6
674 3
675 2
676 5
677 3
678 2
679 6
680 3
681 3
682 1
683 3
684 4
685 3
686 5
687 2
688 2
689 4
690 4
691 5
692 5
693 4
694 4
695 2
696 5
697 1
698 3
699 3
700 6
701 4
702 2
703 8
704 3
705 2
706 4
707 3
708 4
709 5
710 2
711 2
712 1
713 2
714 3
715 3
716 2
717 2
718 2
719 3
720 4
721 1
722 4
723 3
724 1
725 5
726 3
727 5
728 1
729 2
730 4
731 4
732 2
733 2
734 2
735 4
736 3
737 3
738 3
739 4
740 5
741 4
742 1
743 3
744 2
745 2
746 3
747 3
748 2
749 10
750 1
751 1
752 4
753 1
754 1
755 4
756 2
757 3
758 2
759 1
760 4
761 5
762 6
763 3
764 1
765 2
766 4
767 2
768 3
769 3
770 2
771 3
772 3
773 4
774 3
775 4
776 3
777 4
778 4
779 2
780 4
781 2
782 5
783 3
784 6
785 3
786 4
787 4
788 2
789 3
790 4
791 2
792 5
793 3
794 6
795 3
796 3
797 6
798 4
799 4
800 2
801 5
802 4
803 4
804 4
805 7
806 2
807 2
808 6
809 4
810 4
811 3
812 4
813 5
814 1
815 5
816 1
817 4
818 2
819 2
820 3
821 4
822 4
823 3
824 5
825 4
826 3
827 3
828 2
829 5
830 2
831 5
832 6
833 5
834 2
835 2
836 3
837 4
838 1
839 4
840 3
841 2
842 7
843 4
844 7
845 2
846 5
847 1
848 3
849 3
850 5
851 4
852 4
853 4
854 4
855 2
856 4
857 1
858 3
859 3
860 7
861 3
862 3
863 4
864 3
865 3
866 1
867 1
868 5
869 4
870 6
871 2
872 2
873 1
874 4
875 4
876 3
877 4
878 5
879 2
880 5
881 2
882 2
883 2
884 4
885 3
886 5
887 2
888 4
889 5
890 2
891 5
892 5
893 4
894 7
895 3
896 7
897 3
898 3
899 3
900 2
901 5
902 3
903 5
904 3
905 4
906 4
907 4
908 5
909 2
910 2
911 8
912 2
913 1
914 2
915 3
916 4
917 4
918 5
919 2
920 1
921 5
922 1
923 2
924 3
925 3
926 7
927 2
928 4
929 2
930 5
931 5
932 3
933 6
934 1
935 2
936 2
937 2
938 3
939 2
940 2
941 1
942 2
943 3
944 4
945 2
946 2
947 3
948 1
949 3
950 4
951 3
952 4
953 3
954 3
955 1
956 3
957 4
958 4
959 6
960 4
961 4
962 3
963 2
964 2
965 3
966 4
967 5
968 3
969 3
970 3
971 3
972 4
973 4
974 1
975 5
976 5
977 4
978 6
979 3
980 4
981 5
982 3
983 5
984 2
985 1
986 5
987 4
988 3
989 1
990 6
991 3
992 3
993 2
994 5
995 2
996 3
997 3
998 5
999 2
1000 4
1001 3
1002 5
1003 1
1004 3
1005 1
1006 4
1007 2
1008 1
1009 5
1010 1
1011 2
1012 4
1013 2
1014 1
1015 2
1016 2
1017 2
1018 5
1019 2
1020 2
1021 2
1022 5
1023 3
1024 5
1025 2
1026 2
1027 1
1028 2
1029 2
1030 2
1031 2
1032 2
1033 1
1034 4
1035 4
1036 2
1037 3
1038 2
1039 6
1040 2
1041 4
1042 4
1043 3
1044 5
1045 5
1046 3
1047 2
1048 3
1049 2
1050 3
1051 5
1052 4
1053 3
1054 2
1055 1
1056 3
1057 6
1058 3
1059 2
1060 4
1061 2
1062 4
1063 1
1064 4
1065 5
1066 2
1067 1
1068 5
1069 1
1070 6
1071 6
1072 4
1073 3
1074 4
1075 4
1076 5
1077 1
1078 2
1079 2
1080 3
1081 3
1082 3
1083 3
1084 3
1085 7
1086 2
1087 3
1088 2
1089 1
1090 2
1091 5
1092 4
1093 6
1094 3
1095 4
1096 2
1097 1
1098 2
1099 2
1100 3
1101 5
1102 3
1103 1
1104 2
1105 3
1106 1
1107 2
1108 1
1109 3
1110 7
1111 3
1112 3
1113 1
1114 1
1115 4
1116 6
1117 4
1118 2
1119 6
1120 3
1121 1
1122 1
1123 4
1124 3
1125 5
1126 2
1127 2
1128 3
1129 2
1130 2
1131 1
1132 2
1133 5
1134 3
1135 1
1136 3
1137 3
1138 3
1139 2
1140 4
1141 2
1142 2
1143 2
1144 3
1145 2
1146 2
1147 3
1148 4
1149 2
1150 4
1151 5
1152 5
1153 2
1154 4
1155 1
1156 1
1157 3
1158 5
1159 4
1160 2
1161 2
1162 2
1163 3
1164 1
1165 5
1166 2
1167 1
1168 5
1169 3
1170 3
1171 6
1172 4
1173 3
1174 4
1175 4
1176 2
1177 3
1178 3
1179 4
1180 3
1181 1
1182 3
1183 2
1184 2
1185 3
1186 5
1187 3
1188 2
1189 6
1190 4
1191 3
1192 2
1193 2
1194 5
1195 2
1196 1
1197 3
1198 3
1199 1
1200 5
1201 4
1202 4
1203 5
1204 2
1205 2
1206 3
1207 2
1208 2
1209 2
1210 4
1211 2
1212 2
1213 3
1214 3
1215 3
1216 2
1217 6
1218 6
1219 4
1220 6
1221 2
1222 3
1223 5
1224 2
1225 4
1226 2
1227 3
1228 1
1229 4
1230 1
1231 3
1232 4
1233 2
1234 5
1235 6
1236 3
1237 3
1238 4
1239 4
1240 5
1241 3
1242 2
1243 4
1244 3
1245 4
1246 4
1247 3
1248 4
1249 5
1250 5
1251 3
1252 5
1253 2
1254 2
1255 2
1256 4
1257 4
1258 1
1259 5
1260 4
1261 1
1262 2
1263 3
1264 5
1265 4
1266 2
1267 3
1268 2
1269 3
1270 3
1271 2
1272 1
1273 3
1274 7
1275 4
1276 1
1277 2
1278 1
1279 4
1280 2
1281 4
1282 2
1283 3
1284 6
1285 3
1286 5
1287 2
1288 1
1289 1
1290 2
1291 4
1292 4
1293 2
1294 1
1295 5
1296 5
1297 3
1298 4
1299 2
1300 1
1301 7
1302 3
1303 2
1304 6
1305 2
1306 2
1307 1
1308 3
1309 3
1310 5
1311 10
1312 3
1313 2
1314 3
1315 3
1316 1
1317 4
1318 1
1319 2
1320 3
1321 3
1322 6
1323 6
1324 4
1325 2
1326 3
1327 1
1328 3
1329 2
1330 2
1331 2
1332 2
1333 3
1334 1
1335 5
1336 3
1337 2
1338 2
1339 4
1340 5
1341 3
1342 1
1343 3
1344 5
1345 2
1346 4
1347 3
1348 4
1349 2
1350 3
1351 1
1352 1
1353 3
1354 4
1355 5
1356 2
1357 1
1358 2
1359 4
1360 2
1361 3
1362 3
1363 5
1364 3
1365 4
1366 3
1367 3
1368 5
1369 1
1370 4
1371 4
1372 2
1373 5
1374 2
1375 1
1376 6
1377 3
1378 3
1379 2
1380 5
1381 6
1382 3
1383 4
1384 3
1385 5
1386 1
1387 1
1388 4
1389 2
1390 4
1391 1
1392 3
1393 1
1394 3
1395 6
1396 2
1397 2
1398 4
1399 3
1400 2
1401 5
1402 4
1403 1
1404 3
1405 4
1406 1
1407 1
1408 1
1409 4
1410 2
1411 3
1412 3
1413 1
1414 2
1415 3
1416 1
1417 2
1418 2
1419 3
1420 1
1421 5
1422 4
1423 3
1424 3
1425 1
1426 3
1427 3
1428 3
1429 6
1430 2
1431 2
1432 4
1433 2
1434 2
1435 2
1436 1
1437 3
1438 2
1439 2
1440 4
1441 4
1442 2
1443 3
1444 2
1445 3
1446 4
1447 3
1448 1
1449 3
1450 3
1451 4
1452 3
1453 3
1454 1
1455 1
1456 3
1457 1
1458 3
1459 3
1460 3
1461 6
1462 3
1463 1
1464 3
1465 4
1466 2
1467 3
1468 4
1469 4
1470 3
1471 5
1472 6
1473 4
1474 1
1475 4
1476 3
1477 2
1478 4
1479 2
1480 2
1481 2
1482 1
1483 1
1484 3
1485 4
1486 3
1487 1
1488 2
1489 3
1490 3
1491 4
1492 6
1493 4
1494 2
1495 2
1496 4
1497 3
1498 1
1499 3
1500 4
1501 3
1502 2
1503 2
1504 5
1505 2
1506 4
1507 7
1508 2
1509 5
1510 4
1511 2
1512 3
1513 3
1514 3
1515 4
1516 4
1517 1
1518 2
1519 3
1520 1
1521 1
1522 2
1523 2
1524 1
1525 3
1526 4
1527 4
1528 2
1529 4
1530 5
1531 2
1532 2
1533 3
1534 2
1535 1
1536 3
1537 1
1538 4
1539 6
1540 2
1541 4
1542 1
1543 6
1544 3
1545 1
1546 6
1547 3
1548 5
1549 5
1550 2
1551 2
1552 2
1553 3
1554 1
1555 4
1556 2
1557 2
1558 4
1559 4
1560 3
1561 1
1562 3
1563 3
1564 4
1565 3
1566 4
1567 4
1568 2
1569 5
1570 4
1571 5
1572 3
1573 3
1574 1
1575 1
1576 5
1577 2
1578 3
1579 4
1580 6
1581 4
1582 5
1583 2
1584 4
1585 3
1586 4
1587 3
1588 2
1589 2
1590 1
1591 3
1592 5
1593 4
1594 1
1595 1
1596 5
1597 4
1598 4
1599 2
1600 6
1601 3
1602 1
1603 5
1604 3
1605 6
1606 3
1607 3
1608 2
1609 3
1610 5
1611 3
1612 4
1613 1
1614 2
1615 7
1616 1
1617 1
1618 1
1619 3
1620 3
1621 5
1622 5
1623 2
1624 3
1625 2
1626 2
1627 4
1628 1
1629 2
1630 1
1631 1
1632 3
1633 1
1634 4
1635 1
1636 1
1637 2
1638 4
1639 2
1640 3
1641 3
1642 2
1643 2
1644 3
1645 2
1646 3
1647 3
1648 2
1649 1
1650 3
1651 3
1652 1
1653 5
1654 3
1655 4
1656 4
1657 2
1658 3
1659 4
1660 4
1661 2
1662 3
1663 3
1664 4
1665 3
1666 1
1667 3
1668 5
1669 5
1670 5
1671 5
1672 3
1673 1
1674 2
1675 4
1676 3
1677 2
1678 1
1679 5
1680 4
1681 4
1682 3
1683 3
1684 3
1685 3
1686 1
1687 2
1688 5
1689 2
1690 5
1691 2
1692 3
1693 1
1694 2
1695 4
1696 1
1697 4
1698 4
1699 1
1700 1
1701 1
1702 3
1703 2
1704 2
1705 2
1706 3
1707 2
1708 5
1709 3
1710 2
1711 3
1712 1
1713 2
1714 3
1715 4
1716 3
1717 1
1718 2
1719 4
1720 3
1721 2
1722 2
1723 1
1724 2
1725 3
1726 2
1727 5
1728 2
1729 2
1730 3
1731 4
1732 2
1733 3
1734 3
1735 4
1736 1
1737 3
1738 1
1739 3
1740 3
1741 3
1742 5
1743 2
1744 5
1745 1
1746 1
1747 2
1748 3
1749 5
1750 4
1751 5
1752 2
1753 3
1754 4
1755 3
1756 5
1757 2
1758 5
1759 4
1760 2
1761 2
1762 1
1763 3
1764 3
1765 1
1766 5
1767 5
1768 2
1769 3
1770 5
1771 1
1772 4
1773 4
1774 3
1775 5
1776 2
1777 3
1778 4
1779 3
1780 2
1781 2
1782 3
1783 3
1784 3
1785 3
1786 5
1787 2
1788 4
1789 9
1790 1
1791 3
1792 3
1793 3
1794 2
1795 3
1796 2
1797 4
1798 1
1799 3
1800 1
1801 2
1802 3
1803 2
1804 2
1805 2
1806 2
1807 2
1808 4
1809 4
1810 3
1811 2
1812 5
1813 3
1814 3
1815 3
1816 3
1817 4
1818 1
1819 3
1820 3
1821 2
1822 5
1823 1
1824 3
1825 1
1826 6
1827 2
1828 1
1829 4
1830 1
1831 5
1832 2
1833 4
1834 2
1835 2
1836 2
1837 2
1838 2
1839 4
1840 1
1841 3
1842 3
1843 3
1844 1
1845 3
1846 5
1847 4
1848 5
1849 4
1850 5
1851 1
1852 2
1853 1
1854 4
1855 1
1856 7
1857 4
1858 4
1859 3
1860 3
1861 4
1862 4
1863 3
1864 1
1865 2
1866 5
1867 1
1868 2
1869 3
1870 4
1871 3
1872 2
1873 3
1874 1
1875 3
1876 2
1877 1
1878 2
1879 2
1880 2
1881 2
1882 3
1883 2
1884 2
1885 3
1886 3
1887 3
1888 3
1889 1
1890 3
1891 2
1892 1
1893 4
1894 2
1895 4
1896 3
1897 2
1898 3
1899 3
1900 4
1901 1
1902 3
1903 3
1904 2
1905 4
1906 5
1907 3
1908 4
1909 3
1910 2
1911 1
1912 1
1913 2
1914 2
1915 2
1916 2
1917 6
1918 5
1919 4
1920 4
1921 4
1922 3
1923 3
1924 2
1925 5
1926 2
1927 2
1928 6
1929 3
1930 3
1931 3
1932 1
1933 2
1934 2
1935 4
1936 2
1937 3
1938 1
1939 3
1940 1
1941 1
1942 3
1943 3
1944 3
1945 3
1946 2
1947 1
1948 3
1949 1
1950 5
1951 2
1952 1
1953 1
1954 3
1955 3
1956 4
1957 3
1958 4
1959 1
1960 2
1961 2
1962 2
1963 2
1964 5
1965 2
1966 2
1967 3
1968 3
1969 2
1970 4
1971 1
1972 2
1973 2
1974 2
1975 1
1976 2
1977 4
1978 4
1979 2
1980 3
1981 2
1982 4
1983 3
1984 1
1985 3
1986 1
1987 1
1988 2
1989 1
1990 1
1991 2
1992 3
1993 3
1994 2
1995 2
1996 1
1997 2
1998 3
1999 7
2000 4
2001 1
2002 5
2003 3
2004 5
2005 3
2006 2
2007 1
2008 3
2009 1
2010 3
2011 2
2012 2
2013 3
2014 3
2015 2
2016 5
2017 3
2018 4
2019 2
2020 1
2021 2
2022 1
2023 4
2024 2
2025 2
2026 3
2027 3
2028 5
2029 4
2030 2
2031 5
2032 2
2033 4
2034 3
2035 2
2036 3
2037 1
2038 3
2039 1
2040 4
2041 4
2042 3
2043 2
2044 3
2045 3
2046 1
2047 4
2048 3
2049 3
2050 2
2051 2
2052 2
2053 1
2054 3
2055 4
2056 1
2057 2
2058 3
2059 5
2060 3
2061 2
2062 3
2063 3
2064 5
2065 3
2066 1
2067 3
2068 6
2069 2
2070 2
2071 4
2072 2
2073 3
2074 1
2075 4
2076 2
2077 2
2078 1
2079 2
2080 2
2081 2
2082 2
2083 1
2084 2
2085 5
2086 2
2087 3
2088 2
2089 1
2090 2
2091 2
2092 2
2093 2
2094 1
2095 4
2096 4
2097 4
2098 2
2099 4
2100 1
2101 3
2102 4
2103 3
2104 4
2105 2
2106 2
2107 2
2108 6
2109 3
2110 1
2111 2
2112 1
2113 3
2114 1
2115 2
2116 2
2117 3
2118 1
2119 2
2120 1
2121 3
2122 4
2123 1
2124 4
2125 2
2126 2
2127 3
2128 5
2129 5
2130 2
2131 1
2132 1
2133 1
2134 2
2135 2
2136 3
2137 2
2138 2
2139 2
2140 4
2141 3
2142 3
2143 1
2144 3
2145 4
2146 1
2147 2
2148 2
2149 3
2150 1
2151 1
2152 2
2153 3
2154 1
2155 1
2156 1
2157 3
2158 2
2159 1
2160 2
2161 3
2162 3
2163 3
2164 4
2165 3
2166 3
2167 1
2168 3
2169 2
2170 1
2171 1
2172 3
2173 4
2174 1
2175 1
2176 3
2177 2
2178 4
2179 2
2180 2
2181 3
2182 3
2183 1
2184 1
2185 4
2186 3
2187 3
2188 3
2189 4
2190 2
2191 1
2192 1
2193 3
2194 4
2195 2
2196 2
2197 3
2198 1
2199 2
2200 4
2201 4
2202 3
2203 2
2204 1
2205 2
2206 4
2207 1
2208 3
2209 3
2210 5
2211 3
2212 5
2213 1
2214 2
2215 2
2216 4
2217 4
2218 1
2219 2
2220 3
2221 3
2222 5
2223 2
2224 4
2225 2
2226 1
2227 2
2228 2
2229 1
2230 4
2231 4
2232 1
2233 3
2234 1
2235 6
2236 2
2237 2
2238 1
2239 2
2240 2
2241 2
2242 4
2243 3
2244 3
2245 3
2246 3
2247 3
2248 1
2249 2
2250 4
2251 1
2252 2
2253 2
2254 2
2255 3
2256 1
2257 5
2258 4
2259 2
2260 1
2261 1
2262 2
2263 2
2264 1
2265 2
2266 3
2267 4
2268 2
2269 3
2270 2
2271 1
2272 2
2273 2
2274 4
2275 3
2276 2
2277 1
2278 2
2279 2
2280 1
2281 2
2282 1
2283 3
2284 1
2285 4
2286 1
2287 2
2288 4
2289 2
2290 4
2291 3
2292 5
2293 4
2294 6
2295 4
2296 2
2297 2
2298 3
2299 2
2300 1
2301 3
2302 2
2303 2
2304 1
2305 2
2306 1
2307 2
2308 4
2309 3
2310 1
2311 4
2312 1
2313 2
2314 3
2315 3
2316 2
2317 3
2318 2
2319 1
2320 2
2321 2
2322 3
2323 2
2324 2
2325 4
2326 2
2327 2
2328 3
2329 2
2330 6
2331 3
2332 1
2333 3
2334 1
2335 6
2336 1
2337 2
2338 4
2339 4
2340 4
2341 2
2342 3
2343 1
2344 1
2345 2
2346 3
2347 3
2348 2
2349 2
2350 3
2351 2
2352 2
2353 3
2354 2
2355 4
2356 4
2357 3
2358 2
2359 2
2360 1
2361 3
2362 3
2363 1
2364 2
2365 2
2366 1
2367 2
2368 3
2369 1
2370 3
2371 4
2372 2
2373 1
2374 4
2375 2
2376 2
2377 1
2378 2
2379 2
2380 3
2381 2
2382 3
2383 4
2384 1
2385 3
2386 4
2387 3
2388 4
2389 1
2390 2
2391 3
2392 2
2393 3
2394 3
2395 1
2396 2
2397 2
2398 1
2399 2
2400 1
2401 2
2402 1
2403 1
2404 3
2405 2
2406 5
2407 3
2408 2
2409 2
2410 3
2411 6
2412 3
2413 2
2414 4
2415 3
2416 3
2417 2
2418 1
2419 2
2420 2
2421 3
2422 1
2423 1
2424 2
2425 4
2426 2
2427 1
2428 3
2429 1
2430 3
2431 1
2432 3
2433 3
2434 4
2435 2
2436 4
2437 2
2438 4
2439 1
2440 4
2441 3
2442 2
2443 4
2444 2
2445 1
2446 4
2447 3
2448 3
2449 2
2450 3
2451 4
2452 3
2453 4
2454 3
2455 1
2456 3
2457 4
2458 3
2459 2
2460 2
2461 2
2462 4
2463 1
2464 3
2465 2
2466 2
2467 2
2468 1
2469 1
2470 2
2471 3
2472 2
2473 1
2474 3
2475 1
2476 2
2477 1
2478 3
2479 4
2480 3
2481 4
2482 3
2483 5
2484 3
2485 3
2486 2
2487 5
2488 2
2489 4
2490 2
2491 4
2492 6
2493 3
2494 2
2495 1
2496 2
2497 2
2498 1
2499 2
2500 1
2501 1
2502 4
2503 2
2504 1
2505 5
2506 2
2507 3
2508 4
2509 3
2510 2
2511 1
2512 4
2513 2
2514 2
2515 2
2516 2
2517 3
2518 2
2519 2
2520 1
2521 2
2522 3
2523 2
2524 3
2525 3
2526 3
2527 3
2528 6
2529 4
2530 5
2531 2
2532 2
2533 2
2534 2
2535 2
2536 4
2537 1
2538 1
2539 2
2540 2
2541 2
2542 1
2543 3
2544 3
2545 2
2546 2
2547 2
2548 3
2549 2
2550 2
2551 2
2552 3
2553 4
2554 2
2555 5
2556 4
2557 1
2558 2
2559 4
2560 2
2561 1
2562 3
2563 3
2564 3
2565 1
2566 1
2567 2
2568 2
2569 3
2570 2
2571 1
2572 3
2573 2
2574 2
2575 6
2576 1
2577 3
2578 3
2579 1
2580 1
2581 3
2582 3
2583 2
2584 2
2585 2
2586 2
2587 3
2588 2
2589 2
2590 1
2591 2
2592 2
2593 4
2594 2
2595 3
2596 2
2597 3
2598 2
2599 1
2600 1
2601 1
2602 2
2603 3
2604 2
2605 3
2606 5
2607 2
2608 2
2609 2
2610 2
2611 2
2612 2
2613 1
2614 2
2615 2
2616 2
2617 2
2618 1
2619 2
2620 4
2621 1
2622 2
2623 1
2624 2
2625 3
2626 1
2627 3
2628 1
2629 2
2630 4
2631 4
2632 1
2633 1
2634 1
2635 3
2636 1
2637 2
2638 3
2639 2
2640 2
2641 1
2642 4
2643 3
2644 4
2645 1
2646 2
2647 2
2648 1
2649 3
2650 3
2651 3
2652 1
2653 3
2654 2
2655 1
2656 1
2657 4
2658 3
2659 1
2660 3
2661 1
2662 1
2663 1
2664 1
2665 2
2666 3
2667 3
2668 2
2669 3
2670 1
2671 3
2672 5
2673 2
2674 3
2675 3
2676 2
2677 1
2678 2
2679 3
2680 3
2681 2
2682 1
2683 3
2684 3
2685 2
2686 1
2687 1
2688 2
2689 2
2690 3
2691 2
2692 2
2693 2
2694 5
2695 4
2696 3
2697 1
2698 4
2699 4
2700 2
2701 1
2702 4
2703 3
2704 2
2705 1
2706 2
2707 4
2708 1
2709 2
2710 2
2711 2
2712 2
2713 2
2714 3
2715 1
2716 1
2717 2
2718 2
2719 3
2720 2
2721 2
2722 3
2723 3
2724 2
2725 2
2726 3
2727 4
2728 4
2729 2
2730 1
2731 1
2732 2
2733 2
2734 2
2735 2
2736 1
2737 2
2738 3
2739 1
2740 1
2741 2
2742 2
2743 2
2744 4
2745 3
2746 2
2747 1
2748 1
2749 1
2750 1
2751 1
2752 1
2753 1
2754 1
2755 3
2756 4
2757 3
2758 1
2759 2
2760 1
2761 3
2762 2
2763 4
2764 3
2765 1
2766 2
2767 2
2768 3
2769 3
2770 2
2771 3
2772 2
2773 3
2774 3
2775 1
2776 4
2777 3
2778 3
2779 1
2780 2
2781 3
2782 2
2783 3
2784 1
2785 1
2786 4
2787 2
2788 2
2789 1
2790 3
2791 3
2792 5
2793 3
2794 3
2795 1
2796 1
2797 1
2798 3
2799 2
2800 5
2801 2
2802 3
2803 4
2804 2
2805 2
2806 1
2807 5
2808 3
2809 2
2810 1
2811 3
2812 2
2813 2
2814 2
2815 2
2816 3
2817 1
2818 3
2819 2
2820 2
2821 3
2822 2
2823 4
2824 1
2825 3
2826 2
2827 1
2828 1
2829 2
2830 2
2831 2
2832 2
2833 1
2834 1
2835 1
2836 2
2837 4
2838 1
2839 1
2840 3
2841 1
2842 4
2843 3
2844 2
2845 1
2846 2
2847 3
2848 2
2849 1
2850 3
2851 2
2852 1
2853 1
2854 2
2855 1
2856 2
2857 1
2858 2
2859 1
2860 4
2861 2
2862 3
2863 2
2864 2
2865 2
2866 2
2867 1
2868 2
2869 2
2870 2
2871 2
2872 2
2873 3
2874 3
2875 3
2876 1
2877 2
2878 1
2879 1
2880 2
2881 1
2882 1
2883 2
2884 4
2885 3
2886 4
2887 1
2888 4
2889 4
2890 2
2891 2
2892 2
2893 1
2894 1
2895 1
2896 2
2897 2
2898 4
2899 3
2900 1
2901 1
2902 3
2903 2
2904 3
2905 2
2906 3
2907 3
2908 2
2909 4
2910 3
2911 1
2912 2
2913 1
2914 1
2915 3
2916 2
2917 3
2918 1
2919 2
2920 3
2921 4
2922 2
2923 1
2924 2
2925 3
2926 1
2927 1
2928 2
2929 2
2930 2
2931 4
2932 2
2933 1
2934 5
2935 3
2936 2
2937 2
2938 1
2939 1
2940 3
2941 1
2942 1
2943 1
2944 3
2945 2
2946 3
2947 2
2948 2
2949 4
2950 2
2951 2
2952 1
2953 1
2954 1
2955 1
2956 2
2957 1
2958 3
2959 3
2960 4
2961 2
2962 1
2963 3
2964 2
2965 3
2966 2
2967 1
2968 2
2969 1
2970 2
2971 3
2972 2
2973 4
2974 3
2975 2
2976 1
2977 4
2978 4
2979 4
2980 1
2981 2
2982 3
2983 2
2984 1
2985 3
2986 1
2987 1
2988 2
2989 2
2990 1
2991 1
2992 1
2993 1
2994 4
2995 2
2996 2
2997 2
2998 2
2999 3
3000 2
3001 5
3002 3
3003 2
3004 1
3005 2
3006 3
3007 2
3008 4
3009 2
3010 1
3011 2
3012 2
3013 2
3014 2
3015 3
3016 1
3017 1
3018 2
3019 1
3020 2
3021 1
3022 2
3023 2
3024 2
3025 2
3026 1
3027 2
3028 1
3029 2
3030 2
3031 2
3032 1
3033 1
3034 2
3035 3
3036 3
3037 3
3038 3
3039 3
3040 1
3041 3
3042 2
3043 1
3044 1
3045 2
3046 1
3047 1
3048 1
3049 2
3050 2
3051 2
3052 3
3053 3
3054 1
3055 1
3056 2
3057 2
3058 4
3059 2
3060 2
3061 4
3062 2
3063 1
3064 1
3065 4
3066 1
3067 3
3068 1
3069 1
3070 5
3071 1
3072 3
3073 1
3074 4
3075 2
3076 1
3077 1
3078 3
3079 2
3080 2
3081 2
3082 1
3083 3
3084 1
3085 2
3086 1
3087 2
3088 3
3089 3
3090 2
3091 2
3092 1
3093 2
3094 1
3095 1
3096 2
3097 1
3098 4
3099 3
3100 1
3101 1
3102 2
3103 1
3104 1
3105 5
3106 2
3107 1
3108 2
3109 4
3110 2
3111 3
3112 3
3113 2
3114 4
3115 1
3116 3
3117 3
3118 1
3119 3
3120 2
3121 3
3122 1
3123 1
3124 1
3125 2
3126 2
3127 1
3128 2
3129 4
3130 4
3131 1
3132 1
3133 3
3134 1
3135 3
3136 2
3137 3
3138 1
3139 2
3140 2
3141 2
3142 1
3143 1
3144 1
3145 3
3146 1
3147 3
3148 2
3149 1
3150 3
3151 4
3152 2
3153 1
3154 2
3155 3
3156 3
3157 1
3158 4
3159 2
3160 3
3161 1
3162 2
3163 7
3164 2
3165 2
3166 1
3167 1
3168 3
3169 3
3170 2
3171 5
3172 2
3173 4
3174 2
3175 2
3176 2
3177 1
3178 2
3179 2
3180 2
3181 1
3182 2
3183 2
3184 3
3185 2
3186 2
3187 2
3188 2
3189 1
3190 2
3191 3
3192 1
3193 2
3194 3
3195 2
3196 5
3197 1
3198 1
3199 2
3200 1
3201 3
3202 1
3203 4
3204 2
3205 2
3206 2
3207 2
3208 5
3209 1
3210 2
3211 2
3212 1
3213 4
3214 3
3215 2
3216 1
3217 4
3218 1
3219 1
3220 3
3221 1
3222 1
3223 2
3224 3
3225 1
3226 1
3227 2
3228 3
3229 2
3230 2
3231 2
3232 4
3233 2
3234 2
3235 2
3236 2
3237 1
3238 1
3239 1
3240 4
3241 1
3242 1
3243 1
3244 2
3245 1
3246 1
3247 1
3248 2
3249 2
3250 2
3251 2
3252 1
3253 2
3254 2
3255 1
3256 1
3257 6
3258 2
3259 2
3260 2
3261 2
3262 1
3263 2
3264 3
3265 1
3266 3
3267 1
3268 2
3269 2
3270 2
3271 1
3272 1
3273 1
3274 1
3275 2
3276 1
3277 2
3278 1
3279 1
3280 1
3281 1
3282 2
3283 1
3284 2
3285 4
3286 2
3287 1
3288 2
3289 1
3290 1
3291 3
3292 2
3293 4
3294 1
3295 4
3296 2
3297 1
3298 1
3299 3
3300 2
3301 2
3302 3
3303 1
3304 1
3305 1
3306 2
3307 3
3308 2
3309 2
3310 3
3311 2
3312 2
3313 3
3314 1
3315 2
3316 3
3317 2
3318 4
3319 3
3320 2
3321 2
3322 3
3323 3
3324 1
3325 2
3326 1
3327 2
3328 2
3329 3
3330 2
3331 2
3332 3
3333 3
3334 1
3335 2
3336 2
3337 2
3338 1
3339 1
3340 1
3341 4
3342 2
3343 3
3344 2
3345 2
3346 1
3347 2
3348 1
3349 1
3350 2
3351 1
3352 1
3353 3
3354 1
3355 2
3356 2
3357 1
3358 1
3359 2
3360 1
3361 2
3362 1
3363 4
3364 2
3365 1
3366 3
3367 1
3368 4
3369 2
3370 1
3371 1
3372 4
3373 1
3374 3
3375 3
3376 1
3377 2
3378 1
3379 3
3380 2
3381 1
3382 3
3383 3
3384 1
3385 2
3386 2
3387 1
3388 2
3389 2
3390 2
3391 3
3392 2
3393 1
3394 2
3395 2
3396 2
3397 1
3398 2
3399 2
3400 2
3401 3
3402 4
3403 4
3404 1
3405 1
3406 1
3407 3
3408 2
3409 2
3410 3
3411 2
3412 1
3413 3
3414 3
3415 3
3416 1
3417 3
3418 2
3419 2
3420 1
3421 3
3422 3
3423 3
3424 3
3425 3
3426 2
3427 1
3428 2
3429 1
3430 2
3431 3
3432 3
3433 2
3434 2
3435 1
3436 1
3437 2
3438 1
3439 4
3440 2
3441 2
3442 2
3443 3
3444 1
3445 2
3446 5
3447 3
3448 2
3449 2
3450 3
3451 2
3452 2
3453 3
3454 2
3455 4
3456 3
3457 3
3458 4
3459 2
3460 1
3461 2
3462 2
3463 1
3464 1
3465 3
3466 1
3467 1
3468 4
3469 1
3470 3
3471 1
3472 2
3473 2
3474 1
3475 1
3476 2
3477 1
3478 3
3479 1
3480 2
3481 2
3482 1
3483 1
3484 3
3485 2
3486 2
3487 2
3488 3
3489 2
3490 1
3491 1
3492 2
3493 1
3494 3
3495 3
3496 2
3497 1
3498 3
3499 2
3500 2
3501 1
3502 2
3503 1
3504 2
3505 2
3506 3
3507 1
3508 1
3509 1
3510 1
3511 3
3512 2
3513 3
3514 1
3515 2
3516 1
3517 3
3518 1
3519 1
3520 1
3521 2
3522 2
3523 3
3524 1
3525 1
3526 3
3527 1
3528 3
3529 2
3530 1
3531 2
3532 2
3533 1
3534 2
3535 3
3536 2
3537 1
3538 3
3539 3
3540 1
3541 1
3542 1
3543 1
3544 2
3545 3
3546 2
3547 5
3548 2
3549 1
3550 1
3551 2
3552 3
3553 1
3554 1
3555 1
3556 1
3557 2
3558 2
3559 2
3560 3
3561 1
3562 2
3563 3
3564 2
3565 1
3566 1
3567 1
3568 2
3569 1
3570 3
3571 3
3572 2
3573 2
3574 1
3575 3
3576 3
3577 1
3578 3
3579 2
3580 4
3581 2
3582 3
3583 1
3584 1
3585 2
3586 3
3587 2
3588 2
3589 2
3590 2
3591 2
3592 1
3593 2
3594 1
3595 3
3596 2
3597 1
3598 3
3599 1
3600 4
3601 6
3602 1
3603 1
3604 1
3605 2
3606 2
3607 2
3608 1
3609 2
3610 1
3611 2
3612 2
3613 1
3614 1
3615 1
3616 4
3617 3
3618 1
3619 3
3620 1
3621 4
3622 1
3623 2
3624 1
3625 2
3626 4
3627 3
3628 4
3629 4
3630 1
3631 1
3632 3
3633 1
3634 2
3635 2
3636 1
3637 2
3638 1
3639 1
3640 2
3641 3
3642 1
3643 1
3644 2
3645 1
3646 2
3647 4
3648 2
3649 3
3650 2
3651 2
3652 2
3653 1
3654 2
3655 1
3656 2
3657 3
3658 2
3659 1
3660 2
3661 1
3662 1
3663 2
3664 2
3665 1
3666 2
3667 1
3668 3
3669 1
3670 2
3671 3
3672 4
3673 3
3674 4
3675 2
3676 2
3677 3
3678 1
3679 2
3680 1
3681 3
3682 2
3683 2
3684 2
3685 1
3686 2
3687 3
3688 1
3689 2
3690 3
3691 2
3692 2
3693 1
3694 2
3695 2
3696 4
3697 4
3698 2
3699 2
3700 1
3701 1
3702 2
3703 2
3704 1
3705 2
3706 3
3707 1
3708 3
3709 1
3710 1
3711 2
3712 1
3713 2
3714 1
3715 1
3716 3
3717 3
3718 1
3719 3
3720 2
3721 4
3722 1
3723 2
3724 3
3725 2
3726 3
3727 2
3728 3
3729 1
3730 1
3731 3
3732 3
3733 2
3734 3
3735 1
3736 4
3737 2
3738 3
3739 3
3740 2
3741 3
3742 4
3743 2
3744 2
3745 2
3746 2
3747 2
3748 1
3749 2
3750 3
3751 4
3752 1
3753 4
3754 4
3755 1
3756 1
3757 2
3758 2
3759 3
3760 3
3761 2
3762 2
3763 4
3764 5
3765 2
3766 3
3767 2
3768 1
3769 2
3770 2
3771 3
3772 2
3773 3
3774 4
3775 3
3776 1
3777 2
3778 4
3779 1
3780 2
3781 1
3782 2
3783 1
3784 4
3785 1
3786 4
3787 2
3788 2
3789 3
3790 1
3791 1
3792 2
3793 1
3794 1
3795 2
3796 2
3797 1
3798 2
3799 1
3800 1
3801 1
3802 2
3803 1
3804 1
3805 2
3806 4
3807 5
3808 1
3809 1
3810 2
3811 2
3812 2
3813 3
3814 1
3815 3
3816 2
3817 1
3818 1
3819 3
3820 2
3821 2
3822 3
3823 2
3824 2
3825 4
3826 3
3827 2
3828 3
3829 1
3830 1
3831 1
3832 2
3833 3
3834 3
3835 1
3836 2
3837 3
3838 1
3839 2
3840 2
3841 1
3842 3
3843 1
3844 3
3845 3
3846 1
3847 2
3848 2
3849 7
3850 1
3851 3
3852 2
3853 1
3854 1
3855 3
3856 3
3857 1
3858 1
3859 1
3860 3
3861 3
3862 1
3863 1
3864 1
3865 1
3866 2
3867 1
3868 2
3869 3
3870 3
3871 1
3872 3
3873 3
3874 4
3875 3
3876 1
3877 1
3878 3
3879 1
3880 1
3881 3
3882 3
3883 3
3884 2
3885 2
3886 1
3887 3
3888 2
3889 1
3890 1
3891 2
3892 3
3893 2
3894 3
3895 1
3896 1
3897 4
3898 2
3899 1
3900 1
3901 2
3902 1
3903 2
3904 1
3905 3
3906 3
3907 2
3908 2
3909 3
3910 2
3911 3
3912 1
3913 2
3914 1
3915 1
3916 3
3917 1
3918 1
3919 2
3920 1
3921 2
3922 1
3923 3
3924 3
3925 2
3926 2
3927 1
3928 2
3929 2
3930 4
3931 3
3932 1
3933 2
3934 1
3935 2
3936 1
3937 3
3938 1
3939 1
3940 4
3941 2
3942 1
3943 1
3944 2
3945 2
3946 2
3947 1
3948 3
3949 1
3950 2
3951 2
3952 1
3953 2
3954 1
3955 2
3956 3
3957 2
3958 1
3959 3
3960 1
3961 1
3962 1
3963 4
3964 2
3965 1
3966 1
3967 1
3968 2
3969 1
3970 3
3971 3
3972 3
3973 1
3974 2
3975 1
3976 3
3977 2
3978 1
3979 2
3980 1
3981 3
3982 1
3983 6
3984 2
3985 4
3986 3
3987 1
3988 1
3989 2
3990 1
3991 2
3992 1
3993 2
3994 3
3995 1
3996 2
3997 4
3998 2
3999 1
4000 2
4001 3
4002 6
4003 5
4004 1
4005 2
4006 2
4007 2
4008 2
4009 1
4010 2
4011 3
4012 2
4013 2
4014 1
4015 1
4016 4
4017 1
4018 1
4019 3
4020 1
4021 1
4022 1
4023 2
4024 3
4025 1
4026 2
4027 5
4028 1
4029 3
4030 1
4031 2
4032 2
4033 4
4034 1
4035 3
4036 1
4037 1
4038 3
4039 1
4040 2
4041 5
4042 2
4043 1
4044 4
4045 3
4046 1
4047 2
4048 1
4049 1
4050 2
4051 1
4052 2
4053 1
4054 1
4055 2
4056 2
4057 3
4058 1
4059 2
4060 2
4061 5
4062 4
4063 3
4064 3
4065 1
4066 1
4067 3
4068 1
4069 1
4070 1
4071 4
4072 1
4073 1
4074 2
4075 2
4076 1
4077 3
4078 2
4079 2
4080 3
4081 1
4082 2
4083 1
4084 2
4085 1
4086 3
4087 1
4088 1
4089 2
4090 1
4091 3
4092 2
4093 1
4094 3
4095 1
4096 1
4097 2
4098 1
4099 1
4100 2
4101 1
4102 1
4103 2
4104 2
4105 1
4106 2
4107 1
4108 1
4109 2
4110 1
4111 1
4112 1
4113 2
4114 1
4115 1
4116 1
4117 2
4118 3
4119 4
4120 3
4121 2
4122 2
4123 2
4124 1
4125 1
4126 3
4127 2
4128 5
4129 1
4130 3
4131 2
4132 1
4133 2
4134 2
4135 1
4136 2
4137 2
4138 1
4139 2
4140 1
4141 2
4142 2
4143 2
4144 2
4145 2
4146 3
4147 1
4148 1
4149 1
4150 3
4151 2
4152 1
4153 4
4154 1
4155 3
4156 3
4157 2
4158 2
4159 1
4160 4
4161 2
4162 2
4163 2
4164 1
4165 1
4166 1
4167 1
4168 1
4169 1
4170 2
4171 2
4172 2
4173 1
4174 2
4175 3
4176 1
4177 3
4178 2
4179 2
4180 3
4181 2
4182 2
4183 2
4184 1
4185 2
4186 1
4187 1
4188 3
4189 2
4190 2
4191 2
4192 3
4193 2
4194 1
4195 1
4196 1
4197 1
4198 2
4199 2
4200 2
4201 1
4202 3
4203 1
4204 2
4205 3
4206 1
4207 1
4208 2
4209 3
4210 1
4211 1
4212 4
4213 3
4214 2
4215 1
4216 2
4217 3
4218 2
4219 3
4220 2
4221 2
4222 1
4223 1
4224 1
4225 2
4226 2
4227 2
4228 1
4229 1
4230 1
4231 1
4232 2
4233 1
4234 2
4235 2
4236 2
4237 1
4238 1
4239 1
4240 1
4241 2
4242 2
4243 2
4244 3
4245 1
4246 2
4247 1
4248 2
4249 4
4250 1
4251 2
4252 1
4253 2
4254 1
4255 2
4256 4
4257 3
4258 2
4259 1
4260 2
4261 3
4262 1
4263 3
4264 2
4265 2
4266 3
4267 2
4268 2
4269 5
4270 2
4271 1
4272 2
4273 1
4274 3
4275 2
4276 2
4277 1
4278 1
4279 2
4280 4
4281 1
4282 3
4283 1
4284 3
4285 2
4286 2
4287 3
4288 2
4289 2
4290 3
4291 2
4292 2
4293 2
4294 1
4295 1
4296 3
4297 3
4298 1
4299 2
4300 1
4301 2
4302 1
4303 4
4304 2
4305 3
4306 1
4307 2
4308 2
4309 2
4310 1
4311 1
4312 4
4313 1
4314 1
4315 2
4316 2
4317 2
4318 5
4319 2
4320 2
4321 4
4322 2
4323 1
4324 4
4325 5
4326 3
4327 2
4328 1
4329 1
4330 3
4331 1
4332 4
4333 1
4334 3
4335 1
4336 2
4337 1
4338 3
4339 3
4340 2
4341 1
4342 1
4343 2
4344 1
4345 1
4346 1
4347 2
4348 1
4349 3
4350 4
4351 1
4352 4
4353 2
4354 1
4355 1
4356 1
4357 1
4358 1
4359 2
4360 1
4361 2
4362 2
4363 3
4364 1
4365 4
4366 1
4367 2
4368 1
4369 2
4370 4
4371 2
4372 1
4373 1
4374 3
4375 1
4376 2
4377 3
4378 2
4379 1
4380 1
4381 1
4382 2
4383 3
4384 2
4385 1
4386 1
4387 1
4388 2
4389 3
4390 1
4391 1
4392 2
4393 3
4394 1
4395 2
4396 3
4397 2
4398 1
4399 4
4400 4
4401 1
4402 2
4403 1
4404 3
4405 2
4406 2
4407 1
4408 1
4409 1
4410 1
4411 3
4412 2
4413 1
4414 1
4415 1
4416 3
4417 1
4418 1
4419 3
4420 3
4421 3
4422 3
4423 1
4424 1
4425 1
4426 3
4427 1
4428 2
4429 1
4430 2
4431 2
4432 2
4433 1
4434 4
4435 1
4436 1
4437 3
4438 1
4439 2
4440 3
4441 3
4442 4
4443 1
4444 1
4445 1
4446 2
4447 2
4448 1
4449 1
4450 2
4451 3
4452 4
4453 1
4454 1
4455 1
4456 1
4457 3
4458 2
4459 2
4460 2
4461 1
4462 1
4463 1
4464 2
4465 2
4466 1
4467 2
4468 3
4469 1
4470 1
4471 3
4472 1
4473 1
4474 2
4475 1
4476 2
4477 2
4478 2
4479 1
4480 3
4481 2
4482 1
4483 2
4484 1
4485 2
4486 3
4487 3
4488 1
4489 2
4490 1
4491 3
4492 3
4493 2
4494 2
4495 3
4496 2
4497 1
4498 1
4499 2
4500 1
4501 1
4502 1
4503 1
4504 2
4505 2
4506 2
4507 1
4508 2
4509 2
4510 1
4511 4
4512 1
4513 3
4514 2
4515 1
4516 2
4517 3
4518 5
4519 1
4520 1
4521 1
4522 3
4523 2
4524 3
4525 2
4526 1
4527 2
4528 2
4529 3
4530 2
4531 2
4532 1
4533 1
4534 2
4535 2
4536 1
4537 5
4538 2
4539 1
4540 1
4541 1
4542 2
4543 1
4544 2
4545 1
4546 1
4547 2
4548 1
4549 3
4550 1
4551 1
4552 2
4553 3
4554 1
4555 2
4556 2
4557 2
4558 1
4559 2
4560 2
4561 1
4562 1
4563 1
4564 2
4565 1
4566 1
4567 1
4568 1
4569 1
4570 2
4571 1
4572 1
4573 1
4574 2
4575 2
4576 4
4577 1
4578 1
4579 3
4580 1
4581 1
4582 1
4583 1
4584 1
4585 1
4586 1
4587 1
4588 1
4589 2
4590 1
4591 3
4592 1
4593 2
4594 2
4595 2
4596 1
4597 2
4598 1
4599 1
4600 1
4601 2
4602 1
4603 1
4604 2
4605 1
4606 3
4607 1
4608 2
4609 2
4610 1
4611 3
4612 2
4613 1
4614 2
4615 1
4616 1
4617 1
4618 2
4619 3
4620 2
4621 1
4622 2
4623 1
4624 2
4625 2
4626 1
4627 1
4628 1
4629 2
4630 1
4631 3
4632 2
4633 2
4634 1
4635 2
4636 1
4637 1
4638 1
4639 1
4640 2
4641 2
4642 4
4643 2
4644 2
4645 1
4646 1
4647 2
4648 1
4649 1
4650 1
4651 2
4652 1
4653 2
4654 2
4655 4
4656 3
4657 1
4658 1
4659 2
4660 2
4661 3
4662 2
4663 2
4664 3
4665 2
4666 2
4667 1
4668 1
4669 3
4670 2
4671 1
4672 1
4673 2
4674 1
4675 2
4676 1
4677 2
4678 4
4679 2
4680 1
4681 1
4682 1
4683 1
4684 1
4685 1
4686 3
4687 1
4688 2
4689 3
4690 2
4691 3
4692 2
4693 2
4694 2
4695 2
4696 3
4697 3
4698 3
4699 1
4700 3
4701 3
4702 2
4703 2
4704 1
4705 1
4706 2
4707 2
4708 1
4709 1
4710 2
4711 2
4712 2
4713 1
4714 4
4715 2
4716 1
4717 1
4718 1
4719 1
4720 2
4721 1
4722 2
4723 1
4724 2
4725 1
4726 2
4727 1
4728 2
4729 2
4730 1
4731 1
4732 3
4733 1
4734 2
4735 4
4736 1
4737 1
4738 2
4739 1
4740 2
4741 1
4742 2
4743 2
4744 2
4745 1
4746 3
4747 1
4748 2
4749 3
4750 2
4751 1
4752 1
4753 1
4754 1
4755 1
4756 1
4757 1
4758 2
4759 1
4760 1
4761 1
4762 1
4763 1
4764 2
4765 3
4766 1
4767 2
4768 1
4769 2
4770 4
4771 1
4772 2
4773 3
4774 1
4775 1
4776 3
4777 3
4778 2
4779 4
4780 1
4781 3
4782 2
4783 2
4784 1
4785 3
4786 1
4787 2
4788 2
4789 2
4790 1
4791 2
4792 1
4793 1
4794 1
4795 2
4796 1
4797 2
4798 1
4799 3
4800 1
4801 1
4802 1
4803 1
4804 2
4805 3
4806 2
4807 2
4808 2
4809 2
4810 2
4811 1
4812 1
4813 1
4814 3
4815 1
4816 1
4817 2
4818 2
4819 1
4820 4
4821 1
4822 1
4823 1
4824 2
4825 2
4826 2
4827 1
4828 3
4829 1
4830 3
4831 2
4832 3
4833 2
4834 1
4835 2
4836 2
4837 1
4838 2
4839 1
4840 3
4841 1
4842 2
4843 1
4844 1
4845 2
4846 1
4847 3
4848 3
4849 1
4850 2
4851 3
4852 1
4853 2
4854 1
4855 1
4856 6
4857 2
4858 3
4859 2
4860 3
4861 3
4862 1
4863 2
4864 3
4865 1
4866 2
4867 3
4868 1
4869 4
4870 2
4871 1
4872 3
4873 1
4874 1
4875 1
4876 3
4877 2
4878 2
4879 2
4880 2
4881 2
4882 2
4883 1
4884 1
4885 2
4886 2
4887 2
4888 1
4889 2
4890 4
4891 3
4892 3
4893 2
4894 1
4895 3
4896 3
4897 2
4898 2
4899 2
4900 1
4901 1
4902 2
4903 1
4904 2
4905 1
4906 3
4907 1
4908 1
4909 1
4910 2
4911 3
4912 1
4913 1
4914 1
4915 2
4916 1
4917 2
4918 1
4919 2
4920 3
4921 2
4922 1
4923 1
4924 1
4925 2
4926 2
4927 1
4928 2
4929 2
4930 3
4931 1
4932 2
4933 3
4934 3
4935 4
4936 1
4937 2
4938 2
4939 1
4940 2
4941 2
4942 1
4943 4
4944 1
4945 1
4946 2
4947 1
4948 1
4949 1
4950 4
4951 2
4952 3
4953 1
4954 1
4955 1
4956 2
4957 1
4958 1
4959 5
4960 2
4961 1
4962 3
4963 1
4964 4
4965 4
4966 2
4967 1
4968 2
4969 2
4970 6
4971 2
4972 1
4973 1
4974 1
4975 4
4976 1
4977 1
4978 1
4979 1
4980 1
4981 1
4982 1
4983 2
4984 2
4985 1
4986 1
4987 3
4988 1
4989 3
4990 1
4991 3
4992 1
4993 3
4994 2
4995 1
4996 2
4997 1
4998 2
4999 2
5000 4
5001 3
5002 2
5003 1
5004 1
5005 2
5006 2
5007 2
5008 1
5009 1
5010 2
5011 2
5012 2
5013 2
5014 3
5015 1
5016 1
5017 1
5018 1
5019 1
5020 3
5021 3
5022 4
5023 1
5024 1
5025 2
5026 2
5027 1
5028 1
5029 1
5030 1
5031 1
5032 2
5033 3
5034 2
5035 2
5036 2
5037 2
5038 2
5039 1
5040 1
5041 1
5042 1
5043 2
5044 4
5045 2
5046 1
5047 1
5048 3
5049 1
5050 2
5051 2
5052 1
5053 1
5054 1
5055 1
5056 2
5057 2
5058 1
5059 1
5060 4
5061 1
5062 3
5063 1
5064 1
5065 1
5066 2
5067 2
5068 1
5069 2
5070 1
5071 1
5072 1
5073 2
5074 3
5075 2
5076 1
5077 1
5078 1
5079 2
5080 3
5081 1
5082 2
5083 1
5084 1
5085 2
5086 1
5087 1
5088 1
5089 2
5090 1
5091 2
5092 2
5093 1
5094 4
5095 1
5096 3
5097 1
5098 1
5099 1
5100 2
5101 2
5102 3
5103 2
5104 3
5105 3
5106 4
5107 1
5108 3
5109 2
5110 3
5111 2
5112 2
5113 1
5114 2
5115 2
5116 1
5117 1
5118 1
5119 3
5120 2
5121 2
5122 2
5123 1
5124 1
5125 1
5126 1
5127 1
5128 2
5129 2
5130 2
5131 1
5132 1
5133 1
5134 1
5135 1
5136 2
5137 1
5138 2
5139 3
5140 2
5141 1
5142 1
5143 1
5144 1
5145 1
5146 3
5147 2
5148 3
5149 2
5150 4
5151 2
5152 1
5153 2
5154 3
5155 1
5156 1
5157 1
5158 4
5159 2
5160 2
5161 1
5162 3
5163 1
5164 1
5165 1
5166 1
5167 1
5168 4
5169 1
5170 2
5171 1
5172 3
5173 3
5174 1
5175 2
5176 1
5177 1
5178 2
5179 1
5180 3
5181 2
5182 1
5183 1
5184 1
5185 1
5186 1
5187 2
5188 1
5189 1
5190 1
5191 1
5192 1
5193 1
5194 1
5195 1
5196 2
5197 1
5198 1
5199 2
5200 1
5201 1
5202 2
5203 2
5204 1
5205 2
5206 1
5207 1
5208 1
5209 2
5210 2
5211 2
5212 2
5213 2
5214 4
5215 2
5216 1
5217 1
5218 2
5219 3
5220 1
5221 2
5222 1
5223 3
5224 1
5225 2
5226 1
5227 2
5228 2
5229 1
5230 1
5231 1
5232 1
5233 1
5234 3
5235 1
5236 1
5237 1
5238 1
5239 3
5240 1
5241 1
5242 1
5243 2
5244 2
5245 3
5246 2
5247 4
5248 1
5249 2
5250 2
5251 1
5252 2
5253 2
5254 1
5255 1
5256 1
5257 2
5258 1
5259 1
5260 2
5261 1
5262 1
5263 2
5264 1
5265 1
5266 3
5267 1
5268 1
5269 1
5270 1
5271 2
5272 1
5273 1
5274 1
5275 1
5276 3
5277 4
5278 3
5279 3
5280 1
5281 2
5282 2
5283 1
5284 1
5285 1
5286 1
5287 2
5288 2
5289 2
5290 1
5291 3
5292 1
5293 3
5294 2
5295 1
5296 1
5297 1
5298 2
5299 1
5300 2
5301 1
5302 1
5303 3
5304 2
5305 1
5306 1
5307 2
5308 2
5309 2
5310 1
5311 1
5312 2
5313 2
5314 1
5315 2
5316 1
5317 2
5318 2
5319 2
5320 2
5321 1
5322 1
5323 2
5324 1
5325 2
5326 2
5327 2
5328 1
5329 1
5330 1
5331 4
5332 2
5333 1
5334 2
5335 2
5336 1
5337 2
5338 1
5339 1
5340 1
5341 1
5342 1
5343 2
5344 2
5345 3
5346 2
5347 1
5348 2
5349 2
5350 1
5351 3
5352 2
5353 1
5354 1
5355 2
5356 2
5357 1
5358 1
5359 2
5360 1
5361 3
5362 1
5363 1
5364 4
5365 2
5366 1
5367 1
5368 3
5369 1
5370 3
5371 2
5372 4
5373 1
5374 1
5375 1
5376 1
5377 1
5378 2
5379 2
5380 1
5381 2
5382 2
5383 2
5384 2
5385 2
5386 1
5387 3
5388 1
5389 1
5390 1
5391 1
5392 2
5393 1
5394 1
5395 2
5396 1
5397 1
5398 1
5399 1
5400 2
5401 1
5402 3
5403 1
5404 1
5405 1
5406 1
5407 2
5408 1
5409 2
5410 2
5411 2
5412 2
5413 1
5414 1
5415 3
5416 1
5417 1
5418 2
5419 1
5420 1
5421 2
5422 2
5423 2
5424 2
5425 1
5426 1
5427 1
5428 1
5429 1
5430 1
5431 1
5432 1
5433 1
5434 1
5435 2
5436 1
5437 1
5438 1
5439 1
5440 1
5441 2
5442 1
5443 2
5444 3
5445 1
5446 1
5447 1
5448 2
5449 2
5450 1
5451 2
5452 1
5453 2
5454 2
5455 2
5456 2
5457 3
5458 1
5459 1
5460 3
5461 3
5462 1
5463 1
5464 1
5465 3
5466 1
5467 4
5468 1
5469 2
5470 1
5471 1
5472 3
5473 1
5474 1
5475 2
5476 2
5477 1
5478 1
5479 2
5480 2
5481 2
5482 1
5483 3
5484 2
5485 2
5486 1
5487 2
5488 1
5489 2
5490 2
5491 2
5492 1
5493 1
5494 2
5495 1
5496 2
5497 2
5498 1
5499 2
5500 3
5501 2
5502 1
5503 1
5504 1
5505 1
5506 1
5507 1
5508 4
5509 1
5510 2
5511 1
5512 1
5513 1
5514 1
5515 1
5516 1
5517 1
5518 2
5519 2
5520 2
5521 1
5522 1
5523 2
5524 2
5525 2
5526 1
5527 2
5528 2
5529 1
5530 3
5531 1
5532 2
5533 2
5534 1
5535 2
5536 1
5537 1
5538 3
5539 1
5540 1
5541 1
5542 1
5543 2
5544 1
5545 2
5546 1
5547 2
5548 1
5549 1
5550 2
5551 1
5552 2
5553 1
5554 2
5555 1
5556 1
5557 2
5558 2
5559 2
5560 2
5561 2
5562 1
5563 1
5564 1
5565 3
5566 2
5567 1
5568 1
5569 1
5570 3
5571 2
5572 1
5573 1
5574 1
5575 2
5576 1
5577 1
5578 1
5579 2
5580 2
5581 2
5582 2
5583 1
5584 3
5585 2
5586 1
5587 1
5588 2
5589 1
5590 1
5591 2
5592 1
5593 1
5594 2
5595 2
5596 1
5597 3
5598 1
5599 1
5600 1
5601 3
5602 1
5603 1
5604 2
5605 2
5606 1
5607 1
5608 3
5609 1
5610 3
5611 1
5612 1
5613 1
5614 1
5615 1
5616 1
5617 1
5618 1
5619 1
5620 1
5621 1
5622 1
5623 1
5624 1
5625 1
5626 3
5627 1
5628 1
5629 1
5630 1
5631 4
5632 1
5633 1
5634 1
5635 2
5636 2
5637 1
5638 3
5639 2
5640 1
5641 1
5642 2
5643 1
5644 3
5645 1
5646 1
5647 2
5648 2
5649 2
5650 1
5651 2
5652 1
5653 3
5654 1
5655 1
5656 2
5657 2
5658 2
5659 1
5660 2
5661 1
5662 1
5663 4
5664 2
5665 2
5666 1
5667 2
5668 2
5669 1
5670 1
5671 1
5672 1
5673 1
5674 2
5675 2
5676 2
5677 2
5678 1
5679 2
5680 2
5681 1
5682 2
5683 1
5684 2
5685 1
5686 1
5687 1
5688 2
5689 1
5690 2
5691 1
5692 1
5693 2
5694 1
5695 1
5696 2
5697 2
5698 2
5699 2
5700 2
5701 2
5702 1
5703 3
5704 1
5705 1
5706 1
5707 2
5708 1
5709 1
5710 2
5711 2
5712 1
5713 1
5714 3
5715 1
5716 2
5717 1
5718 1
5719 2
5720 1
5721 1
5722 2
5723 1
5724 1
5725 4
5726 1
5727 3
5728 1
5729 1
5730 1
5731 1
5732 1
5733 2
5734 2
5735 2
5736 1
5737 1
5738 2
5739 2
5740 3
5741 1
5742 1
5743 1
5744 1
5745 1
5746 3
5747 1
5748 1
5749 2
5750 1
5751 1
5752 1
5753 1
5754 2
5755 1
5756 1
5757 2
5758 1
5759 2
5760 1
5761 2
5762 2
5763 1
5764 1
5765 1
5766 1
5767 3
5768 2
5769 1
5770 1
5771 1
5772 1
5773 3
5774 1
5775 1
5776 1
5777 2
5778 1
5779 2
5780 4
5781 2
5782 1
5783 2
5784 1
5785 1
5786 1
5787 1
5788 2
5789 4
5790 3
5791 1
5792 1
5793 2
5794 1
5795 1
5796 1
5797 1
5798 2
5799 2
5800 2
5801 2
5802 1
5803 2
5804 4
5805 1
5806 1
5807 1
5808 1
5809 2
5810 3
5811 2
5812 1
5813 1
5814 1
5815 1
5816 2
5817 1
5818 2
5819 1
5820 2
5821 2
5822 2
5823 1
5824 1
5825 1
5826 1
5827 1
5828 1
5829 3
5830 1
5831 1
5832 2
5833 3
5834 1
5835 1
5836 2
5837 1
5838 1
5839 1
5840 1
5841 2
5842 1
5843 1
5844 1
5845 1
5846 3
5847 1
5848 1
5849 2
5850 2
5851 1
5852 1
5853 2
5854 1
5855 2
5856 1
5857 1
5858 2
5859 2
5860 1
5861 1
5862 1
5863 2
5864 1
5865 1
5866 3
5867 1
5868 2
5869 1
5870 1
5871 1
5872 1
5873 3
5874 3
5875 2
5876 1
5877 1
5878 1
5879 1
5880 1
5881 2
5882 1
5883 1
5884 1
5885 2
5886 1
5887 2
5888 2
5889 1
5890 1
5891 1
5892 2
5893 2
5894 1
5895 1
5896 1
5897 1
5898 2
5899 1
5900 1
5901 2
5902 1
5903 2
5904 1
5905 1
5906 1
5907 2
5908 1
5909 3
5910 2
5911 1
5912 2
5913 3
5914 1
5915 1
5916 1
5917 1
5918 1
5919 2
5920 2
5921 1
5922 1
5923 1
5924 2
5925 1
5926 3
5927 2
5928 2
5929 1
5930 1
5931 2
5932 2
5933 1
5934 1
5935 1
5936 2
5937 1
5938 2
5939 1
5940 2
5941 2
5942 1
5943 1
5944 1
5945 3
5946 2
5947 1
5948 1
5949 1
5950 2
5951 2
5952 2
5953 1
5954 1
5955 1
5956 2
5957 1
5958 1
5959 2
5960 2
5961 1
5962 2
5963 1
5964 2
5965 1
5966 1
5967 1
5968 2
5969 1
5970 2
5971 1
5972 1
5973 2
5974 1
5975 1
5976 2
5977 1
5978 3
5979 2
5980 2
5981 1
5982 2
5983 3
5984 2
5985 1
5986 1
5987 1
5988 3
5989 5
5990 1
5991 2
5992 2
5993 1
5994 2
5995 1
5996 1
5997 1
5998 1
5999 1
6000 1
6001 1
6002 1
6003 2
6004 2
6005 1
6006 1
6007 1
6008 1
6009 1
6010 2
6011 1
6012 1
6013 1
6014 2
6015 1
6016 2
6017 1
6018 2
6019 1
6020 1
6021 1
6022 1
6023 2
6024 4
6025 2
6026 1
6027 1
6028 1
6029 2
6030 1
6031 2
6032 1
6033 1
6034 1
6035 2
6036 1
6037 3
6038 2
6039 1
6040 1
6041 2
6042 2
6043 1
6044 1
6045 4
6046 1
6047 3
6048 1
6049 3
6050 2
6051 2
6052 1
6053 2
6054 1
6055 1
6056 1
6057 1
6058 2
6059 1
6060 2
6061 1
6062 1
6063 1
6064 1
6065 2
6066 3
6067 1
6068 1
6069 2
6070 2
6071 2
6072 2
6073 1
6074 3
6075 2
6076 3
6077 1
6078 3
6079 2
6080 1
6081 2
6082 2
6083 1
6084 2
6085 3
6086 3
6087 1
6088 1
6089 1
6090 1
6091 1
6092 2
6093 1
6094 1
6095 1
6096 1
6097 1
6098 3
6099 2
6100 2
6101 1
6102 4
6103 1
6104 2
6105 2
6106 2
6107 2
6108 2
6109 2
6110 1
6111 1
6112 2
6113 3
6114 1
6115 1
6116 2
6117 2
6118 2
6119 2
6120 1
6121 2
6122 2
6123 3
6124 1
6125 1
6126 1
6127 1
6128 3
6129 1
6130 2
6131 2
6132 1
6133 1
6134 3
6135 1
6136 1
6137 1
6138 2
6139 2
6140 1
6141 2
6142 2
6143 1
6144 2
6145 1
6146 1
6147 1
6148 1
6149 1
6150 1
6151 1
6152 3
6153 2
6154 1
6155 2
6156 1
6157 1
6158 2
6159 1
6160 1
6161 1
6162 3
6163 2
6164 2
6165 1
6166 2
6167 1
6168 1
6169 1
6170 1
6171 1
6172 1
6173 1
6174 2
6175 2
6176 2
6177 1
6178 1
6179 1
6180 3
6181 1
6182 1
6183 1
6184 2
6185 1
6186 3
6187 1
6188 1
6189 2
6190 2
6191 3
6192 2
6193 3
6194 1
6195 2
6196 2
6197 1
6198 1
6199 4
6200 1
6201 3
6202 1
6203 2
6204 3
6205 1
6206 1
6207 1
6208 1
6209 2
6210 1
6211 2
6212 1
6213 1
6214 2
6215 2
6216 1
6217 3
6218 1
6219 4
6220 1
6221 3
6222 1
6223 1
6224 3
6225 2
6226 1
6227 2
6228 1
6229 1
6230 1
6231 1
6232 1
6233 1
6234 1
6235 1
6236 1
6237 2
6238 2
6239 1
6240 1
6241 3
6242 2
6243 2
6244 2
6245 1
6246 1
6247 1
6248 1
6249 1
6250 1
6251 1
6252 2
6253 1
6254 1
6255 1
6256 1
6257 1
6258 1
6259 1
6260 1
6261 1
6262 3
6263 1
6264 2
6265 1
6266 2
6267 2
6268 1
6269 1
6270 1
6271 2
6272 1
6273 2
6274 2
6275 1
6276 2
6277 3
6278 1
6279 1
6280 2
6281 2
6282 1
6283 2
6284 1
6285 1
6286 1
6287 1
6288 1
6289 1
6290 1
6291 1
6292 1
6293 1
6294 2
6295 1
6296 2
6297 1
6298 2
6299 1
6300 2
6301 1
6302 1
6303 2
6304 1
6305 2
6306 3
6307 1
6308 2
6309 1
6310 2
6311 1
6312 2
6313 1
6314 2
6315 1
6316 1
6317 2
6318 1
6319 2
6320 1
6321 2
6322 2
6323 1
6324 2
6325 1
6326 1
6327 1
6328 1
6329 2
6330 1
6331 1
6332 1
6333 1
6334 2
6335 2
6336 1
6337 1
6338 1
6339 4
6340 2
6341 1
6342 4
6343 1
6344 1
6345 3
6346 1
6347 2
6348 2
6349 1
6350 1
6351 1
6352 2
6353 1
6354 1
6355 2
6356 1
6357 1
6358 1
6359 1
6360 1
6361 2
6362 1
6363 1
6364 1
6365 2
6366 1
6367 1
6368 1
6369 1
6370 1
6371 1
6372 1
6373 2
6374 2
6375 1
6376 1
6377 1
6378 1
6379 1
6380 1
6381 1
6382 1
6383 2
6384 1
6385 3
6386 2
6387 1
6388 1
6389 2
6390 1
6391 2
6392 2
6393 1
6394 1
6395 2
6396 1
6397 1
6398 1
6399 1
6400 1
6401 1
6402 2
6403 2
6404 1
6405 1
6406 1
6407 2
6408 3
6409 1
6410 2
6411 1
6412 2
6413 3
6414 1
6415 3
6416 1
6417 2
6418 1
6419 2
6420 1
6421 1
6422 2
6423 1
6424 1
6425 2
6426 1
6427 2
6428 1
6429 1
6430 1
6431 1
6432 1
6433 1
6434 2
6435 2
6436 4
6437 2
6438 1
6439 1
6440 1
6441 1
6442 1
6443 3
6444 1
6445 3
6446 1
6447 1
6448 1
6449 2
6450 2
6451 2
6452 1
6453 1
6454 2
6455 3
6456 1
6457 2
6458 2
6459 2
6460 1
6461 1
6462 1
6463 1
6464 2
6465 1
6466 2
6467 1
6468 2
6469 2
6470 1
6471 2
6472 1
6473 1
6474 1
6475 1
6476 2
6477 1
6478 1
6479 1
6480 1
6481 2
6482 3
6483 1
6484 1
6485 1
6486 2
6487 1
6488 1
6489 1
6490 1
6491 2
6492 1
6493 1
6494 1
6495 2
6496 2
6497 2
6498 1
6499 2
6500 5
6501 1
6502 1
6503 1
6504 1
6505 1
6506 3
6507 1
6508 1
6509 1
6510 1
6511 3
6512 1
6513 3
6514 1
6515 1
6516 1
6517 1
6518 2
6519 2
6520 1
6521 1
6522 1
6523 1
6524 1
6525 1
6526 3
6527 2
6528 1
6529 1
6530 1
6531 1
6532 1
6533 2
6534 2
6535 2
6536 1
6537 2
6538 2
6539 1
6540 1
6541 2
6542 1
6543 1
6544 1
6545 1
6546 1
6547 1
6548 1
6549 3
6550 1
6551 2
6552 4
6553 1
6554 1
6555 1
6556 2
6557 2
6558 1
6559 2
6560 1
6561 1
6562 1
6563 1
6564 1
6565 1
6566 1
6567 1
6568 2
6569 2
6570 1
6571 1
6572 1
6573 2
6574 1
6575 1
6576 1
6577 2
6578 4
6579 2
6580 3
6581 1
6582 1
6583 1
6584 1
6585 4
6586 1
6587 1
6588 1
6589 1
6590 2
6591 1
6592 1
6593 1
6594 1
6595 1
6596 4
6597 2
6598 1
6599 3
6600 1
6601 1
6602 3
6603 3
6604 1
6605 2
6606 1
6607 2
6608 1
6609 1
6610 1
6611 1
6612 1
6613 1
6614 1
6615 1
6616 1
6617 2
6618 1
6619 2
6620 1
6621 1
6622 1
6623 1
6624 2
6625 1
6626 2
6627 2
6628 3
6629 1
6630 1
6631 2
6632 1
6633 1
6634 1
6635 2
6636 4
6637 1
6638 1
6639 1
6640 1
6641 3
6642 1
6643 1
6644 3
6645 3
6646 1
6647 1
6648 2
6649 1
6650 3
6651 1
6652 2
6653 1
6654 1
6655 1
6656 1
6657 2
6658 1
6659 1
6660 2
6661 1
6662 1
6663 1
6664 2
6665 1
6666 1
6667 3
6668 1
6669 2
6670 1
6671 1
6672 2
6673 2
6674 3
6675 3
6676 3
6677 1
6678 2
6679 1
6680 2
6681 2
6682 1
6683 2
6684 1
6685 1
6686 1
6687 1
6688 1
6689 2
6690 1
6691 1
6692 2
6693 1
6694 1
6695 1
6696 4
6697 1
6698 2
6699 1
6700 1
6701 2
6702 1
6703 2
6704 1
6705 3
6706 1
6707 3
6708 1
6709 1
6710 1
6711 4
6712 1
6713 2
6714 1
6715 3
6716 1
6717 1
6718 1
6719 1
6720 1
6721 1
6722 1
6723 1
6724 1
6725 1
6726 1
6727 1
6728 3
6729 3
6730 2
6731 1
6732 1
6733 1
6734 1
6735 1
6736 1
6737 2
6738 1
6739 1
6740 1
6741 1
6742 1
6743 1
6744 2
6745 2
6746 1
6747 2
6748 1
6749 1
6750 1
6751 2
6752 1
6753 1
6754 1
6755 1
6756 1
6757 2
6758 1
6759 1
6760 1
6761 2
6762 1
6763 2
6764 1
6765 2
6766 1
6767 1
6768 2
6769 1
6770 2
6771 2
6772 1
6773 2
6774 1
6775 2
6776 1
6777 1
6778 5
6779 1
6780 1
6781 1
6782 1
6783 2
6784 1
6785 2
6786 2
6787 1
6788 1
6789 4
6790 2
6791 2
6792 1
6793 1
6794 1
6795 1
6796 1
6797 1
6798 1
6799 1
6800 1
6801 2
6802 1
6803 1
6804 1
6805 2
6806 1
6807 1
6808 1
6809 1
6810 2
6811 1
6812 1
6813 1
6814 2
6815 1
6816 1
6817 1
6818 1
6819 1
6820 1
6821 1
6822 1
6823 1
6824 1
6825 1
6826 1
6827 1
6828 1
6829 1
6830 2
6831 1
6832 2
6833 2
6834 1
6835 2
6836 1
6837 1
6838 2
6839 2
6840 2
6841 1
6842 1
6843 1
6844 2
6845 2
6846 3
6847 1
6848 1
6849 1
6850 1
6851 2
6852 1
6853 2
6854 1
6855 1
6856 2
6857 1
6858 2
6859 1
6860 2
6861 2
6862 2
6863 1
6864 1
6865 1
6866 2
6867 1
6868 1
6869 1
6870 3
6871 3
6872 1
6873 1
6874 2
6875 3
6876 1
6877 1
6878 1
6879 1
6880 2
6881 2
6882 1
6883 1
6884 3
6885 1
6886 3
6887 1
6888 1
6889 1
6890 1
6891 2
6892 1
6893 3
6894 1
6895 1
6896 1
6897 2
6898 1
6899 1
6900 1
6901 1
6902 1
6903 1
6904 1
6905 1
6906 1
6907 1
6908 2
6909 1
6910 1
6911 1
6912 1
6913 1
6914 1
6915 2
6916 2
6917 1
6918 2
6919 1
6920 1
6921 1
6922 2
6923 1
6924 1
6925 2
6926 1
6927 2
6928 2
6929 2
6930 1
6931 1
6932 1
6933 2
6934 1
6935 1
6936 1
6937 2
6938 1
6939 1
6940 1
6941 1
6942 2
6943 1
6944 1
6945 1
6946 2
6947 1
6948 1
6949 1
6950 1
6951 3
6952 1
6953 1
6954 1
6955 1
6956 2
6957 2
6958 3
6959 2
6960 1
6961 1
6962 1
6963 2
6964 1
6965 1
6966 1
6967 1
6968 2
6969 1
6970 3
6971 1
6972 2
6973 1
6974 1
6975 1
6976 3
6977 2
6978 1
6979 2
6980 1
6981 1
6982 2
6983 1
6984 1
6985 1
6986 1
6987 1
6988 1
6989 1
6990 2
6991 1
6992 1
6993 1
6994 3
6995 1
6996 2
6997 2
6998 1
6999 1
7000 1
7001 1
7002 1
7003 3
7004 1
7005 1
7006 2
7007 1
7008 1
7009 2
7010 2
7011 2
7012 1
7013 2
7014 2
7015 1
7016 1
7017 2
7018 2
7019 4
7020 2
7021 1
7022 3
7023 1
7024 1
7025 1
7026 1
7027 3
7028 1
7029 1
7030 1
7031 1
7032 2
7033 2
7034 1
7035 1
7036 1
7037 1
7038 1
7039 1
7040 2
7041 1
7042 1
7043 1
7044 2
7045 2
7046 1
7047 1
7048 2
7049 1
7050 1
7051 1
7052 1
7053 1
7054 1
7055 1
7056 2
7057 1
7058 1
7059 1
7060 3
7061 1
7062 2
7063 1
7064 2
7065 1
7066 1
7067 2
7068 1
7069 1
7070 2
7071 2
7072 1
7073 1
7074 1
7075 1
7076 1
7077 1
7078 2
7079 1
7080 1
7081 2
7082 1
7083 2
7084 1
7085 4
7086 1
7087 1
7088 2
7089 1
7090 1
7091 1
7092 1
7093 2
7094 2
7095 1
7096 1
7097 1
7098 1
7099 1
7100 1
7101 3
7102 2
7103 1
7104 1
7105 2
7106 1
7107 1
7108 1
7109 1
7110 1
7111 3
7112 2
7113 2
7114 1
7115 1
7116 1
7117 1
7118 2
7119 1
7120 1
7121 1
7122 3
7123 3
7124 1
7125 1
7126 1
7127 2
7128 1
7129 2
7130 2
7131 1
7132 2
7133 1
7134 1
7135 1
7136 1
7137 1
7138 1
7139 1
7140 1
7141 1
7142 1
7143 2
7144 2
7145 1
7146 2
7147 1
7148 1
7149 2
7150 1
7151 2
7152 1
7153 1
7154 2
7155 1
7156 1
7157 1
7158 1
7159 2
7160 1
7161 1
7162 1
7163 1
7164 1
7165 1
7166 1
7167 3
7168 1
7169 1
7170 1
7171 1
7172 1
7173 1
7174 1
7175 1
7176 1
7177 1
7178 2
7179 1
7180 1
7181 2
7182 2
7183 1
7184 2
7185 1
7186 2
7187 1
7188 1
7189 2
7190 1
7191 2
7192 1
7193 1
7194 2
7195 1
7196 2
7197 1
7198 1
7199 1
7200 1
7201 1
7202 1
7203 1
7204 1
7205 2
7206 1
7207 2
7208 2
7209 1
7210 1
7211 1
7212 1
7213 1
7214 1
7215 1
7216 1
7217 2
7218 1
7219 1
7220 1
7221 1
7222 1
7223 1
7224 2
7225 1
7226 2
7227 1
7228 1
7229 1
7230 2
7231 2
7232 1
7233 1
7234 1
7235 1
7236 2
7237 1
7238 1
7239 1
7240 1
7241 2
7242 2
7243 1
7244 1
7245 1
7246 2
7247 1
7248 1
7249 1
7250 1
7251 1
7252 1
7253 1
7254 1
7255 2
7256 1
7257 2
7258 2
7259 2
7260 1
7261 1
7262 2
7263 1
7264 1
7265 2
7266 1
7267 1
7268 2
7269 2
7270 2
7271 2
7272 1
7273 1
7274 1
7275 2
7276 1
7277 1
7278 1
7279 1
7280 2
7281 1
7282 1
7283 2
7284 1
7285 1
7286 2
7287 2
7288 1
7289 1
7290 1
7291 1
7292 2
7293 1
7294 2
7295 2
7296 1
7297 1
7298 1
7299 1
7300 1
7301 1
7302 1
7303 1
7304 1
7305 1
7306 3
7307 1
7308 1
7309 1
7310 1
7311 2
7312 2
7313 3
7314 1
7315 1
7316 1
7317 1
7318 1
7319 1
7320 2
7321 1
7322 2
7323 1
7324 2
7325 1
7326 1
7327 1
7328 2
7329 2
7330 2
7331 1
7332 1
7333 2
7334 1
7335 1
7336 2
7337 2
7338 1
7339 1
7340 1
7341 2
7342 1
7343 1
7344 1
7345 1
7346 1
7347 1
7348 1
7349 1
7350 1
7351 1
7352 2
7353 1
7354 1
7355 2
7356 1
7357 2
7358 1
7359 1
7360 1
7361 2
7362 1
7363 1
7364 3
7365 1
7366 1
7367 1
7368 2
7369 2
7370 2
7371 2
7372 1
7373 1
7374 2
7375 1
7376 1
7377 1
7378 1
7379 1
7380 2
7381 1
7382 1
7383 1
7384 1
7385 1
7386 1
7387 1
7388 1
7389 2
7390 1
7391 1
7392 4
7393 1
7394 1
7395 1
7396 1
7397 1
7398 1
7399 1
7400 1
7401 1
7402 2
7403 2
7404 2
7405 1
7406 1
7407 1
7408 2
7409 1
7410 2
7411 1
7412 1
7413 2
7414 1
7415 1
7416 2
7417 1
7418 1
7419 2
7420 1
7421 1
7422 2
7423 3
7424 2
7425 1
7426 2
7427 1
7428 1
7429 1
7430 1
7431 1
7432 1
7433 2
7434 1
7435 1
7436 2
7437 1
7438 1
7439 1
7440 1
7441 1
7442 2
7443 1
7444 1
7445 2
7446 1
7447 1
7448 2
7449 2
7450 1
7451 1
7452 2
7453 1
7454 1
7455 1
7456 1
7457 2
7458 1
7459 1
7460 1
7461 1
7462 2
7463 1
7464 1
7465 1
7466 1
7467 1
7468 1
7469 1
7470 1
7471 3
7472 1
7473 1
7474 2
7475 1
7476 1
7477 2
7478 1
7479 1
7480 1
7481 1
7482 2
7483 1
7484 1
7485 1
7486 1
7487 1
7488 2
7489 1
7490 2
7491 1
7492 1
7493 1
7494 1
7495 1
7496 2
7497 1
7498 3
7499 2
7500 1
7501 1
7502 1
7503 1
7504 1
7505 1
7506 2
7507 2
7508 1
7509 1
7510 1
7511 1
7512 1
7513 1
7514 1
7515 1
7516 1
7517 1
7518 1
7519 1
7520 1
7521 1
7522 1
7523 2
7524 1
7525 1
7526 2
7527 1
7528 1
7529 1
7530 1
7531 3
7532 2
7533 1
7534 1
7535 2
7536 1
7537 1
7538 1
7539 1
7540 1
7541 1
7542 1
7543 1
7544 2
7545 2
7546 1
7547 1
7548 2
7549 1
7550 1
7551 1
7552 2
7553 1
7554 2
7555 1
7556 1
7557 3
7558 2
7559 2
7560 1
7561 1
7562 1
7563 1
7564 1
7565 1
7566 1
7567 1
7568 1
7569 1
7570 1
7571 3
7572 2
7573 1
7574 1
7575 1
7576 1
7577 1
7578 1
7579 2
7580 1
7581 2
7582 1
7583 2
7584 1
7585 2
7586 1
7587 1
7588 1
7589 1
7590 2
7591 1
7592 1
7593 1
7594 1
7595 1
7596 1
7597 1
7598 1
7599 2
7600 2
7601 1
7602 1
7603 1
7604 1
7605 1
7606 1
7607 1
7608 1
7609 1
7610 1
7611 1
7612 1
7613 1
7614 1
7615 2
7616 1
7617 1
7618 2
7619 2
7620 1
7621 2
7622 1
7623 1
7624 1
7625 1
7626 1
7627 2
7628 1
7629 1
7630 1
7631 1
7632 1
7633 1
7634 1
7635 1
7636 1
7637 1
7638 2
7639 1
7640 1
7641 3
7642 1
7643 1
7644 1
7645 1
7646 1
7647 2
7648 1
7649 1
7650 1
7651 1
7652 1
7653 1
7654 1
7655 1
7656 1
7657 1
7658 3
7659 1
7660 3
7661 1
7662 1
7663 1
7664 1
7665 1
7666 1
7667 1
7668 1
7669 1
7670 2
7671 1
7672 1
7673 1
7674 1
7675 1
7676 1
7677 1
7678 1
7679 2
7680 1
7681 2
7682 1
7683 1
7684 1
7685 1
7686 2
7687 2
7688 1
7689 1
7690 1
7691 1
7692 1
7693 2
7694 1
7695 1
7696 1
7697 2
7698 1
7699 1
7700 1
7701 1
7702 2
7703 1
7704 1
7705 2
7706 1
7707 1
7708 1
7709 1
7710 1
7711 1
7712 3
7713 1
7714 1
7715 2
7716 1
7717 1
7718 1
7719 1
7720 1
7721 1
7722 1
7723 1
7724 1
7725 1
7726 1
7727 2
7728 1
7729 2
7730 1
7731 2
7732 1
7733 2
7734 1
7735 1
7736 1
7737 1
7738 1
7739 1
7740 1
7741 2
7742 1
7743 1
7744 1
7745 2
7746 1
7747 1
7748 1
7749 1
7750 3
7751 1
7752 1
7753 1
7754 1
7755 2
7756 3
7757 1
7758 1
7759 2
7760 1
7761 1
7762 1
7763 1
7764 1
7765 1
7766 1
7767 1
7768 1
7769 1
7770 1
7771 1
7772 2
7773 1
7774 1
7775 1
7776 1
7777 2
7778 1
7779 1
7780 1
7781 1
7782 1
7783 1
7784 1
7785 2
7786 2
7787 1
7788 1
7789 1
7790 1
7791 1
7792 1
7793 1
7794 1
7795 1
7796 1
7797 1
7798 1
7799 2
7800 1
7801 2
7802 1
7803 1
7804 1
7805 1
7806 1
7807 1
7808 1
7809 1
7810 1
7811 1
7812 3
7813 1
7814 1
7815 1
7816 1
7817 1
7818 2
7819 1
7820 1
7821 1
7822 1
7823 2
7824 1
7825 1
7826 1
7827 1
7828 1
7829 1
7830 1
7831 3
7832 1
7833 2
7834 1
7835 1
7836 1
7837 1
7838 1
7839 1
7840 1
7841 1
7842 1
7843 2
7844 1
7845 1
7846 1
7847 1
7848 1
7849 2
7850 1
7851 1
7852 2
7853 1
7854 1
7855 2
7856 1
7857 1
7858 1
7859 1
7860 1
7861 1
7862 1
7863 1
7864 1
7865 1
7866 1
7867 1
7868 1
7869 1
7870 2
7871 1
7872 1
7873 1
7874 1
7875 1
7876 1
7877 1
7878 2
7879 1
7880 1
7881 1
7882 1
7883 1
7884 1
7885 2
7886 1
7887 1
7888 1
7889 1
7890 1
7891 1
7892 1
7893 1
7894 1
7895 2
7896 2
7897 2
7898 1
7899 2
7900 3
7901 1
7902 1
7903 1
7904 2
7905 2
7906 1
7907 1
7908 1
7909 1
7910 1
7911 2
7912 1
7913 1
7914 1
7915 1
7916 1
7917 1
7918 1
7919 1
7920 1
7921 1
7922 1
7923 1
7924 1
7925 1
7926 1
7927 2
7928 1
7929 1
7930 2
7931 2
7932 1
7933 2
7934 1
7935 1
7936 1
7937 1
7938 2
7939 1
7940 1
7941 1
7942 1
7943 1
7944 1
7945 1
7946 1
7947 2
7948 1
7949 1
7950 1
7951 1
7952 3
7953 3
7954 1
7955 1
7956 2
7957 3
7958 1
7959 1
7960 2
7961 1
7962 1
7963 1
7964 1
7965 2
7966 1
7967 1
7968 1
7969 1
7970 1
7971 2
7972 1
7973 1
7974 1
7975 2
7976 1
7977 1
7978 1
7979 1
7980 2
7981 1
7982 1
7983 1
7984 1
7985 2
7986 1
7987 1
7988 1
7989 1
7990 1
7991 1
7992 1
7993 1
7994 1
7995 1
7996 1
7997 1
7998 1
7999 1
8000 1
8001 1
8002 1
8003 1
8004 1
8005 1
8006 2
8007 1
8008 2
8009 1
8010 2
8011 1
8012 1
8013 2
8014 3
8015 1
8016 1
8017 1
8018 1
8019 2
8020 1
8021 1
8022 1
8023 1
8024 3
8025 3
8026 1
8027 1
8028 1
8029 1
8030 1
8031 2
8032 2
8033 2
8034 1
8035 1
8036 2
8037 1
8038 2
8039 1
8040 1
8041 1
8042 1
8043 2
8044 1
8045 1
8046 1
8047 1
8048 2
8049 3
8050 1
8051 1
8052 2
8053 1
8054 2
8055 1
8056 1
8057 1
8058 1
8059 2
8060 2
8061 1
8062 1
8063 1
8064 1
8065 1
8066 1
8067 1
8068 1
8069 1
8070 1
8071 1
8072 1
8073 2
8074 1
8075 1
8076 1
8077 1
8078 1
8079 1
8080 2
8081 1
8082 1
8083 1
8084 1
8085 1
8086 2
8087 2
8088 1
8089 1
8090 1
8091 1
8092 1
8093 1
8094 2
8095 1
8096 1
8097 1
8098 2
8099 1
8100 1
8101 1
8102 1
8103 1
8104 1
8105 1
8106 1
8107 2
8108 1
8109 1
8110 1
8111 1
8112 1
8113 1
8114 1
8115 1
8116 1
8117 1
8118 1
8119 1
8120 1
8121 1
8122 1
8123 2
8124 2
8125 2
8126 2
8127 1
8128 1
8129 1
8130 1
8131 1
8132 1
8133 1
8134 1
8135 2
8136 2
8137 1
8138 2
8139 1
8140 1
8141 1
8142 1
8143 1
8144 2
8145 1
8146 3
8147 2
8148 1
8149 1
8150 1
8151 1
8152 1
8153 1
8154 2
8155 1
8156 1
8157 1
8158 1
8159 2
8160 1
8161 1
8162 1
8163 1
8164 2
8165 1
8166 2
8167 2
8168 1
8169 1
8170 1
8171 1
8172 1
8173 1
8174 1
8175 1
8176 1
8177 1
8178 1
8179 1
8180 2
8181 2
8182 1
8183 2
8184 2
8185 1
8186 2
8187 2
8188 1
8189 1
8190 1
8191 1
8192 1
8193 1
8194 1
8195 2
8196 1
8197 1
8198 1
8199 1
8200 1
8201 1
8202 2
8203 1
8204 1
8205 1
8206 1
8207 1
8208 1
8209 1
8210 1
8211 2
8212 2
8213 1
8214 1
8215 2
8216 1
8217 1
8218 1
8219 1
8220 2
8221 1
8222 1
8223 1
8224 1
8225 1
8226 2
8227 1
8228 1
8229 1
8230 1
8231 1
8232 1
8233 1
8234 1
8235 1
8236 1
8237 1
8238 1
8239 1
8240 1
8241 1
8242 1
8243 1
8244 1
8245 1
8246 1
8247 1
8248 1
8249 1
8250 1
8251 1
8252 1
8253 1
8254 2
8255 1
8256 1
8257 1
8258 1
8259 1
8260 1
8261 2
8262 2
8263 1
8264 1
8265 1
8266 1
8267 1
8268 1
8269 1
8270 1
8271 1
8272 1
8273 2
8274 1
8275 1
8276 1
8277 2
8278 1
8279 1
8280 1
8281 1
8282 1
8283 1
8284 2
8285 1
8286 1
8287 1
8288 1
8289 1
8290 1
8291 1
8292 1
8293 1
8294 1
8295 1
8296 1
8297 2
8298 1
8299 1
8300 1
8301 1
8302 1
8303 2
8304 1
8305 1
8306 1
8307 3
8308 1
8309 3
8310 1
8311 1
8312 1
8313 1
8314 2
8315 1
8316 1
8317 1
8318 1
8319 1
8320 1
8321 1
8322 2
8323 1
8324 1
8325 1
8326 1
8327 1
8328 1
8329 1
8330 1
8331 1
8332 1
8333 1
8334 1
8335 1
8336 1
8337 1
8338 2
8339 1
8340 1
8341 1
8342 1
8343 1
8344 1
8345 2
8346 1
8347 1
8348 2
8349 1
8350 1
8351 1
8352 1
8353 2
8354 2
8355 1
8356 1
8357 1
8358 3
8359 1
8360 1
8361 1
8362 1
8363 1
8364 1
8365 1
8366 1
8367 1
8368 1
8369 1
8370 1
8371 1
8372 1
8373 1
8374 1
8375 1
8376 1
8377 1
8378 1
8379 1
8380 1
8381 1
8382 2
8383 1
8384 1
8385 1
8386 2
8387 1
8388 1
8389 1
8390 1
8391 1
8392 1
8393 1
8394 1
8395 1
8396 1
8397 1
8398 2
8399 2
8400 1
8401 1
8402 1
8403 1
8404 1
8405 1
8406 1
8407 1
8408 1
8409 1
8410 1
8411 1
8412 1
8413 2
8414 1
8415 2
8416 1
8417 2
8418 1
8419 1
8420 1
8421 1
8422 1
8423 1
8424 1
8425 1
8426 1
8427 2
8428 2
8429 1
8430 1
8431 1
8432 1
8433 1
8434 1
8435 1
8436 1
8437 1
8438 1
8439 1
8440 2
8441 2
8442 1
8443 1
8444 1
8445 1
8446 1
8447 1
8448 1
8449 1
8450 2
8451 1
8452 2
8453 1
8454 1
8455 1
8456 1
8457 1
8458 1
8459 2
8460 1
8461 1
8462 1
8463 1
8464 1
8465 2
8466 1
8467 1
8468 1
8469 1
8470 1
8471 1
8472 1
8473 1
8474 1
8475 2
8476 1
8477 1
8478 1
8479 2
8480 1
8481 1
8482 1
8483 2
8484 1
8485 1
8486 1
8487 1
8488 1
8489 1
8490 1
8491 1
8492 1
8493 1
8494 1
8495 1
8496 1
8497 2
8498 1
8499 1
8500 1
8501 1
8502 2
8503 1
8504 1
8505 1
8506 1
8507 1
8508 1
8509 1
8510 1
8511 1
8512 1
8513 1
8514 1
8515 1
8516 2
8517 2
8518 1
8519 1
8520 2
8521 1
8522 1
8523 1
8524 1
8525 1
8526 1
8527 1
8528 2
8529 1
8530 1
8531 1
8532 1
8533 1
8534 1
8535 2
8536 1
8537 1
8538 1
8539 1
8540 2
8541 2
8542 1
8543 1
8544 1
8545 1
8546 1
8547 1
8548 3
8549 1
8550 3
8551 1
8552 1
8553 1
8554 1
8555 1
8556 2
8557 1
8558 2
8559 1
8560 1
8561 2
8562 1
8563 1
8564 2
8565 1
8566 2
8567 1
8568 1
8569 1
8570 1
8571 1
8572 2
8573 1
8574 1
8575 1
8576 1
8577 2
8578 2
8579 1
8580 1
8581 1
8582 1
8583 2
8584 1
8585 2
8586 1
8587 1
8588 1
8589 1
8590 1
8591 1
8592 1
8593 1
8594 2
8595 2
8596 1
8597 1
8598 1
8599 1
8600 1
8601 3
8602 1
8603 1
8604 1
8605 1
8606 1
8607 1
8608 2
8609 1
8610 1
8611 1
8612 1
8613 1
8614 1
8615 1
8616 1
8617 1
8618 1
8619 2
8620 2
8621 1
8622 1
8623 1
8624 1
8625 1
8626 1
8627 1
8628 1
8629 2
8630 1
8631 1
8632 1
8633 2
8634 1
8635 1
8636 1
8637 1
8638 1
8639 1
8640 1
8641 1
8642 2
8643 1
8644 2
8645 3
8646 1
8647 2
8648 1
8649 1
8650 1
8651 1
8652 1
8653 1
8654 1
8655 1
8656 1
8657 1
8658 2
8659 1
8660 1
8661 1
8662 1
8663 1
8664 1
8665 2
8666 1
8667 1
8668 2
8669 2
8670 1
8671 1
8672 1
8673 1
8674 1
8675 1
8676 1
8677 1
8678 1
8679 1
8680 1
8681 2
8682 1
8683 1
8684 1
8685 1
8686 1
8687 1
8688 1
8689 1
8690 1
8691 1
8692 1
8693 1
8694 1
8695 1
8696 1
8697 1
8698 1
8699 2
8700 1
8701 1
8702 1
8703 1
8704 1
8705 1
8706 1
8707 1
8708 1
8709 1
8710 1
8711 1
8712 1
8713 1
8714 1
8715 1
8716 1
8717 1
8718 1
8719 2
8720 1
8721 1
8722 1
8723 1
8724 1
8725 1
8726 1
8727 2
8728 1
8729 1
8730 1
8731 1
8732 1
8733 2
8734 1
8735 1
8736 1
8737 1
8738 1
8739 1
8740 1
8741 1
8742 1
8743 1
8744 1
8745 1
8746 2
8747 1
8748 1
8749 1
8750 1
8751 1
8752 1
8753 2
8754 1
8755 1
8756 1
8757 1
8758 1
8759 2
8760 1
8761 2
8762 1
8763 1
8764 1
8765 1
8766 1
8767 1
8768 1
8769 2
8770 1
8771 1
8772 2
8773 1
8774 2
8775 1
8776 1
8777 1
8778 1
8779 2
8780 2
8781 2
8782 3
8783 1
8784 1
8785 1
8786 1
8787 1
8788 1
8789 1
8790 1
8791 1
8792 1
8793 1
8794 1
8795 1
8796 1
8797 1
8798 1
8799 1
8800 1
8801 1
8802 1
8803 1
8804 1
8805 2
8806 1
8807 1
8808 1
8809 1
8810 1
8811 1
8812 1
8813 2
8814 1
8815 1
8816 1
8817 1
8818 1
8819 1
8820 1
8821 1
8822 1
8823 1
8824 1
8825 2
8826 1
8827 2
8828 3
8829 1
8830 1
8831 1
8832 1
8833 1
8834 1
8835 1
8836 1
8837 1
8838 2
8839 1
8840 1
8841 1
8842 1
8843 1
8844 1
8845 1
8846 1
8847 1
8848 2
8849 3
8850 3
8851 1
8852 1
8853 1
8854 1
8855 1
8856 1
8857 1
8858 1
8859 1
8860 1
8861 1
8862 1
8863 1
8864 2
8865 1
8866 1
8867 1
8868 2
8869 1
8870 1
8871 1
8872 1
8873 2
8874 1
8875 1
8876 1
8877 2
8878 1
8879 1
8880 2
8881 1
8882 2
8883 2
8884 1
8885 1
8886 1
8887 1
8888 1
8889 1
8890 1
8891 1
8892 1
8893 1
8894 1
8895 1
8896 1
8897 1
8898 1
8899 2
8900 1
8901 1
8902 1
8903 1
8904 1
8905 1
8906 1
8907 1
8908 1
8909 1
8910 1
8911 1
8912 1
8913 1
8914 1
8915 1
8916 1
8917 1
8918 1
8919 2
8920 1
8921 1
8922 1
8923 1
8924 2
8925 1
8926 1
8927 1
8928 1
8929 1
8930 1
8931 1
8932 1
8933 1
8934 1
8935 1
8936 1
8937 1
8938 1
8939 1
8940 1
8941 1
8942 1
8943 1
8944 1
8945 2
8946 1
8947 1
8948 2
8949 1
8950 1
8951 1
8952 1
8953 1
8954 1
8955 1
8956 1
8957 1
8958 1
8959 2
8960 1
8961 1
8962 1
8963 1
8964 1
8965 3
8966 1
8967 1
8968 1
8969 1
8970 2
8971 1
8972 2
8973 1
8974 1
8975 1
8976 1
8977 1
8978 1
8979 1
8980 1
8981 1
8982 1
8983 1
8984 1
8985 2
8986 1
8987 1
8988 1
8989 1
8990 3
8991 1
8992 1
8993 1
8994 1
8995 1
8996 1
8997 1
8998 1
8999 1
9000 1
9001 1
9002 1
9003 1
9004 1
9005 1
9006 1
9007 1
9008 1
9009 1
9010 1
9011 1
9012 1
9013 1
9014 1
9015 1
9016 1
9017 1
9018 1
9019 1
9020 1
9021 1
9022 1
9023 1
9024 1
9025 1
9026 2
9027 1
9028 1
9029 1
9030 1
9031 1
9032 1
9033 1
9034 2
9035 1
9036 1
9037 2
9038 1
9039 1
9040 1
9041 1
9042 1
9043 1
9044 1
9045 1
9046 1
9047 1
9048 1
9049 1
9050 1
9051 1
9052 1
9053 1
9054 2
9055 1
9056 1
9057 1
9058 1
9059 1
9060 1
9061 1
9062 1
9063 1
9064 1
9065 1
9066 1
9067 1
9068 1
9069 1
9070 1
9071 1
9072 1
9073 1
9074 1
9075 1
9076 1
9077 1
9078 1
9079 1
9080 1
9081 1
9082 1
9083 1
9084 1
9085 1
9086 1
9087 1
9088 1
9089 2
9090 1
9091 1
9092 1
9093 1
9094 1
9095 2
9096 1
9097 1
9098 1
9099 1
9100 1
9101 1
9102 1
9103 1
9104 1
9105 1
9106 1
9107 1
9108 1
9109 1
9110 1
9111 1
9112 2
9113 1
9114 1
9115 1
9116 1
9117 1
9118 1
9119 1
9120 1
9121 1
9122 2
9123 1
9124 1
9125 1
9126 1
9127 1
9128 1
9129 1
9130 1
9131 1
9132 1
9133 1
9134 1
9135 1
9136 1
9137 1
9138 1
9139 1
9140 1
9141 1
9142 1
9143 1
9144 1
9145 1
9146 1
9147 1
9148 1
9149 1
9150 2
9151 1
9152 2
9153 1
9154 1
9155 1
9156 1
9157 1
9158 1
9159 1
9160 1
9161 1
9162 1
9163 1
9164 1
9165 1
9166 1
9167 1
9168 1
9169 1
9170 2
9171 1
9172 1
9173 1
9174 1
9175 1
9176 1
9177 1
9178 1
9179 2
9180 1
9181 1
9182 1
9183 1
9184 1
9185 1
9186 2
9187 2
9188 1
9189 1
9190 2
9191 1
9192 1
9193 1
9194 1
9195 1
9196 1
9197 1
9198 1
9199 1
9200 1
9201 1
9202 1
9203 1
9204 1
9205 1
9206 1
9207 2
9208 1
9209 1
9210 1
9211 1
9212 1
9213 2
9214 3
9215 2
9216 1
9217 1
9218 2
9219 2
9220 1
9221 1
9222 1
9223 1
9224 1
9225 1
9226 1
9227 1
9228 1
9229 1
9230 1
9231 1
9232 1
9233 1
9234 1
9235 1
9236 1
9237 1
9238 1
9239 1
9240 1
9241 1
9242 1
9243 1
9244 1
9245 1
9246 1
9247 1
9248 1
9249 1
9250 1
9251 1
9252 1
9253 1
9254 1
9255 1
9256 1
9257 1
9258 1
9259 1
9260 1
9261 1
9262 1
9263 1
9264 1
9265 1
9266 1
9267 1
9268 1
9269 1
9270 2
9271 1
9272 1
9273 1
9274 1
9275 1
9276 1
9277 1
9278 1
9279 1
9280 1
9281 1
9282 1
9283 1
9284 1
9285 2
9286 1
9287 1
9288 1
9289 1
9290 1
9291 2
9292 1
9293 1
9294 1
9295 1
9296 1
9297 1
9298 1
9299 1
9300 2
9301 1
9302 1
9303 2
9304 1
9305 1
9306 1
9307 1
9308 2
9309 2
9310 1
9311 1
9312 1
9313 1
9314 2
9315 1
9316 1
9317 1
9318 2
9319 1
9320 1
9321 1
9322 1
9323 1
9324 1
9325 1
9326 2
9327 1
9328 1
9329 1
9330 1
9331 1
9332 1
9333 2
9334 1
9335 1
9336 1
9337 1
9338 1
9339 1
9340 1
9341 1
9342 1
9343 1
9344 1
9345 1
9346 1
9347 1
9348 1
9349 1
9350 1
9351 1
9352 1
9353 1
9354 1
9355 1
9356 1
9357 1
9358 1
9359 1
9360 1
9361 1
9362 1
9363 1
9364 1
9365 1
9366 1
9367 1
9368 1
9369 1
9370 1
9371 1
9372 2
9373 1
9374 1
9375 1
9376 1
9377 1
9378 1
9379 1
9380 1
9381 1
9382 1
9383 1
9384 1
9385 1
9386 1
9387 1
9388 1
9389 1
9390 1
9391 1
9392 1
9393 1
9394 1
9395 2
9396 1
9397 1
9398 1
9399 1
9400 1
9401 1
9402 1
9403 1
9404 1
9405 1
9406 1
9407 1
9408 1
9409 1
9410 1
9411 1
9412 1
9413 1
9414 1
9415 1
9416 1
9417 1
9418 1
9419 1
9420 1
9421 1
9422 1
9423 1
9424 1
9425 1
9426 1
9427 1
9428 1
9429 1
9430 1
9431 1
9432 1
9433 1
9434 1
9435 1
9436 1
9437 1
9438 1
9439 1
9440 1
9441 1
9442 1
9443 1
9444 2
9445 1
9446 1
9447 1
9448 1
9449 1
9450 1
9451 1
9452 1
9453 1
9454 1
9455 1
9456 1
9457 1
9458 1
9459 1
9460 1
9461 1
9462 1
9463 1
9464 1
9465 1
9466 1
9467 1
9468 1
9469 1
9470 1
9471 1
9472 2
9473 1
9474 2
9475 1
9476 2
9477 1
9478 1
9479 1
9480 1
9481 1
9482 1
9483 1
9484 1
9485 1
9486 1
9487 1
9488 1
9489 1
9490 1
9491 1
9492 1
9493 2
9494 1
9495 1
9496 1
9497 1
9498 1
9499 1
9500 1
9501 1
9502 1
9503 2
9504 1
9505 1
9506 1
9507 1
9508 1
9509 1
9510 1
9511 1
9512 1
9513 1
9514 1
9515 1
9516 1
9517 1
9518 1
9519 3
9520 1
9521 1
9522 1
9523 1
9524 1
9525 2
9526 1
9527 1
9528 1
9529 1
9530 1
9531 1
9532 1
9533 1
9534 1
9535 1
9536 1
9537 1
9538 1
9539 1
9540 1
9541 1
9542 1
9543 1
9544 1
9545 1
9546 3
9547 1
9548 1
9549 1
9550 1
9551 1
9552 1
9553 1
9554 1
9555 1
9556 1
9557 1
9558 1
9559 1
9560 1
9561 1
9562 1
9563 1
9564 1
9565 1
9566 1
9567 1
9568 2
9569 1
9570 1
9571 1
9572 1
9573 1
9574 1
9575 1
9576 1
9577 1
9578 1
9579 1
9580 1
9581 1
9582 1
9583 1
9584 1
9585 1
9586 1
9587 1
9588 1
9589 1
9590 1
9591 1
9592 1
9593 1
9594 1
9595 1
9596 1
9597 1
9598 1
9599 1
9600 1
9601 1
9602 1
9603 1
9604 1
9605 1
9606 2
9607 1
9608 1
9609 1
9610 1
9611 1
9612 1
9613 1
9614 1
9615 1
9616 1
9617 1
9618 1
9619 1
9620 1
9621 1
9622 1
9623 1
9624 1
9625 1
9626 1
9627 1
9628 1
9629 1
9630 1
9631 1
9632 1
9633 1
9634 1
9635 1
9636 1
9637 1
9638 1
9639 1
9640 1
9641 1
9642 1
9643 1
9644 1
9645 1
9646 1
9647 1
9648 1
9649 1
9650 1
9651 1
9652 1
9653 1
9654 1
9655 1
9656 1
9657 1
9658 1
9659 1
9660 1
9661 1
9662 1
9663 1
9664 1
9665 1
9666 1
9667 1
9668 1
9669 1
9670 1
9671 1
9672 1
9673 1
9674 1
9675 1
9676 1
9677 1
9678 1
9679 1
9680 1
9681 1
9682 1
9683 1
9684 1
9685 1
9686 1
9687 1
9688 1
9689 1
9690 1
9691 1
9692 1
9693 1
9694 1
9695 1
9696 1
9697 1
9698 1
9699 2
9700 1
9701 1
9702 1
9703 1
9704 1
9705 1
9706 1
9707 1
9708 1
9709 1
9710 1
9711 1
9712 1
9713 1
9714 1
9715 1
9716 1
9717 1
9718 1
9719 1
9720 1
9721 1
9722 1
9723 1
9724 1
9725 1
9726 1
9727 1
9728 1
9729 1
9730 1
9731 1
9732 1
9733 1
9734 1
9735 1
9736 1
9737 1
9738 1
9739 1
9740 1
9741 1
9742 1
9743 1
9744 1
9745 1
9746 1
9747 1
9748 1
9749 1
9750 1
9751 1
9752 1
9753 1
9754 1
9755 1
9756 1
9757 1
9758 1
9759 1
9760 1
9761 1
9762 1
9763 1
9764 1
9765 1
9766 1
9767 1
9768 1
9769 1
9770 1
9771 1
9772 1
9773 1
9774 1
9775 1
9776 1
9777 1
9778 1
9779 1
9780 1
9781 1
9782 1
9783 1
9784 1
9785 1
9786 1
9787 1
9788 1
9789 1
9790 1
9791 1
9792 1
9793 1
9794 1
9795 1
9796 1
9797 2
9798 1
9799 1
9800 1
9801 1
9802 1
9803 1
9804 1
9805 1
9806 1
9807 1
9808 1
9809 1
9810 1
9811 1
9812 1
9813 1
9814 1
9815 1
9816 1
9817 1
9818 1
9819 1
9820 1
9821 1
9822 1
9823 1
9824 1
9825 1
9826 1
9827 1
9828 1
9829 1
9830 1
9831 1
9832 1
9833 1
9834 1
9835 1
9836 1
9837 1
9838 1
9839 1
9840 1
9841 1
9842 1
9843 1
9844 1
9845 1
9846 1
9847 1
9848 1
9849 1
9850 1
9851 1
9852 1
9853 1
9854 1
9855 1
9856 1
9857 1
9858 1
9859 1
9860 1
9861 1
9862 1
9863 1
9864 1
9865 1
9866 1
9867 1
9868 1
9869 1
9870 1
9871 1
9872 2
9873 1
9874 1
9875 1
9876 1
9877 1
9878 1
9879 1
9880 1
9881 1
9882 1
9883 1
9884 2
9885 1
9886 1
9887 1
9888 1
9889 1
9890 1
9891 1
9892 1
9893 1
9894 1
9895 1
9896 1
9897 1
9898 1
9899 1
9900 1
9901 1
9902 1
9903 1
9904 1
9905 1
9906 1
9907 1
9908 1
9909 1
9910 1
9911 1
9912 1
9913 1
9914 1
9915 1
9916 1
9917 1
9918 1
9919 1
9920 1
9921 1
9922 1
9923 1
9924 1
9925 1
9926 1
9927 1
9928 1
9929 1
9930 1
9931 1
9932 1
9933 1
9934 1
9935 1
9936 1
9937 1
9938 1
9939 1
9940 1
9941 1
9942 1
9943 1
9944 1
9945 1
9946 1
9947 1
9948 1
9949 1
9950 1
9951 1
9952 1
9953 1
9954 1
9955 1
9956 1
9957 1
9958 1
9959 1
9960 1
9961 1
9962 1
9963 1
9964 1
9965 1
9966 1
9967 1
9968 1
9969 1
9970 1
9971 1
9972 1
9973 1
9974 1
9975 1
9976 1
9977 1
9978 1
9979 1
9980 1
9981 1
9982 1
9983 1
9984 1
9985 1
9986 1
9987 1
9988 1
9989 1
9990 1
9991 1
9992 1
9993 1
9994 1
9995 1
9996 1
9997 1
9998 1
9999 1
10000 1
