0 10
1 12
2 10
3 12
4 9
5 12
6 7
7 8
8 3
9 5
10 8
11 8
12 13
13 12
14 8
15 9
16 6
17 10
18 7
19 5
20 6
21 7
22 9
23 4
24 5
25 7
26 3
27 10
28 7
29 6
30 6
31 6
32 3
33 11
34 8
35 3
36 8
37 12
38 6
39 4
40 7
41 4
42 5
43 5
44 9
45 5
46 8
47 6
48 9
49 6
50 8
51 6
52 8
53 3
54 11
55 3
56 7
57 5
58 4
59 5
60 4
61 6
62 8
63 7
64 5
65 8
66 8
67 7
68 8
69 5
70 9
71 5
72 6
73 2
74 8
75 4
76 4
77 7
78 5
79 8
80 7
81 4
82 8
83 4
84 6
85 5
86 10
87 1
88 6
89 11
90 6
91 6
92 11
93 1
94 4
95 6
96 5
97 2
98 1
99 5
100 8
101 6
102 7
103 10
104 5
105 3
106 6
107 3
108 4
109 10
110 6
111 5
112 7
113 4
114 8
115 7
116 6
117 8
118 4
119 8
120 3
121 5
122 6
123 2
124 4
125 6
126 8
127 6
128 9
129 6
130 7
131 7
132 5
133 7
134 3
135 5
136 4
137 8
138 4
139 9
140 4
141 4
142 4
143 5
144 5
145 5
146 8
147 5
148 6
149 2
150 3
151 5
152 6
153 4
154 5
155 4
156 3
157 7
158 6
159 2
160 5
161 5
162 4
163 5
164 5
165 5
166 5
167 3
168 3
169 2
170 4
171 4
172 3
173 7
174 2
175 5
176 6
177 4
178 7
179 5
180 5
181 5
182 9
183 7
184 7
185 7
186 4
187 5
188 4
189 7
190 6
191 4
192 8
193 11
194 7
195 5
196 4
197 3
198 6
199 4
200 5
201 2
202 3
203 4
204 6
205 3
206 5
207 4
208 2
209 4
210 2
211 5
212 4
213 4
214 6
215 4
216 5
217 3
218 6
219 6
220 1
221 6
222 7
223 10
224 4
225 8
226 4
227 6
228 3
229 8
230 4
231 7
232 4
233 3
234 2
235 6
236 3
237 3
238 6
239 5
240 5
241 4
242 4
243 3
244 5
245 4
246 3
247 1
248 6
249 5
250 4
251 3
252 6
253 8
254 4
255 4
256 2
257 4
258 3
259 4
260 3
261 5
262 4
263 7
264 5
265 5
266 8
267 1
268 4
269 6
270 10
271 5
272 7
273 2
274 6
275 2
276 2
277 4
278 6
279 7
280 4
281 6
282 7
283 3
284 4
285 7
286 6
287 5
288 4
289 3
290 3
291 8
292 5
293 5
294 5
295 8
296 6
297 6
298 4
299 3
300 6
301 6
302 4
303 5
304 6
305 5
306 2
307 6
308 4
309 5
310 4
311 7
312 6
313 5
314 3
315 3
316 7
317 2
318 2
319 4
320 4
321 4
322 8
323 3
324 3
325 2
326 5
327 3
328 3
329 2
330 5
331 9
332 4
333 5
334 9
335 5
336 1
337 4
338 3
339 1
340 5
341 2
342 6
343 3
344 1
345 6
346 3
347 7
348 3
349 4
350 4
351 4
352 2
353 6
354 4
355 4
356 4
357 4
358 4
359 5
360 3
361 5
362 7
363 5
364 3
365 2
366 3
367 6
368 2
369 3
370 2
371 6
372 4
373 3
374 7
375 6
376 5
377 5
378 6
379 6
380 5
381 5
382 3
383 8
384 5
385 4
386 4
387 3
388 6
389 3
390 4
391 3
392 8
393 4
394 4
395 7
396 6
397 5
398 4
399 7
400 3
401 3
402 3
403 2
404 8
405 4
406 4
407 6
408 2
409 4
410 4
411 3
412 10
413 3
414 4
415 8
416 1
417 4
418 5
419 1
420 4
421 3
422 4
423 3
424 2
425 7
426 6
427 2
428 2
429 6
430 8
431 3
432 5
433 2
434 1
435 4
436 6
437 2
438 1
439 4
440 4
441 5
442 3
443 1
444 4
445 7
446 7
447 3
448 5
449 3
450 2
451 3
452 2
453 3
454 3
455 1
456 3
457 2
458 7
459 5
460 2
461 2
462 3
463 7
464 3
465 3
466 5
467 4
468 3
469 6
470 5
471 2
472 4
473 6
474 7
475 2
476 6
477 7
478 3
479 4
480 5
481 2
482 2
483 2
484 4
485 2
486 3
487 3
488 6
489 5
490 4
491 4
492 3
493 8
494 4
495 4
496 4
497 4
498 2
499 7
500 8
501 4
502 8
503 4
504 6
505 3
506 1
507 4
508 4
509 6
510 2
511 6
512 6
513 3
514 2
515 3
516 2
517 5
518 8
519 4
520 3
521 4
522 4
523 2
524 3
525 3
526 1
527 4
528 1
529 5
530 2
531 5
532 4
533 7
534 3
535 5
536 1
537 5
538 3
539 3
540 6
541 1
542 5
543 2
544 2
545 4
546 3
547 2
548 7
549 3
550 3
551 6
552 3
553 2
554 5
555 1
556 7
557 3
558 5
559 4
560 6
561 3
562 6
563 4
564 1
565 2
566 3
567 2
568 3
569 3
570 6
571 4
572 5
573 2
574 3
575 1
576 2
577 2
578 3
579 4
580 3
581 4
582 5
583 3
584 4
585 2
586 4
587 2
588 7
589 4
590 1
591 5
592 3
593 4
594 5
595 2
596 6
597 3
598 4
599 4
600 3
601 5
602 4
603 2
604 9
605 3
606 6
607 4
608 6
609 3
610 5
611 4
612 7
613 4
614 4
615 7
616 2
617 7
618 3
619 5
620 3
621 4
622 3
623 2
624 3
625 3
626 5
627 5
628 4
629 2
630 2
631 2
632 4
633 2
634 7
635 1
636 2
637 5
638 4
639 2
640 2
641 3
642 3
643 3
644 3
645 6
646 3
647 4
648 4
649 4
650 2
651 4
652 3
653 3
654 4
655 4
656 1
657 3
658 6
659 5
660 5
661 4
662 2
663 3
664 5
665 5
666 3
667 3
668 2
669 8
670 4
671 2
672 7
673 2
674 6
675 5
676 4
677 5
678 2
679 3
680 3
681 7
682 8
683 2
684 4
685 2
686 2
687 5
688 3
689 7
690 7
691 1
692 2
693 2
694 2
695 3
696 3
697 2
698 1
699 4
700 2
701 3
702 3
703 6
704 5
705 5
706 3
707 5
708 5
709 5
710 5
711 1
712 5
713 4
714 5
715 2
716 4
717 1
718 2
719 3
720 3
721 2
722 2
723 6
724 7
725 2
726 4
727 7
728 4
729 5
730 5
731 5
732 4
733 7
734 3
735 2
736 3
737 3
738 3
739 3
740 7
741 5
742 2
743 2
744 3
745 3
746 5
747 5
748 2
749 5
750 4
751 8
752 5
753 2
754 4
755 5
756 3
757 3
758 1
759 4
760 3
761 1
762 6
763 2
764 2
765 2
766 3
767 2
768 2
769 3
770 2
771 1
772 3
773 2
774 5
775 1
776 4
777 3
778 1
779 1
780 3
781 2
782 7
783 3
784 3
785 2
786 5
787 3
788 2
789 5
790 5
791 4
792 3
793 2
794 2
795 4
796 3
797 3
798 4
799 3
800 3
801 1
802 6
803 4
804 5
805 3
806 2
807 3
808 2
809 3
810 1
811 5
812 2
813 4
814 2
815 2
816 6
817 5
818 5
819 2
820 3
821 5
822 7
823 7
824 1
825 3
826 6
827 2
828 2
829 2
830 4
831 1
832 3
833 2
834 3
835 3
836 5
837 1
838 4
839 2
840 3
841 4
842 5
843 4
844 3
845 4
846 4
847 1
848 2
849 5
850 2
851 5
852 4
853 2
854 2
855 4
856 4
857 4
858 5
859 5
860 3
861 5
862 3
863 5
864 4
865 4
866 5
867 2
868 6
869 7
870 2
871 3
872 2
873 3
874 4
875 3
876 3
877 4
878 3
879 3
880 1
881 3
882 4
883 2
884 4
885 2
886 3
887 1
888 2
889 4
890 4
891 3
892 5
893 3
894 4
895 1
896 1
897 3
898 6
899 1
900 1
901 1
902 3
903 3
904 3
905 5
906 3
907 4
908 1
909 2
910 4
911 1
912 2
913 4
914 7
915 4
916 5
917 2
918 6
919 2
920 2
921 1
922 2
923 2
924 6
925 3
926 3
927 1
928 2
929 2
930 4
931 3
932 3
933 3
934 3
935 4
936 4
937 5
938 2
939 2
940 1
941 6
942 2
943 4
944 3
945 2
946 3
947 3
948 1
949 3
950 2
951 3
952 4
953 3
954 3
955 5
956 4
957 2
958 3
959 4
960 4
961 1
962 2
963 2
964 1
965 2
966 2
967 3
968 2
969 6
970 1
971 2
972 4
973 4
974 4
975 1
976 3
977 1
978 4
979 2
980 5
981 5
982 5
983 2
984 5
985 6
986 4
987 3
988 3
989 1
990 4
991 2
992 4
993 2
994 4
995 4
996 2
997 2
998 2
999 1
1000 3
1001 2
1002 2
1003 3
1004 4
1005 4
1006 2
1007 2
1008 3
1009 1
1010 1
1011 3
1012 4
1013 3
1014 2
1015 2
1016 3
1017 5
1018 3
1019 5
1020 5
1021 4
1022 4
1023 3
1024 3
1025 5
1026 3
1027 4
1028 5
1029 2
1030 2
1031 4
1032 1
1033 2
1034 3
1035 2
1036 2
1037 2
1038 3
1039 2
1040 4
1041 2
1042 6
1043 4
1044 5
1045 6
1046 1
1047 1
1048 2
1049 3
1050 3
1051 4
1052 3
1053 5
1054 4
1055 5
1056 1
1057 3
1058 3
1059 1
1060 5
1061 2
1062 3
1063 2
1064 3
1065 2
1066 4
1067 2
1068 5
1069 2
1070 4
1071 3
1072 2
1073 2
1074 2
1075 5
1076 2
1077 5
1078 3
1079 1
1080 6
1081 2
1082 2
1083 4
1084 4
1085 4
1086 4
1087 3
1088 4
1089 2
1090 4
1091 4
1092 2
1093 3
1094 2
1095 3
1096 5
1097 3
1098 2
1099 1
1100 2
1101 5
1102 2
1103 4
1104 3
1105 5
1106 4
1107 3
1108 2
1109 2
1110 2
1111 3
1112 5
1113 4
1114 2
1115 2
1116 2
1117 3
1118 5
1119 1
1120 3
1121 6
1122 4
1123 7
1124 4
1125 4
1126 3
1127 2
1128 3
1129 2
1130 6
1131 2
1132 4
1133 4
1134 5
1135 5
1136 2
1137 4
1138 2
1139 5
1140 3
1141 4
1142 3
1143 1
1144 2
1145 4
1146 3
1147 2
1148 3
1149 3
1150 4
1151 2
1152 6
1153 2
1154 4
1155 1
1156 3
1157 4
1158 2
1159 2
1160 3
1161 4
1162 4
1163 4
1164 5
1165 1
1166 3
1167 3
1168 2
1169 2
1170 5
1171 2
1172 2
1173 2
1174 5
1175 2
1176 4
1177 3
1178 4
1179 3
1180 4
1181 4
1182 3
1183 2
1184 2
1185 4
1186 2
1187 2
1188 4
1189 3
1190 1
1191 6
1192 6
1193 5
1194 2
1195 3
1196 4
1197 9
1198 8
1199 2
1200 4
1201 2
1202 5
1203 7
1204 2
1205 1
1206 2
1207 4
1208 1
1209 3
1210 2
1211 3
1212 5
1213 4
1214 2
1215 2
1216 4
1217 1
1218 5
1219 5
1220 5
1221 1
1222 3
1223 3
1224 7
1225 3
1226 4
1227 5
1228 3
1229 3
1230 8
1231 4
1232 4
1233 3
1234 3
1235 4
1236 7
1237 4
1238 4
1239 4
1240 4
1241 4
1242 10
1243 2
1244 2
1245 2
1246 4
1247 2
1248 2
1249 5
1250 2
1251 2
1252 2
1253 3
1254 2
1255 2
1256 5
1257 2
1258 1
1259 1
1260 2
1261 4
1262 1
1263 3
1264 2
1265 2
1266 4
1267 1
1268 6
1269 5
1270 4
1271 3
1272 3
1273 7
1274 3
1275 2
1276 2
1277 2
1278 1
1279 3
1280 3
1281 3
1282 2
1283 3
1284 4
1285 5
1286 3
1287 6
1288 3
1289 3
1290 6
1291 2
1292 5
1293 2
1294 4
1295 3
1296 2
1297 4
1298 4
1299 2
1300 4
1301 3
1302 1
1303 1
1304 2
1305 3
1306 6
1307 1
1308 1
1309 3
1310 3
1311 3
1312 3
1313 5
1314 2
1315 4
1316 3
1317 5
1318 1
1319 2
1320 3
1321 2
1322 4
1323 1
1324 3
1325 3
1326 2
1327 2
1328 4
1329 1
1330 4
1331 2
1332 3
1333 3
1334 3
1335 4
1336 6
1337 3
1338 3
1339 7
1340 3
1341 2
1342 4
1343 2
1344 1
1345 2
1346 2
1347 2
1348 4
1349 2
1350 3
1351 4
1352 2
1353 1
1354 7
1355 4
1356 2
1357 3
1358 1
1359 3
1360 2
1361 6
1362 3
1363 2
1364 3
1365 3
1366 4
1367 4
1368 2
1369 2
1370 4
1371 4
1372 2
1373 4
1374 4
1375 1
1376 1
1377 2
1378 2
1379 4
1380 2
1381 5
1382 4
1383 3
1384 3
1385 4
1386 2
1387 2
1388 3
1389 2
1390 2
1391 2
1392 4
1393 2
1394 6
1395 3
1396 2
1397 3
1398 3
1399 2
1400 1
1401 6
1402 5
1403 3
1404 2
1405 2
1406 1
1407 5
1408 2
1409 2
1410 4
1411 5
1412 3
1413 2
1414 2
1415 2
1416 3
1417 4
1418 3
1419 2
1420 4
1421 1
1422 2
1423 1
1424 4
1425 1
1426 1
1427 2
1428 2
1429 4
1430 3
1431 1
1432 3
1433 3
1434 7
1435 1
1436 3
1437 3
1438 5
1439 6
1440 2
1441 2
1442 4
1443 3
1444 5
1445 1
1446 4
1447 4
1448 4
1449 3
1450 3
1451 6
1452 3
1453 3
1454 5
1455 4
1456 1
1457 2
1458 2
1459 2
1460 2
1461 4
1462 2
1463 6
1464 3
1465 3
1466 7
1467 3
1468 1
1469 3
1470 2
1471 2
1472 5
1473 1
1474 1
1475 2
1476 1
1477 4
1478 5
1479 2
1480 2
1481 2
1482 3
1483 4
1484 2
1485 2
1486 4
1487 4
1488 4
1489 3
1490 3
1491 2
1492 2
1493 3
1494 2
1495 1
1496 1
1497 3
1498 4
1499 2
1500 2
1501 2
1502 3
1503 2
1504 3
1505 1
1506 2
1507 2
1508 9
1509 2
1510 3
1511 2
1512 3
1513 3
1514 3
1515 1
1516 5
1517 1
1518 3
1519 4
1520 3
1521 3
1522 3
1523 3
1524 6
1525 3
1526 1
1527 1
1528 3
1529 2
1530 3
1531 2
1532 2
1533 4
1534 2
1535 3
1536 3
1537 5
1538 4
1539 2
1540 2
1541 4
1542 6
1543 1
1544 1
1545 1
1546 1
1547 3
1548 4
1549 5
1550 3
1551 2
1552 2
1553 5
1554 2
1555 2
1556 5
1557 5
1558 4
1559 4
1560 2
1561 3
1562 1
1563 2
1564 3
1565 3
1566 3
1567 4
1568 3
1569 2
1570 2
1571 2
1572 3
1573 2
1574 5
1575 1
1576 3
1577 2
1578 2
1579 3
1580 2
1581 2
1582 5
1583 1
1584 2
1585 2
1586 7
1587 1
1588 5
1589 4
1590 1
1591 3
1592 4
1593 2
1594 2
1595 2
1596 3
1597 2
1598 3
1599 4
1600 5
1601 2
1602 2
1603 3
1604 1
1605 3
1606 2
1607 1
1608 4
1609 5
1610 5
1611 2
1612 3
1613 1
1614 4
1615 5
1616 3
1617 3
1618 4
1619 2
1620 4
1621 1
1622 3
1623 2
1624 2
1625 3
1626 1
1627 2
1628 3
1629 2
1630 1
1631 3
1632 4
1633 1
1634 1
1635 1
1636 4
1637 3
1638 6
1639 2
1640 2
1641 2
1642 2
1643 1
1644 1
1645 1
1646 2
1647 4
1648 5
1649 4
1650 1
1651 3
1652 3
1653 2
1654 2
1655 3
1656 2
1657 3
1658 3
1659 2
1660 1
1661 2
1662 3
1663 2
1664 3
1665 3
1666 2
1667 1
1668 2
1669 2
1670 2
1671 2
1672 4
1673 3
1674 2
1675 1
1676 2
1677 1
1678 4
1679 3
1680 2
1681 2
1682 3
1683 5
1684 3
1685 2
1686 5
1687 3
1688 7
1689 2
1690 4
1691 4
1692 1
1693 2
1694 2
1695 6
1696 2
1697 1
1698 3
1699 2
1700 3
1701 2
1702 5
1703 2
1704 5
1705 2
1706 3
1707 3
1708 3
1709 4
1710 2
1711 1
1712 3
1713 1
1714 4
1715 7
1716 2
1717 2
1718 1
1719 2
1720 3
1721 4
1722 1
1723 5
1724 2
1725 5
1726 2
1727 2
1728 2
1729 2
1730 3
1731 2
1732 2
1733 5
1734 3
1735 2
1736 6
1737 2
1738 2
1739 2
1740 6
1741 3
1742 5
1743 4
1744 6
1745 1
1746 1
1747 2
1748 2
1749 3
1750 3
1751 3
1752 2
1753 2
1754 2
1755 2
1756 1
1757 4
1758 1
1759 3
1760 2
1761 2
1762 5
1763 4
1764 3
1765 4
1766 1
1767 3
1768 3
1769 2
1770 3
1771 3
1772 2
1773 2
1774 2
1775 2
1776 3
1777 2
1778 2
1779 2
1780 1
1781 2
1782 2
1783 5
1784 2
1785 1
1786 4
1787 2
1788 3
1789 2
1790 2
1791 5
1792 4
1793 2
1794 2
1795 3
1796 2
1797 1
1798 2
1799 3
1800 2
1801 4
1802 2
1803 4
1804 3
1805 3
1806 2
1807 2
1808 2
1809 1
1810 2
1811 2
1812 4
1813 2
1814 3
1815 3
1816 3
1817 1
1818 2
1819 2
1820 1
1821 2
1822 1
1823 1
1824 2
1825 3
1826 3
1827 6
1828 2
1829 4
1830 4
1831 4
1832 2
1833 3
1834 2
1835 5
1836 2
1837 1
1838 5
1839 4
1840 2
1841 3
1842 3
1843 2
1844 5
1845 5
1846 4
1847 3
1848 3
1849 5
1850 4
1851 2
1852 2
1853 4
1854 1
1855 2
1856 1
1857 2
1858 3
1859 2
1860 2
1861 6
1862 1
1863 2
1864 3
1865 3
1866 2
1867 4
1868 4
1869 3
1870 4
1871 2
1872 6
1873 3
1874 5
1875 2
1876 4
1877 5
1878 3
1879 1
1880 3
1881 3
1882 2
1883 3
1884 2
1885 3
1886 4
1887 3
1888 2
1889 2
1890 2
1891 3
1892 2
1893 2
1894 2
1895 3
1896 2
1897 3
1898 1
1899 5
1900 2
1901 5
1902 4
1903 3
1904 3
1905 4
1906 3
1907 2
1908 4
1909 2
1910 3
1911 2
1912 6
1913 4
1914 2
1915 2
1916 2
1917 1
1918 4
1919 2
1920 1
1921 4
1922 2
1923 3
1924 6
1925 3
1926 4
1927 4
1928 3
1929 1
1930 2
1931 5
1932 3
1933 2
1934 5
1935 2
1936 1
1937 4
1938 5
1939 3
1940 4
1941 2
1942 3
1943 2
1944 2
1945 2
1946 1
1947 3
1948 2
1949 4
1950 2
1951 3
1952 1
1953 1
1954 2
1955 2
1956 2
1957 4
1958 3
1959 6
1960 3
1961 4
1962 4
1963 2
1964 6
1965 1
1966 2
1967 1
1968 4
1969 1
1970 1
1971 1
1972 2
1973 4
1974 3
1975 1
1976 2
1977 4
1978 2
1979 3
1980 1
1981 4
1982 3
1983 2
1984 5
1985 3
1986 3
1987 1
1988 3
1989 3
1990 1
1991 2
1992 2
1993 1
1994 2
1995 3
1996 4
1997 2
1998 1
1999 1
2000 4
2001 3
2002 6
2003 3
2004 3
2005 1
2006 4
2007 3
2008 3
2009 6
2010 3
2011 3
2012 1
2013 2
2014 3
2015 3
2016 1
2017 1
2018 1
2019 2
2020 2
2021 3
2022 3
2023 3
2024 5
2025 4
2026 3
2027 3
2028 3
2029 5
2030 1
2031 1
2032 4
2033 2
2034 1
2035 2
2036 2
2037 3
2038 5
2039 5
2040 3
2041 2
2042 4
2043 1
2044 3
2045 3
2046 7
2047 4
2048 4
2049 3
2050 2
2051 1
2052 2
2053 3
2054 4
2055 2
2056 1
2057 2
2058 2
2059 3
2060 3
2061 2
2062 2
2063 7
2064 3
2065 1
2066 1
2067 1
2068 4
2069 2
2070 3
2071 4
2072 1
2073 3
2074 3
2075 2
2076 3
2077 5
2078 4
2079 3
2080 3
2081 3
2082 3
2083 1
2084 4
2085 1
2086 5
2087 2
2088 2
2089 2
2090 1
2091 3
2092 4
2093 4
2094 5
2095 1
2096 2
2097 3
2098 4
2099 2
2100 2
2101 2
2102 4
2103 4
2104 1
2105 4
2106 4
2107 2
2108 1
2109 1
2110 3
2111 2
2112 3
2113 5
2114 1
2115 2
2116 2
2117 2
2118 3
2119 2
2120 2
2121 3
2122 1
2123 2
2124 4
2125 2
2126 3
2127 1
2128 2
2129 5
2130 5
2131 3
2132 2
2133 2
2134 2
2135 3
2136 2
2137 3
2138 2
2139 2
2140 2
2141 1
2142 3
2143 3
2144 2
2145 1
2146 2
2147 1
2148 1
2149 3
2150 1
2151 5
2152 5
2153 2
2154 1
2155 1
2156 4
2157 1
2158 5
2159 1
2160 4
2161 3
2162 2
2163 5
2164 2
2165 2
2166 2
2167 2
2168 3
2169 1
2170 4
2171 1
2172 1
2173 2
2174 6
2175 2
2176 2
2177 4
2178 4
2179 2
2180 2
2181 1
2182 2
2183 2
2184 2
2185 2
2186 3
2187 2
2188 2
2189 2
2190 5
2191 3
2192 1
2193 2
2194 3
2195 2
2196 1
2197 1
2198 1
2199 2
2200 1
2201 3
2202 3
2203 2
2204 3
2205 2
2206 3
2207 5
2208 3
2209 4
2210 1
2211 3
2212 1
2213 2
2214 2
2215 3
2216 3
2217 3
2218 3
2219 4
2220 3
2221 3
2222 4
2223 1
2224 3
2225 3
2226 6
2227 3
2228 5
2229 3
2230 2
2231 1
2232 3
2233 2
2234 3
2235 2
2236 1
2237 3
2238 3
2239 3
2240 1
2241 2
2242 2
2243 1
2244 2
2245 2
2246 2
2247 2
2248 1
2249 3
2250 3
2251 4
2252 2
2253 4
2254 1
2255 2
2256 2
2257 3
2258 4
2259 3
2260 2
2261 3
2262 1
2263 4
2264 2
2265 1
2266 4
2267 5
2268 2
2269 3
2270 4
2271 3
2272 1
2273 2
2274 3
2275 4
2276 2
2277 2
2278 2
2279 4
2280 4
2281 2
2282 1
2283 1
2284 1
2285 4
2286 1
2287 2
2288 1
2289 2
2290 1
2291 3
2292 2
2293 5
2294 3
2295 5
2296 2
2297 2
2298 1
2299 1
2300 2
2301 1
2302 2
2303 2
2304 4
2305 1
2306 3
2307 1
2308 1
2309 3
2310 3
2311 2
2312 2
2313 1
2314 4
2315 4
2316 1
2317 2
2318 2
2319 2
2320 1
2321 4
2322 3
2323 6
2324 1
2325 3
2326 4
2327 2
2328 4
2329 2
2330 4
2331 3
2332 4
2333 3
2334 3
2335 4
2336 1
2337 2
2338 4
2339 3
2340 1
2341 2
2342 4
2343 1
2344 4
2345 2
2346 3
2347 2
2348 2
2349 3
2350 2
2351 2
2352 3
2353 4
2354 1
2355 3
2356 4
2357 5
2358 1
2359 3
2360 1
2361 1
2362 5
2363 2
2364 3
2365 1
2366 3
2367 5
2368 2
2369 2
2370 2
2371 4
2372 4
2373 4
2374 3
2375 2
2376 2
2377 1
2378 3
2379 2
2380 3
2381 3
2382 5
2383 1
2384 4
2385 1
2386 1
2387 2
2388 3
2389 2
2390 2
2391 3
2392 1
2393 3
2394 3
2395 2
2396 4
2397 1
2398 4
2399 1
2400 7
2401 5
2402 2
2403 1
2404 3
2405 3
2406 3
2407 1
2408 4
2409 2
2410 4
2411 6
2412 2
2413 3
2414 2
2415 1
2416 2
2417 1
2418 3
2419 3
2420 1
2421 1
2422 2
2423 3
2424 3
2425 5
2426 2
2427 2
2428 2
2429 2
2430 1
2431 3
2432 2
2433 1
2434 3
2435 2
2436 3
2437 3
2438 1
2439 2
2440 1
2441 1
2442 3
2443 1
2444 2
2445 1
2446 3
2447 2
2448 2
2449 1
2450 2
2451 1
2452 3
2453 3
2454 5
2455 2
2456 2
2457 3
2458 2
2459 3
2460 3
2461 3
2462 1
2463 2
2464 3
2465 2
2466 2
2467 2
2468 4
2469 3
2470 1
2471 1
2472 2
2473 1
2474 2
2475 1
2476 2
2477 1
2478 2
2479 3
2480 2
2481 1
2482 1
2483 3
2484 4
2485 2
2486 2
2487 2
2488 2
2489 4
2490 1
2491 2
2492 4
2493 2
2494 2
2495 2
2496 2
2497 1
2498 2
2499 2
2500 2
2501 3
2502 1
2503 2
2504 1
2505 2
2506 3
2507 4
2508 2
2509 3
2510 1
2511 2
2512 2
2513 4
2514 3
2515 2
2516 3
2517 2
2518 2
2519 2
2520 1
2521 3
2522 1
2523 4
2524 2
2525 2
2526 3
2527 2
2528 1
2529 2
2530 1
2531 1
2532 3
2533 1
2534 4
2535 3
2536 1
2537 1
2538 4
2539 1
2540 1
2541 3
2542 2
2543 4
2544 2
2545 1
2546 3
2547 1
2548 3
2549 2
2550 1
2551 1
2552 1
2553 1
2554 2
2555 5
2556 1
2557 2
2558 2
2559 3
2560 2
2561 1
2562 3
2563 2
2564 2
2565 4
2566 2
2567 1
2568 2
2569 4
2570 2
2571 3
2572 4
2573 2
2574 1
2575 1
2576 2
2577 3
2578 2
2579 2
2580 5
2581 3
2582 1
2583 2
2584 3
2585 3
2586 1
2587 3
2588 4
2589 4
2590 6
2591 2
2592 2
2593 2
2594 5
2595 2
2596 1
2597 2
2598 1
2599 1
2600 1
2601 2
2602 2
2603 3
2604 3
2605 1
2606 4
2607 1
2608 2
2609 3
2610 4
2611 2
2612 2
2613 3
2614 5
2615 2
2616 1
2617 1
2618 4
2619 5
2620 1
2621 2
2622 1
2623 1
2624 2
2625 1
2626 1
2627 4
2628 2
2629 4
2630 3
2631 1
2632 3
2633 2
2634 1
2635 2
2636 1
2637 2
2638 4
2639 3
2640 3
2641 3
2642 1
2643 4
2644 1
2645 5
2646 4
2647 2
2648 3
2649 2
2650 2
2651 5
2652 3
2653 2
2654 3
2655 3
2656 3
2657 3
2658 1
2659 3
2660 4
2661 2
2662 3
2663 3
2664 2
2665 3
2666 3
2667 4
2668 6
2669 1
2670 3
2671 2
2672 2
2673 3
2674 2
2675 1
2676 1
2677 2
2678 3
2679 2
2680 3
2681 3
2682 2
2683 1
2684 3
2685 2
2686 1
2687 2
2688 2
2689 1
2690 1
2691 2
2692 1
2693 2
2694 2
2695 3
2696 1
2697 4
2698 2
2699 4
2700 4
2701 4
2702 2
2703 5
2704 3
2705 2
2706 4
2707 2
2708 3
2709 3
2710 2
2711 2
2712 3
2713 3
2714 3
2715 3
2716 1
2717 4
2718 3
2719 1
2720 2
2721 2
2722 4
2723 2
2724 3
2725 3
2726 1
2727 1
2728 4
2729 1
2730 1
2731 4
2732 4
2733 1
2734 3
2735 3
2736 1
2737 1
2738 2
2739 4
2740 3
2741 3
2742 3
2743 3
2744 1
2745 1
2746 3
2747 1
2748 3
2749 3
2750 3
2751 3
2752 1
2753 1
2754 4
2755 2
2756 2
2757 3
2758 4
2759 2
2760 1
2761 3
2762 3
2763 2
2764 1
2765 2
2766 3
2767 2
2768 2
2769 2
2770 3
2771 2
2772 2
2773 2
2774 1
2775 2
2776 2
2777 1
2778 2
2779 3
2780 2
2781 2
2782 2
2783 5
2784 2
2785 2
2786 2
2787 4
2788 2
2789 3
2790 2
2791 2
2792 4
2793 1
2794 2
2795 3
2796 3
2797 4
2798 1
2799 4
2800 2
2801 2
2802 1
2803 2
2804 1
2805 1
2806 2
2807 6
2808 4
2809 3
2810 1
2811 3
2812 3
2813 1
2814 2
2815 2
2816 2
2817 1
2818 1
2819 4
2820 1
2821 2
2822 3
2823 3
2824 2
2825 3
2826 1
2827 1
2828 4
2829 2
2830 1
2831 2
2832 2
2833 3
2834 2
2835 2
2836 1
2837 1
2838 3
2839 1
2840 3
2841 4
2842 4
2843 1
2844 1
2845 4
2846 5
2847 1
2848 2
2849 2
2850 4
2851 2
2852 3
2853 1
2854 3
2855 1
2856 3
2857 3
2858 1
2859 2
2860 1
2861 3
2862 1
2863 1
2864 1
2865 3
2866 2
2867 4
2868 5
2869 3
2870 1
2871 1
2872 4
2873 2
2874 3
2875 2
2876 1
2877 1
2878 4
2879 3
2880 1
2881 2
2882 4
2883 2
2884 1
2885 3
2886 2
2887 3
2888 1
2889 3
2890 4
2891 4
2892 3
2893 2
2894 1
2895 2
2896 3
2897 4
2898 4
2899 1
2900 3
2901 1
2902 1
2903 1
2904 2
2905 3
2906 3
2907 2
2908 2
2909 1
2910 2
2911 2
2912 2
2913 2
2914 2
2915 1
2916 1
2917 2
2918 4
2919 3
2920 1
2921 2
2922 3
2923 5
2924 2
2925 2
2926 1
2927 2
2928 3
2929 1
2930 3
2931 1
2932 3
2933 3
2934 2
2935 1
2936 4
2937 1
2938 2
2939 1
2940 1
2941 2
2942 2
2943 1
2944 3
2945 1
2946 3
2947 2
2948 3
2949 1
2950 1
2951 2
2952 1
2953 3
2954 3
2955 4
2956 3
2957 2
2958 3
2959 2
2960 3
2961 1
2962 1
2963 2
2964 4
2965 3
2966 2
2967 2
2968 3
2969 2
2970 1
2971 2
2972 5
2973 3
2974 1
2975 2
2976 2
2977 1
2978 1
2979 2
2980 2
2981 1
2982 4
2983 2
2984 2
2985 1
2986 4
2987 2
2988 3
2989 1
2990 3
2991 1
2992 6
2993 2
2994 1
2995 1
2996 4
2997 1
2998 2
2999 4
3000 3
3001 5
3002 1
3003 2
3004 2
3005 3
3006 4
3007 2
3008 3
3009 1
3010 2
3011 1
3012 1
3013 3
3014 2
3015 1
3016 2
3017 2
3018 3
3019 5
3020 1
3021 2
3022 2
3023 2
3024 2
3025 2
3026 2
3027 4
3028 3
3029 2
3030 2
3031 1
3032 3
3033 1
3034 2
3035 1
3036 1
3037 1
3038 2
3039 2
3040 2
3041 1
3042 2
3043 2
3044 1
3045 5
3046 2
3047 4
3048 2
3049 4
3050 1
3051 2
3052 2
3053 2
3054 3
3055 5
3056 2
3057 2
3058 1
3059 2
3060 1
3061 1
3062 1
3063 3
3064 2
3065 2
3066 1
3067 3
3068 1
3069 1
3070 6
3071 1
3072 2
3073 2
3074 1
3075 4
3076 4
3077 1
3078 1
3079 1
3080 1
3081 1
3082 4
3083 2
3084 3
3085 1
3086 3
3087 2
3088 1
3089 1
3090 2
3091 1
3092 3
3093 2
3094 3
3095 2
3096 1
3097 2
3098 4
3099 3
3100 5
3101 3
3102 2
3103 3
3104 2
3105 2
3106 2
3107 1
3108 1
3109 1
3110 1
3111 3
3112 2
3113 1
3114 1
3115 1
3116 3
3117 2
3118 2
3119 1
3120 1
3121 1
3122 2
3123 3
3124 1
3125 3
3126 1
3127 3
3128 3
3129 1
3130 3
3131 1
3132 2
3133 3
3134 2
3135 2
3136 2
3137 1
3138 1
3139 1
3140 3
3141 5
3142 1
3143 2
3144 2
3145 1
3146 2
3147 2
3148 4
3149 2
3150 3
3151 2
3152 1
3153 4
3154 4
3155 3
3156 1
3157 2
3158 2
3159 1
3160 3
3161 2
3162 2
3163 3
3164 1
3165 3
3166 3
3167 2
3168 3
3169 3
3170 2
3171 1
3172 2
3173 4
3174 3
3175 1
3176 2
3177 2
3178 1
3179 2
3180 4
3181 2
3182 2
3183 2
3184 2
3185 1
3186 3
3187 1
3188 1
3189 1
3190 1
3191 2
3192 2
3193 1
3194 2
3195 2
3196 4
3197 2
3198 3
3199 4
3200 2
3201 4
3202 1
3203 3
3204 2
3205 2
3206 3
3207 6
3208 1
3209 1
3210 2
3211 2
3212 3
3213 4
3214 2
3215 3
3216 3
3217 1
3218 1
3219 4
3220 2
3221 1
3222 1
3223 1
3224 2
3225 2
3226 4
3227 2
3228 2
3229 1
3230 1
3231 3
3232 2
3233 1
3234 1
3235 2
3236 2
3237 1
3238 2
3239 1
3240 2
3241 2
3242 3
3243 2
3244 2
3245 1
3246 1
3247 1
3248 3
3249 3
3250 1
3251 1
3252 3
3253 1
3254 1
3255 3
3256 1
3257 3
3258 3
3259 2
3260 2
3261 1
3262 2
3263 1
3264 3
3265 1
3266 3
3267 1
3268 2
3269 4
3270 2
3271 1
3272 3
3273 3
3274 3
3275 2
3276 2
3277 5
3278 1
3279 4
3280 3
3281 3
3282 2
3283 4
3284 3
3285 1
3286 3
3287 2
3288 2
3289 2
3290 2
3291 3
3292 1
3293 2
3294 1
3295 4
3296 1
3297 1
3298 2
3299 1
3300 2
3301 2
3302 2
3303 2
3304 3
3305 2
3306 6
3307 2
3308 3
3309 3
3310 2
3311 1
3312 3
3313 1
3314 1
3315 2
3316 1
3317 3
3318 3
3319 1
3320 2
3321 2
3322 1
3323 2
3324 2
3325 2
3326 2
3327 3
3328 2
3329 2
3330 1
3331 2
3332 1
3333 1
3334 3
3335 1
3336 1
3337 1
3338 3
3339 3
3340 2
3341 2
3342 1
3343 1
3344 1
3345 1
3346 1
3347 1
3348 1
3349 4
3350 2
3351 1
3352 1
3353 2
3354 4
3355 2
3356 2
3357 1
3358 2
3359 3
3360 4
3361 3
3362 2
3363 2
3364 2
3365 3
3366 2
3367 1
3368 3
3369 2
3370 2
3371 3
3372 1
3373 1
3374 1
3375 1
3376 1
3377 3
3378 1
3379 4
3380 2
3381 3
3382 3
3383 1
3384 1
3385 1
3386 3
3387 2
3388 2
3389 4
3390 3
3391 2
3392 3
3393 3
3394 3
3395 1
3396 4
3397 2
3398 2
3399 2
3400 1
3401 4
3402 2
3403 2
3404 1
3405 1
3406 1
3407 3
3408 1
3409 3
3410 1
3411 3
3412 2
3413 2
3414 2
3415 2
3416 1
3417 1
3418 3
3419 2
3420 3
3421 4
3422 4
3423 6
3424 4
3425 3
3426 1
3427 3
3428 3
3429 1
3430 2
3431 1
3432 1
3433 3
3434 1
3435 5
3436 3
3437 2
3438 3
3439 1
3440 2
3441 2
3442 3
3443 2
3444 1
3445 1
3446 2
3447 2
3448 2
3449 3
3450 3
3451 1
3452 3
3453 3
3454 3
3455 1
3456 1
3457 3
3458 2
3459 2
3460 2
3461 2
3462 1
3463 1
3464 1
3465 2
3466 1
3467 1
3468 2
3469 2
3470 2
3471 1
3472 2
3473 2
3474 2
3475 1
3476 2
3477 4
3478 2
3479 1
3480 5
3481 1
3482 3
3483 2
3484 2
3485 2
3486 1
3487 2
3488 2
3489 1
3490 3
3491 2
3492 1
3493 1
3494 2
3495 4
3496 3
3497 2
3498 2
3499 1
3500 2
3501 2
3502 2
3503 2
3504 2
3505 4
3506 3
3507 2
3508 5
3509 2
3510 3
3511 3
3512 2
3513 3
3514 2
3515 4
3516 4
3517 3
3518 2
3519 3
3520 1
3521 2
3522 2
3523 1
3524 1
3525 2
3526 2
3527 2
3528 2
3529 1
3530 1
3531 1
3532 3
3533 5
3534 2
3535 1
3536 3
3537 2
3538 1
3539 2
3540 1
3541 1
3542 1
3543 1
3544 1
3545 4
3546 3
3547 3
3548 2
3549 1
3550 1
3551 2
3552 3
3553 2
3554 3
3555 3
3556 3
3557 4
3558 3
3559 5
3560 3
3561 2
3562 2
3563 3
3564 3
3565 4
3566 2
3567 3
3568 1
3569 3
3570 2
3571 2
3572 3
3573 2
3574 2
3575 1
3576 1
3577 2
3578 2
3579 2
3580 2
3581 3
3582 4
3583 2
3584 3
3585 3
3586 1
3587 1
3588 3
3589 1
3590 5
3591 1
3592 1
3593 2
3594 3
3595 1
3596 2
3597 2
3598 2
3599 2
3600 2
3601 4
3602 1
3603 3
3604 1
3605 1
3606 2
3607 2
3608 2
3609 1
3610 1
3611 2
3612 3
3613 3
3614 1
3615 1
3616 1
3617 2
3618 1
3619 1
3620 3
3621 2
3622 3
3623 3
3624 2
3625 1
3626 1
3627 4
3628 3
3629 2
3630 3
3631 2
3632 1
3633 2
3634 2
3635 2
3636 1
3637 2
3638 1
3639 2
3640 2
3641 3
3642 1
3643 1
3644 2
3645 3
3646 1
3647 2
3648 3
3649 1
3650 1
3651 2
3652 5
3653 2
3654 2
3655 1
3656 2
3657 3
3658 2
3659 3
3660 2
3661 2
3662 2
3663 2
3664 1
3665 1
3666 2
3667 2
3668 4
3669 2
3670 1
3671 1
3672 2
3673 1
3674 3
3675 2
3676 1
3677 2
3678 2
3679 1
3680 1
3681 2
3682 2
3683 5
3684 2
3685 2
3686 1
3687 1
3688 4
3689 2
3690 3
3691 4
3692 1
3693 1
3694 1
3695 1
3696 3
3697 3
3698 2
3699 4
3700 1
3701 3
3702 3
3703 3
3704 1
3705 4
3706 2
3707 3
3708 2
3709 2
3710 3
3711 5
3712 1
3713 5
3714 1
3715 3
3716 1
3717 3
3718 1
3719 5
3720 2
3721 1
3722 1
3723 2
3724 2
3725 1
3726 2
3727 1
3728 2
3729 2
3730 2
3731 3
3732 1
3733 1
3734 3
3735 2
3736 2
3737 1
3738 2
3739 1
3740 1
3741 4
3742 1
3743 2
3744 1
3745 1
3746 2
3747 2
3748 3
3749 1
3750 3
3751 4
3752 1
3753 2
3754 2
3755 1
3756 2
3757 2
3758 2
3759 1
3760 1
3761 1
3762 2
3763 2
3764 2
3765 3
3766 1
3767 2
3768 3
3769 1
3770 2
3771 1
3772 3
3773 3
3774 3
3775 2
3776 2
3777 1
3778 1
3779 1
3780 1
3781 1
3782 3
3783 3
3784 1
3785 3
3786 2
3787 3
3788 2
3789 1
3790 1
3791 2
3792 1
3793 2
3794 3
3795 3
3796 1
3797 1
3798 2
3799 2
3800 2
3801 2
3802 1
3803 1
3804 2
3805 2
3806 1
3807 1
3808 1
3809 1
3810 3
3811 3
3812 1
3813 1
3814 2
3815 2
3816 1
3817 2
3818 4
3819 1
3820 1
3821 3
3822 1
3823 1
3824 2
3825 4
3826 2
3827 1
3828 3
3829 2
3830 3
3831 3
3832 1
3833 2
3834 1
3835 1
3836 3
3837 3
3838 4
3839 3
3840 1
3841 1
3842 2
3843 2
3844 1
3845 2
3846 2
3847 4
3848 1
3849 2
3850 4
3851 1
3852 2
3853 2
3854 1
3855 2
3856 4
3857 1
3858 2
3859 1
3860 2
3861 1
3862 2
3863 3
3864 3
3865 2
3866 1
3867 3
3868 3
3869 1
3870 1
3871 1
3872 3
3873 1
3874 3
3875 2
3876 1
3877 1
3878 2
3879 1
3880 3
3881 2
3882 2
3883 2
3884 4
3885 3
3886 3
3887 2
3888 1
3889 1
3890 1
3891 1
3892 2
3893 1
3894 3
3895 2
3896 1
3897 1
3898 2
3899 3
3900 1
3901 2
3902 1
3903 2
3904 1
3905 3
3906 3
3907 2
3908 2
3909 3
3910 1
3911 1
3912 3
3913 2
3914 1
3915 4
3916 2
3917 3
3918 1
3919 1
3920 1
3921 2
3922 1
3923 4
3924 2
3925 2
3926 1
3927 3
3928 4
3929 2
3930 2
3931 3
3932 2
3933 3
3934 2
3935 3
3936 1
3937 2
3938 1
3939 2
3940 1
3941 1
3942 1
3943 3
3944 1
3945 2
3946 3
3947 1
3948 1
3949 3
3950 2
3951 1
3952 2
3953 1
3954 1
3955 2
3956 1
3957 2
3958 1
3959 2
3960 2
3961 1
3962 3
3963 1
3964 1
3965 1
3966 1
3967 1
3968 1
3969 2
3970 1
3971 1
3972 3
3973 2
3974 2
3975 1
3976 2
3977 1
3978 2
3979 1
3980 1
3981 1
3982 1
3983 1
3984 3
3985 1
3986 2
3987 1
3988 2
3989 3
3990 3
3991 2
3992 3
3993 2
3994 1
3995 1
3996 2
3997 2
3998 2
3999 3
4000 2
4001 2
4002 3
4003 3
4004 2
4005 4
4006 1
4007 1
4008 2
4009 2
4010 2
4011 1
4012 1
4013 2
4014 2
4015 5
4016 2
4017 2
4018 1
4019 2
4020 1
4021 3
4022 5
4023 3
4024 1
4025 1
4026 1
4027 2
4028 2
4029 2
4030 3
4031 1
4032 1
4033 1
4034 1
4035 3
4036 1
4037 1
4038 1
4039 2
4040 1
4041 1
4042 3
4043 1
4044 1
4045 2
4046 2
4047 1
4048 2
4049 2
4050 1
4051 1
4052 1
4053 3
4054 3
4055 2
4056 2
4057 1
4058 3
4059 1
4060 3
4061 3
4062 3
4063 4
4064 3
4065 1
4066 3
4067 2
4068 2
4069 2
4070 1
4071 1
4072 2
4073 1
4074 1
4075 1
4076 1
4077 2
4078 2
4079 2
4080 1
4081 4
4082 3
4083 3
4084 1
4085 2
4086 1
4087 2
4088 1
4089 1
4090 1
4091 3
4092 1
4093 1
4094 1
4095 2
4096 1
4097 2
4098 3
4099 2
4100 1
4101 1
4102 1
4103 2
4104 2
4105 1
4106 1
4107 1
4108 1
4109 1
4110 2
4111 3
4112 1
4113 2
4114 2
4115 1
4116 1
4117 2
4118 2
4119 2
4120 3
4121 2
4122 2
4123 1
4124 1
4125 3
4126 2
4127 2
4128 4
4129 3
4130 2
4131 2
4132 2
4133 5
4134 1
4135 1
4136 2
4137 1
4138 1
4139 1
4140 1
4141 1
4142 2
4143 3
4144 2
4145 2
4146 2
4147 1
4148 1
4149 2
4150 2
4151 2
4152 1
4153 1
4154 1
4155 2
4156 1
4157 3
4158 1
4159 2
4160 3
4161 2
4162 1
4163 1
4164 1
4165 3
4166 1
4167 1
4168 1
4169 3
4170 3
4171 1
4172 2
4173 3
4174 1
4175 2
4176 3
4177 1
4178 1
4179 1
4180 3
4181 1
4182 1
4183 2
4184 1
4185 2
4186 1
4187 1
4188 1
4189 1
4190 1
4191 2
4192 3
4193 3
4194 1
4195 4
4196 2
4197 4
4198 2
4199 2
4200 2
4201 2
4202 5
4203 1
4204 2
4205 2
4206 2
4207 3
4208 1
4209 2
4210 2
4211 2
4212 2
4213 2
4214 1
4215 2
4216 1
4217 1
4218 2
4219 4
4220 2
4221 2
4222 1
4223 2
4224 1
4225 2
4226 1
4227 2
4228 1
4229 1
4230 2
4231 3
4232 2
4233 1
4234 2
4235 1
4236 2
4237 2
4238 1
4239 2
4240 2
4241 2
4242 3
4243 1
4244 3
4245 1
4246 2
4247 2
4248 1
4249 1
4250 1
4251 1
4252 1
4253 1
4254 1
4255 1
4256 4
4257 3
4258 2
4259 2
4260 1
4261 1
4262 2
4263 2
4264 1
4265 1
4266 2
4267 1
4268 1
4269 2
4270 1
4271 2
4272 3
4273 1
4274 1
4275 1
4276 2
4277 1
4278 2
4279 3
4280 1
4281 3
4282 1
4283 2
4284 3
4285 1
4286 1
4287 2
4288 1
4289 2
4290 2
4291 3
4292 3
4293 2
4294 1
4295 1
4296 1
4297 3
4298 2
4299 2
4300 1
4301 1
4302 1
4303 1
4304 1
4305 3
4306 2
4307 2
4308 1
4309 1
4310 3
4311 3
4312 2
4313 1
4314 2
4315 2
4316 2
4317 1
4318 3
4319 2
4320 1
4321 2
4322 2
4323 2
4324 2
4325 2
4326 2
4327 5
4328 4
4329 1
4330 1
4331 1
4332 1
4333 1
4334 2
4335 1
4336 1
4337 1
4338 1
4339 2
4340 3
4341 2
4342 2
4343 3
4344 2
4345 2
4346 2
4347 3
4348 2
4349 2
4350 4
4351 1
4352 1
4353 2
4354 2
4355 2
4356 3
4357 1
4358 2
4359 2
4360 1
4361 3
4362 2
4363 3
4364 2
4365 4
4366 2
4367 3
4368 2
4369 1
4370 2
4371 2
4372 1
4373 2
4374 3
4375 4
4376 2
4377 2
4378 1
4379 3
4380 1
4381 3
4382 1
4383 4
4384 2
4385 1
4386 5
4387 2
4388 1
4389 2
4390 2
4391 2
4392 2
4393 3
4394 3
4395 3
4396 1
4397 1
4398 2
4399 1
4400 2
4401 1
4402 1
4403 2
4404 2
4405 1
4406 2
4407 1
4408 2
4409 1
4410 2
4411 2
4412 4
4413 3
4414 2
4415 1
4416 2
4417 3
4418 2
4419 1
4420 1
4421 3
4422 3
4423 1
4424 1
4425 1
4426 4
4427 2
4428 1
4429 3
4430 1
4431 2
4432 1
4433 4
4434 3
4435 4
4436 4
4437 4
4438 2
4439 3
4440 2
4441 1
4442 2
4443 1
4444 2
4445 1
4446 2
4447 4
4448 1
4449 2
4450 1
4451 1
4452 5
4453 1
4454 2
4455 2
4456 1
4457 3
4458 3
4459 2
4460 2
4461 2
4462 4
4463 2
4464 1
4465 1
4466 2
4467 1
4468 2
4469 3
4470 4
4471 1
4472 1
4473 2
4474 1
4475 2
4476 1
4477 2
4478 1
4479 1
4480 2
4481 1
4482 3
4483 3
4484 2
4485 1
4486 4
4487 1
4488 3
4489 3
4490 3
4491 2
4492 2
4493 3
4494 3
4495 2
4496 2
4497 3
4498 1
4499 2
4500 1
4501 1
4502 1
4503 2
4504 1
4505 4
4506 2
4507 1
4508 2
4509 1
4510 3
4511 2
4512 2
4513 1
4514 1
4515 1
4516 2
4517 1
4518 2
4519 2
4520 2
4521 1
4522 3
4523 1
4524 1
4525 1
4526 2
4527 4
4528 1
4529 2
4530 3
4531 2
4532 1
4533 2
4534 4
4535 4
4536 2
4537 2
4538 3
4539 2
4540 3
4541 1
4542 3
4543 2
4544 3
4545 3
4546 2
4547 1
4548 1
4549 3
4550 4
4551 1
4552 1
4553 1
4554 1
4555 2
4556 1
4557 2
4558 3
4559 2
4560 1
4561 1
4562 1
4563 2
4564 1
4565 2
4566 1
4567 3
4568 3
4569 1
4570 2
4571 1
4572 1
4573 2
4574 3
4575 1
4576 2
4577 4
4578 2
4579 1
4580 2
4581 2
4582 2
4583 1
4584 2
4585 1
4586 5
4587 2
4588 2
4589 2
4590 3
4591 4
4592 1
4593 2
4594 2
4595 1
4596 1
4597 1
4598 2
4599 2
4600 1
4601 2
4602 4
4603 2
4604 1
4605 1
4606 3
4607 3
4608 2
4609 1
4610 1
4611 3
4612 1
4613 2
4614 3
4615 3
4616 2
4617 3
4618 1
4619 1
4620 3
4621 2
4622 2
4623 3
4624 1
4625 2
4626 4
4627 1
4628 1
4629 1
4630 2
4631 1
4632 2
4633 1
4634 3
4635 1
4636 1
4637 3
4638 2
4639 1
4640 1
4641 3
4642 1
4643 2
4644 1
4645 1
4646 2
4647 1
4648 2
4649 2
4650 2
4651 2
4652 4
4653 1
4654 1
4655 1
4656 1
4657 1
4658 2
4659 1
4660 1
4661 2
4662 2
4663 3
4664 2
4665 1
4666 1
4667 1
4668 2
4669 2
4670 1
4671 2
4672 2
4673 3
4674 3
4675 2
4676 1
4677 1
4678 5
4679 1
4680 2
4681 3
4682 1
4683 1
4684 3
4685 1
4686 3
4687 2
4688 2
4689 1
4690 1
4691 2
4692 2
4693 1
4694 1
4695 1
4696 4
4697 1
4698 3
4699 1
4700 2
4701 2
4702 4
4703 2
4704 1
4705 1
4706 2
4707 1
4708 1
4709 2
4710 1
4711 3
4712 3
4713 1
4714 1
4715 3
4716 1
4717 1
4718 3
4719 2
4720 2
4721 2
4722 1
4723 2
4724 3
4725 2
4726 3
4727 2
4728 2
4729 3
4730 2
4731 1
4732 1
4733 3
4734 2
4735 3
4736 1
4737 1
4738 1
4739 2
4740 1
4741 2
4742 1
4743 2
4744 1
4745 1
4746 1
4747 1
4748 1
4749 3
4750 1
4751 3
4752 2
4753 1
4754 1
4755 2
4756 1
4757 1
4758 1
4759 1
4760 2
4761 1
4762 3
4763 1
4764 1
4765 1
4766 2
4767 1
4768 1
4769 1
4770 1
4771 2
4772 1
4773 2
4774 1
4775 1
4776 2
4777 2
4778 2
4779 1
4780 1
4781 2
4782 1
4783 1
4784 1
4785 1
4786 3
4787 1
4788 1
4789 3
4790 3
4791 2
4792 2
4793 1
4794 2
4795 4
4796 4
4797 3
4798 1
4799 2
4800 1
4801 1
4802 1
4803 2
4804 1
4805 1
4806 1
4807 1
4808 2
4809 2
4810 1
4811 1
4812 1
4813 2
4814 1
4815 1
4816 2
4817 1
4818 2
4819 1
4820 2
4821 1
4822 1
4823 2
4824 2
4825 3
4826 1
4827 1
4828 1
4829 2
4830 1
4831 1
4832 3
4833 1
4834 1
4835 3
4836 1
4837 1
4838 1
4839 1
4840 2
4841 2
4842 2
4843 2
4844 2
4845 2
4846 1
4847 2
4848 1
4849 2
4850 3
4851 1
4852 1
4853 2
4854 1
4855 1
4856 2
4857 2
4858 1
4859 1
4860 2
4861 2
4862 1
4863 2
4864 2
4865 2
4866 2
4867 2
4868 1
4869 1
4870 1
4871 2
4872 1
4873 2
4874 1
4875 1
4876 1
4877 2
4878 1
4879 1
4880 1
4881 2
4882 1
4883 1
4884 2
4885 3
4886 1
4887 1
4888 3
4889 1
4890 1
4891 1
4892 1
4893 1
4894 1
4895 2
4896 2
4897 1
4898 3
4899 3
4900 1
4901 1
4902 2
4903 1
4904 1
4905 1
4906 1
4907 1
4908 1
4909 2
4910 1
4911 2
4912 1
4913 2
4914 1
4915 1
4916 1
4917 2
4918 3
4919 1
4920 1
4921 2
4922 2
4923 1
4924 1
4925 3
4926 3
4927 2
4928 1
4929 2
4930 2
4931 3
4932 1
4933 1
4934 3
4935 1
4936 2
4937 1
4938 1
4939 2
4940 2
4941 1
4942 3
4943 1
4944 1
4945 1
4946 2
4947 2
4948 3
4949 1
4950 2
4951 2
4952 2
4953 2
4954 1
4955 2
4956 2
4957 2
4958 2
4959 2
4960 2
4961 1
4962 2
4963 1
4964 1
4965 2
4966 2
4967 3
4968 1
4969 2
4970 1
4971 1
4972 1
4973 4
4974 2
4975 1
4976 3
4977 2
4978 2
4979 1
4980 1
4981 1
4982 1
4983 1
4984 1
4985 1
4986 2
4987 2
4988 2
4989 1
4990 2
4991 1
4992 2
4993 1
4994 3
4995 3
4996 2
4997 2
4998 1
4999 1
5000 2
5001 1
5002 1
5003 1
5004 2
5005 1
5006 1
5007 2
5008 2
5009 2
5010 2
5011 2
5012 1
5013 2
5014 1
5015 1
5016 1
5017 1
5018 1
5019 1
5020 1
5021 2
5022 2
5023 1
5024 2
5025 3
5026 2
5027 2
5028 4
5029 2
5030 2
5031 2
5032 1
5033 2
5034 2
5035 1
5036 2
5037 2
5038 2
5039 2
5040 3
5041 1
5042 3
5043 1
5044 1
5045 1
5046 1
5047 1
5048 2
5049 2
5050 1
5051 1
5052 2
5053 2
5054 3
5055 4
5056 1
5057 1
5058 2
5059 1
5060 1
5061 5
5062 2
5063 1
5064 1
5065 2
5066 1
5067 1
5068 1
5069 1
5070 2
5071 3
5072 1
5073 2
5074 1
5075 1
5076 1
5077 1
5078 1
5079 2
5080 1
5081 2
5082 1
5083 1
5084 1
5085 3
5086 1
5087 2
5088 4
5089 1
5090 3
5091 2
5092 3
5093 2
5094 1
5095 1
5096 1
5097 2
5098 2
5099 1
5100 1
5101 2
5102 1
5103 1
5104 1
5105 1
5106 1
5107 1
5108 2
5109 2
5110 1
5111 1
5112 1
5113 4
5114 2
5115 1
5116 1
5117 2
5118 2
5119 1
5120 2
5121 2
5122 1
5123 1
5124 3
5125 1
5126 3
5127 1
5128 1
5129 2
5130 2
5131 3
5132 1
5133 1
5134 2
5135 1
5136 1
5137 2
5138 2
5139 1
5140 2
5141 2
5142 1
5143 1
5144 2
5145 1
5146 2
5147 1
5148 2
5149 1
5150 1
5151 2
5152 2
5153 3
5154 2
5155 1
5156 1
5157 3
5158 2
5159 2
5160 3
5161 2
5162 1
5163 1
5164 2
5165 3
5166 1
5167 1
5168 1
5169 1
5170 1
5171 1
5172 3
5173 3
5174 1
5175 1
5176 2
5177 4
5178 2
5179 1
5180 1
5181 2
5182 1
5183 4
5184 1
5185 2
5186 3
5187 4
5188 1
5189 1
5190 2
5191 1
5192 2
5193 1
5194 2
5195 1
5196 5
5197 2
5198 3
5199 1
5200 2
5201 1
5202 3
5203 1
5204 3
5205 2
5206 1
5207 1
5208 1
5209 1
5210 1
5211 4
5212 1
5213 2
5214 2
5215 3
5216 2
5217 1
5218 2
5219 2
5220 1
5221 2
5222 1
5223 1
5224 1
5225 1
5226 2
5227 1
5228 2
5229 1
5230 2
5231 1
5232 1
5233 4
5234 2
5235 2
5236 1
5237 1
5238 1
5239 1
5240 1
5241 1
5242 1
5243 1
5244 1
5245 2
5246 2
5247 2
5248 2
5249 1
5250 2
5251 1
5252 2
5253 1
5254 2
5255 1
5256 1
5257 1
5258 2
5259 2
5260 1
5261 1
5262 1
5263 2
5264 2
5265 2
5266 2
5267 1
5268 2
5269 2
5270 2
5271 1
5272 1
5273 2
5274 2
5275 3
5276 2
5277 1
5278 1
5279 1
5280 3
5281 2
5282 3
5283 1
5284 1
5285 1
5286 2
5287 2
5288 1
5289 1
5290 3
5291 1
5292 3
5293 2
5294 5
5295 5
5296 1
5297 4
5298 1
5299 1
5300 1
5301 1
5302 1
5303 1
5304 2
5305 2
5306 3
5307 1
5308 2
5309 1
5310 2
5311 1
5312 1
5313 3
5314 1
5315 3
5316 2
5317 1
5318 1
5319 2
5320 2
5321 2
5322 4
5323 1
5324 2
5325 1
5326 1
5327 1
5328 1
5329 1
5330 1
5331 1
5332 2
5333 1
5334 2
5335 1
5336 1
5337 2
5338 1
5339 3
5340 1
5341 1
5342 1
5343 2
5344 1
5345 2
5346 1
5347 1
5348 1
5349 2
5350 3
5351 3
5352 1
5353 1
5354 1
5355 1
5356 1
5357 1
5358 2
5359 1
5360 2
5361 1
5362 1
5363 1
5364 1
5365 3
5366 1
5367 1
5368 1
5369 1
5370 1
5371 2
5372 2
5373 1
5374 4
5375 1
5376 3
5377 2
5378 2
5379 3
5380 1
5381 3
5382 1
5383 1
5384 1
5385 3
5386 2
5387 2
5388 2
5389 2
5390 1
5391 1
5392 3
5393 4
5394 2
5395 1
5396 2
5397 1
5398 2
5399 3
5400 2
5401 1
5402 1
5403 1
5404 3
5405 1
5406 3
5407 2
5408 2
5409 3
5410 2
5411 2
5412 1
5413 1
5414 1
5415 3
5416 2
5417 1
5418 2
5419 2
5420 2
5421 2
5422 1
5423 2
5424 1
5425 2
5426 1
5427 1
5428 2
5429 1
5430 1
5431 1
5432 1
5433 1
5434 2
5435 3
5436 1
5437 3
5438 3
5439 4
5440 1
5441 1
5442 1
5443 1
5444 1
5445 1
5446 2
5447 2
5448 2
5449 3
5450 2
5451 3
5452 1
5453 2
5454 2
5455 1
5456 2
5457 1
5458 2
5459 1
5460 1
5461 3
5462 1
5463 1
5464 1
5465 1
5466 2
5467 1
5468 2
5469 2
5470 1
5471 4
5472 1
5473 2
5474 1
5475 1
5476 2
5477 1
5478 1
5479 2
5480 2
5481 1
5482 1
5483 1
5484 1
5485 2
5486 3
5487 3
5488 1
5489 1
5490 2
5491 1
5492 1
5493 2
5494 2
5495 3
5496 1
5497 1
5498 1
5499 1
5500 1
5501 2
5502 1
5503 1
5504 1
5505 2
5506 1
5507 2
5508 1
5509 1
5510 1
5511 1
5512 3
5513 3
5514 1
5515 2
5516 1
5517 2
5518 1
5519 1
5520 1
5521 1
5522 2
5523 2
5524 2
5525 3
5526 3
5527 1
5528 3
5529 1
5530 3
5531 1
5532 1
5533 1
5534 1
5535 1
5536 1
5537 1
5538 2
5539 1
5540 3
5541 2
5542 2
5543 2
5544 1
5545 1
5546 1
5547 3
5548 1
5549 1
5550 2
5551 2
5552 2
5553 1
5554 1
5555 2
5556 1
5557 1
5558 1
5559 3
5560 2
5561 1
5562 3
5563 1
5564 2
5565 2
5566 2
5567 3
5568 4
5569 1
5570 1
5571 3
5572 2
5573 1
5574 5
5575 2
5576 1
5577 1
5578 1
5579 1
5580 1
5581 1
5582 2
5583 1
5584 1
5585 1
5586 1
5587 1
5588 2
5589 2
5590 1
5591 1
5592 2
5593 1
5594 1
5595 1
5596 1
5597 3
5598 1
5599 1
5600 2
5601 2
5602 1
5603 2
5604 1
5605 1
5606 2
5607 1
5608 2
5609 1
5610 1
5611 3
5612 3
5613 1
5614 1
5615 1
5616 1
5617 1
5618 2
5619 1
5620 1
5621 1
5622 1
5623 3
5624 1
5625 1
5626 2
5627 1
5628 1
5629 3
5630 1
5631 1
5632 4
5633 1
5634 1
5635 1
5636 1
5637 1
5638 1
5639 1
5640 1
5641 2
5642 1
5643 2
5644 3
5645 1
5646 1
5647 2
5648 2
5649 1
5650 1
5651 2
5652 1
5653 2
5654 2
5655 2
5656 1
5657 5
5658 3
5659 2
5660 1
5661 3
5662 1
5663 1
5664 1
5665 1
5666 2
5667 1
5668 2
5669 1
5670 1
5671 1
5672 1
5673 2
5674 2
5675 3
5676 1
5677 1
5678 2
5679 2
5680 1
5681 3
5682 2
5683 3
5684 2
5685 2
5686 2
5687 1
5688 1
5689 1
5690 4
5691 2
5692 1
5693 1
5694 1
5695 1
5696 2
5697 1
5698 2
5699 2
5700 2
5701 2
5702 1
5703 1
5704 2
5705 1
5706 2
5707 1
5708 1
5709 1
5710 1
5711 1
5712 1
5713 3
5714 3
5715 1
5716 1
5717 2
5718 2
5719 1
5720 1
5721 2
5722 1
5723 1
5724 3
5725 5
5726 1
5727 2
5728 1
5729 1
5730 1
5731 1
5732 1
5733 1
5734 1
5735 3
5736 3
5737 2
5738 1
5739 1
5740 1
5741 2
5742 1
5743 3
5744 2
5745 1
5746 1
5747 3
5748 1
5749 1
5750 1
5751 1
5752 1
5753 1
5754 2
5755 2
5756 1
5757 1
5758 1
5759 1
5760 2
5761 2
5762 1
5763 1
5764 1
5765 1
5766 2
5767 2
5768 1
5769 1
5770 1
5771 2
5772 1
5773 2
5774 3
5775 3
5776 1
5777 1
5778 1
5779 2
5780 1
5781 2
5782 2
5783 3
5784 2
5785 1
5786 2
5787 1
5788 1
5789 1
5790 1
5791 2
5792 2
5793 4
5794 3
5795 1
5796 2
5797 2
5798 1
5799 2
5800 1
5801 1
5802 1
5803 1
5804 2
5805 3
5806 1
5807 2
5808 1
5809 1
5810 1
5811 1
5812 1
5813 1
5814 2
5815 2
5816 1
5817 1
5818 1
5819 2
5820 1
5821 1
5822 3
5823 2
5824 1
5825 1
5826 2
5827 1
5828 3
5829 3
5830 2
5831 1
5832 1
5833 2
5834 2
5835 2
5836 2
5837 3
5838 2
5839 1
5840 1
5841 1
5842 1
5843 1
5844 2
5845 1
5846 2
5847 2
5848 1
5849 1
5850 2
5851 2
5852 2
5853 2
5854 2
5855 1
5856 1
5857 1
5858 2
5859 2
5860 1
5861 1
5862 1
5863 1
5864 3
5865 3
5866 1
5867 2
5868 2
5869 1
5870 4
5871 1
5872 1
5873 2
5874 1
5875 3
5876 2
5877 2
5878 2
5879 1
5880 2
5881 2
5882 1
5883 2
5884 2
5885 2
5886 1
5887 2
5888 1
5889 2
5890 1
5891 1
5892 1
5893 2
5894 2
5895 1
5896 1
5897 1
5898 2
5899 1
5900 2
5901 1
5902 1
5903 1
5904 1
5905 1
5906 1
5907 1
5908 1
5909 1
5910 2
5911 2
5912 2
5913 2
5914 2
5915 2
5916 2
5917 1
5918 1
5919 2
5920 1
5921 1
5922 4
5923 1
5924 1
5925 1
5926 2
5927 1
5928 2
5929 2
5930 2
5931 2
5932 1
5933 1
5934 1
5935 1
5936 1
5937 2
5938 2
5939 1
5940 2
5941 1
5942 1
5943 1
5944 2
5945 2
5946 1
5947 1
5948 1
5949 2
5950 1
5951 1
5952 2
5953 1
5954 1
5955 1
5956 2
5957 3
5958 1
5959 1
5960 1
5961 1
5962 1
5963 1
5964 1
5965 1
5966 2
5967 2
5968 1
5969 1
5970 1
5971 2
5972 1
5973 2
5974 1
5975 1
5976 2
5977 1
5978 1
5979 3
5980 1
5981 1
5982 2
5983 2
5984 2
5985 2
5986 3
5987 1
5988 1
5989 1
5990 2
5991 1
5992 2
5993 2
5994 1
5995 2
5996 2
5997 1
5998 2
5999 2
6000 1
6001 1
6002 1
6003 1
6004 2
6005 1
6006 1
6007 1
6008 1
6009 1
6010 1
6011 1
6012 1
6013 1
6014 1
6015 1
6016 2
6017 2
6018 1
6019 3
6020 3
6021 2
6022 2
6023 1
6024 2
6025 1
6026 1
6027 2
6028 1
6029 2
6030 1
6031 2
6032 1
6033 1
6034 1
6035 1
6036 1
6037 1
6038 1
6039 1
6040 2
6041 2
6042 1
6043 1
6044 1
6045 2
6046 2
6047 3
6048 1
6049 1
6050 1
6051 1
6052 1
6053 2
6054 1
6055 1
6056 2
6057 3
6058 2
6059 2
6060 3
6061 2
6062 2
6063 3
6064 1
6065 1
6066 1
6067 2
6068 3
6069 2
6070 2
6071 1
6072 2
6073 2
6074 2
6075 1
6076 3
6077 1
6078 1
6079 2
6080 1
6081 2
6082 1
6083 1
6084 1
6085 1
6086 1
6087 2
6088 1
6089 1
6090 2
6091 2
6092 2
6093 1
6094 1
6095 1
6096 2
6097 2
6098 1
6099 2
6100 1
6101 1
6102 1
6103 1
6104 2
6105 1
6106 2
6107 2
6108 3
6109 2
6110 1
6111 3
6112 1
6113 1
6114 2
6115 1
6116 1
6117 2
6118 2
6119 1
6120 1
6121 2
6122 2
6123 1
6124 1
6125 2
6126 4
6127 1
6128 1
6129 3
6130 1
6131 1
6132 3
6133 2
6134 2
6135 1
6136 1
6137 2
6138 1
6139 1
6140 2
6141 2
6142 1
6143 2
6144 4
6145 2
6146 2
6147 1
6148 1
6149 3
6150 1
6151 1
6152 3
6153 1
6154 2
6155 1
6156 1
6157 1
6158 2
6159 1
6160 2
6161 1
6162 2
6163 1
6164 1
6165 1
6166 3
6167 2
6168 2
6169 1
6170 1
6171 1
6172 2
6173 1
6174 2
6175 2
6176 1
6177 1
6178 2
6179 4
6180 1
6181 3
6182 2
6183 1
6184 1
6185 1
6186 2
6187 1
6188 2
6189 3
6190 3
6191 2
6192 1
6193 1
6194 1
6195 2
6196 1
6197 1
6198 4
6199 2
6200 1
6201 2
6202 1
6203 4
6204 2
6205 1
6206 2
6207 1
6208 2
6209 2
6210 1
6211 1
6212 4
6213 2
6214 1
6215 1
6216 1
6217 1
6218 1
6219 1
6220 2
6221 1
6222 2
6223 1
6224 2
6225 2
6226 1
6227 1
6228 2
6229 1
6230 2
6231 2
6232 1
6233 1
6234 1
6235 3
6236 1
6237 1
6238 2
6239 1
6240 1
6241 1
6242 2
6243 1
6244 1
6245 1
6246 1
6247 3
6248 1
6249 1
6250 1
6251 1
6252 2
6253 2
6254 2
6255 2
6256 3
6257 1
6258 1
6259 1
6260 1
6261 2
6262 1
6263 3
6264 3
6265 1
6266 1
6267 1
6268 1
6269 1
6270 1
6271 1
6272 2
6273 1
6274 1
6275 2
6276 3
6277 4
6278 1
6279 2
6280 1
6281 2
6282 1
6283 3
6284 1
6285 1
6286 2
6287 1
6288 1
6289 1
6290 4
6291 2
6292 2
6293 1
6294 1
6295 1
6296 1
6297 1
6298 1
6299 2
6300 1
6301 1
6302 1
6303 1
6304 2
6305 1
6306 1
6307 2
6308 1
6309 1
6310 1
6311 2
6312 1
6313 3
6314 1
6315 2
6316 1
6317 2
6318 1
6319 1
6320 2
6321 1
6322 2
6323 3
6324 1
6325 2
6326 1
6327 2
6328 1
6329 2
6330 1
6331 3
6332 2
6333 2
6334 1
6335 1
6336 1
6337 2
6338 1
6339 1
6340 1
6341 2
6342 1
6343 1
6344 2
6345 1
6346 1
6347 1
6348 1
6349 1
6350 1
6351 1
6352 2
6353 2
6354 1
6355 1
6356 1
6357 3
6358 2
6359 3
6360 1
6361 4
6362 1
6363 1
6364 3
6365 1
6366 1
6367 2
6368 1
6369 1
6370 1
6371 1
6372 1
6373 1
6374 2
6375 1
6376 2
6377 2
6378 1
6379 2
6380 1
6381 1
6382 1
6383 1
6384 1
6385 1
6386 1
6387 1
6388 1
6389 2
6390 1
6391 1
6392 1
6393 1
6394 1
6395 1
6396 3
6397 1
6398 2
6399 1
6400 2
6401 1
6402 4
6403 1
6404 1
6405 1
6406 1
6407 1
6408 1
6409 1
6410 1
6411 1
6412 1
6413 1
6414 1
6415 1
6416 1
6417 1
6418 1
6419 1
6420 1
6421 2
6422 1
6423 1
6424 1
6425 1
6426 1
6427 2
6428 2
6429 1
6430 2
6431 2
6432 1
6433 1
6434 2
6435 1
6436 1
6437 1
6438 2
6439 1
6440 1
6441 1
6442 2
6443 1
6444 1
6445 1
6446 2
6447 1
6448 1
6449 2
6450 1
6451 3
6452 1
6453 3
6454 1
6455 1
6456 2
6457 1
6458 2
6459 2
6460 2
6461 1
6462 1
6463 1
6464 1
6465 1
6466 1
6467 1
6468 2
6469 2
6470 3
6471 2
6472 2
6473 2
6474 1
6475 1
6476 1
6477 1
6478 2
6479 1
6480 1
6481 2
6482 1
6483 1
6484 1
6485 1
6486 3
6487 2
6488 2
6489 1
6490 2
6491 1
6492 1
6493 1
6494 1
6495 1
6496 2
6497 1
6498 1
6499 1
6500 1
6501 2
6502 3
6503 1
6504 1
6505 2
6506 4
6507 1
6508 1
6509 1
6510 2
6511 2
6512 1
6513 1
6514 2
6515 1
6516 1
6517 2
6518 1
6519 1
6520 1
6521 1
6522 2
6523 1
6524 1
6525 2
6526 1
6527 1
6528 1
6529 1
6530 2
6531 2
6532 1
6533 1
6534 1
6535 2
6536 1
6537 1
6538 1
6539 1
6540 1
6541 2
6542 1
6543 2
6544 1
6545 2
6546 1
6547 1
6548 1
6549 1
6550 1
6551 3
6552 1
6553 1
6554 2
6555 1
6556 1
6557 1
6558 1
6559 1
6560 1
6561 1
6562 1
6563 1
6564 1
6565 2
6566 1
6567 1
6568 2
6569 2
6570 2
6571 1
6572 1
6573 1
6574 1
6575 1
6576 1
6577 2
6578 1
6579 2
6580 1
6581 4
6582 1
6583 2
6584 1
6585 1
6586 2
6587 2
6588 1
6589 1
6590 2
6591 1
6592 1
6593 3
6594 1
6595 1
6596 1
6597 1
6598 1
6599 1
6600 3
6601 1
6602 1
6603 1
6604 2
6605 1
6606 1
6607 5
6608 1
6609 3
6610 1
6611 3
6612 2
6613 1
6614 1
6615 1
6616 1
6617 1
6618 2
6619 1
6620 2
6621 1
6622 1
6623 3
6624 2
6625 1
6626 2
6627 1
6628 1
6629 1
6630 1
6631 1
6632 1
6633 2
6634 2
6635 1
6636 1
6637 1
6638 1
6639 1
6640 1
6641 1
6642 2
6643 2
6644 2
6645 2
6646 1
6647 1
6648 3
6649 1
6650 1
6651 1
6652 1
6653 1
6654 1
6655 2
6656 1
6657 1
6658 2
6659 1
6660 1
6661 2
6662 1
6663 1
6664 1
6665 2
6666 1
6667 1
6668 1
6669 1
6670 1
6671 1
6672 1
6673 1
6674 1
6675 1
6676 1
6677 1
6678 2
6679 1
6680 1
6681 1
6682 1
6683 1
6684 4
6685 2
6686 1
6687 2
6688 1
6689 1
6690 1
6691 2
6692 2
6693 2
6694 1
6695 1
6696 1
6697 2
6698 2
6699 2
6700 1
6701 1
6702 1
6703 1
6704 1
6705 2
6706 3
6707 1
6708 1
6709 1
6710 2
6711 1
6712 2
6713 2
6714 1
6715 1
6716 1
6717 1
6718 1
6719 1
6720 2
6721 1
6722 3
6723 2
6724 1
6725 2
6726 1
6727 1
6728 1
6729 1
6730 2
6731 1
6732 1
6733 1
6734 1
6735 1
6736 1
6737 1
6738 1
6739 1
6740 1
6741 1
6742 2
6743 2
6744 1
6745 1
6746 1
6747 1
6748 1
6749 1
6750 1
6751 2
6752 1
6753 1
6754 2
6755 1
6756 1
6757 1
6758 2
6759 1
6760 1
6761 1
6762 2
6763 2
6764 1
6765 2
6766 1
6767 2
6768 2
6769 1
6770 2
6771 1
6772 1
6773 1
6774 1
6775 1
6776 2
6777 1
6778 1
6779 1
6780 2
6781 1
6782 1
6783 1
6784 1
6785 2
6786 1
6787 1
6788 2
6789 2
6790 1
6791 2
6792 2
6793 1
6794 1
6795 1
6796 1
6797 2
6798 1
6799 2
6800 1
6801 1
6802 1
6803 1
6804 1
6805 2
6806 1
6807 1
6808 1
6809 1
6810 2
6811 2
6812 1
6813 1
6814 1
6815 2
6816 1
6817 1
6818 1
6819 1
6820 1
6821 1
6822 1
6823 1
6824 2
6825 1
6826 1
6827 1
6828 1
6829 1
6830 2
6831 1
6832 1
6833 1
6834 1
6835 1
6836 1
6837 1
6838 1
6839 1
6840 1
6841 1
6842 1
6843 1
6844 2
6845 2
6846 1
6847 1
6848 2
6849 1
6850 1
6851 1
6852 1
6853 1
6854 1
6855 1
6856 1
6857 3
6858 1
6859 1
6860 2
6861 1
6862 1
6863 1
6864 1
6865 1
6866 1
6867 1
6868 1
6869 1
6870 2
6871 1
6872 1
6873 1
6874 1
6875 3
6876 2
6877 1
6878 2
6879 1
6880 2
6881 1
6882 1
6883 2
6884 1
6885 1
6886 1
6887 1
6888 1
6889 1
6890 1
6891 1
6892 3
6893 2
6894 1
6895 1
6896 2
6897 2
6898 3
6899 1
6900 3
6901 3
6902 1
6903 2
6904 2
6905 2
6906 2
6907 2
6908 1
6909 1
6910 2
6911 1
6912 2
6913 2
6914 1
6915 2
6916 1
6917 1
6918 1
6919 1
6920 2
6921 2
6922 1
6923 1
6924 1
6925 1
6926 1
6927 2
6928 1
6929 1
6930 3
6931 1
6932 1
6933 1
6934 3
6935 1
6936 2
6937 2
6938 3
6939 1
6940 1
6941 1
6942 1
6943 1
6944 1
6945 2
6946 1
6947 1
6948 2
6949 2
6950 2
6951 1
6952 2
6953 2
6954 2
6955 1
6956 1
6957 1
6958 1
6959 2
6960 1
6961 1
6962 1
6963 2
6964 3
6965 1
6966 1
6967 1
6968 2
6969 1
6970 1
6971 1
6972 3
6973 1
6974 1
6975 1
6976 2
6977 2
6978 3
6979 1
6980 1
6981 1
6982 1
6983 2
6984 2
6985 1
6986 2
6987 1
6988 1
6989 2
6990 1
6991 1
6992 2
6993 1
6994 1
6995 1
6996 1
6997 2
6998 1
6999 2
7000 3
7001 1
7002 1
7003 1
7004 1
7005 1
7006 1
7007 1
7008 1
7009 1
7010 1
7011 2
7012 1
7013 1
7014 1
7015 2
7016 2
7017 1
7018 1
7019 1
7020 2
7021 1
7022 2
7023 1
7024 1
7025 1
7026 1
7027 1
7028 2
7029 4
7030 2
7031 2
7032 2
7033 1
7034 1
7035 1
7036 2
7037 1
7038 1
7039 1
7040 1
7041 1
7042 1
7043 2
7044 1
7045 1
7046 1
7047 2
7048 1
7049 2
7050 1
7051 2
7052 2
7053 1
7054 2
7055 1
7056 1
7057 2
7058 1
7059 3
7060 1
7061 1
7062 1
7063 1
7064 1
7065 1
7066 1
7067 1
7068 1
7069 1
7070 2
7071 1
7072 1
7073 1
7074 1
7075 1
7076 1
7077 1
7078 1
7079 2
7080 1
7081 1
7082 1
7083 1
7084 1
7085 1
7086 2
7087 1
7088 2
7089 1
7090 1
7091 1
7092 1
7093 1
7094 1
7095 1
7096 1
7097 1
7098 1
7099 1
7100 1
7101 1
7102 2
7103 2
7104 2
7105 2
7106 2
7107 4
7108 1
7109 2
7110 1
7111 1
7112 2
7113 1
7114 1
7115 1
7116 1
7117 1
7118 1
7119 1
7120 1
7121 2
7122 1
7123 1
7124 1
7125 1
7126 1
7127 2
7128 1
7129 1
7130 1
7131 1
7132 1
7133 1
7134 2
7135 2
7136 1
7137 4
7138 1
7139 1
7140 2
7141 2
7142 1
7143 1
7144 1
7145 1
7146 2
7147 1
7148 1
7149 1
7150 3
7151 1
7152 1
7153 2
7154 2
7155 2
7156 2
7157 1
7158 1
7159 1
7160 1
7161 1
7162 1
7163 2
7164 3
7165 1
7166 1
7167 1
7168 1
7169 3
7170 1
7171 1
7172 1
7173 2
7174 2
7175 1
7176 1
7177 2
7178 3
7179 1
7180 1
7181 2
7182 1
7183 3
7184 2
7185 1
7186 1
7187 2
7188 1
7189 3
7190 1
7191 1
7192 1
7193 2
7194 1
7195 1
7196 2
7197 2
7198 1
7199 2
7200 1
7201 1
7202 1
7203 1
7204 2
7205 1
7206 1
7207 1
7208 1
7209 1
7210 3
7211 3
7212 1
7213 1
7214 2
7215 3
7216 1
7217 1
7218 1
7219 2
7220 1
7221 1
7222 1
7223 2
7224 1
7225 1
7226 1
7227 2
7228 1
7229 2
7230 1
7231 1
7232 1
7233 2
7234 1
7235 1
7236 1
7237 1
7238 1
7239 1
7240 1
7241 1
7242 1
7243 1
7244 1
7245 2
7246 1
7247 2
7248 1
7249 3
7250 2
7251 1
7252 1
7253 1
7254 1
7255 3
7256 2
7257 1
7258 1
7259 1
7260 1
7261 1
7262 1
7263 1
7264 1
7265 1
7266 2
7267 2
7268 1
7269 2
7270 2
7271 1
7272 1
7273 2
7274 1
7275 1
7276 1
7277 2
7278 1
7279 1
7280 1
7281 1
7282 1
7283 2
7284 1
7285 1
7286 1
7287 1
7288 2
7289 1
7290 1
7291 2
7292 1
7293 2
7294 1
7295 2
7296 1
7297 1
7298 2
7299 1
7300 1
7301 1
7302 1
7303 1
7304 3
7305 1
7306 1
7307 2
7308 1
7309 1
7310 1
7311 1
7312 2
7313 1
7314 1
7315 1
7316 1
7317 1
7318 1
7319 1
7320 1
7321 1
7322 2
7323 2
7324 1
7325 1
7326 1
7327 2
7328 1
7329 1
7330 1
7331 2
7332 1
7333 1
7334 1
7335 1
7336 1
7337 1
7338 1
7339 1
7340 1
7341 1
7342 1
7343 1
7344 2
7345 1
7346 3
7347 1
7348 1
7349 1
7350 1
7351 1
7352 1
7353 1
7354 1
7355 1
7356 1
7357 1
7358 2
7359 1
7360 2
7361 1
7362 2
7363 1
7364 1
7365 2
7366 2
7367 1
7368 1
7369 1
7370 1
7371 1
7372 1
7373 1
7374 1
7375 1
7376 1
7377 1
7378 1
7379 1
7380 2
7381 1
7382 1
7383 1
7384 1
7385 1
7386 2
7387 1
7388 1
7389 2
7390 2
7391 1
7392 2
7393 1
7394 2
7395 1
7396 1
7397 1
7398 1
7399 1
7400 1
7401 3
7402 1
7403 1
7404 1
7405 1
7406 2
7407 1
7408 1
7409 1
7410 1
7411 2
7412 1
7413 1
7414 1
7415 2
7416 1
7417 1
7418 1
7419 1
7420 2
7421 1
7422 1
7423 1
7424 1
7425 2
7426 1
7427 2
7428 1
7429 1
7430 1
7431 2
7432 1
7433 2
7434 1
7435 1
7436 1
7437 1
7438 1
7439 1
7440 1
7441 3
7442 1
7443 1
7444 1
7445 1
7446 1
7447 1
7448 1
7449 2
7450 3
7451 1
7452 1
7453 1
7454 1
7455 1
7456 1
7457 2
7458 1
7459 1
7460 1
7461 1
7462 1
7463 1
7464 1
7465 1
7466 1
7467 1
7468 3
7469 1
7470 3
7471 2
7472 1
7473 1
7474 1
7475 1
7476 2
7477 1
7478 1
7479 1
7480 1
7481 2
7482 1
7483 1
7484 1
7485 2
7486 1
7487 2
7488 1
7489 1
7490 1
7491 4
7492 1
7493 1
7494 1
7495 1
7496 2
7497 1
7498 1
7499 1
7500 1
7501 1
7502 1
7503 1
7504 3
7505 1
7506 2
7507 1
7508 2
7509 1
7510 1
7511 1
7512 1
7513 1
7514 1
7515 1
7516 1
7517 1
7518 1
7519 1
7520 3
7521 2
7522 2
7523 1
7524 1
7525 1
7526 1
7527 1
7528 1
7529 1
7530 1
7531 1
7532 1
7533 1
7534 1
7535 2
7536 1
7537 1
7538 1
7539 1
7540 3
7541 1
7542 1
7543 1
7544 2
7545 1
7546 1
7547 1
7548 3
7549 1
7550 1
7551 1
7552 1
7553 1
7554 1
7555 1
7556 1
7557 1
7558 2
7559 2
7560 1
7561 2
7562 1
7563 1
7564 1
7565 1
7566 2
7567 1
7568 1
7569 1
7570 1
7571 1
7572 1
7573 1
7574 2
7575 1
7576 2
7577 1
7578 1
7579 1
7580 1
7581 1
7582 1
7583 1
7584 1
7585 1
7586 1
7587 2
7588 1
7589 1
7590 1
7591 1
7592 1
7593 2
7594 1
7595 1
7596 1
7597 1
7598 1
7599 1
7600 1
7601 1
7602 2
7603 1
7604 1
7605 1
7606 2
7607 1
7608 1
7609 1
7610 1
7611 1
7612 1
7613 1
7614 2
7615 1
7616 4
7617 1
7618 2
7619 1
7620 1
7621 3
7622 1
7623 1
7624 1
7625 1
7626 2
7627 1
7628 1
7629 1
7630 1
7631 1
7632 1
7633 1
7634 1
7635 1
7636 1
7637 1
7638 1
7639 1
7640 1
7641 1
7642 1
7643 1
7644 1
7645 1
7646 1
7647 1
7648 2
7649 1
7650 1
7651 1
7652 1
7653 1
7654 1
7655 1
7656 1
7657 1
7658 2
7659 2
7660 2
7661 1
7662 1
7663 1
7664 1
7665 1
7666 1
7667 1
7668 1
7669 1
7670 1
7671 1
7672 1
7673 1
7674 2
7675 1
7676 1
7677 1
7678 2
7679 2
7680 2
7681 2
7682 1
7683 2
7684 1
7685 1
7686 1
7687 1
7688 1
7689 1
7690 1
7691 1
7692 1
7693 1
7694 1
7695 1
7696 1
7697 1
7698 1
7699 1
7700 1
7701 1
7702 1
7703 1
7704 1
7705 1
7706 1
7707 1
7708 2
7709 1
7710 1
7711 2
7712 1
7713 1
7714 2
7715 1
7716 1
7717 1
7718 1
7719 1
7720 1
7721 1
7722 1
7723 1
7724 1
7725 1
7726 1
7727 1
7728 1
7729 1
7730 1
7731 1
7732 1
7733 1
7734 1
7735 1
7736 1
7737 1
7738 1
7739 2
7740 1
7741 1
7742 1
7743 3
7744 1
7745 1
7746 2
7747 2
7748 1
7749 1
7750 1
7751 1
7752 2
7753 2
7754 1
7755 1
7756 1
7757 1
7758 2
7759 1
7760 2
7761 1
7762 2
7763 2
7764 1
7765 2
7766 1
7767 2
7768 1
7769 2
7770 2
7771 3
7772 1
7773 1
7774 1
7775 1
7776 1
7777 1
7778 1
7779 1
7780 1
7781 1
7782 1
7783 1
7784 1
7785 3
7786 1
7787 1
7788 1
7789 1
7790 1
7791 1
7792 1
7793 1
7794 1
7795 1
7796 1
7797 1
7798 1
7799 1
7800 1
7801 1
7802 1
7803 1
7804 3
7805 2
7806 2
7807 1
7808 1
7809 1
7810 1
7811 1
7812 1
7813 1
7814 1
7815 1
7816 2
7817 1
7818 1
7819 1
7820 1
7821 1
7822 1
7823 1
7824 1
7825 2
7826 2
7827 2
7828 1
7829 1
7830 3
7831 2
7832 1
7833 1
7834 1
7835 1
7836 1
7837 1
7838 1
7839 2
7840 2
7841 1
7842 1
7843 2
7844 1
7845 1
7846 1
7847 1
7848 1
7849 1
7850 1
7851 1
7852 1
7853 1
7854 2
7855 1
7856 1
7857 2
7858 1
7859 1
7860 1
7861 2
7862 1
7863 1
7864 1
7865 1
7866 1
7867 1
7868 1
7869 1
7870 1
7871 1
7872 1
7873 1
7874 2
7875 1
7876 1
7877 2
7878 2
7879 2
7880 1
7881 1
7882 1
7883 1
7884 1
7885 1
7886 1
7887 1
7888 1
7889 1
7890 2
7891 3
7892 2
7893 1
7894 2
7895 1
7896 1
7897 1
7898 1
7899 1
7900 1
7901 1
7902 2
7903 1
7904 1
7905 2
7906 1
7907 1
7908 2
7909 2
7910 2
7911 1
7912 1
7913 1
7914 1
7915 2
7916 2
7917 1
7918 1
7919 2
7920 1
7921 1
7922 1
7923 1
7924 1
7925 1
7926 1
7927 1
7928 1
7929 1
7930 2
7931 1
7932 1
7933 2
7934 1
7935 1
7936 1
7937 1
7938 3
7939 2
7940 1
7941 1
7942 1
7943 1
7944 1
7945 1
7946 1
7947 1
7948 2
7949 1
7950 1
7951 1
7952 1
7953 1
7954 2
7955 1
7956 1
7957 1
7958 2
7959 1
7960 1
7961 1
7962 2
7963 1
7964 1
7965 1
7966 1
7967 1
7968 1
7969 1
7970 1
7971 1
7972 1
7973 1
7974 3
7975 1
7976 1
7977 1
7978 1
7979 1
7980 2
7981 1
7982 1
7983 3
7984 1
7985 1
7986 2
7987 1
7988 1
7989 1
7990 1
7991 1
7992 1
7993 1
7994 2
7995 1
7996 2
7997 1
7998 3
7999 2
8000 1
8001 1
8002 1
8003 1
8004 1
8005 1
8006 1
8007 1
8008 2
8009 2
8010 2
8011 1
8012 1
8013 1
8014 2
8015 2
8016 1
8017 1
8018 1
8019 1
8020 2
8021 1
8022 1
8023 2
8024 1
8025 2
8026 1
8027 3
8028 1
8029 1
8030 1
8031 1
8032 2
8033 1
8034 1
8035 2
8036 1
8037 1
8038 1
8039 1
8040 1
8041 1
8042 1
8043 1
8044 1
8045 1
8046 1
8047 1
8048 1
8049 1
8050 1
8051 2
8052 1
8053 1
8054 1
8055 1
8056 1
8057 1
8058 1
8059 1
8060 1
8061 2
8062 1
8063 2
8064 1
8065 2
8066 1
8067 1
8068 2
8069 1
8070 1
8071 1
8072 2
8073 1
8074 1
8075 2
8076 2
8077 1
8078 1
8079 1
8080 1
8081 1
8082 1
8083 1
8084 1
8085 1
8086 1
8087 1
8088 1
8089 1
8090 1
8091 1
8092 1
8093 1
8094 1
8095 1
8096 2
8097 2
8098 1
8099 1
8100 1
8101 1
8102 2
8103 2
8104 1
8105 1
8106 1
8107 1
8108 3
8109 1
8110 1
8111 1
8112 1
8113 1
8114 1
8115 1
8116 2
8117 2
8118 1
8119 2
8120 1
8121 1
8122 1
8123 1
8124 1
8125 1
8126 2
8127 1
8128 1
8129 2
8130 2
8131 1
8132 1
8133 1
8134 2
8135 1
8136 1
8137 1
8138 2
8139 1
8140 1
8141 3
8142 1
8143 3
8144 1
8145 1
8146 1
8147 1
8148 1
8149 1
8150 1
8151 2
8152 1
8153 1
8154 1
8155 1
8156 2
8157 1
8158 1
8159 1
8160 1
8161 1
8162 1
8163 1
8164 2
8165 2
8166 1
8167 1
8168 1
8169 1
8170 1
8171 1
8172 1
8173 1
8174 1
8175 1
8176 1
8177 2
8178 2
8179 2
8180 1
8181 1
8182 2
8183 1
8184 1
8185 1
8186 1
8187 1
8188 1
8189 2
8190 1
8191 2
8192 1
8193 2
8194 1
8195 1
8196 2
8197 1
8198 1
8199 1
8200 1
8201 1
8202 1
8203 1
8204 1
8205 1
8206 1
8207 1
8208 1
8209 1
8210 1
8211 1
8212 1
8213 1
8214 1
8215 1
8216 1
8217 1
8218 1
8219 1
8220 1
8221 1
8222 1
8223 1
8224 1
8225 1
8226 1
8227 1
8228 2
8229 1
8230 1
8231 1
8232 1
8233 1
8234 1
8235 1
8236 1
8237 1
8238 1
8239 1
8240 2
8241 1
8242 1
8243 1
8244 2
8245 1
8246 1
8247 2
8248 1
8249 1
8250 1
8251 1
8252 1
8253 1
8254 2
8255 1
8256 1
8257 1
8258 1
8259 1
8260 1
8261 1
8262 1
8263 2
8264 1
8265 1
8266 1
8267 1
8268 1
8269 1
8270 1
8271 1
8272 1
8273 1
8274 1
8275 2
8276 1
8277 1
8278 1
8279 1
8280 1
8281 2
8282 1
8283 1
8284 1
8285 1
8286 1
8287 1
8288 1
8289 1
8290 2
8291 2
8292 1
8293 1
8294 1
8295 3
8296 1
8297 1
8298 1
8299 1
8300 1
8301 1
8302 1
8303 2
8304 1
8305 1
8306 1
8307 2
8308 1
8309 1
8310 2
8311 1
8312 1
8313 1
8314 1
8315 1
8316 1
8317 1
8318 1
8319 1
8320 1
8321 1
8322 1
8323 1
8324 1
8325 1
8326 2
8327 1
8328 1
8329 1
8330 1
8331 1
8332 1
8333 1
8334 1
8335 1
8336 1
8337 1
8338 1
8339 2
8340 1
8341 1
8342 1
8343 1
8344 1
8345 1
8346 1
8347 1
8348 1
8349 1
8350 1
8351 1
8352 1
8353 1
8354 1
8355 1
8356 1
8357 1
8358 1
8359 1
8360 1
8361 1
8362 1
8363 1
8364 1
8365 1
8366 2
8367 1
8368 2
8369 1
8370 1
8371 1
8372 1
8373 1
8374 1
8375 1
8376 1
8377 1
8378 1
8379 1
8380 1
8381 1
8382 1
8383 1
8384 1
8385 1
8386 1
8387 1
8388 1
8389 1
8390 2
8391 1
8392 2
8393 1
8394 1
8395 2
8396 1
8397 1
8398 1
8399 2
8400 1
8401 2
8402 1
8403 1
8404 1
8405 1
8406 1
8407 1
8408 1
8409 1
8410 1
8411 1
8412 1
8413 1
8414 1
8415 1
8416 1
8417 1
8418 2
8419 2
8420 1
8421 1
8422 1
8423 1
8424 1
8425 1
8426 1
8427 1
8428 1
8429 1
8430 1
8431 1
8432 1
8433 1
8434 1
8435 2
8436 1
8437 1
8438 1
8439 1
8440 1
8441 1
8442 2
8443 1
8444 1
8445 1
8446 1
8447 1
8448 1
8449 2
8450 2
8451 1
8452 1
8453 1
8454 2
8455 1
8456 1
8457 1
8458 1
8459 1
8460 1
8461 2
8462 1
8463 1
8464 1
8465 1
8466 1
8467 1
8468 1
8469 1
8470 2
8471 2
8472 1
8473 1
8474 1
8475 1
8476 1
8477 2
8478 1
8479 1
8480 1
8481 1
8482 1
8483 1
8484 1
8485 1
8486 1
8487 1
8488 1
8489 1
8490 1
8491 1
8492 1
8493 1
8494 1
8495 1
8496 1
8497 1
8498 1
8499 1
8500 1
8501 1
8502 1
8503 1
8504 1
8505 1
8506 1
8507 1
8508 1
8509 1
8510 2
8511 1
8512 2
8513 1
8514 1
8515 2
8516 1
8517 1
8518 1
8519 1
8520 1
8521 1
8522 1
8523 1
8524 1
8525 1
8526 2
8527 1
8528 1
8529 1
8530 1
8531 1
8532 1
8533 1
8534 1
8535 2
8536 1
8537 1
8538 1
8539 1
8540 2
8541 1
8542 1
8543 1
8544 1
8545 1
8546 1
8547 1
8548 1
8549 2
8550 2
8551 1
8552 1
8553 1
8554 1
8555 1
8556 1
8557 1
8558 1
8559 1
8560 1
8561 1
8562 1
8563 1
8564 1
8565 2
8566 2
8567 1
8568 1
8569 1
8570 1
8571 1
8572 1
8573 1
8574 1
8575 1
8576 1
8577 1
8578 1
8579 1
8580 1
8581 1
8582 1
8583 1
8584 1
8585 1
8586 1
8587 1
8588 1
8589 2
8590 1
8591 1
8592 1
8593 1
8594 1
8595 2
8596 1
8597 1
8598 3
8599 1
8600 1
8601 2
8602 2
8603 1
8604 1
8605 2
8606 1
8607 2
8608 1
8609 1
8610 2
8611 2
8612 1
8613 3
8614 1
8615 1
8616 1
8617 1
8618 1
8619 1
8620 1
8621 2
8622 1
8623 1
8624 1
8625 1
8626 1
8627 1
8628 1
8629 1
8630 1
8631 1
8632 1
8633 1
8634 1
8635 1
8636 1
8637 2
8638 1
8639 2
8640 1
8641 1
8642 1
8643 1
8644 2
8645 1
8646 1
8647 1
8648 1
8649 1
8650 1
8651 1
8652 1
8653 1
8654 1
8655 1
8656 1
8657 1
8658 1
8659 1
8660 1
8661 1
8662 1
8663 1
8664 1
8665 1
8666 1
8667 1
8668 1
8669 1
8670 1
8671 1
8672 2
8673 1
8674 1
8675 1
8676 1
8677 1
8678 1
8679 1
8680 1
8681 1
8682 1
8683 1
8684 1
8685 1
8686 1
8687 1
8688 1
8689 1
8690 1
8691 1
8692 1
8693 1
8694 1
8695 1
8696 1
8697 1
8698 1
8699 1
8700 1
8701 1
8702 1
8703 1
8704 1
8705 2
8706 1
8707 1
8708 1
8709 1
8710 1
8711 1
8712 1
8713 1
8714 1
8715 1
8716 1
8717 1
8718 1
8719 1
8720 1
8721 2
8722 1
8723 1
8724 1
8725 1
8726 1
8727 1
8728 1
8729 1
8730 1
8731 1
8732 1
8733 1
8734 1
8735 1
8736 1
8737 1
8738 1
8739 1
8740 1
8741 1
8742 2
8743 1
8744 1
8745 1
8746 1
8747 1
8748 1
8749 1
8750 1
8751 1
8752 1
8753 1
8754 1
8755 1
8756 2
8757 1
8758 1
8759 1
8760 1
8761 2
8762 1
8763 1
8764 1
8765 1
8766 1
8767 1
8768 1
8769 1
8770 2
8771 1
8772 1
8773 2
8774 1
8775 1
8776 1
8777 2
8778 2
8779 1
8780 1
8781 1
8782 2
8783 1
8784 1
8785 1
8786 1
8787 1
8788 1
8789 1
8790 1
8791 2
8792 1
8793 1
8794 1
8795 1
8796 1
8797 1
8798 1
8799 1
8800 1
8801 1
8802 1
8803 1
8804 1
8805 1
8806 3
8807 1
8808 1
8809 1
8810 2
8811 1
8812 2
8813 1
8814 1
8815 1
8816 1
8817 1
8818 1
8819 1
8820 1
8821 1
8822 1
8823 1
8824 1
8825 1
8826 2
8827 4
8828 1
8829 1
8830 1
8831 1
8832 1
8833 2
8834 1
8835 1
8836 1
8837 1
8838 1
8839 2
8840 1
8841 1
8842 1
8843 1
8844 1
8845 1
8846 1
8847 1
8848 1
8849 1
8850 1
8851 1
8852 1
8853 1
8854 1
8855 1
8856 1
8857 1
8858 1
8859 1
8860 1
8861 2
8862 1
8863 1
8864 1
8865 1
8866 1
8867 1
8868 1
8869 1
8870 2
8871 1
8872 1
8873 2
8874 1
8875 1
8876 1
8877 1
8878 1
8879 2
8880 1
8881 1
8882 2
8883 1
8884 2
8885 1
8886 1
8887 1
8888 1
8889 1
8890 1
8891 1
8892 1
8893 1
8894 1
8895 1
8896 1
8897 1
8898 2
8899 1
8900 1
8901 1
8902 1
8903 1
8904 1
8905 1
8906 1
8907 1
8908 1
8909 1
8910 1
8911 1
8912 1
8913 1
8914 1
8915 1
8916 2
8917 1
8918 1
8919 3
8920 1
8921 1
8922 2
8923 1
8924 1
8925 1
8926 1
8927 1
8928 1
8929 2
8930 1
8931 3
8932 1
8933 1
8934 1
8935 2
8936 2
8937 3
8938 2
8939 2
8940 1
8941 1
8942 1
8943 1
8944 1
8945 1
8946 2
8947 1
8948 1
8949 1
8950 1
8951 1
8952 1
8953 1
8954 1
8955 1
8956 1
8957 1
8958 1
8959 1
8960 1
8961 1
8962 1
8963 1
8964 1
8965 1
8966 1
8967 1
8968 1
8969 1
8970 1
8971 1
8972 2
8973 2
8974 1
8975 1
8976 1
8977 1
8978 1
8979 2
8980 1
8981 1
8982 1
8983 1
8984 2
8985 1
8986 1
8987 1
8988 1
8989 1
8990 1
8991 1
8992 1
8993 1
8994 1
8995 1
8996 1
8997 1
8998 1
8999 1
9000 1
9001 2
9002 1
9003 2
9004 1
9005 1
9006 2
9007 1
9008 1
9009 1
9010 1
9011 1
9012 1
9013 1
9014 1
9015 1
9016 1
9017 1
9018 1
9019 1
9020 1
9021 1
9022 1
9023 1
9024 1
9025 2
9026 1
9027 1
9028 2
9029 1
9030 1
9031 1
9032 1
9033 1
9034 1
9035 1
9036 1
9037 1
9038 1
9039 1
9040 1
9041 1
9042 1
9043 1
9044 2
9045 1
9046 1
9047 1
9048 1
9049 1
9050 1
9051 1
9052 1
9053 1
9054 1
9055 1
9056 1
9057 1
9058 1
9059 1
9060 1
9061 1
9062 1
9063 2
9064 1
9065 2
9066 1
9067 2
9068 1
9069 1
9070 1
9071 1
9072 1
9073 1
9074 1
9075 1
9076 1
9077 1
9078 2
9079 1
9080 1
9081 1
9082 1
9083 1
9084 1
9085 1
9086 2
9087 1
9088 1
9089 1
9090 1
9091 1
9092 1
9093 1
9094 1
9095 1
9096 1
9097 1
9098 1
9099 1
9100 1
9101 1
9102 1
9103 1
9104 1
9105 1
9106 1
9107 1
9108 1
9109 1
9110 1
9111 1
9112 1
9113 1
9114 3
9115 1
9116 1
9117 2
9118 1
9119 1
9120 2
9121 1
9122 1
9123 2
9124 1
9125 1
9126 1
9127 1
9128 1
9129 1
9130 1
9131 1
9132 1
9133 1
9134 1
9135 1
9136 1
9137 1
9138 1
9139 1
9140 1
9141 2
9142 1
9143 1
9144 1
9145 1
9146 1
9147 1
9148 1
9149 1
9150 1
9151 1
9152 1
9153 1
9154 1
9155 1
9156 1
9157 1
9158 2
9159 1
9160 1
9161 1
9162 1
9163 1
9164 1
9165 2
9166 1
9167 1
9168 2
9169 1
9170 1
9171 1
9172 1
9173 1
9174 1
9175 1
9176 1
9177 1
9178 1
9179 1
9180 1
9181 1
9182 1
9183 1
9184 1
9185 1
9186 1
9187 1
9188 1
9189 1
9190 1
9191 1
9192 1
9193 1
9194 1
9195 1
9196 1
9197 1
9198 1
9199 1
9200 1
9201 1
9202 1
9203 1
9204 1
9205 1
9206 3
9207 1
9208 2
9209 2
9210 2
9211 1
9212 1
9213 1
9214 1
9215 1
9216 1
9217 1
9218 1
9219 1
9220 1
9221 2
9222 1
9223 1
9224 1
9225 1
9226 1
9227 1
9228 2
9229 1
9230 1
9231 1
9232 1
9233 1
9234 1
9235 2
9236 1
9237 1
9238 1
9239 1
9240 1
9241 1
9242 1
9243 1
9244 1
9245 1
9246 1
9247 1
9248 1
9249 1
9250 1
9251 1
9252 1
9253 1
9254 1
9255 1
9256 1
9257 1
9258 1
9259 1
9260 1
9261 1
9262 1
9263 2
9264 1
9265 1
9266 1
9267 1
9268 1
9269 1
9270 1
9271 1
9272 1
9273 2
9274 1
9275 1
9276 1
9277 1
9278 1
9279 1
9280 1
9281 1
9282 1
9283 1
9284 1
9285 1
9286 1
9287 1
9288 1
9289 1
9290 1
9291 2
9292 1
9293 1
9294 1
9295 1
9296 1
9297 1
9298 1
9299 1
9300 1
9301 1
9302 1
9303 1
9304 1
9305 1
9306 1
9307 1
9308 1
9309 1
9310 1
9311 1
9312 1
9313 1
9314 1
9315 2
9316 1
9317 1
9318 2
9319 1
9320 1
9321 1
9322 1
9323 1
9324 1
9325 1
9326 1
9327 1
9328 1
9329 1
9330 1
9331 1
9332 1
9333 1
9334 1
9335 1
9336 1
9337 1
9338 1
9339 1
9340 1
9341 2
9342 2
9343 2
9344 1
9345 1
9346 1
9347 1
9348 1
9349 1
9350 1
9351 1
9352 1
9353 1
9354 2
9355 1
9356 2
9357 1
9358 1
9359 1
9360 1
9361 1
9362 1
9363 1
9364 1
9365 1
9366 1
9367 1
9368 1
9369 1
9370 2
9371 1
9372 1
9373 1
9374 1
9375 1
9376 1
9377 1
9378 1
9379 1
9380 1
9381 1
9382 1
9383 1
9384 1
9385 1
9386 1
9387 1
9388 1
9389 1
9390 1
9391 1
9392 1
9393 1
9394 1
9395 1
9396 2
9397 1
9398 1
9399 1
9400 1
9401 2
9402 1
9403 1
9404 2
9405 1
9406 1
9407 1
9408 1
9409 1
9410 1
9411 1
9412 1
9413 1
9414 1
9415 1
9416 1
9417 1
9418 1
9419 1
9420 1
9421 1
9422 1
9423 2
9424 1
9425 1
9426 1
9427 1
9428 1
9429 1
9430 1
9431 1
9432 1
9433 2
9434 1
9435 1
9436 1
9437 1
9438 2
9439 1
9440 1
9441 2
9442 1
9443 2
9444 1
9445 1
9446 1
9447 1
9448 1
9449 1
9450 1
9451 1
9452 1
9453 1
9454 1
9455 1
9456 1
9457 1
9458 1
9459 2
9460 1
9461 2
9462 1
9463 2
9464 2
9465 1
9466 1
9467 2
9468 1
9469 1
9470 1
9471 1
9472 1
9473 1
9474 1
9475 1
9476 1
9477 1
9478 1
9479 1
9480 1
9481 1
9482 1
9483 1
9484 1
9485 1
9486 1
9487 1
9488 1
9489 1
9490 1
9491 1
9492 1
9493 1
9494 1
9495 1
9496 1
9497 1
9498 1
9499 1
9500 1
9501 1
9502 1
9503 1
9504 1
9505 1
9506 1
9507 1
9508 1
9509 1
9510 1
9511 1
9512 1
9513 1
9514 1
9515 1
9516 1
9517 1
9518 1
9519 1
9520 1
9521 1
9522 1
9523 1
9524 1
9525 1
9526 1
9527 1
9528 1
9529 1
9530 1
9531 1
9532 1
9533 1
9534 1
9535 1
9536 1
9537 1
9538 1
9539 1
9540 1
9541 1
9542 1
9543 1
9544 1
9545 1
9546 1
9547 1
9548 1
9549 1
9550 1
9551 1
9552 1
9553 1
9554 1
9555 1
9556 1
9557 1
9558 1
9559 1
9560 1
9561 1
9562 1
9563 1
9564 1
9565 1
9566 1
9567 1
9568 1
9569 1
9570 1
9571 1
9572 2
9573 1
9574 2
9575 1
9576 1
9577 1
9578 1
9579 1
9580 1
9581 1
9582 1
9583 1
9584 1
9585 1
9586 1
9587 1
9588 1
9589 1
9590 1
9591 1
9592 1
9593 1
9594 1
9595 1
9596 1
9597 1
9598 1
9599 1
9600 1
9601 1
9602 1
9603 1
9604 1
9605 1
9606 1
9607 1
9608 1
9609 1
9610 2
9611 1
9612 1
9613 1
9614 1
9615 1
9616 1
9617 1
9618 1
9619 1
9620 1
9621 1
9622 1
9623 1
9624 2
9625 1
9626 1
9627 1
9628 1
9629 1
9630 1
9631 1
9632 1
9633 1
9634 1
9635 1
9636 2
9637 1
9638 1
9639 1
9640 1
9641 1
9642 1
9643 1
9644 1
9645 1
9646 1
9647 1
9648 1
9649 1
9650 1
9651 1
9652 1
9653 1
9654 1
9655 1
9656 1
9657 1
9658 1
9659 1
9660 1
9661 1
9662 1
9663 1
9664 1
9665 1
9666 1
9667 1
9668 1
9669 1
9670 1
9671 1
9672 1
9673 1
9674 1
9675 1
9676 1
9677 1
9678 1
9679 1
9680 1
9681 1
9682 1
9683 1
9684 1
9685 1
9686 1
9687 1
9688 1
9689 1
9690 1
9691 2
9692 1
9693 1
9694 1
9695 1
9696 1
9697 1
9698 1
9699 1
9700 1
9701 1
9702 1
9703 1
9704 1
9705 1
9706 1
9707 1
9708 1
9709 1
9710 1
9711 1
9712 1
9713 1
9714 1
9715 1
9716 1
9717 1
9718 1
9719 1
9720 1
9721 1
9722 1
9723 1
9724 1
9725 1
9726 1
9727 1
9728 1
9729 1
9730 1
9731 1
9732 1
9733 1
9734 1
9735 1
9736 1
9737 1
9738 1
9739 1
9740 1
9741 1
9742 1
9743 1
9744 2
9745 1
9746 1
9747 1
9748 1
9749 1
9750 1
9751 1
9752 1
9753 1
9754 1
9755 1
9756 1
9757 1
9758 1
9759 1
9760 1
9761 1
9762 1
9763 1
9764 1
9765 1
9766 1
9767 1
9768 1
9769 1
9770 1
9771 1
9772 1
9773 1
9774 1
9775 1
9776 1
9777 1
9778 1
9779 1
9780 1
9781 1
9782 1
9783 1
9784 1
9785 1
9786 1
9787 1
9788 1
9789 1
9790 1
9791 1
9792 1
9793 1
9794 1
9795 1
9796 1
9797 1
9798 1
9799 1
9800 1
9801 1
9802 1
9803 2
9804 1
9805 1
9806 1
9807 1
9808 1
9809 1
9810 1
9811 1
9812 1
9813 1
9814 1
9815 1
9816 1
9817 1
9818 1
9819 1
9820 1
9821 1
9822 1
9823 1
9824 1
9825 1
9826 1
9827 1
9828 1
9829 1
9830 1
9831 1
9832 1
9833 1
9834 1
9835 1
9836 1
9837 1
9838 1
9839 1
9840 1
9841 1
9842 1
9843 1
9844 1
9845 1
9846 1
9847 1
9848 1
9849 1
9850 1
9851 1
9852 1
9853 1
9854 1
9855 1
9856 1
9857 1
9858 1
9859 1
9860 1
9861 1
9862 1
9863 1
9864 1
9865 1
9866 1
9867 1
9868 1
9869 1
9870 1
9871 1
9872 1
9873 1
9874 1
9875 1
9876 1
9877 1
9878 1
9879 1
9880 1
9881 1
9882 1
9883 1
9884 1
9885 1
9886 1
9887 1
9888 1
9889 1
9890 1
9891 1
9892 1
9893 1
9894 1
9895 1
9896 1
9897 1
9898 1
9899 1
9900 1
9901 1
9902 1
9903 1
9904 1
9905 1
9906 1
9907 1
9908 1
9909 1
9910 1
9911 1
9912 1
9913 1
9914 1
9915 1
9916 1
9917 1
9918 1
9919 1
9920 1
9921 1
9922 1
9923 2
9924 1
9925 1
9926 1
9927 1
9928 1
9929 1
9930 1
9931 1
9932 1
9933 1
9934 1
9935 1
9936 1
9937 1
9938 1
9939 1
9940 1
9941 1
9942 1
9943 1
9944 1
9945 1
9946 1
9947 1
9948 1
9949 1
9950 1
9951 1
9952 1
9953 1
9954 1
9955 1
9956 1
9957 1
9958 1
9959 1
9960 1
9961 1
9962 1
9963 1
9964 1
9965 1
9966 1
9967 1
9968 1
9969 1
9970 1
9971 1
9972 1
9973 1
9974 1
9975 1
9976 1
9977 1
9978 1
9979 1
9980 1
9981 1
9982 1
9983 1
9984 1
9985 1
9986 1
9987 1
9988 1
9989 1
9990 1
9991 1
9992 1
9993 1
9994 1
9995 1
9996 1
9997 1
9998 1
9999 1
10000 1
