0 11
1 12
2 6
3 6
4 8
5 7
6 11
7 8
8 2
9 8
10 7
11 4
12 9
13 5
14 11
15 6
16 6
17 8
18 6
19 4
20 6
21 7
22 7
23 6
24 5
25 7
26 6
27 1
28 6
29 8
30 12
31 7
32 5
33 5
34 10
35 10
36 6
37 5
38 9
39 9
40 7
41 2
42 7
43 5
44 7
45 6
46 8
47 5
48 5
49 5
50 6
51 6
52 7
53 8
54 8
55 5
56 10
57 8
58 4
59 6
60 6
61 2
62 6
63 1
64 11
65 6
66 6
67 8
68 5
69 6
70 3
71 7
72 3
73 6
74 4
75 9
76 6
77 6
78 5
79 5
80 7
81 3
82 4
83 11
84 8
85 5
86 9
87 5
88 5
89 6
90 7
91 10
92 3
93 6
94 6
95 5
96 2
97 4
98 5
99 5
100 9
101 5
102 4
103 4
104 9
105 11
106 7
107 9
108 4
109 5
110 8
111 9
112 9
113 3
114 5
115 6
116 4
117 4
118 8
119 5
120 7
121 8
122 7
123 3
124 3
125 5
126 5
127 4
128 4
129 7
130 4
131 7
132 4
133 3
134 4
135 6
136 10
137 6
138 4
139 5
140 4
141 4
142 5
143 3
144 4
145 9
146 8
147 5
148 5
149 4
150 4
151 3
152 6
153 4
154 6
155 3
156 3
157 4
158 6
159 2
160 7
161 5
162 4
163 9
164 7
165 9
166 3
167 3
168 5
169 3
170 5
171 3
172 6
173 8
174 8
175 5
176 5
177 8
178 5
179 5
180 4
181 6
182 4
183 5
184 3
185 7
186 4
187 7
188 3
189 6
190 3
191 7
192 5
193 7
194 5
195 6
196 4
197 2
198 3
199 7
200 8
201 1
202 4
203 6
204 2
205 3
206 5
207 6
208 7
209 1
210 8
211 4
212 5
213 6
214 4
215 3
216 8
217 3
218 7
219 3
220 6
221 3
222 6
223 7
224 5
225 3
226 7
227 5
228 4
229 6
230 3
231 4
232 6
233 4
234 7
235 3
236 3
237 5
238 3
239 9
240 3
241 7
242 5
243 7
244 9
245 5
246 4
247 6
248 5
249 2
250 4
251 4
252 6
253 3
254 2
255 5
256 9
257 1
258 4
259 4
260 5
261 1
262 9
263 1
264 4
265 1
266 4
267 4
268 6
269 4
270 5
271 8
272 2
273 7
274 6
275 5
276 5
277 6
278 7
279 3
280 6
281 3
282 5
283 10
284 5
285 3
286 6
287 5
288 8
289 4
290 7
291 6
292 6
293 7
294 3
295 2
296 7
297 5
298 3
299 4
300 2
301 5
302 4
303 4
304 6
305 7
306 7
307 4
308 5
309 10
310 5
311 5
312 5
313 5
314 2
315 2
316 6
317 4
318 2
319 2
320 6
321 7
322 3
323 4
324 6
325 5
326 2
327 8
328 3
329 4
330 3
331 3
332 3
333 4
334 3
335 3
336 6
337 5
338 4
339 6
340 3
341 3
342 5
343 4
344 3
345 3
346 2
347 2
348 6
349 5
350 4
351 4
352 6
353 2
354 4
355 4
356 9
357 3
358 6
359 3
360 9
361 3
362 5
363 4
364 5
365 7
366 6
367 4
368 7
369 3
370 4
371 3
372 3
373 6
374 2
375 5
376 4
377 5
378 2
379 4
380 4
381 8
382 4
383 1
384 9
385 3
386 5
387 8
388 3
389 3
390 4
391 4
392 5
393 3
394 7
395 4
396 5
397 4
398 3
399 8
400 4
401 8
402 7
403 3
404 3
405 4
406 11
407 5
408 4
409 3
410 2
411 2
412 4
413 4
414 6
415 6
416 6
417 2
418 5
419 5
420 3
421 3
422 3
423 3
424 2
425 1
426 6
427 5
428 4
429 5
430 3
431 1
432 3
433 4
434 5
435 4
436 5
437 4
438 5
439 4
440 7
441 3
442 3
443 5
444 6
445 4
446 7
447 5
448 2
449 4
450 5
451 5
452 5
453 3
454 3
455 2
456 3
457 4
458 2
459 3
460 3
461 2
462 4
463 6
464 6
465 5
466 2
467 3
468 4
469 7
470 5
471 1
472 8
473 4
474 3
475 5
476 5
477 2
478 4
479 3
480 7
481 2
482 3
483 6
484 2
485 3
486 4
487 4
488 4
489 5
490 7
491 3
492 4
493 3
494 4
495 3
496 5
497 5
498 5
499 1
500 4
501 9
502 2
503 4
504 6
505 3
506 4
507 1
508 2
509 3
510 5
511 5
512 3
513 4
514 5
515 4
516 3
517 4
518 6
519 5
520 2
521 5
522 2
523 3
524 2
525 3
526 4
527 2
528 5
529 7
530 7
531 1
532 2
533 3
534 5
535 2
536 7
537 5
538 4
539 2
540 1
541 7
542 4
543 4
544 5
545 2
546 4
547 3
548 3
549 3
550 3
551 3
552 4
553 3
554 7
555 3
556 3
557 3
558 3
559 5
560 4
561 5
562 3
563 8
564 4
565 5
566 7
567 3
568 3
569 2
570 9
571 4
572 4
573 4
574 3
575 4
576 4
577 3
578 6
579 5
580 4
581 4
582 3
583 3
584 3
585 3
586 9
587 3
588 5
589 6
590 5
591 6
592 5
593 8
594 4
595 4
596 3
597 6
598 3
599 1
600 4
601 4
602 4
603 2
604 3
605 3
606 9
607 3
608 3
609 3
610 1
611 3
612 4
613 2
614 6
615 3
616 4
617 5
618 4
619 2
620 2
621 2
622 2
623 4
624 5
625 5
626 5
627 2
628 6
629 2
630 4
631 2
632 4
633 5
634 3
635 2
636 3
637 5
638 7
639 4
640 3
641 2
642 4
643 4
644 5
645 3
646 2
647 5
648 1
649 4
650 5
651 4
652 3
653 7
654 5
655 2
656 3
657 3
658 2
659 4
660 4
661 3
662 1
663 5
664 3
665 2
666 2
667 4
668 1
669 5
670 2
671 7
672 6
673 1
674 1
675 4
676 5
677 4
678 6
679 5
680 4
681 3
682 2
683 5
684 5
685 4
686 3
687 5
688 3
689 2
690 5
691 2
692 1
693 3
694 6
695 3
696 5
697 1
698 2
699 1
700 5
701 2
702 5
703 2
704 4
705 2
706 2
707 5
708 5
709 2
710 5
711 8
712 6
713 6
714 3
715 4
716 4
717 1
718 4
719 3
720 6
721 3
722 4
723 2
724 3
725 3
726 5
727 5
728 5
729 3
730 2
731 4
732 1
733 2
734 4
735 3
736 2
737 3
738 1
739 3
740 4
741 2
742 7
743 2
744 4
745 3
746 5
747 2
748 6
749 3
750 2
751 6
752 4
753 3
754 4
755 3
756 5
757 6
758 4
759 4
760 3
761 5
762 4
763 3
764 4
765 3
766 5
767 6
768 4
769 2
770 4
771 2
772 4
773 4
774 3
775 5
776 3
777 2
778 3
779 3
780 5
781 2
782 4
783 1
784 4
785 6
786 3
787 4
788 5
789 5
790 3
791 4
792 5
793 6
794 4
795 5
796 2
797 2
798 6
799 4
800 8
801 4
802 2
803 2
804 3
805 4
806 3
807 4
808 1
809 4
810 3
811 4
812 2
813 1
814 4
815 6
816 7
817 3
818 4
819 4
820 7
821 2
822 3
823 6
824 3
825 3
826 3
827 4
828 2
829 5
830 2
831 4
832 5
833 4
834 3
835 3
836 3
837 6
838 2
839 2
840 5
841 3
842 4
843 1
844 2
845 3
846 6
847 4
848 5
849 6
850 6
851 6
852 2
853 5
854 1
855 4
856 2
857 2
858 5
859 3
860 4
861 7
862 4
863 3
864 4
865 2
866 1
867 5
868 1
869 4
870 4
871 1
872 3
873 4
874 4
875 4
876 4
877 5
878 1
879 3
880 3
881 4
882 2
883 2
884 3
885 4
886 1
887 2
888 1
889 1
890 4
891 3
892 1
893 3
894 3
895 1
896 5
897 2
898 3
899 8
900 5
901 2
902 6
903 3
904 3
905 2
906 3
907 3
908 5
909 3
910 4
911 3
912 2
913 3
914 2
915 2
916 2
917 3
918 3
919 3
920 3
921 4
922 5
923 3
924 1
925 2
926 2
927 5
928 2
929 4
930 3
931 4
932 4
933 8
934 2
935 3
936 3
937 4
938 3
939 1
940 2
941 2
942 7
943 3
944 3
945 3
946 3
947 2
948 7
949 3
950 4
951 1
952 5
953 1
954 5
955 4
956 5
957 2
958 2
959 5
960 3
961 4
962 5
963 4
964 4
965 6
966 3
967 2
968 3
969 3
970 4
971 1
972 5
973 4
974 1
975 3
976 5
977 2
978 3
979 4
980 3
981 5
982 3
983 4
984 3
985 4
986 4
987 5
988 4
989 6
990 3
991 4
992 1
993 1
994 4
995 4
996 4
997 1
998 2
999 3
1000 4
1001 4
1002 5
1003 4
1004 4
1005 2
1006 6
1007 1
1008 1
1009 3
1010 4
1011 2
1012 4
1013 2
1014 2
1015 4
1016 4
1017 1
1018 2
1019 1
1020 7
1021 4
1022 5
1023 3
1024 2
1025 3
1026 1
1027 3
1028 1
1029 2
1030 3
1031 4
1032 1
1033 1
1034 5
1035 2
1036 3
1037 3
1038 4
1039 3
1040 2
1041 2
1042 3
1043 4
1044 3
1045 4
1046 3
1047 4
1048 3
1049 3
1050 4
1051 4
1052 6
1053 5
1054 2
1055 3
1056 3
1057 3
1058 5
1059 4
1060 3
1061 4
1062 6
1063 3
1064 3
1065 4
1066 1
1067 8
1068 1
1069 1
1070 3
1071 1
1072 2
1073 4
1074 3
1075 3
1076 3
1077 2
1078 3
1079 3
1080 5
1081 3
1082 4
1083 3
1084 5
1085 1
1086 1
1087 3
1088 4
1089 2
1090 5
1091 4
1092 7
1093 3
1094 2
1095 2
1096 2
1097 4
1098 3
1099 2
1100 3
1101 4
1102 2
1103 5
1104 5
1105 8
1106 3
1107 3
1108 5
1109 5
1110 2
1111 4
1112 6
1113 3
1114 5
1115 5
1116 4
1117 5
1118 4
1119 5
1120 3
1121 4
1122 1
1123 5
1124 4
1125 2
1126 5
1127 3
1128 2
1129 2
1130 5
1131 2
1132 1
1133 3
1134 3
1135 6
1136 3
1137 1
1138 5
1139 2
1140 2
1141 1
1142 3
1143 2
1144 4
1145 3
1146 3
1147 6
1148 2
1149 4
1150 2
1151 2
1152 3
1153 5
1154 2
1155 1
1156 3
1157 4
1158 1
1159 5
1160 3
1161 2
1162 2
1163 3
1164 3
1165 2
1166 1
1167 1
1168 3
1169 2
1170 1
1171 4
1172 2
1173 2
1174 3
1175 5
1176 6
1177 2
1178 4
1179 5
1180 2
1181 3
1182 4
1183 3
1184 6
1185 2
1186 5
1187 1
1188 4
1189 3
1190 6
1191 2
1192 4
1193 1
1194 3
1195 1
1196 4
1197 3
1198 2
1199 2
1200 6
1201 3
1202 4
1203 4
1204 3
1205 3
1206 4
1207 2
1208 3
1209 3
1210 3
1211 3
1212 2
1213 2
1214 3
1215 3
1216 5
1217 4
1218 3
1219 5
1220 3
1221 3
1222 3
1223 1
1224 3
1225 2
1226 2
1227 1
1228 3
1229 3
1230 4
1231 2
1232 4
1233 4
1234 3
1235 2
1236 4
1237 5
1238 3
1239 4
1240 3
1241 3
1242 4
1243 3
1244 3
1245 1
1246 3
1247 3
1248 4
1249 3
1250 5
1251 4
1252 5
1253 3
1254 6
1255 5
1256 4
1257 3
1258 3
1259 1
1260 3
1261 5
1262 4
1263 3
1264 2
1265 4
1266 4
1267 1
1268 1
1269 2
1270 2
1271 2
1272 2
1273 1
1274 5
1275 2
1276 3
1277 4
1278 4
1279 4
1280 2
1281 4
1282 3
1283 3
1284 5
1285 1
1286 2
1287 2
1288 5
1289 3
1290 4
1291 1
1292 3
1293 3
1294 4
1295 3
1296 3
1297 5
1298 1
1299 3
1300 2
1301 2
1302 4
1303 3
1304 2
1305 2
1306 3
1307 2
1308 4
1309 2
1310 2
1311 2
1312 3
1313 6
1314 3
1315 3
1316 7
1317 3
1318 2
1319 4
1320 4
1321 2
1322 6
1323 3
1324 4
1325 6
1326 3
1327 2
1328 3
1329 2
1330 2
1331 4
1332 2
1333 1
1334 2
1335 1
1336 3
1337 3
1338 3
1339 4
1340 4
1341 5
1342 1
1343 2
1344 5
1345 5
1346 4
1347 4
1348 5
1349 4
1350 1
1351 1
1352 2
1353 3
1354 4
1355 4
1356 4
1357 1
1358 3
1359 5
1360 3
1361 3
1362 1
1363 5
1364 3
1365 5
1366 4
1367 2
1368 5
1369 3
1370 2
1371 5
1372 4
1373 1
1374 2
1375 2
1376 3
1377 2
1378 4
1379 2
1380 1
1381 3
1382 4
1383 2
1384 2
1385 4
1386 1
1387 3
1388 2
1389 2
1390 2
1391 2
1392 2
1393 2
1394 4
1395 3
1396 4
1397 2
1398 5
1399 2
1400 2
1401 3
1402 4
1403 1
1404 4
1405 3
1406 2
1407 4
1408 4
1409 4
1410 4
1411 3
1412 1
1413 2
1414 1
1415 4
1416 4
1417 2
1418 4
1419 4
1420 3
1421 3
1422 4
1423 2
1424 3
1425 3
1426 5
1427 3
1428 2
1429 2
1430 2
1431 3
1432 3
1433 3
1434 4
1435 4
1436 1
1437 2
1438 2
1439 2
1440 5
1441 1
1442 2
1443 2
1444 1
1445 1
1446 2
1447 4
1448 4
1449 5
1450 2
1451 1
1452 2
1453 1
1454 2
1455 3
1456 4
1457 2
1458 4
1459 4
1460 1
1461 4
1462 2
1463 3
1464 5
1465 3
1466 4
1467 5
1468 3
1469 4
1470 2
1471 1
1472 4
1473 2
1474 2
1475 1
1476 2
1477 2
1478 4
1479 3
1480 1
1481 3
1482 4
1483 2
1484 1
1485 3
1486 2
1487 2
1488 2
1489 1
1490 2
1491 1
1492 2
1493 2
1494 3
1495 2
1496 5
1497 2
1498 4
1499 4
1500 3
1501 2
1502 1
1503 2
1504 1
1505 3
1506 1
1507 1
1508 6
1509 2
1510 3
1511 7
1512 3
1513 2
1514 3
1515 3
1516 1
1517 5
1518 4
1519 2
1520 3
1521 1
1522 2
1523 4
1524 3
1525 5
1526 3
1527 2
1528 2
1529 3
1530 4
1531 2
1532 2
1533 4
1534 3
1535 3
1536 3
1537 3
1538 5
1539 3
1540 3
1541 4
1542 1
1543 4
1544 2
1545 7
1546 4
1547 4
1548 3
1549 1
1550 1
1551 5
1552 3
1553 2
1554 3
1555 5
1556 3
1557 1
1558 4
1559 2
1560 1
1561 3
1562 5
1563 1
1564 5
1565 5
1566 3
1567 3
1568 1
1569 4
1570 2
1571 2
1572 1
1573 2
1574 4
1575 1
1576 2
1577 3
1578 1
1579 4
1580 2
1581 2
1582 2
1583 4
1584 2
1585 3
1586 4
1587 1
1588 2
1589 1
1590 6
1591 1
1592 4
1593 3
1594 1
1595 2
1596 5
1597 3
1598 2
1599 3
1600 1
1601 1
1602 2
1603 6
1604 2
1605 3
1606 5
1607 5
1608 2
1609 1
1610 2
1611 3
1612 4
1613 3
1614 2
1615 4
1616 1
1617 1
1618 4
1619 3
1620 1
1621 2
1622 2
1623 4
1624 1
1625 2
1626 5
1627 1
1628 2
1629 4
1630 4
1631 2
1632 3
1633 2
1634 2
1635 6
1636 2
1637 2
1638 3
1639 6
1640 2
1641 3
1642 7
1643 4
1644 3
1645 2
1646 1
1647 4
1648 2
1649 2
1650 3
1651 3
1652 3
1653 2
1654 4
1655 1
1656 2
1657 3
1658 2
1659 3
1660 2
1661 2
1662 1
1663 3
1664 4
1665 1
1666 4
1667 1
1668 1
1669 2
1670 3
1671 3
1672 1
1673 2
1674 2
1675 4
1676 2
1677 5
1678 3
1679 3
1680 2
1681 1
1682 4
1683 3
1684 1
1685 3
1686 4
1687 2
1688 3
1689 2
1690 3
1691 3
1692 2
1693 2
1694 2
1695 5
1696 6
1697 2
1698 2
1699 2
1700 2
1701 2
1702 2
1703 3
1704 3
1705 3
1706 4
1707 2
1708 1
1709 2
1710 1
1711 5
1712 4
1713 3
1714 3
1715 2
1716 3
1717 2
1718 2
1719 2
1720 2
1721 1
1722 2
1723 6
1724 5
1725 3
1726 3
1727 2
1728 2
1729 4
1730 4
1731 1
1732 2
1733 2
1734 3
1735 3
1736 6
1737 2
1738 4
1739 5
1740 3
1741 3
1742 3
1743 1
1744 1
1745 5
1746 2
1747 2
1748 2
1749 2
1750 2
1751 1
1752 2
1753 4
1754 4
1755 3
1756 1
1757 2
1758 2
1759 1
1760 7
1761 2
1762 2
1763 1
1764 2
1765 4
1766 6
1767 2
1768 3
1769 5
1770 3
1771 2
1772 1
1773 6
1774 3
1775 6
1776 4
1777 2
1778 2
1779 2
1780 2
1781 4
1782 3
1783 3
1784 2
1785 2
1786 3
1787 2
1788 2
1789 3
1790 6
1791 1
1792 4
1793 3
1794 3
1795 3
1796 3
1797 2
1798 3
1799 2
1800 3
1801 3
1802 3
1803 2
1804 2
1805 3
1806 2
1807 2
1808 2
1809 3
1810 1
1811 5
1812 1
1813 1
1814 2
1815 4
1816 2
1817 2
1818 1
1819 1
1820 2
1821 3
1822 3
1823 9
1824 4
1825 5
1826 4
1827 3
1828 3
1829 1
1830 1
1831 2
1832 4
1833 1
1834 2
1835 2
1836 2
1837 3
1838 2
1839 1
1840 1
1841 3
1842 5
1843 4
1844 1
1845 4
1846 5
1847 4
1848 3
1849 2
1850 2
1851 1
1852 2
1853 2
1854 3
1855 3
1856 4
1857 2
1858 3
1859 3
1860 2
1861 5
1862 2
1863 3
1864 2
1865 2
1866 2
1867 1
1868 2
1869 3
1870 5
1871 2
1872 2
1873 4
1874 3
1875 1
1876 2
1877 1
1878 3
1879 4
1880 1
1881 1
1882 1
1883 5
1884 4
1885 3
1886 4
1887 2
1888 5
1889 3
1890 3
1891 4
1892 1
1893 2
1894 4
1895 2
1896 1
1897 2
1898 2
1899 1
1900 7
1901 2
1902 4
1903 2
1904 3
1905 3
1906 4
1907 5
1908 3
1909 3
1910 3
1911 2
1912 3
1913 2
1914 5
1915 2
1916 3
1917 3
1918 2
1919 3
1920 1
1921 4
1922 5
1923 1
1924 3
1925 3
1926 4
1927 2
1928 1
1929 4
1930 3
1931 3
1932 6
1933 5
1934 1
1935 2
1936 3
1937 2
1938 5
1939 2
1940 2
1941 2
1942 1
1943 3
1944 1
1945 4
1946 1
1947 2
1948 3
1949 2
1950 3
1951 1
1952 2
1953 1
1954 2
1955 3
1956 3
1957 2
1958 3
1959 2
1960 3
1961 3
1962 2
1963 2
1964 2
1965 3
1966 4
1967 3
1968 3
1969 3
1970 3
1971 1
1972 3
1973 2
1974 2
1975 2
1976 3
1977 3
1978 3
1979 2
1980 1
1981 4
1982 3
1983 3
1984 2
1985 2
1986 3
1987 4
1988 1
1989 2
1990 2
1991 1
1992 5
1993 3
1994 6
1995 2
1996 1
1997 2
1998 3
1999 6
2000 2
2001 3
2002 1
2003 1
2004 4
2005 3
2006 2
2007 3
2008 1
2009 3
2010 3
2011 2
2012 5
2013 2
2014 1
2015 3
2016 2
2017 1
2018 3
2019 2
2020 1
2021 2
2022 4
2023 3
2024 1
2025 2
2026 4
2027 2
2028 2
2029 2
2030 4
2031 3
2032 4
2033 4
2034 2
2035 3
2036 4
2037 2
2038 3
2039 3
2040 2
2041 2
2042 2
2043 3
2044 3
2045 3
2046 3
2047 3
2048 1
2049 3
2050 4
2051 3
2052 2
2053 2
2054 2
2055 2
2056 2
2057 1
2058 4
2059 3
2060 1
2061 1
2062 3
2063 2
2064 2
2065 3
2066 3
2067 3
2068 1
2069 3
2070 5
2071 2
2072 1
2073 4
2074 1
2075 1
2076 4
2077 4
2078 3
2079 2
2080 1
2081 5
2082 5
2083 3
2084 3
2085 2
2086 2
2087 4
2088 2
2089 2
2090 4
2091 2
2092 2
2093 3
2094 1
2095 2
2096 4
2097 1
2098 4
2099 1
2100 2
2101 1
2102 1
2103 3
2104 2
2105 1
2106 4
2107 2
2108 1
2109 2
2110 2
2111 1
2112 1
2113 4
2114 4
2115 3
2116 2
2117 2
2118 4
2119 2
2120 4
2121 4
2122 2
2123 5
2124 4
2125 4
2126 2
2127 3
2128 2
2129 1
2130 2
2131 3
2132 2
2133 2
2134 3
2135 2
2136 6
2137 6
2138 4
2139 4
2140 5
2141 4
2142 1
2143 4
2144 2
2145 3
2146 3
2147 2
2148 1
2149 1
2150 3
2151 1
2152 4
2153 1
2154 1
2155 2
2156 4
2157 2
2158 3
2159 1
2160 3
2161 3
2162 1
2163 5
2164 3
2165 3
2166 4
2167 3
2168 1
2169 2
2170 2
2171 1
2172 2
2173 2
2174 2
2175 2
2176 3
2177 4
2178 5
2179 2
2180 3
2181 4
2182 2
2183 4
2184 1
2185 2
2186 2
2187 3
2188 3
2189 1
2190 2
2191 3
2192 4
2193 4
2194 2
2195 1
2196 3
2197 1
2198 1
2199 3
2200 4
2201 2
2202 2
2203 2
2204 5
2205 3
2206 2
2207 2
2208 2
2209 3
2210 4
2211 1
2212 4
2213 2
2214 1
2215 2
2216 2
2217 4
2218 4
2219 2
2220 1
2221 3
2222 3
2223 3
2224 3
2225 1
2226 3
2227 3
2228 1
2229 4
2230 3
2231 2
2232 1
2233 3
2234 4
2235 3
2236 3
2237 5
2238 5
2239 1
2240 2
2241 1
2242 2
2243 2
2244 1
2245 4
2246 2
2247 2
2248 3
2249 3
2250 2
2251 1
2252 3
2253 2
2254 2
2255 1
2256 1
2257 3
2258 1
2259 2
2260 4
2261 3
2262 4
2263 3
2264 2
2265 2
2266 3
2267 4
2268 2
2269 4
2270 2
2271 1
2272 1
2273 1
2274 1
2275 2
2276 1
2277 2
2278 2
2279 6
2280 3
2281 4
2282 2
2283 1
2284 4
2285 2
2286 3
2287 6
2288 2
2289 1
2290 3
2291 1
2292 3
2293 4
2294 3
2295 3
2296 2
2297 1
2298 3
2299 2
2300 3
2301 4
2302 1
2303 2
2304 4
2305 3
2306 2
2307 1
2308 1
2309 2
2310 2
2311 2
2312 4
2313 3
2314 3
2315 1
2316 4
2317 3
2318 3
2319 3
2320 1
2321 2
2322 2
2323 3
2324 3
2325 2
2326 4
2327 3
2328 3
2329 3
2330 1
2331 3
2332 3
2333 3
2334 3
2335 3
2336 2
2337 2
2338 2
2339 2
2340 3
2341 3
2342 2
2343 2
2344 5
2345 1
2346 2
2347 1
2348 3
2349 4
2350 1
2351 3
2352 3
2353 5
2354 2
2355 3
2356 3
2357 2
2358 3
2359 3
2360 1
2361 2
2362 3
2363 2
2364 1
2365 2
2366 2
2367 3
2368 2
2369 2
2370 1
2371 2
2372 5
2373 4
2374 2
2375 4
2376 1
2377 4
2378 2
2379 1
2380 3
2381 2
2382 2
2383 4
2384 3
2385 1
2386 2
2387 2
2388 2
2389 3
2390 3
2391 2
2392 4
2393 3
2394 3
2395 1
2396 2
2397 2
2398 1
2399 3
2400 1
2401 1
2402 2
2403 1
2404 2
2405 1
2406 3
2407 2
2408 2
2409 2
2410 2
2411 4
2412 3
2413 3
2414 2
2415 2
2416 4
2417 1
2418 4
2419 3
2420 2
2421 3
2422 3
2423 3
2424 2
2425 3
2426 2
2427 1
2428 3
2429 1
2430 2
2431 6
2432 1
2433 3
2434 3
2435 2
2436 3
2437 2
2438 2
2439 3
2440 1
2441 3
2442 1
2443 3
2444 3
2445 2
2446 2
2447 5
2448 3
2449 2
2450 2
2451 2
2452 1
2453 2
2454 6
2455 2
2456 1
2457 2
2458 3
2459 2
2460 1
2461 1
2462 2
2463 3
2464 2
2465 1
2466 2
2467 2
2468 2
2469 4
2470 3
2471 2
2472 3
2473 2
2474 2
2475 1
2476 1
2477 1
2478 2
2479 5
2480 4
2481 4
2482 1
2483 5
2484 2
2485 3
2486 2
2487 3
2488 1
2489 2
2490 1
2491 3
2492 2
2493 1
2494 4
2495 5
2496 2
2497 3
2498 1
2499 2
2500 2
2501 2
2502 2
2503 2
2504 5
2505 2
2506 1
2507 2
2508 4
2509 2
2510 3
2511 2
2512 3
2513 2
2514 2
2515 2
2516 3
2517 3
2518 1
2519 2
2520 4
2521 1
2522 5
2523 1
2524 3
2525 2
2526 1
2527 2
2528 3
2529 3
2530 3
2531 1
2532 1
2533 4
2534 2
2535 1
2536 1
2537 3
2538 2
2539 2
2540 2
2541 2
2542 1
2543 1
2544 2
2545 2
2546 3
2547 1
2548 2
2549 2
2550 2
2551 1
2552 2
2553 1
2554 6
2555 1
2556 3
2557 2
2558 1
2559 4
2560 2
2561 3
2562 1
2563 2
2564 4
2565 4
2566 2
2567 1
2568 2
2569 3
2570 3
2571 2
2572 1
2573 1
2574 2
2575 3
2576 2
2577 1
2578 1
2579 2
2580 2
2581 2
2582 3
2583 3
2584 3
2585 1
2586 3
2587 3
2588 2
2589 2
2590 2
2591 2
2592 1
2593 2
2594 1
2595 2
2596 3
2597 3
2598 4
2599 2
2600 2
2601 3
2602 1
2603 4
2604 3
2605 2
2606 2
2607 2
2608 5
2609 1
2610 1
2611 1
2612 3
2613 1
2614 2
2615 6
2616 3
2617 2
2618 3
2619 2
2620 2
2621 2
2622 3
2623 2
2624 1
2625 3
2626 4
2627 4
2628 2
2629 5
2630 2
2631 1
2632 1
2633 1
2634 1
2635 3
2636 3
2637 1
2638 2
2639 1
2640 2
2641 2
2642 4
2643 2
2644 2
2645 3
2646 3
2647 1
2648 3
2649 2
2650 1
2651 3
2652 3
2653 1
2654 3
2655 2
2656 2
2657 5
2658 3
2659 3
2660 2
2661 2
2662 2
2663 2
2664 1
2665 1
2666 6
2667 2
2668 1
2669 1
2670 4
2671 3
2672 1
2673 1
2674 1
2675 2
2676 3
2677 1
2678 2
2679 1
2680 2
2681 1
2682 2
2683 1
2684 3
2685 4
2686 2
2687 3
2688 4
2689 2
2690 2
2691 2
2692 1
2693 3
2694 7
2695 2
2696 4
2697 1
2698 3
2699 1
2700 2
2701 1
2702 3
2703 2
2704 1
2705 1
2706 2
2707 2
2708 2
2709 2
2710 4
2711 1
2712 1
2713 2
2714 4
2715 1
2716 3
2717 4
2718 2
2719 1
2720 2
2721 2
2722 3
2723 2
2724 3
2725 3
2726 4
2727 1
2728 1
2729 1
2730 1
2731 1
2732 1
2733 3
2734 1
2735 2
2736 5
2737 3
2738 4
2739 4
2740 1
2741 2
2742 2
2743 3
2744 1
2745 1
2746 2
2747 2
2748 4
2749 5
2750 1
2751 2
2752 1
2753 2
2754 1
2755 2
2756 3
2757 2
2758 2
2759 2
2760 1
2761 2
2762 3
2763 4
2764 1
2765 3
2766 1
2767 2
2768 2
2769 2
2770 1
2771 3
2772 2
2773 1
2774 3
2775 1
2776 2
2777 3
2778 2
2779 3
2780 4
2781 4
2782 1
2783 2
2784 1
2785 2
2786 5
2787 1
2788 1
2789 2
2790 1
2791 3
2792 2
2793 1
2794 1
2795 2
2796 2
2797 1
2798 1
2799 1
2800 1
2801 1
2802 1
2803 2
2804 3
2805 2
2806 2
2807 4
2808 3
2809 4
2810 1
2811 3
2812 1
2813 1
2814 1
2815 1
2816 2
2817 2
2818 2
2819 1
2820 5
2821 1
2822 2
2823 1
2824 2
2825 1
2826 4
2827 1
2828 2
2829 1
2830 2
2831 3
2832 2
2833 2
2834 1
2835 2
2836 4
2837 2
2838 1
2839 5
2840 3
2841 2
2842 2
2843 2
2844 2
2845 3
2846 3
2847 1
2848 3
2849 3
2850 3
2851 2
2852 1
2853 1
2854 1
2855 2
2856 2
2857 4
2858 2
2859 2
2860 2
2861 1
2862 2
2863 1
2864 2
2865 1
2866 2
2867 3
2868 1
2869 3
2870 1
2871 2
2872 2
2873 3
2874 1
2875 4
2876 2
2877 1
2878 3
2879 2
2880 3
2881 2
2882 3
2883 1
2884 2
2885 1
2886 2
2887 3
2888 5
2889 5
2890 2
2891 1
2892 2
2893 1
2894 4
2895 1
2896 1
2897 1
2898 2
2899 2
2900 3
2901 6
2902 1
2903 2
2904 5
2905 4
2906 4
2907 2
2908 1
2909 3
2910 6
2911 1
2912 4
2913 2
2914 3
2915 2
2916 3
2917 1
2918 2
2919 3
2920 2
2921 3
2922 1
2923 3
2924 1
2925 2
2926 2
2927 2
2928 1
2929 1
2930 2
2931 4
2932 1
2933 3
2934 4
2935 3
2936 1
2937 2
2938 2
2939 1
2940 1
2941 2
2942 1
2943 1
2944 3
2945 2
2946 2
2947 2
2948 2
2949 2
2950 3
2951 1
2952 2
2953 2
2954 2
2955 1
2956 2
2957 5
2958 1
2959 2
2960 4
2961 3
2962 2
2963 7
2964 2
2965 1
2966 2
2967 4
2968 2
2969 2
2970 3
2971 2
2972 1
2973 2
2974 2
2975 1
2976 4
2977 1
2978 4
2979 2
2980 1
2981 2
2982 3
2983 1
2984 2
2985 3
2986 4
2987 2
2988 3
2989 1
2990 5
2991 2
2992 2
2993 3
2994 3
2995 3
2996 1
2997 1
2998 2
2999 1
3000 3
3001 3
3002 3
3003 3
3004 2
3005 3
3006 2
3007 3
3008 3
3009 1
3010 3
3011 1
3012 3
3013 2
3014 1
3015 3
3016 6
3017 3
3018 2
3019 3
3020 4
3021 4
3022 5
3023 2
3024 2
3025 1
3026 2
3027 1
3028 3
3029 2
3030 2
3031 5
3032 2
3033 3
3034 3
3035 1
3036 3
3037 1
3038 2
3039 1
3040 3
3041 1
3042 5
3043 1
3044 1
3045 3
3046 3
3047 3
3048 2
3049 2
3050 2
3051 2
3052 3
3053 1
3054 3
3055 3
3056 1
3057 2
3058 3
3059 3
3060 1
3061 3
3062 2
3063 2
3064 2
3065 3
3066 1
3067 2
3068 2
3069 1
3070 2
3071 2
3072 2
3073 3
3074 2
3075 2
3076 3
3077 1
3078 1
3079 2
3080 6
3081 2
3082 3
3083 2
3084 3
3085 1
3086 2
3087 3
3088 2
3089 1
3090 2
3091 2
3092 2
3093 2
3094 1
3095 2
3096 1
3097 2
3098 3
3099 4
3100 2
3101 1
3102 2
3103 5
3104 3
3105 4
3106 2
3107 3
3108 3
3109 3
3110 2
3111 1
3112 2
3113 1
3114 3
3115 1
3116 1
3117 1
3118 3
3119 1
3120 3
3121 2
3122 2
3123 2
3124 3
3125 2
3126 1
3127 2
3128 2
3129 3
3130 1
3131 5
3132 2
3133 1
3134 1
3135 2
3136 1
3137 2
3138 1
3139 2
3140 1
3141 3
3142 1
3143 2
3144 1
3145 2
3146 2
3147 2
3148 4
3149 2
3150 2
3151 2
3152 2
3153 1
3154 4
3155 2
3156 3
3157 4
3158 2
3159 1
3160 3
3161 3
3162 4
3163 1
3164 3
3165 1
3166 1
3167 3
3168 2
3169 1
3170 3
3171 1
3172 4
3173 1
3174 4
3175 5
3176 2
3177 2
3178 3
3179 2
3180 2
3181 2
3182 2
3183 4
3184 2
3185 5
3186 2
3187 5
3188 1
3189 2
3190 2
3191 3
3192 2
3193 3
3194 1
3195 3
3196 3
3197 1
3198 4
3199 2
3200 2
3201 1
3202 1
3203 2
3204 3
3205 2
3206 3
3207 3
3208 1
3209 2
3210 1
3211 3
3212 1
3213 3
3214 1
3215 2
3216 3
3217 2
3218 2
3219 1
3220 1
3221 4
3222 2
3223 2
3224 1
3225 4
3226 4
3227 2
3228 2
3229 4
3230 1
3231 2
3232 1
3233 2
3234 2
3235 1
3236 2
3237 1
3238 3
3239 2
3240 3
3241 2
3242 1
3243 1
3244 1
3245 2
3246 1
3247 3
3248 2
3249 2
3250 1
3251 2
3252 1
3253 1
3254 4
3255 2
3256 1
3257 1
3258 2
3259 2
3260 2
3261 5
3262 1
3263 2
3264 2
3265 3
3266 5
3267 1
3268 2
3269 3
3270 1
3271 1
3272 1
3273 3
3274 2
3275 1
3276 4
3277 2
3278 1
3279 1
3280 1
3281 2
3282 1
3283 1
3284 2
3285 1
3286 2
3287 2
3288 1
3289 3
3290 2
3291 1
3292 1
3293 2
3294 1
3295 2
3296 3
3297 1
3298 1
3299 1
3300 3
3301 1
3302 2
3303 2
3304 2
3305 1
3306 1
3307 3
3308 1
3309 2
3310 2
3311 1
3312 2
3313 2
3314 2
3315 2
3316 4
3317 2
3318 2
3319 2
3320 3
3321 3
3322 1
3323 3
3324 1
3325 2
3326 2
3327 2
3328 1
3329 3
3330 1
3331 3
3332 4
3333 1
3334 1
3335 1
3336 2
3337 2
3338 3
3339 3
3340 2
3341 1
3342 1
3343 2
3344 3
3345 1
3346 2
3347 1
3348 1
3349 1
3350 1
3351 2
3352 2
3353 3
3354 2
3355 2
3356 3
3357 3
3358 2
3359 1
3360 3
3361 4
3362 2
3363 1
3364 2
3365 2
3366 2
3367 2
3368 1
3369 1
3370 5
3371 2
3372 5
3373 7
3374 4
3375 1
3376 3
3377 2
3378 1
3379 2
3380 5
3381 1
3382 2
3383 3
3384 2
3385 3
3386 1
3387 1
3388 1
3389 3
3390 2
3391 4
3392 3
3393 2
3394 3
3395 3
3396 2
3397 2
3398 4
3399 4
3400 4
3401 1
3402 2
3403 2
3404 4
3405 2
3406 1
3407 4
3408 1
3409 3
3410 1
3411 2
3412 1
3413 2
3414 2
3415 2
3416 3
3417 1
3418 1
3419 3
3420 3
3421 2
3422 1
3423 2
3424 2
3425 2
3426 3
3427 3
3428 3
3429 2
3430 2
3431 2
3432 1
3433 2
3434 3
3435 1
3436 1
3437 1
3438 1
3439 2
3440 1
3441 2
3442 2
3443 2
3444 1
3445 6
3446 1
3447 3
3448 2
3449 1
3450 2
3451 1
3452 1
3453 2
3454 1
3455 1
3456 1
3457 1
3458 2
3459 4
3460 1
3461 2
3462 1
3463 3
3464 1
3465 2
3466 2
3467 2
3468 1
3469 2
3470 2
3471 2
3472 2
3473 2
3474 2
3475 1
3476 4
3477 2
3478 3
3479 3
3480 3
3481 5
3482 2
3483 1
3484 1
3485 2
3486 4
3487 3
3488 3
3489 2
3490 2
3491 1
3492 3
3493 2
3494 2
3495 2
3496 2
3497 2
3498 1
3499 2
3500 2
3501 2
3502 1
3503 2
3504 2
3505 1
3506 1
3507 4
3508 1
3509 1
3510 2
3511 1
3512 3
3513 1
3514 1
3515 3
3516 2
3517 1
3518 2
3519 1
3520 1
3521 4
3522 2
3523 1
3524 1
3525 3
3526 2
3527 4
3528 1
3529 4
3530 2
3531 2
3532 1
3533 1
3534 2
3535 2
3536 1
3537 2
3538 2
3539 1
3540 1
3541 6
3542 2
3543 4
3544 3
3545 1
3546 2
3547 2
3548 2
3549 1
3550 2
3551 3
3552 1
3553 1
3554 1
3555 2
3556 5
3557 2
3558 2
3559 4
3560 1
3561 1
3562 2
3563 2
3564 1
3565 2
3566 1
3567 2
3568 2
3569 1
3570 3
3571 4
3572 2
3573 1
3574 1
3575 2
3576 2
3577 1
3578 1
3579 1
3580 1
3581 3
3582 1
3583 2
3584 4
3585 1
3586 2
3587 2
3588 5
3589 4
3590 1
3591 2
3592 3
3593 2
3594 2
3595 2
3596 4
3597 2
3598 1
3599 3
3600 1
3601 1
3602 2
3603 3
3604 2
3605 1
3606 3
3607 1
3608 1
3609 2
3610 1
3611 2
3612 2
3613 2
3614 1
3615 1
3616 2
3617 2
3618 2
3619 1
3620 1
3621 4
3622 1
3623 3
3624 2
3625 3
3626 2
3627 3
3628 2
3629 1
3630 2
3631 1
3632 2
3633 3
3634 1
3635 3
3636 3
3637 1
3638 1
3639 2
3640 1
3641 3
3642 3
3643 1
3644 1
3645 2
3646 1
3647 3
3648 2
3649 2
3650 2
3651 1
3652 4
3653 2
3654 2
3655 1
3656 1
3657 2
3658 3
3659 2
3660 1
3661 1
3662 3
3663 3
3664 2
3665 3
3666 3
3667 1
3668 2
3669 2
3670 2
3671 2
3672 2
3673 2
3674 2
3675 2
3676 1
3677 1
3678 1
3679 3
3680 2
3681 3
3682 1
3683 3
3684 4
3685 3
3686 3
3687 1
3688 1
3689 4
3690 3
3691 1
3692 3
3693 2
3694 3
3695 2
3696 2
3697 3
3698 3
3699 1
3700 2
3701 3
3702 1
3703 1
3704 1
3705 2
3706 3
3707 1
3708 1
3709 2
3710 5
3711 4
3712 1
3713 4
3714 2
3715 1
3716 3
3717 2
3718 1
3719 1
3720 2
3721 1
3722 1
3723 4
3724 1
3725 2
3726 2
3727 5
3728 4
3729 1
3730 3
3731 1
3732 3
3733 1
3734 2
3735 3
3736 1
3737 2
3738 2
3739 3
3740 1
3741 1
3742 1
3743 1
3744 2
3745 2
3746 1
3747 2
3748 2
3749 3
3750 3
3751 1
3752 3
3753 2
3754 2
3755 5
3756 2
3757 2
3758 3
3759 1
3760 2
3761 1
3762 2
3763 2
3764 6
3765 2
3766 1
3767 2
3768 1
3769 5
3770 2
3771 2
3772 3
3773 2
3774 1
3775 1
3776 1
3777 2
3778 5
3779 2
3780 1
3781 3
3782 1
3783 1
3784 2
3785 1
3786 1
3787 3
3788 1
3789 3
3790 1
3791 2
3792 3
3793 2
3794 2
3795 1
3796 3
3797 2
3798 2
3799 1
3800 1
3801 2
3802 2
3803 1
3804 4
3805 5
3806 1
3807 2
3808 1
3809 1
3810 1
3811 2
3812 4
3813 1
3814 2
3815 3
3816 2
3817 2
3818 3
3819 2
3820 1
3821 2
3822 2
3823 2
3824 3
3825 1
3826 3
3827 2
3828 1
3829 1
3830 2
3831 3
3832 1
3833 1
3834 6
3835 2
3836 2
3837 1
3838 1
3839 1
3840 2
3841 2
3842 2
3843 1
3844 3
3845 4
3846 3
3847 2
3848 1
3849 2
3850 1
3851 1
3852 2
3853 3
3854 2
3855 3
3856 1
3857 2
3858 4
3859 2
3860 3
3861 2
3862 1
3863 1
3864 2
3865 3
3866 2
3867 2
3868 2
3869 5
3870 3
3871 1
3872 1
3873 1
3874 1
3875 2
3876 1
3877 1
3878 3
3879 2
3880 2
3881 1
3882 3
3883 2
3884 1
3885 1
3886 1
3887 2
3888 3
3889 2
3890 2
3891 2
3892 2
3893 3
3894 2
3895 1
3896 1
3897 1
3898 2
3899 1
3900 3
3901 2
3902 1
3903 2
3904 2
3905 2
3906 3
3907 1
3908 1
3909 3
3910 2
3911 1
3912 1
3913 3
3914 2
3915 2
3916 3
3917 1
3918 1
3919 3
3920 3
3921 3
3922 1
3923 2
3924 2
3925 2
3926 1
3927 3
3928 1
3929 1
3930 2
3931 3
3932 2
3933 1
3934 2
3935 2
3936 1
3937 1
3938 1
3939 1
3940 1
3941 1
3942 3
3943 1
3944 1
3945 2
3946 2
3947 2
3948 2
3949 1
3950 3
3951 1
3952 2
3953 1
3954 3
3955 1
3956 2
3957 1
3958 1
3959 2
3960 2
3961 3
3962 2
3963 2
3964 1
3965 1
3966 2
3967 2
3968 3
3969 1
3970 2
3971 1
3972 1
3973 1
3974 1
3975 3
3976 1
3977 2
3978 2
3979 5
3980 1
3981 2
3982 1
3983 1
3984 1
3985 2
3986 2
3987 1
3988 2
3989 2
3990 2
3991 1
3992 3
3993 1
3994 1
3995 2
3996 1
3997 3
3998 2
3999 2
4000 3
4001 1
4002 2
4003 1
4004 1
4005 1
4006 3
4007 1
4008 4
4009 2
4010 1
4011 1
4012 3
4013 2
4014 4
4015 5
4016 3
4017 1
4018 2
4019 2
4020 1
4021 2
4022 3
4023 3
4024 1
4025 2
4026 1
4027 1
4028 4
4029 1
4030 1
4031 2
4032 3
4033 2
4034 1
4035 1
4036 1
4037 1
4038 1
4039 3
4040 2
4041 2
4042 3
4043 2
4044 1
4045 1
4046 2
4047 4
4048 1
4049 2
4050 2
4051 1
4052 1
4053 2
4054 2
4055 1
4056 1
4057 3
4058 1
4059 6
4060 1
4061 2
4062 1
4063 4
4064 2
4065 3
4066 2
4067 3
4068 3
4069 3
4070 2
4071 1
4072 1
4073 3
4074 2
4075 1
4076 3
4077 2
4078 4
4079 1
4080 2
4081 3
4082 2
4083 2
4084 1
4085 3
4086 1
4087 1
4088 1
4089 3
4090 1
4091 1
4092 3
4093 2
4094 1
4095 2
4096 1
4097 2
4098 2
4099 2
4100 1
4101 1
4102 1
4103 1
4104 1
4105 1
4106 2
4107 1
4108 4
4109 1
4110 2
4111 1
4112 3
4113 1
4114 1
4115 2
4116 6
4117 1
4118 4
4119 2
4120 2
4121 1
4122 1
4123 2
4124 2
4125 4
4126 1
4127 2
4128 1
4129 1
4130 2
4131 1
4132 2
4133 3
4134 3
4135 1
4136 1
4137 1
4138 3
4139 2
4140 2
4141 1
4142 2
4143 1
4144 3
4145 1
4146 1
4147 1
4148 1
4149 1
4150 1
4151 1
4152 2
4153 3
4154 1
4155 2
4156 1
4157 3
4158 1
4159 1
4160 1
4161 1
4162 3
4163 1
4164 2
4165 1
4166 2
4167 3
4168 2
4169 2
4170 2
4171 2
4172 3
4173 1
4174 1
4175 1
4176 2
4177 1
4178 2
4179 3
4180 3
4181 2
4182 2
4183 1
4184 4
4185 3
4186 1
4187 2
4188 2
4189 3
4190 2
4191 2
4192 2
4193 1
4194 2
4195 1
4196 3
4197 2
4198 2
4199 1
4200 2
4201 2
4202 1
4203 1
4204 3
4205 1
4206 1
4207 1
4208 1
4209 2
4210 1
4211 1
4212 2
4213 1
4214 3
4215 2
4216 2
4217 2
4218 1
4219 2
4220 2
4221 3
4222 3
4223 4
4224 2
4225 2
4226 2
4227 1
4228 2
4229 2
4230 1
4231 2
4232 1
4233 1
4234 3
4235 2
4236 1
4237 1
4238 1
4239 1
4240 2
4241 1
4242 3
4243 3
4244 2
4245 1
4246 3
4247 2
4248 1
4249 2
4250 1
4251 6
4252 3
4253 2
4254 2
4255 1
4256 1
4257 2
4258 2
4259 1
4260 3
4261 2
4262 2
4263 1
4264 1
4265 2
4266 1
4267 2
4268 1
4269 3
4270 2
4271 1
4272 1
4273 2
4274 4
4275 1
4276 3
4277 1
4278 1
4279 1
4280 2
4281 3
4282 2
4283 1
4284 1
4285 3
4286 1
4287 3
4288 2
4289 1
4290 1
4291 1
4292 2
4293 1
4294 1
4295 1
4296 4
4297 2
4298 2
4299 1
4300 1
4301 1
4302 2
4303 1
4304 2
4305 1
4306 3
4307 1
4308 2
4309 2
4310 1
4311 3
4312 3
4313 1
4314 1
4315 1
4316 1
4317 2
4318 5
4319 1
4320 2
4321 2
4322 3
4323 2
4324 1
4325 2
4326 1
4327 1
4328 3
4329 1
4330 1
4331 1
4332 1
4333 1
4334 2
4335 2
4336 1
4337 2
4338 1
4339 2
4340 2
4341 1
4342 2
4343 2
4344 2
4345 2
4346 1
4347 3
4348 1
4349 2
4350 1
4351 2
4352 1
4353 1
4354 1
4355 3
4356 3
4357 1
4358 1
4359 2
4360 2
4361 1
4362 4
4363 1
4364 3
4365 5
4366 1
4367 2
4368 2
4369 4
4370 1
4371 1
4372 1
4373 1
4374 3
4375 3
4376 1
4377 2
4378 1
4379 2
4380 3
4381 3
4382 2
4383 2
4384 3
4385 1
4386 3
4387 2
4388 2
4389 3
4390 1
4391 1
4392 2
4393 1
4394 1
4395 1
4396 1
4397 2
4398 4
4399 2
4400 2
4401 2
4402 4
4403 1
4404 1
4405 2
4406 1
4407 3
4408 1
4409 2
4410 1
4411 2
4412 2
4413 1
4414 1
4415 2
4416 2
4417 1
4418 2
4419 1
4420 1
4421 1
4422 2
4423 1
4424 2
4425 1
4426 1
4427 1
4428 1
4429 1
4430 1
4431 1
4432 4
4433 2
4434 2
4435 2
4436 1
4437 2
4438 2
4439 2
4440 1
4441 1
4442 1
4443 2
4444 1
4445 2
4446 2
4447 1
4448 1
4449 3
4450 1
4451 1
4452 2
4453 1
4454 2
4455 1
4456 2
4457 2
4458 1
4459 1
4460 2
4461 1
4462 2
4463 1
4464 1
4465 1
4466 1
4467 3
4468 3
4469 3
4470 3
4471 2
4472 2
4473 3
4474 1
4475 2
4476 1
4477 2
4478 2
4479 2
4480 1
4481 2
4482 3
4483 4
4484 2
4485 1
4486 1
4487 3
4488 3
4489 2
4490 2
4491 2
4492 3
4493 1
4494 1
4495 1
4496 1
4497 1
4498 2
4499 3
4500 2
4501 1
4502 2
4503 2
4504 1
4505 1
4506 1
4507 2
4508 2
4509 3
4510 1
4511 3
4512 2
4513 1
4514 1
4515 1
4516 2
4517 2
4518 3
4519 3
4520 1
4521 1
4522 1
4523 2
4524 1
4525 2
4526 4
4527 1
4528 2
4529 3
4530 1
4531 1
4532 1
4533 2
4534 3
4535 2
4536 3
4537 1
4538 2
4539 3
4540 2
4541 1
4542 1
4543 3
4544 2
4545 2
4546 1
4547 1
4548 2
4549 2
4550 3
4551 1
4552 1
4553 2
4554 2
4555 3
4556 1
4557 1
4558 3
4559 1
4560 2
4561 4
4562 1
4563 2
4564 1
4565 3
4566 1
4567 2
4568 1
4569 2
4570 2
4571 1
4572 2
4573 2
4574 2
4575 1
4576 2
4577 3
4578 2
4579 1
4580 1
4581 2
4582 3
4583 1
4584 1
4585 1
4586 3
4587 1
4588 3
4589 2
4590 1
4591 1
4592 2
4593 2
4594 2
4595 1
4596 1
4597 1
4598 3
4599 1
4600 1
4601 3
4602 2
4603 3
4604 3
4605 1
4606 1
4607 1
4608 2
4609 1
4610 2
4611 2
4612 2
4613 1
4614 2
4615 2
4616 1
4617 2
4618 2
4619 1
4620 1
4621 1
4622 4
4623 1
4624 2
4625 3
4626 2
4627 1
4628 1
4629 1
4630 2
4631 3
4632 2
4633 1
4634 4
4635 1
4636 2
4637 3
4638 2
4639 1
4640 2
4641 3
4642 1
4643 1
4644 2
4645 1
4646 1
4647 2
4648 2
4649 2
4650 1
4651 3
4652 2
4653 1
4654 1
4655 3
4656 2
4657 1
4658 4
4659 2
4660 1
4661 2
4662 1
4663 4
4664 1
4665 2
4666 2
4667 2
4668 2
4669 3
4670 1
4671 1
4672 2
4673 1
4674 2
4675 2
4676 2
4677 2
4678 3
4679 1
4680 1
4681 1
4682 2
4683 1
4684 4
4685 2
4686 2
4687 2
4688 2
4689 3
4690 1
4691 3
4692 3
4693 2
4694 3
4695 3
4696 3
4697 5
4698 2
4699 4
4700 1
4701 2
4702 1
4703 2
4704 2
4705 2
4706 3
4707 1
4708 2
4709 1
4710 1
4711 5
4712 1
4713 1
4714 3
4715 2
4716 1
4717 1
4718 3
4719 3
4720 1
4721 2
4722 3
4723 1
4724 2
4725 3
4726 1
4727 1
4728 2
4729 1
4730 1
4731 1
4732 1
4733 1
4734 3
4735 2
4736 3
4737 1
4738 4
4739 2
4740 1
4741 1
4742 1
4743 1
4744 1
4745 1
4746 1
4747 1
4748 2
4749 1
4750 1
4751 1
4752 3
4753 2
4754 2
4755 1
4756 1
4757 3
4758 1
4759 3
4760 1
4761 2
4762 2
4763 2
4764 1
4765 1
4766 1
4767 2
4768 2
4769 3
4770 1
4771 3
4772 1
4773 1
4774 1
4775 2
4776 2
4777 2
4778 1
4779 2
4780 1
4781 4
4782 1
4783 1
4784 1
4785 1
4786 2
4787 2
4788 2
4789 1
4790 1
4791 1
4792 1
4793 2
4794 4
4795 2
4796 2
4797 2
4798 2
4799 1
4800 1
4801 1
4802 2
4803 1
4804 2
4805 2
4806 2
4807 2
4808 3
4809 2
4810 2
4811 1
4812 2
4813 2
4814 1
4815 2
4816 1
4817 2
4818 3
4819 3
4820 2
4821 1
4822 1
4823 3
4824 1
4825 2
4826 1
4827 2
4828 2
4829 1
4830 2
4831 1
4832 2
4833 1
4834 1
4835 2
4836 1
4837 2
4838 1
4839 1
4840 2
4841 1
4842 2
4843 1
4844 1
4845 1
4846 1
4847 6
4848 1
4849 1
4850 3
4851 1
4852 1
4853 2
4854 2
4855 4
4856 1
4857 1
4858 2
4859 1
4860 2
4861 2
4862 4
4863 2
4864 2
4865 1
4866 1
4867 1
4868 2
4869 1
4870 2
4871 1
4872 1
4873 2
4874 2
4875 1
4876 3
4877 2
4878 2
4879 1
4880 2
4881 1
4882 1
4883 2
4884 1
4885 1
4886 4
4887 1
4888 1
4889 2
4890 1
4891 2
4892 1
4893 1
4894 2
4895 2
4896 1
4897 1
4898 2
4899 1
4900 3
4901 3
4902 2
4903 2
4904 1
4905 2
4906 2
4907 1
4908 3
4909 2
4910 1
4911 2
4912 2
4913 2
4914 3
4915 2
4916 1
4917 3
4918 2
4919 2
4920 3
4921 2
4922 3
4923 1
4924 1
4925 2
4926 1
4927 2
4928 2
4929 1
4930 1
4931 1
4932 1
4933 1
4934 2
4935 3
4936 3
4937 1
4938 4
4939 1
4940 2
4941 1
4942 1
4943 2
4944 4
4945 2
4946 2
4947 3
4948 2
4949 1
4950 4
4951 1
4952 1
4953 3
4954 2
4955 1
4956 1
4957 2
4958 2
4959 1
4960 1
4961 1
4962 1
4963 2
4964 1
4965 1
4966 2
4967 2
4968 1
4969 1
4970 2
4971 2
4972 2
4973 2
4974 1
4975 2
4976 2
4977 1
4978 2
4979 1
4980 2
4981 2
4982 1
4983 3
4984 2
4985 1
4986 2
4987 3
4988 1
4989 2
4990 2
4991 2
4992 2
4993 2
4994 1
4995 2
4996 3
4997 3
4998 1
4999 2
5000 2
5001 1
5002 2
5003 1
5004 2
5005 2
5006 1
5007 2
5008 1
5009 2
5010 2
5011 1
5012 1
5013 3
5014 2
5015 1
5016 1
5017 1
5018 1
5019 1
5020 3
5021 1
5022 1
5023 1
5024 2
5025 2
5026 1
5027 2
5028 2
5029 1
5030 3
5031 1
5032 2
5033 1
5034 2
5035 2
5036 1
5037 2
5038 2
5039 3
5040 1
5041 2
5042 2
5043 1
5044 1
5045 2
5046 1
5047 1
5048 1
5049 1
5050 5
5051 1
5052 1
5053 2
5054 4
5055 1
5056 2
5057 2
5058 2
5059 1
5060 3
5061 1
5062 1
5063 1
5064 2
5065 1
5066 2
5067 2
5068 3
5069 1
5070 1
5071 1
5072 3
5073 1
5074 3
5075 1
5076 3
5077 1
5078 2
5079 1
5080 2
5081 2
5082 1
5083 1
5084 1
5085 1
5086 1
5087 1
5088 1
5089 1
5090 2
5091 1
5092 3
5093 1
5094 1
5095 1
5096 2
5097 1
5098 2
5099 2
5100 2
5101 3
5102 1
5103 2
5104 2
5105 2
5106 3
5107 3
5108 1
5109 2
5110 3
5111 3
5112 1
5113 2
5114 1
5115 1
5116 2
5117 1
5118 2
5119 3
5120 3
5121 2
5122 2
5123 3
5124 2
5125 1
5126 1
5127 3
5128 1
5129 2
5130 2
5131 1
5132 2
5133 3
5134 3
5135 1
5136 3
5137 3
5138 1
5139 4
5140 2
5141 2
5142 3
5143 3
5144 3
5145 3
5146 1
5147 3
5148 1
5149 1
5150 1
5151 2
5152 1
5153 2
5154 2
5155 1
5156 1
5157 2
5158 3
5159 2
5160 1
5161 3
5162 3
5163 1
5164 2
5165 1
5166 1
5167 2
5168 1
5169 1
5170 1
5171 2
5172 2
5173 1
5174 2
5175 1
5176 1
5177 1
5178 1
5179 2
5180 1
5181 1
5182 1
5183 1
5184 2
5185 1
5186 3
5187 2
5188 1
5189 3
5190 2
5191 4
5192 1
5193 2
5194 1
5195 1
5196 1
5197 1
5198 2
5199 2
5200 1
5201 2
5202 2
5203 1
5204 2
5205 1
5206 1
5207 1
5208 1
5209 1
5210 2
5211 1
5212 3
5213 2
5214 3
5215 3
5216 2
5217 1
5218 2
5219 1
5220 1
5221 1
5222 2
5223 2
5224 1
5225 3
5226 1
5227 3
5228 1
5229 1
5230 2
5231 3
5232 2
5233 2
5234 4
5235 2
5236 1
5237 1
5238 2
5239 1
5240 1
5241 3
5242 1
5243 2
5244 1
5245 2
5246 1
5247 1
5248 2
5249 3
5250 1
5251 2
5252 3
5253 1
5254 2
5255 2
5256 1
5257 1
5258 2
5259 2
5260 2
5261 1
5262 1
5263 2
5264 5
5265 1
5266 5
5267 1
5268 1
5269 3
5270 1
5271 2
5272 1
5273 1
5274 2
5275 1
5276 1
5277 1
5278 3
5279 1
5280 2
5281 3
5282 3
5283 3
5284 1
5285 2
5286 1
5287 1
5288 1
5289 1
5290 1
5291 1
5292 1
5293 1
5294 1
5295 2
5296 1
5297 1
5298 1
5299 3
5300 1
5301 3
5302 2
5303 1
5304 1
5305 2
5306 2
5307 1
5308 2
5309 1
5310 2
5311 2
5312 2
5313 2
5314 1
5315 1
5316 3
5317 1
5318 2
5319 1
5320 1
5321 2
5322 1
5323 1
5324 1
5325 3
5326 1
5327 1
5328 1
5329 2
5330 1
5331 2
5332 1
5333 3
5334 3
5335 3
5336 1
5337 1
5338 2
5339 1
5340 2
5341 2
5342 3
5343 5
5344 1
5345 1
5346 1
5347 2
5348 1
5349 3
5350 3
5351 2
5352 2
5353 4
5354 2
5355 2
5356 1
5357 2
5358 1
5359 1
5360 1
5361 2
5362 2
5363 3
5364 3
5365 1
5366 3
5367 1
5368 1
5369 1
5370 2
5371 2
5372 3
5373 2
5374 2
5375 2
5376 1
5377 1
5378 1
5379 1
5380 1
5381 2
5382 1
5383 2
5384 1
5385 1
5386 3
5387 1
5388 2
5389 1
5390 3
5391 3
5392 1
5393 3
5394 1
5395 1
5396 1
5397 1
5398 1
5399 2
5400 1
5401 1
5402 2
5403 2
5404 2
5405 1
5406 1
5407 3
5408 2
5409 2
5410 1
5411 1
5412 2
5413 2
5414 4
5415 3
5416 3
5417 2
5418 2
5419 1
5420 1
5421 3
5422 2
5423 1
5424 1
5425 1
5426 1
5427 1
5428 1
5429 2
5430 2
5431 2
5432 2
5433 2
5434 2
5435 2
5436 1
5437 3
5438 2
5439 1
5440 2
5441 1
5442 1
5443 1
5444 1
5445 1
5446 2
5447 3
5448 1
5449 2
5450 1
5451 2
5452 1
5453 2
5454 1
5455 1
5456 1
5457 1
5458 3
5459 2
5460 3
5461 2
5462 1
5463 1
5464 3
5465 1
5466 2
5467 3
5468 2
5469 1
5470 1
5471 2
5472 1
5473 3
5474 1
5475 2
5476 2
5477 2
5478 3
5479 1
5480 1
5481 5
5482 2
5483 2
5484 1
5485 2
5486 2
5487 1
5488 1
5489 2
5490 2
5491 1
5492 1
5493 2
5494 1
5495 2
5496 1
5497 1
5498 1
5499 1
5500 2
5501 1
5502 1
5503 2
5504 2
5505 2
5506 2
5507 3
5508 1
5509 1
5510 1
5511 1
5512 2
5513 2
5514 2
5515 1
5516 1
5517 1
5518 2
5519 1
5520 1
5521 3
5522 2
5523 4
5524 2
5525 1
5526 2
5527 1
5528 2
5529 1
5530 1
5531 4
5532 1
5533 2
5534 1
5535 1
5536 1
5537 2
5538 2
5539 2
5540 1
5541 1
5542 2
5543 1
5544 1
5545 1
5546 1
5547 1
5548 1
5549 2
5550 2
5551 1
5552 1
5553 2
5554 2
5555 1
5556 1
5557 2
5558 3
5559 2
5560 2
5561 2
5562 1
5563 2
5564 1
5565 3
5566 1
5567 3
5568 1
5569 1
5570 3
5571 3
5572 1
5573 3
5574 1
5575 1
5576 2
5577 1
5578 2
5579 2
5580 3
5581 1
5582 2
5583 3
5584 2
5585 2
5586 2
5587 2
5588 1
5589 1
5590 1
5591 1
5592 2
5593 1
5594 1
5595 3
5596 1
5597 1
5598 2
5599 1
5600 1
5601 1
5602 2
5603 1
5604 1
5605 1
5606 1
5607 2
5608 3
5609 1
5610 2
5611 1
5612 4
5613 2
5614 1
5615 2
5616 2
5617 1
5618 2
5619 2
5620 2
5621 1
5622 1
5623 1
5624 1
5625 1
5626 3
5627 3
5628 1
5629 1
5630 1
5631 2
5632 3
5633 2
5634 1
5635 3
5636 2
5637 2
5638 3
5639 1
5640 1
5641 1
5642 2
5643 1
5644 1
5645 2
5646 3
5647 1
5648 1
5649 2
5650 1
5651 1
5652 1
5653 1
5654 2
5655 1
5656 1
5657 2
5658 1
5659 2
5660 2
5661 2
5662 1
5663 1
5664 1
5665 1
5666 1
5667 1
5668 1
5669 1
5670 1
5671 2
5672 1
5673 1
5674 2
5675 1
5676 1
5677 1
5678 2
5679 1
5680 1
5681 2
5682 1
5683 3
5684 2
5685 1
5686 2
5687 1
5688 1
5689 1
5690 1
5691 2
5692 1
5693 2
5694 2
5695 2
5696 3
5697 3
5698 2
5699 3
5700 1
5701 3
5702 1
5703 3
5704 1
5705 1
5706 1
5707 3
5708 1
5709 1
5710 2
5711 2
5712 1
5713 1
5714 2
5715 2
5716 2
5717 1
5718 2
5719 1
5720 1
5721 1
5722 2
5723 1
5724 2
5725 1
5726 1
5727 1
5728 1
5729 1
5730 1
5731 1
5732 2
5733 3
5734 3
5735 1
5736 5
5737 3
5738 2
5739 2
5740 1
5741 1
5742 2
5743 2
5744 1
5745 2
5746 1
5747 1
5748 2
5749 1
5750 3
5751 1
5752 1
5753 1
5754 3
5755 1
5756 1
5757 1
5758 2
5759 1
5760 2
5761 1
5762 1
5763 2
5764 1
5765 2
5766 1
5767 1
5768 2
5769 2
5770 3
5771 1
5772 1
5773 2
5774 1
5775 2
5776 1
5777 1
5778 2
5779 1
5780 1
5781 2
5782 1
5783 1
5784 2
5785 1
5786 1
5787 1
5788 1
5789 2
5790 3
5791 3
5792 1
5793 3
5794 2
5795 2
5796 2
5797 2
5798 1
5799 1
5800 2
5801 1
5802 1
5803 1
5804 1
5805 2
5806 2
5807 3
5808 2
5809 1
5810 1
5811 1
5812 1
5813 1
5814 3
5815 2
5816 1
5817 2
5818 1
5819 2
5820 1
5821 1
5822 4
5823 1
5824 1
5825 1
5826 2
5827 1
5828 1
5829 1
5830 3
5831 1
5832 2
5833 1
5834 2
5835 1
5836 1
5837 1
5838 2
5839 1
5840 1
5841 1
5842 1
5843 2
5844 1
5845 3
5846 1
5847 2
5848 2
5849 1
5850 1
5851 2
5852 2
5853 2
5854 3
5855 2
5856 1
5857 1
5858 1
5859 1
5860 1
5861 2
5862 2
5863 2
5864 1
5865 1
5866 1
5867 2
5868 1
5869 3
5870 2
5871 2
5872 1
5873 1
5874 1
5875 2
5876 1
5877 1
5878 1
5879 2
5880 2
5881 1
5882 3
5883 1
5884 3
5885 1
5886 1
5887 1
5888 1
5889 1
5890 1
5891 1
5892 1
5893 3
5894 2
5895 1
5896 1
5897 1
5898 1
5899 1
5900 1
5901 1
5902 3
5903 2
5904 1
5905 2
5906 1
5907 1
5908 1
5909 2
5910 1
5911 2
5912 2
5913 1
5914 2
5915 1
5916 1
5917 1
5918 1
5919 1
5920 3
5921 1
5922 2
5923 1
5924 2
5925 2
5926 1
5927 2
5928 2
5929 2
5930 2
5931 3
5932 1
5933 2
5934 1
5935 1
5936 1
5937 2
5938 1
5939 1
5940 1
5941 2
5942 3
5943 4
5944 3
5945 1
5946 1
5947 2
5948 1
5949 2
5950 2
5951 1
5952 1
5953 3
5954 2
5955 1
5956 1
5957 2
5958 3
5959 2
5960 1
5961 2
5962 1
5963 1
5964 1
5965 1
5966 1
5967 1
5968 1
5969 2
5970 1
5971 2
5972 1
5973 1
5974 1
5975 2
5976 1
5977 1
5978 1
5979 1
5980 1
5981 2
5982 1
5983 1
5984 2
5985 1
5986 3
5987 1
5988 2
5989 1
5990 2
5991 2
5992 1
5993 3
5994 1
5995 3
5996 1
5997 1
5998 1
5999 2
6000 1
6001 2
6002 2
6003 1
6004 1
6005 3
6006 1
6007 1
6008 1
6009 3
6010 1
6011 2
6012 1
6013 3
6014 1
6015 2
6016 1
6017 2
6018 1
6019 1
6020 2
6021 2
6022 1
6023 1
6024 3
6025 1
6026 1
6027 2
6028 1
6029 1
6030 1
6031 1
6032 1
6033 1
6034 2
6035 1
6036 1
6037 3
6038 3
6039 2
6040 2
6041 1
6042 1
6043 1
6044 2
6045 1
6046 1
6047 1
6048 2
6049 1
6050 1
6051 1
6052 2
6053 1
6054 2
6055 2
6056 1
6057 3
6058 1
6059 1
6060 1
6061 1
6062 2
6063 2
6064 1
6065 2
6066 1
6067 1
6068 1
6069 1
6070 2
6071 1
6072 1
6073 2
6074 1
6075 1
6076 1
6077 2
6078 1
6079 1
6080 2
6081 1
6082 2
6083 1
6084 1
6085 1
6086 1
6087 2
6088 1
6089 1
6090 1
6091 1
6092 1
6093 1
6094 1
6095 1
6096 1
6097 1
6098 2
6099 1
6100 2
6101 2
6102 2
6103 2
6104 1
6105 2
6106 1
6107 3
6108 1
6109 2
6110 2
6111 1
6112 2
6113 2
6114 1
6115 1
6116 2
6117 1
6118 1
6119 1
6120 1
6121 1
6122 2
6123 3
6124 2
6125 1
6126 1
6127 2
6128 2
6129 1
6130 2
6131 1
6132 1
6133 2
6134 2
6135 1
6136 1
6137 1
6138 1
6139 2
6140 1
6141 1
6142 1
6143 3
6144 1
6145 1
6146 1
6147 1
6148 1
6149 2
6150 3
6151 2
6152 1
6153 1
6154 2
6155 1
6156 1
6157 1
6158 1
6159 1
6160 1
6161 2
6162 2
6163 2
6164 1
6165 1
6166 2
6167 1
6168 1
6169 2
6170 2
6171 2
6172 1
6173 2
6174 1
6175 1
6176 3
6177 1
6178 1
6179 1
6180 1
6181 2
6182 1
6183 1
6184 2
6185 2
6186 2
6187 2
6188 2
6189 1
6190 1
6191 3
6192 3
6193 1
6194 2
6195 1
6196 1
6197 1
6198 1
6199 2
6200 1
6201 1
6202 1
6203 2
6204 2
6205 2
6206 2
6207 1
6208 3
6209 1
6210 2
6211 2
6212 3
6213 1
6214 1
6215 1
6216 2
6217 2
6218 1
6219 3
6220 1
6221 1
6222 2
6223 1
6224 1
6225 2
6226 1
6227 1
6228 1
6229 1
6230 2
6231 1
6232 1
6233 1
6234 1
6235 1
6236 1
6237 2
6238 1
6239 1
6240 1
6241 2
6242 1
6243 2
6244 2
6245 1
6246 1
6247 4
6248 3
6249 3
6250 2
6251 1
6252 1
6253 3
6254 1
6255 1
6256 1
6257 3
6258 2
6259 2
6260 1
6261 2
6262 1
6263 3
6264 1
6265 1
6266 1
6267 1
6268 1
6269 1
6270 3
6271 2
6272 2
6273 1
6274 2
6275 2
6276 1
6277 1
6278 2
6279 2
6280 1
6281 2
6282 1
6283 1
6284 2
6285 2
6286 2
6287 1
6288 3
6289 1
6290 3
6291 2
6292 2
6293 1
6294 1
6295 1
6296 1
6297 2
6298 2
6299 3
6300 1
6301 1
6302 1
6303 1
6304 2
6305 2
6306 1
6307 2
6308 2
6309 1
6310 2
6311 1
6312 2
6313 1
6314 1
6315 1
6316 2
6317 2
6318 1
6319 2
6320 1
6321 1
6322 1
6323 1
6324 1
6325 5
6326 1
6327 1
6328 1
6329 2
6330 1
6331 1
6332 2
6333 1
6334 1
6335 1
6336 1
6337 1
6338 1
6339 1
6340 1
6341 1
6342 1
6343 1
6344 2
6345 2
6346 3
6347 1
6348 2
6349 1
6350 1
6351 1
6352 2
6353 1
6354 1
6355 1
6356 1
6357 3
6358 2
6359 2
6360 1
6361 1
6362 1
6363 1
6364 1
6365 1
6366 1
6367 1
6368 1
6369 2
6370 1
6371 2
6372 1
6373 1
6374 2
6375 1
6376 1
6377 1
6378 2
6379 1
6380 2
6381 3
6382 2
6383 1
6384 4
6385 2
6386 1
6387 1
6388 1
6389 2
6390 1
6391 1
6392 1
6393 2
6394 3
6395 2
6396 1
6397 1
6398 1
6399 1
6400 1
6401 1
6402 1
6403 2
6404 1
6405 1
6406 1
6407 1
6408 1
6409 2
6410 1
6411 1
6412 2
6413 1
6414 2
6415 1
6416 1
6417 3
6418 2
6419 1
6420 4
6421 1
6422 1
6423 2
6424 1
6425 1
6426 1
6427 1
6428 1
6429 1
6430 2
6431 2
6432 1
6433 1
6434 1
6435 1
6436 1
6437 1
6438 3
6439 2
6440 3
6441 2
6442 1
6443 1
6444 1
6445 2
6446 3
6447 1
6448 2
6449 1
6450 1
6451 1
6452 2
6453 3
6454 3
6455 1
6456 1
6457 2
6458 1
6459 1
6460 3
6461 1
6462 1
6463 2
6464 1
6465 1
6466 2
6467 4
6468 1
6469 2
6470 2
6471 3
6472 2
6473 1
6474 2
6475 2
6476 2
6477 1
6478 1
6479 3
6480 1
6481 2
6482 1
6483 1
6484 1
6485 1
6486 2
6487 1
6488 2
6489 1
6490 1
6491 2
6492 1
6493 2
6494 1
6495 2
6496 3
6497 1
6498 2
6499 1
6500 1
6501 1
6502 1
6503 1
6504 2
6505 1
6506 1
6507 3
6508 1
6509 3
6510 1
6511 2
6512 1
6513 2
6514 1
6515 2
6516 1
6517 1
6518 2
6519 1
6520 1
6521 1
6522 1
6523 1
6524 2
6525 1
6526 3
6527 1
6528 1
6529 2
6530 2
6531 1
6532 1
6533 1
6534 1
6535 1
6536 2
6537 1
6538 1
6539 2
6540 1
6541 3
6542 1
6543 2
6544 1
6545 2
6546 1
6547 2
6548 1
6549 1
6550 1
6551 2
6552 1
6553 3
6554 3
6555 2
6556 2
6557 1
6558 1
6559 2
6560 1
6561 1
6562 2
6563 2
6564 1
6565 1
6566 1
6567 1
6568 2
6569 1
6570 2
6571 3
6572 1
6573 1
6574 3
6575 1
6576 1
6577 1
6578 3
6579 1
6580 1
6581 1
6582 1
6583 1
6584 1
6585 1
6586 1
6587 1
6588 2
6589 2
6590 1
6591 3
6592 2
6593 1
6594 1
6595 2
6596 1
6597 1
6598 1
6599 1
6600 2
6601 1
6602 1
6603 1
6604 1
6605 2
6606 1
6607 1
6608 2
6609 1
6610 2
6611 1
6612 1
6613 1
6614 1
6615 1
6616 2
6617 1
6618 2
6619 1
6620 1
6621 1
6622 1
6623 1
6624 2
6625 1
6626 1
6627 2
6628 2
6629 1
6630 2
6631 1
6632 2
6633 1
6634 1
6635 2
6636 2
6637 1
6638 2
6639 1
6640 1
6641 2
6642 2
6643 3
6644 1
6645 1
6646 1
6647 1
6648 2
6649 1
6650 1
6651 3
6652 1
6653 1
6654 1
6655 3
6656 1
6657 1
6658 1
6659 1
6660 1
6661 1
6662 1
6663 1
6664 1
6665 2
6666 1
6667 1
6668 2
6669 1
6670 1
6671 2
6672 2
6673 1
6674 1
6675 1
6676 1
6677 1
6678 1
6679 1
6680 1
6681 1
6682 1
6683 1
6684 1
6685 1
6686 1
6687 2
6688 1
6689 2
6690 2
6691 1
6692 1
6693 1
6694 3
6695 1
6696 1
6697 2
6698 1
6699 1
6700 1
6701 3
6702 3
6703 1
6704 1
6705 1
6706 1
6707 1
6708 1
6709 1
6710 1
6711 1
6712 1
6713 1
6714 1
6715 1
6716 1
6717 1
6718 1
6719 1
6720 1
6721 2
6722 1
6723 1
6724 1
6725 2
6726 1
6727 3
6728 2
6729 2
6730 1
6731 2
6732 1
6733 2
6734 1
6735 1
6736 1
6737 1
6738 2
6739 1
6740 1
6741 1
6742 2
6743 1
6744 1
6745 1
6746 1
6747 1
6748 2
6749 2
6750 1
6751 1
6752 1
6753 1
6754 2
6755 1
6756 1
6757 1
6758 1
6759 1
6760 1
6761 1
6762 2
6763 1
6764 1
6765 1
6766 1
6767 1
6768 1
6769 2
6770 1
6771 1
6772 3
6773 1
6774 1
6775 1
6776 1
6777 2
6778 1
6779 2
6780 1
6781 3
6782 1
6783 1
6784 2
6785 1
6786 1
6787 2
6788 1
6789 1
6790 1
6791 1
6792 1
6793 1
6794 2
6795 1
6796 1
6797 1
6798 2
6799 1
6800 1
6801 1
6802 1
6803 2
6804 1
6805 3
6806 2
6807 2
6808 2
6809 1
6810 1
6811 1
6812 1
6813 1
6814 2
6815 1
6816 1
6817 2
6818 1
6819 1
6820 2
6821 2
6822 1
6823 1
6824 1
6825 1
6826 3
6827 1
6828 2
6829 2
6830 1
6831 1
6832 1
6833 1
6834 2
6835 1
6836 1
6837 1
6838 1
6839 1
6840 1
6841 2
6842 1
6843 1
6844 1
6845 1
6846 1
6847 1
6848 1
6849 3
6850 1
6851 1
6852 2
6853 2
6854 1
6855 2
6856 1
6857 1
6858 2
6859 1
6860 3
6861 1
6862 1
6863 2
6864 1
6865 2
6866 2
6867 1
6868 1
6869 1
6870 2
6871 1
6872 2
6873 1
6874 2
6875 1
6876 1
6877 1
6878 1
6879 2
6880 1
6881 1
6882 1
6883 2
6884 2
6885 2
6886 2
6887 2
6888 1
6889 1
6890 1
6891 1
6892 1
6893 1
6894 3
6895 1
6896 1
6897 1
6898 1
6899 1
6900 2
6901 1
6902 1
6903 1
6904 2
6905 2
6906 1
6907 1
6908 2
6909 1
6910 2
6911 1
6912 1
6913 1
6914 2
6915 1
6916 2
6917 2
6918 1
6919 2
6920 1
6921 1
6922 1
6923 1
6924 2
6925 1
6926 1
6927 3
6928 1
6929 1
6930 1
6931 1
6932 2
6933 1
6934 1
6935 1
6936 5
6937 1
6938 1
6939 2
6940 1
6941 1
6942 1
6943 1
6944 1
6945 1
6946 2
6947 1
6948 2
6949 1
6950 1
6951 1
6952 1
6953 3
6954 1
6955 1
6956 2
6957 1
6958 1
6959 1
6960 1
6961 2
6962 1
6963 3
6964 1
6965 4
6966 1
6967 1
6968 1
6969 2
6970 1
6971 3
6972 1
6973 2
6974 1
6975 1
6976 1
6977 1
6978 1
6979 1
6980 1
6981 1
6982 1
6983 1
6984 1
6985 2
6986 1
6987 2
6988 1
6989 2
6990 1
6991 1
6992 1
6993 1
6994 1
6995 1
6996 1
6997 1
6998 1
6999 1
7000 2
7001 1
7002 2
7003 1
7004 2
7005 2
7006 1
7007 1
7008 2
7009 1
7010 1
7011 3
7012 1
7013 2
7014 1
7015 1
7016 1
7017 2
7018 1
7019 2
7020 1
7021 1
7022 2
7023 1
7024 1
7025 1
7026 1
7027 1
7028 1
7029 3
7030 1
7031 2
7032 1
7033 1
7034 1
7035 2
7036 1
7037 1
7038 2
7039 1
7040 1
7041 1
7042 2
7043 1
7044 1
7045 1
7046 2
7047 2
7048 2
7049 1
7050 1
7051 1
7052 1
7053 1
7054 2
7055 1
7056 1
7057 1
7058 2
7059 1
7060 2
7061 1
7062 1
7063 1
7064 1
7065 1
7066 2
7067 1
7068 1
7069 1
7070 1
7071 1
7072 1
7073 2
7074 1
7075 2
7076 2
7077 1
7078 1
7079 1
7080 1
7081 2
7082 2
7083 1
7084 1
7085 1
7086 1
7087 1
7088 2
7089 1
7090 2
7091 1
7092 1
7093 2
7094 2
7095 4
7096 2
7097 1
7098 1
7099 3
7100 1
7101 1
7102 1
7103 1
7104 2
7105 1
7106 1
7107 2
7108 1
7109 1
7110 1
7111 1
7112 1
7113 2
7114 1
7115 1
7116 1
7117 1
7118 2
7119 1
7120 1
7121 1
7122 2
7123 2
7124 1
7125 1
7126 1
7127 1
7128 1
7129 1
7130 1
7131 1
7132 2
7133 1
7134 2
7135 3
7136 1
7137 1
7138 1
7139 2
7140 2
7141 2
7142 1
7143 1
7144 1
7145 1
7146 1
7147 1
7148 1
7149 1
7150 1
7151 1
7152 2
7153 2
7154 2
7155 2
7156 2
7157 3
7158 2
7159 1
7160 1
7161 1
7162 1
7163 1
7164 1
7165 3
7166 2
7167 1
7168 1
7169 1
7170 1
7171 3
7172 1
7173 1
7174 1
7175 1
7176 1
7177 1
7178 1
7179 1
7180 1
7181 1
7182 1
7183 1
7184 1
7185 2
7186 1
7187 2
7188 2
7189 1
7190 1
7191 1
7192 1
7193 1
7194 1
7195 1
7196 1
7197 1
7198 1
7199 1
7200 1
7201 1
7202 1
7203 2
7204 2
7205 1
7206 1
7207 1
7208 1
7209 1
7210 1
7211 1
7212 1
7213 1
7214 1
7215 1
7216 1
7217 1
7218 3
7219 1
7220 3
7221 1
7222 2
7223 1
7224 2
7225 1
7226 1
7227 1
7228 1
7229 1
7230 2
7231 2
7232 2
7233 1
7234 2
7235 1
7236 1
7237 1
7238 1
7239 2
7240 1
7241 1
7242 1
7243 1
7244 1
7245 2
7246 2
7247 2
7248 1
7249 1
7250 1
7251 1
7252 2
7253 2
7254 2
7255 2
7256 1
7257 1
7258 1
7259 2
7260 1
7261 1
7262 1
7263 1
7264 1
7265 1
7266 1
7267 3
7268 1
7269 1
7270 1
7271 1
7272 4
7273 2
7274 1
7275 1
7276 1
7277 1
7278 1
7279 2
7280 2
7281 1
7282 2
7283 3
7284 1
7285 1
7286 1
7287 2
7288 1
7289 1
7290 1
7291 1
7292 1
7293 1
7294 1
7295 2
7296 1
7297 1
7298 1
7299 1
7300 2
7301 1
7302 1
7303 1
7304 1
7305 1
7306 1
7307 1
7308 1
7309 1
7310 1
7311 2
7312 3
7313 1
7314 2
7315 1
7316 1
7317 1
7318 1
7319 2
7320 1
7321 1
7322 1
7323 1
7324 2
7325 1
7326 2
7327 1
7328 3
7329 1
7330 2
7331 1
7332 2
7333 2
7334 1
7335 2
7336 1
7337 1
7338 1
7339 1
7340 1
7341 2
7342 3
7343 1
7344 2
7345 1
7346 1
7347 1
7348 2
7349 1
7350 1
7351 1
7352 1
7353 3
7354 2
7355 2
7356 1
7357 1
7358 1
7359 1
7360 1
7361 1
7362 1
7363 1
7364 1
7365 2
7366 1
7367 1
7368 1
7369 1
7370 2
7371 1
7372 3
7373 3
7374 1
7375 1
7376 1
7377 1
7378 1
7379 1
7380 2
7381 1
7382 1
7383 1
7384 2
7385 1
7386 1
7387 2
7388 1
7389 1
7390 1
7391 1
7392 1
7393 1
7394 1
7395 1
7396 1
7397 1
7398 2
7399 1
7400 1
7401 1
7402 1
7403 1
7404 2
7405 1
7406 1
7407 2
7408 1
7409 1
7410 1
7411 1
7412 2
7413 1
7414 1
7415 3
7416 1
7417 2
7418 1
7419 2
7420 1
7421 1
7422 2
7423 1
7424 1
7425 1
7426 2
7427 1
7428 1
7429 1
7430 1
7431 1
7432 2
7433 1
7434 2
7435 1
7436 2
7437 1
7438 2
7439 2
7440 2
7441 2
7442 1
7443 2
7444 1
7445 2
7446 3
7447 1
7448 1
7449 2
7450 2
7451 1
7452 3
7453 1
7454 1
7455 1
7456 1
7457 1
7458 2
7459 1
7460 2
7461 1
7462 1
7463 1
7464 1
7465 3
7466 1
7467 1
7468 1
7469 1
7470 1
7471 1
7472 1
7473 3
7474 2
7475 2
7476 1
7477 1
7478 1
7479 1
7480 3
7481 1
7482 2
7483 1
7484 1
7485 1
7486 1
7487 1
7488 1
7489 1
7490 1
7491 1
7492 1
7493 1
7494 1
7495 1
7496 1
7497 1
7498 1
7499 1
7500 1
7501 1
7502 1
7503 1
7504 1
7505 1
7506 2
7507 1
7508 1
7509 1
7510 2
7511 2
7512 1
7513 1
7514 2
7515 3
7516 1
7517 1
7518 2
7519 1
7520 1
7521 1
7522 1
7523 1
7524 1
7525 1
7526 1
7527 1
7528 2
7529 1
7530 1
7531 1
7532 2
7533 1
7534 1
7535 1
7536 1
7537 2
7538 1
7539 1
7540 1
7541 1
7542 2
7543 1
7544 1
7545 1
7546 1
7547 2
7548 2
7549 1
7550 2
7551 1
7552 1
7553 1
7554 1
7555 1
7556 1
7557 1
7558 1
7559 2
7560 1
7561 1
7562 1
7563 1
7564 1
7565 2
7566 1
7567 1
7568 1
7569 1
7570 3
7571 1
7572 2
7573 2
7574 1
7575 1
7576 1
7577 1
7578 1
7579 1
7580 1
7581 1
7582 1
7583 1
7584 2
7585 1
7586 1
7587 1
7588 2
7589 1
7590 2
7591 1
7592 1
7593 1
7594 1
7595 1
7596 1
7597 1
7598 1
7599 1
7600 1
7601 1
7602 1
7603 2
7604 2
7605 2
7606 2
7607 1
7608 1
7609 1
7610 1
7611 1
7612 1
7613 1
7614 3
7615 2
7616 1
7617 1
7618 1
7619 2
7620 1
7621 1
7622 1
7623 1
7624 1
7625 1
7626 3
7627 2
7628 1
7629 1
7630 1
7631 1
7632 1
7633 2
7634 3
7635 2
7636 3
7637 1
7638 1
7639 1
7640 1
7641 1
7642 1
7643 2
7644 1
7645 1
7646 1
7647 1
7648 1
7649 1
7650 1
7651 1
7652 1
7653 1
7654 1
7655 1
7656 1
7657 1
7658 1
7659 1
7660 1
7661 1
7662 1
7663 1
7664 1
7665 2
7666 2
7667 1
7668 1
7669 1
7670 2
7671 1
7672 1
7673 1
7674 1
7675 2
7676 1
7677 1
7678 1
7679 2
7680 1
7681 1
7682 1
7683 1
7684 1
7685 1
7686 1
7687 1
7688 2
7689 2
7690 1
7691 1
7692 2
7693 1
7694 1
7695 1
7696 1
7697 1
7698 1
7699 1
7700 1
7701 1
7702 1
7703 1
7704 2
7705 1
7706 1
7707 1
7708 1
7709 1
7710 2
7711 1
7712 1
7713 1
7714 1
7715 1
7716 1
7717 1
7718 1
7719 1
7720 1
7721 1
7722 1
7723 1
7724 2
7725 2
7726 2
7727 1
7728 1
7729 1
7730 2
7731 1
7732 1
7733 1
7734 1
7735 1
7736 1
7737 1
7738 1
7739 2
7740 1
7741 1
7742 1
7743 1
7744 1
7745 1
7746 2
7747 2
7748 1
7749 1
7750 2
7751 1
7752 1
7753 2
7754 1
7755 1
7756 1
7757 1
7758 1
7759 1
7760 1
7761 2
7762 1
7763 1
7764 2
7765 2
7766 1
7767 1
7768 2
7769 1
7770 1
7771 2
7772 1
7773 1
7774 1
7775 1
7776 1
7777 1
7778 1
7779 1
7780 1
7781 1
7782 3
7783 2
7784 1
7785 1
7786 1
7787 1
7788 1
7789 1
7790 1
7791 2
7792 1
7793 1
7794 3
7795 1
7796 1
7797 1
7798 1
7799 1
7800 1
7801 1
7802 1
7803 1
7804 1
7805 1
7806 1
7807 1
7808 4
7809 1
7810 3
7811 1
7812 1
7813 1
7814 1
7815 2
7816 1
7817 1
7818 2
7819 1
7820 1
7821 1
7822 2
7823 1
7824 1
7825 1
7826 1
7827 2
7828 1
7829 1
7830 1
7831 1
7832 1
7833 1
7834 1
7835 1
7836 2
7837 1
7838 1
7839 2
7840 1
7841 1
7842 2
7843 2
7844 1
7845 2
7846 1
7847 1
7848 1
7849 1
7850 2
7851 1
7852 1
7853 2
7854 1
7855 1
7856 2
7857 1
7858 2
7859 1
7860 2
7861 1
7862 1
7863 1
7864 1
7865 1
7866 1
7867 1
7868 2
7869 1
7870 1
7871 1
7872 1
7873 1
7874 2
7875 1
7876 1
7877 1
7878 1
7879 1
7880 1
7881 1
7882 1
7883 1
7884 1
7885 1
7886 2
7887 1
7888 1
7889 1
7890 1
7891 1
7892 1
7893 1
7894 3
7895 1
7896 1
7897 1
7898 1
7899 1
7900 1
7901 2
7902 1
7903 1
7904 1
7905 1
7906 1
7907 1
7908 1
7909 3
7910 2
7911 2
7912 1
7913 1
7914 1
7915 1
7916 1
7917 1
7918 1
7919 1
7920 1
7921 2
7922 1
7923 2
7924 1
7925 1
7926 1
7927 1
7928 2
7929 1
7930 1
7931 1
7932 1
7933 1
7934 1
7935 1
7936 2
7937 1
7938 1
7939 2
7940 1
7941 2
7942 3
7943 1
7944 1
7945 1
7946 2
7947 1
7948 1
7949 1
7950 1
7951 1
7952 1
7953 1
7954 1
7955 1
7956 1
7957 2
7958 1
7959 1
7960 1
7961 1
7962 1
7963 2
7964 1
7965 1
7966 1
7967 1
7968 3
7969 2
7970 1
7971 2
7972 1
7973 2
7974 1
7975 3
7976 1
7977 1
7978 1
7979 1
7980 2
7981 1
7982 1
7983 1
7984 1
7985 2
7986 1
7987 1
7988 2
7989 1
7990 1
7991 1
7992 1
7993 1
7994 1
7995 2
7996 1
7997 2
7998 1
7999 1
8000 1
8001 1
8002 1
8003 1
8004 1
8005 1
8006 1
8007 1
8008 1
8009 1
8010 2
8011 1
8012 1
8013 1
8014 1
8015 1
8016 1
8017 1
8018 1
8019 1
8020 2
8021 1
8022 1
8023 1
8024 1
8025 2
8026 1
8027 1
8028 1
8029 1
8030 1
8031 1
8032 1
8033 2
8034 1
8035 1
8036 2
8037 1
8038 1
8039 1
8040 1
8041 1
8042 1
8043 1
8044 2
8045 1
8046 3
8047 1
8048 1
8049 1
8050 1
8051 1
8052 2
8053 1
8054 1
8055 2
8056 1
8057 1
8058 2
8059 1
8060 1
8061 1
8062 1
8063 1
8064 1
8065 1
8066 1
8067 1
8068 1
8069 1
8070 2
8071 1
8072 2
8073 1
8074 1
8075 1
8076 1
8077 1
8078 1
8079 1
8080 1
8081 1
8082 1
8083 1
8084 1
8085 1
8086 1
8087 1
8088 1
8089 1
8090 4
8091 1
8092 1
8093 2
8094 1
8095 1
8096 1
8097 1
8098 1
8099 1
8100 1
8101 1
8102 1
8103 1
8104 1
8105 1
8106 1
8107 1
8108 1
8109 2
8110 1
8111 1
8112 1
8113 1
8114 1
8115 1
8116 1
8117 1
8118 1
8119 1
8120 1
8121 1
8122 1
8123 1
8124 1
8125 1
8126 1
8127 2
8128 1
8129 1
8130 1
8131 1
8132 2
8133 1
8134 1
8135 2
8136 1
8137 1
8138 1
8139 1
8140 1
8141 1
8142 1
8143 1
8144 1
8145 2
8146 1
8147 1
8148 1
8149 1
8150 1
8151 2
8152 1
8153 1
8154 1
8155 1
8156 1
8157 1
8158 1
8159 1
8160 1
8161 1
8162 1
8163 1
8164 1
8165 1
8166 1
8167 1
8168 1
8169 1
8170 1
8171 1
8172 1
8173 1
8174 1
8175 1
8176 1
8177 1
8178 1
8179 2
8180 1
8181 1
8182 2
8183 1
8184 1
8185 1
8186 1
8187 1
8188 1
8189 1
8190 1
8191 1
8192 1
8193 1
8194 1
8195 1
8196 3
8197 1
8198 1
8199 1
8200 3
8201 1
8202 1
8203 1
8204 1
8205 1
8206 1
8207 1
8208 1
8209 1
8210 1
8211 1
8212 1
8213 1
8214 1
8215 1
8216 1
8217 1
8218 1
8219 2
8220 1
8221 1
8222 1
8223 2
8224 1
8225 1
8226 1
8227 1
8228 1
8229 1
8230 2
8231 1
8232 1
8233 1
8234 2
8235 1
8236 1
8237 2
8238 1
8239 1
8240 1
8241 2
8242 2
8243 1
8244 1
8245 1
8246 2
8247 2
8248 1
8249 1
8250 2
8251 1
8252 1
8253 1
8254 1
8255 1
8256 2
8257 1
8258 2
8259 2
8260 3
8261 1
8262 1
8263 1
8264 1
8265 1
8266 1
8267 3
8268 1
8269 3
8270 1
8271 1
8272 1
8273 1
8274 1
8275 2
8276 1
8277 1
8278 1
8279 1
8280 1
8281 1
8282 1
8283 1
8284 1
8285 1
8286 1
8287 2
8288 1
8289 1
8290 1
8291 1
8292 1
8293 1
8294 1
8295 2
8296 1
8297 1
8298 2
8299 1
8300 1
8301 1
8302 1
8303 1
8304 1
8305 1
8306 1
8307 1
8308 1
8309 1
8310 1
8311 2
8312 1
8313 1
8314 3
8315 2
8316 1
8317 1
8318 2
8319 1
8320 1
8321 2
8322 1
8323 1
8324 1
8325 1
8326 1
8327 2
8328 1
8329 1
8330 1
8331 1
8332 1
8333 1
8334 2
8335 1
8336 1
8337 1
8338 1
8339 1
8340 1
8341 1
8342 1
8343 1
8344 1
8345 1
8346 1
8347 1
8348 1
8349 1
8350 1
8351 1
8352 1
8353 1
8354 1
8355 2
8356 2
8357 1
8358 1
8359 2
8360 1
8361 1
8362 1
8363 1
8364 1
8365 1
8366 1
8367 1
8368 1
8369 1
8370 2
8371 1
8372 1
8373 1
8374 1
8375 1
8376 1
8377 1
8378 1
8379 1
8380 1
8381 1
8382 1
8383 1
8384 1
8385 1
8386 1
8387 1
8388 1
8389 1
8390 1
8391 1
8392 1
8393 2
8394 1
8395 1
8396 1
8397 1
8398 1
8399 1
8400 1
8401 1
8402 1
8403 1
8404 2
8405 1
8406 1
8407 1
8408 1
8409 1
8410 2
8411 1
8412 1
8413 2
8414 1
8415 2
8416 1
8417 1
8418 1
8419 1
8420 1
8421 1
8422 1
8423 1
8424 2
8425 1
8426 1
8427 1
8428 1
8429 3
8430 2
8431 1
8432 1
8433 1
8434 1
8435 1
8436 2
8437 2
8438 1
8439 1
8440 1
8441 1
8442 1
8443 1
8444 3
8445 1
8446 1
8447 1
8448 1
8449 1
8450 1
8451 1
8452 1
8453 1
8454 1
8455 1
8456 1
8457 1
8458 1
8459 2
8460 1
8461 1
8462 2
8463 1
8464 1
8465 1
8466 1
8467 1
8468 1
8469 1
8470 1
8471 1
8472 1
8473 1
8474 1
8475 2
8476 1
8477 2
8478 1
8479 2
8480 1
8481 1
8482 1
8483 2
8484 1
8485 1
8486 1
8487 1
8488 2
8489 1
8490 1
8491 1
8492 1
8493 1
8494 1
8495 1
8496 1
8497 2
8498 1
8499 1
8500 1
8501 1
8502 1
8503 1
8504 1
8505 1
8506 2
8507 1
8508 1
8509 1
8510 1
8511 1
8512 1
8513 1
8514 1
8515 1
8516 2
8517 1
8518 1
8519 1
8520 1
8521 2
8522 1
8523 1
8524 1
8525 1
8526 1
8527 1
8528 1
8529 1
8530 1
8531 1
8532 1
8533 1
8534 1
8535 1
8536 1
8537 4
8538 1
8539 2
8540 2
8541 1
8542 1
8543 1
8544 1
8545 1
8546 1
8547 2
8548 2
8549 1
8550 1
8551 2
8552 1
8553 1
8554 1
8555 1
8556 1
8557 2
8558 2
8559 1
8560 1
8561 1
8562 1
8563 1
8564 1
8565 1
8566 1
8567 1
8568 1
8569 1
8570 1
8571 1
8572 1
8573 2
8574 1
8575 1
8576 2
8577 1
8578 1
8579 1
8580 2
8581 1
8582 1
8583 1
8584 1
8585 1
8586 1
8587 1
8588 2
8589 1
8590 1
8591 1
8592 1
8593 2
8594 1
8595 2
8596 1
8597 2
8598 1
8599 2
8600 1
8601 1
8602 1
8603 1
8604 1
8605 1
8606 1
8607 1
8608 1
8609 1
8610 1
8611 2
8612 1
8613 1
8614 1
8615 1
8616 1
8617 1
8618 1
8619 3
8620 2
8621 1
8622 1
8623 1
8624 1
8625 1
8626 1
8627 1
8628 1
8629 1
8630 1
8631 1
8632 1
8633 1
8634 1
8635 1
8636 1
8637 1
8638 1
8639 1
8640 1
8641 1
8642 1
8643 1
8644 1
8645 1
8646 1
8647 1
8648 1
8649 1
8650 1
8651 1
8652 1
8653 1
8654 1
8655 1
8656 1
8657 1
8658 1
8659 1
8660 2
8661 1
8662 1
8663 1
8664 1
8665 1
8666 1
8667 1
8668 1
8669 1
8670 1
8671 1
8672 1
8673 1
8674 1
8675 1
8676 1
8677 1
8678 2
8679 2
8680 1
8681 1
8682 1
8683 1
8684 1
8685 1
8686 1
8687 1
8688 1
8689 1
8690 1
8691 1
8692 1
8693 1
8694 1
8695 1
8696 1
8697 2
8698 2
8699 1
8700 1
8701 2
8702 1
8703 2
8704 1
8705 1
8706 1
8707 1
8708 1
8709 1
8710 1
8711 2
8712 1
8713 1
8714 1
8715 1
8716 1
8717 1
8718 1
8719 1
8720 1
8721 1
8722 1
8723 1
8724 1
8725 1
8726 1
8727 2
8728 1
8729 2
8730 1
8731 1
8732 1
8733 1
8734 1
8735 1
8736 2
8737 1
8738 1
8739 2
8740 1
8741 1
8742 1
8743 1
8744 1
8745 1
8746 1
8747 1
8748 1
8749 1
8750 1
8751 2
8752 1
8753 1
8754 1
8755 1
8756 1
8757 1
8758 1
8759 1
8760 1
8761 2
8762 1
8763 1
8764 1
8765 2
8766 2
8767 1
8768 1
8769 1
8770 1
8771 1
8772 1
8773 1
8774 1
8775 1
8776 1
8777 1
8778 1
8779 1
8780 1
8781 1
8782 1
8783 2
8784 1
8785 1
8786 1
8787 2
8788 1
8789 1
8790 1
8791 1
8792 1
8793 1
8794 1
8795 1
8796 1
8797 1
8798 1
8799 1
8800 1
8801 1
8802 1
8803 1
8804 1
8805 1
8806 1
8807 1
8808 1
8809 1
8810 1
8811 1
8812 1
8813 2
8814 1
8815 2
8816 1
8817 1
8818 2
8819 1
8820 1
8821 1
8822 1
8823 1
8824 1
8825 1
8826 1
8827 1
8828 1
8829 1
8830 1
8831 1
8832 1
8833 1
8834 1
8835 1
8836 1
8837 1
8838 1
8839 1
8840 2
8841 2
8842 1
8843 1
8844 1
8845 1
8846 1
8847 1
8848 1
8849 2
8850 1
8851 2
8852 2
8853 1
8854 1
8855 1
8856 1
8857 1
8858 1
8859 1
8860 1
8861 1
8862 1
8863 1
8864 1
8865 1
8866 1
8867 1
8868 1
8869 1
8870 1
8871 2
8872 1
8873 1
8874 1
8875 1
8876 1
8877 1
8878 1
8879 1
8880 1
8881 1
8882 1
8883 2
8884 1
8885 1
8886 1
8887 1
8888 1
8889 1
8890 1
8891 2
8892 1
8893 1
8894 1
8895 1
8896 1
8897 1
8898 1
8899 1
8900 1
8901 1
8902 1
8903 1
8904 1
8905 1
8906 1
8907 1
8908 2
8909 1
8910 1
8911 1
8912 1
8913 1
8914 1
8915 1
8916 1
8917 1
8918 1
8919 2
8920 1
8921 1
8922 1
8923 1
8924 1
8925 2
8926 2
8927 1
8928 1
8929 1
8930 1
8931 1
8932 1
8933 1
8934 1
8935 1
8936 1
8937 1
8938 1
8939 1
8940 1
8941 1
8942 1
8943 1
8944 1
8945 1
8946 1
8947 1
8948 1
8949 2
8950 2
8951 1
8952 1
8953 1
8954 1
8955 1
8956 1
8957 1
8958 1
8959 1
8960 1
8961 1
8962 1
8963 1
8964 1
8965 1
8966 1
8967 1
8968 1
8969 1
8970 1
8971 1
8972 1
8973 1
8974 1
8975 1
8976 1
8977 1
8978 1
8979 1
8980 1
8981 1
8982 1
8983 3
8984 2
8985 1
8986 1
8987 1
8988 1
8989 2
8990 1
8991 1
8992 1
8993 1
8994 1
8995 1
8996 2
8997 2
8998 1
8999 1
9000 1
9001 2
9002 1
9003 2
9004 1
9005 1
9006 1
9007 1
9008 1
9009 1
9010 1
9011 1
9012 1
9013 1
9014 1
9015 1
9016 1
9017 1
9018 1
9019 1
9020 2
9021 1
9022 1
9023 1
9024 1
9025 1
9026 1
9027 1
9028 1
9029 1
9030 2
9031 1
9032 1
9033 1
9034 1
9035 1
9036 2
9037 1
9038 1
9039 1
9040 1
9041 1
9042 1
9043 2
9044 1
9045 1
9046 1
9047 1
9048 1
9049 1
9050 1
9051 1
9052 1
9053 1
9054 1
9055 1
9056 1
9057 1
9058 1
9059 1
9060 1
9061 1
9062 1
9063 1
9064 1
9065 1
9066 1
9067 1
9068 1
9069 1
9070 1
9071 1
9072 1
9073 1
9074 1
9075 1
9076 2
9077 1
9078 1
9079 1
9080 1
9081 1
9082 1
9083 1
9084 1
9085 1
9086 1
9087 1
9088 1
9089 2
9090 1
9091 1
9092 1
9093 1
9094 1
9095 1
9096 1
9097 1
9098 1
9099 1
9100 1
9101 1
9102 1
9103 2
9104 1
9105 1
9106 1
9107 1
9108 1
9109 1
9110 1
9111 1
9112 1
9113 1
9114 1
9115 1
9116 1
9117 1
9118 1
9119 1
9120 1
9121 1
9122 2
9123 1
9124 1
9125 1
9126 1
9127 1
9128 1
9129 1
9130 1
9131 1
9132 1
9133 1
9134 1
9135 1
9136 1
9137 1
9138 1
9139 1
9140 2
9141 2
9142 1
9143 2
9144 1
9145 1
9146 1
9147 1
9148 1
9149 2
9150 1
9151 1
9152 1
9153 1
9154 1
9155 1
9156 1
9157 1
9158 1
9159 1
9160 1
9161 1
9162 1
9163 1
9164 1
9165 1
9166 1
9167 1
9168 1
9169 1
9170 1
9171 1
9172 1
9173 1
9174 1
9175 1
9176 1
9177 1
9178 1
9179 2
9180 1
9181 1
9182 1
9183 1
9184 1
9185 1
9186 1
9187 1
9188 1
9189 1
9190 1
9191 1
9192 1
9193 1
9194 1
9195 1
9196 1
9197 1
9198 1
9199 1
9200 1
9201 1
9202 1
9203 1
9204 1
9205 1
9206 1
9207 1
9208 1
9209 1
9210 1
9211 1
9212 1
9213 1
9214 1
9215 1
9216 1
9217 1
9218 1
9219 1
9220 1
9221 1
9222 1
9223 1
9224 1
9225 1
9226 1
9227 1
9228 1
9229 1
9230 1
9231 1
9232 1
9233 1
9234 1
9235 1
9236 1
9237 1
9238 1
9239 1
9240 1
9241 1
9242 1
9243 1
9244 1
9245 1
9246 1
9247 1
9248 1
9249 1
9250 1
9251 1
9252 2
9253 1
9254 1
9255 1
9256 1
9257 1
9258 1
9259 1
9260 1
9261 1
9262 1
9263 1
9264 1
9265 1
9266 1
9267 1
9268 1
9269 1
9270 1
9271 2
9272 1
9273 2
9274 1
9275 1
9276 1
9277 1
9278 1
9279 1
9280 1
9281 1
9282 1
9283 1
9284 1
9285 1
9286 1
9287 1
9288 2
9289 2
9290 2
9291 1
9292 1
9293 1
9294 2
9295 1
9296 1
9297 1
9298 1
9299 1
9300 1
9301 1
9302 1
9303 1
9304 1
9305 1
9306 1
9307 1
9308 1
9309 1
9310 1
9311 1
9312 1
9313 2
9314 1
9315 1
9316 1
9317 1
9318 1
9319 1
9320 1
9321 1
9322 1
9323 1
9324 1
9325 1
9326 1
9327 2
9328 1
9329 1
9330 1
9331 1
9332 1
9333 1
9334 1
9335 1
9336 1
9337 1
9338 1
9339 1
9340 1
9341 1
9342 1
9343 1
9344 2
9345 1
9346 1
9347 2
9348 1
9349 1
9350 1
9351 1
9352 1
9353 1
9354 1
9355 1
9356 1
9357 1
9358 1
9359 2
9360 1
9361 1
9362 1
9363 1
9364 1
9365 1
9366 2
9367 1
9368 1
9369 1
9370 1
9371 1
9372 1
9373 1
9374 1
9375 1
9376 1
9377 1
9378 1
9379 1
9380 1
9381 2
9382 1
9383 1
9384 1
9385 1
9386 1
9387 1
9388 2
9389 1
9390 1
9391 1
9392 1
9393 1
9394 1
9395 1
9396 1
9397 1
9398 1
9399 1
9400 1
9401 1
9402 1
9403 1
9404 1
9405 1
9406 1
9407 1
9408 1
9409 1
9410 1
9411 1
9412 1
9413 1
9414 1
9415 1
9416 1
9417 2
9418 1
9419 1
9420 1
9421 1
9422 1
9423 1
9424 1
9425 1
9426 1
9427 1
9428 1
9429 1
9430 1
9431 1
9432 1
9433 1
9434 1
9435 1
9436 1
9437 1
9438 1
9439 1
9440 1
9441 1
9442 1
9443 1
9444 1
9445 1
9446 1
9447 1
9448 1
9449 2
9450 1
9451 1
9452 1
9453 2
9454 1
9455 1
9456 2
9457 1
9458 1
9459 1
9460 1
9461 1
9462 1
9463 1
9464 1
9465 1
9466 1
9467 1
9468 1
9469 1
9470 1
9471 1
9472 1
9473 1
9474 1
9475 1
9476 1
9477 1
9478 1
9479 1
9480 1
9481 1
9482 1
9483 2
9484 1
9485 1
9486 1
9487 1
9488 1
9489 1
9490 1
9491 1
9492 1
9493 1
9494 1
9495 1
9496 1
9497 1
9498 1
9499 1
9500 1
9501 1
9502 1
9503 1
9504 1
9505 1
9506 1
9507 1
9508 1
9509 1
9510 1
9511 1
9512 1
9513 1
9514 1
9515 1
9516 1
9517 2
9518 1
9519 1
9520 1
9521 1
9522 1
9523 1
9524 1
9525 1
9526 1
9527 1
9528 1
9529 1
9530 1
9531 1
9532 1
9533 1
9534 1
9535 1
9536 1
9537 1
9538 1
9539 1
9540 1
9541 1
9542 2
9543 1
9544 1
9545 1
9546 1
9547 1
9548 1
9549 1
9550 1
9551 1
9552 1
9553 1
9554 1
9555 1
9556 1
9557 1
9558 1
9559 1
9560 1
9561 1
9562 1
9563 1
9564 1
9565 1
9566 1
9567 1
9568 1
9569 1
9570 1
9571 1
9572 1
9573 1
9574 1
9575 1
9576 1
9577 1
9578 1
9579 1
9580 1
9581 1
9582 1
9583 1
9584 1
9585 1
9586 1
9587 1
9588 1
9589 1
9590 1
9591 1
9592 1
9593 1
9594 1
9595 1
9596 1
9597 2
9598 1
9599 1
9600 1
9601 1
9602 1
9603 1
9604 1
9605 1
9606 2
9607 1
9608 1
9609 1
9610 1
9611 1
9612 1
9613 1
9614 1
9615 1
9616 1
9617 1
9618 1
9619 1
9620 1
9621 1
9622 1
9623 1
9624 1
9625 1
9626 1
9627 1
9628 1
9629 1
9630 1
9631 1
9632 1
9633 1
9634 1
9635 1
9636 1
9637 1
9638 1
9639 1
9640 1
9641 1
9642 1
9643 1
9644 1
9645 1
9646 1
9647 1
9648 1
9649 1
9650 1
9651 1
9652 1
9653 1
9654 1
9655 1
9656 1
9657 1
9658 1
9659 1
9660 1
9661 1
9662 1
9663 1
9664 1
9665 1
9666 1
9667 1
9668 1
9669 1
9670 1
9671 1
9672 1
9673 1
9674 1
9675 1
9676 1
9677 1
9678 1
9679 1
9680 1
9681 1
9682 1
9683 1
9684 2
9685 1
9686 1
9687 1
9688 1
9689 1
9690 1
9691 1
9692 1
9693 1
9694 1
9695 1
9696 1
9697 1
9698 1
9699 1
9700 1
9701 2
9702 1
9703 1
9704 1
9705 1
9706 1
9707 1
9708 1
9709 1
9710 1
9711 1
9712 1
9713 1
9714 1
9715 1
9716 1
9717 2
9718 1
9719 1
9720 1
9721 1
9722 1
9723 1
9724 1
9725 1
9726 1
9727 1
9728 1
9729 1
9730 1
9731 1
9732 1
9733 1
9734 1
9735 1
9736 1
9737 1
9738 1
9739 1
9740 1
9741 1
9742 1
9743 1
9744 1
9745 1
9746 1
9747 1
9748 1
9749 1
9750 1
9751 1
9752 1
9753 1
9754 1
9755 1
9756 2
9757 1
9758 1
9759 1
9760 1
9761 1
9762 1
9763 1
9764 1
9765 1
9766 1
9767 1
9768 1
9769 1
9770 1
9771 1
9772 2
9773 1
9774 1
9775 1
9776 1
9777 1
9778 1
9779 1
9780 1
9781 2
9782 1
9783 1
9784 2
9785 1
9786 1
9787 1
9788 1
9789 1
9790 1
9791 1
9792 1
9793 1
9794 1
9795 1
9796 1
9797 1
9798 1
9799 1
9800 1
9801 1
9802 1
9803 1
9804 1
9805 1
9806 1
9807 1
9808 1
9809 1
9810 1
9811 1
9812 1
9813 1
9814 1
9815 1
9816 1
9817 1
9818 1
9819 1
9820 1
9821 1
9822 1
9823 1
9824 1
9825 1
9826 1
9827 1
9828 1
9829 1
9830 1
9831 1
9832 1
9833 1
9834 1
9835 1
9836 1
9837 1
9838 1
9839 1
9840 1
9841 1
9842 1
9843 1
9844 1
9845 1
9846 1
9847 1
9848 1
9849 1
9850 1
9851 1
9852 1
9853 1
9854 1
9855 1
9856 1
9857 1
9858 1
9859 1
9860 1
9861 1
9862 1
9863 1
9864 1
9865 1
9866 1
9867 1
9868 1
9869 1
9870 1
9871 1
9872 1
9873 1
9874 1
9875 1
9876 1
9877 1
9878 1
9879 1
9880 1
9881 1
9882 1
9883 1
9884 1
9885 1
9886 1
9887 1
9888 1
9889 1
9890 1
9891 1
9892 1
9893 1
9894 1
9895 1
9896 1
9897 1
9898 1
9899 1
9900 1
9901 1
9902 1
9903 1
9904 1
9905 1
9906 1
9907 1
9908 1
9909 1
9910 1
9911 1
9912 1
9913 1
9914 1
9915 1
9916 1
9917 1
9918 1
9919 1
9920 1
9921 1
9922 1
9923 1
9924 1
9925 1
9926 1
9927 1
9928 1
9929 1
9930 1
9931 1
9932 1
9933 1
9934 1
9935 1
9936 1
9937 1
9938 1
9939 1
9940 1
9941 1
9942 1
9943 1
9944 1
9945 1
9946 1
9947 1
9948 1
9949 1
9950 1
9951 1
9952 1
9953 1
9954 1
9955 1
9956 1
9957 1
9958 1
9959 1
9960 1
9961 1
9962 1
9963 1
9964 1
9965 1
9966 1
9967 1
9968 1
9969 1
9970 1
9971 1
9972 1
9973 1
9974 1
9975 1
9976 1
9977 1
9978 1
9979 1
9980 1
9981 1
9982 1
9983 1
9984 1
9985 1
9986 1
9987 1
9988 1
9989 1
9990 1
9991 1
9992 1
9993 1
9994 1
9995 1
9996 1
9997 1
9998 1
9999 1
10000 1
