1 1
2 2
3 2
4 2
5 3
6 3
7 3
8 3
9 3
10 3
11 4
12 4
13 4
14 4
15 4
16 4
17 4
18 4
19 4
20 4
21 4
22 4
23 4
24 4
25 4
26 4
27 4
28 4
29 4
30 4
31 4
32 4
33 4
34 5
35 5
36 5
37 5
38 5
39 5
40 5
41 5
42 5
43 5
44 5
45 5
46 5
47 5
48 5
49 5
50 5
51 5
52 5
53 5
54 5
55 5
56 5
57 5
58 5
59 5
60 5
61 5
62 5
63 5
64 5
65 5
66 5
67 5
68 5
69 5
70 5
71 5
72 5
73 5
74 5
75 5
76 5
77 5
78 5
79 5
80 5
81 5
82 5
83 5
84 5
85 5
86 5
87 5
88 5
89 5
90 5
91 5
92 5
93 5
94 5
95 5
96 5
97 5
98 5
99 5
100 5
101 5
102 5
103 5
104 5
105 5
106 5
107 5
108 5
109 5
110 5
111 5
112 5
113 5
114 5
115 5
116 5
117 5
118 5
119 5
120 5
121 5
122 5
123 5
124 5
125 5
126 5
127 5
128 5
129 5
130 5
131 5
132 5
133 5
134 5
135 5
136 5
137 5
138 5
139 5
140 5
141 5
142 5
143 5
144 5
145 5
146 5
147 5
148 5
149 5
150 5
151 5
152 5
153 5
154 5
155 5
156 5
157 5
158 5
159 5
160 5
161 5
162 5
163 5
164 5
165 5
166 5
167 5
168 5
169 5
170 5
171 5
172 5
173 5
174 5
175 5
176 5
177 5
178 5
179 5
180 5
181 5
182 5
183 5
184 5
185 5
186 5
187 5
188 5
189 5
190 5
191 5
192 5
193 5
194 5
195 5
196 5
197 5
198 5
199 5
200 5
201 5
202 5
203 5
204 5
205 5
206 5
207 5
208 5
209 5
210 5
211 5
212 5
213 5
214 5
215 5
216 5
217 5
218 5
219 5
220 5
221 5
222 5
223 5
224 5
225 5
226 5
227 5
228 5
229 5
230 5
231 5
232 5
233 5
234 5
235 5
236 5
237 5
238 5
239 5
240 5
241 5
242 5
243 5
244 5
245 5
246 5
247 5
248 5
249 5
250 5
251 5
252 5
253 5
254 5
255 5
256 5
257 5
258 5
259 5
260 5
261 5
262 5
263 5
264 5
265 5
266 5
267 5
268 5
269 5
270 5
271 5
272 5
273 5
274 5
275 5
276 5
277 5
278 5
279 5
280 5
281 5
282 5
283 5
284 5
285 5
286 5
287 5
288 5
289 5
290 5
291 5
292 5
293 5
294 5
295 5
296 5
297 5
298 5
299 5
300 5
301 5
302 5
303 5
304 5
305 5
306 5
307 5
308 5
309 5
310 5
311 5
312 5
313 5
314 6
315 6
316 6
317 6
318 6
319 6
320 6
321 6
322 6
323 6
324 6
325 6
326 6
327 6
328 6
329 6
330 6
331 6
332 6
333 6
334 6
335 6
336 6
337 6
338 6
339 6
340 6
341 6
342 6
343 6
344 6
345 6
346 6
347 6
348 6
349 6
350 6
351 6
352 6
353 6
354 6
355 6
356 6
357 6
358 6
359 6
360 6
361 6
362 6
363 6
364 6
365 6
366 6
367 6
368 6
369 6
370 6
371 6
372 6
373 6
374 6
375 6
376 6
377 6
378 6
379 6
380 6
381 6
382 6
383 6
384 6
385 6
386 6
387 6
388 6
389 6
390 6
391 6
392 6
393 6
394 6
395 6
396 6
397 6
398 6
399 6
400 6
401 6
402 6
403 6
404 6
405 6
406 6
407 6
408 6
409 6
410 6
411 6
412 6
413 6
414 6
415 6
416 6
417 6
418 6
419 6
420 6
421 6
422 6
423 6
424 6
425 6
426 6
427 6
428 6
429 6
430 6
431 6
432 6
433 6
434 6
435 6
436 6
437 6
438 6
439 6
440 6
441 6
442 6
443 6
444 6
445 6
446 6
447 6
448 6
449 6
450 6
451 6
452 6
453 6
454 6
455 6
456 6
457 6
458 6
459 6
460 6
461 6
462 6
463 6
464 6
465 6
466 6
467 6
468 6
469 6
470 6
471 6
472 6
473 6
474 6
475 6
476 6
477 6
478 6
479 6
480 6
481 6
482 6
483 6
484 6
485 6
486 6
487 6
488 6
489 6
490 6
491 6
492 6
493 6
494 6
495 6
496 6
497 6
498 6
499 6
500 6
501 6
502 6
503 6
504 6
505 6
506 6
507 6
508 6
509 6
510 6
511 6
512 6
513 6
514 6
515 6
516 6
517 6
518 6
519 6
520 6
521 6
522 6
523 6
524 6
525 6
526 6
527 6
528 6
529 6
530 6
531 6
532 6
533 6
534 6
535 6
536 6
537 6
538 6
539 6
540 6
541 6
542 6
543 6
544 6
545 6
546 6
547 6
548 6
549 6
550 6
551 6
552 6
553 6
554 6
555 6
556 6
557 6
558 6
559 6
560 6
561 6
562 6
563 6
564 6
565 6
566 6
567 6
568 6
569 6
570 6
571 6
572 6
573 6
574 6
575 6
576 6
577 6
578 6
579 6
580 6
581 6
582 6
583 6
584 6
585 6
586 6
587 6
588 6
589 6
590 6
591 6
592 6
593 6
594 6
595 6
596 6
597 6
598 6
599 6
600 6
601 6
602 6
603 6
604 6
605 6
606 6
607 6
608 6
609 6
610 6
611 6
612 6
613 6
614 6
615 6
616 6
617 6
618 6
619 6
620 6
621 6
622 6
623 6
624 6
625 6
626 6
627 6
628 6
629 6
630 6
631 6
632 6
633 6
634 7
635 7
636 7
637 7
638 7
639 7
640 7
641 7
642 7
643 7
644 7
645 7
646 7
647 7
648 7
649 7
650 7
651 7
652 7
653 7
654 7
655 7
656 7
657 7
658 7
659 7
660 7
661 7
662 7
663 7
664 7
665 7
666 7
667 7
668 7
669 7
670 7
671 7
672 7
673 7
674 7
675 7
676 7
677 7
678 7
679 7
680 7
681 7
682 7
683 7
684 7
685 7
686 7
687 7
688 7
689 7
690 7
691 7
692 7
693 7
694 7
695 7
696 7
697 7
698 7
699 7
700 7
701 7
702 7
703 7
704 7
705 7
706 7
707 7
708 7
709 7
710 7
711 7
712 7
713 7
714 7
715 7
716 7
717 7
718 7
719 7
720 7
721 7
722 7
723 7
724 7
725 7
726 7
727 7
728 7
729 7
730 7
731 7
732 7
733 7
734 7
735 7
736 7
737 7
738 7
739 7
740 7
741 7
742 7
743 7
744 7
745 7
746 7
747 7
748 7
749 7
750 7
751 7
752 7
753 7
754 7
755 7
756 7
757 7
758 7
759 7
760 7
761 7
762 7
763 7
764 7
765 7
766 7
767 7
768 7
769 7
770 7
771 7
772 7
773 7
774 7
775 7
776 7
777 7
778 7
779 7
780 7
781 7
782 8
783 8
784 8
785 8
786 8
787 8
788 8
789 8
790 8
791 8
792 8
793 8
794 8
795 8
796 8
797 8
798 8
799 8
800 8
801 8
802 8
803 8
804 8
805 8
806 8
807 8
808 9
809 9
810 9
811 9
812 9
813 9
814 9
815 9
816 9
817 9
818 9
819 9
820 9
821 9
822 9
823 9
824 9
825 9
826 9
827 9
828 9
829 9
830 9
831 9
832 9
833 9
834 9
835 9
836 9
837 9
838 9
839 9
840 9
841 9
842 9
843 9
844 9
845 9
846 9
847 9
848 9
849 9
850 9
851 9
852 9
853 9
854 9
855 9
856 9
857 9
858 9
859 9
860 9
861 9
862 9
863 9
864 9
865 9
866 9
867 9
868 9
869 9
870 9
871 9
872 9
873 9
874 9
875 9
876 9
877 9
878 9
879 9
880 9
881 9
882 9
883 9
884 9
885 9
886 9
887 9
888 9
889 9
890 9
891 9
892 9
893 9
894 9
895 9
896 9
897 9
898 9
899 9
900 9
901 9
902 9
903 9
904 9
905 9
906 9
907 9
908 9
909 9
910 9
911 9
912 9
913 9
914 9
915 9
916 9
917 9
918 9
919 9
920 9
921 9
922 9
923 9
924 9
925 9
926 9
927 9
928 9
929 9
930 9
931 9
932 9
933 9
934 9
935 9
936 9
937 9
938 9
939 9
940 9
941 9
942 9
943 9
944 9
945 9
946 9
947 9
948 9
949 9
950 9
951 9
952 9
953 9
954 9
955 9
956 9
957 9
958 9
959 9
960 9
961 9
962 9
963 9
964 9
965 9
966 9
967 9
968 9
969 9
970 9
971 9
972 9
973 9
974 9
975 9
976 9
977 9
978 9
979 9
980 9
981 9
982 9
983 9
984 9
985 9
986 9
987 9
988 9
989 9
990 9
991 9
992 9
993 9
994 9
995 9
996 9
997 9
998 9
999 9
1000 9
1001 9
1002 9
1003 9
1004 9
1005 9
1006 9
1007 9
1008 9
1009 9
1010 9
1011 9
1012 9
1013 9
1014 9
1015 9
1016 9
1017 9
1018 9
1019 9
1020 9
1021 9
1022 9
1023 9
1024 9
1025 9
1026 9
1027 9
1028 9
1029 9
1030 9
1031 9
1032 9
1033 9
1034 9
1035 9
1036 9
1037 9
1038 9
1039 9
1040 9
1041 9
1042 9
1043 9
1044 9
1045 9
1046 9
1047 9
1048 9
1049 9
1050 9
1051 9
1052 9
1053 9
1054 9
1055 9
1056 9
1057 9
1058 9
1059 9
1060 9
1061 9
1062 9
1063 9
1064 9
1065 9
1066 9
1067 9
1068 9
1069 9
1070 9
1071 9
1072 9
1073 9
1074 9
1075 9
1076 9
1077 9
1078 9
1079 9
1080 9
1081 9
1082 9
1083 9
1084 9
1085 9
1086 9
1087 9
1088 9
1089 9
1090 9
1091 9
1092 9
1093 9
1094 9
1095 9
1096 9
1097 9
1098 9
1099 9
1100 9
1101 9
1102 9
1103 9
1104 9
1105 9
1106 9
1107 9
1108 9
1109 9
1110 9
1111 9
1112 9
1113 9
1114 9
1115 9
1116 9
1117 9
1118 9
1119 9
1120 9
1121 9
1122 9
1123 9
1124 9
1125 9
1126 9
1127 9
1128 9
1129 9
1130 9
1131 9
1132 9
1133 9
1134 9
1135 9
1136 9
1137 9
1138 9
1139 9
1140 9
1141 9
1142 9
1143 9
1144 9
1145 9
1146 9
1147 9
1148 9
1149 9
1150 9
1151 9
1152 9
1153 9
1154 9
1155 9
1156 9
1157 9
1158 9
1159 9
1160 9
1161 9
1162 9
1163 9
1164 9
1165 9
1166 9
1167 9
1168 9
1169 9
1170 9
1171 9
1172 9
1173 9
1174 9
1175 9
1176 9
1177 9
1178 9
1179 9
1180 9
1181 9
1182 9
1183 9
1184 9
1185 9
1186 9
1187 9
1188 9
1189 9
1190 9
1191 9
1192 9
1193 9
1194 9
1195 9
1196 9
1197 9
1198 9
1199 9
1200 9
1201 9
1202 9
1203 9
1204 9
1205 9
1206 9
1207 9
1208 9
1209 9
1210 9
1211 9
1212 9
1213 9
1214 9
1215 9
1216 9
1217 9
1218 9
1219 9
1220 9
1221 9
1222 9
1223 9
1224 9
1225 9
1226 9
1227 9
1228 9
1229 9
1230 9
1231 9
1232 9
1233 9
1234 9
1235 9
1236 9
1237 9
1238 9
1239 9
1240 9
1241 9
1242 9
1243 9
1244 9
1245 9
1246 9
1247 9
1248 9
1249 9
1250 9
1251 9
1252 9
1253 9
1254 9
1255 9
1256 9
1257 9
1258 9
1259 9
1260 9
1261 9
1262 9
1263 9
1264 9
1265 9
1266 9
1267 9
1268 9
1269 9
1270 9
1271 9
1272 9
1273 9
1274 9
1275 9
1276 9
1277 9
1278 9
1279 9
1280 9
1281 9
1282 9
1283 9
1284 9
1285 9
1286 9
1287 9
1288 9
1289 9
1290 9
1291 9
1292 9
1293 9
1294 9
1295 9
1296 9
1297 9
1298 9
1299 9
1300 9
1301 9
1302 9
1303 9
1304 9
1305 9
1306 9
1307 9
1308 9
1309 9
1310 9
1311 9
1312 9
1313 9
1314 9
1315 9
1316 9
1317 9
1318 9
1319 9
1320 9
1321 9
1322 9
1323 9
1324 9
1325 9
1326 9
1327 9
1328 9
1329 9
1330 9
1331 9
1332 9
1333 9
1334 9
1335 9
1336 9
1337 9
1338 9
1339 9
1340 9
1341 9
1342 9
1343 9
1344 9
1345 9
1346 9
1347 9
1348 9
1349 9
1350 9
1351 9
1352 9
1353 9
1354 9
1355 9
1356 9
1357 9
1358 9
1359 9
1360 9
1361 9
1362 9
1363 9
1364 9
1365 9
1366 9
1367 9
1368 9
1369 9
1370 9
1371 9
1372 9
1373 9
1374 9
1375 9
1376 9
1377 9
1378 9
1379 9
1380 9
1381 9
1382 9
1383 9
1384 9
1385 9
1386 9
1387 9
1388 9
1389 9
1390 9
1391 9
1392 9
1393 9
1394 9
1395 9
1396 9
1397 9
1398 9
1399 9
1400 9
1401 9
1402 9
1403 9
1404 9
1405 9
1406 9
1407 9
1408 9
1409 9
1410 9
1411 9
1412 9
1413 9
1414 9
1415 9
1416 9
1417 9
1418 9
1419 9
1420 9
1421 9
1422 9
1423 9
1424 9
1425 9
1426 9
1427 9
1428 9
1429 9
1430 9
1431 9
1432 9
1433 9
1434 9
1435 9
1436 9
1437 9
1438 9
1439 9
1440 9
1441 9
1442 9
1443 9
1444 9
1445 9
1446 9
1447 9
1448 9
1449 9
1450 9
1451 9
1452 9
1453 9
1454 9
1455 9
1456 9
1457 9
1458 9
1459 9
1460 9
1461 9
1462 9
1463 9
1464 9
1465 9
1466 9
1467 9
1468 9
1469 9
1470 9
1471 9
1472 9
1473 9
1474 9
1475 9
1476 9
1477 9
1478 9
1479 9
1480 9
1481 9
1482 9
1483 9
1484 9
1485 9
1486 9
1487 9
1488 9
1489 9
1490 9
1491 9
1492 9
1493 9
1494 9
1495 9
1496 9
1497 9
1498 9
1499 9
1500 9
1501 9
1502 9
1503 9
1504 9
1505 9
1506 9
1507 9
1508 9
1509 9
1510 9
1511 9
1512 9
1513 9
1514 9
1515 9
1516 9
1517 9
1518 9
1519 9
1520 9
1521 9
1522 9
1523 9
1524 9
1525 9
1526 9
1527 9
1528 9
1529 9
1530 9
1531 9
1532 9
1533 9
1534 9
1535 9
1536 9
1537 9
1538 9
1539 9
1540 9
1541 9
1542 9
1543 9
1544 9
1545 9
1546 9
1547 9
1548 9
1549 9
1550 9
1551 9
1552 9
1553 9
1554 9
1555 9
1556 9
1557 9
1558 9
1559 9
1560 9
1561 9
1562 9
1563 9
1564 9
1565 9
1566 9
1567 9
1568 9
1569 9
1570 9
1571 9
1572 9
1573 9
1574 9
1575 9
1576 9
1577 9
1578 9
1579 9
1580 9
1581 9
1582 9
1583 9
1584 9
1585 9
1586 9
1587 9
1588 9
1589 9
1590 9
1591 9
1592 9
1593 9
1594 9
1595 9
1596 9
1597 9
1598 9
1599 9
1600 9
1601 9
1602 9
1603 9
1604 9
1605 9
1606 9
1607 9
1608 9
1609 9
1610 9
1611 9
1612 9
1613 9
1614 9
1615 9
1616 9
1617 9
1618 9
1619 9
1620 9
1621 9
1622 9
1623 9
1624 9
1625 9
1626 9
1627 9
1628 9
1629 9
1630 9
1631 9
1632 9
1633 9
1634 9
1635 9
1636 9
1637 9
1638 9
1639 9
1640 9
1641 9
1642 9
1643 9
1644 9
1645 9
1646 9
1647 9
1648 9
1649 9
1650 9
1651 9
1652 9
1653 9
1654 9
1655 9
1656 9
1657 9
1658 9
1659 9
1660 9
1661 9
1662 9
1663 9
1664 9
1665 9
1666 9
1667 9
1668 9
1669 9
1670 9
1671 9
1672 9
1673 9
1674 9
1675 9
1676 9
1677 9
1678 9
1679 9
1680 9
1681 9
1682 9
1683 9
1684 9
1685 9
1686 9
1687 9
1688 9
1689 9
1690 9
1691 9
1692 9
1693 9
1694 9
1695 9
1696 9
1697 9
1698 9
1699 9
1700 9
1701 9
1702 9
1703 9
1704 9
1705 9
1706 9
1707 9
1708 9
1709 9
1710 9
1711 9
1712 9
1713 9
1714 9
1715 9
1716 9
1717 9
1718 9
1719 9
1720 9
1721 9
1722 9
1723 9
1724 9
1725 9
1726 9
1727 9
1728 9
1729 9
1730 9
1731 9
1732 9
1733 9
1734 9
1735 9
1736 9
1737 9
1738 9
1739 9
1740 9
1741 9
1742 9
1743 9
1744 9
1745 9
1746 9
1747 9
1748 9
1749 9
1750 9
1751 9
1752 9
1753 9
1754 9
1755 9
1756 9
1757 9
1758 9
1759 9
1760 9
1761 9
1762 9
1763 9
1764 9
1765 9
1766 9
1767 9
1768 9
1769 9
1770 9
1771 9
1772 9
1773 9
1774 9
1775 9
1776 9
1777 9
1778 9
1779 9
1780 9
1781 9
1782 9
1783 9
1784 9
1785 9
1786 9
1787 9
1788 9
1789 9
1790 9
1791 9
1792 9
1793 9
1794 9
1795 9
1796 9
1797 9
1798 9
1799 9
1800 9
1801 9
1802 9
1803 9
1804 9
1805 9
1806 9
1807 9
1808 9
1809 9
1810 9
1811 9
1812 9
1813 9
1814 9
1815 9
1816 9
1817 9
1818 9
1819 9
1820 9
1821 9
1822 9
1823 9
1824 9
1825 9
1826 9
1827 9
1828 9
1829 9
1830 9
1831 9
1832 9
1833 9
1834 9
1835 9
1836 9
1837 9
1838 9
1839 9
1840 9
1841 9
1842 9
1843 9
1844 9
1845 9
1846 9
1847 9
1848 9
1849 9
1850 9
1851 9
1852 9
1853 9
1854 9
1855 9
1856 9
1857 9
1858 9
1859 9
1860 9
1861 9
1862 9
1863 9
1864 9
1865 9
1866 9
1867 9
1868 9
1869 9
1870 9
1871 9
1872 9
1873 9
1874 9
1875 9
1876 9
1877 9
1878 9
1879 9
1880 9
1881 9
1882 9
1883 9
1884 9
1885 9
1886 9
1887 9
1888 9
1889 9
1890 9
1891 9
1892 9
1893 9
1894 9
1895 9
1896 9
1897 9
1898 9
1899 9
1900 9
1901 9
1902 9
1903 9
1904 9
1905 9
1906 9
1907 9
1908 9
1909 9
1910 9
1911 9
1912 9
1913 9
1914 9
1915 9
1916 9
1917 9
1918 9
1919 9
1920 9
1921 9
1922 9
1923 9
1924 9
1925 9
1926 9
1927 9
1928 9
1929 9
1930 9
1931 9
1932 9
1933 9
1934 9
1935 9
1936 9
1937 9
1938 9
1939 9
1940 9
1941 9
1942 9
1943 9
1944 9
1945 9
1946 9
1947 9
1948 9
1949 9
1950 9
1951 9
1952 9
1953 9
1954 9
1955 9
1956 9
1957 9
1958 9
1959 9
1960 9
1961 9
1962 9
1963 9
1964 9
1965 9
1966 9
1967 9
1968 9
1969 9
1970 9
1971 9
1972 9
1973 9
1974 9
1975 9
1976 9
1977 9
1978 9
1979 9
1980 9
1981 9
1982 9
1983 9
1984 9
1985 9
1986 9
1987 9
1988 9
1989 9
1990 9
1991 9
1992 9
1993 9
1994 9
1995 9
1996 9
1997 9
1998 9
1999 9
2000 9
2001 9
2002 9
2003 9
2004 9
2005 9
2006 9
2007 9
2008 9
2009 9
2010 9
2011 9
2012 9
2013 9
2014 9
2015 9
2016 9
2017 9
2018 9
2019 9
2020 9
2021 9
2022 9
2023 9
2024 9
2025 9
2026 9
2027 9
2028 9
2029 9
2030 9
2031 9
2032 9
2033 9
2034 9
2035 9
2036 9
2037 9
2038 9
2039 9
2040 9
2041 9
2042 9
2043 9
2044 9
2045 9
2046 9
2047 9
2048 9
2049 9
2050 9
2051 9
2052 9
2053 9
2054 9
2055 9
2056 9
2057 9
2058 9
2059 9
2060 9
2061 9
2062 9
2063 9
2064 9
2065 9
2066 9
2067 9
2068 9
2069 9
2070 9
2071 9
2072 9
2073 9
2074 9
2075 9
2076 9
2077 9
2078 9
2079 9
2080 9
2081 9
2082 9
2083 9
2084 9
2085 9
2086 9
2087 9
2088 9
2089 9
2090 9
2091 9
2092 9
2093 9
2094 9
2095 9
2096 9
2097 9
2098 9
2099 9
2100 9
2101 9
2102 9
2103 9
2104 9
2105 9
2106 9
2107 9
2108 9
2109 9
2110 9
2111 9
2112 9
2113 9
2114 9
2115 9
2116 9
2117 9
2118 9
2119 9
2120 9
2121 9
2122 9
2123 9
2124 9
2125 9
2126 9
2127 9
2128 9
2129 9
2130 9
2131 9
2132 9
2133 9
2134 9
2135 9
2136 9
2137 9
2138 9
2139 9
2140 9
2141 9
2142 9
2143 9
2144 9
2145 9
2146 9
2147 9
2148 9
2149 9
2150 9
2151 9
2152 9
2153 9
2154 9
2155 9
2156 9
2157 9
2158 9
2159 9
2160 9
2161 9
2162 9
2163 9
2164 9
2165 9
2166 9
2167 9
2168 9
2169 9
2170 9
2171 9
2172 9
2173 9
2174 9
2175 9
2176 9
2177 9
2178 9
2179 9
2180 9
2181 9
2182 9
2183 9
2184 9
2185 9
2186 9
2187 9
2188 9
2189 9
2190 9
2191 9
2192 9
2193 9
2194 9
2195 9
2196 9
2197 9
2198 9
2199 9
2200 9
2201 9
2202 9
2203 9
2204 9
2205 9
2206 9
2207 9
2208 9
2209 9
2210 9
2211 9
2212 9
2213 9
2214 9
2215 9
2216 9
2217 9
2218 9
2219 9
2220 9
2221 9
2222 9
2223 9
2224 9
2225 9
2226 9
2227 9
2228 9
2229 9
2230 9
2231 9
2232 9
2233 9
2234 9
2235 9
2236 9
2237 9
2238 9
2239 9
2240 9
2241 9
2242 9
2243 9
2244 9
2245 9
2246 9
2247 9
2248 9
2249 9
2250 9
2251 9
2252 9
2253 9
2254 9
2255 9
2256 9
2257 9
2258 9
2259 9
2260 9
2261 9
2262 9
2263 9
2264 9
2265 9
2266 9
2267 9
2268 9
2269 9
2270 9
2271 9
2272 9
2273 9
2274 9
2275 9
2276 9
2277 9
2278 9
2279 9
2280 9
2281 9
2282 9
2283 9
2284 9
2285 9
2286 9
2287 9
2288 9
2289 9
2290 9
2291 9
2292 9
2293 9
2294 9
2295 9
2296 9
2297 9
2298 9
2299 9
2300 9
2301 9
2302 9
2303 9
2304 9
2305 9
2306 9
2307 9
2308 9
2309 9
2310 9
2311 9
2312 9
2313 9
2314 9
2315 9
2316 9
2317 9
2318 9
2319 9
2320 9
2321 9
2322 9
2323 9
2324 9
2325 9
2326 9
2327 9
2328 9
2329 9
2330 9
2331 9
2332 9
2333 9
2334 9
2335 9
2336 9
2337 9
2338 9
2339 9
2340 9
2341 9
2342 9
2343 9
2344 9
2345 9
2346 9
2347 9
2348 9
2349 9
2350 9
2351 9
2352 9
2353 9
2354 9
2355 9
2356 9
2357 9
2358 9
2359 9
2360 9
2361 9
2362 9
2363 9
2364 9
2365 9
2366 9
2367 9
2368 9
2369 9
2370 9
2371 9
2372 9
2373 9
2374 9
2375 9
2376 9
2377 9
2378 9
2379 9
2380 9
2381 9
2382 9
2383 9
2384 9
2385 9
2386 9
2387 9
2388 9
2389 9
2390 9
2391 9
2392 9
2393 9
2394 9
2395 9
2396 9
2397 9
2398 9
2399 9
2400 9
2401 9
2402 9
2403 9
2404 9
2405 9
2406 9
2407 9
2408 9
2409 9
2410 9
2411 9
2412 9
2413 9
2414 9
2415 9
2416 9
2417 9
2418 9
2419 9
2420 9
2421 9
2422 9
2423 9
2424 9
2425 9
2426 9
2427 9
2428 9
2429 9
2430 9
2431 9
2432 9
2433 9
2434 9
2435 9
2436 9
2437 9
2438 9
2439 9
2440 9
2441 9
2442 9
2443 9
2444 9
2445 9
2446 9
2447 9
2448 9
2449 9
2450 9
2451 9
2452 9
2453 9
2454 9
2455 9
2456 9
2457 9
2458 9
2459 9
2460 9
2461 9
2462 9
2463 9
2464 9
2465 9
2466 9
2467 9
2468 9
2469 9
2470 9
2471 9
2472 9
2473 9
2474 9
2475 9
2476 9
2477 9
2478 9
2479 9
2480 9
2481 9
2482 9
2483 9
2484 9
2485 9
2486 9
2487 9
2488 9
2489 9
2490 9
2491 9
2492 9
2493 9
2494 9
2495 9
2496 9
2497 9
2498 9
2499 9
2500 9
2501 9
2502 9
2503 9
2504 9
2505 9
2506 9
2507 9
2508 9
2509 9
2510 9
2511 9
2512 9
2513 9
2514 9
2515 9
2516 9
2517 9
2518 9
2519 9
2520 9
2521 9
2522 9
2523 9
2524 9
2525 9
2526 9
2527 9
2528 9
2529 9
2530 9
2531 9
2532 9
2533 9
2534 9
2535 9
2536 9
2537 9
2538 9
2539 9
2540 9
2541 9
2542 9
2543 9
2544 9
2545 9
2546 9
2547 9
2548 9
2549 9
2550 9
2551 9
2552 9
2553 9
2554 9
2555 9
2556 9
2557 9
2558 9
2559 9
2560 9
2561 9
2562 9
2563 9
2564 9
2565 9
2566 9
2567 9
2568 9
2569 9
2570 9
2571 9
2572 9
2573 9
2574 9
2575 9
2576 9
2577 9
2578 9
2579 9
2580 9
2581 9
2582 9
2583 9
2584 9
2585 9
2586 9
2587 9
2588 9
2589 9
2590 9
2591 9
2592 9
2593 9
2594 9
2595 9
2596 9
2597 9
2598 9
2599 9
2600 9
2601 9
2602 9
2603 9
2604 9
2605 9
2606 9
2607 9
2608 9
2609 9
2610 9
2611 9
2612 9
2613 9
2614 9
2615 9
2616 9
2617 9
2618 9
2619 9
2620 9
2621 9
2622 9
2623 9
2624 9
2625 9
2626 9
2627 9
2628 9
2629 9
2630 9
2631 9
2632 9
2633 9
2634 9
2635 9
2636 9
2637 9
2638 9
2639 9
2640 9
2641 9
2642 9
2643 9
2644 9
2645 9
2646 9
2647 9
2648 9
2649 9
2650 9
2651 9
2652 9
2653 9
2654 9
2655 9
2656 9
2657 9
2658 9
2659 9
2660 9
2661 9
2662 9
2663 9
2664 9
2665 9
2666 9
2667 9
2668 9
2669 9
2670 9
2671 9
2672 9
2673 9
2674 9
2675 9
2676 9
2677 9
2678 9
2679 9
2680 9
2681 9
2682 9
2683 9
2684 9
2685 9
2686 9
2687 9
2688 9
2689 9
2690 9
2691 9
2692 9
2693 9
2694 9
2695 9
2696 9
2697 9
2698 9
2699 9
2700 9
2701 9
2702 9
2703 9
2704 9
2705 9
2706 9
2707 9
2708 9
2709 9
2710 9
2711 9
2712 9
2713 9
2714 9
2715 9
2716 9
2717 9
2718 9
2719 9
2720 9
2721 9
2722 9
2723 9
2724 9
2725 9
2726 9
2727 9
2728 9
2729 9
2730 9
2731 9
2732 9
2733 9
2734 9
2735 9
2736 9
2737 9
2738 9
2739 9
2740 9
2741 9
2742 9
2743 9
2744 9
2745 9
2746 9
2747 9
2748 9
2749 9
2750 9
2751 9
2752 9
2753 9
2754 9
2755 9
2756 9
2757 9
2758 9
2759 9
2760 9
2761 9
2762 9
2763 9
2764 9
2765 9
2766 9
2767 9
2768 9
2769 9
2770 9
2771 9
2772 9
2773 9
2774 9
2775 9
2776 9
2777 9
2778 9
2779 9
2780 9
2781 9
2782 9
2783 9
2784 9
2785 9
2786 9
2787 9
2788 9
2789 9
2790 9
2791 9
2792 9
2793 9
2794 9
2795 9
2796 9
2797 9
2798 9
2799 9
2800 9
2801 9
2802 9
2803 9
2804 9
2805 9
2806 9
2807 9
2808 9
2809 9
2810 9
2811 9
2812 9
2813 9
2814 9
2815 9
2816 9
2817 9
2818 9
2819 9
2820 9
2821 9
2822 9
2823 9
2824 9
2825 9
2826 9
2827 9
2828 9
2829 9
2830 9
2831 9
2832 9
2833 9
2834 9
2835 9
2836 9
2837 9
2838 9
2839 9
2840 9
2841 9
2842 9
2843 9
2844 9
2845 9
2846 9
2847 9
2848 9
2849 9
2850 9
2851 9
2852 9
2853 9
2854 9
2855 9
2856 9
2857 9
2858 9
2859 9
2860 9
2861 9
2862 9
2863 9
2864 9
2865 9
2866 9
2867 9
2868 9
2869 9
2870 9
2871 9
2872 9
2873 9
2874 9
2875 9
2876 9
2877 9
2878 9
2879 9
2880 9
2881 9
2882 9
2883 9
2884 9
2885 9
2886 9
2887 9
2888 9
2889 9
2890 9
2891 9
2892 9
2893 9
2894 9
2895 9
2896 9
2897 9
2898 9
2899 9
2900 9
2901 9
2902 9
2903 9
2904 9
2905 9
2906 9
2907 9
2908 9
2909 9
2910 9
2911 9
2912 9
2913 9
2914 9
2915 9
2916 9
2917 9
2918 9
2919 9
2920 9
2921 9
2922 9
2923 9
2924 9
2925 9
2926 9
2927 9
2928 9
2929 9
2930 9
2931 9
2932 9
2933 9
2934 9
2935 9
2936 9
2937 9
2938 9
2939 9
2940 9
2941 9
2942 9
2943 9
2944 9
2945 9
2946 9
2947 9
2948 9
2949 9
2950 9
2951 9
2952 9
2953 9
2954 9
2955 9
2956 9
2957 9
2958 9
2959 9
2960 9
2961 9
2962 9
2963 9
2964 9
2965 9
2966 9
2967 9
2968 9
2969 9
2970 9
2971 9
2972 9
2973 9
2974 9
2975 9
2976 9
2977 9
2978 9
2979 9
2980 9
2981 9
2982 9
2983 9
2984 9
2985 9
2986 9
2987 9
2988 9
2989 9
2990 9
2991 9
2992 9
2993 9
2994 9
2995 9
2996 9
2997 9
2998 9
2999 9
3000 9
3001 9
3002 9
3003 9
3004 9
3005 9
3006 9
3007 9
3008 9
3009 9
3010 9
3011 9
3012 9
3013 9
3014 9
3015 9
3016 9
3017 9
3018 9
3019 9
3020 9
3021 9
3022 9
3023 9
3024 9
3025 9
3026 9
3027 9
3028 9
3029 9
3030 9
3031 9
3032 9
3033 9
3034 9
3035 9
3036 9
3037 9
3038 9
3039 9
3040 9
3041 9
3042 9
3043 9
3044 9
3045 9
3046 9
3047 9
3048 9
3049 9
3050 9
3051 9
3052 9
3053 9
3054 9
3055 9
3056 9
3057 9
3058 9
3059 9
3060 9
3061 9
3062 9
3063 9
3064 9
3065 9
3066 9
3067 9
3068 9
3069 9
3070 9
3071 9
3072 9
3073 9
3074 9
3075 9
3076 9
3077 9
3078 9
3079 9
3080 9
3081 9
3082 9
3083 9
3084 9
3085 9
3086 9
3087 9
3088 9
3089 9
3090 9
3091 9
3092 9
3093 9
3094 9
3095 9
3096 9
3097 9
3098 9
3099 9
3100 9
3101 9
3102 9
3103 9
3104 9
3105 9
3106 9
3107 9
3108 9
3109 9
3110 9
3111 9
3112 9
3113 9
3114 9
3115 9
3116 9
3117 9
3118 9
3119 9
3120 9
3121 9
3122 9
3123 9
3124 9
3125 9
3126 9
3127 9
3128 9
3129 9
3130 9
3131 9
3132 9
3133 9
3134 9
3135 9
3136 9
3137 9
3138 9
3139 9
3140 9
3141 9
3142 9
3143 9
3144 9
3145 9
3146 9
3147 9
3148 9
3149 9
3150 9
3151 9
3152 9
3153 9
3154 9
3155 9
3156 9
3157 9
3158 9
3159 9
3160 9
3161 9
3162 9
3163 9
3164 9
3165 9
3166 9
3167 9
3168 9
3169 9
3170 9
3171 9
3172 9
3173 9
3174 9
3175 9
3176 9
3177 9
3178 9
3179 9
3180 9
3181 9
3182 9
3183 9
3184 9
3185 9
3186 9
3187 9
3188 9
3189 9
3190 9
3191 9
3192 9
3193 9
3194 9
3195 9
3196 9
3197 9
3198 9
3199 9
3200 9
3201 9
3202 9
3203 9
3204 9
3205 9
3206 9
3207 9
3208 9
3209 9
3210 9
3211 9
3212 9
3213 9
3214 9
3215 9
3216 9
3217 9
3218 9
3219 9
3220 9
3221 9
3222 9
3223 9
3224 9
3225 9
3226 9
3227 9
3228 9
3229 9
3230 9
3231 9
3232 9
3233 9
3234 9
3235 9
3236 9
3237 9
3238 9
3239 9
3240 9
3241 9
3242 9
3243 9
3244 9
3245 9
3246 9
3247 9
3248 9
3249 9
3250 9
3251 9
3252 9
3253 9
3254 9
3255 9
3256 9
3257 9
3258 9
3259 9
3260 9
3261 9
3262 9
3263 9
3264 9
3265 9
3266 9
3267 9
3268 9
3269 9
3270 9
3271 9
3272 9
3273 9
3274 9
3275 9
3276 9
3277 9
3278 9
3279 9
3280 9
3281 9
3282 9
3283 9
3284 9
3285 9
3286 9
3287 9
3288 9
3289 9
3290 9
3291 9
3292 9
3293 9
3294 9
3295 9
3296 9
3297 9
3298 9
3299 9
3300 9
3301 9
3302 9
3303 9
3304 9
3305 9
3306 9
3307 9
3308 9
3309 9
3310 9
3311 9
3312 9
3313 9
3314 9
3315 9
3316 9
3317 9
3318 9
3319 9
3320 9
3321 9
3322 9
3323 9
3324 9
3325 9
3326 9
3327 9
3328 9
3329 9
3330 9
3331 9
3332 9
3333 9
3334 9
3335 9
3336 9
3337 9
3338 9
3339 9
3340 9
3341 9
3342 9
3343 9
3344 9
3345 9
3346 9
3347 9
3348 9
3349 9
3350 9
3351 9
3352 9
3353 9
3354 9
3355 9
3356 9
3357 9
3358 9
3359 9
3360 9
3361 9
3362 9
3363 9
3364 9
3365 9
3366 9
3367 9
3368 9
3369 9
3370 9
3371 9
3372 9
3373 9
3374 9
3375 9
3376 9
3377 9
3378 9
3379 9
3380 9
3381 9
3382 9
3383 9
3384 9
3385 9
3386 9
3387 9
3388 9
3389 9
3390 9
3391 9
3392 9
3393 9
3394 9
3395 9
3396 9
3397 9
3398 9
3399 9
3400 9
3401 9
3402 9
3403 9
3404 9
3405 9
3406 9
3407 9
3408 9
3409 9
3410 9
3411 9
3412 9
3413 9
3414 9
3415 9
3416 9
3417 9
3418 9
3419 9
3420 9
3421 9
3422 9
3423 9
3424 9
3425 9
3426 9
3427 9
3428 9
3429 9
3430 9
3431 9
3432 9
3433 9
3434 9
3435 9
3436 9
3437 9
3438 9
3439 9
3440 9
3441 9
3442 9
3443 9
3444 9
3445 9
3446 9
3447 9
3448 9
3449 9
3450 9
3451 9
3452 9
3453 9
3454 9
3455 9
3456 9
3457 9
3458 9
3459 9
3460 9
3461 9
3462 9
3463 9
3464 9
3465 9
3466 9
3467 9
3468 9
3469 9
3470 9
3471 9
3472 9
3473 9
3474 9
3475 9
3476 9
3477 9
3478 9
3479 9
3480 9
3481 9
3482 9
3483 9
3484 9
3485 9
3486 9
3487 9
3488 9
3489 9
3490 9
3491 9
3492 9
3493 9
3494 9
3495 9
3496 9
3497 9
3498 9
3499 9
3500 9
3501 9
3502 9
3503 9
3504 9
3505 9
3506 9
3507 9
3508 9
3509 9
3510 9
3511 9
3512 9
3513 9
3514 9
3515 9
3516 9
3517 9
3518 9
3519 9
3520 9
3521 9
3522 9
3523 9
3524 9
3525 9
3526 9
3527 9
3528 9
3529 9
3530 9
3531 9
3532 9
3533 9
3534 9
3535 9
3536 9
3537 9
3538 9
3539 9
3540 9
3541 9
3542 9
3543 9
3544 9
3545 9
3546 9
3547 9
3548 9
3549 9
3550 9
3551 9
3552 9
3553 9
3554 9
3555 9
3556 9
3557 9
3558 9
3559 9
3560 9
3561 9
3562 9
3563 9
3564 9
3565 9
3566 9
3567 9
3568 9
3569 9
3570 9
3571 9
3572 9
3573 9
3574 9
3575 9
3576 9
3577 9
3578 9
3579 9
3580 9
3581 9
3582 9
3583 9
3584 9
3585 9
3586 9
3587 9
3588 9
3589 9
3590 9
3591 9
3592 9
3593 9
3594 9
3595 9
3596 9
3597 9
3598 9
3599 9
3600 9
3601 9
3602 9
3603 9
3604 9
3605 9
3606 9
3607 9
3608 9
3609 9
3610 9
3611 9
3612 9
3613 9
3614 9
3615 9
3616 9
3617 9
3618 9
3619 9
3620 9
3621 9
3622 9
3623 9
3624 9
3625 9
3626 9
3627 9
3628 9
3629 9
3630 9
3631 9
3632 9
3633 9
3634 9
3635 9
3636 9
3637 9
3638 9
3639 9
3640 9
3641 9
3642 9
3643 9
3644 9
3645 9
3646 9
3647 9
3648 9
3649 9
3650 9
3651 9
3652 9
3653 9
3654 9
3655 9
3656 9
3657 9
3658 9
3659 9
3660 9
3661 9
3662 9
3663 9
3664 9
3665 9
3666 9
3667 9
3668 9
3669 9
3670 9
3671 9
3672 9
3673 9
3674 9
3675 9
3676 9
3677 9
3678 9
3679 9
3680 9
3681 9
3682 9
3683 9
3684 9
3685 9
3686 9
3687 9
3688 9
3689 9
3690 9
3691 9
3692 9
3693 9
3694 9
3695 9
3696 9
3697 9
3698 9
3699 9
3700 9
3701 9
3702 9
3703 9
3704 9
3705 9
3706 9
3707 9
3708 9
3709 9
3710 9
3711 9
3712 9
3713 9
3714 9
3715 9
3716 9
3717 9
3718 9
3719 9
3720 9
3721 9
3722 9
3723 9
3724 9
3725 9
3726 9
3727 9
3728 9
3729 9
3730 9
3731 9
3732 9
3733 9
3734 9
3735 9
3736 9
3737 9
3738 9
3739 9
3740 9
3741 9
3742 9
3743 9
3744 9
3745 9
3746 9
3747 9
3748 9
3749 9
3750 9
3751 9
3752 9
3753 9
3754 9
3755 9
3756 9
3757 9
3758 9
3759 9
3760 9
3761 9
3762 9
3763 9
3764 9
3765 9
3766 9
3767 9
3768 9
3769 9
3770 9
3771 9
3772 9
3773 9
3774 9
3775 9
3776 9
3777 9
3778 9
3779 9
3780 9
3781 9
3782 9
3783 9
3784 9
3785 9
3786 9
3787 9
3788 9
3789 9
3790 9
3791 9
3792 9
3793 9
3794 9
3795 9
3796 9
3797 9
3798 9
3799 9
3800 9
3801 9
3802 9
3803 9
3804 9
3805 9
3806 9
3807 9
3808 9
3809 9
3810 9
3811 9
3812 9
3813 9
3814 9
3815 9
3816 9
3817 9
3818 9
3819 9
3820 9
3821 9
3822 9
3823 9
3824 9
3825 9
3826 9
3827 9
3828 9
3829 9
3830 9
3831 9
3832 9
3833 9
3834 9
3835 9
3836 9
3837 9
3838 9
3839 9
3840 9
3841 9
3842 9
3843 9
3844 9
3845 9
3846 9
3847 9
3848 9
3849 9
3850 9
3851 9
3852 9
3853 9
3854 9
3855 9
3856 9
3857 9
3858 9
3859 9
3860 9
3861 9
3862 9
3863 9
3864 9
3865 9
3866 9
3867 9
3868 9
3869 9
3870 9
3871 9
3872 9
3873 9
3874 9
3875 9
3876 9
3877 9
3878 9
3879 9
3880 9
3881 9
3882 9
3883 9
3884 9
3885 9
3886 9
3887 9
3888 9
3889 9
3890 9
3891 9
3892 9
3893 9
3894 9
3895 9
3896 9
3897 9
3898 9
3899 9
3900 9
3901 9
3902 9
3903 9
3904 9
3905 9
3906 9
3907 9
3908 9
3909 9
3910 9
3911 9
3912 9
3913 9
3914 9
3915 9
3916 9
3917 9
3918 9
3919 9
3920 9
3921 9
3922 9
3923 9
3924 9
3925 9
3926 9
3927 9
3928 9
3929 9
3930 9
3931 9
3932 9
3933 9
3934 9
3935 9
3936 9
3937 9
3938 9
3939 9
3940 9
3941 9
3942 9
3943 9
3944 9
3945 9
3946 9
3947 9
3948 9
3949 9
3950 9
3951 9
3952 9
3953 9
3954 9
3955 9
3956 9
3957 9
3958 9
3959 9
3960 9
3961 9
3962 9
3963 9
3964 9
3965 9
3966 9
3967 9
3968 9
3969 9
3970 9
3971 9
3972 9
3973 9
3974 9
3975 9
3976 9
3977 9
3978 9
3979 9
3980 9
3981 9
3982 9
3983 9
3984 9
3985 9
3986 9
3987 9
3988 9
3989 9
3990 9
3991 9
3992 9
3993 9
3994 9
3995 9
3996 9
3997 9
3998 9
3999 9
4000 9
4001 9
4002 9
4003 9
4004 9
4005 9
4006 9
4007 9
4008 9
4009 9
4010 9
4011 9
4012 9
4013 9
4014 9
4015 9
4016 9
4017 9
4018 9
4019 9
4020 9
4021 9
4022 9
4023 9
4024 9
4025 9
4026 9
4027 9
4028 9
4029 9
4030 9
4031 9
4032 9
4033 9
4034 9
4035 9
4036 9
4037 9
4038 9
4039 9
4040 9
4041 9
4042 9
4043 9
4044 9
4045 9
4046 9
4047 9
4048 9
4049 9
4050 9
4051 9
4052 9
4053 9
4054 9
4055 9
4056 9
4057 9
4058 9
4059 9
4060 9
4061 9
4062 9
4063 9
4064 9
4065 9
4066 9
4067 9
4068 9
4069 9
4070 9
4071 9
4072 9
4073 9
4074 9
4075 9
4076 9
4077 9
4078 9
4079 9
4080 9
4081 9
4082 9
4083 9
4084 9
4085 9
4086 9
4087 9
4088 9
4089 9
4090 9
4091 9
4092 9
4093 9
4094 9
4095 9
4096 9
4097 9
4098 9
4099 9
4100 9
4101 9
4102 9
4103 9
4104 9
4105 9
4106 9
4107 9
4108 9
4109 9
4110 9
4111 9
4112 9
4113 9
4114 9
4115 9
4116 9
4117 9
4118 9
4119 9
4120 9
4121 9
4122 9
4123 9
4124 9
4125 9
4126 9
4127 9
4128 9
4129 9
4130 9
4131 9
4132 9
4133 9
4134 9
4135 9
4136 10
4137 10
4138 10
4139 10
4140 10
4141 10
4142 10
4143 10
4144 10
4145 10
4146 10
4147 10
4148 10
4149 10
4150 10
4151 10
4152 10
4153 10
4154 10
4155 10
4156 10
4157 10
4158 10
4159 10
4160 10
4161 10
4162 10
4163 10
4164 10
4165 10
4166 10
4167 10
4168 10
4169 10
4170 10
4171 10
4172 10
4173 10
4174 10
4175 10
4176 10
4177 10
4178 10
4179 10
4180 10
4181 10
4182 10
4183 10
4184 10
4185 10
4186 10
4187 10
4188 10
4189 10
4190 10
4191 10
4192 10
4193 10
4194 10
4195 10
4196 10
4197 10
4198 10
4199 10
4200 10
4201 10
4202 10
4203 10
4204 10
4205 10
4206 10
4207 10
4208 10
4209 10
4210 10
4211 10
4212 10
4213 10
4214 10
4215 10
4216 10
4217 10
4218 10
4219 10
4220 10
4221 10
4222 10
4223 10
4224 10
4225 10
4226 10
4227 10
4228 10
4229 10
4230 10
4231 10
4232 10
4233 10
4234 10
4235 10
4236 10
4237 10
4238 10
4239 10
4240 10
4241 10
4242 10
4243 10
4244 10
4245 10
4246 10
4247 10
4248 10
4249 10
4250 10
4251 10
4252 10
4253 10
4254 10
4255 10
4256 10
4257 10
4258 10
4259 10
4260 10
4261 10
4262 10
4263 10
4264 10
4265 10
4266 10
4267 10
4268 10
4269 10
4270 10
4271 10
4272 10
4273 10
4274 10
4275 10
4276 10
4277 10
4278 10
4279 10
4280 10
4281 10
4282 10
4283 10
4284 10
4285 10
4286 10
4287 10
4288 10
4289 10
4290 10
4291 10
4292 10
4293 10
4294 10
4295 10
4296 10
4297 10
4298 10
4299 10
4300 10
4301 10
4302 10
4303 10
4304 10
4305 10
4306 10
4307 10
4308 10
4309 10
4310 10
4311 10
4312 10
4313 10
4314 10
4315 10
4316 10
4317 10
4318 10
4319 10
4320 10
4321 10
4322 10
4323 10
4324 10
4325 10
4326 10
4327 10
4328 10
4329 10
4330 10
4331 10
4332 10
4333 10
4334 10
4335 10
4336 10
4337 10
4338 10
4339 10
4340 10
4341 10
4342 10
4343 10
4344 10
4345 10
4346 10
4347 10
4348 10
4349 10
4350 10
4351 10
4352 10
4353 10
4354 10
4355 10
4356 10
4357 10
4358 10
4359 10
4360 10
4361 10
4362 10
4363 10
4364 10
4365 10
4366 10
4367 10
4368 10
4369 10
4370 10
4371 10
4372 10
4373 10
4374 10
4375 10
4376 10
4377 10
4378 10
4379 10
4380 10
4381 10
4382 10
4383 10
4384 10
4385 10
4386 10
4387 10
4388 10
4389 10
4390 10
4391 10
4392 10
4393 10
4394 10
4395 10
4396 10
4397 10
4398 10
4399 10
4400 10
4401 10
4402 10
4403 10
4404 10
4405 10
4406 10
4407 10
4408 10
4409 10
4410 10
4411 10
4412 10
4413 10
4414 10
4415 10
4416 10
4417 10
4418 10
4419 10
4420 10
4421 10
4422 10
4423 10
4424 10
4425 10
4426 10
4427 10
4428 10
4429 10
4430 10
4431 10
4432 10
4433 10
4434 10
4435 10
4436 10
4437 10
4438 10
4439 10
4440 10
4441 10
4442 10
4443 10
4444 10
4445 10
4446 10
4447 10
4448 10
4449 10
4450 10
4451 10
4452 10
4453 10
4454 10
4455 10
4456 10
4457 10
4458 10
4459 10
4460 10
4461 10
4462 10
4463 10
4464 10
4465 10
4466 10
4467 10
4468 10
4469 10
4470 10
4471 10
4472 10
4473 10
4474 10
4475 10
4476 10
4477 10
4478 10
4479 10
4480 10
4481 10
4482 10
4483 10
4484 10
4485 10
4486 10
4487 10
4488 10
4489 10
4490 10
4491 10
4492 10
4493 10
4494 10
4495 10
4496 10
4497 10
4498 10
4499 10
4500 10
4501 10
4502 10
4503 10
4504 10
4505 10
4506 10
4507 10
4508 10
4509 10
4510 10
4511 10
4512 10
4513 10
4514 10
4515 10
4516 10
4517 10
4518 10
4519 10
4520 10
4521 10
4522 10
4523 10
4524 10
4525 10
4526 10
4527 10
4528 10
4529 10
4530 10
4531 10
4532 10
4533 10
4534 10
4535 10
4536 10
4537 10
4538 10
4539 10
4540 10
4541 10
4542 10
4543 10
4544 10
4545 10
4546 10
4547 10
4548 10
4549 10
4550 10
4551 10
4552 10
4553 10
4554 10
4555 10
4556 10
4557 10
4558 10
4559 10
4560 10
4561 10
4562 10
4563 10
4564 10
4565 10
4566 10
4567 10
4568 10
4569 10
4570 10
4571 10
4572 10
4573 10
4574 10
4575 10
4576 10
4577 10
4578 10
4579 10
4580 10
4581 10
4582 10
4583 10
4584 10
4585 10
4586 10
4587 10
4588 10
4589 10
4590 10
4591 10
4592 10
4593 10
4594 10
4595 10
4596 10
4597 10
4598 10
4599 10
4600 10
4601 10
4602 10
4603 10
4604 10
4605 10
4606 10
4607 10
4608 10
4609 10
4610 10
4611 10
4612 10
4613 10
4614 10
4615 10
4616 10
4617 10
4618 10
4619 10
4620 10
4621 10
4622 10
4623 10
4624 10
4625 10
4626 10
4627 10
4628 10
4629 10
4630 10
4631 10
4632 10
4633 10
4634 10
4635 10
4636 10
4637 10
4638 10
4639 10
4640 10
4641 10
4642 10
4643 10
4644 10
4645 10
4646 10
4647 10
4648 10
4649 10
4650 10
4651 10
4652 10
4653 10
4654 10
4655 10
4656 10
4657 10
4658 10
4659 10
4660 10
4661 10
4662 10
4663 10
4664 10
4665 10
4666 10
4667 10
4668 10
4669 10
4670 10
4671 10
4672 10
4673 10
4674 10
4675 10
4676 10
4677 10
4678 10
4679 10
4680 10
4681 10
4682 10
4683 10
4684 10
4685 10
4686 10
4687 10
4688 10
4689 10
4690 10
4691 10
4692 10
4693 10
4694 10
4695 10
4696 10
4697 10
4698 10
4699 10
4700 10
4701 10
4702 10
4703 10
4704 10
4705 10
4706 10
4707 10
4708 10
4709 10
4710 10
4711 10
4712 10
4713 10
4714 10
4715 10
4716 10
4717 10
4718 10
4719 10
4720 10
4721 10
4722 10
4723 10
4724 10
4725 10
4726 10
4727 10
4728 10
4729 10
4730 10
4731 10
4732 10
4733 10
4734 10
4735 10
4736 10
4737 10
4738 10
4739 10
4740 10
4741 10
4742 10
4743 10
4744 10
4745 10
4746 10
4747 10
4748 10
4749 10
4750 10
4751 10
4752 10
4753 10
4754 10
4755 10
4756 10
4757 10
4758 10
4759 10
4760 10
4761 10
4762 10
4763 10
4764 10
4765 10
4766 10
4767 10
4768 10
4769 10
4770 10
4771 10
4772 10
4773 10
4774 10
4775 10
4776 10
4777 10
4778 10
4779 10
4780 10
4781 10
4782 10
4783 10
4784 10
4785 10
4786 10
4787 10
4788 10
4789 10
4790 10
4791 10
4792 10
4793 10
4794 10
4795 10
4796 10
4797 10
4798 10
4799 10
4800 10
4801 10
4802 10
4803 10
4804 10
4805 10
4806 10
4807 10
4808 10
4809 10
4810 10
4811 10
4812 10
4813 10
4814 10
4815 10
4816 10
4817 10
4818 10
4819 10
4820 10
4821 10
4822 10
4823 10
4824 10
4825 10
4826 10
4827 10
4828 10
4829 10
4830 10
4831 10
4832 10
4833 10
4834 10
4835 10
4836 10
4837 10
4838 10
4839 10
4840 10
4841 10
4842 10
4843 10
4844 10
4845 10
4846 10
4847 10
4848 10
4849 10
4850 10
4851 10
4852 10
4853 10
4854 10
4855 10
4856 10
4857 10
4858 10
4859 10
4860 10
4861 10
4862 10
4863 10
4864 10
4865 10
4866 10
4867 10
4868 10
4869 10
4870 10
4871 10
4872 10
4873 10
4874 10
4875 10
4876 10
4877 10
4878 10
4879 10
4880 10
4881 10
4882 10
4883 10
4884 10
4885 10
4886 10
4887 10
4888 10
4889 10
4890 10
4891 10
4892 10
4893 10
4894 10
4895 10
4896 10
4897 10
4898 10
4899 10
4900 10
4901 10
4902 10
4903 10
4904 10
4905 10
4906 10
4907 10
4908 10
4909 10
4910 10
4911 10
4912 10
4913 10
4914 10
4915 10
4916 10
4917 10
4918 10
4919 10
4920 10
4921 10
4922 10
4923 10
4924 10
4925 10
4926 10
4927 10
4928 10
4929 10
4930 10
4931 10
4932 10
4933 10
4934 10
4935 10
4936 10
4937 10
4938 10
4939 10
4940 10
4941 10
4942 10
4943 10
4944 10
4945 10
4946 10
4947 10
4948 10
4949 10
4950 10
4951 10
4952 10
4953 10
4954 10
4955 10
4956 10
4957 10
4958 10
4959 10
4960 10
4961 10
4962 10
4963 10
4964 10
4965 10
4966 10
4967 10
4968 10
4969 10
4970 10
4971 10
4972 10
4973 10
4974 10
4975 10
4976 10
4977 10
4978 10
4979 10
4980 10
4981 10
4982 10
4983 10
4984 10
4985 10
4986 10
4987 10
4988 10
4989 10
4990 10
4991 10
4992 10
4993 10
4994 10
4995 10
4996 10
4997 10
4998 10
4999 10
5000 10
5001 10
5002 10
5003 10
5004 10
5005 10
5006 10
5007 10
5008 10
5009 10
5010 10
5011 10
5012 10
5013 10
5014 10
5015 10
5016 10
5017 10
5018 10
5019 10
5020 10
5021 10
5022 10
5023 10
5024 10
5025 10
5026 10
5027 10
5028 10
5029 10
5030 10
5031 10
5032 10
5033 10
5034 10
5035 10
5036 10
5037 10
5038 10
5039 10
5040 10
5041 10
5042 10
5043 10
5044 10
5045 10
5046 10
5047 10
5048 10
5049 10
5050 10
5051 10
5052 10
5053 10
5054 10
5055 10
5056 10
5057 10
5058 10
5059 10
5060 10
5061 10
5062 10
5063 10
5064 10
5065 10
5066 10
5067 10
5068 10
5069 10
5070 10
5071 10
5072 10
5073 10
5074 10
5075 10
5076 10
5077 10
5078 10
5079 10
5080 10
5081 10
5082 10
5083 10
5084 10
5085 10
5086 10
5087 10
5088 10
5089 10
5090 10
5091 10
5092 10
5093 10
5094 10
5095 10
5096 10
5097 10
5098 10
5099 10
5100 10
5101 10
5102 10
5103 10
5104 10
5105 10
5106 10
5107 10
5108 10
5109 10
5110 10
5111 10
5112 10
5113 10
5114 10
5115 10
5116 10
5117 10
5118 10
5119 10
5120 10
5121 10
5122 10
5123 10
5124 10
5125 10
5126 10
5127 10
5128 10
5129 10
5130 10
5131 10
5132 10
5133 10
5134 10
5135 10
5136 10
5137 10
5138 10
5139 10
5140 10
5141 10
5142 10
5143 10
5144 10
5145 10
5146 10
5147 10
5148 10
5149 10
5150 10
5151 10
5152 10
5153 10
5154 10
5155 10
5156 10
5157 10
5158 10
5159 10
5160 10
5161 10
5162 10
5163 10
5164 10
5165 10
5166 10
5167 10
5168 10
5169 10
5170 10
5171 10
5172 10
5173 10
5174 10
5175 10
5176 10
5177 10
5178 10
5179 10
5180 10
5181 10
5182 10
5183 10
5184 10
5185 10
5186 10
5187 10
5188 10
5189 10
5190 10
5191 10
5192 10
5193 10
5194 10
5195 10
5196 10
5197 10
5198 10
5199 10
5200 10
5201 10
5202 10
5203 10
5204 10
5205 10
5206 10
5207 10
5208 10
5209 10
5210 10
5211 10
5212 10
5213 10
5214 10
5215 10
5216 10
5217 10
5218 10
5219 10
5220 10
5221 10
5222 10
5223 10
5224 10
5225 10
5226 10
5227 10
5228 10
5229 10
5230 10
5231 10
5232 10
5233 10
5234 10
5235 10
5236 10
5237 10
5238 10
5239 10
5240 10
5241 10
5242 10
5243 10
5244 10
5245 10
5246 10
5247 10
5248 10
5249 10
5250 10
5251 10
5252 10
5253 10
5254 10
5255 10
5256 10
5257 10
5258 10
5259 10
5260 10
5261 10
5262 10
5263 10
5264 10
5265 10
5266 10
5267 10
5268 10
5269 10
5270 10
5271 10
5272 10
5273 10
5274 10
5275 10
5276 10
5277 10
5278 10
5279 10
5280 10
5281 10
5282 10
5283 10
5284 10
5285 10
5286 10
5287 10
5288 10
5289 10
5290 10
5291 10
5292 10
5293 10
5294 10
5295 10
5296 10
5297 10
5298 10
5299 10
5300 10
5301 10
5302 10
5303 10
5304 10
5305 10
5306 10
5307 10
5308 10
5309 10
5310 10
5311 10
5312 10
5313 10
5314 10
5315 10
5316 10
5317 10
5318 10
5319 10
5320 10
5321 10
5322 10
5323 10
5324 10
5325 10
5326 10
5327 10
5328 10
5329 10
5330 10
5331 10
5332 10
5333 10
5334 10
5335 10
5336 10
5337 10
5338 10
5339 10
5340 10
5341 10
5342 10
5343 10
5344 10
5345 10
5346 10
5347 10
5348 10
5349 10
5350 10
5351 10
5352 10
5353 10
5354 10
5355 10
5356 10
5357 10
5358 10
5359 10
5360 10
5361 10
5362 10
5363 10
5364 10
5365 10
5366 10
5367 10
5368 10
5369 10
5370 10
5371 10
5372 10
5373 10
5374 10
5375 10
5376 10
5377 10
5378 10
5379 10
5380 10
5381 10
5382 10
5383 10
5384 10
5385 10
5386 10
5387 10
5388 10
5389 10
5390 10
5391 10
5392 10
5393 10
5394 10
5395 10
5396 10
5397 10
5398 10
5399 10
5400 10
5401 10
5402 10
5403 10
5404 10
5405 10
5406 10
5407 10
5408 10
5409 10
5410 10
5411 10
5412 10
5413 10
5414 10
5415 10
5416 10
5417 10
5418 10
5419 10
5420 10
5421 10
5422 10
5423 10
5424 10
5425 10
5426 10
5427 10
5428 10
5429 10
5430 10
5431 10
5432 10
5433 10
5434 10
5435 10
5436 10
5437 10
5438 10
5439 10
5440 10
5441 10
5442 10
5443 10
5444 10
5445 10
5446 10
5447 10
5448 10
5449 10
5450 10
5451 10
5452 10
5453 10
5454 10
5455 10
5456 10
5457 10
5458 10
5459 10
5460 10
5461 10
5462 10
5463 10
5464 10
5465 10
5466 10
5467 10
5468 10
5469 10
5470 10
5471 10
5472 10
5473 10
5474 10
5475 10
5476 10
5477 10
5478 10
5479 10
5480 10
5481 10
5482 10
5483 10
5484 10
5485 10
5486 10
5487 10
5488 10
5489 10
5490 10
5491 10
5492 10
5493 10
5494 10
5495 10
5496 10
5497 10
5498 10
5499 10
5500 10
5501 10
5502 10
5503 10
5504 10
5505 10
5506 10
5507 10
5508 10
5509 10
5510 10
5511 10
5512 10
5513 10
5514 10
5515 10
5516 10
5517 10
5518 10
5519 10
5520 10
5521 10
5522 10
5523 10
5524 10
5525 10
5526 10
5527 10
5528 10
5529 10
5530 10
5531 10
5532 10
5533 10
5534 10
5535 10
5536 10
5537 10
5538 10
5539 10
5540 10
5541 10
5542 10
5543 10
5544 10
5545 10
5546 10
5547 10
5548 10
5549 10
5550 10
5551 10
5552 10
5553 10
5554 10
5555 10
5556 10
5557 10
5558 10
5559 10
5560 10
5561 10
5562 10
5563 10
5564 10
5565 10
5566 10
5567 10
5568 10
5569 10
5570 10
5571 10
5572 10
5573 10
5574 10
5575 10
5576 10
5577 10
5578 10
5579 10
5580 10
5581 10
5582 10
5583 10
5584 10
5585 10
5586 10
5587 10
5588 10
5589 10
5590 10
5591 10
5592 10
5593 10
5594 10
5595 10
5596 10
5597 10
5598 10
5599 10
5600 10
5601 10
5602 10
5603 10
5604 10
5605 10
5606 10
5607 10
5608 10
5609 10
5610 10
5611 10
5612 10
5613 10
5614 10
5615 10
5616 10
5617 10
5618 10
5619 10
5620 10
5621 10
5622 10
5623 10
5624 10
5625 10
5626 10
5627 10
5628 10
5629 10
5630 10
5631 10
5632 10
5633 10
5634 10
5635 10
5636 10
5637 10
5638 10
5639 10
5640 10
5641 10
5642 10
5643 10
5644 10
5645 10
5646 10
5647 10
5648 10
5649 10
5650 10
5651 10
5652 10
5653 10
5654 10
5655 10
5656 10
5657 10
5658 10
5659 10
5660 10
5661 10
5662 10
5663 10
5664 10
5665 10
5666 10
5667 10
5668 10
5669 10
5670 10
5671 10
5672 10
5673 10
5674 10
5675 10
5676 10
5677 10
5678 10
5679 10
5680 10
5681 10
5682 10
5683 10
5684 10
5685 10
5686 10
5687 10
5688 10
5689 10
5690 10
5691 10
5692 10
5693 10
5694 10
5695 10
5696 10
5697 10
5698 10
5699 10
5700 10
5701 10
5702 10
5703 10
5704 10
5705 10
5706 10
5707 10
5708 10
5709 10
5710 10
5711 10
5712 10
5713 10
5714 10
5715 10
5716 10
5717 10
5718 10
5719 10
5720 10
5721 10
5722 10
5723 10
5724 10
5725 10
5726 10
5727 10
5728 10
5729 10
5730 10
5731 10
5732 10
5733 10
5734 10
5735 10
5736 10
5737 10
5738 10
5739 10
5740 10
5741 10
5742 10
5743 10
5744 10
5745 10
5746 10
5747 10
5748 10
5749 10
5750 10
5751 10
5752 10
5753 10
5754 10
5755 10
5756 10
5757 10
5758 10
5759 10
5760 10
5761 10
5762 10
5763 10
5764 10
5765 10
5766 10
5767 10
5768 10
5769 10
5770 10
5771 10
5772 10
5773 10
5774 10
5775 10
5776 10
5777 10
5778 10
5779 10
5780 10
5781 10
5782 10
5783 10
5784 10
5785 10
5786 10
5787 10
5788 10
5789 10
5790 10
5791 10
5792 10
5793 10
5794 10
5795 10
5796 10
5797 10
5798 10
5799 10
5800 10
5801 10
5802 10
5803 10
5804 10
5805 10
5806 10
5807 10
5808 10
5809 10
5810 10
5811 10
5812 10
5813 10
5814 10
5815 10
5816 10
5817 10
5818 10
5819 10
5820 10
5821 10
5822 10
5823 10
5824 10
5825 10
5826 10
5827 10
5828 10
5829 10
5830 10
5831 10
5832 10
5833 10
5834 10
5835 10
5836 10
5837 10
5838 10
5839 10
5840 10
5841 10
5842 10
5843 10
5844 10
5845 10
5846 10
5847 10
5848 10
5849 10
5850 10
5851 10
5852 10
5853 10
5854 10
5855 10
5856 10
5857 10
5858 10
5859 10
5860 10
5861 10
5862 10
5863 10
5864 10
5865 10
5866 10
5867 10
5868 10
5869 10
5870 10
5871 10
5872 10
5873 10
5874 10
5875 10
5876 10
5877 10
5878 10
5879 10
5880 10
5881 10
5882 10
5883 10
5884 10
5885 10
5886 10
5887 10
5888 10
5889 10
5890 10
5891 10
5892 10
5893 10
5894 10
5895 10
5896 10
5897 10
5898 10
5899 10
5900 10
5901 10
5902 10
5903 10
5904 10
5905 10
5906 10
5907 10
5908 10
5909 10
5910 10
5911 10
5912 10
5913 10
5914 10
5915 10
5916 10
5917 10
5918 10
5919 10
5920 10
5921 10
5922 10
5923 10
5924 10
5925 10
5926 10
5927 10
5928 10
5929 10
5930 10
5931 10
5932 10
5933 10
5934 10
5935 10
5936 10
5937 10
5938 10
5939 10
5940 10
5941 10
5942 10
5943 10
5944 10
5945 10
5946 10
5947 10
5948 10
5949 10
5950 10
5951 10
5952 10
5953 10
5954 10
5955 10
5956 10
5957 10
5958 10
5959 10
5960 10
5961 10
5962 10
5963 10
5964 10
5965 10
5966 10
5967 10
5968 10
5969 10
5970 10
5971 10
5972 10
5973 10
5974 10
5975 10
5976 10
5977 10
5978 10
5979 10
5980 10
5981 10
5982 10
5983 10
5984 10
5985 10
5986 10
5987 10
5988 10
5989 10
5990 10
5991 10
5992 10
5993 10
5994 10
5995 10
5996 10
5997 10
5998 10
5999 10
6000 10
6001 10
6002 10
6003 10
6004 10
6005 10
6006 10
6007 10
6008 10
6009 10
6010 10
6011 10
6012 10
6013 10
6014 10
6015 10
6016 10
6017 10
6018 10
6019 10
6020 10
6021 10
6022 10
6023 10
6024 10
6025 10
6026 10
6027 10
6028 10
6029 10
6030 10
6031 10
6032 10
6033 10
6034 10
6035 10
6036 10
6037 10
6038 10
6039 10
6040 10
6041 10
6042 10
6043 10
6044 10
6045 10
6046 10
6047 10
6048 10
6049 10
6050 10
6051 10
6052 10
6053 10
6054 10
6055 10
6056 10
6057 10
6058 10
6059 10
6060 10
6061 10
6062 10
6063 10
6064 10
6065 10
6066 10
6067 10
6068 10
6069 10
6070 10
6071 10
6072 10
6073 10
6074 10
6075 10
6076 10
6077 10
6078 10
6079 10
6080 10
6081 10
6082 10
6083 10
6084 10
6085 10
6086 10
6087 10
6088 10
6089 10
6090 10
6091 10
6092 10
6093 10
6094 10
6095 10
6096 10
6097 10
6098 10
6099 10
6100 10
6101 10
6102 10
6103 10
6104 10
6105 10
6106 10
6107 10
6108 10
6109 10
6110 10
6111 10
6112 10
6113 10
6114 10
6115 10
6116 10
6117 10
6118 10
6119 10
6120 10
6121 10
6122 10
6123 10
6124 10
6125 10
6126 10
6127 10
6128 10
6129 10
6130 10
6131 10
6132 10
6133 10
6134 10
6135 10
6136 10
6137 10
6138 10
6139 10
6140 10
6141 10
6142 10
6143 10
6144 10
6145 10
6146 10
6147 10
6148 10
6149 10
6150 10
6151 10
6152 10
6153 10
6154 10
6155 10
6156 10
6157 10
6158 10
6159 10
6160 10
6161 10
6162 10
6163 10
6164 10
6165 10
6166 10
6167 10
6168 10
6169 10
6170 10
6171 10
6172 10
6173 10
6174 10
6175 10
6176 10
6177 10
6178 10
6179 10
6180 10
6181 10
6182 10
6183 10
6184 10
6185 10
6186 10
6187 10
6188 10
6189 10
6190 10
6191 10
6192 10
6193 10
6194 10
6195 10
6196 10
6197 10
6198 10
6199 10
6200 10
6201 10
6202 10
6203 10
6204 10
6205 10
6206 10
6207 10
6208 10
6209 10
6210 10
6211 10
6212 10
6213 10
6214 10
6215 10
6216 10
6217 10
6218 10
6219 10
6220 10
6221 10
6222 10
6223 10
6224 10
6225 10
6226 10
6227 10
6228 10
6229 10
6230 10
6231 10
6232 10
6233 10
6234 10
6235 10
6236 10
6237 10
6238 10
6239 10
6240 10
6241 10
6242 10
6243 10
6244 10
6245 10
6246 10
6247 10
6248 10
6249 10
6250 10
6251 10
6252 10
6253 10
6254 10
6255 10
6256 10
6257 10
6258 10
6259 10
6260 10
6261 10
6262 10
6263 10
6264 10
6265 10
6266 10
6267 10
6268 10
6269 10
6270 10
6271 10
6272 10
6273 10
6274 10
6275 10
6276 10
6277 10
6278 10
6279 10
6280 10
6281 10
6282 10
6283 10
6284 10
6285 10
6286 10
6287 10
6288 10
6289 10
6290 10
6291 10
6292 10
6293 10
6294 10
6295 10
6296 10
6297 10
6298 10
6299 10
6300 10
6301 10
6302 10
6303 10
6304 10
6305 10
6306 10
6307 10
6308 10
6309 10
6310 10
6311 10
6312 10
6313 10
6314 10
6315 10
6316 10
6317 10
6318 10
6319 10
6320 10
6321 10
6322 10
6323 10
6324 10
6325 10
6326 10
6327 10
6328 10
6329 10
6330 10
6331 10
6332 10
6333 10
6334 10
6335 10
6336 10
6337 10
6338 10
6339 10
6340 10
6341 10
6342 10
6343 10
6344 10
6345 10
6346 10
6347 10
6348 10
6349 10
6350 10
6351 10
6352 10
6353 10
6354 10
6355 10
6356 10
6357 10
6358 10
6359 10
6360 10
6361 10
6362 10
6363 10
6364 10
6365 10
6366 10
6367 10
6368 10
6369 10
6370 10
6371 10
6372 10
6373 10
6374 10
6375 10
6376 10
6377 10
6378 10
6379 10
6380 10
6381 10
6382 10
6383 10
6384 10
6385 10
6386 10
6387 10
6388 10
6389 10
6390 10
6391 10
6392 10
6393 10
6394 10
6395 10
6396 10
6397 10
6398 10
6399 10
6400 10
6401 10
6402 10
6403 10
6404 10
6405 10
6406 10
6407 10
6408 10
6409 10
6410 10
6411 10
6412 10
6413 10
6414 10
6415 10
6416 10
6417 10
6418 10
6419 10
6420 10
6421 10
6422 10
6423 10
6424 10
6425 10
6426 10
6427 10
6428 10
6429 10
6430 10
6431 10
6432 10
6433 10
6434 10
6435 10
6436 10
6437 10
6438 10
6439 10
6440 10
6441 10
6442 10
6443 10
6444 10
6445 10
6446 10
6447 10
6448 10
6449 10
6450 10
6451 10
6452 10
6453 10
6454 10
6455 10
6456 10
6457 10
6458 10
6459 10
6460 10
6461 10
6462 10
6463 10
6464 10
6465 10
6466 10
6467 10
6468 10
6469 10
6470 10
6471 10
6472 10
6473 10
6474 10
6475 10
6476 10
6477 10
6478 10
6479 10
6480 10
6481 10
6482 10
6483 10
6484 10
6485 10
6486 10
6487 10
6488 10
6489 10
6490 10
6491 10
6492 10
6493 10
6494 10
6495 10
6496 10
6497 10
6498 10
6499 10
6500 10
6501 10
6502 10
6503 10
6504 10
6505 10
6506 10
6507 10
6508 10
6509 10
6510 10
6511 10
6512 10
6513 10
6514 10
6515 10
6516 10
6517 10
6518 10
6519 10
6520 10
6521 10
6522 10
6523 10
6524 10
6525 10
6526 10
6527 10
6528 10
6529 10
6530 10
6531 10
6532 10
6533 10
6534 10
6535 10
6536 10
6537 10
6538 10
6539 10
6540 10
6541 10
6542 10
6543 10
6544 10
6545 10
6546 10
6547 10
6548 10
6549 10
6550 10
6551 10
6552 10
6553 10
6554 10
6555 10
6556 10
6557 10
6558 10
6559 10
6560 10
6561 10
6562 10
6563 10
6564 10
6565 10
6566 10
6567 10
6568 10
6569 10
6570 10
6571 10
6572 10
6573 10
6574 10
6575 10
6576 10
6577 10
6578 10
6579 10
6580 10
6581 10
6582 10
6583 10
6584 10
6585 10
6586 10
6587 10
6588 10
6589 10
6590 10
6591 10
6592 10
6593 10
6594 10
6595 10
6596 10
6597 10
6598 10
6599 10
6600 10
6601 10
6602 10
6603 10
6604 10
6605 10
6606 10
6607 10
6608 10
6609 10
6610 10
6611 10
6612 10
6613 10
6614 10
6615 10
6616 10
6617 10
6618 10
6619 10
6620 10
6621 10
6622 10
6623 10
6624 10
6625 10
6626 10
6627 10
6628 10
6629 10
6630 10
6631 10
6632 10
6633 10
6634 10
6635 10
6636 10
6637 10
6638 10
6639 10
6640 10
6641 10
6642 10
6643 10
6644 10
6645 10
6646 10
6647 10
6648 10
6649 10
6650 10
6651 10
6652 10
6653 10
6654 10
6655 10
6656 10
6657 10
6658 10
6659 10
6660 10
6661 10
6662 10
6663 10
6664 10
6665 10
6666 10
6667 10
6668 10
6669 10
6670 10
6671 10
6672 10
6673 10
6674 10
6675 10
6676 10
6677 10
6678 10
6679 10
6680 10
6681 10
6682 10
6683 10
6684 10
6685 10
6686 10
6687 10
6688 10
6689 10
6690 10
6691 10
6692 10
6693 10
6694 10
6695 10
6696 10
6697 10
6698 10
6699 10
6700 10
6701 10
6702 10
6703 10
6704 10
6705 10
6706 10
6707 10
6708 10
6709 10
6710 10
6711 10
6712 10
6713 10
6714 10
6715 10
6716 10
6717 10
6718 10
6719 10
6720 10
6721 10
6722 10
6723 10
6724 10
6725 10
6726 10
6727 10
6728 10
6729 10
6730 10
6731 10
6732 10
6733 10
6734 10
6735 10
6736 10
6737 10
6738 10
6739 10
6740 10
6741 10
6742 10
6743 10
6744 10
6745 10
6746 10
6747 10
6748 10
6749 10
6750 10
6751 10
6752 10
6753 10
6754 10
6755 10
6756 10
6757 10
6758 10
6759 10
6760 10
6761 10
6762 10
6763 10
6764 10
6765 10
6766 10
6767 10
6768 10
6769 10
6770 10
6771 10
6772 10
6773 10
6774 10
6775 10
6776 10
6777 10
6778 10
6779 10
6780 10
6781 10
6782 10
6783 10
6784 10
6785 10
6786 10
6787 10
6788 10
6789 10
6790 10
6791 10
6792 10
6793 10
6794 10
6795 10
6796 10
6797 10
6798 10
6799 10
6800 10
6801 10
6802 10
6803 10
6804 10
6805 10
6806 10
6807 10
6808 10
6809 10
6810 10
6811 10
6812 10
6813 10
6814 10
6815 10
6816 10
6817 10
6818 10
6819 10
6820 10
6821 10
6822 10
6823 10
6824 10
6825 10
6826 10
6827 10
6828 10
6829 10
6830 10
6831 10
6832 10
6833 10
6834 10
6835 10
6836 10
6837 10
6838 10
6839 10
6840 10
6841 10
6842 10
6843 10
6844 10
6845 10
6846 10
6847 10
6848 10
6849 10
6850 10
6851 10
6852 10
6853 10
6854 10
6855 10
6856 10
6857 10
6858 10
6859 10
6860 10
6861 10
6862 10
6863 10
6864 10
6865 10
6866 10
6867 10
6868 10
6869 10
6870 10
6871 10
6872 10
6873 10
6874 10
6875 10
6876 10
6877 10
6878 10
6879 10
6880 10
6881 10
6882 10
6883 10
6884 10
6885 10
6886 10
6887 10
6888 10
6889 10
6890 10
6891 10
6892 10
6893 10
6894 10
6895 10
6896 10
6897 10
6898 10
6899 10
6900 10
6901 10
6902 10
6903 10
6904 10
6905 10
6906 10
6907 10
6908 10
6909 10
6910 10
6911 10
6912 10
6913 10
6914 10
6915 10
6916 10
6917 10
6918 10
6919 10
6920 10
6921 10
6922 10
6923 10
6924 10
6925 10
6926 10
6927 10
6928 10
6929 10
6930 10
6931 10
6932 10
6933 10
6934 10
6935 10
6936 10
6937 10
6938 10
6939 10
6940 10
6941 10
6942 10
6943 10
6944 10
6945 10
6946 10
6947 10
6948 10
6949 10
6950 10
6951 10
6952 10
6953 10
6954 10
6955 10
6956 10
6957 10
6958 10
6959 10
6960 10
6961 10
6962 10
6963 10
6964 10
6965 10
6966 10
6967 10
6968 10
6969 10
6970 10
6971 10
6972 10
6973 10
6974 10
6975 10
6976 10
6977 10
6978 10
6979 10
6980 10
6981 10
6982 11
6983 11
6984 11
6985 11
6986 11
6987 11
6988 11
6989 11
6990 11
6991 11
6992 11
6993 11
6994 11
6995 11
6996 11
6997 11
6998 11
6999 11
7000 11
7001 11
7002 11
7003 11
7004 11
7005 11
7006 11
7007 11
7008 11
7009 11
7010 11
7011 11
7012 11
7013 11
7014 11
7015 11
7016 11
7017 11
7018 11
7019 11
7020 11
7021 11
7022 11
7023 11
7024 11
7025 11
7026 11
7027 11
7028 11
7029 11
7030 11
7031 11
7032 11
7033 11
7034 11
7035 11
7036 11
7037 11
7038 11
7039 11
7040 11
7041 11
7042 11
7043 11
7044 11
7045 11
7046 11
7047 11
7048 11
7049 11
7050 11
7051 11
7052 11
7053 11
7054 11
7055 11
7056 11
7057 11
7058 11
7059 11
7060 11
7061 11
7062 11
7063 11
7064 11
7065 11
7066 11
7067 11
7068 11
7069 11
7070 11
7071 11
7072 11
7073 11
7074 11
7075 11
7076 11
7077 11
7078 11
7079 11
7080 11
7081 11
7082 11
7083 11
7084 11
7085 11
7086 11
7087 11
7088 11
7089 11
7090 11
7091 11
7092 11
7093 11
7094 11
7095 11
7096 11
7097 11
7098 11
7099 11
7100 11
7101 11
7102 11
7103 11
7104 11
7105 11
7106 11
7107 11
7108 11
7109 11
7110 11
7111 11
7112 11
7113 11
7114 11
7115 11
7116 11
7117 11
7118 11
7119 11
7120 11
7121 11
7122 11
7123 11
7124 11
7125 11
7126 11
7127 11
7128 11
7129 11
7130 11
7131 11
7132 11
7133 11
7134 11
7135 11
7136 11
7137 11
7138 11
7139 11
7140 11
7141 11
7142 11
7143 11
7144 11
7145 11
7146 11
7147 11
7148 11
7149 11
7150 11
7151 11
7152 11
7153 11
7154 11
7155 11
7156 11
7157 11
7158 11
7159 11
7160 11
7161 11
7162 11
7163 11
7164 11
7165 11
7166 11
7167 11
7168 11
7169 11
7170 11
7171 11
7172 11
7173 11
7174 11
7175 11
7176 11
7177 11
7178 11
7179 11
7180 11
7181 11
7182 11
7183 11
7184 11
7185 11
7186 11
7187 11
7188 11
7189 11
7190 11
7191 11
7192 11
7193 11
7194 11
7195 11
7196 11
7197 11
7198 11
7199 11
7200 11
7201 11
7202 11
7203 11
7204 11
7205 11
7206 11
7207 11
7208 11
7209 11
7210 11
7211 11
7212 11
7213 11
7214 11
7215 11
7216 11
7217 11
7218 11
7219 11
7220 11
7221 11
7222 11
7223 11
7224 11
7225 11
7226 11
7227 11
7228 11
7229 11
7230 11
7231 11
7232 11
7233 11
7234 11
7235 11
7236 11
7237 11
7238 11
7239 11
7240 11
7241 11
7242 11
7243 11
7244 11
7245 11
7246 11
7247 11
7248 11
7249 11
7250 11
7251 11
7252 11
7253 11
7254 11
7255 11
7256 12
7257 12
7258 12
7259 12
7260 12
7261 12
7262 12
7263 12
7264 12
7265 12
7266 12
7267 12
7268 12
7269 12
7270 12
7271 12
7272 12
7273 12
7274 12
7275 12
7276 12
7277 12
7278 12
7279 12
7280 12
7281 12
7282 12
7283 12
7284 12
7285 12
7286 12
7287 12
7288 12
7289 12
7290 12
7291 12
7292 12
7293 12
7294 12
7295 12
7296 12
7297 12
7298 12
7299 12
7300 12
7301 12
7302 12
7303 12
7304 12
7305 12
7306 12
7307 12
7308 12
7309 12
7310 12
7311 12
7312 12
7313 12
7314 12
7315 12
7316 12
7317 12
7318 12
7319 12
7320 12
7321 12
7322 12
7323 12
7324 12
7325 12
7326 12
7327 12
7328 12
7329 12
7330 12
7331 12
7332 12
7333 12
7334 12
7335 12
7336 12
7337 12
7338 12
7339 12
7340 12
7341 12
7342 12
7343 12
7344 12
7345 12
7346 12
7347 12
7348 12
7349 12
7350 12
7351 12
7352 12
7353 12
7354 12
7355 12
7356 12
7357 12
7358 12
7359 12
7360 12
7361 12
7362 12
7363 12
7364 12
7365 12
7366 12
7367 12
7368 12
7369 12
7370 12
7371 12
7372 12
7373 12
7374 12
7375 12
7376 12
7377 12
7378 12
7379 12
7380 12
7381 12
7382 12
7383 12
7384 12
7385 12
7386 12
7387 12
7388 12
7389 12
7390 12
7391 12
7392 12
7393 12
7394 12
7395 12
7396 12
7397 12
7398 12
7399 12
7400 12
7401 12
7402 12
7403 12
7404 12
7405 12
7406 12
7407 12
7408 12
7409 12
7410 12
7411 12
7412 12
7413 12
7414 12
7415 12
7416 12
7417 12
7418 12
7419 12
7420 12
7421 12
7422 12
7423 12
7424 12
7425 12
7426 12
7427 12
7428 12
7429 12
7430 12
7431 12
7432 12
7433 12
7434 12
7435 12
7436 12
7437 12
7438 12
7439 12
7440 12
7441 12
7442 12
7443 12
7444 12
7445 12
7446 12
7447 12
7448 12
7449 12
7450 12
7451 12
7452 12
7453 12
7454 12
7455 12
7456 12
7457 12
7458 12
7459 12
7460 12
7461 12
7462 12
7463 12
7464 12
7465 12
7466 12
7467 12
7468 12
7469 12
7470 12
7471 12
7472 12
7473 12
7474 12
7475 12
7476 12
7477 12
7478 12
7479 12
7480 12
7481 12
7482 12
7483 12
7484 12
7485 12
7486 12
7487 12
7488 12
7489 12
7490 12
7491 12
7492 12
7493 12
7494 12
7495 12
7496 12
7497 12
7498 12
7499 12
7500 12
7501 12
7502 12
7503 12
7504 12
7505 12
7506 12
7507 12
7508 12
7509 12
7510 12
7511 12
7512 12
7513 12
7514 12
7515 12
7516 12
7517 12
7518 12
7519 12
7520 12
7521 12
7522 12
7523 12
7524 12
7525 12
7526 12
7527 12
7528 12
7529 12
7530 12
7531 12
7532 12
7533 12
7534 12
7535 12
7536 12
7537 12
7538 12
7539 12
7540 12
7541 12
7542 12
7543 12
7544 12
7545 12
7546 12
7547 12
7548 12
7549 12
7550 12
7551 12
7552 12
7553 12
7554 12
7555 12
7556 12
7557 12
7558 12
7559 12
7560 12
7561 12
7562 12
7563 12
7564 12
7565 12
7566 12
7567 12
7568 12
7569 12
7570 12
7571 12
7572 12
7573 12
7574 12
7575 12
7576 12
7577 12
7578 12
7579 12
7580 12
7581 12
7582 12
7583 12
7584 12
7585 12
7586 12
7587 12
7588 12
7589 12
7590 12
7591 12
7592 12
7593 12
7594 12
7595 12
7596 12
7597 12
7598 12
7599 12
7600 12
7601 12
7602 12
7603 12
7604 12
7605 12
7606 12
7607 12
7608 12
7609 12
7610 12
7611 12
7612 12
7613 12
7614 12
7615 12
7616 12
7617 12
7618 12
7619 12
7620 12
7621 12
7622 12
7623 12
7624 12
7625 12
7626 12
7627 12
7628 12
7629 12
7630 12
7631 12
7632 12
7633 12
7634 12
7635 12
7636 12
7637 12
7638 12
7639 12
7640 12
7641 12
7642 12
7643 12
7644 12
7645 12
7646 12
7647 12
7648 12
7649 12
7650 12
7651 12
7652 12
7653 12
7654 12
7655 12
7656 12
7657 12
7658 12
7659 12
7660 12
7661 12
7662 12
7663 12
7664 12
7665 12
7666 12
7667 12
7668 12
7669 12
7670 12
7671 12
7672 12
7673 12
7674 12
7675 12
7676 12
7677 12
7678 12
7679 12
7680 12
7681 12
7682 12
7683 12
7684 12
7685 12
7686 12
7687 12
7688 12
7689 12
7690 12
7691 12
7692 12
7693 12
7694 12
7695 12
7696 12
7697 12
7698 12
7699 12
7700 12
7701 12
7702 12
7703 12
7704 12
7705 12
7706 12
7707 12
7708 12
7709 12
7710 12
7711 12
7712 12
7713 12
7714 12
7715 12
7716 12
7717 12
7718 12
7719 12
7720 12
7721 12
7722 12
7723 12
7724 12
7725 12
7726 12
7727 12
7728 12
7729 12
7730 12
7731 12
7732 12
7733 12
7734 12
7735 12
7736 12
7737 12
7738 12
7739 12
7740 12
7741 12
7742 12
7743 12
7744 12
7745 12
7746 12
7747 12
7748 12
7749 12
7750 12
7751 12
7752 12
7753 12
7754 12
7755 12
7756 12
7757 12
7758 12
7759 12
7760 12
7761 12
7762 12
7763 13
7764 13
7765 13
7766 13
7767 13
7768 13
7769 13
7770 13
7771 13
7772 13
7773 13
7774 13
7775 13
7776 13
7777 13
7778 13
7779 13
7780 13
7781 13
7782 13
7783 13
7784 13
7785 13
7786 13
7787 13
7788 13
7789 13
7790 13
7791 13
7792 13
7793 13
7794 13
7795 13
7796 13
7797 13
7798 13
7799 13
7800 13
7801 13
7802 13
7803 13
7804 13
7805 13
7806 13
7807 13
7808 13
7809 13
7810 13
7811 13
7812 13
7813 13
7814 13
7815 13
7816 13
7817 13
7818 13
7819 13
7820 13
7821 13
7822 13
7823 13
7824 13
7825 13
7826 13
7827 13
7828 13
7829 13
7830 13
7831 13
7832 13
7833 13
7834 13
7835 13
7836 13
7837 13
7838 13
7839 13
7840 13
7841 13
7842 13
7843 13
7844 13
7845 13
7846 13
7847 13
7848 13
7849 13
7850 13
7851 13
7852 13
7853 13
7854 13
7855 13
7856 13
7857 13
7858 13
7859 13
7860 13
7861 13
7862 13
7863 13
7864 13
7865 13
7866 13
7867 13
7868 13
7869 13
7870 13
7871 13
7872 13
7873 13
7874 13
7875 13
7876 13
7877 13
7878 13
7879 13
7880 13
7881 13
7882 13
7883 13
7884 13
7885 13
7886 13
7887 13
7888 13
7889 13
7890 13
7891 13
7892 13
7893 13
7894 13
7895 13
7896 13
7897 13
7898 13
7899 13
7900 13
7901 13
7902 13
7903 13
7904 13
7905 13
7906 13
7907 13
7908 13
7909 13
7910 13
7911 13
7912 13
7913 13
7914 13
7915 13
7916 13
7917 13
7918 13
7919 13
7920 13
7921 13
7922 13
7923 13
7924 13
7925 13
7926 13
7927 13
7928 13
7929 13
7930 13
7931 13
7932 13
7933 13
7934 13
7935 13
7936 13
7937 13
7938 13
7939 13
7940 13
7941 13
7942 13
7943 13
7944 13
7945 13
7946 13
7947 13
7948 13
7949 13
7950 13
7951 13
7952 13
7953 13
7954 13
7955 13
7956 13
7957 13
7958 13
7959 13
7960 13
7961 13
7962 13
7963 13
7964 13
7965 13
7966 13
7967 13
7968 13
7969 13
7970 13
7971 13
7972 13
7973 13
7974 13
7975 13
7976 13
7977 13
7978 13
7979 13
7980 13
7981 13
7982 13
7983 13
7984 13
7985 13
7986 13
7987 13
7988 13
7989 13
7990 13
7991 13
7992 13
7993 13
7994 13
7995 13
7996 13
7997 13
7998 13
7999 13
8000 13
8001 13
8002 13
8003 13
8004 13
8005 13
8006 13
8007 13
8008 13
8009 13
8010 13
8011 13
8012 13
8013 13
8014 13
8015 13
8016 13
8017 13
8018 13
8019 13
8020 13
8021 13
8022 13
8023 13
8024 13
8025 13
8026 13
8027 13
8028 13
8029 13
8030 13
8031 13
8032 13
8033 13
8034 13
8035 13
8036 13
8037 13
8038 13
8039 13
8040 13
8041 13
8042 13
8043 13
8044 13
8045 13
8046 13
8047 13
8048 13
8049 13
8050 13
8051 13
8052 13
8053 13
8054 13
8055 13
8056 13
8057 13
8058 13
8059 13
8060 13
8061 13
8062 13
8063 13
8064 13
8065 13
8066 13
8067 13
8068 13
8069 13
8070 13
8071 13
8072 13
8073 13
8074 13
8075 13
8076 13
8077 13
8078 13
8079 13
8080 13
8081 13
8082 13
8083 13
8084 13
8085 13
8086 13
8087 13
8088 13
8089 13
8090 13
8091 13
8092 13
8093 13
8094 13
8095 13
8096 13
8097 13
8098 13
8099 13
8100 13
8101 13
8102 13
8103 13
8104 13
8105 13
8106 13
8107 13
8108 13
8109 13
8110 13
8111 13
8112 13
8113 13
8114 13
8115 13
8116 13
8117 13
8118 13
8119 13
8120 13
8121 13
8122 13
8123 13
8124 13
8125 13
8126 13
8127 13
8128 13
8129 13
8130 13
8131 13
8132 13
8133 13
8134 13
8135 13
8136 13
8137 13
8138 13
8139 13
8140 13
8141 13
8142 13
8143 13
8144 13
8145 13
8146 13
8147 13
8148 13
8149 13
8150 13
8151 13
8152 13
8153 13
8154 13
8155 13
8156 13
8157 13
8158 13
8159 13
8160 13
8161 13
8162 13
8163 13
8164 13
8165 13
8166 13
8167 13
8168 13
8169 13
8170 13
8171 13
8172 13
8173 13
8174 13
8175 13
8176 13
8177 13
8178 13
8179 13
8180 13
8181 13
8182 13
8183 13
8184 13
8185 13
8186 13
8187 13
8188 13
8189 13
8190 13
8191 13
8192 13
8193 13
8194 13
8195 13
8196 13
8197 13
8198 13
8199 13
8200 13
8201 13
8202 13
8203 13
8204 13
8205 13
8206 13
8207 13
8208 13
8209 13
8210 13
8211 13
8212 13
8213 13
8214 13
8215 13
8216 13
8217 13
8218 13
8219 13
8220 13
8221 13
8222 13
8223 13
8224 13
8225 13
8226 13
8227 13
8228 13
8229 13
8230 13
8231 13
8232 13
8233 13
8234 13
8235 13
8236 13
8237 13
8238 13
8239 13
8240 13
8241 13
8242 13
8243 13
8244 13
8245 13
8246 13
8247 13
8248 13
8249 13
8250 13
8251 13
8252 13
8253 13
8254 13
8255 13
8256 13
8257 13
8258 13
8259 13
8260 13
8261 13
8262 13
8263 13
8264 13
8265 13
8266 13
8267 13
8268 13
8269 13
8270 13
8271 13
8272 13
8273 13
8274 13
8275 13
8276 13
8277 13
8278 13
8279 13
8280 13
8281 13
8282 13
8283 13
8284 13
8285 13
8286 13
8287 13
8288 13
8289 13
8290 13
8291 13
8292 13
8293 13
8294 13
8295 13
8296 13
8297 13
8298 13
8299 13
8300 13
8301 13
8302 13
8303 13
8304 13
8305 13
8306 13
8307 13
8308 13
8309 13
8310 13
8311 13
8312 13
8313 13
8314 13
8315 13
8316 13
8317 13
8318 13
8319 13
8320 13
8321 13
8322 13
8323 13
8324 13
8325 13
8326 13
8327 13
8328 13
8329 13
8330 13
8331 13
8332 13
8333 13
8334 13
8335 13
8336 13
8337 13
8338 13
8339 13
8340 13
8341 13
8342 13
8343 13
8344 13
8345 13
8346 13
8347 13
8348 13
8349 13
8350 13
8351 13
8352 13
8353 13
8354 13
8355 13
8356 13
8357 13
8358 13
8359 13
8360 13
8361 13
8362 13
8363 13
8364 13
8365 13
8366 13
8367 13
8368 13
8369 13
8370 13
8371 13
8372 13
8373 13
8374 13
8375 13
8376 13
8377 13
8378 13
8379 13
8380 13
8381 13
8382 13
8383 13
8384 13
8385 13
8386 13
8387 13
8388 13
8389 13
8390 13
8391 13
8392 13
8393 13
8394 13
8395 13
8396 13
8397 13
8398 13
8399 13
8400 13
8401 13
8402 13
8403 13
8404 13
8405 13
8406 13
8407 13
8408 13
8409 13
8410 13
8411 13
8412 13
8413 13
8414 13
8415 13
8416 13
8417 13
8418 13
8419 13
8420 13
8421 13
8422 13
8423 13
8424 13
8425 13
8426 13
8427 13
8428 13
8429 13
8430 13
8431 13
8432 13
8433 13
8434 13
8435 13
8436 13
8437 13
8438 13
8439 13
8440 13
8441 13
8442 13
8443 13
8444 13
8445 13
8446 13
8447 13
8448 13
8449 13
8450 13
8451 13
8452 13
8453 13
8454 13
8455 13
8456 13
8457 13
8458 13
8459 13
8460 13
8461 13
8462 13
8463 13
8464 13
8465 13
8466 13
8467 13
8468 13
8469 13
8470 13
8471 13
8472 13
8473 13
8474 13
8475 13
8476 13
8477 13
8478 13
8479 13
8480 13
8481 13
8482 13
8483 13
8484 13
8485 13
8486 13
8487 13
8488 13
8489 13
8490 13
8491 13
8492 13
8493 13
8494 13
8495 13
8496 13
8497 13
8498 13
8499 13
8500 13
8501 13
8502 13
8503 13
8504 13
8505 13
8506 13
8507 13
8508 13
8509 13
8510 13
8511 13
8512 13
8513 13
8514 13
8515 13
8516 13
8517 13
8518 13
8519 13
8520 13
8521 13
8522 13
8523 13
8524 13
8525 13
8526 13
8527 13
8528 13
8529 13
8530 13
8531 13
8532 13
8533 13
8534 13
8535 13
8536 13
8537 13
8538 13
8539 13
8540 13
8541 13
8542 13
8543 13
8544 13
8545 13
8546 13
8547 13
8548 13
8549 13
8550 13
8551 13
8552 13
8553 13
8554 13
8555 13
8556 13
8557 13
8558 13
8559 13
8560 13
8561 13
8562 13
8563 13
8564 13
8565 13
8566 13
8567 13
8568 13
8569 13
8570 13
8571 13
8572 13
8573 13
8574 13
8575 13
8576 13
8577 13
8578 13
8579 13
8580 13
8581 13
8582 13
8583 13
8584 13
8585 13
8586 13
8587 13
8588 13
8589 13
8590 13
8591 13
8592 13
8593 13
8594 13
8595 13
8596 13
8597 13
8598 13
8599 13
8600 13
8601 13
8602 13
8603 13
8604 13
8605 13
8606 13
8607 13
8608 13
8609 13
8610 13
8611 13
8612 13
8613 13
8614 13
8615 13
8616 13
8617 13
8618 13
8619 13
8620 13
8621 13
8622 13
8623 13
8624 13
8625 13
8626 13
8627 13
8628 13
8629 13
8630 13
8631 13
8632 13
8633 13
8634 13
8635 13
8636 13
8637 13
8638 13
8639 13
8640 13
8641 13
8642 13
8643 13
8644 13
8645 13
8646 13
8647 13
8648 13
8649 13
8650 13
8651 13
8652 13
8653 13
8654 13
8655 13
8656 13
8657 13
8658 13
8659 13
8660 13
8661 13
8662 13
8663 13
8664 13
8665 13
8666 13
8667 13
8668 13
8669 13
8670 13
8671 13
8672 13
8673 13
8674 13
8675 13
8676 13
8677 13
8678 13
8679 13
8680 13
8681 13
8682 13
8683 13
8684 13
8685 13
8686 13
8687 13
8688 13
8689 13
8690 13
8691 13
8692 13
8693 13
8694 13
8695 13
8696 13
8697 13
8698 13
8699 13
8700 13
8701 13
8702 13
8703 13
8704 13
8705 13
8706 13
8707 13
8708 13
8709 13
8710 13
8711 13
8712 13
8713 13
8714 13
8715 13
8716 13
8717 13
8718 13
8719 13
8720 13
8721 13
8722 13
8723 13
8724 13
8725 13
8726 13
8727 13
8728 13
8729 13
8730 13
8731 13
8732 13
8733 13
8734 13
8735 13
8736 13
8737 13
8738 13
8739 13
8740 13
8741 13
8742 13
8743 13
8744 13
8745 13
8746 13
8747 13
8748 13
8749 13
8750 13
8751 13
8752 13
8753 13
8754 13
8755 13
8756 13
8757 13
8758 13
8759 13
8760 13
8761 13
8762 13
8763 13
8764 13
8765 13
8766 13
8767 13
8768 13
8769 13
8770 13
8771 13
8772 13
8773 13
8774 13
8775 13
8776 13
8777 13
8778 13
8779 13
8780 13
8781 13
8782 13
8783 13
8784 13
8785 13
8786 13
8787 13
8788 13
8789 13
8790 13
8791 13
8792 13
8793 13
8794 13
8795 13
8796 13
8797 13
8798 13
8799 13
8800 13
8801 13
8802 13
8803 13
8804 13
8805 13
8806 13
8807 13
8808 13
8809 13
8810 13
8811 13
8812 13
8813 13
8814 13
8815 13
8816 13
8817 13
8818 13
8819 13
8820 13
8821 13
8822 13
8823 13
8824 13
8825 13
8826 13
8827 13
8828 13
8829 13
8830 13
8831 13
8832 13
8833 13
8834 13
8835 13
8836 13
8837 13
8838 13
8839 13
8840 13
8841 13
8842 13
8843 13
8844 13
8845 13
8846 13
8847 13
8848 13
8849 13
8850 13
8851 13
8852 13
8853 13
8854 13
8855 13
8856 13
8857 13
8858 13
8859 13
8860 13
8861 13
8862 13
8863 13
8864 13
8865 13
8866 13
8867 13
8868 13
8869 13
8870 13
8871 13
8872 13
8873 13
8874 13
8875 13
8876 13
8877 13
8878 13
8879 13
8880 13
8881 13
8882 13
8883 13
8884 13
8885 13
8886 13
8887 13
8888 13
8889 13
8890 13
8891 13
8892 13
8893 13
8894 13
8895 13
8896 13
8897 13
8898 13
8899 13
8900 13
8901 13
8902 13
8903 13
8904 13
8905 13
8906 13
8907 13
8908 13
8909 13
8910 13
8911 13
8912 13
8913 13
8914 13
8915 13
8916 13
8917 13
8918 13
8919 13
8920 13
8921 13
8922 13
8923 13
8924 13
8925 13
8926 13
8927 13
8928 13
8929 13
8930 13
8931 13
8932 13
8933 13
8934 13
8935 13
8936 13
8937 13
8938 13
8939 13
8940 13
8941 13
8942 13
8943 13
8944 13
8945 13
8946 13
8947 13
8948 13
8949 13
8950 13
8951 13
8952 13
8953 13
8954 13
8955 13
8956 13
8957 13
8958 13
8959 13
8960 13
8961 13
8962 13
8963 13
8964 13
8965 13
8966 13
8967 13
8968 13
8969 13
8970 13
8971 13
8972 13
8973 13
8974 13
8975 13
8976 13
8977 13
8978 13
8979 13
8980 13
8981 13
8982 13
8983 13
8984 13
8985 13
8986 13
8987 13
8988 13
8989 13
8990 13
8991 13
8992 13
8993 13
8994 13
8995 13
8996 13
8997 13
8998 13
8999 13
9000 13
9001 13
9002 13
9003 13
9004 13
9005 13
9006 13
9007 13
9008 13
9009 13
9010 13
9011 13
9012 13
9013 13
9014 13
9015 13
9016 13
9017 13
9018 13
9019 13
9020 13
9021 13
9022 13
9023 13
9024 13
9025 13
9026 13
9027 13
9028 13
9029 13
9030 13
9031 13
9032 13
9033 13
9034 13
9035 13
9036 13
9037 13
9038 13
9039 13
9040 13
9041 13
9042 13
9043 13
9044 13
9045 13
9046 13
9047 13
9048 13
9049 13
9050 13
9051 13
9052 13
9053 13
9054 13
9055 13
9056 13
9057 13
9058 13
9059 13
9060 13
9061 13
9062 13
9063 13
9064 13
9065 13
9066 13
9067 13
9068 13
9069 13
9070 13
9071 13
9072 13
9073 13
9074 13
9075 13
9076 13
9077 13
9078 13
9079 13
9080 13
9081 13
9082 13
9083 13
9084 13
9085 13
9086 13
9087 13
9088 13
9089 13
9090 13
9091 13
9092 13
9093 13
9094 13
9095 13
9096 13
9097 13
9098 13
9099 13
9100 13
9101 13
9102 13
9103 13
9104 13
9105 13
9106 13
9107 13
9108 13
9109 13
9110 13
9111 13
9112 13
9113 13
9114 13
9115 13
9116 13
9117 13
9118 13
9119 13
9120 13
9121 13
9122 13
9123 13
9124 13
9125 13
9126 13
9127 13
9128 13
9129 13
9130 13
9131 13
9132 13
9133 13
9134 13
9135 13
9136 13
9137 13
9138 13
9139 13
9140 13
9141 13
9142 13
9143 13
9144 13
9145 13
9146 13
9147 13
9148 13
9149 13
9150 13
9151 13
9152 13
9153 13
9154 13
9155 13
9156 13
9157 13
9158 13
9159 13
9160 13
9161 13
9162 13
9163 13
9164 13
9165 13
9166 13
9167 13
9168 13
9169 13
9170 13
9171 13
9172 13
9173 13
9174 13
9175 13
9176 13
9177 13
9178 13
9179 13
9180 13
9181 13
9182 13
9183 13
9184 13
9185 13
9186 13
9187 13
9188 13
9189 13
9190 13
9191 13
9192 13
9193 13
9194 13
9195 13
9196 13
9197 13
9198 13
9199 13
9200 13
9201 13
9202 13
9203 13
9204 13
9205 13
9206 13
9207 13
9208 13
9209 13
9210 13
9211 13
9212 13
9213 13
9214 13
9215 13
9216 13
9217 13
9218 13
9219 13
9220 13
9221 13
9222 13
9223 13
9224 13
9225 13
9226 13
9227 13
9228 13
9229 13
9230 13
9231 13
9232 13
9233 13
9234 13
9235 13
9236 13
9237 13
9238 13
9239 13
9240 13
9241 13
9242 13
9243 13
9244 13
9245 13
9246 13
9247 13
9248 13
9249 13
9250 13
9251 13
9252 13
9253 13
9254 13
9255 13
9256 13
9257 13
9258 13
9259 13
9260 13
9261 13
9262 13
9263 13
9264 13
9265 13
9266 13
9267 13
9268 13
9269 13
9270 13
9271 13
9272 13
9273 13
9274 13
9275 13
9276 13
9277 13
9278 13
9279 13
9280 13
9281 13
9282 13
9283 13
9284 13
9285 13
9286 13
9287 13
9288 13
9289 13
9290 13
9291 13
9292 13
9293 13
9294 13
9295 13
9296 13
9297 13
9298 13
9299 13
9300 13
9301 13
9302 13
9303 13
9304 13
9305 13
9306 13
9307 13
9308 13
9309 13
9310 13
9311 13
9312 13
9313 13
9314 13
9315 13
9316 13
9317 13
9318 13
9319 13
9320 13
9321 13
9322 13
9323 13
9324 13
9325 13
9326 13
9327 13
9328 13
9329 13
9330 13
9331 13
9332 13
9333 13
9334 13
9335 13
9336 13
9337 13
9338 13
9339 13
9340 13
9341 13
9342 13
9343 13
9344 13
9345 13
9346 13
9347 13
9348 13
9349 13
9350 13
9351 13
9352 13
9353 13
9354 13
9355 13
9356 13
9357 13
9358 13
9359 13
9360 13
9361 13
9362 13
9363 13
9364 13
9365 13
9366 13
9367 13
9368 13
9369 13
9370 13
9371 13
9372 13
9373 13
9374 13
9375 13
9376 13
9377 13
9378 13
9379 13
9380 13
9381 13
9382 13
9383 13
9384 13
9385 13
9386 13
9387 13
9388 13
9389 13
9390 13
9391 13
9392 13
9393 13
9394 13
9395 13
9396 13
9397 13
9398 13
9399 13
9400 13
9401 13
9402 13
9403 13
9404 13
9405 13
9406 13
9407 13
9408 13
9409 13
9410 13
9411 13
9412 13
9413 13
9414 13
9415 13
9416 13
9417 13
9418 13
9419 13
9420 13
9421 13
9422 13
9423 13
9424 13
9425 13
9426 13
9427 13
9428 13
9429 13
9430 13
9431 13
9432 13
9433 13
9434 13
9435 13
9436 13
9437 13
9438 13
9439 13
9440 13
9441 13
9442 13
9443 13
9444 13
9445 13
9446 13
9447 13
9448 13
9449 13
9450 13
9451 13
9452 13
9453 13
9454 13
9455 13
9456 13
9457 13
9458 13
9459 13
9460 13
9461 13
9462 13
9463 13
9464 13
9465 13
9466 13
9467 13
9468 13
9469 13
9470 13
9471 13
9472 13
9473 13
9474 13
9475 13
9476 13
9477 13
9478 13
9479 13
9480 13
9481 13
9482 13
9483 13
9484 13
9485 13
9486 13
9487 13
9488 13
9489 13
9490 13
9491 13
9492 13
9493 13
9494 13
9495 13
9496 13
9497 13
9498 13
9499 13
9500 13
9501 13
9502 13
9503 13
9504 13
9505 13
9506 13
9507 13
9508 13
9509 13
9510 13
9511 13
9512 13
9513 13
9514 13
9515 13
9516 13
9517 13
9518 13
9519 13
9520 13
9521 13
9522 13
9523 13
9524 13
9525 13
9526 13
9527 13
9528 13
9529 13
9530 13
9531 13
9532 13
9533 13
9534 13
9535 13
9536 13
9537 13
9538 13
9539 13
9540 13
9541 13
9542 13
9543 13
9544 13
9545 13
9546 13
9547 13
9548 13
9549 13
9550 13
9551 13
9552 13
9553 13
9554 13
9555 13
9556 13
9557 13
9558 13
9559 13
9560 13
9561 13
9562 13
9563 13
9564 13
9565 13
9566 13
9567 13
9568 13
9569 13
9570 13
9571 13
9572 13
9573 13
9574 13
9575 13
9576 13
9577 13
9578 13
9579 13
9580 13
9581 13
9582 13
9583 13
9584 13
9585 13
9586 13
9587 13
9588 13
9589 13
9590 13
9591 13
9592 13
9593 13
9594 13
9595 13
9596 13
9597 13
9598 13
9599 13
9600 13
9601 13
9602 13
9603 13
9604 13
9605 13
9606 13
9607 13
9608 13
9609 13
9610 13
9611 13
9612 13
9613 13
9614 13
9615 13
9616 13
9617 13
9618 13
9619 13
9620 13
9621 13
9622 13
9623 13
9624 13
9625 13
9626 13
9627 13
9628 13
9629 13
9630 13
9631 13
9632 13
9633 13
9634 13
9635 13
9636 13
9637 13
9638 13
9639 13
9640 13
9641 13
9642 13
9643 13
9644 13
9645 13
9646 13
9647 13
9648 13
9649 13
9650 13
9651 13
9652 13
9653 13
9654 13
9655 13
9656 13
9657 13
9658 13
9659 13
9660 13
9661 13
9662 13
9663 13
9664 13
9665 13
9666 13
9667 13
9668 13
9669 13
9670 13
9671 13
9672 13
9673 13
9674 13
9675 13
9676 13
9677 13
9678 13
9679 13
9680 13
9681 13
9682 13
9683 13
9684 13
9685 13
9686 13
9687 13
9688 13
9689 13
9690 13
9691 13
9692 13
9693 13
9694 13
9695 13
9696 13
9697 13
9698 13
9699 13
9700 13
9701 13
9702 13
9703 13
9704 13
9705 13
9706 13
9707 13
9708 13
9709 13
9710 13
9711 13
9712 13
9713 13
9714 13
9715 13
9716 13
9717 13
9718 13
9719 13
9720 13
9721 13
9722 13
9723 13
9724 13
9725 13
9726 13
9727 13
9728 13
9729 13
9730 13
9731 13
9732 13
9733 13
9734 13
9735 13
9736 13
9737 13
9738 13
9739 13
9740 13
9741 13
9742 13
9743 13
9744 13
9745 13
9746 13
9747 13
9748 13
9749 13
9750 13
9751 13
9752 13
9753 13
9754 13
9755 13
9756 13
9757 13
9758 13
9759 13
9760 13
9761 13
9762 13
9763 13
9764 13
9765 13
9766 13
9767 13
9768 13
9769 13
9770 13
9771 13
9772 13
9773 13
9774 13
9775 13
9776 13
9777 13
9778 13
9779 13
9780 13
9781 13
9782 13
9783 13
9784 13
9785 13
9786 13
9787 13
9788 13
9789 13
9790 13
9791 13
9792 13
9793 13
9794 13
9795 13
9796 13
9797 13
9798 13
9799 13
9800 13
9801 13
9802 13
9803 13
9804 13
9805 13
9806 13
9807 13
9808 13
9809 13
9810 13
9811 13
9812 13
9813 13
9814 13
9815 13
9816 13
9817 13
9818 13
9819 13
9820 13
9821 13
9822 13
9823 13
9824 13
9825 13
9826 13
9827 13
9828 13
9829 13
9830 13
9831 13
9832 13
9833 13
9834 13
9835 13
9836 13
9837 13
9838 13
9839 13
9840 13
9841 13
9842 13
9843 13
9844 13
9845 13
9846 13
9847 13
9848 13
9849 13
9850 13
9851 13
9852 13
9853 13
9854 13
9855 13
9856 13
9857 13
9858 13
9859 13
9860 13
9861 13
9862 13
9863 13
9864 13
9865 13
9866 13
9867 13
9868 13
9869 13
9870 13
9871 13
9872 13
9873 13
9874 13
9875 13
9876 13
9877 13
9878 13
9879 13
9880 13
9881 13
9882 13
9883 13
9884 13
9885 13
9886 13
9887 13
9888 13
9889 13
9890 13
9891 13
9892 13
9893 13
9894 13
9895 13
9896 13
9897 13
9898 13
9899 13
9900 13
9901 13
9902 13
9903 13
9904 13
9905 13
9906 13
9907 13
9908 13
9909 13
9910 13
9911 13
9912 13
9913 13
9914 13
9915 13
9916 13
9917 13
9918 13
9919 13
9920 13
9921 13
9922 13
9923 13
9924 13
9925 13
9926 13
9927 13
9928 13
9929 13
9930 13
9931 13
9932 13
9933 13
9934 13
9935 13
9936 13
9937 13
9938 13
9939 13
9940 13
9941 13
9942 13
9943 13
9944 13
9945 13
9946 13
9947 13
9948 13
9949 13
9950 13
9951 13
9952 13
9953 13
9954 13
9955 13
9956 13
9957 13
9958 13
9959 13
9960 13
9961 13
9962 13
9963 13
9964 13
9965 13
9966 13
9967 13
9968 13
9969 13
9970 13
9971 13
9972 13
9973 13
9974 13
9975 13
9976 13
9977 13
9978 13
9979 13
9980 13
9981 13
9982 13
9983 13
9984 13
9985 13
9986 13
9987 13
9988 13
9989 13
9990 13
9991 13
9992 13
9993 13
9994 13
9995 13
9996 13
9997 13
9998 13
9999 13
10000 13
