100 1
101 1
102 1
103 1
104 1
105 1
106 1
107 1
108 1
109 1
110 1
111 1
112 1
113 1
114 1
115 1
116 1
117 1
118 1
119 1
120 2
121 2
122 2
123 2
124 2
125 2
126 2
127 2
128 2
129 2
130 2
131 2
132 2
133 2
134 2
135 2
136 2
137 2
138 2
139 2
140 2
141 2
142 2
143 2
144 2
145 2
146 2
147 2
148 2
149 2
150 2
151 2
152 2
153 2
154 2
155 2
156 2
157 2
158 2
159 2
160 2
161 2
162 2
163 2
164 2
165 2
166 2
167 2
168 2
169 2
170 2
171 2
172 2
173 2
174 2
175 2
176 2
177 2
178 2
179 2
180 2
181 2
182 2
183 2
184 2
185 2
186 2
187 2
188 2
189 2
190 2
191 2
192 2
193 2
194 2
195 2
196 2
197 2
198 2
199 2
200 2
201 2
202 2
203 2
204 2
205 2
206 2
207 2
208 2
209 2
210 2
211 3
212 3
213 3
214 3
215 3
216 3
217 3
218 3
219 3
220 3
221 3
222 3
223 3
224 3
225 3
226 3
227 3
228 3
229 3
230 3
231 3
232 3
233 3
234 3
235 3
236 3
237 3
238 3
239 3
240 3
241 3
242 3
243 3
244 3
245 3
246 3
247 3
248 3
249 3
250 3
251 3
252 3
253 3
254 3
255 3
256 3
257 3
258 3
259 3
260 3
261 3
262 3
263 3
264 3
265 3
266 3
267 3
268 3
269 3
270 3
271 3
272 3
273 3
274 3
275 3
276 3
277 3
278 3
279 3
280 3
281 3
282 3
283 3
284 3
285 3
286 3
287 3
288 3
289 3
290 3
291 3
292 3
293 3
294 3
295 3
296 3
297 3
298 3
299 3
300 3
301 3
302 3
303 3
304 3
305 3
306 3
307 3
308 3
309 3
310 3
311 3
312 3
313 3
314 3
315 3
316 3
317 3
318 3
319 3
320 3
321 3
322 3
323 3
324 3
325 3
326 3
327 3
328 3
329 3
330 3
331 3
332 3
333 3
334 3
335 3
336 3
337 3
338 3
339 3
340 3
341 3
342 3
343 3
344 3
345 3
346 3
347 3
348 3
349 3
350 3
351 3
352 3
353 3
354 3
355 3
356 3
357 3
358 4
359 4
360 4
361 4
362 4
363 4
364 4
365 4
366 4
367 4
368 4
369 4
370 4
371 4
372 4
373 4
374 4
375 4
376 4
377 4
378 4
379 4
380 4
381 4
382 4
383 4
384 4
385 4
386 4
387 4
388 4
389 4
390 4
391 4
392 4
393 4
394 4
395 4
396 4
397 4
398 4
399 4
400 4
401 4
402 4
403 4
404 4
405 4
406 4
407 4
408 4
409 4
410 4
411 4
412 4
413 4
414 4
415 4
416 4
417 4
418 4
419 4
420 4
421 4
422 4
423 4
424 4
425 4
426 4
427 4
428 4
429 4
430 4
431 4
432 4
433 4
434 4
435 4
436 4
437 4
438 4
439 4
440 4
441 4
442 4
443 4
444 4
445 4
446 4
447 4
448 4
449 4
450 4
451 4
452 4
453 4
454 4
455 4
456 4
457 4
458 4
459 4
460 4
461 4
462 4
463 4
464 4
465 4
466 4
467 4
468 4
469 4
470 4
471 4
472 4
473 4
474 4
475 4
476 4
477 4
478 4
479 4
480 4
481 4
482 4
483 4
484 4
485 4
486 4
487 4
488 4
489 4
490 4
491 4
492 4
493 4
494 4
495 4
496 4
497 4
498 4
499 4
500 4
501 4
502 4
503 4
504 4
505 4
506 4
507 4
508 4
509 4
510 4
511 4
512 4
513 4
514 4
515 4
516 4
517 4
518 4
519 4
520 4
521 4
522 4
523 4
524 4
525 4
526 4
527 4
528 4
529 4
530 4
531 4
532 4
533 4
534 4
535 4
536 4
537 4
538 4
539 4
540 4
541 4
542 4
543 4
544 4
545 4
546 4
547 4
548 4
549 4
550 4
551 4
552 4
553 4
554 4
555 4
556 4
557 4
558 4
559 4
560 4
561 4
562 4
563 4
564 5
565 5
566 5
567 5
568 5
569 5
570 5
571 5
572 5
573 5
574 5
575 5
576 5
577 5
578 5
579 5
580 5
581 5
582 5
583 5
584 5
585 5
586 5
587 5
588 5
589 5
590 5
591 5
592 5
593 5
594 5
595 5
596 5
597 5
598 5
599 5
600 5
601 5
602 5
603 5
604 5
605 5
606 5
607 5
608 5
609 5
610 5
611 5
612 5
613 5
614 5
615 5
616 5
617 5
618 5
619 5
620 5
621 5
622 5
623 5
624 5
625 5
626 5
627 5
628 5
629 5
630 5
631 5
632 5
633 5
634 5
635 5
636 5
637 5
638 5
639 5
640 5
641 5
642 5
643 5
644 5
645 5
646 5
647 5
648 5
649 5
650 5
651 5
652 5
653 5
654 5
655 5
656 5
657 5
658 5
659 5
660 5
661 5
662 5
663 5
664 5
665 5
666 5
667 5
668 5
669 5
670 5
671 5
672 5
673 5
674 5
675 5
676 5
677 5
678 5
679 5
680 5
681 5
682 5
683 5
684 5
685 5
686 5
687 5
688 5
689 5
690 5
691 5
692 5
693 5
694 5
695 5
696 5
697 5
698 5
699 5
700 5
701 5
702 5
703 5
704 5
705 5
706 5
707 5
708 5
709 5
710 5
711 5
712 5
713 5
714 5
715 5
716 5
717 5
718 5
719 5
720 5
721 5
722 5
723 5
724 5
725 5
726 5
727 5
728 5
729 5
730 5
731 5
732 5
733 5
734 5
735 5
736 5
737 5
738 5
739 5
740 5
741 5
742 5
743 5
744 5
745 5
746 5
747 5
748 5
749 5
750 5
751 5
752 5
753 5
754 5
755 5
756 5
757 5
758 5
759 5
760 5
761 5
762 5
763 5
764 5
765 5
766 5
767 5
768 5
769 5
770 5
771 5
772 5
773 5
774 5
775 5
776 5
777 5
778 5
779 5
780 5
781 5
782 5
783 5
784 5
785 5
786 5
787 5
788 5
789 5
790 5
791 5
792 5
793 5
794 5
795 5
796 5
797 5
798 5
799 5
800 5
801 5
802 5
803 5
804 5
805 5
806 5
807 5
808 5
809 5
810 5
811 5
812 5
813 5
814 5
815 5
816 5
817 5
818 5
819 5
820 5
821 5
822 5
823 5
824 5
825 5
826 5
827 5
828 5
829 5
830 5
831 5
832 5
833 5
834 5
835 5
836 5
837 5
838 5
839 5
840 5
841 5
842 5
843 5
844 5
845 5
846 5
847 5
848 5
849 5
850 5
851 5
852 5
853 5
854 5
855 5
856 5
857 5
858 5
859 5
860 5
861 5
862 5
863 5
864 5
865 5
866 5
867 5
868 5
869 5
870 5
871 5
872 5
873 5
874 5
875 5
876 5
877 5
878 5
879 5
880 5
881 5
882 5
883 5
884 5
885 5
886 5
887 5
888 5
889 5
890 5
891 5
892 5
893 5
894 5
895 5
896 5
897 5
898 5
899 5
900 5
901 5
902 5
903 5
904 5
905 5
906 5
907 5
908 5
909 5
910 5
911 5
912 5
913 5
914 5
915 5
916 5
917 5
918 5
919 5
920 5
921 5
922 5
923 5
924 5
925 5
926 5
927 5
928 5
929 5
930 5
931 5
932 5
933 5
934 5
935 5
936 5
937 5
938 5
939 5
940 5
941 5
942 5
943 5
944 5
945 5
946 5
947 5
948 5
949 5
950 5
951 5
952 5
953 5
954 5
955 5
956 5
957 5
958 5
959 5
960 5
961 5
962 5
963 5
964 5
965 5
966 5
967 5
968 5
969 5
970 5
971 5
972 5
973 5
974 5
975 5
976 5
977 5
978 5
979 5
980 5
981 5
982 5
983 5
984 5
985 5
986 5
987 5
988 5
989 5
990 5
991 5
992 5
993 5
994 5
995 5
996 5
997 5
998 5
999 5
1000 5
1001 5
1002 5
1003 5
1004 5
1005 5
1006 5
1007 5
1008 5
1009 5
1010 5
1011 5
1012 5
1013 5
1014 5
1015 5
1016 5
1017 5
1018 5
1019 5
1020 5
1021 5
1022 5
1023 5
1024 5
1025 5
1026 5
1027 5
1028 5
1029 5
1030 5
1031 5
1032 5
1033 5
1034 5
1035 5
1036 5
1037 5
1038 5
1039 5
1040 5
1041 5
1042 5
1043 5
1044 5
1045 5
1046 5
1047 5
1048 5
1049 5
1050 5
1051 5
1052 5
1053 5
1054 5
1055 5
1056 5
1057 5
1058 5
1059 5
1060 5
1061 5
1062 5
1063 5
1064 5
1065 5
1066 5
1067 5
1068 5
1069 5
1070 5
1071 5
1072 5
1073 5
1074 5
1075 5
1076 5
1077 5
1078 5
1079 5
1080 5
1081 5
1082 5
1083 5
1084 5
1085 5
1086 5
1087 5
1088 5
1089 5
1090 5
1091 5
1092 5
1093 5
1094 5
1095 5
1096 5
1097 5
1098 5
1099 5
1100 5
1101 5
1102 5
1103 5
1104 5
1105 5
1106 5
1107 5
1108 5
1109 5
1110 5
1111 5
1112 5
1113 5
1114 5
1115 5
1116 5
1117 5
1118 5
1119 5
1120 5
1121 5
1122 5
1123 5
1124 5
1125 5
1126 5
1127 5
1128 5
1129 5
1130 5
1131 5
1132 5
1133 5
1134 5
1135 5
1136 5
1137 5
1138 5
1139 5
1140 5
1141 5
1142 5
1143 5
1144 5
1145 5
1146 5
1147 5
1148 5
1149 5
1150 5
1151 5
1152 5
1153 5
1154 5
1155 5
1156 5
1157 5
1158 5
1159 5
1160 5
1161 5
1162 5
1163 5
1164 5
1165 5
1166 5
1167 5
1168 5
1169 5
1170 5
1171 5
1172 5
1173 5
1174 5
1175 5
1176 5
1177 5
1178 5
1179 5
1180 5
1181 5
1182 5
1183 5
1184 5
1185 5
1186 5
1187 5
1188 5
1189 5
1190 5
1191 5
1192 5
1193 5
1194 5
1195 5
1196 5
1197 5
1198 5
1199 5
1200 5
1201 5
1202 5
1203 5
1204 5
1205 5
1206 5
1207 5
1208 5
1209 5
1210 5
1211 5
1212 5
1213 5
1214 5
1215 5
1216 5
1217 5
1218 5
1219 5
1220 5
1221 5
1222 5
1223 5
1224 5
1225 5
1226 5
1227 5
1228 5
1229 5
1230 5
1231 5
1232 5
1233 5
1234 5
1235 5
1236 5
1237 5
1238 5
1239 5
1240 5
1241 5
1242 5
1243 5
1244 5
1245 5
1246 5
1247 5
1248 5
1249 5
1250 5
1251 5
1252 5
1253 5
1254 5
1255 5
1256 5
1257 5
1258 5
1259 5
1260 5
1261 5
1262 5
1263 5
1264 5
1265 5
1266 5
1267 5
1268 5
1269 5
1270 5
1271 5
1272 5
1273 5
1274 5
1275 5
1276 5
1277 5
1278 5
1279 5
1280 5
1281 5
1282 5
1283 5
1284 5
1285 5
1286 5
1287 5
1288 5
1289 5
1290 5
1291 5
1292 5
1293 5
1294 5
1295 5
1296 5
1297 5
1298 5
1299 5
1300 5
1301 5
1302 5
1303 5
1304 5
1305 5
1306 5
1307 5
1308 5
1309 5
1310 5
1311 5
1312 5
1313 5
1314 5
1315 5
1316 5
1317 5
1318 5
1319 5
1320 5
1321 5
1322 5
1323 5
1324 5
1325 5
1326 5
1327 5
1328 5
1329 5
1330 5
1331 5
1332 5
1333 5
1334 5
1335 5
1336 5
1337 5
1338 5
1339 5
1340 5
1341 5
1342 5
1343 5
1344 5
1345 5
1346 5
1347 5
1348 5
1349 5
1350 5
1351 5
1352 5
1353 5
1354 5
1355 5
1356 5
1357 5
1358 5
1359 5
1360 5
1361 5
1362 5
1363 5
1364 5
1365 5
1366 5
1367 5
1368 5
1369 5
1370 5
1371 5
1372 5
1373 5
1374 5
1375 5
1376 5
1377 5
1378 5
1379 5
1380 5
1381 5
1382 5
1383 5
1384 5
1385 5
1386 5
1387 5
1388 5
1389 5
1390 5
1391 5
1392 5
1393 5
1394 5
1395 5
1396 5
1397 5
1398 5
1399 5
1400 5
1401 5
1402 5
1403 5
1404 5
1405 5
1406 5
1407 5
1408 5
1409 5
1410 5
1411 5
1412 5
1413 5
1414 5
1415 5
1416 5
1417 5
1418 5
1419 5
1420 5
1421 5
1422 5
1423 5
1424 5
1425 5
1426 5
1427 5
1428 5
1429 5
1430 5
1431 5
1432 5
1433 5
1434 5
1435 5
1436 5
1437 5
1438 5
1439 5
1440 5
1441 5
1442 5
1443 5
1444 5
1445 5
1446 5
1447 5
1448 5
1449 5
1450 5
1451 5
1452 5
1453 5
1454 5
1455 5
1456 5
1457 5
1458 5
1459 5
1460 5
1461 5
1462 5
1463 5
1464 5
1465 5
1466 5
1467 5
1468 5
1469 5
1470 5
1471 5
1472 5
1473 5
1474 5
1475 5
1476 5
1477 5
1478 5
1479 5
1480 5
1481 5
1482 5
1483 5
1484 5
1485 5
1486 5
1487 5
1488 5
1489 5
1490 5
1491 5
1492 5
1493 5
1494 5
1495 5
1496 5
1497 5
1498 5
1499 5
1500 5
1501 5
1502 5
1503 5
1504 5
1505 5
1506 5
1507 5
1508 5
1509 5
1510 5
1511 5
1512 5
1513 5
1514 5
1515 5
1516 5
1517 5
1518 5
1519 5
1520 5
1521 5
1522 5
1523 5
1524 5
1525 5
1526 5
1527 5
1528 5
1529 5
1530 5
1531 5
1532 5
1533 5
1534 5
1535 5
1536 5
1537 5
1538 5
1539 5
1540 5
1541 5
1542 5
1543 5
1544 5
1545 5
1546 5
1547 5
1548 5
1549 5
1550 5
1551 5
1552 5
1553 5
1554 5
1555 5
1556 5
1557 5
1558 5
1559 5
1560 5
1561 5
1562 5
1563 5
1564 5
1565 5
1566 5
1567 5
1568 5
1569 5
1570 5
1571 5
1572 5
1573 5
1574 5
1575 5
1576 5
1577 5
1578 5
1579 5
1580 5
1581 5
1582 5
1583 5
1584 5
1585 5
1586 5
1587 5
1588 5
1589 5
1590 5
1591 5
1592 5
1593 5
1594 5
1595 5
1596 5
1597 5
1598 5
1599 5
1600 5
1601 5
1602 5
1603 5
1604 5
1605 5
1606 5
1607 5
1608 5
1609 5
1610 5
1611 5
1612 5
1613 5
1614 5
1615 5
1616 5
1617 5
1618 5
1619 5
1620 5
1621 5
1622 5
1623 5
1624 5
1625 5
1626 5
1627 5
1628 5
1629 5
1630 5
1631 5
1632 5
1633 5
1634 5
1635 5
1636 5
1637 5
1638 5
1639 5
1640 5
1641 5
1642 5
1643 5
1644 5
1645 5
1646 5
1647 5
1648 5
1649 5
1650 5
1651 5
1652 5
1653 5
1654 5
1655 5
1656 5
1657 5
1658 5
1659 5
1660 5
1661 5
1662 5
1663 5
1664 5
1665 5
1666 5
1667 5
1668 5
1669 5
1670 5
1671 5
1672 5
1673 5
1674 5
1675 5
1676 5
1677 5
1678 5
1679 5
1680 5
1681 5
1682 5
1683 5
1684 5
1685 5
1686 5
1687 5
1688 5
1689 5
1690 5
1691 5
1692 5
1693 5
1694 5
1695 5
1696 5
1697 5
1698 5
1699 5
1700 5
1701 5
1702 5
1703 5
1704 5
1705 5
1706 5
1707 5
1708 5
1709 5
1710 5
1711 5
1712 5
1713 5
1714 5
1715 5
1716 5
1717 5
1718 5
1719 5
1720 5
1721 5
1722 5
1723 5
1724 5
1725 5
1726 5
1727 5
1728 5
1729 5
1730 5
1731 5
1732 5
1733 5
1734 5
1735 5
1736 5
1737 5
1738 5
1739 5
1740 5
1741 5
1742 5
1743 5
1744 5
1745 5
1746 5
1747 5
1748 5
1749 5
1750 5
1751 5
1752 5
1753 5
1754 5
1755 5
1756 5
1757 5
1758 5
1759 5
1760 5
1761 5
1762 5
1763 5
1764 5
1765 5
1766 5
1767 5
1768 5
1769 5
1770 5
1771 5
1772 5
1773 5
1774 5
1775 5
1776 5
1777 5
1778 5
1779 5
1780 5
1781 5
1782 5
1783 5
1784 5
1785 5
1786 5
1787 5
1788 5
1789 5
1790 5
1791 5
1792 5
1793 5
1794 5
1795 5
1796 5
1797 5
1798 5
1799 5
1800 5
1801 5
1802 5
1803 5
1804 5
1805 5
1806 5
1807 5
1808 5
1809 5
1810 5
1811 5
1812 5
1813 5
1814 5
1815 5
1816 5
1817 5
1818 5
1819 5
1820 5
1821 5
1822 5
1823 5
1824 5
1825 5
1826 5
1827 5
1828 5
1829 5
1830 5
1831 5
1832 5
1833 5
1834 5
1835 5
1836 5
1837 5
1838 5
1839 5
1840 5
1841 5
1842 5
1843 5
1844 5
1845 5
1846 5
1847 5
1848 5
1849 5
1850 5
1851 5
1852 5
1853 5
1854 5
1855 5
1856 5
1857 5
1858 5
1859 5
1860 5
1861 5
1862 5
1863 5
1864 5
1865 5
1866 5
1867 5
1868 5
1869 5
1870 5
1871 5
1872 5
1873 5
1874 5
1875 5
1876 5
1877 5
1878 5
1879 5
1880 5
1881 5
1882 5
1883 5
1884 5
1885 5
1886 5
1887 5
1888 5
1889 5
1890 5
1891 5
1892 5
1893 5
1894 5
1895 5
1896 5
1897 5
1898 5
1899 5
1900 5
1901 5
1902 5
1903 5
1904 5
1905 5
1906 5
1907 5
1908 5
1909 5
1910 5
1911 5
1912 5
1913 5
1914 5
1915 5
1916 5
1917 5
1918 5
1919 5
1920 5
1921 5
1922 5
1923 5
1924 5
1925 5
1926 5
1927 5
1928 5
1929 5
1930 5
1931 5
1932 5
1933 5
1934 5
1935 5
1936 5
1937 5
1938 5
1939 5
1940 5
1941 5
1942 5
1943 5
1944 5
1945 5
1946 5
1947 5
1948 5
1949 5
1950 5
1951 5
1952 5
1953 5
1954 5
1955 5
1956 5
1957 5
1958 5
1959 5
1960 5
1961 5
1962 5
1963 5
1964 5
1965 5
1966 5
1967 5
1968 5
1969 5
1970 5
1971 5
1972 5
1973 5
1974 5
1975 5
1976 5
1977 5
1978 5
1979 5
1980 5
1981 5
1982 5
1983 5
1984 5
1985 5
1986 5
1987 5
1988 5
1989 5
1990 5
1991 5
1992 5
1993 5
1994 5
1995 5
1996 5
1997 5
1998 5
1999 5
2000 5
2001 5
2002 5
2003 5
2004 5
2005 5
2006 5
2007 5
2008 5
2009 5
2010 5
2011 5
2012 5
2013 5
2014 5
2015 5
2016 5
2017 5
2018 5
2019 5
2020 5
2021 5
2022 5
2023 5
2024 5
2025 5
2026 5
2027 5
2028 5
2029 5
2030 5
2031 5
2032 5
2033 5
2034 5
2035 5
2036 5
2037 5
2038 5
2039 5
2040 5
2041 5
2042 5
2043 5
2044 5
2045 5
2046 5
2047 5
2048 5
2049 5
2050 5
2051 5
2052 5
2053 5
2054 5
2055 5
2056 5
2057 5
2058 5
2059 5
2060 5
2061 5
2062 5
2063 5
2064 5
2065 5
2066 5
2067 5
2068 5
2069 5
2070 5
2071 5
2072 5
2073 5
2074 5
2075 5
2076 5
2077 5
2078 5
2079 5
2080 5
2081 5
2082 5
2083 5
2084 5
2085 5
2086 5
2087 5
2088 5
2089 5
2090 5
2091 5
2092 5
2093 5
2094 5
2095 5
2096 5
2097 5
2098 5
2099 5
2100 5
2101 5
2102 5
2103 5
2104 5
2105 5
2106 5
2107 5
2108 5
2109 5
2110 5
2111 5
2112 5
2113 5
2114 5
2115 5
2116 5
2117 5
2118 5
2119 5
2120 5
2121 5
2122 5
2123 5
2124 5
2125 5
2126 5
2127 5
2128 5
2129 5
2130 5
2131 5
2132 5
2133 5
2134 5
2135 5
2136 5
2137 5
2138 5
2139 5
2140 5
2141 5
2142 5
2143 5
2144 5
2145 5
2146 5
2147 5
2148 5
2149 5
2150 5
2151 5
2152 5
2153 5
2154 5
2155 5
2156 5
2157 5
2158 5
2159 5
2160 5
2161 5
2162 5
2163 5
2164 5
2165 5
2166 5
2167 5
2168 5
2169 5
2170 5
2171 5
2172 5
2173 5
2174 5
2175 5
2176 5
2177 5
2178 5
2179 5
2180 5
2181 5
2182 5
2183 5
2184 5
2185 5
2186 5
2187 5
2188 5
2189 5
2190 5
2191 5
2192 5
2193 5
2194 5
2195 5
2196 5
2197 5
2198 5
2199 5
2200 5
2201 5
2202 5
2203 5
2204 5
2205 5
2206 5
2207 5
2208 5
2209 5
2210 5
2211 5
2212 5
2213 5
2214 5
2215 5
2216 5
2217 5
2218 5
2219 5
2220 5
2221 5
2222 5
2223 5
2224 5
2225 5
2226 5
2227 5
2228 5
2229 5
2230 5
2231 5
2232 5
2233 5
2234 5
2235 5
2236 5
2237 5
2238 5
2239 5
2240 5
2241 5
2242 5
2243 5
2244 5
2245 5
2246 5
2247 5
2248 5
2249 5
2250 5
2251 5
2252 5
2253 5
2254 5
2255 5
2256 5
2257 5
2258 5
2259 5
2260 5
2261 5
2262 5
2263 5
2264 5
2265 5
2266 5
2267 5
2268 5
2269 5
2270 5
2271 5
2272 5
2273 5
2274 5
2275 5
2276 5
2277 5
2278 5
2279 5
2280 5
2281 5
2282 5
2283 5
2284 5
2285 5
2286 5
2287 5
2288 5
2289 5
2290 5
2291 5
2292 5
2293 5
2294 5
2295 5
2296 5
2297 5
2298 5
2299 5
2300 5
2301 5
2302 5
2303 5
2304 5
2305 5
2306 5
2307 5
2308 5
2309 5
2310 5
2311 5
2312 5
2313 5
2314 5
2315 5
2316 5
2317 5
2318 5
2319 5
2320 5
2321 5
2322 5
2323 5
2324 5
2325 5
2326 5
2327 5
2328 5
2329 5
2330 5
2331 5
2332 5
2333 5
2334 5
2335 5
2336 5
2337 5
2338 5
2339 5
2340 5
2341 5
2342 5
2343 5
2344 5
2345 5
2346 5
2347 5
2348 5
2349 5
2350 5
2351 5
2352 5
2353 5
2354 5
2355 5
2356 5
2357 5
2358 5
2359 5
2360 5
2361 5
2362 5
2363 5
2364 5
2365 5
2366 5
2367 5
2368 5
2369 5
2370 5
2371 5
2372 5
2373 5
2374 5
2375 5
2376 5
2377 5
2378 5
2379 5
2380 5
2381 5
2382 5
2383 5
2384 5
2385 5
2386 5
2387 5
2388 5
2389 5
2390 5
2391 5
2392 5
2393 5
2394 5
2395 5
2396 5
2397 5
2398 5
2399 5
2400 5
2401 5
2402 5
2403 5
2404 5
2405 5
2406 5
2407 5
2408 5
2409 5
2410 5
2411 5
2412 5
2413 5
2414 5
2415 5
2416 5
2417 5
2418 5
2419 5
2420 5
2421 5
2422 5
2423 5
2424 5
2425 5
2426 5
2427 5
2428 5
2429 5
2430 5
2431 5
2432 5
2433 5
2434 5
2435 5
2436 5
2437 5
2438 5
2439 5
2440 5
2441 5
2442 5
2443 5
2444 5
2445 5
2446 5
2447 5
2448 5
2449 5
2450 5
2451 5
2452 5
2453 5
2454 5
2455 5
2456 5
2457 5
2458 5
2459 5
2460 5
2461 5
2462 5
2463 5
2464 5
2465 5
2466 5
2467 5
2468 5
2469 5
2470 5
2471 5
2472 5
2473 5
2474 5
2475 5
2476 5
2477 5
2478 5
2479 5
2480 5
2481 5
2482 5
2483 5
2484 5
2485 5
2486 5
2487 5
2488 5
2489 5
2490 5
2491 5
2492 5
2493 5
2494 5
2495 5
2496 5
2497 5
2498 5
2499 5
2500 5
2501 5
2502 5
2503 5
2504 5
2505 5
2506 5
2507 5
2508 5
2509 5
2510 5
2511 5
2512 5
2513 5
2514 5
2515 5
2516 5
2517 5
2518 5
2519 5
2520 5
2521 5
2522 5
2523 5
2524 5
2525 5
2526 5
2527 5
2528 5
2529 5
2530 5
2531 5
2532 5
2533 5
2534 5
2535 5
2536 5
2537 5
2538 5
2539 5
2540 5
2541 5
2542 5
2543 5
2544 5
2545 5
2546 5
2547 5
2548 5
2549 5
2550 5
2551 5
2552 5
2553 5
2554 5
2555 5
2556 5
2557 6
2558 6
2559 6
2560 6
2561 6
2562 6
2563 6
2564 6
2565 6
2566 6
2567 6
2568 6
2569 6
2570 6
2571 6
2572 6
2573 6
2574 6
2575 6
2576 6
2577 6
2578 6
2579 6
2580 6
2581 6
2582 6
2583 6
2584 6
2585 6
2586 6
2587 6
2588 6
2589 6
2590 6
2591 6
2592 6
2593 6
2594 6
2595 6
2596 6
2597 6
2598 6
2599 6
2600 6
2601 6
2602 6
2603 6
2604 6
2605 6
2606 6
2607 6
2608 6
2609 6
2610 6
2611 6
2612 6
2613 6
2614 6
2615 6
2616 6
2617 6
2618 6
2619 6
2620 6
2621 6
2622 6
2623 6
2624 6
2625 6
2626 6
2627 6
2628 6
2629 6
2630 6
2631 6
2632 6
2633 6
2634 6
2635 6
2636 6
2637 6
2638 6
2639 6
2640 6
2641 6
2642 6
2643 6
2644 6
2645 6
2646 6
2647 6
2648 6
2649 6
2650 6
2651 6
2652 6
2653 6
2654 6
2655 6
2656 6
2657 6
2658 6
2659 6
2660 6
2661 6
2662 6
2663 6
2664 6
2665 6
2666 6
2667 6
2668 6
2669 6
2670 6
2671 6
2672 6
2673 6
2674 6
2675 6
2676 6
2677 6
2678 6
2679 6
2680 6
2681 6
2682 6
2683 6
2684 6
2685 6
2686 6
2687 6
2688 6
2689 6
2690 6
2691 6
2692 6
2693 6
2694 6
2695 6
2696 6
2697 6
2698 6
2699 6
2700 6
2701 6
2702 6
2703 6
2704 6
2705 6
2706 6
2707 6
2708 6
2709 6
2710 6
2711 6
2712 6
2713 6
2714 6
2715 6
2716 6
2717 6
2718 6
2719 6
2720 6
2721 6
2722 6
2723 6
2724 6
2725 6
2726 6
2727 6
2728 6
2729 6
2730 6
2731 6
2732 6
2733 6
2734 6
2735 6
2736 6
2737 6
2738 6
2739 6
2740 6
2741 6
2742 6
2743 6
2744 6
2745 6
2746 6
2747 6
2748 6
2749 6
2750 6
2751 6
2752 6
2753 6
2754 6
2755 6
2756 6
2757 6
2758 6
2759 6
2760 6
2761 6
2762 6
2763 6
2764 6
2765 6
2766 6
2767 6
2768 6
2769 6
2770 6
2771 6
2772 6
2773 6
2774 6
2775 6
2776 6
2777 6
2778 6
2779 6
2780 6
2781 6
2782 6
2783 6
2784 6
2785 6
2786 6
2787 6
2788 6
2789 6
2790 6
2791 6
2792 6
2793 6
2794 6
2795 6
2796 6
2797 6
2798 6
2799 6
2800 6
2801 6
2802 6
2803 6
2804 6
2805 6
2806 6
2807 6
2808 6
2809 6
2810 6
2811 6
2812 6
2813 6
2814 6
2815 6
2816 6
2817 6
2818 6
2819 6
2820 6
2821 6
2822 6
2823 6
2824 6
2825 6
2826 6
2827 6
2828 6
2829 6
2830 6
2831 6
2832 6
2833 6
2834 6
2835 6
2836 6
2837 6
2838 6
2839 6
2840 6
2841 6
2842 6
2843 6
2844 6
2845 6
2846 6
2847 6
2848 6
2849 6
2850 6
2851 6
2852 6
2853 6
2854 6
2855 6
2856 6
2857 6
2858 6
2859 6
2860 6
2861 6
2862 6
2863 6
2864 6
2865 6
2866 6
2867 6
2868 6
2869 6
2870 6
2871 6
2872 6
2873 6
2874 6
2875 6
2876 6
2877 6
2878 6
2879 6
2880 6
2881 6
2882 6
2883 6
2884 6
2885 6
2886 6
2887 6
2888 6
2889 6
2890 6
2891 6
2892 6
2893 6
2894 6
2895 6
2896 6
2897 6
2898 6
2899 6
2900 6
2901 6
2902 6
2903 6
2904 6
2905 6
2906 6
2907 6
2908 6
2909 6
2910 6
2911 6
2912 6
2913 6
2914 6
2915 6
2916 6
2917 6
2918 6
2919 6
2920 6
2921 6
2922 6
2923 6
2924 6
2925 6
2926 6
2927 6
2928 6
2929 6
2930 6
2931 6
2932 6
2933 6
2934 6
2935 6
2936 6
2937 6
2938 6
2939 6
2940 6
2941 6
2942 6
2943 6
2944 6
2945 6
2946 6
2947 6
2948 6
2949 6
2950 6
2951 6
2952 6
2953 6
2954 6
2955 6
2956 6
2957 6
2958 6
2959 6
2960 6
2961 6
2962 6
2963 6
2964 6
2965 6
2966 6
2967 6
2968 6
2969 6
2970 6
2971 6
2972 6
2973 6
2974 6
2975 6
2976 6
2977 6
2978 6
2979 6
2980 6
2981 6
2982 6
2983 6
2984 6
2985 6
2986 6
2987 6
2988 6
2989 6
2990 6
2991 6
2992 6
2993 6
2994 6
2995 6
2996 6
2997 6
2998 6
2999 6
3000 6
3001 6
3002 6
3003 6
3004 6
3005 6
3006 6
3007 6
3008 6
3009 6
3010 6
3011 6
3012 6
3013 6
3014 6
3015 6
3016 6
3017 6
3018 6
3019 6
3020 6
3021 6
3022 6
3023 6
3024 6
3025 6
3026 6
3027 6
3028 6
3029 6
3030 6
3031 6
3032 6
3033 6
3034 6
3035 6
3036 6
3037 6
3038 6
3039 6
3040 6
3041 6
3042 6
3043 6
3044 6
3045 6
3046 6
3047 6
3048 6
3049 6
3050 6
3051 6
3052 6
3053 6
3054 6
3055 6
3056 6
3057 6
3058 6
3059 6
3060 6
3061 6
3062 6
3063 6
3064 6
3065 6
3066 6
3067 6
3068 6
3069 6
3070 6
3071 6
3072 6
3073 6
3074 6
3075 6
3076 6
3077 6
3078 6
3079 6
3080 6
3081 6
3082 6
3083 6
3084 6
3085 6
3086 6
3087 6
3088 6
3089 6
3090 6
3091 6
3092 6
3093 6
3094 6
3095 6
3096 6
3097 6
3098 6
3099 6
3100 6
3101 6
3102 6
3103 6
3104 6
3105 6
3106 6
3107 6
3108 6
3109 6
3110 6
3111 6
3112 6
3113 7
3114 7
3115 7
3116 7
3117 7
3118 7
3119 7
3120 7
3121 7
3122 7
3123 7
3124 7
3125 7
3126 7
3127 7
3128 7
3129 7
3130 7
3131 7
3132 7
3133 7
3134 7
3135 7
3136 7
3137 7
3138 7
3139 7
3140 7
3141 7
3142 7
3143 7
3144 7
3145 7
3146 7
3147 7
3148 7
3149 7
3150 7
3151 7
3152 7
3153 7
3154 7
3155 7
3156 7
3157 7
3158 7
3159 7
3160 7
3161 7
3162 7
3163 7
3164 7
3165 7
3166 7
3167 7
3168 7
3169 7
3170 7
3171 7
3172 7
3173 7
3174 7
3175 7
3176 7
3177 7
3178 7
3179 7
3180 7
3181 7
3182 7
3183 7
3184 7
3185 7
3186 7
3187 7
3188 7
3189 7
3190 7
3191 7
3192 7
3193 7
3194 7
3195 7
3196 7
3197 7
3198 7
3199 7
3200 7
3201 7
3202 7
3203 7
3204 7
3205 7
3206 7
3207 7
3208 7
3209 7
3210 7
3211 7
3212 7
3213 7
3214 7
3215 7
3216 7
3217 7
3218 7
3219 7
3220 7
3221 7
3222 7
3223 7
3224 7
3225 7
3226 7
3227 7
3228 7
3229 7
3230 7
3231 7
3232 7
3233 7
3234 7
3235 7
3236 7
3237 7
3238 7
3239 7
3240 7
3241 7
3242 7
3243 7
3244 7
3245 7
3246 7
3247 7
3248 7
3249 7
3250 7
3251 7
3252 7
3253 7
3254 7
3255 7
3256 7
3257 7
3258 7
3259 7
3260 7
3261 7
3262 7
3263 7
3264 7
3265 7
3266 7
3267 7
3268 7
3269 7
3270 7
3271 7
3272 7
3273 7
3274 7
3275 7
3276 7
3277 7
3278 7
3279 7
3280 7
3281 7
3282 7
3283 7
3284 7
3285 7
3286 7
3287 7
3288 7
3289 7
3290 7
3291 7
3292 7
3293 7
3294 7
3295 7
3296 7
3297 7
3298 7
3299 7
3300 7
3301 7
3302 7
3303 7
3304 7
3305 7
3306 7
3307 7
3308 7
3309 7
3310 7
3311 7
3312 7
3313 7
3314 7
3315 7
3316 7
3317 7
3318 7
3319 7
3320 7
3321 7
3322 7
3323 7
3324 7
3325 7
3326 7
3327 7
3328 7
3329 7
3330 7
3331 7
3332 7
3333 7
3334 7
3335 7
3336 7
3337 7
3338 7
3339 7
3340 7
3341 7
3342 7
3343 7
3344 7
3345 7
3346 7
3347 7
3348 7
3349 7
3350 7
3351 7
3352 7
3353 7
3354 7
3355 7
3356 7
3357 7
3358 7
3359 7
3360 7
3361 7
3362 7
3363 7
3364 7
3365 7
3366 7
3367 7
3368 7
3369 7
3370 7
3371 7
3372 7
3373 7
3374 7
3375 7
3376 7
3377 7
3378 7
3379 7
3380 7
3381 7
3382 7
3383 7
3384 7
3385 7
3386 7
3387 7
3388 7
3389 7
3390 7
3391 7
3392 7
3393 7
3394 7
3395 7
3396 7
3397 7
3398 7
3399 7
3400 7
3401 7
3402 7
3403 7
3404 7
3405 7
3406 7
3407 7
3408 7
3409 7
3410 7
3411 7
3412 7
3413 7
3414 7
3415 7
3416 7
3417 7
3418 7
3419 7
3420 7
3421 7
3422 7
3423 7
3424 7
3425 7
3426 7
3427 7
3428 7
3429 7
3430 7
3431 7
3432 7
3433 7
3434 7
3435 7
3436 7
3437 7
3438 7
3439 7
3440 7
3441 7
3442 7
3443 7
3444 7
3445 7
3446 7
3447 7
3448 7
3449 7
3450 7
3451 7
3452 7
3453 7
3454 7
3455 7
3456 7
3457 7
3458 7
3459 7
3460 7
3461 7
3462 7
3463 7
3464 7
3465 7
3466 7
3467 7
3468 7
3469 7
3470 7
3471 7
3472 7
3473 7
3474 7
3475 7
3476 7
3477 7
3478 7
3479 7
3480 7
3481 7
3482 7
3483 7
3484 7
3485 7
3486 7
3487 7
3488 7
3489 7
3490 7
3491 7
3492 7
3493 7
3494 7
3495 7
3496 7
3497 7
3498 7
3499 7
3500 7
3501 7
3502 7
3503 7
3504 7
3505 7
3506 7
3507 7
3508 7
3509 7
3510 7
3511 7
3512 7
3513 7
3514 7
3515 7
3516 7
3517 7
3518 7
3519 7
3520 7
3521 7
3522 7
3523 7
3524 7
3525 7
3526 7
3527 7
3528 7
3529 7
3530 7
3531 7
3532 7
3533 7
3534 7
3535 7
3536 7
3537 7
3538 7
3539 7
3540 7
3541 7
3542 7
3543 7
3544 7
3545 7
3546 7
3547 7
3548 7
3549 7
3550 7
3551 7
3552 7
3553 7
3554 7
3555 7
3556 7
3557 7
3558 7
3559 7
3560 7
3561 7
3562 7
3563 7
3564 7
3565 7
3566 7
3567 7
3568 7
3569 7
3570 7
3571 7
3572 7
3573 7
3574 7
3575 7
3576 7
3577 7
3578 7
3579 7
3580 7
3581 7
3582 7
3583 7
3584 7
3585 7
3586 7
3587 7
3588 7
3589 7
3590 7
3591 7
3592 7
3593 7
3594 7
3595 7
3596 7
3597 7
3598 7
3599 7
3600 7
3601 7
3602 7
3603 7
3604 7
3605 7
3606 7
3607 7
3608 7
3609 7
3610 7
3611 7
3612 7
3613 7
3614 7
3615 7
3616 7
3617 7
3618 7
3619 7
3620 7
3621 7
3622 7
3623 7
3624 7
3625 7
3626 7
3627 7
3628 7
3629 7
3630 7
3631 7
3632 7
3633 7
3634 7
3635 7
3636 7
3637 7
3638 7
3639 7
3640 7
3641 7
3642 7
3643 7
3644 7
3645 7
3646 7
3647 7
3648 7
3649 7
3650 7
3651 7
3652 7
3653 7
3654 7
3655 7
3656 7
3657 7
3658 7
3659 7
3660 7
3661 7
3662 7
3663 7
3664 7
3665 7
3666 7
3667 7
3668 7
3669 7
3670 7
3671 7
3672 7
3673 7
3674 7
3675 7
3676 7
3677 7
3678 7
3679 7
3680 7
3681 7
3682 7
3683 7
3684 7
3685 7
3686 7
3687 7
3688 7
3689 7
3690 7
3691 7
3692 7
3693 7
3694 7
3695 7
3696 7
3697 7
3698 7
3699 7
3700 7
3701 7
3702 7
3703 7
3704 7
3705 7
3706 7
3707 7
3708 7
3709 7
3710 7
3711 7
3712 7
3713 7
3714 7
3715 7
3716 7
3717 7
3718 7
3719 7
3720 7
3721 7
3722 7
3723 7
3724 7
3725 7
3726 7
3727 7
3728 7
3729 7
3730 7
3731 7
3732 7
3733 7
3734 7
3735 7
3736 7
3737 7
3738 7
3739 7
3740 7
3741 7
3742 7
3743 7
3744 7
3745 7
3746 7
3747 7
3748 7
3749 7
3750 7
3751 7
3752 7
3753 7
3754 7
3755 7
3756 7
3757 7
3758 7
3759 7
3760 7
3761 7
3762 7
3763 7
3764 7
3765 7
3766 7
3767 7
3768 7
3769 7
3770 7
3771 7
3772 7
3773 7
3774 7
3775 7
3776 7
3777 7
3778 7
3779 7
3780 7
3781 7
3782 7
3783 7
3784 7
3785 7
3786 7
3787 7
3788 7
3789 7
3790 7
3791 7
3792 7
3793 7
3794 7
3795 7
3796 7
3797 7
3798 7
3799 7
3800 7
3801 7
3802 7
3803 7
3804 7
3805 7
3806 7
3807 7
3808 7
3809 7
3810 7
3811 7
3812 7
3813 7
3814 7
3815 7
3816 7
3817 7
3818 7
3819 7
3820 7
3821 7
3822 7
3823 7
3824 7
3825 7
3826 7
3827 7
3828 7
3829 7
3830 7
3831 7
3832 7
3833 7
3834 7
3835 7
3836 7
3837 7
3838 7
3839 7
3840 7
3841 7
3842 7
3843 7
3844 7
3845 7
3846 7
3847 7
3848 7
3849 7
3850 7
3851 7
3852 7
3853 7
3854 7
3855 7
3856 7
3857 7
3858 7
3859 7
3860 7
3861 7
3862 7
3863 7
3864 7
3865 7
3866 7
3867 7
3868 7
3869 7
3870 7
3871 7
3872 7
3873 7
3874 7
3875 7
3876 7
3877 7
3878 7
3879 7
3880 7
3881 7
3882 7
3883 7
3884 7
3885 7
3886 7
3887 7
3888 7
3889 7
3890 7
3891 7
3892 7
3893 7
3894 7
3895 7
3896 7
3897 7
3898 7
3899 7
3900 7
3901 7
3902 7
3903 7
3904 7
3905 7
3906 7
3907 7
3908 7
3909 7
3910 7
3911 7
3912 7
3913 7
3914 7
3915 7
3916 7
3917 7
3918 7
3919 7
3920 7
3921 7
3922 7
3923 7
3924 7
3925 7
3926 7
3927 7
3928 7
3929 7
3930 7
3931 7
3932 7
3933 7
3934 7
3935 7
3936 7
3937 7
3938 7
3939 7
3940 7
3941 7
3942 7
3943 7
3944 7
3945 7
3946 7
3947 7
3948 7
3949 7
3950 7
3951 7
3952 7
3953 7
3954 7
3955 7
3956 7
3957 7
3958 7
3959 7
3960 7
3961 7
3962 7
3963 7
3964 7
3965 7
3966 7
3967 7
3968 7
3969 7
3970 7
3971 7
3972 7
3973 7
3974 7
3975 7
3976 7
3977 7
3978 7
3979 7
3980 7
3981 7
3982 7
3983 7
3984 7
3985 7
3986 7
3987 7
3988 7
3989 7
3990 7
3991 7
3992 7
3993 7
3994 7
3995 7
3996 7
3997 7
3998 7
3999 7
4000 7
4001 7
4002 7
4003 7
4004 7
4005 7
4006 7
4007 7
4008 7
4009 7
4010 7
4011 7
4012 7
4013 7
4014 7
4015 7
4016 7
4017 7
4018 7
4019 7
4020 7
4021 7
4022 7
4023 7
4024 7
4025 7
4026 7
4027 7
4028 7
4029 7
4030 7
4031 7
4032 7
4033 7
4034 7
4035 7
4036 7
4037 7
4038 7
4039 7
4040 7
4041 7
4042 7
4043 7
4044 7
4045 7
4046 7
4047 7
4048 7
4049 7
4050 7
4051 7
4052 7
4053 7
4054 7
4055 7
4056 7
4057 7
4058 7
4059 7
4060 7
4061 7
4062 7
4063 7
4064 7
4065 7
4066 7
4067 7
4068 7
4069 7
4070 7
4071 7
4072 7
4073 7
4074 7
4075 7
4076 7
4077 7
4078 7
4079 7
4080 7
4081 7
4082 7
4083 7
4084 7
4085 7
4086 7
4087 7
4088 7
4089 7
4090 7
4091 7
4092 7
4093 7
4094 7
4095 7
4096 7
4097 7
4098 7
4099 7
4100 7
4101 7
4102 7
4103 7
4104 7
4105 7
4106 7
4107 7
4108 7
4109 7
4110 7
4111 7
4112 7
4113 7
4114 7
4115 7
4116 7
4117 7
4118 7
4119 7
4120 7
4121 7
4122 7
4123 7
4124 7
4125 7
4126 7
4127 7
4128 7
4129 7
4130 7
4131 7
4132 7
4133 7
4134 7
4135 7
4136 7
4137 7
4138 7
4139 7
4140 7
4141 7
4142 7
4143 7
4144 7
4145 7
4146 7
4147 7
4148 7
4149 7
4150 7
4151 7
4152 7
4153 7
4154 7
4155 7
4156 7
4157 7
4158 7
4159 7
4160 7
4161 7
4162 7
4163 7
4164 7
4165 7
4166 7
4167 7
4168 7
4169 7
4170 7
4171 7
4172 7
4173 7
4174 7
4175 7
4176 7
4177 7
4178 7
4179 7
4180 7
4181 7
4182 7
4183 7
4184 7
4185 7
4186 7
4187 7
4188 7
4189 7
4190 7
4191 7
4192 7
4193 7
4194 7
4195 7
4196 7
4197 7
4198 7
4199 7
4200 7
4201 7
4202 7
4203 7
4204 7
4205 7
4206 7
4207 7
4208 7
4209 7
4210 7
4211 7
4212 7
4213 7
4214 7
4215 7
4216 7
4217 7
4218 7
4219 7
4220 7
4221 7
4222 7
4223 7
4224 7
4225 7
4226 7
4227 7
4228 7
4229 7
4230 7
4231 7
4232 7
4233 7
4234 7
4235 7
4236 7
4237 7
4238 7
4239 7
4240 7
4241 7
4242 7
4243 7
4244 7
4245 7
4246 7
4247 7
4248 7
4249 7
4250 7
4251 7
4252 7
4253 7
4254 7
4255 7
4256 7
4257 7
4258 7
4259 7
4260 7
4261 7
4262 7
4263 7
4264 7
4265 7
4266 7
4267 7
4268 7
4269 7
4270 7
4271 7
4272 7
4273 7
4274 7
4275 7
4276 7
4277 7
4278 7
4279 7
4280 7
4281 7
4282 7
4283 7
4284 7
4285 7
4286 7
4287 7
4288 7
4289 7
4290 7
4291 7
4292 7
4293 7
4294 7
4295 7
4296 7
4297 7
4298 7
4299 7
4300 7
4301 7
4302 7
4303 7
4304 7
4305 7
4306 7
4307 7
4308 7
4309 7
4310 7
4311 7
4312 7
4313 7
4314 7
4315 7
4316 7
4317 7
4318 7
4319 7
4320 7
4321 7
4322 7
4323 7
4324 7
4325 7
4326 7
4327 7
4328 7
4329 7
4330 7
4331 7
4332 7
4333 7
4334 7
4335 7
4336 7
4337 7
4338 7
4339 7
4340 7
4341 7
4342 7
4343 7
4344 7
4345 7
4346 7
4347 7
4348 7
4349 7
4350 7
4351 7
4352 7
4353 7
4354 7
4355 7
4356 7
4357 7
4358 7
4359 7
4360 7
4361 7
4362 7
4363 7
4364 7
4365 7
4366 7
4367 7
4368 7
4369 7
4370 7
4371 7
4372 7
4373 7
4374 7
4375 7
4376 7
4377 7
4378 7
4379 7
4380 7
4381 7
4382 7
4383 7
4384 7
4385 7
4386 7
4387 7
4388 7
4389 7
4390 7
4391 7
4392 7
4393 7
4394 7
4395 7
4396 7
4397 7
4398 7
4399 7
4400 7
4401 7
4402 7
4403 7
4404 7
4405 7
4406 7
4407 7
4408 7
4409 7
4410 7
4411 7
4412 7
4413 7
4414 7
4415 7
4416 7
4417 7
4418 7
4419 7
4420 7
4421 7
4422 7
4423 7
4424 7
4425 7
4426 7
4427 7
4428 7
4429 7
4430 7
4431 7
4432 7
4433 7
4434 7
4435 7
4436 7
4437 7
4438 7
4439 7
4440 7
4441 7
4442 7
4443 7
4444 7
4445 7
4446 7
4447 7
4448 7
4449 7
4450 7
4451 7
4452 7
4453 7
4454 7
4455 7
4456 7
4457 7
4458 7
4459 7
4460 7
4461 7
4462 7
4463 7
4464 7
4465 7
4466 7
4467 7
4468 7
4469 7
4470 7
4471 7
4472 7
4473 7
4474 7
4475 7
4476 7
4477 7
4478 7
4479 7
4480 7
4481 7
4482 7
4483 7
4484 7
4485 7
4486 7
4487 7
4488 7
4489 7
4490 7
4491 7
4492 7
4493 7
4494 7
4495 7
4496 7
4497 7
4498 7
4499 7
4500 7
4501 7
4502 7
4503 7
4504 7
4505 7
4506 7
4507 7
4508 7
4509 7
4510 7
4511 7
4512 7
4513 7
4514 7
4515 7
4516 7
4517 7
4518 7
4519 7
4520 7
4521 7
4522 7
4523 7
4524 7
4525 7
4526 7
4527 7
4528 7
4529 7
4530 7
4531 7
4532 7
4533 7
4534 7
4535 7
4536 7
4537 7
4538 7
4539 7
4540 7
4541 7
4542 7
4543 7
4544 7
4545 7
4546 7
4547 7
4548 7
4549 7
4550 7
4551 7
4552 7
4553 7
4554 7
4555 7
4556 7
4557 7
4558 7
4559 7
4560 7
4561 7
4562 7
4563 7
4564 7
4565 7
4566 7
4567 7
4568 7
4569 7
4570 7
4571 7
4572 7
4573 7
4574 7
4575 7
4576 7
4577 7
4578 7
4579 7
4580 7
4581 7
4582 7
4583 7
4584 7
4585 7
4586 7
4587 7
4588 7
4589 7
4590 7
4591 7
4592 7
4593 7
4594 7
4595 7
4596 7
4597 7
4598 7
4599 7
4600 7
4601 7
4602 7
4603 7
4604 7
4605 7
4606 7
4607 7
4608 7
4609 7
4610 7
4611 7
4612 7
4613 7
4614 7
4615 7
4616 7
4617 7
4618 7
4619 7
4620 7
4621 7
4622 7
4623 7
4624 7
4625 7
4626 7
4627 7
4628 7
4629 7
4630 7
4631 7
4632 7
4633 7
4634 7
4635 7
4636 7
4637 7
4638 7
4639 7
4640 7
4641 7
4642 7
4643 7
4644 7
4645 7
4646 7
4647 7
4648 7
4649 7
4650 7
4651 7
4652 7
4653 7
4654 7
4655 7
4656 7
4657 7
4658 7
4659 7
4660 7
4661 7
4662 7
4663 7
4664 7
4665 7
4666 7
4667 7
4668 7
4669 7
4670 7
4671 7
4672 7
4673 7
4674 7
4675 7
4676 7
4677 7
4678 7
4679 7
4680 7
4681 7
4682 7
4683 7
4684 7
4685 7
4686 7
4687 7
4688 7
4689 7
4690 7
4691 7
4692 7
4693 7
4694 7
4695 7
4696 7
4697 7
4698 7
4699 7
4700 7
4701 7
4702 7
4703 7
4704 7
4705 7
4706 7
4707 7
4708 7
4709 7
4710 7
4711 7
4712 7
4713 7
4714 7
4715 7
4716 7
4717 7
4718 7
4719 7
4720 7
4721 7
4722 7
4723 7
4724 7
4725 7
4726 7
4727 7
4728 7
4729 7
4730 7
4731 7
4732 7
4733 7
4734 7
4735 7
4736 7
4737 7
4738 7
4739 7
4740 7
4741 7
4742 7
4743 7
4744 7
4745 7
4746 7
4747 7
4748 7
4749 7
4750 7
4751 7
4752 7
4753 7
4754 7
4755 7
4756 7
4757 7
4758 7
4759 7
4760 7
4761 7
4762 7
4763 7
4764 7
4765 7
4766 7
4767 7
4768 7
4769 7
4770 7
4771 7
4772 7
4773 7
4774 7
4775 7
4776 7
4777 7
4778 7
4779 7
4780 7
4781 7
4782 7
4783 7
4784 7
4785 7
4786 7
4787 7
4788 7
4789 7
4790 7
4791 7
4792 7
4793 7
4794 7
4795 7
4796 7
4797 7
4798 7
4799 7
4800 7
4801 7
4802 7
4803 7
4804 7
4805 7
4806 7
4807 7
4808 7
4809 7
4810 7
4811 7
4812 7
4813 7
4814 7
4815 7
4816 7
4817 7
4818 7
4819 7
4820 7
4821 7
4822 7
4823 7
4824 7
4825 7
4826 7
4827 7
4828 7
4829 7
4830 7
4831 7
4832 7
4833 7
4834 7
4835 7
4836 7
4837 7
4838 7
4839 7
4840 7
4841 7
4842 7
4843 7
4844 7
4845 7
4846 7
4847 7
4848 7
4849 7
4850 7
4851 7
4852 7
4853 7
4854 7
4855 7
4856 7
4857 7
4858 7
4859 7
4860 7
4861 7
4862 7
4863 7
4864 7
4865 7
4866 7
4867 7
4868 7
4869 7
4870 7
4871 7
4872 7
4873 7
4874 7
4875 7
4876 7
4877 7
4878 7
4879 7
4880 7
4881 7
4882 7
4883 7
4884 7
4885 7
4886 7
4887 7
4888 7
4889 7
4890 7
4891 7
4892 7
4893 7
4894 7
4895 7
4896 7
4897 7
4898 7
4899 7
4900 7
4901 7
4902 7
4903 7
4904 7
4905 7
4906 7
4907 7
4908 7
4909 7
4910 7
4911 7
4912 7
4913 7
4914 7
4915 7
4916 7
4917 7
4918 7
4919 7
4920 7
4921 7
4922 7
4923 7
4924 7
4925 7
4926 7
4927 7
4928 7
4929 7
4930 7
4931 7
4932 7
4933 7
4934 7
4935 7
4936 7
4937 7
4938 7
4939 7
4940 7
4941 7
4942 7
4943 7
4944 7
4945 7
4946 7
4947 7
4948 7
4949 7
4950 7
4951 7
4952 7
4953 7
4954 7
4955 7
4956 7
4957 7
4958 7
4959 7
4960 7
4961 7
4962 7
4963 7
4964 7
4965 7
4966 7
4967 7
4968 7
4969 7
4970 7
4971 7
4972 7
4973 7
4974 7
4975 7
4976 7
4977 7
4978 7
4979 7
4980 7
4981 7
4982 7
4983 7
4984 7
4985 7
4986 7
4987 7
4988 7
4989 7
4990 7
4991 7
4992 7
4993 7
4994 7
4995 7
4996 7
4997 7
4998 7
4999 7
5000 7
5001 7
5002 7
5003 7
5004 7
5005 7
5006 7
5007 7
5008 7
5009 7
5010 7
5011 7
5012 7
5013 7
5014 7
5015 7
5016 7
5017 7
5018 7
5019 7
5020 7
5021 7
5022 7
5023 7
5024 7
5025 7
5026 7
5027 7
5028 7
5029 7
5030 7
5031 7
5032 7
5033 7
5034 7
5035 7
5036 7
5037 7
5038 7
5039 7
5040 7
5041 7
5042 7
5043 7
5044 7
5045 7
5046 7
5047 7
5048 7
5049 7
5050 7
5051 7
5052 7
5053 7
5054 7
5055 7
5056 7
5057 7
5058 7
5059 7
5060 7
5061 7
5062 7
5063 7
5064 7
5065 7
5066 7
5067 7
5068 7
5069 7
5070 7
5071 7
5072 7
5073 7
5074 7
5075 7
5076 7
5077 7
5078 7
5079 7
5080 7
5081 7
5082 7
5083 7
5084 7
5085 7
5086 7
5087 7
5088 7
5089 7
5090 7
5091 7
5092 7
5093 7
5094 7
5095 7
5096 7
5097 7
5098 7
5099 7
5100 7
5101 7
5102 7
5103 7
5104 7
5105 7
5106 7
5107 7
5108 7
5109 7
5110 7
5111 7
5112 7
5113 7
5114 7
5115 7
5116 7
5117 7
5118 7
5119 7
5120 7
5121 7
5122 7
5123 7
5124 7
5125 7
5126 7
5127 7
5128 7
5129 7
5130 7
5131 7
5132 7
5133 7
5134 7
5135 7
5136 7
5137 7
5138 7
5139 7
5140 7
5141 7
5142 7
5143 7
5144 7
5145 7
5146 7
5147 7
5148 7
5149 7
5150 7
5151 7
5152 7
5153 7
5154 7
5155 7
5156 7
5157 7
5158 7
5159 7
5160 7
5161 7
5162 7
5163 7
5164 7
5165 7
5166 7
5167 7
5168 7
5169 7
5170 7
5171 7
5172 7
5173 7
5174 7
5175 7
5176 7
5177 7
5178 7
5179 7
5180 7
5181 7
5182 7
5183 7
5184 7
5185 7
5186 7
5187 7
5188 7
5189 7
5190 7
5191 7
5192 7
5193 7
5194 7
5195 7
5196 7
5197 7
5198 7
5199 7
5200 7
5201 7
5202 7
5203 7
5204 7
5205 7
5206 7
5207 7
5208 7
5209 7
5210 7
5211 7
5212 7
5213 7
5214 7
5215 7
5216 7
5217 7
5218 7
5219 7
5220 7
5221 7
5222 7
5223 7
5224 7
5225 7
5226 7
5227 7
5228 7
5229 7
5230 7
5231 7
5232 7
5233 7
5234 7
5235 7
5236 7
5237 7
5238 7
5239 7
5240 7
5241 7
5242 7
5243 7
5244 7
5245 7
5246 7
5247 7
5248 7
5249 7
5250 7
5251 7
5252 7
5253 7
5254 7
5255 7
5256 7
5257 7
5258 7
5259 7
5260 7
5261 7
5262 7
5263 7
5264 7
5265 7
5266 7
5267 7
5268 7
5269 7
5270 7
5271 7
5272 7
5273 7
5274 7
5275 7
5276 7
5277 7
5278 7
5279 7
5280 7
5281 7
5282 7
5283 7
5284 7
5285 7
5286 7
5287 7
5288 7
5289 7
5290 7
5291 7
5292 7
5293 7
5294 7
5295 7
5296 7
5297 7
5298 7
5299 7
5300 7
5301 7
5302 7
5303 7
5304 7
5305 7
5306 7
5307 7
5308 7
5309 7
5310 7
5311 7
5312 7
5313 7
5314 7
5315 7
5316 7
5317 7
5318 7
5319 7
5320 7
5321 7
5322 7
5323 7
5324 7
5325 7
5326 7
5327 7
5328 7
5329 7
5330 7
5331 7
5332 7
5333 7
5334 7
5335 7
5336 7
5337 7
5338 7
5339 7
5340 7
5341 7
5342 7
5343 7
5344 7
5345 7
5346 7
5347 7
5348 7
5349 7
5350 7
5351 7
5352 7
5353 7
5354 7
5355 7
5356 7
5357 7
5358 7
5359 7
5360 7
5361 7
5362 7
5363 7
5364 7
5365 7
5366 7
5367 7
5368 7
5369 7
5370 7
5371 7
5372 7
5373 7
5374 7
5375 7
5376 7
5377 7
5378 7
5379 7
5380 7
5381 7
5382 7
5383 7
5384 7
5385 7
5386 7
5387 7
5388 7
5389 7
5390 7
5391 7
5392 7
5393 7
5394 7
5395 7
5396 7
5397 7
5398 7
5399 7
5400 7
5401 7
5402 7
5403 7
5404 7
5405 7
5406 7
5407 7
5408 7
5409 7
5410 7
5411 7
5412 7
5413 7
5414 7
5415 7
5416 7
5417 7
5418 7
5419 7
5420 7
5421 7
5422 7
5423 7
5424 7
5425 7
5426 7
5427 7
5428 7
5429 7
5430 7
5431 7
5432 7
5433 7
5434 7
5435 7
5436 7
5437 7
5438 7
5439 7
5440 7
5441 7
5442 7
5443 7
5444 7
5445 7
5446 7
5447 7
5448 7
5449 7
5450 7
5451 7
5452 7
5453 7
5454 7
5455 7
5456 7
5457 7
5458 7
5459 7
5460 7
5461 7
5462 7
5463 7
5464 7
5465 7
5466 7
5467 7
5468 7
5469 7
5470 7
5471 7
5472 7
5473 7
5474 7
5475 7
5476 7
5477 7
5478 7
5479 7
5480 7
5481 7
5482 7
5483 7
5484 7
5485 7
5486 7
5487 7
5488 7
5489 7
5490 7
5491 7
5492 7
5493 7
5494 7
5495 7
5496 7
5497 7
5498 7
5499 7
5500 7
5501 7
5502 7
5503 7
5504 7
5505 7
5506 7
5507 7
5508 7
5509 7
5510 7
5511 7
5512 7
5513 7
5514 7
5515 7
5516 7
5517 7
5518 7
5519 7
5520 7
5521 7
5522 7
5523 7
5524 7
5525 7
5526 7
5527 7
5528 7
5529 7
5530 7
5531 7
5532 7
5533 7
5534 7
5535 7
5536 7
5537 7
5538 7
5539 7
5540 7
5541 7
5542 7
5543 7
5544 7
5545 7
5546 7
5547 7
5548 7
5549 7
5550 7
5551 7
5552 7
5553 7
5554 7
5555 7
5556 7
5557 7
5558 7
5559 7
5560 7
5561 7
5562 7
5563 7
5564 7
5565 7
5566 7
5567 7
5568 7
5569 7
5570 7
5571 7
5572 7
5573 7
5574 7
5575 7
5576 7
5577 7
5578 7
5579 7
5580 7
5581 7
5582 7
5583 7
5584 7
5585 7
5586 7
5587 7
5588 7
5589 7
5590 7
5591 7
5592 7
5593 7
5594 7
5595 7
5596 7
5597 7
5598 7
5599 7
5600 7
5601 7
5602 7
5603 7
5604 7
5605 7
5606 7
5607 7
5608 7
5609 7
5610 7
5611 7
5612 7
5613 7
5614 7
5615 7
5616 7
5617 7
5618 7
5619 7
5620 7
5621 7
5622 7
5623 7
5624 7
5625 7
5626 7
5627 7
5628 7
5629 7
5630 7
5631 7
5632 7
5633 7
5634 7
5635 7
5636 7
5637 7
5638 7
5639 7
5640 7
5641 7
5642 7
5643 7
5644 7
5645 7
5646 7
5647 7
5648 7
5649 7
5650 7
5651 7
5652 7
5653 7
5654 7
5655 7
5656 7
5657 7
5658 7
5659 7
5660 7
5661 7
5662 7
5663 7
5664 7
5665 7
5666 7
5667 7
5668 7
5669 7
5670 7
5671 7
5672 7
5673 7
5674 7
5675 7
5676 7
5677 7
5678 7
5679 7
5680 7
5681 7
5682 7
5683 7
5684 7
5685 7
5686 7
5687 7
5688 7
5689 7
5690 7
5691 7
5692 7
5693 7
5694 7
5695 7
5696 7
5697 7
5698 7
5699 7
5700 7
5701 7
5702 7
5703 7
5704 7
5705 7
5706 7
5707 7
5708 7
5709 7
5710 7
5711 7
5712 7
5713 7
5714 7
5715 7
5716 7
5717 7
5718 7
5719 7
5720 7
5721 7
5722 7
5723 7
5724 7
5725 7
5726 7
5727 7
5728 7
5729 7
5730 7
5731 7
5732 7
5733 7
5734 7
5735 7
5736 7
5737 7
5738 7
5739 7
5740 7
5741 7
5742 7
5743 7
5744 7
5745 7
5746 7
5747 7
5748 7
5749 7
5750 7
5751 7
5752 7
5753 7
5754 7
5755 7
5756 7
5757 7
5758 7
5759 7
5760 7
5761 7
5762 7
5763 7
5764 7
5765 7
5766 7
5767 7
5768 7
5769 7
5770 7
5771 7
5772 7
5773 7
5774 7
5775 7
5776 7
5777 7
5778 7
5779 7
5780 7
5781 7
5782 7
5783 7
5784 7
5785 7
5786 7
5787 7
5788 7
5789 7
5790 7
5791 7
5792 7
5793 7
5794 7
5795 7
5796 7
5797 7
5798 7
5799 7
5800 7
5801 7
5802 7
5803 7
5804 7
5805 7
5806 7
5807 7
5808 7
5809 7
5810 7
5811 7
5812 7
5813 7
5814 7
5815 7
5816 7
5817 7
5818 7
5819 7
5820 7
5821 7
5822 7
5823 7
5824 7
5825 7
5826 7
5827 7
5828 7
5829 7
5830 7
5831 7
5832 7
5833 7
5834 7
5835 7
5836 7
5837 7
5838 7
5839 7
5840 7
5841 7
5842 7
5843 7
5844 7
5845 7
5846 7
5847 7
5848 7
5849 7
5850 7
5851 7
5852 7
5853 7
5854 7
5855 7
5856 7
5857 7
5858 7
5859 7
5860 7
5861 7
5862 7
5863 7
5864 7
5865 7
5866 7
5867 7
5868 7
5869 7
5870 7
5871 7
5872 7
5873 7
5874 7
5875 7
5876 7
5877 7
5878 7
5879 7
5880 7
5881 7
5882 7
5883 7
5884 7
5885 7
5886 7
5887 7
5888 7
5889 7
5890 7
5891 7
5892 7
5893 7
5894 7
5895 7
5896 7
5897 7
5898 7
5899 7
5900 7
5901 7
5902 7
5903 7
5904 7
5905 7
5906 7
5907 7
5908 7
5909 7
5910 7
5911 7
5912 7
5913 7
5914 7
5915 7
5916 7
5917 7
5918 7
5919 7
5920 7
5921 7
5922 7
5923 7
5924 7
5925 7
5926 7
5927 7
5928 7
5929 7
5930 7
5931 7
5932 7
5933 7
5934 7
5935 7
5936 7
5937 7
5938 7
5939 7
5940 7
5941 7
5942 7
5943 7
5944 7
5945 7
5946 7
5947 7
5948 7
5949 7
5950 7
5951 7
5952 7
5953 7
5954 7
5955 7
5956 7
5957 7
5958 7
5959 7
5960 7
5961 7
5962 7
5963 7
5964 7
5965 7
5966 7
5967 7
5968 7
5969 7
5970 7
5971 7
5972 7
5973 7
5974 7
5975 7
5976 7
5977 7
5978 7
5979 7
5980 7
5981 7
5982 7
5983 7
5984 7
5985 7
5986 7
5987 7
5988 7
5989 7
5990 7
5991 7
5992 7
5993 7
5994 7
5995 7
5996 7
5997 7
5998 7
5999 7
6000 7
6001 7
6002 7
6003 7
6004 7
6005 7
6006 7
6007 7
6008 7
6009 7
6010 7
6011 7
6012 7
6013 7
6014 7
6015 7
6016 7
6017 7
6018 7
6019 7
6020 7
6021 7
6022 7
6023 7
6024 7
6025 7
6026 7
6027 7
6028 7
6029 7
6030 7
6031 7
6032 7
6033 7
6034 7
6035 7
6036 7
6037 7
6038 7
6039 7
6040 7
6041 7
6042 7
6043 7
6044 7
6045 7
6046 7
6047 7
6048 7
6049 7
6050 7
6051 7
6052 7
6053 7
6054 7
6055 7
6056 7
6057 7
6058 7
6059 7
6060 7
6061 7
6062 7
6063 7
6064 7
6065 7
6066 7
6067 7
6068 7
6069 7
6070 7
6071 7
6072 7
6073 7
6074 7
6075 7
6076 7
6077 7
6078 7
6079 7
6080 7
6081 7
6082 7
6083 7
6084 7
6085 7
6086 7
6087 7
6088 7
6089 7
6090 7
6091 7
6092 7
6093 7
6094 7
6095 7
6096 7
6097 7
6098 7
6099 7
6100 7
6101 7
6102 7
6103 7
6104 7
6105 7
6106 7
6107 7
6108 7
6109 7
6110 7
6111 7
6112 7
6113 7
6114 7
6115 7
6116 7
6117 7
6118 7
6119 7
6120 7
6121 7
6122 7
6123 7
6124 7
6125 7
6126 7
6127 7
6128 7
6129 7
6130 7
6131 7
6132 7
6133 7
6134 7
6135 7
6136 7
6137 7
6138 7
6139 7
6140 7
6141 7
6142 7
6143 7
6144 7
6145 7
6146 7
6147 7
6148 7
6149 7
6150 7
6151 7
6152 7
6153 7
6154 7
6155 7
6156 7
6157 7
6158 7
6159 7
6160 7
6161 7
6162 7
6163 7
6164 7
6165 7
6166 7
6167 7
6168 7
6169 7
6170 7
6171 7
6172 7
6173 7
6174 7
6175 7
6176 7
6177 7
6178 7
6179 7
6180 7
6181 7
6182 7
6183 7
6184 7
6185 7
6186 7
6187 7
6188 7
6189 7
6190 7
6191 7
6192 7
6193 7
6194 7
6195 7
6196 7
6197 7
6198 7
6199 7
6200 7
6201 7
6202 7
6203 7
6204 7
6205 7
6206 7
6207 7
6208 7
6209 7
6210 7
6211 7
6212 7
6213 7
6214 7
6215 7
6216 7
6217 7
6218 7
6219 7
6220 7
6221 7
6222 7
6223 7
6224 7
6225 7
6226 7
6227 7
6228 7
6229 7
6230 7
6231 7
6232 7
6233 7
6234 7
6235 7
6236 7
6237 7
6238 7
6239 7
6240 7
6241 7
6242 7
6243 7
6244 7
6245 7
6246 7
6247 7
6248 7
6249 7
6250 7
6251 7
6252 7
6253 7
6254 7
6255 7
6256 7
6257 7
6258 7
6259 7
6260 7
6261 7
6262 7
6263 7
6264 7
6265 7
6266 7
6267 7
6268 7
6269 7
6270 7
6271 7
6272 7
6273 7
6274 7
6275 7
6276 7
6277 7
6278 7
6279 7
6280 7
6281 7
6282 7
6283 7
6284 7
6285 7
6286 7
6287 7
6288 7
6289 7
6290 7
6291 7
6292 7
6293 7
6294 7
6295 7
6296 7
6297 7
6298 7
6299 7
6300 7
6301 7
6302 7
6303 7
6304 7
6305 7
6306 7
6307 7
6308 7
6309 7
6310 7
6311 7
6312 7
6313 7
6314 7
6315 7
6316 7
6317 7
6318 7
6319 7
6320 7
6321 7
6322 7
6323 7
6324 7
6325 7
6326 7
6327 7
6328 7
6329 7
6330 7
6331 7
6332 7
6333 7
6334 7
6335 7
6336 7
6337 7
6338 7
6339 7
6340 7
6341 7
6342 7
6343 7
6344 7
6345 7
6346 7
6347 7
6348 7
6349 7
6350 7
6351 7
6352 7
6353 7
6354 7
6355 7
6356 7
6357 7
6358 7
6359 7
6360 7
6361 7
6362 7
6363 7
6364 7
6365 7
6366 7
6367 7
6368 7
6369 7
6370 7
6371 7
6372 7
6373 7
6374 7
6375 7
6376 7
6377 7
6378 7
6379 7
6380 7
6381 7
6382 7
6383 7
6384 7
6385 7
6386 7
6387 7
6388 7
6389 7
6390 7
6391 7
6392 7
6393 7
6394 7
6395 7
6396 7
6397 7
6398 7
6399 7
6400 7
6401 7
6402 7
6403 7
6404 7
6405 7
6406 7
6407 7
6408 7
6409 7
6410 7
6411 7
6412 7
6413 7
6414 7
6415 7
6416 7
6417 7
6418 7
6419 7
6420 7
6421 7
6422 7
6423 7
6424 7
6425 7
6426 7
6427 7
6428 7
6429 7
6430 7
6431 7
6432 7
6433 7
6434 7
6435 7
6436 7
6437 7
6438 7
6439 7
6440 7
6441 7
6442 7
6443 7
6444 7
6445 7
6446 7
6447 7
6448 7
6449 7
6450 7
6451 7
6452 7
6453 7
6454 7
6455 7
6456 7
6457 7
6458 7
6459 7
6460 7
6461 7
6462 7
6463 7
6464 7
6465 7
6466 7
6467 7
6468 7
6469 7
6470 7
6471 7
6472 7
6473 7
6474 7
6475 7
6476 7
6477 7
6478 7
6479 7
6480 7
6481 7
6482 7
6483 7
6484 7
6485 7
6486 7
6487 7
6488 7
6489 7
6490 7
6491 7
6492 7
6493 7
6494 7
6495 7
6496 7
6497 7
6498 7
6499 7
6500 7
6501 7
6502 7
6503 7
6504 7
6505 7
6506 7
6507 7
6508 7
6509 7
6510 7
6511 7
6512 7
6513 7
6514 7
6515 7
6516 7
6517 7
6518 7
6519 7
6520 7
6521 7
6522 7
6523 7
6524 7
6525 7
6526 7
6527 7
6528 7
6529 7
6530 7
6531 7
6532 7
6533 7
6534 7
6535 7
6536 7
6537 7
6538 7
6539 7
6540 7
6541 7
6542 7
6543 7
6544 7
6545 7
6546 7
6547 7
6548 7
6549 7
6550 7
6551 7
6552 7
6553 7
6554 7
6555 7
6556 7
6557 7
6558 7
6559 7
6560 7
6561 7
6562 7
6563 7
6564 7
6565 7
6566 7
6567 7
6568 7
6569 7
6570 7
6571 7
6572 7
6573 7
6574 7
6575 7
6576 7
6577 7
6578 7
6579 7
6580 7
6581 7
6582 7
6583 7
6584 7
6585 7
6586 7
6587 7
6588 7
6589 7
6590 7
6591 7
6592 7
6593 7
6594 7
6595 7
6596 7
6597 7
6598 7
6599 7
6600 7
6601 7
6602 7
6603 7
6604 7
6605 7
6606 7
6607 7
6608 7
6609 7
6610 7
6611 7
6612 7
6613 7
6614 7
6615 7
6616 7
6617 7
6618 7
6619 7
6620 7
6621 7
6622 7
6623 7
6624 7
6625 7
6626 7
6627 7
6628 7
6629 7
6630 7
6631 7
6632 7
6633 7
6634 7
6635 7
6636 7
6637 7
6638 7
6639 7
6640 7
6641 7
6642 7
6643 7
6644 7
6645 7
6646 7
6647 7
6648 7
6649 7
6650 7
6651 7
6652 7
6653 7
6654 7
6655 7
6656 7
6657 7
6658 7
6659 7
6660 7
6661 7
6662 7
6663 7
6664 7
6665 7
6666 7
6667 7
6668 7
6669 7
6670 7
6671 7
6672 7
6673 7
6674 7
6675 7
6676 7
6677 7
6678 7
6679 7
6680 7
6681 7
6682 7
6683 7
6684 7
6685 7
6686 7
6687 7
6688 7
6689 7
6690 7
6691 7
6692 7
6693 7
6694 7
6695 7
6696 7
6697 7
6698 7
6699 7
6700 7
6701 7
6702 7
6703 7
6704 7
6705 7
6706 7
6707 7
6708 7
6709 7
6710 7
6711 7
6712 7
6713 7
6714 7
6715 7
6716 7
6717 7
6718 7
6719 7
6720 7
6721 7
6722 7
6723 7
6724 7
6725 7
6726 7
6727 7
6728 7
6729 7
6730 7
6731 7
6732 7
6733 7
6734 7
6735 7
6736 7
6737 7
6738 7
6739 7
6740 7
6741 7
6742 7
6743 7
6744 7
6745 7
6746 7
6747 7
6748 7
6749 7
6750 7
6751 7
6752 7
6753 7
6754 7
6755 7
6756 7
6757 7
6758 7
6759 7
6760 7
6761 7
6762 7
6763 7
6764 7
6765 7
6766 7
6767 7
6768 7
6769 7
6770 7
6771 7
6772 7
6773 7
6774 7
6775 7
6776 7
6777 7
6778 7
6779 7
6780 7
6781 7
6782 7
6783 7
6784 7
6785 7
6786 7
6787 7
6788 7
6789 7
6790 7
6791 7
6792 7
6793 7
6794 7
6795 7
6796 7
6797 7
6798 7
6799 7
6800 7
6801 7
6802 7
6803 7
6804 7
6805 7
6806 7
6807 7
6808 7
6809 7
6810 7
6811 7
6812 7
6813 7
6814 7
6815 7
6816 7
6817 7
6818 7
6819 7
6820 7
6821 7
6822 7
6823 7
6824 7
6825 7
6826 7
6827 7
6828 7
6829 7
6830 7
6831 7
6832 7
6833 7
6834 7
6835 7
6836 7
6837 7
6838 7
6839 7
6840 7
6841 7
6842 7
6843 7
6844 7
6845 7
6846 7
6847 7
6848 7
6849 7
6850 7
6851 7
6852 7
6853 7
6854 7
6855 7
6856 7
6857 7
6858 7
6859 7
6860 7
6861 7
6862 7
6863 7
6864 7
6865 7
6866 7
6867 7
6868 7
6869 7
6870 7
6871 7
6872 7
6873 7
6874 7
6875 7
6876 7
6877 7
6878 7
6879 7
6880 7
6881 7
6882 7
6883 7
6884 7
6885 7
6886 7
6887 7
6888 7
6889 7
6890 7
6891 7
6892 7
6893 7
6894 7
6895 7
6896 7
6897 7
6898 7
6899 7
6900 7
6901 7
6902 7
6903 7
6904 7
6905 7
6906 7
6907 7
6908 7
6909 7
6910 7
6911 7
6912 7
6913 7
6914 7
6915 7
6916 7
6917 7
6918 7
6919 7
6920 7
6921 7
6922 7
6923 7
6924 7
6925 7
6926 7
6927 7
6928 7
6929 7
6930 7
6931 7
6932 7
6933 7
6934 7
6935 7
6936 7
6937 7
6938 7
6939 7
6940 7
6941 7
6942 7
6943 7
6944 7
6945 7
6946 7
6947 7
6948 7
6949 7
6950 7
6951 7
6952 7
6953 7
6954 7
6955 7
6956 7
6957 7
6958 7
6959 7
6960 7
6961 7
6962 7
6963 7
6964 7
6965 7
6966 7
6967 7
6968 7
6969 7
6970 7
6971 7
6972 7
6973 7
6974 7
6975 7
6976 7
6977 7
6978 7
6979 7
6980 7
6981 7
6982 7
6983 7
6984 7
6985 7
6986 7
6987 7
6988 7
6989 7
6990 7
6991 7
6992 7
6993 7
6994 7
6995 7
6996 7
6997 7
6998 7
6999 7
7000 7
7001 7
7002 7
7003 7
7004 7
7005 7
7006 7
7007 7
7008 7
7009 7
7010 7
7011 7
7012 7
7013 7
7014 7
7015 7
7016 7
7017 7
7018 7
7019 7
7020 7
7021 7
7022 7
7023 7
7024 7
7025 7
7026 7
7027 7
7028 7
7029 7
7030 7
7031 7
7032 7
7033 7
7034 7
7035 7
7036 7
7037 7
7038 7
7039 7
7040 7
7041 7
7042 7
7043 7
7044 7
7045 7
7046 7
7047 7
7048 7
7049 7
7050 7
7051 7
7052 7
7053 7
7054 7
7055 7
7056 7
7057 7
7058 7
7059 7
7060 7
7061 7
7062 7
7063 7
7064 7
7065 7
7066 7
7067 7
7068 7
7069 7
7070 7
7071 7
7072 7
7073 7
7074 7
7075 7
7076 7
7077 7
7078 7
7079 7
7080 7
7081 7
7082 7
7083 7
7084 7
7085 7
7086 7
7087 7
7088 7
7089 7
7090 7
7091 7
7092 7
7093 7
7094 7
7095 7
7096 7
7097 7
7098 7
7099 7
7100 7
7101 7
7102 7
7103 7
7104 7
7105 7
7106 7
7107 7
7108 7
7109 7
7110 7
7111 7
7112 7
7113 7
7114 7
7115 7
7116 7
7117 7
7118 7
7119 7
7120 7
7121 7
7122 7
7123 7
7124 7
7125 7
7126 7
7127 7
7128 7
7129 7
7130 7
7131 7
7132 7
7133 7
7134 7
7135 7
7136 7
7137 7
7138 7
7139 7
7140 7
7141 7
7142 7
7143 7
7144 7
7145 7
7146 7
7147 7
7148 7
7149 7
7150 7
7151 7
7152 7
7153 7
7154 7
7155 7
7156 7
7157 7
7158 7
7159 7
7160 7
7161 7
7162 7
7163 7
7164 7
7165 7
7166 7
7167 7
7168 7
7169 7
7170 7
7171 7
7172 7
7173 7
7174 7
7175 7
7176 7
7177 7
7178 7
7179 7
7180 7
7181 7
7182 7
7183 7
7184 7
7185 7
7186 7
7187 7
7188 7
7189 7
7190 7
7191 7
7192 7
7193 7
7194 7
7195 7
7196 7
7197 7
7198 7
7199 7
7200 7
7201 7
7202 7
7203 7
7204 7
7205 7
7206 7
7207 7
7208 7
7209 7
7210 7
7211 7
7212 7
7213 7
7214 7
7215 7
7216 7
7217 7
7218 7
7219 7
7220 7
7221 7
7222 7
7223 7
7224 7
7225 7
7226 7
7227 7
7228 7
7229 7
7230 7
7231 7
7232 7
7233 7
7234 7
7235 7
7236 7
7237 7
7238 7
7239 7
7240 7
7241 7
7242 7
7243 7
7244 7
7245 7
7246 7
7247 7
7248 7
7249 7
7250 7
7251 7
7252 7
7253 7
7254 7
7255 7
7256 7
7257 7
7258 7
7259 7
7260 7
7261 7
7262 7
7263 7
7264 7
7265 7
7266 7
7267 7
7268 7
7269 7
7270 7
7271 7
7272 7
7273 7
7274 7
7275 7
7276 7
7277 7
7278 7
7279 7
7280 7
7281 7
7282 7
7283 7
7284 7
7285 7
7286 7
7287 7
7288 7
7289 7
7290 7
7291 7
7292 7
7293 7
7294 7
7295 7
7296 7
7297 7
7298 7
7299 7
7300 7
7301 7
7302 7
7303 7
7304 7
7305 7
7306 7
7307 7
7308 7
7309 7
7310 7
7311 7
7312 7
7313 7
7314 7
7315 7
7316 7
7317 7
7318 7
7319 7
7320 7
7321 7
7322 7
7323 7
7324 7
7325 7
7326 7
7327 7
7328 7
7329 7
7330 7
7331 7
7332 7
7333 7
7334 7
7335 7
7336 7
7337 7
7338 7
7339 7
7340 7
7341 7
7342 7
7343 7
7344 7
7345 7
7346 7
7347 7
7348 7
7349 7
7350 7
7351 7
7352 7
7353 7
7354 7
7355 7
7356 7
7357 7
7358 7
7359 7
7360 7
7361 7
7362 7
7363 7
7364 7
7365 7
7366 7
7367 7
7368 7
7369 7
7370 7
7371 7
7372 7
7373 7
7374 7
7375 7
7376 7
7377 7
7378 7
7379 7
7380 7
7381 7
7382 7
7383 7
7384 7
7385 7
7386 7
7387 7
7388 7
7389 7
7390 7
7391 7
7392 7
7393 7
7394 7
7395 7
7396 7
7397 7
7398 7
7399 7
7400 7
7401 7
7402 7
7403 7
7404 7
7405 7
7406 7
7407 7
7408 7
7409 7
7410 7
7411 7
7412 7
7413 7
7414 7
7415 7
7416 7
7417 7
7418 7
7419 7
7420 7
7421 7
7422 7
7423 7
7424 7
7425 7
7426 7
7427 7
7428 7
7429 7
7430 7
7431 7
7432 7
7433 7
7434 7
7435 7
7436 7
7437 7
7438 7
7439 7
7440 7
7441 7
7442 7
7443 7
7444 7
7445 7
7446 7
7447 7
7448 7
7449 7
7450 7
7451 7
7452 7
7453 7
7454 7
7455 7
7456 7
7457 7
7458 7
7459 7
7460 7
7461 7
7462 7
7463 7
7464 7
7465 7
7466 7
7467 7
7468 7
7469 7
7470 7
7471 7
7472 7
7473 7
7474 7
7475 7
7476 7
7477 7
7478 7
7479 7
7480 7
7481 7
7482 7
7483 7
7484 7
7485 7
7486 7
7487 7
7488 7
7489 7
7490 7
7491 7
7492 7
7493 7
7494 7
7495 7
7496 7
7497 7
7498 7
7499 7
7500 7
7501 7
7502 7
7503 7
7504 7
7505 7
7506 7
7507 7
7508 7
7509 7
7510 7
7511 7
7512 7
7513 7
7514 7
7515 7
7516 7
7517 7
7518 7
7519 7
7520 7
7521 7
7522 7
7523 7
7524 7
7525 7
7526 7
7527 7
7528 7
7529 7
7530 7
7531 7
7532 7
7533 7
7534 7
7535 7
7536 7
7537 7
7538 7
7539 7
7540 7
7541 7
7542 7
7543 7
7544 7
7545 7
7546 7
7547 7
7548 7
7549 7
7550 7
7551 7
7552 7
7553 7
7554 7
7555 7
7556 7
7557 7
7558 7
7559 7
7560 7
7561 7
7562 7
7563 7
7564 7
7565 7
7566 7
7567 7
7568 7
7569 7
7570 7
7571 7
7572 7
7573 7
7574 7
7575 7
7576 7
7577 7
7578 7
7579 7
7580 7
7581 7
7582 7
7583 7
7584 7
7585 7
7586 7
7587 7
7588 7
7589 7
7590 7
7591 7
7592 7
7593 7
7594 7
7595 7
7596 7
7597 7
7598 7
7599 7
7600 7
7601 7
7602 7
7603 7
7604 7
7605 7
7606 7
7607 7
7608 7
7609 7
7610 7
7611 7
7612 7
7613 7
7614 7
7615 7
7616 7
7617 7
7618 7
7619 7
7620 7
7621 7
7622 7
7623 7
7624 7
7625 7
7626 7
7627 7
7628 7
7629 7
7630 7
7631 7
7632 7
7633 7
7634 7
7635 7
7636 7
7637 7
7638 7
7639 7
7640 7
7641 7
7642 7
7643 7
7644 7
7645 7
7646 7
7647 7
7648 7
7649 7
7650 7
7651 7
7652 7
7653 7
7654 7
7655 7
7656 7
7657 7
7658 7
7659 7
7660 7
7661 7
7662 7
7663 7
7664 7
7665 7
7666 7
7667 7
7668 7
7669 7
7670 7
7671 7
7672 7
7673 7
7674 7
7675 7
7676 7
7677 7
7678 7
7679 7
7680 7
7681 7
7682 7
7683 7
7684 7
7685 7
7686 7
7687 7
7688 7
7689 7
7690 7
7691 7
7692 7
7693 7
7694 7
7695 7
7696 7
7697 7
7698 7
7699 7
7700 7
7701 7
7702 7
7703 7
7704 7
7705 7
7706 7
7707 7
7708 7
7709 7
7710 7
7711 7
7712 7
7713 7
7714 7
7715 7
7716 7
7717 7
7718 7
7719 7
7720 7
7721 7
7722 7
7723 7
7724 7
7725 7
7726 7
7727 7
7728 7
7729 7
7730 7
7731 7
7732 7
7733 7
7734 7
7735 7
7736 7
7737 7
7738 7
7739 7
7740 7
7741 7
7742 7
7743 7
7744 7
7745 7
7746 7
7747 7
7748 7
7749 7
7750 7
7751 7
7752 7
7753 7
7754 7
7755 7
7756 7
7757 7
7758 7
7759 7
7760 7
7761 7
7762 7
7763 7
7764 7
7765 7
7766 7
7767 7
7768 7
7769 7
7770 7
7771 7
7772 7
7773 7
7774 7
7775 7
7776 7
7777 7
7778 7
7779 7
7780 7
7781 7
7782 7
7783 7
7784 7
7785 7
7786 7
7787 7
7788 7
7789 7
7790 7
7791 7
7792 7
7793 7
7794 7
7795 7
7796 7
7797 7
7798 7
7799 7
7800 7
7801 7
7802 7
7803 7
7804 7
7805 7
7806 7
7807 7
7808 7
7809 7
7810 7
7811 7
7812 7
7813 7
7814 7
7815 7
7816 7
7817 7
7818 7
7819 7
7820 7
7821 7
7822 7
7823 7
7824 7
7825 7
7826 7
7827 7
7828 7
7829 7
7830 7
7831 7
7832 7
7833 7
7834 7
7835 7
7836 7
7837 7
7838 7
7839 7
7840 7
7841 7
7842 7
7843 7
7844 7
7845 7
7846 7
7847 7
7848 7
7849 7
7850 7
7851 7
7852 7
7853 7
7854 7
7855 7
7856 7
7857 7
7858 7
7859 7
7860 7
7861 7
7862 7
7863 7
7864 7
7865 7
7866 7
7867 7
7868 7
7869 7
7870 7
7871 7
7872 7
7873 7
7874 7
7875 7
7876 7
7877 7
7878 7
7879 7
7880 7
7881 7
7882 7
7883 7
7884 7
7885 7
7886 7
7887 7
7888 7
7889 7
7890 7
7891 7
7892 7
7893 7
7894 7
7895 7
7896 7
7897 7
7898 7
7899 7
7900 7
7901 7
7902 7
7903 7
7904 7
7905 7
7906 7
7907 7
7908 7
7909 7
7910 7
7911 7
7912 7
7913 7
7914 7
7915 7
7916 7
7917 7
7918 7
7919 7
7920 7
7921 7
7922 7
7923 7
7924 7
7925 7
7926 7
7927 7
7928 7
7929 7
7930 7
7931 7
7932 7
7933 7
7934 7
7935 7
7936 7
7937 7
7938 7
7939 7
7940 7
7941 7
7942 7
7943 7
7944 7
7945 7
7946 7
7947 7
7948 7
7949 7
7950 7
7951 7
7952 7
7953 7
7954 7
7955 7
7956 7
7957 7
7958 7
7959 7
7960 7
7961 7
7962 7
7963 7
7964 7
7965 7
7966 7
7967 7
7968 7
7969 7
7970 7
7971 7
7972 7
7973 7
7974 7
7975 7
7976 7
7977 7
7978 7
7979 7
7980 7
7981 7
7982 7
7983 7
7984 7
7985 7
7986 7
7987 7
7988 7
7989 7
7990 7
7991 7
7992 7
7993 7
7994 7
7995 7
7996 7
7997 7
7998 7
7999 7
8000 7
8001 7
8002 7
8003 7
8004 7
8005 7
8006 7
8007 7
8008 7
8009 7
8010 7
8011 7
8012 7
8013 7
8014 7
8015 7
8016 7
8017 7
8018 7
8019 7
8020 7
8021 7
8022 7
8023 7
8024 7
8025 7
8026 7
8027 7
8028 7
8029 7
8030 7
8031 7
8032 7
8033 7
8034 7
8035 7
8036 7
8037 7
8038 7
8039 7
8040 7
8041 7
8042 7
8043 7
8044 7
8045 7
8046 7
8047 7
8048 7
8049 7
8050 7
8051 7
8052 7
8053 7
8054 7
8055 7
8056 7
8057 7
8058 7
8059 7
8060 7
8061 7
8062 7
8063 7
8064 7
8065 7
8066 7
8067 7
8068 7
8069 7
8070 7
8071 7
8072 7
8073 7
8074 7
8075 7
8076 7
8077 7
8078 7
8079 7
8080 7
8081 7
8082 7
8083 7
8084 7
8085 7
8086 7
8087 7
8088 7
8089 7
8090 7
8091 7
8092 7
8093 7
8094 7
8095 7
8096 7
8097 7
8098 7
8099 7
8100 7
8101 7
8102 7
8103 7
8104 7
8105 7
8106 7
8107 7
8108 7
8109 7
8110 7
8111 7
8112 7
8113 7
8114 7
8115 7
8116 7
8117 7
8118 7
8119 7
8120 7
8121 7
8122 7
8123 7
8124 7
8125 7
8126 7
8127 7
8128 7
8129 7
8130 7
8131 7
8132 7
8133 7
8134 7
8135 7
8136 7
8137 7
8138 7
8139 7
8140 7
8141 7
8142 7
8143 7
8144 7
8145 7
8146 7
8147 7
8148 7
8149 7
8150 7
8151 7
8152 7
8153 7
8154 7
8155 7
8156 7
8157 7
8158 7
8159 7
8160 7
8161 7
8162 7
8163 7
8164 7
8165 7
8166 7
8167 7
8168 7
8169 7
8170 7
8171 7
8172 7
8173 7
8174 7
8175 7
8176 7
8177 7
8178 7
8179 7
8180 7
8181 7
8182 7
8183 7
8184 7
8185 7
8186 7
8187 7
8188 7
8189 7
8190 7
8191 7
8192 7
8193 7
8194 7
8195 7
8196 7
8197 7
8198 7
8199 7
8200 7
8201 7
8202 7
8203 7
8204 7
8205 7
8206 7
8207 7
8208 7
8209 7
8210 7
8211 7
8212 7
8213 7
8214 7
8215 7
8216 7
8217 7
8218 7
8219 7
8220 7
8221 7
8222 7
8223 7
8224 7
8225 7
8226 7
8227 7
8228 7
8229 7
8230 7
8231 7
8232 7
8233 7
8234 7
8235 7
8236 7
8237 7
8238 7
8239 7
8240 7
8241 7
8242 7
8243 7
8244 7
8245 7
8246 7
8247 7
8248 7
8249 7
8250 7
8251 7
8252 7
8253 7
8254 7
8255 7
8256 7
8257 7
8258 7
8259 7
8260 7
8261 7
8262 7
8263 7
8264 7
8265 7
8266 7
8267 7
8268 7
8269 7
8270 7
8271 7
8272 7
8273 7
8274 7
8275 7
8276 7
8277 7
8278 7
8279 7
8280 7
8281 7
8282 7
8283 7
8284 7
8285 7
8286 7
8287 7
8288 7
8289 7
8290 7
8291 7
8292 7
8293 7
8294 7
8295 7
8296 7
8297 7
8298 7
8299 7
8300 7
8301 7
8302 7
8303 7
8304 7
8305 7
8306 7
8307 7
8308 7
8309 7
8310 7
8311 7
8312 7
8313 7
8314 7
8315 7
8316 7
8317 7
8318 7
8319 7
8320 7
8321 7
8322 7
8323 7
8324 7
8325 7
8326 7
8327 7
8328 7
8329 7
8330 7
8331 7
8332 7
8333 7
8334 7
8335 7
8336 7
8337 7
8338 7
8339 7
8340 7
8341 7
8342 7
8343 7
8344 7
8345 7
8346 7
8347 7
8348 7
8349 7
8350 7
8351 7
8352 7
8353 7
8354 7
8355 7
8356 7
8357 7
8358 7
8359 7
8360 7
8361 7
8362 7
8363 7
8364 7
8365 7
8366 7
8367 7
8368 7
8369 7
8370 7
8371 7
8372 7
8373 7
8374 7
8375 7
8376 7
8377 7
8378 7
8379 7
8380 7
8381 7
8382 7
8383 7
8384 7
8385 7
8386 7
8387 7
8388 7
8389 7
8390 7
8391 7
8392 7
8393 7
8394 7
8395 7
8396 7
8397 7
8398 7
8399 7
8400 7
8401 7
8402 7
8403 7
8404 7
8405 7
8406 7
8407 7
8408 7
8409 7
8410 7
8411 7
8412 7
8413 7
8414 7
8415 7
8416 7
8417 7
8418 7
8419 7
8420 7
8421 7
8422 7
8423 7
8424 7
8425 7
8426 7
8427 7
8428 7
8429 7
8430 7
8431 7
8432 7
8433 7
8434 7
8435 7
8436 7
8437 7
8438 7
8439 7
8440 7
8441 7
8442 7
8443 7
8444 7
8445 7
8446 7
8447 7
8448 7
8449 7
8450 7
8451 7
8452 7
8453 7
8454 7
8455 7
8456 7
8457 7
8458 7
8459 7
8460 7
8461 7
8462 7
8463 7
8464 7
8465 7
8466 7
8467 7
8468 7
8469 7
8470 7
8471 7
8472 7
8473 7
8474 7
8475 7
8476 7
8477 7
8478 7
8479 7
8480 7
8481 7
8482 7
8483 7
8484 7
8485 7
8486 7
8487 7
8488 7
8489 7
8490 7
8491 7
8492 7
8493 7
8494 7
8495 7
8496 7
8497 7
8498 7
8499 7
8500 7
8501 7
8502 7
8503 7
8504 7
8505 7
8506 7
8507 7
8508 7
8509 7
8510 7
8511 7
8512 7
8513 7
8514 7
8515 7
8516 7
8517 7
8518 7
8519 7
8520 7
8521 7
8522 7
8523 7
8524 7
8525 7
8526 7
8527 7
8528 7
8529 7
8530 7
8531 7
8532 7
8533 7
8534 7
8535 7
8536 7
8537 7
8538 7
8539 7
8540 7
8541 7
8542 7
8543 7
8544 7
8545 7
8546 7
8547 7
8548 7
8549 7
8550 7
8551 7
8552 7
8553 7
8554 7
8555 7
8556 7
8557 7
8558 7
8559 7
8560 7
8561 7
8562 7
8563 7
8564 7
8565 7
8566 7
8567 7
8568 7
8569 7
8570 7
8571 7
8572 7
8573 7
8574 7
8575 7
8576 7
8577 7
8578 7
8579 7
8580 7
8581 7
8582 7
8583 7
8584 7
8585 7
8586 7
8587 7
8588 7
8589 7
8590 7
8591 7
8592 7
8593 7
8594 7
8595 7
8596 7
8597 7
8598 7
8599 7
8600 7
8601 7
8602 7
8603 7
8604 7
8605 7
8606 7
8607 7
8608 7
8609 7
8610 7
8611 7
8612 7
8613 7
8614 7
8615 7
8616 7
8617 7
8618 7
8619 7
8620 7
8621 7
8622 7
8623 7
8624 7
8625 7
8626 7
8627 7
8628 7
8629 7
8630 7
8631 7
8632 7
8633 7
8634 7
8635 7
8636 7
8637 7
8638 7
8639 7
8640 7
8641 7
8642 7
8643 7
8644 7
8645 7
8646 7
8647 7
8648 7
8649 7
8650 7
8651 7
8652 7
8653 7
8654 7
8655 7
8656 7
8657 7
8658 7
8659 7
8660 7
8661 7
8662 7
8663 7
8664 7
8665 7
8666 7
8667 7
8668 7
8669 7
8670 7
8671 7
8672 7
8673 7
8674 7
8675 7
8676 7
8677 7
8678 7
8679 7
8680 7
8681 7
8682 7
8683 7
8684 7
8685 7
8686 7
8687 7
8688 7
8689 7
8690 7
8691 7
8692 7
8693 7
8694 7
8695 7
8696 7
8697 7
8698 7
8699 7
8700 7
8701 7
8702 7
8703 7
8704 7
8705 7
8706 7
8707 7
8708 7
8709 7
8710 7
8711 7
8712 7
8713 7
8714 7
8715 7
8716 7
8717 7
8718 7
8719 7
8720 7
8721 7
8722 7
8723 7
8724 7
8725 7
8726 7
8727 7
8728 7
8729 7
8730 7
8731 7
8732 7
8733 7
8734 7
8735 7
8736 7
8737 7
8738 7
8739 7
8740 7
8741 7
8742 7
8743 7
8744 7
8745 7
8746 7
8747 7
8748 7
8749 7
8750 7
8751 7
8752 7
8753 7
8754 7
8755 7
8756 7
8757 7
8758 7
8759 7
8760 7
8761 7
8762 7
8763 7
8764 7
8765 7
8766 7
8767 7
8768 7
8769 7
8770 7
8771 7
8772 7
8773 7
8774 7
8775 7
8776 7
8777 7
8778 7
8779 7
8780 7
8781 7
8782 7
8783 7
8784 7
8785 7
8786 7
8787 7
8788 7
8789 7
8790 7
8791 7
8792 7
8793 7
8794 7
8795 7
8796 7
8797 7
8798 7
8799 7
8800 7
8801 7
8802 7
8803 7
8804 7
8805 7
8806 7
8807 7
8808 7
8809 7
8810 7
8811 7
8812 7
8813 7
8814 7
8815 7
8816 7
8817 7
8818 7
8819 7
8820 7
8821 7
8822 7
8823 7
8824 7
8825 7
8826 7
8827 7
8828 7
8829 7
8830 7
8831 7
8832 7
8833 7
8834 7
8835 7
8836 7
8837 7
8838 7
8839 7
8840 7
8841 7
8842 7
8843 7
8844 7
8845 7
8846 7
8847 7
8848 7
8849 7
8850 7
8851 7
8852 7
8853 7
8854 7
8855 7
8856 7
8857 7
8858 7
8859 7
8860 7
8861 7
8862 7
8863 7
8864 7
8865 7
8866 7
8867 7
8868 7
8869 7
8870 7
8871 7
8872 7
8873 7
8874 7
8875 7
8876 7
8877 7
8878 7
8879 7
8880 7
8881 7
8882 7
8883 7
8884 7
8885 7
8886 7
8887 7
8888 7
8889 7
8890 7
8891 7
8892 7
8893 7
8894 7
8895 7
8896 7
8897 7
8898 7
8899 7
8900 7
8901 7
8902 7
8903 7
8904 7
8905 7
8906 7
8907 7
8908 7
8909 7
8910 7
8911 7
8912 7
8913 7
8914 7
8915 7
8916 7
8917 7
8918 7
8919 7
8920 7
8921 7
8922 7
8923 7
8924 7
8925 7
8926 7
8927 7
8928 7
8929 7
8930 7
8931 7
8932 7
8933 7
8934 7
8935 7
8936 7
8937 7
8938 7
8939 7
8940 7
8941 7
8942 7
8943 7
8944 7
8945 7
8946 7
8947 7
8948 7
8949 7
8950 7
8951 7
8952 7
8953 7
8954 7
8955 7
8956 7
8957 7
8958 7
8959 7
8960 7
8961 7
8962 7
8963 7
8964 7
8965 7
8966 7
8967 7
8968 7
8969 7
8970 7
8971 7
8972 7
8973 7
8974 7
8975 7
8976 7
8977 7
8978 7
8979 7
8980 7
8981 7
8982 7
8983 7
8984 7
8985 7
8986 7
8987 7
8988 7
8989 7
8990 7
8991 7
8992 7
8993 7
8994 7
8995 7
8996 7
8997 7
8998 7
8999 7
9000 7
9001 7
9002 7
9003 7
9004 7
9005 7
9006 7
9007 7
9008 7
9009 7
9010 7
9011 7
9012 7
9013 7
9014 7
9015 7
9016 7
9017 7
9018 7
9019 7
9020 7
9021 7
9022 7
9023 7
9024 7
9025 7
9026 7
9027 7
9028 7
9029 7
9030 7
9031 7
9032 7
9033 7
9034 7
9035 7
9036 7
9037 7
9038 7
9039 7
9040 7
9041 7
9042 7
9043 7
9044 7
9045 7
9046 7
9047 7
9048 7
9049 7
9050 7
9051 7
9052 7
9053 7
9054 7
9055 7
9056 7
9057 7
9058 7
9059 7
9060 7
9061 7
9062 7
9063 7
9064 7
9065 7
9066 7
9067 7
9068 7
9069 7
9070 7
9071 7
9072 7
9073 7
9074 7
9075 7
9076 7
9077 7
9078 7
9079 7
9080 7
9081 7
9082 7
9083 7
9084 7
9085 7
9086 7
9087 7
9088 7
9089 7
9090 7
9091 7
9092 7
9093 7
9094 7
9095 7
9096 7
9097 7
9098 7
9099 7
9100 7
9101 7
9102 7
9103 7
9104 7
9105 7
9106 7
9107 7
9108 7
9109 7
9110 7
9111 7
9112 7
9113 7
9114 7
9115 7
9116 7
9117 7
9118 7
9119 7
9120 7
9121 7
9122 7
9123 7
9124 7
9125 7
9126 7
9127 7
9128 7
9129 7
9130 7
9131 7
9132 7
9133 7
9134 7
9135 7
9136 7
9137 7
9138 7
9139 7
9140 7
9141 7
9142 7
9143 7
9144 7
9145 7
9146 7
9147 7
9148 7
9149 7
9150 7
9151 7
9152 7
9153 7
9154 7
9155 7
9156 7
9157 7
9158 7
9159 7
9160 7
9161 7
9162 7
9163 7
9164 7
9165 7
9166 7
9167 7
9168 7
9169 7
9170 7
9171 7
9172 7
9173 7
9174 7
9175 7
9176 7
9177 7
9178 7
9179 7
9180 7
9181 7
9182 7
9183 7
9184 7
9185 7
9186 7
9187 7
9188 7
9189 7
9190 7
9191 7
9192 7
9193 7
9194 7
9195 7
9196 7
9197 7
9198 7
9199 7
9200 7
9201 7
9202 7
9203 7
9204 7
9205 7
9206 7
9207 7
9208 7
9209 7
9210 7
9211 7
9212 7
9213 7
9214 7
9215 7
9216 7
9217 7
9218 7
9219 7
9220 7
9221 7
9222 7
9223 7
9224 7
9225 7
9226 7
9227 7
9228 7
9229 7
9230 7
9231 7
9232 7
9233 7
9234 7
9235 7
9236 7
9237 7
9238 7
9239 7
9240 7
9241 7
9242 7
9243 7
9244 7
9245 7
9246 7
9247 7
9248 7
9249 7
9250 7
9251 7
9252 7
9253 7
9254 7
9255 7
9256 7
9257 7
9258 7
9259 7
9260 7
9261 7
9262 7
9263 7
9264 7
9265 7
9266 7
9267 7
9268 7
9269 7
9270 7
9271 7
9272 7
9273 7
9274 7
9275 7
9276 7
9277 7
9278 7
9279 7
9280 7
9281 7
9282 7
9283 7
9284 7
9285 7
9286 7
9287 7
9288 7
9289 7
9290 7
9291 7
9292 7
9293 7
9294 7
9295 7
9296 7
9297 7
9298 7
9299 7
9300 7
9301 7
9302 7
9303 7
9304 7
9305 7
9306 7
9307 7
9308 7
9309 7
9310 7
9311 7
9312 7
9313 7
9314 7
9315 7
9316 7
9317 7
9318 7
9319 7
9320 7
9321 7
9322 7
9323 7
9324 7
9325 7
9326 7
9327 7
9328 7
9329 7
9330 7
9331 7
9332 7
9333 7
9334 7
9335 7
9336 7
9337 7
9338 7
9339 7
9340 7
9341 7
9342 7
9343 7
9344 7
9345 7
9346 7
9347 7
9348 7
9349 7
9350 7
9351 7
9352 7
9353 7
9354 7
9355 7
9356 7
9357 7
9358 7
9359 7
9360 7
9361 7
9362 7
9363 7
9364 7
9365 7
9366 7
9367 7
9368 7
9369 7
9370 7
9371 7
9372 7
9373 7
9374 7
9375 7
9376 7
9377 7
9378 7
9379 7
9380 7
9381 7
9382 7
9383 7
9384 7
9385 7
9386 7
9387 7
9388 7
9389 7
9390 7
9391 7
9392 7
9393 7
9394 7
9395 7
9396 7
9397 7
9398 7
9399 7
9400 7
9401 7
9402 7
9403 7
9404 7
9405 7
9406 7
9407 7
9408 7
9409 7
9410 7
9411 7
9412 7
9413 7
9414 7
9415 7
9416 7
9417 7
9418 7
9419 7
9420 7
9421 7
9422 7
9423 7
9424 7
9425 7
9426 7
9427 7
9428 7
9429 7
9430 7
9431 7
9432 7
9433 7
9434 7
9435 7
9436 7
9437 7
9438 7
9439 7
9440 7
9441 7
9442 7
9443 7
9444 7
9445 7
9446 7
9447 7
9448 7
9449 7
9450 7
9451 7
9452 7
9453 7
9454 7
9455 7
9456 7
9457 7
9458 7
9459 7
9460 7
9461 7
9462 7
9463 7
9464 7
9465 7
9466 7
9467 7
9468 7
9469 7
9470 7
9471 7
9472 7
9473 7
9474 7
9475 7
9476 7
9477 7
9478 7
9479 7
9480 7
9481 7
9482 7
9483 7
9484 7
9485 7
9486 7
9487 7
9488 7
9489 7
9490 7
9491 7
9492 7
9493 7
9494 7
9495 7
9496 7
9497 7
9498 7
9499 7
9500 7
9501 7
9502 7
9503 7
9504 7
9505 7
9506 7
9507 7
9508 7
9509 7
9510 7
9511 7
9512 7
9513 7
9514 7
9515 7
9516 7
9517 7
9518 7
9519 7
9520 7
9521 7
9522 7
9523 7
9524 7
9525 7
9526 7
9527 7
9528 7
9529 7
9530 7
9531 7
9532 7
9533 7
9534 7
9535 7
9536 7
9537 7
9538 7
9539 7
9540 7
9541 7
9542 7
9543 7
9544 7
9545 7
9546 7
9547 7
9548 7
9549 7
9550 7
9551 7
9552 7
9553 7
9554 7
9555 7
9556 7
9557 7
9558 7
9559 7
9560 7
9561 7
9562 7
9563 7
9564 7
9565 7
9566 7
9567 7
9568 7
9569 7
9570 7
9571 7
9572 7
9573 7
9574 7
9575 7
9576 7
9577 7
9578 7
9579 7
9580 7
9581 7
9582 7
9583 7
9584 7
9585 7
9586 7
9587 7
9588 7
9589 7
9590 7
9591 7
9592 7
9593 7
9594 7
9595 7
9596 7
9597 7
9598 7
9599 7
9600 7
9601 7
9602 7
9603 7
9604 7
9605 7
9606 7
9607 7
9608 7
9609 7
9610 7
9611 7
9612 7
9613 7
9614 7
9615 7
9616 7
9617 7
9618 7
9619 7
9620 7
9621 7
9622 7
9623 7
9624 7
9625 7
9626 7
9627 7
9628 7
9629 7
9630 7
9631 7
9632 7
9633 7
9634 7
9635 7
9636 7
9637 7
9638 7
9639 7
9640 7
9641 7
9642 7
9643 7
9644 7
9645 7
9646 7
9647 7
9648 7
9649 7
9650 7
9651 7
9652 7
9653 7
9654 7
9655 7
9656 7
9657 7
9658 7
9659 7
9660 7
9661 7
9662 7
9663 7
9664 7
9665 7
9666 7
9667 7
9668 7
9669 7
9670 7
9671 7
9672 7
9673 7
9674 7
9675 7
9676 7
9677 7
9678 7
9679 7
9680 7
9681 7
9682 7
9683 7
9684 7
9685 7
9686 7
9687 7
9688 7
9689 7
9690 7
9691 7
9692 7
9693 7
9694 7
9695 7
9696 7
9697 7
9698 7
9699 7
9700 7
9701 7
9702 7
9703 7
9704 7
9705 7
9706 7
9707 7
9708 7
9709 7
9710 7
9711 7
9712 7
9713 7
9714 7
9715 7
9716 7
9717 7
9718 7
9719 7
9720 7
9721 7
9722 7
9723 7
9724 7
9725 7
9726 7
9727 7
9728 7
9729 7
9730 7
9731 7
9732 7
9733 7
9734 7
9735 7
9736 7
9737 7
9738 7
9739 7
9740 7
9741 7
9742 7
9743 7
9744 7
9745 7
9746 7
9747 7
9748 7
9749 7
9750 7
9751 7
9752 7
9753 7
9754 7
9755 7
9756 7
9757 7
9758 7
9759 7
9760 7
9761 7
9762 7
9763 7
9764 7
9765 7
9766 7
9767 7
9768 7
9769 7
9770 7
9771 8
9772 8
9773 8
9774 8
9775 8
9776 8
9777 8
9778 8
9779 8
9780 8
9781 8
9782 8
9783 8
9784 8
9785 8
9786 8
9787 8
9788 8
9789 8
9790 8
9791 8
9792 8
9793 8
9794 8
9795 8
9796 8
9797 8
9798 8
9799 8
9800 8
9801 8
9802 8
9803 8
9804 8
9805 8
9806 8
9807 8
9808 8
9809 8
9810 8
9811 8
9812 8
9813 8
9814 8
9815 8
9816 8
9817 8
9818 8
9819 8
9820 8
9821 8
9822 8
9823 8
9824 8
9825 8
9826 8
9827 8
9828 8
9829 8
9830 8
9831 8
9832 8
9833 8
9834 8
9835 8
9836 8
9837 8
9838 8
9839 8
9840 8
9841 8
9842 8
9843 8
9844 8
9845 8
9846 8
9847 8
9848 8
9849 8
9850 8
9851 8
9852 8
9853 8
9854 8
9855 8
9856 8
9857 8
9858 8
9859 8
9860 8
9861 8
9862 8
9863 8
9864 8
9865 8
9866 8
9867 8
9868 8
9869 8
9870 8
9871 8
9872 8
9873 8
9874 8
9875 8
9876 8
9877 8
9878 8
9879 8
9880 8
9881 8
9882 8
9883 8
9884 8
9885 8
9886 8
9887 8
9888 8
9889 8
9890 8
9891 8
9892 8
9893 8
9894 8
9895 8
9896 8
9897 8
9898 8
9899 8
9900 8
9901 8
9902 8
9903 8
9904 8
9905 8
9906 8
9907 8
9908 8
9909 8
9910 8
9911 8
9912 8
9913 8
9914 8
9915 8
9916 8
9917 8
9918 8
9919 8
9920 8
9921 8
9922 8
9923 8
9924 8
9925 8
9926 8
9927 8
9928 8
9929 8
9930 8
9931 8
9932 8
9933 8
9934 8
9935 8
9936 8
9937 8
9938 8
9939 8
9940 8
9941 8
9942 8
9943 8
9944 8
9945 8
9946 8
9947 8
9948 8
9949 8
9950 8
9951 8
9952 8
9953 8
9954 8
9955 8
9956 8
9957 8
9958 8
9959 8
9960 8
9961 8
9962 8
9963 8
9964 8
9965 8
9966 8
9967 8
9968 8
9969 8
9970 8
9971 8
9972 8
9973 8
9974 8
9975 8
9976 8
9977 8
9978 8
9979 8
9980 8
9981 8
9982 8
9983 8
9984 8
9985 8
9986 8
9987 8
9988 8
9989 8
9990 8
9991 8
9992 8
9993 8
9994 8
9995 8
9996 8
9997 8
9998 8
9999 8
10000 8
