1 1
2 1
3 1
4 1
5 1
6 2
7 3
8 3
9 3
10 3
11 3
12 3
13 3
14 3
15 3
16 3
17 3
18 3
19 3
20 3
21 3
22 3
23 3
24 3
25 3
26 3
27 3
28 3
29 3
30 3
31 3
32 3
33 3
34 3
35 3
36 3
37 3
38 3
39 3
40 3
41 3
42 3
43 3
44 3
45 3
46 3
47 3
48 3
49 3
50 3
51 3
52 3
53 3
54 3
55 3
56 4
57 4
58 4
59 4
60 4
61 4
62 4
63 4
64 4
65 4
66 4
67 4
68 4
69 4
70 4
71 4
72 4
73 4
74 4
75 4
76 4
77 4
78 4
79 4
80 4
81 4
82 4
83 4
84 4
85 4
86 4
87 4
88 4
89 4
90 4
91 4
92 4
93 4
94 4
95 4
96 4
97 4
98 4
99 4
100 4
101 4
102 4
103 4
104 4
105 4
106 4
107 4
108 4
109 4
110 4
111 4
112 4
113 4
114 4
115 4
116 4
117 4
118 4
119 4
120 4
121 4
122 4
123 4
124 4
125 4
126 4
127 4
128 4
129 4
130 4
131 4
132 4
133 4
134 4
135 4
136 4
137 4
138 4
139 4
140 4
141 4
142 4
143 4
144 4
145 4
146 4
147 4
148 4
149 4
150 4
151 4
152 4
153 4
154 4
155 4
156 4
157 4
158 4
159 4
160 4
161 4
162 4
163 4
164 4
165 4
166 4
167 4
168 4
169 4
170 4
171 4
172 4
173 4
174 4
175 4
176 4
177 4
178 4
179 4
180 4
181 4
182 4
183 4
184 4
185 4
186 4
187 4
188 4
189 4
190 4
191 4
192 4
193 4
194 4
195 4
196 4
197 4
198 4
199 4
200 4
201 4
202 4
203 4
204 4
205 4
206 4
207 4
208 4
209 4
210 4
211 4
212 4
213 4
214 4
215 4
216 4
217 4
218 4
219 4
220 4
221 4
222 4
223 4
224 4
225 4
226 4
227 4
228 4
229 4
230 4
231 4
232 4
233 4
234 4
235 4
236 4
237 4
238 4
239 4
240 4
241 4
242 4
243 4
244 4
245 4
246 4
247 4
248 4
249 4
250 4
251 4
252 4
253 4
254 4
255 4
256 4
257 4
258 4
259 4
260 4
261 4
262 4
263 4
264 4
265 4
266 4
267 4
268 4
269 4
270 4
271 4
272 4
273 4
274 4
275 4
276 4
277 4
278 4
279 4
280 4
281 4
282 4
283 4
284 4
285 4
286 4
287 4
288 4
289 4
290 4
291 4
292 4
293 4
294 4
295 4
296 4
297 4
298 4
299 4
300 4
301 4
302 4
303 4
304 4
305 4
306 4
307 4
308 4
309 4
310 4
311 4
312 4
313 4
314 4
315 4
316 4
317 4
318 4
319 4
320 4
321 4
322 4
323 4
324 4
325 4
326 4
327 4
328 4
329 4
330 4
331 4
332 4
333 4
334 4
335 4
336 4
337 4
338 4
339 4
340 4
341 4
342 4
343 4
344 4
345 4
346 4
347 4
348 4
349 4
350 4
351 4
352 4
353 4
354 4
355 4
356 4
357 4
358 4
359 4
360 4
361 4
362 4
363 4
364 4
365 4
366 4
367 4
368 4
369 4
370 4
371 4
372 4
373 4
374 4
375 4
376 4
377 4
378 4
379 4
380 4
381 4
382 4
383 4
384 4
385 4
386 4
387 4
388 4
389 4
390 4
391 4
392 4
393 4
394 4
395 4
396 4
397 4
398 4
399 4
400 4
401 4
402 4
403 4
404 4
405 4
406 4
407 4
408 4
409 4
410 4
411 4
412 4
413 4
414 4
415 4
416 4
417 4
418 4
419 4
420 4
421 4
422 4
423 4
424 4
425 4
426 4
427 4
428 4
429 4
430 4
431 4
432 4
433 4
434 4
435 4
436 4
437 4
438 4
439 4
440 4
441 4
442 4
443 4
444 4
445 4
446 4
447 4
448 4
449 4
450 4
451 4
452 4
453 4
454 4
455 4
456 4
457 4
458 4
459 4
460 4
461 4
462 4
463 4
464 4
465 4
466 4
467 4
468 4
469 4
470 4
471 4
472 4
473 4
474 4
475 4
476 4
477 4
478 4
479 4
480 4
481 4
482 4
483 4
484 4
485 4
486 4
487 4
488 4
489 4
490 4
491 4
492 4
493 4
494 4
495 4
496 4
497 4
498 4
499 4
500 4
501 4
502 4
503 4
504 4
505 4
506 4
507 4
508 4
509 4
510 4
511 4
512 4
513 4
514 4
515 4
516 4
517 4
518 4
519 4
520 4
521 4
522 4
523 4
524 4
525 4
526 4
527 4
528 4
529 4
530 4
531 4
532 4
533 4
534 4
535 4
536 4
537 4
538 4
539 4
540 4
541 4
542 4
543 4
544 4
545 4
546 4
547 4
548 4
549 4
550 4
551 4
552 4
553 4
554 4
555 4
556 4
557 4
558 4
559 4
560 4
561 4
562 4
563 4
564 4
565 4
566 4
567 4
568 4
569 4
570 4
571 4
572 4
573 4
574 4
575 4
576 4
577 4
578 4
579 4
580 4
581 4
582 4
583 4
584 4
585 4
586 4
587 4
588 4
589 4
590 4
591 4
592 4
593 4
594 4
595 4
596 4
597 4
598 4
599 4
600 4
601 4
602 4
603 4
604 4
605 4
606 4
607 4
608 4
609 4
610 4
611 4
612 4
613 4
614 4
615 4
616 4
617 4
618 4
619 4
620 4
621 4
622 4
623 4
624 4
625 4
626 4
627 4
628 4
629 4
630 4
631 4
632 4
633 4
634 4
635 4
636 4
637 4
638 4
639 4
640 4
641 4
642 4
643 4
644 4
645 4
646 4
647 4
648 4
649 4
650 4
651 4
652 4
653 4
654 4
655 4
656 4
657 4
658 4
659 4
660 4
661 4
662 4
663 4
664 4
665 4
666 4
667 4
668 4
669 4
670 4
671 4
672 4
673 4
674 4
675 4
676 4
677 4
678 4
679 4
680 4
681 4
682 4
683 4
684 4
685 4
686 4
687 4
688 4
689 4
690 4
691 4
692 4
693 4
694 4
695 4
696 4
697 4
698 4
699 4
700 4
701 4
702 4
703 4
704 4
705 4
706 4
707 4
708 4
709 4
710 4
711 4
712 4
713 4
714 4
715 4
716 4
717 4
718 4
719 4
720 4
721 4
722 4
723 4
724 4
725 4
726 4
727 4
728 4
729 4
730 4
731 4
732 4
733 4
734 4
735 4
736 4
737 4
738 4
739 4
740 4
741 4
742 4
743 4
744 4
745 4
746 4
747 4
748 4
749 4
750 4
751 4
752 4
753 4
754 4
755 4
756 4
757 4
758 4
759 4
760 4
761 4
762 4
763 4
764 4
765 4
766 4
767 4
768 4
769 4
770 4
771 4
772 4
773 4
774 4
775 4
776 4
777 4
778 4
779 4
780 4
781 4
782 4
783 4
784 4
785 4
786 4
787 4
788 4
789 4
790 4
791 4
792 4
793 4
794 4
795 4
796 4
797 4
798 4
799 4
800 4
801 4
802 4
803 4
804 4
805 4
806 4
807 4
808 4
809 4
810 4
811 4
812 5
813 5
814 5
815 5
816 5
817 5
818 5
819 5
820 5
821 5
822 5
823 5
824 5
825 5
826 5
827 5
828 5
829 5
830 5
831 5
832 5
833 5
834 5
835 5
836 5
837 5
838 5
839 5
840 5
841 5
842 5
843 5
844 5
845 5
846 5
847 5
848 5
849 5
850 5
851 5
852 5
853 5
854 5
855 5
856 5
857 5
858 5
859 5
860 5
861 5
862 5
863 5
864 5
865 5
866 5
867 5
868 5
869 5
870 5
871 5
872 5
873 5
874 5
875 5
876 5
877 5
878 5
879 5
880 5
881 5
882 5
883 5
884 5
885 5
886 5
887 5
888 5
889 5
890 5
891 5
892 5
893 5
894 5
895 5
896 5
897 5
898 5
899 5
900 5
901 5
902 5
903 5
904 5
905 5
906 5
907 5
908 5
909 5
910 5
911 5
912 5
913 5
914 5
915 5
916 5
917 5
918 5
919 5
920 5
921 5
922 5
923 5
924 5
925 5
926 5
927 5
928 5
929 5
930 5
931 5
932 5
933 5
934 5
935 5
936 5
937 5
938 5
939 5
940 5
941 5
942 5
943 5
944 5
945 5
946 5
947 5
948 5
949 5
950 5
951 5
952 5
953 5
954 5
955 5
956 5
957 5
958 5
959 5
960 5
961 5
962 5
963 5
964 5
965 5
966 5
967 5
968 5
969 5
970 5
971 5
972 5
973 5
974 5
975 5
976 5
977 5
978 5
979 5
980 5
981 5
982 5
983 5
984 5
985 5
986 5
987 5
988 5
989 5
990 5
991 5
992 5
993 5
994 5
995 5
996 5
997 5
998 5
999 5
1000 5
1001 5
1002 5
1003 5
1004 5
1005 5
1006 5
1007 5
1008 5
1009 5
1010 5
1011 5
1012 5
1013 5
1014 5
1015 5
1016 5
1017 5
1018 5
1019 5
1020 5
1021 5
1022 5
1023 5
1024 5
1025 5
1026 5
1027 5
1028 5
1029 5
1030 5
1031 5
1032 5
1033 5
1034 5
1035 5
1036 5
1037 5
1038 5
1039 5
1040 5
1041 5
1042 5
1043 5
1044 5
1045 5
1046 5
1047 5
1048 5
1049 5
1050 5
1051 5
1052 5
1053 5
1054 5
1055 5
1056 5
1057 5
1058 5
1059 5
1060 5
1061 5
1062 5
1063 5
1064 5
1065 5
1066 5
1067 5
1068 5
1069 5
1070 5
1071 5
1072 5
1073 5
1074 5
1075 5
1076 5
1077 5
1078 5
1079 5
1080 5
1081 5
1082 5
1083 5
1084 5
1085 5
1086 5
1087 5
1088 5
1089 5
1090 5
1091 5
1092 5
1093 5
1094 5
1095 5
1096 5
1097 5
1098 5
1099 5
1100 5
1101 5
1102 5
1103 5
1104 5
1105 5
1106 5
1107 5
1108 5
1109 5
1110 5
1111 5
1112 5
1113 5
1114 5
1115 5
1116 5
1117 5
1118 5
1119 5
1120 5
1121 5
1122 5
1123 5
1124 5
1125 5
1126 5
1127 5
1128 5
1129 5
1130 5
1131 5
1132 5
1133 5
1134 5
1135 5
1136 5
1137 5
1138 5
1139 5
1140 5
1141 5
1142 5
1143 5
1144 5
1145 5
1146 5
1147 5
1148 5
1149 5
1150 5
1151 5
1152 5
1153 5
1154 5
1155 5
1156 5
1157 5
1158 5
1159 5
1160 5
1161 5
1162 5
1163 5
1164 5
1165 5
1166 5
1167 5
1168 5
1169 5
1170 5
1171 5
1172 5
1173 5
1174 5
1175 5
1176 5
1177 5
1178 5
1179 5
1180 5
1181 5
1182 5
1183 5
1184 5
1185 5
1186 5
1187 5
1188 5
1189 5
1190 5
1191 5
1192 5
1193 5
1194 5
1195 5
1196 5
1197 5
1198 5
1199 5
1200 5
1201 5
1202 5
1203 5
1204 5
1205 5
1206 5
1207 5
1208 5
1209 5
1210 5
1211 5
1212 5
1213 5
1214 5
1215 5
1216 5
1217 5
1218 5
1219 5
1220 5
1221 5
1222 5
1223 5
1224 5
1225 5
1226 5
1227 5
1228 5
1229 5
1230 5
1231 5
1232 5
1233 5
1234 5
1235 5
1236 5
1237 5
1238 5
1239 5
1240 5
1241 5
1242 5
1243 5
1244 5
1245 5
1246 5
1247 5
1248 5
1249 5
1250 5
1251 5
1252 5
1253 5
1254 5
1255 5
1256 5
1257 5
1258 5
1259 5
1260 5
1261 5
1262 5
1263 5
1264 5
1265 5
1266 5
1267 5
1268 5
1269 5
1270 5
1271 5
1272 5
1273 5
1274 5
1275 5
1276 5
1277 5
1278 5
1279 5
1280 5
1281 5
1282 5
1283 5
1284 5
1285 5
1286 5
1287 5
1288 5
1289 5
1290 5
1291 5
1292 5
1293 5
1294 5
1295 5
1296 5
1297 5
1298 5
1299 5
1300 5
1301 5
1302 5
1303 5
1304 5
1305 5
1306 5
1307 5
1308 5
1309 5
1310 5
1311 5
1312 5
1313 5
1314 5
1315 5
1316 5
1317 5
1318 5
1319 5
1320 5
1321 5
1322 5
1323 5
1324 5
1325 5
1326 5
1327 5
1328 5
1329 5
1330 5
1331 5
1332 5
1333 5
1334 5
1335 5
1336 5
1337 5
1338 5
1339 5
1340 5
1341 5
1342 5
1343 5
1344 5
1345 5
1346 5
1347 5
1348 5
1349 5
1350 5
1351 5
1352 5
1353 5
1354 5
1355 5
1356 5
1357 5
1358 5
1359 5
1360 5
1361 5
1362 5
1363 5
1364 5
1365 5
1366 5
1367 5
1368 5
1369 5
1370 5
1371 5
1372 5
1373 5
1374 5
1375 5
1376 5
1377 5
1378 5
1379 5
1380 5
1381 5
1382 5
1383 5
1384 5
1385 5
1386 5
1387 5
1388 5
1389 5
1390 5
1391 5
1392 5
1393 5
1394 5
1395 5
1396 5
1397 5
1398 5
1399 5
1400 5
1401 5
1402 5
1403 5
1404 5
1405 5
1406 5
1407 5
1408 5
1409 5
1410 5
1411 5
1412 5
1413 5
1414 5
1415 5
1416 5
1417 5
1418 5
1419 5
1420 5
1421 5
1422 5
1423 5
1424 5
1425 5
1426 5
1427 5
1428 5
1429 5
1430 5
1431 5
1432 5
1433 5
1434 5
1435 5
1436 5
1437 5
1438 5
1439 5
1440 5
1441 5
1442 5
1443 5
1444 5
1445 5
1446 5
1447 5
1448 5
1449 5
1450 5
1451 5
1452 5
1453 5
1454 5
1455 5
1456 5
1457 5
1458 5
1459 5
1460 5
1461 5
1462 5
1463 5
1464 5
1465 5
1466 5
1467 5
1468 5
1469 5
1470 5
1471 5
1472 5
1473 5
1474 5
1475 5
1476 5
1477 5
1478 5
1479 5
1480 5
1481 5
1482 5
1483 5
1484 5
1485 5
1486 5
1487 5
1488 5
1489 5
1490 5
1491 5
1492 5
1493 5
1494 5
1495 5
1496 5
1497 5
1498 5
1499 5
1500 5
1501 5
1502 5
1503 5
1504 5
1505 5
1506 5
1507 5
1508 5
1509 5
1510 5
1511 5
1512 5
1513 5
1514 5
1515 5
1516 5
1517 5
1518 5
1519 5
1520 5
1521 5
1522 5
1523 5
1524 5
1525 5
1526 5
1527 5
1528 5
1529 5
1530 5
1531 5
1532 5
1533 5
1534 5
1535 5
1536 5
1537 5
1538 5
1539 5
1540 5
1541 5
1542 5
1543 5
1544 5
1545 5
1546 5
1547 5
1548 5
1549 5
1550 5
1551 5
1552 5
1553 5
1554 5
1555 5
1556 5
1557 5
1558 5
1559 5
1560 5
1561 5
1562 5
1563 5
1564 5
1565 5
1566 5
1567 5
1568 5
1569 5
1570 5
1571 5
1572 5
1573 5
1574 5
1575 5
1576 5
1577 5
1578 5
1579 5
1580 5
1581 5
1582 5
1583 5
1584 5
1585 5
1586 5
1587 5
1588 5
1589 5
1590 5
1591 5
1592 5
1593 5
1594 5
1595 5
1596 5
1597 5
1598 5
1599 5
1600 5
1601 5
1602 5
1603 5
1604 5
1605 5
1606 5
1607 5
1608 5
1609 5
1610 5
1611 5
1612 5
1613 5
1614 5
1615 5
1616 5
1617 5
1618 5
1619 5
1620 5
1621 5
1622 5
1623 5
1624 5
1625 5
1626 5
1627 5
1628 5
1629 5
1630 5
1631 5
1632 5
1633 5
1634 5
1635 5
1636 5
1637 5
1638 5
1639 5
1640 5
1641 5
1642 5
1643 5
1644 5
1645 5
1646 5
1647 5
1648 5
1649 5
1650 5
1651 5
1652 5
1653 5
1654 5
1655 5
1656 5
1657 5
1658 5
1659 5
1660 5
1661 5
1662 5
1663 5
1664 5
1665 5
1666 5
1667 5
1668 5
1669 5
1670 5
1671 5
1672 5
1673 5
1674 5
1675 5
1676 5
1677 5
1678 5
1679 5
1680 5
1681 5
1682 5
1683 5
1684 5
1685 5
1686 5
1687 5
1688 5
1689 5
1690 5
1691 5
1692 5
1693 5
1694 5
1695 5
1696 5
1697 5
1698 5
1699 5
1700 5
1701 5
1702 5
1703 5
1704 5
1705 5
1706 5
1707 5
1708 5
1709 5
1710 5
1711 5
1712 6
1713 6
1714 6
1715 6
1716 6
1717 6
1718 6
1719 6
1720 6
1721 6
1722 6
1723 6
1724 6
1725 6
1726 6
1727 6
1728 6
1729 6
1730 6
1731 6
1732 6
1733 6
1734 6
1735 6
1736 6
1737 6
1738 6
1739 6
1740 6
1741 6
1742 6
1743 6
1744 6
1745 6
1746 6
1747 6
1748 6
1749 6
1750 6
1751 6
1752 6
1753 6
1754 6
1755 6
1756 6
1757 6
1758 6
1759 6
1760 6
1761 6
1762 6
1763 6
1764 6
1765 6
1766 6
1767 6
1768 6
1769 6
1770 6
1771 6
1772 6
1773 6
1774 6
1775 6
1776 6
1777 6
1778 6
1779 6
1780 6
1781 6
1782 6
1783 6
1784 6
1785 6
1786 6
1787 6
1788 6
1789 6
1790 6
1791 6
1792 6
1793 6
1794 6
1795 6
1796 6
1797 6
1798 6
1799 6
1800 6
1801 6
1802 6
1803 6
1804 6
1805 6
1806 6
1807 6
1808 6
1809 6
1810 6
1811 6
1812 6
1813 6
1814 6
1815 6
1816 6
1817 6
1818 6
1819 6
1820 6
1821 6
1822 6
1823 6
1824 6
1825 6
1826 6
1827 6
1828 6
1829 6
1830 6
1831 6
1832 6
1833 6
1834 6
1835 6
1836 6
1837 6
1838 6
1839 6
1840 6
1841 6
1842 6
1843 6
1844 6
1845 6
1846 6
1847 6
1848 6
1849 6
1850 6
1851 6
1852 6
1853 6
1854 6
1855 6
1856 6
1857 6
1858 6
1859 6
1860 6
1861 6
1862 6
1863 6
1864 6
1865 6
1866 6
1867 6
1868 6
1869 6
1870 6
1871 6
1872 6
1873 6
1874 6
1875 6
1876 6
1877 6
1878 6
1879 6
1880 6
1881 6
1882 6
1883 6
1884 6
1885 6
1886 6
1887 6
1888 6
1889 6
1890 6
1891 6
1892 6
1893 6
1894 6
1895 6
1896 6
1897 6
1898 6
1899 6
1900 6
1901 6
1902 6
1903 6
1904 6
1905 6
1906 6
1907 6
1908 6
1909 6
1910 6
1911 6
1912 6
1913 6
1914 6
1915 6
1916 6
1917 6
1918 6
1919 6
1920 6
1921 6
1922 6
1923 6
1924 6
1925 6
1926 6
1927 6
1928 6
1929 6
1930 6
1931 6
1932 6
1933 6
1934 6
1935 6
1936 6
1937 6
1938 6
1939 6
1940 6
1941 6
1942 6
1943 6
1944 6
1945 6
1946 6
1947 6
1948 6
1949 6
1950 6
1951 6
1952 6
1953 6
1954 6
1955 6
1956 6
1957 6
1958 6
1959 6
1960 6
1961 6
1962 6
1963 6
1964 6
1965 6
1966 6
1967 6
1968 6
1969 6
1970 6
1971 6
1972 6
1973 6
1974 6
1975 6
1976 6
1977 6
1978 6
1979 6
1980 6
1981 6
1982 6
1983 6
1984 6
1985 6
1986 6
1987 6
1988 6
1989 6
1990 6
1991 6
1992 6
1993 6
1994 6
1995 6
1996 6
1997 6
1998 6
1999 6
2000 6
2001 6
2002 6
2003 6
2004 6
2005 6
2006 6
2007 6
2008 6
2009 6
2010 6
2011 6
2012 6
2013 6
2014 6
2015 6
2016 6
2017 6
2018 6
2019 6
2020 6
2021 6
2022 6
2023 6
2024 6
2025 6
2026 6
2027 6
2028 6
2029 6
2030 6
2031 6
2032 6
2033 6
2034 6
2035 6
2036 6
2037 6
2038 6
2039 6
2040 6
2041 6
2042 6
2043 6
2044 6
2045 6
2046 6
2047 6
2048 6
2049 6
2050 6
2051 6
2052 6
2053 6
2054 6
2055 6
2056 6
2057 6
2058 6
2059 6
2060 6
2061 6
2062 6
2063 6
2064 6
2065 6
2066 6
2067 6
2068 6
2069 6
2070 6
2071 6
2072 6
2073 6
2074 6
2075 6
2076 6
2077 6
2078 6
2079 6
2080 6
2081 6
2082 6
2083 6
2084 6
2085 6
2086 6
2087 6
2088 6
2089 6
2090 6
2091 6
2092 6
2093 6
2094 6
2095 6
2096 6
2097 6
2098 6
2099 6
2100 6
2101 6
2102 6
2103 6
2104 6
2105 6
2106 6
2107 6
2108 6
2109 6
2110 6
2111 6
2112 6
2113 6
2114 6
2115 6
2116 6
2117 6
2118 6
2119 6
2120 6
2121 6
2122 6
2123 6
2124 6
2125 6
2126 6
2127 6
2128 6
2129 6
2130 6
2131 6
2132 6
2133 6
2134 6
2135 6
2136 6
2137 6
2138 6
2139 6
2140 6
2141 6
2142 6
2143 6
2144 6
2145 6
2146 6
2147 6
2148 6
2149 6
2150 6
2151 6
2152 6
2153 6
2154 6
2155 6
2156 6
2157 6
2158 6
2159 6
2160 6
2161 6
2162 6
2163 6
2164 6
2165 6
2166 6
2167 6
2168 6
2169 6
2170 6
2171 6
2172 6
2173 6
2174 6
2175 6
2176 6
2177 6
2178 6
2179 6
2180 6
2181 6
2182 6
2183 6
2184 6
2185 6
2186 6
2187 6
2188 6
2189 6
2190 6
2191 6
2192 6
2193 6
2194 6
2195 6
2196 6
2197 6
2198 6
2199 6
2200 6
2201 6
2202 6
2203 6
2204 6
2205 6
2206 6
2207 6
2208 6
2209 6
2210 6
2211 6
2212 6
2213 6
2214 6
2215 6
2216 6
2217 6
2218 6
2219 6
2220 6
2221 6
2222 6
2223 6
2224 6
2225 6
2226 6
2227 6
2228 6
2229 6
2230 6
2231 6
2232 6
2233 6
2234 6
2235 6
2236 6
2237 6
2238 6
2239 6
2240 6
2241 6
2242 6
2243 6
2244 6
2245 6
2246 6
2247 6
2248 6
2249 6
2250 6
2251 6
2252 6
2253 6
2254 6
2255 6
2256 6
2257 6
2258 6
2259 6
2260 6
2261 6
2262 6
2263 6
2264 6
2265 6
2266 6
2267 6
2268 6
2269 6
2270 6
2271 6
2272 6
2273 6
2274 6
2275 6
2276 6
2277 6
2278 6
2279 6
2280 6
2281 6
2282 6
2283 6
2284 6
2285 6
2286 6
2287 6
2288 6
2289 6
2290 6
2291 6
2292 6
2293 6
2294 6
2295 6
2296 6
2297 6
2298 6
2299 6
2300 6
2301 6
2302 6
2303 6
2304 6
2305 6
2306 6
2307 6
2308 6
2309 6
2310 6
2311 6
2312 6
2313 6
2314 6
2315 6
2316 6
2317 6
2318 6
2319 6
2320 6
2321 6
2322 6
2323 6
2324 6
2325 6
2326 6
2327 6
2328 6
2329 6
2330 6
2331 6
2332 6
2333 6
2334 6
2335 6
2336 6
2337 6
2338 6
2339 6
2340 6
2341 6
2342 6
2343 6
2344 6
2345 6
2346 6
2347 6
2348 6
2349 6
2350 6
2351 6
2352 6
2353 6
2354 6
2355 6
2356 6
2357 6
2358 6
2359 6
2360 6
2361 6
2362 6
2363 6
2364 6
2365 6
2366 6
2367 6
2368 6
2369 6
2370 6
2371 6
2372 6
2373 6
2374 6
2375 6
2376 6
2377 6
2378 6
2379 6
2380 6
2381 6
2382 6
2383 6
2384 6
2385 6
2386 6
2387 6
2388 6
2389 6
2390 6
2391 6
2392 6
2393 6
2394 6
2395 6
2396 6
2397 6
2398 6
2399 6
2400 6
2401 6
2402 6
2403 6
2404 6
2405 6
2406 6
2407 6
2408 6
2409 6
2410 6
2411 6
2412 6
2413 6
2414 6
2415 6
2416 6
2417 6
2418 6
2419 6
2420 6
2421 6
2422 6
2423 6
2424 6
2425 6
2426 6
2427 6
2428 6
2429 6
2430 6
2431 6
2432 6
2433 6
2434 6
2435 6
2436 6
2437 6
2438 6
2439 6
2440 6
2441 6
2442 6
2443 6
2444 6
2445 6
2446 6
2447 6
2448 6
2449 6
2450 6
2451 6
2452 6
2453 6
2454 6
2455 6
2456 6
2457 6
2458 6
2459 6
2460 6
2461 6
2462 6
2463 6
2464 6
2465 6
2466 6
2467 6
2468 6
2469 6
2470 6
2471 6
2472 6
2473 6
2474 6
2475 6
2476 6
2477 6
2478 6
2479 6
2480 6
2481 6
2482 6
2483 6
2484 6
2485 6
2486 6
2487 6
2488 6
2489 6
2490 6
2491 6
2492 6
2493 6
2494 6
2495 6
2496 6
2497 6
2498 6
2499 6
2500 6
2501 6
2502 6
2503 6
2504 6
2505 6
2506 6
2507 6
2508 6
2509 6
2510 6
2511 6
2512 6
2513 6
2514 6
2515 6
2516 6
2517 6
2518 6
2519 6
2520 6
2521 6
2522 6
2523 6
2524 6
2525 6
2526 6
2527 6
2528 6
2529 6
2530 6
2531 6
2532 6
2533 6
2534 6
2535 6
2536 6
2537 6
2538 6
2539 6
2540 6
2541 6
2542 6
2543 6
2544 6
2545 6
2546 6
2547 6
2548 6
2549 6
2550 6
2551 6
2552 6
2553 6
2554 6
2555 6
2556 6
2557 6
2558 6
2559 6
2560 6
2561 6
2562 6
2563 6
2564 6
2565 6
2566 6
2567 6
2568 6
2569 6
2570 6
2571 6
2572 6
2573 6
2574 6
2575 6
2576 6
2577 6
2578 6
2579 6
2580 6
2581 6
2582 6
2583 6
2584 6
2585 6
2586 6
2587 6
2588 6
2589 6
2590 6
2591 6
2592 6
2593 6
2594 6
2595 6
2596 6
2597 6
2598 6
2599 6
2600 6
2601 6
2602 6
2603 6
2604 6
2605 6
2606 6
2607 6
2608 6
2609 6
2610 6
2611 6
2612 6
2613 6
2614 6
2615 6
2616 6
2617 6
2618 6
2619 6
2620 6
2621 6
2622 6
2623 6
2624 6
2625 6
2626 6
2627 6
2628 6
2629 6
2630 6
2631 6
2632 6
2633 6
2634 6
2635 6
2636 6
2637 6
2638 6
2639 6
2640 6
2641 6
2642 6
2643 6
2644 6
2645 6
2646 6
2647 6
2648 6
2649 6
2650 6
2651 6
2652 6
2653 6
2654 6
2655 6
2656 6
2657 6
2658 6
2659 6
2660 6
2661 6
2662 6
2663 6
2664 6
2665 6
2666 6
2667 6
2668 6
2669 6
2670 6
2671 6
2672 6
2673 6
2674 6
2675 6
2676 6
2677 6
2678 6
2679 6
2680 6
2681 6
2682 6
2683 6
2684 6
2685 6
2686 6
2687 6
2688 6
2689 6
2690 6
2691 6
2692 6
2693 6
2694 6
2695 6
2696 6
2697 6
2698 6
2699 6
2700 6
2701 6
2702 6
2703 6
2704 6
2705 6
2706 6
2707 6
2708 6
2709 6
2710 6
2711 6
2712 6
2713 6
2714 6
2715 6
2716 6
2717 6
2718 6
2719 6
2720 6
2721 6
2722 6
2723 6
2724 6
2725 6
2726 6
2727 6
2728 6
2729 6
2730 6
2731 6
2732 6
2733 6
2734 6
2735 6
2736 6
2737 6
2738 6
2739 6
2740 6
2741 6
2742 6
2743 6
2744 6
2745 6
2746 6
2747 6
2748 6
2749 6
2750 6
2751 6
2752 6
2753 6
2754 6
2755 6
2756 6
2757 6
2758 6
2759 6
2760 6
2761 6
2762 6
2763 6
2764 6
2765 6
2766 6
2767 6
2768 6
2769 6
2770 6
2771 6
2772 6
2773 6
2774 6
2775 6
2776 6
2777 6
2778 6
2779 6
2780 6
2781 6
2782 6
2783 6
2784 6
2785 6
2786 6
2787 6
2788 6
2789 6
2790 6
2791 6
2792 6
2793 6
2794 6
2795 6
2796 6
2797 6
2798 6
2799 6
2800 6
2801 6
2802 6
2803 6
2804 6
2805 6
2806 6
2807 6
2808 6
2809 6
2810 6
2811 6
2812 6
2813 6
2814 6
2815 6
2816 6
2817 6
2818 6
2819 6
2820 6
2821 6
2822 6
2823 6
2824 6
2825 6
2826 6
2827 6
2828 6
2829 6
2830 6
2831 6
2832 6
2833 6
2834 6
2835 6
2836 6
2837 6
2838 6
2839 6
2840 6
2841 6
2842 6
2843 6
2844 6
2845 6
2846 6
2847 6
2848 6
2849 6
2850 6
2851 6
2852 6
2853 6
2854 6
2855 6
2856 6
2857 6
2858 6
2859 6
2860 6
2861 6
2862 6
2863 6
2864 6
2865 6
2866 6
2867 6
2868 6
2869 6
2870 6
2871 6
2872 6
2873 6
2874 6
2875 6
2876 6
2877 6
2878 6
2879 6
2880 6
2881 6
2882 6
2883 6
2884 6
2885 6
2886 6
2887 6
2888 6
2889 6
2890 6
2891 6
2892 6
2893 6
2894 6
2895 6
2896 6
2897 6
2898 6
2899 6
2900 6
2901 6
2902 6
2903 6
2904 6
2905 6
2906 6
2907 6
2908 6
2909 6
2910 6
2911 6
2912 6
2913 6
2914 6
2915 6
2916 6
2917 6
2918 6
2919 6
2920 6
2921 6
2922 6
2923 6
2924 6
2925 6
2926 6
2927 6
2928 6
2929 6
2930 6
2931 6
2932 6
2933 6
2934 6
2935 6
2936 6
2937 6
2938 6
2939 6
2940 6
2941 6
2942 6
2943 6
2944 6
2945 6
2946 6
2947 6
2948 6
2949 6
2950 6
2951 6
2952 6
2953 6
2954 6
2955 6
2956 6
2957 6
2958 6
2959 6
2960 6
2961 6
2962 6
2963 6
2964 6
2965 6
2966 6
2967 6
2968 6
2969 6
2970 6
2971 6
2972 6
2973 6
2974 6
2975 6
2976 6
2977 6
2978 6
2979 6
2980 6
2981 6
2982 6
2983 6
2984 6
2985 6
2986 6
2987 6
2988 6
2989 6
2990 6
2991 6
2992 6
2993 6
2994 6
2995 6
2996 6
2997 6
2998 6
2999 6
3000 6
3001 6
3002 6
3003 6
3004 6
3005 6
3006 6
3007 6
3008 6
3009 6
3010 6
3011 6
3012 6
3013 6
3014 6
3015 6
3016 6
3017 6
3018 6
3019 6
3020 6
3021 6
3022 6
3023 6
3024 6
3025 6
3026 6
3027 6
3028 6
3029 6
3030 6
3031 6
3032 6
3033 6
3034 6
3035 6
3036 6
3037 6
3038 6
3039 6
3040 6
3041 6
3042 6
3043 6
3044 6
3045 6
3046 6
3047 6
3048 6
3049 6
3050 6
3051 6
3052 6
3053 6
3054 6
3055 6
3056 6
3057 6
3058 6
3059 6
3060 6
3061 6
3062 6
3063 6
3064 6
3065 6
3066 6
3067 6
3068 6
3069 6
3070 6
3071 6
3072 6
3073 6
3074 6
3075 6
3076 6
3077 6
3078 6
3079 6
3080 6
3081 6
3082 6
3083 6
3084 6
3085 6
3086 6
3087 6
3088 6
3089 6
3090 6
3091 6
3092 6
3093 6
3094 6
3095 6
3096 6
3097 6
3098 6
3099 6
3100 6
3101 6
3102 6
3103 6
3104 6
3105 6
3106 6
3107 6
3108 6
3109 6
3110 6
3111 6
3112 6
3113 6
3114 6
3115 6
3116 6
3117 6
3118 6
3119 6
3120 6
3121 6
3122 6
3123 6
3124 6
3125 6
3126 6
3127 6
3128 6
3129 6
3130 6
3131 6
3132 6
3133 6
3134 6
3135 6
3136 6
3137 6
3138 6
3139 6
3140 6
3141 6
3142 6
3143 6
3144 6
3145 6
3146 6
3147 6
3148 6
3149 6
3150 6
3151 6
3152 6
3153 6
3154 6
3155 6
3156 6
3157 6
3158 6
3159 6
3160 6
3161 6
3162 6
3163 6
3164 6
3165 6
3166 6
3167 6
3168 6
3169 6
3170 6
3171 6
3172 6
3173 6
3174 6
3175 6
3176 6
3177 6
3178 6
3179 6
3180 6
3181 6
3182 6
3183 6
3184 6
3185 6
3186 6
3187 6
3188 6
3189 6
3190 6
3191 6
3192 6
3193 6
3194 6
3195 6
3196 6
3197 6
3198 6
3199 6
3200 6
3201 6
3202 6
3203 6
3204 6
3205 6
3206 6
3207 6
3208 6
3209 6
3210 6
3211 6
3212 6
3213 6
3214 6
3215 6
3216 6
3217 6
3218 6
3219 6
3220 6
3221 6
3222 6
3223 6
3224 6
3225 6
3226 6
3227 6
3228 6
3229 6
3230 6
3231 6
3232 6
3233 6
3234 6
3235 6
3236 6
3237 6
3238 6
3239 6
3240 6
3241 6
3242 6
3243 6
3244 6
3245 6
3246 6
3247 6
3248 6
3249 6
3250 6
3251 6
3252 6
3253 6
3254 6
3255 6
3256 6
3257 6
3258 6
3259 6
3260 6
3261 6
3262 6
3263 6
3264 6
3265 6
3266 6
3267 6
3268 6
3269 6
3270 6
3271 6
3272 6
3273 6
3274 6
3275 6
3276 6
3277 6
3278 6
3279 6
3280 6
3281 6
3282 6
3283 6
3284 6
3285 6
3286 6
3287 6
3288 6
3289 6
3290 6
3291 6
3292 6
3293 6
3294 6
3295 6
3296 6
3297 6
3298 6
3299 6
3300 6
3301 6
3302 6
3303 6
3304 6
3305 6
3306 6
3307 6
3308 6
3309 6
3310 6
3311 6
3312 6
3313 6
3314 6
3315 6
3316 6
3317 6
3318 6
3319 6
3320 6
3321 6
3322 6
3323 6
3324 6
3325 6
3326 6
3327 6
3328 6
3329 6
3330 6
3331 6
3332 6
3333 6
3334 6
3335 6
3336 6
3337 6
3338 6
3339 6
3340 6
3341 6
3342 6
3343 6
3344 6
3345 6
3346 6
3347 6
3348 6
3349 6
3350 6
3351 6
3352 6
3353 6
3354 6
3355 6
3356 6
3357 6
3358 6
3359 6
3360 6
3361 6
3362 6
3363 6
3364 6
3365 6
3366 6
3367 6
3368 6
3369 6
3370 6
3371 6
3372 6
3373 6
3374 6
3375 6
3376 6
3377 6
3378 6
3379 6
3380 6
3381 6
3382 6
3383 6
3384 6
3385 6
3386 6
3387 6
3388 6
3389 6
3390 6
3391 6
3392 6
3393 6
3394 6
3395 6
3396 6
3397 6
3398 6
3399 6
3400 6
3401 6
3402 6
3403 6
3404 6
3405 6
3406 6
3407 6
3408 6
3409 6
3410 6
3411 6
3412 6
3413 6
3414 6
3415 6
3416 6
3417 6
3418 6
3419 6
3420 6
3421 6
3422 6
3423 6
3424 6
3425 6
3426 6
3427 6
3428 6
3429 6
3430 6
3431 6
3432 6
3433 6
3434 6
3435 6
3436 6
3437 6
3438 6
3439 6
3440 6
3441 6
3442 6
3443 6
3444 6
3445 6
3446 6
3447 6
3448 6
3449 6
3450 6
3451 6
3452 6
3453 6
3454 6
3455 6
3456 6
3457 6
3458 6
3459 6
3460 6
3461 6
3462 6
3463 6
3464 6
3465 6
3466 6
3467 6
3468 6
3469 6
3470 6
3471 6
3472 6
3473 6
3474 6
3475 6
3476 6
3477 6
3478 6
3479 6
3480 6
3481 6
3482 6
3483 6
3484 6
3485 6
3486 6
3487 6
3488 6
3489 6
3490 6
3491 6
3492 6
3493 6
3494 6
3495 6
3496 6
3497 6
3498 6
3499 6
3500 6
3501 6
3502 6
3503 6
3504 6
3505 6
3506 6
3507 6
3508 6
3509 6
3510 6
3511 6
3512 6
3513 6
3514 6
3515 6
3516 6
3517 6
3518 6
3519 6
3520 6
3521 6
3522 6
3523 6
3524 6
3525 6
3526 6
3527 6
3528 6
3529 6
3530 6
3531 6
3532 6
3533 6
3534 6
3535 6
3536 6
3537 6
3538 6
3539 6
3540 6
3541 6
3542 6
3543 6
3544 6
3545 6
3546 6
3547 6
3548 6
3549 6
3550 6
3551 6
3552 6
3553 6
3554 6
3555 6
3556 6
3557 6
3558 6
3559 6
3560 6
3561 6
3562 6
3563 6
3564 6
3565 6
3566 6
3567 6
3568 6
3569 6
3570 6
3571 6
3572 6
3573 6
3574 6
3575 6
3576 6
3577 6
3578 6
3579 6
3580 6
3581 6
3582 6
3583 6
3584 6
3585 6
3586 6
3587 6
3588 6
3589 6
3590 6
3591 6
3592 6
3593 6
3594 6
3595 6
3596 6
3597 6
3598 6
3599 6
3600 6
3601 6
3602 6
3603 6
3604 6
3605 6
3606 6
3607 6
3608 6
3609 6
3610 6
3611 6
3612 6
3613 6
3614 6
3615 6
3616 6
3617 6
3618 6
3619 6
3620 6
3621 6
3622 6
3623 6
3624 6
3625 6
3626 6
3627 6
3628 6
3629 6
3630 6
3631 6
3632 6
3633 6
3634 6
3635 6
3636 6
3637 6
3638 6
3639 6
3640 6
3641 6
3642 6
3643 6
3644 6
3645 6
3646 6
3647 6
3648 6
3649 6
3650 6
3651 6
3652 6
3653 6
3654 6
3655 6
3656 6
3657 6
3658 6
3659 6
3660 6
3661 6
3662 6
3663 6
3664 6
3665 6
3666 6
3667 6
3668 6
3669 6
3670 6
3671 6
3672 6
3673 6
3674 6
3675 6
3676 6
3677 6
3678 6
3679 6
3680 6
3681 6
3682 6
3683 6
3684 6
3685 6
3686 6
3687 6
3688 6
3689 6
3690 6
3691 6
3692 6
3693 6
3694 6
3695 6
3696 6
3697 6
3698 6
3699 6
3700 6
3701 6
3702 6
3703 6
3704 6
3705 6
3706 6
3707 6
3708 6
3709 6
3710 6
3711 6
3712 6
3713 6
3714 6
3715 6
3716 6
3717 6
3718 6
3719 6
3720 6
3721 6
3722 6
3723 6
3724 6
3725 6
3726 6
3727 6
3728 6
3729 6
3730 6
3731 6
3732 6
3733 6
3734 6
3735 6
3736 6
3737 6
3738 6
3739 6
3740 6
3741 6
3742 6
3743 6
3744 6
3745 6
3746 6
3747 6
3748 6
3749 6
3750 6
3751 6
3752 6
3753 6
3754 6
3755 6
3756 6
3757 6
3758 6
3759 6
3760 6
3761 6
3762 6
3763 6
3764 6
3765 6
3766 6
3767 6
3768 6
3769 6
3770 6
3771 6
3772 6
3773 6
3774 6
3775 6
3776 6
3777 6
3778 6
3779 6
3780 6
3781 6
3782 6
3783 6
3784 6
3785 6
3786 6
3787 6
3788 6
3789 6
3790 6
3791 6
3792 6
3793 6
3794 6
3795 6
3796 6
3797 6
3798 6
3799 6
3800 6
3801 6
3802 6
3803 6
3804 6
3805 6
3806 6
3807 6
3808 6
3809 6
3810 6
3811 6
3812 6
3813 6
3814 6
3815 6
3816 6
3817 6
3818 6
3819 6
3820 6
3821 6
3822 6
3823 6
3824 6
3825 6
3826 6
3827 6
3828 6
3829 6
3830 6
3831 6
3832 6
3833 6
3834 6
3835 6
3836 6
3837 6
3838 6
3839 6
3840 6
3841 6
3842 6
3843 6
3844 6
3845 6
3846 6
3847 6
3848 6
3849 6
3850 6
3851 6
3852 6
3853 6
3854 6
3855 6
3856 6
3857 6
3858 6
3859 6
3860 6
3861 6
3862 6
3863 6
3864 6
3865 6
3866 6
3867 6
3868 6
3869 6
3870 6
3871 6
3872 6
3873 6
3874 6
3875 6
3876 6
3877 6
3878 6
3879 6
3880 6
3881 6
3882 6
3883 6
3884 6
3885 6
3886 6
3887 6
3888 6
3889 6
3890 6
3891 6
3892 6
3893 6
3894 6
3895 6
3896 6
3897 6
3898 6
3899 6
3900 6
3901 6
3902 6
3903 6
3904 6
3905 6
3906 6
3907 6
3908 6
3909 6
3910 6
3911 6
3912 6
3913 6
3914 6
3915 6
3916 6
3917 6
3918 6
3919 6
3920 6
3921 6
3922 6
3923 6
3924 6
3925 6
3926 6
3927 6
3928 6
3929 6
3930 6
3931 6
3932 6
3933 6
3934 6
3935 6
3936 6
3937 6
3938 6
3939 6
3940 6
3941 6
3942 6
3943 6
3944 6
3945 6
3946 6
3947 6
3948 6
3949 6
3950 6
3951 6
3952 6
3953 6
3954 6
3955 6
3956 6
3957 6
3958 6
3959 6
3960 6
3961 6
3962 6
3963 6
3964 6
3965 6
3966 6
3967 6
3968 6
3969 6
3970 6
3971 6
3972 6
3973 6
3974 6
3975 6
3976 6
3977 6
3978 6
3979 6
3980 6
3981 6
3982 6
3983 6
3984 6
3985 6
3986 6
3987 6
3988 6
3989 6
3990 6
3991 6
3992 6
3993 6
3994 6
3995 6
3996 6
3997 6
3998 6
3999 6
4000 6
4001 6
4002 6
4003 6
4004 6
4005 6
4006 6
4007 6
4008 6
4009 6
4010 6
4011 6
4012 6
4013 6
4014 6
4015 6
4016 6
4017 6
4018 6
4019 6
4020 6
4021 6
4022 6
4023 6
4024 6
4025 6
4026 6
4027 6
4028 6
4029 6
4030 6
4031 6
4032 6
4033 6
4034 6
4035 6
4036 6
4037 6
4038 6
4039 6
4040 6
4041 6
4042 6
4043 6
4044 6
4045 6
4046 6
4047 6
4048 6
4049 6
4050 6
4051 6
4052 6
4053 6
4054 6
4055 6
4056 6
4057 6
4058 6
4059 6
4060 6
4061 6
4062 6
4063 6
4064 6
4065 6
4066 6
4067 6
4068 6
4069 6
4070 6
4071 6
4072 6
4073 6
4074 6
4075 6
4076 6
4077 6
4078 6
4079 6
4080 6
4081 6
4082 6
4083 6
4084 6
4085 6
4086 6
4087 6
4088 6
4089 6
4090 6
4091 6
4092 6
4093 6
4094 6
4095 6
4096 6
4097 6
4098 6
4099 6
4100 6
4101 6
4102 6
4103 6
4104 6
4105 6
4106 6
4107 6
4108 6
4109 6
4110 6
4111 6
4112 6
4113 6
4114 6
4115 6
4116 6
4117 6
4118 6
4119 6
4120 6
4121 6
4122 6
4123 6
4124 6
4125 6
4126 6
4127 6
4128 6
4129 6
4130 6
4131 6
4132 6
4133 6
4134 6
4135 6
4136 6
4137 6
4138 6
4139 6
4140 6
4141 6
4142 6
4143 6
4144 6
4145 6
4146 6
4147 6
4148 6
4149 6
4150 6
4151 6
4152 6
4153 6
4154 6
4155 6
4156 6
4157 6
4158 6
4159 6
4160 6
4161 6
4162 6
4163 6
4164 6
4165 6
4166 6
4167 6
4168 6
4169 6
4170 6
4171 6
4172 6
4173 6
4174 6
4175 6
4176 6
4177 6
4178 6
4179 6
4180 6
4181 6
4182 6
4183 6
4184 6
4185 6
4186 6
4187 6
4188 6
4189 6
4190 6
4191 6
4192 6
4193 6
4194 6
4195 6
4196 6
4197 6
4198 6
4199 6
4200 6
4201 6
4202 6
4203 6
4204 6
4205 6
4206 6
4207 6
4208 6
4209 6
4210 6
4211 6
4212 6
4213 6
4214 6
4215 6
4216 6
4217 6
4218 6
4219 6
4220 6
4221 6
4222 6
4223 6
4224 6
4225 6
4226 6
4227 6
4228 6
4229 6
4230 6
4231 6
4232 6
4233 6
4234 6
4235 6
4236 6
4237 6
4238 6
4239 6
4240 6
4241 6
4242 6
4243 6
4244 6
4245 6
4246 6
4247 6
4248 6
4249 6
4250 6
4251 6
4252 6
4253 6
4254 6
4255 6
4256 6
4257 6
4258 6
4259 6
4260 6
4261 6
4262 6
4263 6
4264 6
4265 6
4266 6
4267 6
4268 6
4269 6
4270 6
4271 6
4272 6
4273 6
4274 6
4275 6
4276 6
4277 6
4278 6
4279 6
4280 6
4281 6
4282 6
4283 6
4284 6
4285 6
4286 6
4287 6
4288 6
4289 6
4290 6
4291 6
4292 6
4293 6
4294 6
4295 6
4296 6
4297 6
4298 6
4299 6
4300 6
4301 6
4302 6
4303 6
4304 6
4305 6
4306 6
4307 6
4308 6
4309 6
4310 6
4311 6
4312 6
4313 6
4314 6
4315 6
4316 6
4317 6
4318 6
4319 6
4320 6
4321 6
4322 6
4323 6
4324 6
4325 6
4326 6
4327 6
4328 6
4329 6
4330 6
4331 6
4332 6
4333 6
4334 6
4335 6
4336 6
4337 6
4338 6
4339 6
4340 6
4341 6
4342 6
4343 6
4344 6
4345 6
4346 6
4347 6
4348 6
4349 6
4350 6
4351 6
4352 6
4353 6
4354 6
4355 6
4356 6
4357 6
4358 6
4359 6
4360 6
4361 6
4362 6
4363 6
4364 6
4365 6
4366 6
4367 6
4368 6
4369 6
4370 6
4371 6
4372 6
4373 6
4374 6
4375 6
4376 6
4377 6
4378 6
4379 6
4380 6
4381 6
4382 6
4383 6
4384 6
4385 6
4386 6
4387 6
4388 6
4389 6
4390 6
4391 6
4392 6
4393 6
4394 6
4395 6
4396 6
4397 6
4398 6
4399 6
4400 6
4401 6
4402 6
4403 6
4404 6
4405 6
4406 6
4407 6
4408 6
4409 6
4410 6
4411 6
4412 6
4413 6
4414 6
4415 6
4416 6
4417 6
4418 6
4419 6
4420 6
4421 6
4422 6
4423 6
4424 6
4425 6
4426 6
4427 6
4428 6
4429 6
4430 6
4431 6
4432 6
4433 6
4434 6
4435 6
4436 6
4437 6
4438 6
4439 6
4440 6
4441 6
4442 6
4443 6
4444 6
4445 6
4446 6
4447 6
4448 6
4449 6
4450 6
4451 6
4452 6
4453 6
4454 6
4455 6
4456 6
4457 6
4458 6
4459 6
4460 6
4461 6
4462 6
4463 6
4464 6
4465 6
4466 6
4467 6
4468 6
4469 6
4470 6
4471 6
4472 6
4473 6
4474 6
4475 6
4476 6
4477 6
4478 6
4479 6
4480 6
4481 6
4482 6
4483 6
4484 6
4485 6
4486 6
4487 6
4488 6
4489 6
4490 6
4491 6
4492 6
4493 6
4494 6
4495 6
4496 6
4497 6
4498 6
4499 6
4500 6
4501 6
4502 6
4503 6
4504 6
4505 6
4506 6
4507 6
4508 6
4509 6
4510 6
4511 6
4512 6
4513 6
4514 6
4515 6
4516 6
4517 6
4518 6
4519 6
4520 6
4521 6
4522 6
4523 6
4524 6
4525 6
4526 6
4527 6
4528 6
4529 6
4530 6
4531 6
4532 6
4533 6
4534 6
4535 6
4536 6
4537 6
4538 6
4539 6
4540 6
4541 6
4542 6
4543 6
4544 6
4545 6
4546 6
4547 6
4548 6
4549 6
4550 6
4551 6
4552 6
4553 6
4554 6
4555 6
4556 6
4557 6
4558 6
4559 6
4560 6
4561 6
4562 6
4563 6
4564 6
4565 6
4566 6
4567 6
4568 6
4569 6
4570 6
4571 6
4572 6
4573 6
4574 6
4575 6
4576 6
4577 6
4578 6
4579 6
4580 6
4581 6
4582 6
4583 6
4584 6
4585 6
4586 6
4587 6
4588 6
4589 6
4590 6
4591 6
4592 6
4593 6
4594 6
4595 6
4596 6
4597 6
4598 6
4599 6
4600 6
4601 6
4602 6
4603 6
4604 6
4605 6
4606 6
4607 6
4608 6
4609 6
4610 6
4611 6
4612 6
4613 6
4614 6
4615 6
4616 6
4617 6
4618 6
4619 6
4620 6
4621 6
4622 6
4623 6
4624 6
4625 6
4626 6
4627 6
4628 6
4629 6
4630 6
4631 6
4632 6
4633 6
4634 6
4635 6
4636 6
4637 6
4638 6
4639 6
4640 6
4641 6
4642 6
4643 6
4644 6
4645 6
4646 6
4647 6
4648 6
4649 6
4650 6
4651 6
4652 6
4653 6
4654 6
4655 6
4656 6
4657 6
4658 6
4659 6
4660 6
4661 6
4662 6
4663 6
4664 6
4665 6
4666 6
4667 6
4668 6
4669 6
4670 6
4671 6
4672 6
4673 6
4674 6
4675 6
4676 6
4677 6
4678 6
4679 6
4680 6
4681 6
4682 6
4683 6
4684 6
4685 6
4686 6
4687 6
4688 6
4689 6
4690 6
4691 6
4692 6
4693 6
4694 6
4695 6
4696 6
4697 6
4698 6
4699 6
4700 6
4701 6
4702 6
4703 6
4704 6
4705 6
4706 6
4707 6
4708 6
4709 6
4710 6
4711 6
4712 6
4713 6
4714 6
4715 6
4716 6
4717 6
4718 6
4719 6
4720 6
4721 6
4722 6
4723 6
4724 6
4725 6
4726 6
4727 6
4728 6
4729 6
4730 6
4731 6
4732 6
4733 6
4734 6
4735 6
4736 6
4737 6
4738 6
4739 6
4740 6
4741 6
4742 6
4743 6
4744 6
4745 6
4746 6
4747 6
4748 6
4749 6
4750 6
4751 6
4752 6
4753 6
4754 6
4755 6
4756 6
4757 6
4758 6
4759 6
4760 6
4761 6
4762 6
4763 6
4764 6
4765 6
4766 6
4767 6
4768 6
4769 6
4770 6
4771 6
4772 6
4773 6
4774 6
4775 6
4776 6
4777 6
4778 6
4779 6
4780 6
4781 6
4782 6
4783 6
4784 6
4785 6
4786 6
4787 6
4788 6
4789 6
4790 6
4791 6
4792 6
4793 6
4794 6
4795 6
4796 6
4797 6
4798 6
4799 6
4800 6
4801 6
4802 6
4803 6
4804 6
4805 6
4806 6
4807 6
4808 6
4809 6
4810 6
4811 6
4812 6
4813 6
4814 6
4815 6
4816 6
4817 6
4818 6
4819 6
4820 6
4821 6
4822 6
4823 6
4824 6
4825 6
4826 6
4827 6
4828 6
4829 6
4830 6
4831 6
4832 6
4833 6
4834 6
4835 6
4836 6
4837 6
4838 6
4839 6
4840 6
4841 6
4842 6
4843 6
4844 6
4845 6
4846 6
4847 6
4848 6
4849 6
4850 6
4851 6
4852 6
4853 6
4854 6
4855 6
4856 6
4857 6
4858 6
4859 6
4860 6
4861 6
4862 6
4863 6
4864 6
4865 6
4866 6
4867 6
4868 6
4869 6
4870 6
4871 6
4872 6
4873 6
4874 6
4875 6
4876 6
4877 6
4878 6
4879 6
4880 6
4881 6
4882 6
4883 6
4884 6
4885 6
4886 6
4887 6
4888 6
4889 6
4890 6
4891 6
4892 6
4893 6
4894 6
4895 6
4896 6
4897 6
4898 6
4899 6
4900 6
4901 6
4902 6
4903 6
4904 6
4905 6
4906 6
4907 6
4908 6
4909 6
4910 6
4911 6
4912 6
4913 6
4914 6
4915 6
4916 6
4917 6
4918 6
4919 6
4920 6
4921 6
4922 6
4923 6
4924 6
4925 6
4926 6
4927 6
4928 6
4929 6
4930 6
4931 6
4932 6
4933 6
4934 6
4935 6
4936 6
4937 6
4938 6
4939 6
4940 6
4941 6
4942 6
4943 6
4944 6
4945 6
4946 6
4947 6
4948 6
4949 6
4950 6
4951 6
4952 6
4953 6
4954 6
4955 6
4956 6
4957 6
4958 6
4959 6
4960 6
4961 6
4962 6
4963 6
4964 6
4965 6
4966 6
4967 6
4968 6
4969 6
4970 6
4971 6
4972 6
4973 6
4974 6
4975 6
4976 6
4977 6
4978 6
4979 6
4980 6
4981 6
4982 6
4983 6
4984 6
4985 6
4986 6
4987 6
4988 6
4989 6
4990 6
4991 6
4992 6
4993 6
4994 6
4995 6
4996 6
4997 6
4998 6
4999 6
5000 6
5001 6
5002 6
5003 6
5004 6
5005 6
5006 6
5007 6
5008 6
5009 6
5010 6
5011 6
5012 6
5013 6
5014 6
5015 6
5016 6
5017 6
5018 6
5019 6
5020 6
5021 6
5022 6
5023 6
5024 6
5025 6
5026 6
5027 6
5028 6
5029 6
5030 6
5031 6
5032 6
5033 6
5034 6
5035 6
5036 6
5037 6
5038 6
5039 6
5040 6
5041 6
5042 6
5043 6
5044 6
5045 6
5046 6
5047 6
5048 6
5049 6
5050 6
5051 6
5052 6
5053 6
5054 6
5055 6
5056 6
5057 6
5058 6
5059 6
5060 6
5061 6
5062 6
5063 6
5064 6
5065 6
5066 6
5067 6
5068 6
5069 6
5070 6
5071 6
5072 6
5073 6
5074 6
5075 6
5076 6
5077 6
5078 6
5079 6
5080 6
5081 6
5082 6
5083 6
5084 6
5085 6
5086 6
5087 6
5088 6
5089 6
5090 6
5091 6
5092 6
5093 6
5094 6
5095 6
5096 6
5097 6
5098 6
5099 6
5100 6
5101 6
5102 6
5103 6
5104 6
5105 6
5106 6
5107 6
5108 6
5109 6
5110 6
5111 6
5112 6
5113 6
5114 6
5115 6
5116 6
5117 6
5118 6
5119 6
5120 6
5121 6
5122 6
5123 6
5124 6
5125 6
5126 6
5127 6
5128 6
5129 6
5130 6
5131 6
5132 6
5133 6
5134 6
5135 6
5136 6
5137 6
5138 6
5139 6
5140 6
5141 6
5142 6
5143 6
5144 6
5145 6
5146 6
5147 6
5148 6
5149 6
5150 6
5151 6
5152 6
5153 6
5154 6
5155 6
5156 6
5157 6
5158 6
5159 6
5160 6
5161 6
5162 6
5163 6
5164 6
5165 6
5166 6
5167 6
5168 6
5169 6
5170 6
5171 6
5172 6
5173 6
5174 6
5175 6
5176 6
5177 6
5178 6
5179 6
5180 6
5181 6
5182 6
5183 6
5184 6
5185 6
5186 6
5187 6
5188 6
5189 6
5190 6
5191 6
5192 6
5193 6
5194 6
5195 6
5196 6
5197 6
5198 6
5199 6
5200 6
5201 6
5202 6
5203 6
5204 6
5205 6
5206 6
5207 6
5208 6
5209 6
5210 6
5211 6
5212 6
5213 6
5214 6
5215 6
5216 6
5217 6
5218 6
5219 6
5220 6
5221 6
5222 6
5223 6
5224 6
5225 6
5226 6
5227 6
5228 6
5229 6
5230 6
5231 6
5232 6
5233 6
5234 6
5235 6
5236 6
5237 6
5238 6
5239 6
5240 6
5241 6
5242 6
5243 6
5244 6
5245 6
5246 6
5247 6
5248 6
5249 6
5250 6
5251 6
5252 6
5253 6
5254 6
5255 6
5256 6
5257 6
5258 6
5259 6
5260 6
5261 6
5262 6
5263 6
5264 6
5265 6
5266 6
5267 6
5268 6
5269 6
5270 6
5271 6
5272 6
5273 6
5274 6
5275 6
5276 6
5277 6
5278 6
5279 6
5280 6
5281 6
5282 6
5283 6
5284 6
5285 6
5286 6
5287 6
5288 6
5289 6
5290 6
5291 6
5292 6
5293 6
5294 6
5295 6
5296 6
5297 6
5298 6
5299 6
5300 6
5301 6
5302 6
5303 6
5304 6
5305 6
5306 6
5307 6
5308 6
5309 6
5310 6
5311 6
5312 6
5313 6
5314 6
5315 6
5316 6
5317 6
5318 6
5319 6
5320 6
5321 6
5322 6
5323 6
5324 6
5325 6
5326 6
5327 6
5328 6
5329 6
5330 6
5331 6
5332 6
5333 6
5334 6
5335 6
5336 6
5337 6
5338 6
5339 6
5340 6
5341 6
5342 6
5343 6
5344 6
5345 6
5346 6
5347 6
5348 6
5349 6
5350 6
5351 6
5352 6
5353 6
5354 6
5355 6
5356 6
5357 6
5358 6
5359 6
5360 6
5361 6
5362 6
5363 6
5364 6
5365 6
5366 6
5367 6
5368 6
5369 6
5370 6
5371 6
5372 6
5373 6
5374 6
5375 6
5376 6
5377 6
5378 6
5379 6
5380 6
5381 6
5382 6
5383 6
5384 6
5385 6
5386 6
5387 6
5388 6
5389 6
5390 6
5391 6
5392 6
5393 6
5394 6
5395 6
5396 6
5397 6
5398 6
5399 6
5400 6
5401 6
5402 6
5403 6
5404 6
5405 6
5406 6
5407 6
5408 6
5409 6
5410 6
5411 6
5412 6
5413 6
5414 6
5415 6
5416 6
5417 6
5418 6
5419 6
5420 6
5421 6
5422 6
5423 6
5424 6
5425 6
5426 6
5427 6
5428 6
5429 6
5430 6
5431 6
5432 6
5433 6
5434 6
5435 6
5436 6
5437 6
5438 6
5439 6
5440 6
5441 6
5442 6
5443 6
5444 6
5445 6
5446 6
5447 6
5448 6
5449 6
5450 6
5451 6
5452 6
5453 6
5454 6
5455 6
5456 6
5457 6
5458 6
5459 6
5460 6
5461 6
5462 6
5463 6
5464 6
5465 6
5466 6
5467 6
5468 6
5469 6
5470 6
5471 6
5472 6
5473 6
5474 6
5475 6
5476 6
5477 6
5478 6
5479 6
5480 6
5481 6
5482 6
5483 6
5484 6
5485 6
5486 6
5487 6
5488 6
5489 6
5490 6
5491 6
5492 6
5493 6
5494 6
5495 6
5496 6
5497 6
5498 6
5499 6
5500 6
5501 6
5502 6
5503 6
5504 6
5505 6
5506 6
5507 6
5508 6
5509 6
5510 6
5511 6
5512 6
5513 6
5514 6
5515 6
5516 6
5517 6
5518 6
5519 6
5520 6
5521 6
5522 6
5523 6
5524 6
5525 6
5526 6
5527 6
5528 6
5529 6
5530 6
5531 6
5532 6
5533 6
5534 6
5535 6
5536 6
5537 6
5538 6
5539 6
5540 6
5541 6
5542 6
5543 6
5544 6
5545 6
5546 6
5547 6
5548 6
5549 6
5550 6
5551 6
5552 6
5553 6
5554 6
5555 6
5556 6
5557 6
5558 6
5559 6
5560 6
5561 6
5562 6
5563 6
5564 6
5565 6
5566 6
5567 6
5568 6
5569 6
5570 6
5571 6
5572 6
5573 6
5574 6
5575 6
5576 6
5577 6
5578 6
5579 6
5580 6
5581 6
5582 6
5583 6
5584 6
5585 6
5586 6
5587 6
5588 6
5589 6
5590 6
5591 6
5592 6
5593 6
5594 6
5595 6
5596 6
5597 6
5598 6
5599 6
5600 6
5601 6
5602 6
5603 6
5604 6
5605 6
5606 6
5607 6
5608 6
5609 6
5610 6
5611 6
5612 6
5613 6
5614 6
5615 6
5616 6
5617 6
5618 6
5619 6
5620 6
5621 6
5622 6
5623 6
5624 6
5625 6
5626 6
5627 6
5628 6
5629 6
5630 6
5631 6
5632 6
5633 6
5634 6
5635 6
5636 6
5637 6
5638 6
5639 6
5640 6
5641 6
5642 6
5643 6
5644 6
5645 6
5646 6
5647 6
5648 6
5649 6
5650 6
5651 6
5652 6
5653 6
5654 6
5655 6
5656 6
5657 6
5658 6
5659 6
5660 6
5661 6
5662 6
5663 6
5664 6
5665 6
5666 6
5667 6
5668 6
5669 6
5670 6
5671 6
5672 6
5673 6
5674 6
5675 6
5676 6
5677 6
5678 6
5679 6
5680 6
5681 6
5682 6
5683 6
5684 6
5685 6
5686 6
5687 6
5688 6
5689 6
5690 6
5691 6
5692 6
5693 6
5694 6
5695 6
5696 6
5697 6
5698 6
5699 6
5700 6
5701 6
5702 6
5703 6
5704 6
5705 6
5706 6
5707 6
5708 6
5709 6
5710 6
5711 6
5712 6
5713 6
5714 6
5715 6
5716 6
5717 6
5718 6
5719 6
5720 6
5721 6
5722 6
5723 6
5724 6
5725 6
5726 6
5727 6
5728 6
5729 6
5730 6
5731 6
5732 6
5733 6
5734 6
5735 6
5736 6
5737 6
5738 6
5739 6
5740 6
5741 6
5742 6
5743 6
5744 6
5745 6
5746 6
5747 6
5748 6
5749 6
5750 6
5751 6
5752 6
5753 6
5754 6
5755 6
5756 6
5757 6
5758 6
5759 6
5760 6
5761 6
5762 6
5763 6
5764 6
5765 6
5766 6
5767 6
5768 6
5769 6
5770 6
5771 6
5772 6
5773 6
5774 6
5775 6
5776 6
5777 6
5778 6
5779 6
5780 6
5781 6
5782 6
5783 6
5784 6
5785 6
5786 6
5787 6
5788 6
5789 6
5790 6
5791 6
5792 6
5793 6
5794 6
5795 6
5796 6
5797 6
5798 6
5799 6
5800 6
5801 6
5802 6
5803 6
5804 6
5805 6
5806 6
5807 6
5808 6
5809 6
5810 6
5811 6
5812 6
5813 6
5814 6
5815 6
5816 6
5817 6
5818 6
5819 6
5820 6
5821 6
5822 6
5823 6
5824 6
5825 6
5826 6
5827 6
5828 6
5829 6
5830 6
5831 6
5832 6
5833 6
5834 6
5835 6
5836 6
5837 6
5838 6
5839 6
5840 6
5841 6
5842 6
5843 6
5844 6
5845 6
5846 6
5847 6
5848 6
5849 6
5850 6
5851 6
5852 6
5853 6
5854 6
5855 6
5856 6
5857 6
5858 6
5859 6
5860 6
5861 6
5862 6
5863 6
5864 6
5865 6
5866 6
5867 6
5868 6
5869 6
5870 6
5871 6
5872 6
5873 6
5874 6
5875 6
5876 6
5877 6
5878 6
5879 6
5880 6
5881 6
5882 6
5883 6
5884 6
5885 6
5886 6
5887 6
5888 6
5889 6
5890 6
5891 6
5892 6
5893 6
5894 6
5895 6
5896 6
5897 6
5898 6
5899 6
5900 6
5901 6
5902 6
5903 6
5904 6
5905 6
5906 6
5907 6
5908 6
5909 6
5910 6
5911 6
5912 6
5913 6
5914 6
5915 6
5916 6
5917 6
5918 6
5919 6
5920 6
5921 6
5922 6
5923 6
5924 6
5925 6
5926 6
5927 6
5928 6
5929 6
5930 6
5931 6
5932 6
5933 6
5934 6
5935 6
5936 6
5937 6
5938 6
5939 6
5940 6
5941 6
5942 6
5943 6
5944 6
5945 6
5946 6
5947 6
5948 6
5949 6
5950 6
5951 6
5952 6
5953 6
5954 6
5955 6
5956 6
5957 6
5958 6
5959 6
5960 6
5961 6
5962 6
5963 6
5964 6
5965 6
5966 6
5967 6
5968 6
5969 6
5970 6
5971 6
5972 6
5973 6
5974 6
5975 6
5976 6
5977 6
5978 6
5979 6
5980 6
5981 6
5982 6
5983 6
5984 6
5985 6
5986 6
5987 6
5988 6
5989 6
5990 6
5991 6
5992 6
5993 6
5994 6
5995 6
5996 6
5997 6
5998 6
5999 6
6000 6
6001 6
6002 6
6003 6
6004 6
6005 6
6006 6
6007 6
6008 6
6009 6
6010 6
6011 6
6012 6
6013 6
6014 6
6015 6
6016 6
6017 6
6018 6
6019 6
6020 6
6021 6
6022 6
6023 6
6024 6
6025 6
6026 6
6027 6
6028 6
6029 6
6030 6
6031 6
6032 6
6033 6
6034 6
6035 6
6036 6
6037 6
6038 6
6039 6
6040 6
6041 6
6042 6
6043 6
6044 6
6045 6
6046 6
6047 6
6048 6
6049 6
6050 6
6051 6
6052 6
6053 6
6054 6
6055 6
6056 6
6057 6
6058 6
6059 6
6060 6
6061 6
6062 6
6063 6
6064 6
6065 6
6066 6
6067 6
6068 6
6069 6
6070 6
6071 6
6072 6
6073 6
6074 6
6075 6
6076 6
6077 6
6078 6
6079 6
6080 6
6081 6
6082 6
6083 6
6084 6
6085 6
6086 6
6087 6
6088 6
6089 6
6090 6
6091 6
6092 6
6093 6
6094 6
6095 6
6096 6
6097 6
6098 6
6099 6
6100 6
6101 6
6102 6
6103 6
6104 6
6105 6
6106 6
6107 6
6108 6
6109 6
6110 6
6111 6
6112 6
6113 6
6114 6
6115 6
6116 6
6117 6
6118 6
6119 6
6120 6
6121 6
6122 6
6123 6
6124 6
6125 6
6126 6
6127 6
6128 6
6129 6
6130 6
6131 6
6132 6
6133 6
6134 6
6135 6
6136 6
6137 6
6138 6
6139 6
6140 6
6141 6
6142 6
6143 6
6144 6
6145 6
6146 6
6147 6
6148 6
6149 6
6150 6
6151 6
6152 6
6153 6
6154 6
6155 6
6156 6
6157 6
6158 6
6159 6
6160 6
6161 6
6162 6
6163 6
6164 6
6165 6
6166 6
6167 6
6168 6
6169 6
6170 6
6171 6
6172 6
6173 6
6174 6
6175 6
6176 6
6177 6
6178 6
6179 6
6180 6
6181 6
6182 6
6183 6
6184 6
6185 6
6186 6
6187 6
6188 6
6189 6
6190 6
6191 6
6192 6
6193 6
6194 6
6195 6
6196 6
6197 6
6198 6
6199 6
6200 6
6201 6
6202 6
6203 6
6204 6
6205 6
6206 6
6207 6
6208 6
6209 6
6210 6
6211 6
6212 6
6213 6
6214 6
6215 6
6216 6
6217 6
6218 6
6219 6
6220 6
6221 6
6222 6
6223 6
6224 6
6225 6
6226 6
6227 6
6228 6
6229 6
6230 6
6231 6
6232 6
6233 6
6234 6
6235 6
6236 6
6237 6
6238 6
6239 6
6240 6
6241 6
6242 6
6243 6
6244 6
6245 6
6246 6
6247 6
6248 6
6249 6
6250 6
6251 6
6252 6
6253 6
6254 6
6255 6
6256 6
6257 6
6258 6
6259 6
6260 6
6261 6
6262 6
6263 6
6264 6
6265 6
6266 6
6267 6
6268 6
6269 6
6270 6
6271 6
6272 6
6273 6
6274 6
6275 6
6276 6
6277 6
6278 6
6279 6
6280 6
6281 6
6282 6
6283 6
6284 6
6285 6
6286 6
6287 6
6288 6
6289 6
6290 6
6291 6
6292 6
6293 6
6294 6
6295 6
6296 6
6297 6
6298 6
6299 6
6300 6
6301 6
6302 6
6303 6
6304 6
6305 6
6306 6
6307 6
6308 6
6309 6
6310 6
6311 6
6312 6
6313 6
6314 6
6315 6
6316 6
6317 6
6318 6
6319 6
6320 6
6321 6
6322 6
6323 6
6324 6
6325 6
6326 6
6327 6
6328 6
6329 6
6330 6
6331 6
6332 6
6333 6
6334 6
6335 6
6336 6
6337 6
6338 6
6339 6
6340 6
6341 6
6342 6
6343 6
6344 6
6345 6
6346 6
6347 6
6348 6
6349 6
6350 6
6351 6
6352 6
6353 6
6354 6
6355 6
6356 6
6357 6
6358 6
6359 6
6360 6
6361 6
6362 6
6363 6
6364 6
6365 6
6366 6
6367 6
6368 6
6369 6
6370 6
6371 6
6372 6
6373 6
6374 6
6375 6
6376 6
6377 6
6378 6
6379 6
6380 6
6381 6
6382 6
6383 6
6384 6
6385 6
6386 6
6387 6
6388 6
6389 6
6390 6
6391 6
6392 6
6393 6
6394 6
6395 6
6396 6
6397 6
6398 6
6399 6
6400 6
6401 6
6402 6
6403 6
6404 6
6405 6
6406 6
6407 6
6408 6
6409 6
6410 6
6411 6
6412 6
6413 6
6414 6
6415 6
6416 6
6417 6
6418 6
6419 6
6420 6
6421 6
6422 6
6423 6
6424 6
6425 6
6426 6
6427 6
6428 6
6429 6
6430 6
6431 6
6432 6
6433 6
6434 6
6435 6
6436 6
6437 6
6438 6
6439 6
6440 6
6441 6
6442 6
6443 6
6444 6
6445 6
6446 6
6447 6
6448 6
6449 6
6450 6
6451 6
6452 6
6453 6
6454 6
6455 6
6456 6
6457 6
6458 6
6459 6
6460 6
6461 6
6462 6
6463 6
6464 6
6465 6
6466 6
6467 6
6468 6
6469 6
6470 6
6471 6
6472 6
6473 6
6474 6
6475 6
6476 6
6477 6
6478 6
6479 6
6480 6
6481 6
6482 6
6483 6
6484 6
6485 6
6486 6
6487 6
6488 6
6489 6
6490 6
6491 6
6492 6
6493 6
6494 6
6495 6
6496 6
6497 6
6498 6
6499 6
6500 6
6501 6
6502 6
6503 6
6504 6
6505 6
6506 6
6507 6
6508 6
6509 6
6510 6
6511 6
6512 6
6513 6
6514 6
6515 6
6516 6
6517 6
6518 6
6519 6
6520 6
6521 6
6522 6
6523 6
6524 6
6525 6
6526 6
6527 6
6528 6
6529 6
6530 6
6531 6
6532 6
6533 6
6534 6
6535 6
6536 6
6537 6
6538 6
6539 6
6540 6
6541 6
6542 6
6543 6
6544 6
6545 6
6546 6
6547 6
6548 6
6549 6
6550 6
6551 6
6552 6
6553 6
6554 6
6555 6
6556 6
6557 6
6558 6
6559 6
6560 6
6561 6
6562 6
6563 6
6564 6
6565 6
6566 6
6567 6
6568 6
6569 6
6570 6
6571 6
6572 6
6573 6
6574 6
6575 6
6576 6
6577 6
6578 6
6579 6
6580 6
6581 6
6582 6
6583 6
6584 6
6585 6
6586 6
6587 6
6588 6
6589 6
6590 6
6591 6
6592 6
6593 6
6594 6
6595 6
6596 6
6597 6
6598 6
6599 6
6600 6
6601 6
6602 6
6603 6
6604 6
6605 6
6606 6
6607 6
6608 6
6609 6
6610 6
6611 6
6612 6
6613 6
6614 6
6615 6
6616 6
6617 6
6618 6
6619 6
6620 6
6621 6
6622 6
6623 6
6624 6
6625 6
6626 6
6627 6
6628 6
6629 6
6630 6
6631 6
6632 6
6633 6
6634 6
6635 6
6636 6
6637 6
6638 6
6639 6
6640 6
6641 6
6642 6
6643 6
6644 6
6645 6
6646 6
6647 6
6648 6
6649 6
6650 6
6651 6
6652 6
6653 6
6654 6
6655 6
6656 6
6657 6
6658 6
6659 6
6660 6
6661 6
6662 6
6663 6
6664 6
6665 6
6666 6
6667 6
6668 6
6669 6
6670 6
6671 6
6672 6
6673 6
6674 6
6675 6
6676 6
6677 6
6678 6
6679 6
6680 6
6681 6
6682 6
6683 6
6684 6
6685 6
6686 6
6687 6
6688 6
6689 6
6690 6
6691 6
6692 6
6693 6
6694 6
6695 6
6696 6
6697 6
6698 6
6699 6
6700 6
6701 6
6702 6
6703 6
6704 6
6705 6
6706 6
6707 6
6708 6
6709 6
6710 6
6711 6
6712 6
6713 6
6714 6
6715 6
6716 6
6717 6
6718 6
6719 6
6720 6
6721 6
6722 6
6723 6
6724 6
6725 6
6726 6
6727 6
6728 6
6729 6
6730 6
6731 6
6732 6
6733 6
6734 6
6735 6
6736 6
6737 6
6738 6
6739 6
6740 6
6741 6
6742 6
6743 6
6744 6
6745 6
6746 6
6747 6
6748 6
6749 6
6750 6
6751 6
6752 6
6753 6
6754 6
6755 6
6756 6
6757 6
6758 6
6759 6
6760 6
6761 6
6762 6
6763 6
6764 6
6765 6
6766 6
6767 6
6768 6
6769 6
6770 6
6771 6
6772 6
6773 6
6774 6
6775 6
6776 6
6777 6
6778 6
6779 6
6780 6
6781 6
6782 6
6783 6
6784 6
6785 6
6786 6
6787 6
6788 6
6789 6
6790 6
6791 6
6792 6
6793 6
6794 6
6795 6
6796 6
6797 6
6798 6
6799 6
6800 6
6801 6
6802 6
6803 6
6804 6
6805 6
6806 6
6807 6
6808 6
6809 6
6810 6
6811 6
6812 6
6813 6
6814 6
6815 6
6816 6
6817 6
6818 6
6819 6
6820 6
6821 6
6822 6
6823 6
6824 6
6825 6
6826 6
6827 6
6828 6
6829 6
6830 6
6831 6
6832 6
6833 6
6834 6
6835 6
6836 6
6837 6
6838 6
6839 6
6840 6
6841 6
6842 6
6843 6
6844 6
6845 6
6846 6
6847 6
6848 6
6849 6
6850 6
6851 6
6852 6
6853 6
6854 6
6855 6
6856 6
6857 6
6858 6
6859 6
6860 6
6861 6
6862 6
6863 6
6864 6
6865 6
6866 6
6867 6
6868 6
6869 6
6870 6
6871 6
6872 6
6873 6
6874 6
6875 6
6876 6
6877 6
6878 6
6879 6
6880 6
6881 6
6882 6
6883 6
6884 6
6885 6
6886 6
6887 6
6888 6
6889 6
6890 6
6891 6
6892 6
6893 6
6894 6
6895 6
6896 6
6897 6
6898 6
6899 6
6900 6
6901 6
6902 6
6903 6
6904 6
6905 6
6906 6
6907 6
6908 6
6909 6
6910 6
6911 6
6912 6
6913 6
6914 6
6915 6
6916 6
6917 6
6918 6
6919 6
6920 6
6921 6
6922 6
6923 6
6924 6
6925 6
6926 6
6927 6
6928 6
6929 6
6930 6
6931 6
6932 6
6933 6
6934 6
6935 6
6936 6
6937 6
6938 6
6939 6
6940 6
6941 6
6942 6
6943 6
6944 6
6945 6
6946 6
6947 6
6948 6
6949 6
6950 6
6951 6
6952 6
6953 6
6954 6
6955 6
6956 6
6957 6
6958 6
6959 6
6960 6
6961 6
6962 6
6963 6
6964 6
6965 6
6966 6
6967 6
6968 6
6969 6
6970 6
6971 6
6972 6
6973 6
6974 6
6975 6
6976 6
6977 6
6978 6
6979 6
6980 6
6981 6
6982 6
6983 6
6984 6
6985 6
6986 6
6987 6
6988 6
6989 6
6990 6
6991 6
6992 6
6993 6
6994 6
6995 6
6996 6
6997 6
6998 6
6999 6
7000 6
7001 6
7002 6
7003 6
7004 6
7005 6
7006 6
7007 6
7008 6
7009 6
7010 6
7011 6
7012 6
7013 6
7014 6
7015 6
7016 6
7017 6
7018 6
7019 6
7020 6
7021 6
7022 6
7023 6
7024 6
7025 6
7026 6
7027 6
7028 6
7029 6
7030 6
7031 6
7032 6
7033 6
7034 6
7035 6
7036 6
7037 6
7038 6
7039 6
7040 6
7041 6
7042 6
7043 6
7044 6
7045 6
7046 6
7047 6
7048 6
7049 6
7050 6
7051 6
7052 6
7053 6
7054 6
7055 6
7056 6
7057 6
7058 6
7059 6
7060 6
7061 6
7062 6
7063 6
7064 7
7065 7
7066 7
7067 7
7068 7
7069 7
7070 7
7071 7
7072 7
7073 7
7074 7
7075 7
7076 7
7077 7
7078 7
7079 7
7080 7
7081 7
7082 7
7083 7
7084 7
7085 7
7086 7
7087 7
7088 7
7089 7
7090 7
7091 7
7092 7
7093 7
7094 7
7095 7
7096 7
7097 7
7098 7
7099 7
7100 7
7101 7
7102 7
7103 7
7104 7
7105 7
7106 7
7107 7
7108 7
7109 7
7110 7
7111 7
7112 7
7113 7
7114 7
7115 7
7116 7
7117 7
7118 7
7119 7
7120 7
7121 7
7122 7
7123 7
7124 7
7125 7
7126 7
7127 7
7128 7
7129 7
7130 7
7131 7
7132 7
7133 7
7134 7
7135 7
7136 7
7137 7
7138 7
7139 7
7140 7
7141 7
7142 7
7143 7
7144 7
7145 7
7146 7
7147 7
7148 7
7149 7
7150 7
7151 7
7152 7
7153 7
7154 7
7155 7
7156 7
7157 7
7158 7
7159 7
7160 7
7161 7
7162 7
7163 7
7164 7
7165 7
7166 7
7167 7
7168 7
7169 7
7170 7
7171 7
7172 7
7173 7
7174 7
7175 7
7176 7
7177 7
7178 7
7179 7
7180 7
7181 7
7182 7
7183 7
7184 7
7185 7
7186 7
7187 7
7188 7
7189 7
7190 7
7191 7
7192 7
7193 7
7194 7
7195 7
7196 7
7197 7
7198 7
7199 7
7200 7
7201 7
7202 7
7203 7
7204 7
7205 7
7206 7
7207 7
7208 7
7209 7
7210 7
7211 7
7212 7
7213 7
7214 7
7215 7
7216 7
7217 7
7218 7
7219 7
7220 7
7221 7
7222 7
7223 7
7224 7
7225 7
7226 7
7227 7
7228 7
7229 7
7230 7
7231 7
7232 7
7233 7
7234 7
7235 7
7236 7
7237 7
7238 7
7239 7
7240 7
7241 7
7242 7
7243 7
7244 7
7245 7
7246 7
7247 7
7248 7
7249 7
7250 7
7251 7
7252 7
7253 7
7254 7
7255 7
7256 7
7257 7
7258 7
7259 7
7260 7
7261 7
7262 7
7263 7
7264 7
7265 7
7266 7
7267 7
7268 7
7269 7
7270 7
7271 7
7272 7
7273 7
7274 7
7275 7
7276 7
7277 7
7278 7
7279 7
7280 7
7281 7
7282 7
7283 7
7284 7
7285 7
7286 7
7287 7
7288 7
7289 7
7290 7
7291 7
7292 7
7293 7
7294 7
7295 7
7296 7
7297 7
7298 7
7299 7
7300 7
7301 7
7302 7
7303 7
7304 7
7305 7
7306 7
7307 7
7308 7
7309 7
7310 7
7311 7
7312 7
7313 7
7314 7
7315 7
7316 7
7317 7
7318 7
7319 7
7320 7
7321 7
7322 7
7323 7
7324 7
7325 7
7326 7
7327 7
7328 7
7329 7
7330 7
7331 7
7332 7
7333 7
7334 7
7335 7
7336 7
7337 7
7338 7
7339 7
7340 7
7341 7
7342 7
7343 7
7344 7
7345 7
7346 7
7347 7
7348 7
7349 7
7350 7
7351 7
7352 7
7353 7
7354 7
7355 7
7356 7
7357 7
7358 7
7359 7
7360 7
7361 7
7362 7
7363 7
7364 7
7365 7
7366 7
7367 7
7368 7
7369 7
7370 7
7371 7
7372 7
7373 7
7374 7
7375 7
7376 7
7377 7
7378 7
7379 7
7380 7
7381 7
7382 7
7383 7
7384 7
7385 7
7386 7
7387 7
7388 7
7389 7
7390 7
7391 7
7392 7
7393 7
7394 7
7395 7
7396 7
7397 7
7398 7
7399 7
7400 7
7401 7
7402 7
7403 7
7404 7
7405 7
7406 7
7407 7
7408 7
7409 7
7410 7
7411 7
7412 7
7413 7
7414 7
7415 7
7416 7
7417 7
7418 7
7419 7
7420 7
7421 7
7422 7
7423 7
7424 7
7425 7
7426 7
7427 7
7428 7
7429 7
7430 7
7431 7
7432 7
7433 7
7434 7
7435 7
7436 7
7437 7
7438 7
7439 7
7440 7
7441 7
7442 7
7443 7
7444 7
7445 7
7446 7
7447 7
7448 7
7449 7
7450 7
7451 7
7452 7
7453 7
7454 7
7455 7
7456 7
7457 7
7458 7
7459 7
7460 7
7461 7
7462 7
7463 7
7464 7
7465 7
7466 7
7467 7
7468 7
7469 7
7470 7
7471 7
7472 7
7473 7
7474 7
7475 7
7476 7
7477 7
7478 7
7479 7
7480 7
7481 7
7482 7
7483 7
7484 7
7485 7
7486 7
7487 7
7488 7
7489 7
7490 7
7491 7
7492 7
7493 7
7494 7
7495 7
7496 7
7497 7
7498 7
7499 7
7500 7
7501 7
7502 7
7503 7
7504 7
7505 7
7506 7
7507 7
7508 7
7509 7
7510 7
7511 7
7512 7
7513 7
7514 7
7515 7
7516 7
7517 7
7518 7
7519 7
7520 7
7521 7
7522 7
7523 7
7524 7
7525 7
7526 7
7527 7
7528 7
7529 7
7530 7
7531 7
7532 7
7533 7
7534 7
7535 7
7536 7
7537 7
7538 7
7539 7
7540 7
7541 7
7542 7
7543 7
7544 7
7545 7
7546 7
7547 7
7548 7
7549 7
7550 7
7551 7
7552 7
7553 7
7554 7
7555 7
7556 7
7557 7
7558 7
7559 7
7560 7
7561 7
7562 7
7563 7
7564 7
7565 7
7566 7
7567 7
7568 7
7569 7
7570 7
7571 7
7572 7
7573 7
7574 7
7575 7
7576 7
7577 7
7578 7
7579 7
7580 7
7581 7
7582 7
7583 7
7584 7
7585 7
7586 7
7587 7
7588 7
7589 7
7590 7
7591 7
7592 7
7593 7
7594 7
7595 7
7596 7
7597 7
7598 7
7599 7
7600 7
7601 7
7602 7
7603 7
7604 7
7605 7
7606 7
7607 7
7608 7
7609 7
7610 7
7611 7
7612 7
7613 7
7614 7
7615 7
7616 7
7617 7
7618 7
7619 7
7620 7
7621 7
7622 7
7623 7
7624 7
7625 7
7626 7
7627 7
7628 7
7629 7
7630 7
7631 7
7632 7
7633 7
7634 7
7635 7
7636 7
7637 7
7638 7
7639 7
7640 7
7641 7
7642 7
7643 7
7644 7
7645 7
7646 7
7647 7
7648 7
7649 7
7650 7
7651 7
7652 7
7653 7
7654 7
7655 7
7656 7
7657 7
7658 7
7659 7
7660 7
7661 7
7662 7
7663 7
7664 7
7665 7
7666 7
7667 7
7668 7
7669 7
7670 7
7671 7
7672 7
7673 7
7674 7
7675 7
7676 7
7677 7
7678 7
7679 7
7680 7
7681 7
7682 7
7683 7
7684 7
7685 7
7686 7
7687 7
7688 7
7689 7
7690 7
7691 7
7692 7
7693 7
7694 7
7695 7
7696 7
7697 7
7698 7
7699 7
7700 7
7701 7
7702 7
7703 7
7704 7
7705 7
7706 7
7707 7
7708 7
7709 7
7710 7
7711 7
7712 7
7713 7
7714 7
7715 7
7716 7
7717 7
7718 7
7719 7
7720 7
7721 7
7722 7
7723 7
7724 7
7725 7
7726 7
7727 7
7728 7
7729 7
7730 7
7731 7
7732 7
7733 7
7734 7
7735 7
7736 7
7737 7
7738 7
7739 7
7740 7
7741 7
7742 7
7743 7
7744 7
7745 7
7746 7
7747 7
7748 7
7749 7
7750 7
7751 7
7752 7
7753 7
7754 7
7755 7
7756 7
7757 7
7758 7
7759 7
7760 7
7761 7
7762 7
7763 7
7764 7
7765 7
7766 7
7767 7
7768 7
7769 7
7770 7
7771 7
7772 7
7773 7
7774 7
7775 7
7776 7
7777 7
7778 7
7779 7
7780 7
7781 7
7782 7
7783 7
7784 7
7785 7
7786 7
7787 7
7788 7
7789 7
7790 7
7791 7
7792 7
7793 7
7794 7
7795 7
7796 7
7797 7
7798 7
7799 7
7800 7
7801 7
7802 7
7803 7
7804 7
7805 7
7806 7
7807 7
7808 7
7809 7
7810 7
7811 7
7812 7
7813 7
7814 7
7815 7
7816 7
7817 7
7818 7
7819 7
7820 7
7821 7
7822 7
7823 7
7824 7
7825 7
7826 7
7827 7
7828 7
7829 7
7830 7
7831 7
7832 7
7833 7
7834 7
7835 7
7836 7
7837 7
7838 7
7839 7
7840 7
7841 7
7842 7
7843 7
7844 7
7845 7
7846 7
7847 7
7848 7
7849 7
7850 7
7851 7
7852 7
7853 7
7854 7
7855 7
7856 7
7857 7
7858 7
7859 7
7860 7
7861 7
7862 7
7863 7
7864 7
7865 7
7866 7
7867 7
7868 7
7869 7
7870 7
7871 7
7872 7
7873 7
7874 7
7875 7
7876 7
7877 7
7878 7
7879 7
7880 7
7881 7
7882 7
7883 7
7884 7
7885 7
7886 7
7887 7
7888 7
7889 7
7890 7
7891 7
7892 7
7893 7
7894 7
7895 7
7896 7
7897 7
7898 7
7899 7
7900 7
7901 7
7902 7
7903 7
7904 7
7905 7
7906 7
7907 7
7908 7
7909 7
7910 7
7911 7
7912 7
7913 7
7914 7
7915 7
7916 7
7917 7
7918 7
7919 7
7920 7
7921 7
7922 7
7923 7
7924 7
7925 7
7926 7
7927 7
7928 7
7929 7
7930 7
7931 7
7932 7
7933 7
7934 7
7935 7
7936 7
7937 7
7938 7
7939 7
7940 7
7941 7
7942 7
7943 7
7944 7
7945 7
7946 7
7947 7
7948 7
7949 7
7950 7
7951 7
7952 7
7953 7
7954 7
7955 7
7956 7
7957 7
7958 7
7959 7
7960 7
7961 7
7962 7
7963 7
7964 7
7965 7
7966 7
7967 7
7968 7
7969 7
7970 7
7971 7
7972 7
7973 7
7974 7
7975 7
7976 7
7977 7
7978 7
7979 7
7980 7
7981 7
7982 7
7983 7
7984 7
7985 7
7986 7
7987 7
7988 7
7989 7
7990 7
7991 7
7992 7
7993 7
7994 7
7995 7
7996 7
7997 7
7998 7
7999 7
8000 7
8001 7
8002 7
8003 7
8004 7
8005 7
8006 7
8007 7
8008 7
8009 7
8010 7
8011 7
8012 7
8013 7
8014 7
8015 7
8016 7
8017 7
8018 7
8019 7
8020 7
8021 7
8022 7
8023 7
8024 7
8025 7
8026 7
8027 7
8028 7
8029 7
8030 7
8031 7
8032 7
8033 7
8034 7
8035 7
8036 7
8037 7
8038 7
8039 7
8040 7
8041 7
8042 7
8043 7
8044 7
8045 7
8046 7
8047 7
8048 7
8049 7
8050 7
8051 7
8052 7
8053 7
8054 7
8055 7
8056 7
8057 7
8058 7
8059 7
8060 7
8061 7
8062 7
8063 7
8064 7
8065 7
8066 7
8067 7
8068 7
8069 7
8070 7
8071 7
8072 7
8073 7
8074 7
8075 7
8076 7
8077 7
8078 7
8079 7
8080 7
8081 7
8082 7
8083 7
8084 7
8085 7
8086 7
8087 7
8088 7
8089 7
8090 7
8091 7
8092 7
8093 7
8094 7
8095 7
8096 7
8097 7
8098 7
8099 7
8100 7
8101 7
8102 7
8103 7
8104 7
8105 7
8106 7
8107 7
8108 7
8109 7
8110 7
8111 7
8112 7
8113 7
8114 7
8115 7
8116 7
8117 7
8118 7
8119 7
8120 7
8121 7
8122 7
8123 7
8124 7
8125 7
8126 7
8127 7
8128 7
8129 7
8130 7
8131 7
8132 7
8133 7
8134 7
8135 7
8136 7
8137 7
8138 7
8139 7
8140 7
8141 7
8142 7
8143 7
8144 7
8145 7
8146 7
8147 7
8148 7
8149 7
8150 7
8151 7
8152 7
8153 7
8154 7
8155 7
8156 7
8157 7
8158 7
8159 7
8160 7
8161 7
8162 7
8163 7
8164 7
8165 7
8166 7
8167 7
8168 7
8169 7
8170 7
8171 7
8172 7
8173 7
8174 7
8175 7
8176 7
8177 7
8178 7
8179 7
8180 7
8181 7
8182 7
8183 7
8184 7
8185 7
8186 7
8187 7
8188 7
8189 7
8190 7
8191 7
8192 7
8193 7
8194 7
8195 7
8196 7
8197 7
8198 7
8199 7
8200 7
8201 7
8202 7
8203 7
8204 7
8205 7
8206 7
8207 7
8208 7
8209 7
8210 7
8211 7
8212 7
8213 7
8214 7
8215 7
8216 7
8217 7
8218 7
8219 7
8220 7
8221 7
8222 7
8223 7
8224 7
8225 7
8226 7
8227 7
8228 7
8229 7
8230 7
8231 7
8232 7
8233 7
8234 7
8235 7
8236 7
8237 7
8238 7
8239 7
8240 7
8241 7
8242 7
8243 7
8244 7
8245 7
8246 7
8247 7
8248 7
8249 7
8250 7
8251 7
8252 7
8253 7
8254 7
8255 7
8256 7
8257 7
8258 7
8259 7
8260 7
8261 7
8262 7
8263 7
8264 7
8265 7
8266 7
8267 7
8268 7
8269 7
8270 7
8271 7
8272 7
8273 7
8274 7
8275 7
8276 7
8277 7
8278 7
8279 7
8280 7
8281 7
8282 7
8283 7
8284 7
8285 7
8286 7
8287 7
8288 7
8289 7
8290 7
8291 7
8292 7
8293 7
8294 7
8295 7
8296 7
8297 7
8298 7
8299 7
8300 7
8301 7
8302 7
8303 7
8304 7
8305 7
8306 7
8307 7
8308 7
8309 7
8310 7
8311 7
8312 7
8313 7
8314 7
8315 7
8316 7
8317 7
8318 7
8319 7
8320 7
8321 7
8322 7
8323 7
8324 7
8325 7
8326 7
8327 7
8328 7
8329 7
8330 7
8331 7
8332 7
8333 7
8334 7
8335 7
8336 7
8337 7
8338 7
8339 7
8340 7
8341 7
8342 7
8343 7
8344 7
8345 7
8346 7
8347 7
8348 7
8349 7
8350 7
8351 7
8352 7
8353 7
8354 7
8355 7
8356 7
8357 7
8358 7
8359 7
8360 7
8361 7
8362 7
8363 7
8364 7
8365 7
8366 7
8367 7
8368 7
8369 7
8370 7
8371 7
8372 7
8373 7
8374 7
8375 7
8376 7
8377 7
8378 7
8379 7
8380 7
8381 7
8382 7
8383 7
8384 7
8385 7
8386 7
8387 7
8388 7
8389 7
8390 7
8391 7
8392 7
8393 7
8394 7
8395 7
8396 7
8397 7
8398 7
8399 7
8400 7
8401 7
8402 7
8403 7
8404 7
8405 7
8406 7
8407 7
8408 7
8409 7
8410 7
8411 7
8412 7
8413 7
8414 7
8415 7
8416 7
8417 7
8418 7
8419 7
8420 7
8421 7
8422 7
8423 7
8424 7
8425 7
8426 7
8427 7
8428 7
8429 7
8430 7
8431 7
8432 7
8433 7
8434 7
8435 7
8436 7
8437 7
8438 7
8439 7
8440 7
8441 7
8442 7
8443 7
8444 7
8445 7
8446 7
8447 7
8448 7
8449 7
8450 7
8451 7
8452 7
8453 7
8454 7
8455 7
8456 7
8457 7
8458 7
8459 7
8460 7
8461 7
8462 7
8463 7
8464 7
8465 7
8466 7
8467 7
8468 7
8469 7
8470 7
8471 7
8472 7
8473 7
8474 7
8475 7
8476 7
8477 7
8478 7
8479 7
8480 7
8481 7
8482 7
8483 7
8484 7
8485 7
8486 7
8487 7
8488 7
8489 7
8490 7
8491 7
8492 7
8493 7
8494 7
8495 7
8496 7
8497 7
8498 7
8499 7
8500 7
8501 7
8502 7
8503 7
8504 7
8505 7
8506 7
8507 7
8508 7
8509 7
8510 7
8511 7
8512 7
8513 7
8514 7
8515 7
8516 7
8517 7
8518 7
8519 7
8520 7
8521 7
8522 7
8523 7
8524 7
8525 7
8526 7
8527 7
8528 7
8529 7
8530 7
8531 7
8532 7
8533 7
8534 7
8535 7
8536 7
8537 7
8538 7
8539 7
8540 7
8541 7
8542 7
8543 7
8544 7
8545 7
8546 7
8547 7
8548 7
8549 7
8550 7
8551 7
8552 7
8553 7
8554 7
8555 7
8556 7
8557 7
8558 7
8559 7
8560 7
8561 7
8562 7
8563 7
8564 7
8565 7
8566 7
8567 7
8568 7
8569 7
8570 7
8571 7
8572 7
8573 7
8574 7
8575 7
8576 7
8577 7
8578 7
8579 7
8580 7
8581 7
8582 7
8583 7
8584 7
8585 7
8586 7
8587 7
8588 7
8589 7
8590 7
8591 7
8592 7
8593 7
8594 7
8595 7
8596 7
8597 7
8598 7
8599 7
8600 7
8601 7
8602 7
8603 7
8604 7
8605 7
8606 7
8607 7
8608 7
8609 7
8610 7
8611 7
8612 7
8613 7
8614 7
8615 7
8616 7
8617 7
8618 7
8619 7
8620 7
8621 7
8622 7
8623 7
8624 7
8625 7
8626 7
8627 7
8628 7
8629 7
8630 7
8631 7
8632 7
8633 7
8634 7
8635 7
8636 7
8637 7
8638 7
8639 7
8640 7
8641 7
8642 7
8643 7
8644 7
8645 7
8646 7
8647 7
8648 7
8649 7
8650 7
8651 7
8652 7
8653 7
8654 7
8655 7
8656 7
8657 7
8658 7
8659 7
8660 7
8661 7
8662 7
8663 7
8664 7
8665 7
8666 7
8667 7
8668 7
8669 7
8670 7
8671 7
8672 7
8673 7
8674 7
8675 7
8676 7
8677 7
8678 7
8679 7
8680 7
8681 7
8682 7
8683 7
8684 7
8685 7
8686 7
8687 7
8688 7
8689 7
8690 7
8691 7
8692 7
8693 7
8694 7
8695 7
8696 7
8697 7
8698 7
8699 7
8700 7
8701 7
8702 7
8703 7
8704 7
8705 7
8706 7
8707 7
8708 7
8709 7
8710 7
8711 7
8712 7
8713 7
8714 7
8715 7
8716 7
8717 7
8718 7
8719 7
8720 7
8721 7
8722 7
8723 7
8724 7
8725 7
8726 7
8727 7
8728 7
8729 7
8730 7
8731 7
8732 7
8733 7
8734 7
8735 7
8736 7
8737 7
8738 7
8739 7
8740 7
8741 7
8742 7
8743 7
8744 7
8745 7
8746 7
8747 7
8748 7
8749 7
8750 7
8751 7
8752 7
8753 7
8754 7
8755 7
8756 7
8757 7
8758 7
8759 7
8760 7
8761 7
8762 7
8763 7
8764 7
8765 7
8766 7
8767 7
8768 7
8769 7
8770 7
8771 7
8772 7
8773 7
8774 7
8775 7
8776 7
8777 7
8778 7
8779 7
8780 7
8781 7
8782 7
8783 7
8784 7
8785 7
8786 7
8787 7
8788 7
8789 7
8790 7
8791 7
8792 7
8793 7
8794 7
8795 7
8796 7
8797 7
8798 7
8799 7
8800 7
8801 7
8802 7
8803 7
8804 7
8805 7
8806 7
8807 7
8808 7
8809 7
8810 7
8811 7
8812 7
8813 7
8814 7
8815 7
8816 7
8817 7
8818 7
8819 7
8820 7
8821 7
8822 7
8823 7
8824 7
8825 7
8826 7
8827 7
8828 7
8829 7
8830 7
8831 7
8832 7
8833 7
8834 7
8835 7
8836 7
8837 7
8838 7
8839 7
8840 7
8841 7
8842 7
8843 7
8844 7
8845 7
8846 7
8847 7
8848 7
8849 7
8850 7
8851 7
8852 7
8853 7
8854 7
8855 7
8856 7
8857 7
8858 7
8859 7
8860 7
8861 7
8862 7
8863 7
8864 7
8865 7
8866 7
8867 7
8868 7
8869 7
8870 7
8871 7
8872 7
8873 7
8874 7
8875 7
8876 7
8877 7
8878 7
8879 7
8880 7
8881 7
8882 7
8883 7
8884 7
8885 7
8886 7
8887 7
8888 7
8889 7
8890 7
8891 7
8892 7
8893 7
8894 7
8895 7
8896 7
8897 7
8898 7
8899 8
8900 8
8901 8
8902 8
8903 8
8904 8
8905 8
8906 8
8907 8
8908 8
8909 8
8910 8
8911 8
8912 8
8913 8
8914 8
8915 8
8916 8
8917 8
8918 8
8919 8
8920 8
8921 8
8922 8
8923 8
8924 8
8925 8
8926 8
8927 8
8928 8
8929 8
8930 8
8931 8
8932 8
8933 8
8934 8
8935 8
8936 8
8937 8
8938 8
8939 8
8940 8
8941 8
8942 8
8943 8
8944 8
8945 8
8946 8
8947 8
8948 8
8949 8
8950 8
8951 8
8952 8
8953 8
8954 8
8955 8
8956 8
8957 8
8958 8
8959 8
8960 8
8961 8
8962 8
8963 8
8964 8
8965 8
8966 8
8967 8
8968 8
8969 8
8970 8
8971 8
8972 8
8973 8
8974 8
8975 8
8976 8
8977 8
8978 8
8979 8
8980 8
8981 8
8982 8
8983 8
8984 8
8985 8
8986 8
8987 8
8988 8
8989 8
8990 8
8991 8
8992 8
8993 8
8994 8
8995 8
8996 8
8997 8
8998 8
8999 8
9000 8
9001 8
9002 8
9003 8
9004 8
9005 8
9006 8
9007 8
9008 8
9009 8
9010 8
9011 8
9012 8
9013 8
9014 8
9015 8
9016 8
9017 8
9018 8
9019 8
9020 8
9021 8
9022 8
9023 8
9024 8
9025 8
9026 8
9027 8
9028 8
9029 8
9030 8
9031 8
9032 8
9033 8
9034 8
9035 8
9036 8
9037 8
9038 8
9039 8
9040 8
9041 8
9042 8
9043 8
9044 8
9045 8
9046 8
9047 8
9048 8
9049 8
9050 8
9051 8
9052 8
9053 8
9054 8
9055 8
9056 8
9057 8
9058 8
9059 8
9060 8
9061 8
9062 8
9063 8
9064 8
9065 8
9066 8
9067 8
9068 8
9069 8
9070 8
9071 8
9072 8
9073 8
9074 8
9075 8
9076 8
9077 8
9078 8
9079 8
9080 8
9081 8
9082 8
9083 8
9084 8
9085 8
9086 8
9087 8
9088 8
9089 8
9090 8
9091 8
9092 8
9093 8
9094 8
9095 8
9096 8
9097 8
9098 8
9099 8
9100 8
9101 8
9102 8
9103 8
9104 8
9105 8
9106 8
9107 8
9108 8
9109 8
9110 8
9111 8
9112 8
9113 8
9114 8
9115 8
9116 8
9117 8
9118 8
9119 8
9120 8
9121 8
9122 8
9123 8
9124 8
9125 8
9126 8
9127 8
9128 8
9129 8
9130 8
9131 8
9132 8
9133 8
9134 8
9135 8
9136 8
9137 8
9138 8
9139 8
9140 8
9141 8
9142 8
9143 8
9144 8
9145 8
9146 8
9147 8
9148 8
9149 8
9150 8
9151 8
9152 8
9153 8
9154 8
9155 8
9156 8
9157 8
9158 8
9159 8
9160 8
9161 8
9162 8
9163 8
9164 8
9165 8
9166 8
9167 8
9168 8
9169 8
9170 8
9171 8
9172 8
9173 8
9174 8
9175 8
9176 8
9177 8
9178 8
9179 8
9180 8
9181 8
9182 8
9183 8
9184 8
9185 8
9186 8
9187 8
9188 8
9189 8
9190 8
9191 8
9192 8
9193 8
9194 8
9195 8
9196 8
9197 8
9198 8
9199 8
9200 8
9201 8
9202 8
9203 8
9204 8
9205 8
9206 8
9207 8
9208 8
9209 8
9210 8
9211 8
9212 8
9213 8
9214 8
9215 8
9216 8
9217 8
9218 8
9219 8
9220 8
9221 8
9222 8
9223 8
9224 8
9225 8
9226 8
9227 8
9228 8
9229 8
9230 8
9231 8
9232 8
9233 8
9234 8
9235 8
9236 8
9237 8
9238 8
9239 8
9240 8
9241 8
9242 8
9243 8
9244 8
9245 8
9246 8
9247 8
9248 8
9249 8
9250 8
9251 8
9252 8
9253 8
9254 8
9255 8
9256 8
9257 8
9258 8
9259 8
9260 8
9261 8
9262 8
9263 8
9264 8
9265 8
9266 8
9267 8
9268 8
9269 8
9270 8
9271 8
9272 8
9273 8
9274 8
9275 8
9276 8
9277 8
9278 8
9279 8
9280 8
9281 8
9282 8
9283 8
9284 8
9285 8
9286 8
9287 8
9288 8
9289 8
9290 8
9291 8
9292 8
9293 8
9294 8
9295 8
9296 8
9297 8
9298 8
9299 8
9300 8
9301 8
9302 8
9303 8
9304 8
9305 8
9306 8
9307 8
9308 8
9309 8
9310 8
9311 8
9312 8
9313 8
9314 8
9315 8
9316 8
9317 8
9318 8
9319 8
9320 8
9321 8
9322 8
9323 8
9324 8
9325 8
9326 8
9327 8
9328 8
9329 8
9330 8
9331 8
9332 8
9333 8
9334 8
9335 8
9336 8
9337 8
9338 8
9339 8
9340 8
9341 8
9342 8
9343 8
9344 8
9345 8
9346 8
9347 8
9348 8
9349 8
9350 8
9351 8
9352 8
9353 8
9354 8
9355 8
9356 8
9357 8
9358 8
9359 8
9360 8
9361 8
9362 8
9363 8
9364 8
9365 8
9366 8
9367 8
9368 8
9369 8
9370 8
9371 8
9372 8
9373 8
9374 8
9375 8
9376 8
9377 8
9378 8
9379 8
9380 8
9381 8
9382 8
9383 8
9384 8
9385 8
9386 8
9387 8
9388 8
9389 8
9390 8
9391 8
9392 8
9393 8
9394 8
9395 8
9396 8
9397 8
9398 8
9399 8
9400 8
9401 8
9402 8
9403 8
9404 8
9405 8
9406 8
9407 8
9408 8
9409 8
9410 8
9411 8
9412 8
9413 8
9414 8
9415 8
9416 8
9417 8
9418 8
9419 8
9420 8
9421 8
9422 8
9423 8
9424 8
9425 8
9426 8
9427 8
9428 8
9429 8
9430 8
9431 8
9432 8
9433 8
9434 8
9435 8
9436 8
9437 8
9438 8
9439 8
9440 8
9441 8
9442 8
9443 8
9444 8
9445 8
9446 8
9447 8
9448 8
9449 8
9450 8
9451 8
9452 8
9453 8
9454 8
9455 8
9456 8
9457 8
9458 8
9459 8
9460 8
9461 8
9462 8
9463 8
9464 8
9465 8
9466 8
9467 8
9468 8
9469 8
9470 8
9471 8
9472 8
9473 8
9474 8
9475 8
9476 8
9477 8
9478 8
9479 8
9480 8
9481 8
9482 8
9483 8
9484 8
9485 8
9486 8
9487 8
9488 8
9489 8
9490 8
9491 8
9492 8
9493 8
9494 8
9495 8
9496 8
9497 8
9498 8
9499 8
9500 8
9501 8
9502 8
9503 8
9504 8
9505 8
9506 8
9507 8
9508 8
9509 8
9510 8
9511 8
9512 8
9513 8
9514 8
9515 8
9516 8
9517 8
9518 8
9519 8
9520 8
9521 8
9522 8
9523 8
9524 8
9525 8
9526 8
9527 8
9528 8
9529 8
9530 8
9531 8
9532 8
9533 8
9534 8
9535 8
9536 8
9537 8
9538 8
9539 8
9540 8
9541 8
9542 8
9543 8
9544 8
9545 8
9546 8
9547 8
9548 8
9549 8
9550 8
9551 8
9552 8
9553 8
9554 8
9555 8
9556 8
9557 8
9558 8
9559 8
9560 8
9561 8
9562 8
9563 8
9564 8
9565 8
9566 8
9567 8
9568 8
9569 8
9570 8
9571 8
9572 8
9573 8
9574 8
9575 8
9576 8
9577 8
9578 8
9579 8
9580 8
9581 8
9582 8
9583 8
9584 8
9585 8
9586 8
9587 8
9588 8
9589 8
9590 8
9591 8
9592 8
9593 8
9594 8
9595 8
9596 8
9597 8
9598 8
9599 8
9600 8
9601 8
9602 8
9603 8
9604 8
9605 8
9606 8
9607 8
9608 8
9609 8
9610 8
9611 8
9612 8
9613 8
9614 8
9615 8
9616 8
9617 8
9618 8
9619 8
9620 8
9621 8
9622 8
9623 8
9624 8
9625 8
9626 8
9627 8
9628 8
9629 8
9630 8
9631 8
9632 8
9633 8
9634 8
9635 8
9636 8
9637 8
9638 8
9639 8
9640 8
9641 8
9642 8
9643 8
9644 8
9645 8
9646 8
9647 8
9648 8
9649 8
9650 8
9651 8
9652 8
9653 8
9654 8
9655 8
9656 8
9657 8
9658 8
9659 8
9660 8
9661 8
9662 8
9663 8
9664 8
9665 8
9666 8
9667 8
9668 8
9669 8
9670 8
9671 8
9672 8
9673 8
9674 8
9675 8
9676 8
9677 8
9678 8
9679 8
9680 8
9681 8
9682 8
9683 8
9684 8
9685 8
9686 8
9687 8
9688 8
9689 8
9690 8
9691 8
9692 8
9693 8
9694 8
9695 8
9696 8
9697 8
9698 8
9699 8
9700 8
9701 8
9702 8
9703 8
9704 8
9705 8
9706 8
9707 8
9708 8
9709 8
9710 8
9711 8
9712 8
9713 8
9714 8
9715 8
9716 8
9717 8
9718 8
9719 8
9720 8
9721 8
9722 8
9723 8
9724 8
9725 8
9726 8
9727 8
9728 8
9729 8
9730 8
9731 8
9732 8
9733 8
9734 8
9735 8
9736 8
9737 8
9738 8
9739 8
9740 8
9741 8
9742 8
9743 8
9744 8
9745 8
9746 8
9747 8
9748 8
9749 8
9750 8
9751 8
9752 8
9753 8
9754 8
9755 8
9756 8
9757 8
9758 8
9759 8
9760 8
9761 8
9762 8
9763 8
9764 8
9765 8
9766 8
9767 8
9768 8
9769 8
9770 8
9771 8
9772 8
9773 8
9774 8
9775 8
9776 8
9777 8
9778 8
9779 8
9780 8
9781 8
9782 8
9783 8
9784 8
9785 8
9786 8
9787 8
9788 8
9789 8
9790 8
9791 8
9792 8
9793 8
9794 8
9795 8
9796 8
9797 8
9798 8
9799 8
9800 8
9801 8
9802 8
9803 8
9804 8
9805 8
9806 8
9807 8
9808 8
9809 8
9810 8
9811 8
9812 8
9813 8
9814 8
9815 8
9816 8
9817 8
9818 8
9819 8
9820 8
9821 8
9822 8
9823 8
9824 8
9825 8
9826 8
9827 8
9828 8
9829 8
9830 8
9831 8
9832 8
9833 8
9834 8
9835 8
9836 8
9837 8
9838 8
9839 8
9840 8
9841 8
9842 8
9843 8
9844 8
9845 8
9846 8
9847 8
9848 8
9849 8
9850 8
9851 8
9852 8
9853 8
9854 8
9855 8
9856 8
9857 8
9858 8
9859 8
9860 8
9861 8
9862 8
9863 8
9864 8
9865 8
9866 8
9867 8
9868 8
9869 8
9870 8
9871 8
9872 8
9873 8
9874 8
9875 8
9876 8
9877 8
9878 8
9879 8
9880 8
9881 8
9882 8
9883 8
9884 8
9885 8
9886 8
9887 8
9888 8
9889 8
9890 8
9891 8
9892 8
9893 8
9894 8
9895 8
9896 8
9897 8
9898 8
9899 8
9900 8
9901 8
9902 8
9903 8
9904 8
9905 8
9906 8
9907 8
9908 8
9909 8
9910 8
9911 8
9912 8
9913 8
9914 8
9915 8
9916 8
9917 8
9918 8
9919 8
9920 8
9921 8
9922 8
9923 8
9924 8
9925 8
9926 8
9927 8
9928 8
9929 8
9930 8
9931 8
9932 8
9933 8
9934 8
9935 8
9936 8
9937 8
9938 8
9939 8
9940 8
9941 8
9942 8
9943 8
9944 8
9945 8
9946 8
9947 8
9948 8
9949 8
9950 8
9951 8
9952 8
9953 8
9954 8
9955 8
9956 8
9957 8
9958 8
9959 8
9960 8
9961 8
9962 8
9963 8
9964 8
9965 8
9966 8
9967 8
9968 8
9969 8
9970 8
9971 8
9972 8
9973 8
9974 8
9975 8
9976 8
9977 8
9978 8
9979 8
9980 8
9981 8
9982 8
9983 8
9984 8
9985 8
9986 8
9987 8
9988 8
9989 8
9990 8
9991 8
9992 8
9993 8
9994 8
9995 8
9996 8
9997 8
9998 8
9999 8
10000 8
