1 1
2 2
3 2
4 2
5 2
6 2
7 2
8 2
9 2
10 2
11 3
12 3
13 3
14 3
15 3
16 3
17 3
18 3
19 3
20 3
21 3
22 3
23 3
24 3
25 3
26 3
27 3
28 3
29 3
30 3
31 3
32 3
33 3
34 3
35 3
36 3
37 4
38 4
39 4
40 4
41 4
42 4
43 4
44 4
45 4
46 4
47 4
48 4
49 4
50 4
51 4
52 4
53 4
54 4
55 4
56 4
57 4
58 4
59 4
60 4
61 4
62 4
63 4
64 4
65 4
66 4
67 4
68 4
69 4
70 4
71 4
72 4
73 4
74 4
75 4
76 4
77 4
78 4
79 4
80 4
81 4
82 4
83 4
84 4
85 4
86 4
87 4
88 4
89 4
90 4
91 4
92 4
93 4
94 4
95 4
96 4
97 4
98 4
99 4
100 4
101 4
102 4
103 4
104 4
105 4
106 4
107 4
108 4
109 4
110 4
111 4
112 4
113 4
114 4
115 4
116 4
117 4
118 4
119 4
120 4
121 4
122 4
123 4
124 4
125 4
126 4
127 4
128 4
129 4
130 4
131 4
132 4
133 4
134 4
135 4
136 4
137 4
138 4
139 4
140 4
141 4
142 4
143 4
144 4
145 4
146 4
147 4
148 4
149 4
150 4
151 4
152 4
153 4
154 4
155 4
156 4
157 4
158 4
159 4
160 4
161 4
162 4
163 4
164 4
165 4
166 4
167 4
168 4
169 4
170 4
171 4
172 4
173 4
174 4
175 4
176 4
177 4
178 4
179 4
180 4
181 4
182 4
183 4
184 4
185 4
186 4
187 4
188 4
189 4
190 4
191 4
192 4
193 4
194 4
195 4
196 4
197 4
198 4
199 4
200 4
201 4
202 4
203 4
204 4
205 4
206 4
207 4
208 4
209 4
210 4
211 4
212 4
213 4
214 4
215 4
216 4
217 4
218 4
219 4
220 4
221 4
222 4
223 4
224 4
225 4
226 4
227 4
228 4
229 4
230 4
231 4
232 4
233 4
234 4
235 4
236 4
237 4
238 4
239 4
240 4
241 4
242 4
243 4
244 4
245 4
246 4
247 4
248 4
249 4
250 4
251 4
252 4
253 4
254 4
255 4
256 4
257 4
258 4
259 4
260 4
261 4
262 4
263 4
264 4
265 4
266 4
267 4
268 4
269 4
270 4
271 4
272 4
273 4
274 4
275 4
276 4
277 4
278 4
279 4
280 4
281 4
282 4
283 4
284 4
285 4
286 4
287 4
288 4
289 4
290 4
291 4
292 4
293 4
294 4
295 4
296 4
297 4
298 4
299 4
300 4
301 4
302 4
303 4
304 4
305 4
306 4
307 4
308 4
309 4
310 4
311 4
312 4
313 4
314 4
315 4
316 4
317 4
318 4
319 4
320 4
321 4
322 4
323 4
324 4
325 4
326 4
327 4
328 4
329 4
330 4
331 4
332 4
333 4
334 4
335 4
336 4
337 4
338 4
339 4
340 4
341 4
342 4
343 4
344 4
345 4
346 4
347 4
348 4
349 4
350 4
351 4
352 4
353 4
354 4
355 4
356 4
357 4
358 4
359 4
360 4
361 4
362 4
363 4
364 4
365 4
366 4
367 4
368 4
369 4
370 4
371 4
372 4
373 4
374 4
375 4
376 4
377 4
378 4
379 4
380 4
381 4
382 4
383 4
384 4
385 4
386 4
387 4
388 4
389 4
390 4
391 4
392 4
393 4
394 4
395 4
396 4
397 4
398 4
399 4
400 4
401 4
402 4
403 4
404 4
405 4
406 4
407 4
408 4
409 4
410 4
411 4
412 4
413 4
414 4
415 4
416 4
417 4
418 4
419 4
420 4
421 4
422 4
423 4
424 4
425 4
426 4
427 4
428 4
429 4
430 4
431 4
432 4
433 4
434 4
435 4
436 4
437 4
438 4
439 4
440 4
441 4
442 4
443 4
444 4
445 4
446 4
447 4
448 4
449 4
450 4
451 4
452 4
453 4
454 4
455 4
456 4
457 4
458 4
459 4
460 4
461 4
462 4
463 4
464 4
465 4
466 4
467 4
468 4
469 4
470 4
471 4
472 4
473 4
474 4
475 4
476 4
477 4
478 4
479 4
480 4
481 4
482 4
483 4
484 4
485 4
486 4
487 4
488 4
489 4
490 4
491 4
492 4
493 4
494 4
495 4
496 4
497 4
498 4
499 4
500 4
501 4
502 4
503 4
504 4
505 4
506 4
507 4
508 4
509 4
510 4
511 4
512 4
513 4
514 4
515 4
516 4
517 4
518 4
519 4
520 4
521 4
522 4
523 4
524 4
525 4
526 4
527 4
528 4
529 4
530 4
531 4
532 4
533 4
534 4
535 4
536 4
537 4
538 4
539 4
540 4
541 4
542 4
543 4
544 4
545 4
546 4
547 4
548 4
549 4
550 4
551 4
552 4
553 4
554 4
555 4
556 4
557 4
558 4
559 4
560 4
561 4
562 4
563 4
564 4
565 4
566 4
567 4
568 4
569 4
570 4
571 4
572 4
573 4
574 4
575 4
576 4
577 4
578 4
579 4
580 4
581 4
582 4
583 4
584 4
585 4
586 4
587 4
588 4
589 4
590 4
591 4
592 4
593 4
594 4
595 4
596 4
597 4
598 4
599 4
600 4
601 4
602 4
603 4
604 4
605 4
606 4
607 4
608 4
609 4
610 4
611 4
612 4
613 4
614 4
615 4
616 4
617 4
618 4
619 4
620 4
621 4
622 4
623 4
624 4
625 4
626 4
627 4
628 4
629 4
630 4
631 4
632 4
633 4
634 4
635 4
636 4
637 4
638 4
639 4
640 4
641 4
642 4
643 4
644 4
645 4
646 4
647 4
648 4
649 4
650 4
651 4
652 4
653 4
654 4
655 4
656 4
657 4
658 4
659 4
660 4
661 4
662 4
663 4
664 4
665 4
666 4
667 4
668 4
669 4
670 4
671 4
672 4
673 4
674 4
675 4
676 4
677 4
678 4
679 4
680 4
681 4
682 4
683 4
684 4
685 4
686 4
687 4
688 4
689 4
690 4
691 4
692 4
693 4
694 4
695 4
696 4
697 4
698 4
699 4
700 4
701 4
702 4
703 4
704 4
705 4
706 4
707 4
708 4
709 4
710 4
711 4
712 4
713 4
714 4
715 4
716 4
717 4
718 4
719 4
720 4
721 4
722 4
723 4
724 4
725 4
726 4
727 4
728 4
729 4
730 4
731 4
732 4
733 4
734 4
735 4
736 4
737 4
738 4
739 4
740 4
741 4
742 4
743 4
744 4
745 4
746 4
747 4
748 4
749 4
750 4
751 4
752 4
753 4
754 4
755 4
756 4
757 4
758 4
759 4
760 4
761 4
762 4
763 4
764 4
765 4
766 4
767 4
768 4
769 4
770 4
771 4
772 4
773 4
774 4
775 4
776 4
777 4
778 4
779 4
780 4
781 4
782 4
783 4
784 4
785 4
786 4
787 4
788 4
789 4
790 4
791 4
792 4
793 4
794 4
795 4
796 4
797 4
798 4
799 4
800 4
801 4
802 4
803 4
804 4
805 4
806 4
807 4
808 4
809 4
810 4
811 4
812 4
813 4
814 4
815 4
816 4
817 4
818 4
819 4
820 4
821 4
822 4
823 4
824 4
825 4
826 4
827 4
828 4
829 4
830 4
831 4
832 4
833 4
834 4
835 4
836 4
837 4
838 4
839 4
840 4
841 4
842 4
843 4
844 4
845 4
846 4
847 4
848 4
849 4
850 4
851 4
852 4
853 4
854 4
855 4
856 4
857 4
858 4
859 4
860 4
861 4
862 4
863 4
864 4
865 4
866 4
867 4
868 4
869 4
870 4
871 4
872 4
873 4
874 4
875 4
876 4
877 4
878 4
879 4
880 4
881 4
882 4
883 4
884 4
885 4
886 4
887 4
888 4
889 4
890 4
891 4
892 4
893 4
894 4
895 4
896 4
897 4
898 4
899 4
900 4
901 4
902 4
903 4
904 4
905 4
906 4
907 4
908 4
909 4
910 4
911 4
912 4
913 4
914 4
915 4
916 4
917 4
918 4
919 4
920 4
921 4
922 4
923 4
924 4
925 4
926 4
927 4
928 4
929 4
930 4
931 4
932 4
933 4
934 4
935 4
936 4
937 4
938 4
939 4
940 4
941 4
942 4
943 4
944 4
945 4
946 4
947 4
948 4
949 4
950 4
951 4
952 4
953 4
954 4
955 4
956 4
957 4
958 4
959 4
960 4
961 4
962 4
963 4
964 4
965 4
966 4
967 4
968 4
969 4
970 4
971 4
972 4
973 4
974 4
975 4
976 4
977 4
978 4
979 4
980 4
981 4
982 4
983 4
984 4
985 4
986 4
987 4
988 4
989 4
990 4
991 4
992 4
993 4
994 4
995 4
996 4
997 4
998 4
999 4
1000 4
1001 4
1002 4
1003 4
1004 4
1005 4
1006 4
1007 4
1008 4
1009 4
1010 4
1011 4
1012 4
1013 4
1014 4
1015 4
1016 4
1017 4
1018 4
1019 4
1020 4
1021 4
1022 4
1023 4
1024 4
1025 4
1026 4
1027 4
1028 4
1029 4
1030 4
1031 4
1032 4
1033 4
1034 4
1035 4
1036 4
1037 4
1038 4
1039 4
1040 4
1041 4
1042 4
1043 4
1044 4
1045 4
1046 4
1047 4
1048 4
1049 4
1050 4
1051 4
1052 4
1053 4
1054 4
1055 4
1056 4
1057 4
1058 4
1059 4
1060 4
1061 4
1062 4
1063 4
1064 4
1065 4
1066 4
1067 4
1068 4
1069 4
1070 4
1071 4
1072 4
1073 4
1074 4
1075 4
1076 4
1077 4
1078 4
1079 4
1080 4
1081 4
1082 4
1083 4
1084 4
1085 4
1086 4
1087 4
1088 4
1089 4
1090 4
1091 4
1092 4
1093 4
1094 4
1095 4
1096 4
1097 4
1098 4
1099 4
1100 4
1101 4
1102 4
1103 4
1104 4
1105 4
1106 4
1107 4
1108 4
1109 4
1110 4
1111 4
1112 4
1113 4
1114 4
1115 4
1116 4
1117 4
1118 4
1119 4
1120 4
1121 4
1122 4
1123 4
1124 4
1125 4
1126 4
1127 4
1128 4
1129 4
1130 4
1131 4
1132 4
1133 4
1134 4
1135 4
1136 4
1137 4
1138 4
1139 4
1140 4
1141 4
1142 4
1143 4
1144 4
1145 4
1146 4
1147 4
1148 4
1149 4
1150 4
1151 4
1152 4
1153 4
1154 4
1155 4
1156 4
1157 4
1158 4
1159 4
1160 4
1161 4
1162 4
1163 4
1164 4
1165 4
1166 4
1167 4
1168 4
1169 4
1170 4
1171 4
1172 4
1173 4
1174 4
1175 4
1176 4
1177 4
1178 4
1179 4
1180 4
1181 4
1182 4
1183 4
1184 4
1185 4
1186 4
1187 4
1188 4
1189 4
1190 4
1191 4
1192 4
1193 4
1194 4
1195 4
1196 4
1197 4
1198 4
1199 4
1200 4
1201 4
1202 4
1203 4
1204 4
1205 4
1206 4
1207 4
1208 4
1209 4
1210 4
1211 4
1212 4
1213 4
1214 4
1215 4
1216 4
1217 4
1218 4
1219 4
1220 4
1221 4
1222 4
1223 4
1224 4
1225 4
1226 4
1227 4
1228 4
1229 4
1230 4
1231 4
1232 4
1233 4
1234 4
1235 4
1236 4
1237 4
1238 4
1239 4
1240 4
1241 4
1242 4
1243 4
1244 4
1245 4
1246 4
1247 4
1248 4
1249 4
1250 4
1251 4
1252 4
1253 4
1254 4
1255 4
1256 4
1257 4
1258 4
1259 4
1260 4
1261 4
1262 4
1263 4
1264 4
1265 4
1266 4
1267 4
1268 4
1269 4
1270 4
1271 4
1272 4
1273 4
1274 4
1275 4
1276 4
1277 4
1278 4
1279 4
1280 4
1281 4
1282 4
1283 4
1284 4
1285 4
1286 4
1287 4
1288 4
1289 4
1290 4
1291 4
1292 4
1293 4
1294 4
1295 4
1296 4
1297 4
1298 4
1299 4
1300 4
1301 4
1302 4
1303 4
1304 4
1305 4
1306 4
1307 4
1308 4
1309 4
1310 4
1311 4
1312 4
1313 4
1314 4
1315 4
1316 4
1317 4
1318 4
1319 4
1320 4
1321 4
1322 4
1323 4
1324 4
1325 4
1326 4
1327 4
1328 4
1329 4
1330 4
1331 4
1332 4
1333 4
1334 4
1335 4
1336 4
1337 4
1338 4
1339 4
1340 4
1341 4
1342 4
1343 4
1344 4
1345 4
1346 4
1347 4
1348 4
1349 4
1350 4
1351 4
1352 4
1353 4
1354 4
1355 4
1356 4
1357 4
1358 4
1359 4
1360 4
1361 4
1362 4
1363 4
1364 4
1365 4
1366 5
1367 5
1368 5
1369 5
1370 5
1371 5
1372 5
1373 5
1374 5
1375 5
1376 6
1377 6
1378 6
1379 6
1380 6
1381 6
1382 6
1383 6
1384 6
1385 6
1386 6
1387 6
1388 6
1389 6
1390 6
1391 6
1392 6
1393 6
1394 6
1395 6
1396 6
1397 6
1398 6
1399 6
1400 6
1401 6
1402 6
1403 6
1404 6
1405 6
1406 6
1407 6
1408 6
1409 6
1410 6
1411 6
1412 6
1413 6
1414 6
1415 6
1416 6
1417 6
1418 6
1419 6
1420 6
1421 6
1422 6
1423 6
1424 6
1425 6
1426 6
1427 6
1428 6
1429 6
1430 6
1431 6
1432 6
1433 6
1434 6
1435 6
1436 6
1437 6
1438 6
1439 6
1440 6
1441 6
1442 6
1443 6
1444 6
1445 6
1446 6
1447 6
1448 6
1449 6
1450 6
1451 6
1452 6
1453 7
1454 7
1455 7
1456 7
1457 7
1458 7
1459 7
1460 7
1461 7
1462 7
1463 7
1464 7
1465 7
1466 7
1467 7
1468 7
1469 7
1470 7
1471 7
1472 7
1473 7
1474 7
1475 7
1476 7
1477 7
1478 7
1479 7
1480 7
1481 7
1482 7
1483 7
1484 7
1485 7
1486 7
1487 7
1488 7
1489 7
1490 7
1491 7
1492 7
1493 7
1494 7
1495 7
1496 7
1497 7
1498 7
1499 7
1500 7
1501 7
1502 7
1503 7
1504 7
1505 7
1506 7
1507 7
1508 7
1509 7
1510 7
1511 7
1512 7
1513 7
1514 7
1515 7
1516 7
1517 7
1518 7
1519 7
1520 7
1521 7
1522 7
1523 7
1524 7
1525 7
1526 7
1527 7
1528 7
1529 7
1530 7
1531 7
1532 7
1533 7
1534 7
1535 7
1536 7
1537 7
1538 7
1539 7
1540 7
1541 7
1542 7
1543 7
1544 7
1545 7
1546 7
1547 7
1548 7
1549 7
1550 7
1551 7
1552 7
1553 7
1554 7
1555 7
1556 7
1557 7
1558 7
1559 7
1560 7
1561 7
1562 7
1563 7
1564 7
1565 7
1566 7
1567 7
1568 7
1569 7
1570 7
1571 7
1572 7
1573 7
1574 7
1575 7
1576 7
1577 7
1578 7
1579 7
1580 7
1581 7
1582 7
1583 7
1584 7
1585 7
1586 7
1587 7
1588 7
1589 7
1590 7
1591 7
1592 7
1593 7
1594 7
1595 7
1596 7
1597 7
1598 7
1599 7
1600 7
1601 7
1602 7
1603 7
1604 7
1605 7
1606 7
1607 7
1608 7
1609 7
1610 7
1611 7
1612 7
1613 7
1614 7
1615 7
1616 7
1617 7
1618 7
1619 7
1620 7
1621 7
1622 7
1623 7
1624 7
1625 7
1626 7
1627 7
1628 7
1629 7
1630 7
1631 7
1632 7
1633 7
1634 7
1635 7
1636 7
1637 7
1638 7
1639 7
1640 7
1641 7
1642 7
1643 7
1644 7
1645 7
1646 7
1647 7
1648 7
1649 7
1650 7
1651 7
1652 7
1653 7
1654 7
1655 7
1656 7
1657 7
1658 7
1659 7
1660 7
1661 7
1662 7
1663 7
1664 7
1665 7
1666 7
1667 7
1668 7
1669 7
1670 7
1671 7
1672 7
1673 7
1674 7
1675 7
1676 7
1677 7
1678 7
1679 7
1680 7
1681 7
1682 7
1683 7
1684 7
1685 7
1686 7
1687 7
1688 7
1689 7
1690 7
1691 7
1692 7
1693 7
1694 7
1695 7
1696 7
1697 7
1698 7
1699 7
1700 7
1701 7
1702 7
1703 7
1704 7
1705 7
1706 7
1707 7
1708 7
1709 7
1710 7
1711 7
1712 7
1713 7
1714 7
1715 7
1716 7
1717 7
1718 7
1719 7
1720 7
1721 7
1722 7
1723 7
1724 7
1725 7
1726 7
1727 7
1728 7
1729 7
1730 7
1731 7
1732 7
1733 7
1734 7
1735 7
1736 7
1737 7
1738 7
1739 7
1740 7
1741 7
1742 7
1743 7
1744 7
1745 7
1746 7
1747 7
1748 7
1749 7
1750 7
1751 7
1752 7
1753 7
1754 7
1755 7
1756 7
1757 7
1758 7
1759 7
1760 7
1761 7
1762 7
1763 7
1764 7
1765 7
1766 7
1767 7
1768 7
1769 7
1770 7
1771 7
1772 7
1773 7
1774 7
1775 7
1776 7
1777 7
1778 7
1779 7
1780 7
1781 7
1782 7
1783 7
1784 7
1785 7
1786 7
1787 7
1788 7
1789 7
1790 7
1791 7
1792 7
1793 7
1794 7
1795 7
1796 7
1797 7
1798 7
1799 7
1800 7
1801 7
1802 7
1803 7
1804 7
1805 7
1806 7
1807 7
1808 7
1809 7
1810 7
1811 7
1812 7
1813 7
1814 7
1815 7
1816 7
1817 7
1818 7
1819 7
1820 7
1821 7
1822 7
1823 7
1824 7
1825 7
1826 8
1827 8
1828 8
1829 8
1830 8
1831 8
1832 8
1833 8
1834 8
1835 8
1836 8
1837 8
1838 8
1839 8
1840 8
1841 8
1842 8
1843 8
1844 8
1845 8
1846 8
1847 8
1848 8
1849 8
1850 8
1851 8
1852 8
1853 8
1854 8
1855 8
1856 8
1857 8
1858 8
1859 8
1860 8
1861 8
1862 8
1863 8
1864 8
1865 8
1866 8
1867 8
1868 8
1869 8
1870 8
1871 8
1872 8
1873 8
1874 8
1875 8
1876 8
1877 8
1878 8
1879 8
1880 8
1881 8
1882 8
1883 8
1884 8
1885 8
1886 8
1887 8
1888 8
1889 8
1890 8
1891 8
1892 8
1893 8
1894 8
1895 8
1896 8
1897 8
1898 8
1899 8
1900 8
1901 8
1902 8
1903 8
1904 8
1905 8
1906 8
1907 8
1908 8
1909 8
1910 8
1911 8
1912 8
1913 8
1914 8
1915 8
1916 8
1917 8
1918 8
1919 8
1920 8
1921 8
1922 8
1923 8
1924 8
1925 8
1926 8
1927 8
1928 8
1929 8
1930 8
1931 8
1932 8
1933 8
1934 8
1935 8
1936 8
1937 8
1938 8
1939 8
1940 8
1941 8
1942 8
1943 8
1944 8
1945 8
1946 8
1947 8
1948 8
1949 8
1950 8
1951 8
1952 8
1953 8
1954 8
1955 8
1956 8
1957 8
1958 8
1959 8
1960 8
1961 8
1962 8
1963 8
1964 8
1965 8
1966 8
1967 8
1968 8
1969 8
1970 8
1971 8
1972 8
1973 8
1974 8
1975 8
1976 8
1977 8
1978 8
1979 8
1980 8
1981 8
1982 8
1983 8
1984 8
1985 8
1986 8
1987 8
1988 8
1989 8
1990 8
1991 8
1992 8
1993 8
1994 8
1995 8
1996 8
1997 8
1998 8
1999 8
2000 8
2001 8
2002 8
2003 8
2004 8
2005 8
2006 8
2007 8
2008 8
2009 8
2010 8
2011 8
2012 8
2013 8
2014 8
2015 8
2016 8
2017 8
2018 8
2019 8
2020 8
2021 8
2022 8
2023 8
2024 8
2025 8
2026 8
2027 8
2028 8
2029 8
2030 8
2031 8
2032 8
2033 8
2034 8
2035 8
2036 8
2037 8
2038 8
2039 8
2040 8
2041 8
2042 8
2043 8
2044 8
2045 8
2046 8
2047 8
2048 8
2049 8
2050 8
2051 8
2052 8
2053 8
2054 8
2055 8
2056 8
2057 8
2058 8
2059 8
2060 8
2061 8
2062 8
2063 8
2064 8
2065 8
2066 8
2067 8
2068 8
2069 8
2070 8
2071 8
2072 8
2073 8
2074 8
2075 8
2076 8
2077 8
2078 8
2079 8
2080 8
2081 8
2082 8
2083 8
2084 8
2085 8
2086 8
2087 8
2088 8
2089 8
2090 8
2091 8
2092 8
2093 8
2094 8
2095 8
2096 8
2097 8
2098 8
2099 8
2100 8
2101 8
2102 8
2103 8
2104 8
2105 8
2106 8
2107 8
2108 8
2109 8
2110 8
2111 8
2112 8
2113 8
2114 8
2115 8
2116 8
2117 8
2118 8
2119 8
2120 8
2121 8
2122 8
2123 8
2124 8
2125 8
2126 8
2127 8
2128 8
2129 8
2130 8
2131 8
2132 8
2133 8
2134 8
2135 8
2136 8
2137 8
2138 8
2139 8
2140 8
2141 8
2142 8
2143 8
2144 8
2145 8
2146 8
2147 8
2148 8
2149 8
2150 8
2151 8
2152 8
2153 8
2154 8
2155 8
2156 8
2157 8
2158 8
2159 8
2160 8
2161 8
2162 8
2163 8
2164 8
2165 8
2166 8
2167 8
2168 8
2169 8
2170 8
2171 8
2172 8
2173 8
2174 8
2175 8
2176 8
2177 8
2178 8
2179 8
2180 8
2181 8
2182 8
2183 8
2184 8
2185 8
2186 8
2187 8
2188 8
2189 8
2190 8
2191 8
2192 8
2193 8
2194 8
2195 8
2196 8
2197 8
2198 8
2199 8
2200 8
2201 8
2202 8
2203 8
2204 8
2205 8
2206 8
2207 8
2208 8
2209 8
2210 8
2211 8
2212 8
2213 8
2214 8
2215 8
2216 8
2217 8
2218 8
2219 8
2220 8
2221 8
2222 8
2223 8
2224 8
2225 8
2226 8
2227 8
2228 8
2229 8
2230 8
2231 8
2232 8
2233 8
2234 8
2235 8
2236 8
2237 8
2238 8
2239 8
2240 8
2241 8
2242 8
2243 8
2244 8
2245 8
2246 8
2247 8
2248 8
2249 8
2250 8
2251 8
2252 8
2253 8
2254 8
2255 8
2256 8
2257 8
2258 8
2259 8
2260 8
2261 8
2262 8
2263 8
2264 8
2265 8
2266 8
2267 8
2268 8
2269 8
2270 8
2271 8
2272 8
2273 8
2274 8
2275 8
2276 8
2277 8
2278 8
2279 8
2280 8
2281 8
2282 8
2283 8
2284 8
2285 8
2286 8
2287 8
2288 8
2289 8
2290 8
2291 8
2292 8
2293 8
2294 8
2295 8
2296 8
2297 8
2298 8
2299 8
2300 8
2301 8
2302 8
2303 8
2304 8
2305 8
2306 8
2307 8
2308 8
2309 8
2310 8
2311 8
2312 8
2313 8
2314 8
2315 8
2316 8
2317 8
2318 8
2319 8
2320 8
2321 8
2322 8
2323 8
2324 8
2325 8
2326 8
2327 8
2328 8
2329 8
2330 8
2331 8
2332 8
2333 8
2334 8
2335 8
2336 8
2337 8
2338 8
2339 8
2340 8
2341 8
2342 8
2343 8
2344 8
2345 8
2346 8
2347 8
2348 8
2349 8
2350 8
2351 8
2352 8
2353 8
2354 8
2355 8
2356 8
2357 8
2358 8
2359 8
2360 8
2361 8
2362 8
2363 8
2364 8
2365 8
2366 8
2367 8
2368 8
2369 8
2370 8
2371 8
2372 8
2373 8
2374 8
2375 8
2376 8
2377 8
2378 8
2379 8
2380 8
2381 8
2382 8
2383 8
2384 8
2385 8
2386 8
2387 8
2388 8
2389 8
2390 8
2391 8
2392 8
2393 8
2394 8
2395 8
2396 8
2397 8
2398 8
2399 8
2400 8
2401 8
2402 8
2403 8
2404 8
2405 8
2406 8
2407 8
2408 8
2409 8
2410 8
2411 8
2412 8
2413 8
2414 8
2415 8
2416 8
2417 8
2418 8
2419 8
2420 8
2421 8
2422 8
2423 8
2424 8
2425 8
2426 8
2427 8
2428 8
2429 8
2430 8
2431 8
2432 8
2433 8
2434 8
2435 8
2436 8
2437 8
2438 8
2439 8
2440 8
2441 8
2442 8
2443 8
2444 8
2445 8
2446 8
2447 8
2448 8
2449 8
2450 8
2451 8
2452 8
2453 8
2454 8
2455 8
2456 8
2457 8
2458 8
2459 8
2460 8
2461 8
2462 8
2463 8
2464 8
2465 8
2466 8
2467 8
2468 8
2469 8
2470 8
2471 8
2472 8
2473 8
2474 8
2475 8
2476 8
2477 8
2478 8
2479 8
2480 8
2481 8
2482 8
2483 8
2484 8
2485 8
2486 8
2487 8
2488 8
2489 8
2490 8
2491 8
2492 8
2493 8
2494 8
2495 8
2496 8
2497 8
2498 8
2499 8
2500 8
2501 8
2502 8
2503 8
2504 8
2505 8
2506 8
2507 8
2508 8
2509 8
2510 8
2511 8
2512 8
2513 8
2514 8
2515 8
2516 8
2517 8
2518 8
2519 8
2520 8
2521 8
2522 8
2523 8
2524 8
2525 8
2526 8
2527 8
2528 8
2529 8
2530 8
2531 8
2532 8
2533 8
2534 8
2535 8
2536 8
2537 8
2538 8
2539 8
2540 8
2541 8
2542 8
2543 8
2544 8
2545 8
2546 8
2547 8
2548 8
2549 8
2550 8
2551 8
2552 8
2553 8
2554 8
2555 8
2556 8
2557 8
2558 8
2559 8
2560 8
2561 8
2562 8
2563 8
2564 8
2565 8
2566 8
2567 8
2568 8
2569 8
2570 8
2571 8
2572 8
2573 8
2574 8
2575 8
2576 8
2577 8
2578 8
2579 8
2580 8
2581 8
2582 8
2583 8
2584 8
2585 8
2586 8
2587 8
2588 8
2589 8
2590 8
2591 8
2592 8
2593 8
2594 8
2595 8
2596 8
2597 8
2598 8
2599 8
2600 8
2601 8
2602 8
2603 8
2604 8
2605 8
2606 8
2607 8
2608 8
2609 8
2610 8
2611 8
2612 8
2613 8
2614 8
2615 8
2616 8
2617 8
2618 8
2619 8
2620 8
2621 8
2622 8
2623 8
2624 8
2625 8
2626 8
2627 8
2628 8
2629 8
2630 8
2631 8
2632 8
2633 8
2634 8
2635 8
2636 8
2637 8
2638 8
2639 8
2640 8
2641 8
2642 8
2643 8
2644 8
2645 8
2646 8
2647 8
2648 8
2649 8
2650 8
2651 8
2652 8
2653 8
2654 8
2655 8
2656 8
2657 8
2658 8
2659 8
2660 8
2661 8
2662 8
2663 8
2664 8
2665 8
2666 8
2667 8
2668 8
2669 8
2670 8
2671 8
2672 8
2673 8
2674 8
2675 8
2676 8
2677 8
2678 8
2679 8
2680 8
2681 8
2682 8
2683 8
2684 8
2685 8
2686 8
2687 8
2688 8
2689 8
2690 8
2691 8
2692 8
2693 8
2694 8
2695 8
2696 8
2697 8
2698 8
2699 8
2700 8
2701 8
2702 8
2703 8
2704 8
2705 8
2706 8
2707 8
2708 8
2709 8
2710 8
2711 8
2712 8
2713 8
2714 8
2715 8
2716 8
2717 8
2718 8
2719 8
2720 8
2721 8
2722 8
2723 8
2724 8
2725 8
2726 8
2727 8
2728 8
2729 8
2730 8
2731 8
2732 8
2733 8
2734 8
2735 8
2736 8
2737 8
2738 8
2739 8
2740 8
2741 8
2742 8
2743 8
2744 8
2745 8
2746 8
2747 8
2748 8
2749 8
2750 8
2751 8
2752 8
2753 8
2754 8
2755 8
2756 8
2757 8
2758 8
2759 8
2760 8
2761 8
2762 8
2763 8
2764 8
2765 8
2766 8
2767 8
2768 8
2769 8
2770 8
2771 8
2772 8
2773 8
2774 8
2775 8
2776 8
2777 8
2778 8
2779 8
2780 8
2781 8
2782 8
2783 8
2784 8
2785 8
2786 8
2787 8
2788 8
2789 8
2790 8
2791 8
2792 8
2793 8
2794 8
2795 8
2796 8
2797 8
2798 8
2799 8
2800 8
2801 8
2802 8
2803 8
2804 8
2805 8
2806 8
2807 8
2808 8
2809 8
2810 8
2811 8
2812 8
2813 8
2814 8
2815 8
2816 8
2817 8
2818 8
2819 8
2820 8
2821 8
2822 8
2823 8
2824 8
2825 8
2826 8
2827 8
2828 8
2829 8
2830 8
2831 8
2832 8
2833 8
2834 8
2835 8
2836 8
2837 8
2838 8
2839 8
2840 8
2841 8
2842 8
2843 8
2844 8
2845 8
2846 8
2847 8
2848 8
2849 8
2850 8
2851 8
2852 8
2853 8
2854 8
2855 8
2856 8
2857 8
2858 8
2859 8
2860 8
2861 8
2862 8
2863 8
2864 8
2865 8
2866 8
2867 8
2868 8
2869 8
2870 8
2871 8
2872 8
2873 8
2874 8
2875 8
2876 8
2877 8
2878 8
2879 8
2880 8
2881 8
2882 8
2883 8
2884 8
2885 8
2886 8
2887 8
2888 8
2889 8
2890 8
2891 8
2892 8
2893 8
2894 8
2895 8
2896 8
2897 8
2898 8
2899 8
2900 8
2901 8
2902 8
2903 8
2904 8
2905 8
2906 8
2907 8
2908 8
2909 8
2910 8
2911 8
2912 8
2913 8
2914 8
2915 8
2916 8
2917 8
2918 8
2919 8
2920 8
2921 8
2922 8
2923 8
2924 8
2925 8
2926 8
2927 8
2928 8
2929 8
2930 8
2931 8
2932 8
2933 8
2934 8
2935 8
2936 8
2937 8
2938 8
2939 8
2940 8
2941 8
2942 8
2943 8
2944 8
2945 8
2946 8
2947 8
2948 8
2949 8
2950 8
2951 8
2952 8
2953 8
2954 8
2955 8
2956 8
2957 8
2958 8
2959 8
2960 8
2961 8
2962 8
2963 8
2964 8
2965 8
2966 8
2967 8
2968 8
2969 8
2970 8
2971 8
2972 8
2973 8
2974 8
2975 8
2976 8
2977 8
2978 8
2979 8
2980 8
2981 8
2982 8
2983 8
2984 8
2985 8
2986 8
2987 8
2988 8
2989 8
2990 8
2991 8
2992 8
2993 8
2994 8
2995 8
2996 8
2997 8
2998 8
2999 8
3000 8
3001 8
3002 8
3003 8
3004 8
3005 8
3006 8
3007 8
3008 8
3009 8
3010 8
3011 8
3012 8
3013 8
3014 8
3015 8
3016 8
3017 8
3018 8
3019 8
3020 8
3021 8
3022 8
3023 8
3024 8
3025 8
3026 8
3027 8
3028 8
3029 8
3030 8
3031 8
3032 8
3033 8
3034 8
3035 8
3036 8
3037 8
3038 8
3039 8
3040 8
3041 8
3042 8
3043 8
3044 8
3045 8
3046 8
3047 8
3048 8
3049 8
3050 8
3051 8
3052 8
3053 8
3054 8
3055 8
3056 8
3057 8
3058 8
3059 8
3060 8
3061 8
3062 8
3063 8
3064 8
3065 8
3066 8
3067 8
3068 8
3069 8
3070 8
3071 8
3072 8
3073 8
3074 8
3075 8
3076 8
3077 8
3078 8
3079 8
3080 8
3081 8
3082 8
3083 8
3084 8
3085 8
3086 8
3087 8
3088 8
3089 8
3090 8
3091 8
3092 8
3093 8
3094 8
3095 8
3096 8
3097 8
3098 8
3099 8
3100 8
3101 8
3102 8
3103 8
3104 8
3105 8
3106 8
3107 8
3108 8
3109 8
3110 8
3111 8
3112 8
3113 8
3114 8
3115 8
3116 8
3117 8
3118 8
3119 8
3120 8
3121 8
3122 8
3123 8
3124 8
3125 8
3126 8
3127 8
3128 8
3129 8
3130 8
3131 8
3132 8
3133 8
3134 8
3135 8
3136 8
3137 8
3138 8
3139 8
3140 8
3141 8
3142 8
3143 8
3144 8
3145 8
3146 8
3147 8
3148 8
3149 8
3150 8
3151 8
3152 8
3153 8
3154 8
3155 8
3156 8
3157 8
3158 8
3159 8
3160 8
3161 8
3162 8
3163 8
3164 8
3165 8
3166 8
3167 8
3168 8
3169 8
3170 8
3171 8
3172 8
3173 8
3174 8
3175 8
3176 8
3177 8
3178 8
3179 8
3180 8
3181 8
3182 8
3183 8
3184 8
3185 8
3186 8
3187 8
3188 8
3189 8
3190 8
3191 8
3192 8
3193 8
3194 8
3195 8
3196 8
3197 8
3198 8
3199 8
3200 8
3201 8
3202 8
3203 8
3204 8
3205 8
3206 8
3207 8
3208 8
3209 8
3210 8
3211 8
3212 8
3213 8
3214 8
3215 8
3216 8
3217 8
3218 8
3219 8
3220 8
3221 8
3222 8
3223 8
3224 8
3225 8
3226 8
3227 8
3228 8
3229 8
3230 8
3231 8
3232 8
3233 8
3234 8
3235 8
3236 8
3237 8
3238 8
3239 8
3240 8
3241 8
3242 8
3243 8
3244 8
3245 8
3246 8
3247 8
3248 8
3249 8
3250 8
3251 8
3252 8
3253 8
3254 8
3255 8
3256 8
3257 8
3258 8
3259 8
3260 8
3261 8
3262 8
3263 8
3264 8
3265 8
3266 8
3267 8
3268 8
3269 8
3270 8
3271 8
3272 8
3273 8
3274 8
3275 8
3276 8
3277 8
3278 8
3279 8
3280 8
3281 8
3282 8
3283 8
3284 8
3285 8
3286 8
3287 8
3288 8
3289 8
3290 8
3291 8
3292 8
3293 8
3294 8
3295 8
3296 8
3297 8
3298 8
3299 8
3300 8
3301 8
3302 8
3303 8
3304 8
3305 8
3306 8
3307 8
3308 8
3309 8
3310 8
3311 8
3312 8
3313 8
3314 8
3315 8
3316 8
3317 8
3318 8
3319 8
3320 8
3321 8
3322 8
3323 8
3324 8
3325 8
3326 8
3327 8
3328 8
3329 8
3330 8
3331 8
3332 8
3333 8
3334 8
3335 8
3336 8
3337 8
3338 8
3339 8
3340 8
3341 8
3342 8
3343 8
3344 8
3345 8
3346 8
3347 8
3348 8
3349 8
3350 8
3351 8
3352 8
3353 8
3354 8
3355 8
3356 8
3357 8
3358 8
3359 8
3360 8
3361 8
3362 8
3363 8
3364 8
3365 8
3366 8
3367 8
3368 8
3369 8
3370 8
3371 8
3372 8
3373 8
3374 8
3375 8
3376 8
3377 8
3378 8
3379 8
3380 8
3381 8
3382 8
3383 8
3384 8
3385 8
3386 8
3387 8
3388 8
3389 8
3390 8
3391 8
3392 8
3393 8
3394 8
3395 8
3396 8
3397 8
3398 8
3399 8
3400 8
3401 8
3402 8
3403 8
3404 8
3405 8
3406 8
3407 8
3408 8
3409 8
3410 8
3411 8
3412 8
3413 8
3414 8
3415 8
3416 8
3417 8
3418 8
3419 8
3420 8
3421 8
3422 8
3423 8
3424 8
3425 8
3426 8
3427 8
3428 8
3429 8
3430 8
3431 8
3432 8
3433 8
3434 8
3435 8
3436 8
3437 8
3438 8
3439 8
3440 8
3441 8
3442 8
3443 8
3444 8
3445 8
3446 8
3447 8
3448 8
3449 8
3450 8
3451 8
3452 8
3453 8
3454 8
3455 8
3456 8
3457 8
3458 8
3459 8
3460 8
3461 8
3462 8
3463 8
3464 8
3465 8
3466 8
3467 8
3468 8
3469 8
3470 8
3471 8
3472 8
3473 8
3474 8
3475 8
3476 8
3477 8
3478 8
3479 8
3480 8
3481 8
3482 8
3483 8
3484 8
3485 8
3486 8
3487 8
3488 8
3489 8
3490 8
3491 8
3492 8
3493 8
3494 8
3495 8
3496 8
3497 8
3498 8
3499 8
3500 8
3501 8
3502 8
3503 8
3504 8
3505 8
3506 8
3507 8
3508 8
3509 8
3510 8
3511 8
3512 8
3513 8
3514 8
3515 8
3516 8
3517 8
3518 8
3519 8
3520 8
3521 8
3522 8
3523 8
3524 8
3525 8
3526 8
3527 8
3528 8
3529 8
3530 8
3531 8
3532 8
3533 8
3534 8
3535 8
3536 8
3537 8
3538 8
3539 8
3540 8
3541 8
3542 8
3543 8
3544 8
3545 8
3546 8
3547 8
3548 8
3549 8
3550 8
3551 8
3552 8
3553 8
3554 8
3555 8
3556 8
3557 8
3558 8
3559 8
3560 8
3561 8
3562 8
3563 8
3564 8
3565 8
3566 8
3567 8
3568 8
3569 8
3570 8
3571 8
3572 8
3573 8
3574 8
3575 8
3576 8
3577 8
3578 8
3579 8
3580 8
3581 8
3582 8
3583 8
3584 8
3585 8
3586 8
3587 8
3588 8
3589 8
3590 8
3591 8
3592 8
3593 8
3594 8
3595 8
3596 8
3597 8
3598 8
3599 8
3600 8
3601 8
3602 8
3603 8
3604 8
3605 8
3606 8
3607 8
3608 8
3609 8
3610 8
3611 8
3612 8
3613 8
3614 8
3615 8
3616 8
3617 8
3618 8
3619 8
3620 8
3621 8
3622 8
3623 8
3624 8
3625 8
3626 8
3627 8
3628 8
3629 8
3630 8
3631 8
3632 8
3633 8
3634 8
3635 8
3636 8
3637 8
3638 8
3639 8
3640 8
3641 8
3642 8
3643 8
3644 8
3645 8
3646 8
3647 8
3648 8
3649 8
3650 8
3651 8
3652 8
3653 8
3654 8
3655 8
3656 8
3657 8
3658 8
3659 8
3660 8
3661 8
3662 8
3663 8
3664 8
3665 8
3666 8
3667 8
3668 8
3669 8
3670 8
3671 8
3672 8
3673 8
3674 8
3675 8
3676 8
3677 8
3678 8
3679 8
3680 8
3681 8
3682 8
3683 8
3684 8
3685 8
3686 8
3687 8
3688 8
3689 8
3690 8
3691 8
3692 8
3693 8
3694 8
3695 8
3696 8
3697 8
3698 8
3699 8
3700 8
3701 8
3702 8
3703 8
3704 8
3705 8
3706 8
3707 8
3708 8
3709 8
3710 8
3711 8
3712 8
3713 8
3714 8
3715 8
3716 8
3717 8
3718 8
3719 8
3720 8
3721 8
3722 8
3723 8
3724 8
3725 8
3726 8
3727 8
3728 8
3729 8
3730 8
3731 8
3732 8
3733 8
3734 8
3735 8
3736 8
3737 8
3738 8
3739 8
3740 8
3741 8
3742 8
3743 8
3744 8
3745 8
3746 8
3747 8
3748 8
3749 8
3750 8
3751 8
3752 8
3753 8
3754 8
3755 8
3756 8
3757 8
3758 8
3759 8
3760 8
3761 8
3762 8
3763 8
3764 8
3765 8
3766 8
3767 8
3768 8
3769 8
3770 8
3771 8
3772 8
3773 8
3774 8
3775 8
3776 8
3777 8
3778 8
3779 8
3780 8
3781 8
3782 8
3783 8
3784 8
3785 8
3786 8
3787 8
3788 8
3789 8
3790 8
3791 8
3792 8
3793 8
3794 8
3795 8
3796 8
3797 8
3798 8
3799 8
3800 8
3801 8
3802 8
3803 8
3804 8
3805 8
3806 8
3807 8
3808 8
3809 8
3810 8
3811 8
3812 8
3813 8
3814 8
3815 8
3816 8
3817 8
3818 8
3819 8
3820 8
3821 8
3822 8
3823 8
3824 8
3825 8
3826 8
3827 8
3828 8
3829 8
3830 8
3831 8
3832 8
3833 8
3834 8
3835 8
3836 8
3837 8
3838 8
3839 8
3840 8
3841 8
3842 8
3843 8
3844 8
3845 8
3846 8
3847 8
3848 8
3849 8
3850 8
3851 8
3852 8
3853 8
3854 8
3855 8
3856 8
3857 8
3858 8
3859 8
3860 8
3861 8
3862 8
3863 8
3864 8
3865 8
3866 8
3867 8
3868 8
3869 8
3870 8
3871 8
3872 8
3873 8
3874 8
3875 8
3876 8
3877 8
3878 8
3879 8
3880 8
3881 8
3882 8
3883 8
3884 8
3885 8
3886 8
3887 8
3888 8
3889 8
3890 8
3891 8
3892 8
3893 8
3894 8
3895 8
3896 8
3897 8
3898 8
3899 8
3900 8
3901 8
3902 8
3903 8
3904 8
3905 8
3906 8
3907 8
3908 8
3909 8
3910 8
3911 8
3912 8
3913 8
3914 8
3915 8
3916 8
3917 8
3918 8
3919 8
3920 8
3921 8
3922 8
3923 8
3924 8
3925 8
3926 8
3927 8
3928 8
3929 8
3930 8
3931 8
3932 8
3933 8
3934 8
3935 8
3936 8
3937 8
3938 8
3939 8
3940 8
3941 8
3942 8
3943 8
3944 8
3945 8
3946 8
3947 8
3948 8
3949 8
3950 8
3951 8
3952 8
3953 8
3954 8
3955 8
3956 8
3957 8
3958 8
3959 8
3960 8
3961 8
3962 8
3963 8
3964 8
3965 8
3966 8
3967 8
3968 8
3969 8
3970 8
3971 8
3972 8
3973 8
3974 8
3975 8
3976 8
3977 8
3978 8
3979 8
3980 8
3981 8
3982 8
3983 8
3984 8
3985 8
3986 8
3987 8
3988 8
3989 8
3990 8
3991 8
3992 8
3993 8
3994 8
3995 8
3996 8
3997 8
3998 8
3999 8
4000 8
4001 8
4002 8
4003 8
4004 8
4005 8
4006 8
4007 8
4008 8
4009 8
4010 8
4011 8
4012 8
4013 8
4014 8
4015 8
4016 8
4017 8
4018 8
4019 8
4020 8
4021 8
4022 8
4023 8
4024 8
4025 8
4026 8
4027 8
4028 8
4029 8
4030 8
4031 8
4032 8
4033 8
4034 8
4035 8
4036 8
4037 8
4038 8
4039 8
4040 8
4041 8
4042 8
4043 8
4044 8
4045 8
4046 8
4047 8
4048 8
4049 8
4050 8
4051 8
4052 8
4053 8
4054 8
4055 8
4056 8
4057 8
4058 8
4059 8
4060 8
4061 8
4062 8
4063 8
4064 8
4065 8
4066 8
4067 8
4068 8
4069 8
4070 8
4071 8
4072 8
4073 8
4074 8
4075 8
4076 8
4077 8
4078 8
4079 8
4080 8
4081 8
4082 8
4083 8
4084 8
4085 8
4086 8
4087 8
4088 8
4089 8
4090 8
4091 8
4092 8
4093 8
4094 8
4095 8
4096 8
4097 8
4098 8
4099 8
4100 8
4101 8
4102 8
4103 8
4104 8
4105 8
4106 8
4107 8
4108 8
4109 8
4110 8
4111 8
4112 8
4113 8
4114 8
4115 8
4116 8
4117 8
4118 8
4119 8
4120 8
4121 8
4122 8
4123 8
4124 8
4125 8
4126 8
4127 8
4128 8
4129 8
4130 8
4131 8
4132 8
4133 8
4134 8
4135 8
4136 8
4137 8
4138 8
4139 8
4140 8
4141 8
4142 8
4143 8
4144 8
4145 8
4146 8
4147 8
4148 8
4149 8
4150 8
4151 8
4152 8
4153 8
4154 8
4155 8
4156 8
4157 8
4158 8
4159 8
4160 8
4161 8
4162 8
4163 8
4164 8
4165 8
4166 8
4167 8
4168 8
4169 8
4170 8
4171 8
4172 8
4173 8
4174 8
4175 8
4176 8
4177 8
4178 8
4179 8
4180 8
4181 8
4182 8
4183 8
4184 8
4185 8
4186 8
4187 8
4188 8
4189 8
4190 8
4191 8
4192 8
4193 8
4194 8
4195 8
4196 8
4197 8
4198 8
4199 8
4200 8
4201 8
4202 8
4203 8
4204 8
4205 8
4206 8
4207 8
4208 8
4209 8
4210 8
4211 8
4212 8
4213 8
4214 8
4215 8
4216 8
4217 8
4218 8
4219 8
4220 8
4221 8
4222 8
4223 8
4224 8
4225 8
4226 8
4227 8
4228 8
4229 8
4230 8
4231 8
4232 8
4233 8
4234 8
4235 8
4236 8
4237 8
4238 8
4239 8
4240 8
4241 8
4242 8
4243 8
4244 8
4245 8
4246 8
4247 8
4248 8
4249 8
4250 8
4251 8
4252 8
4253 8
4254 8
4255 8
4256 8
4257 8
4258 8
4259 8
4260 8
4261 8
4262 8
4263 8
4264 8
4265 8
4266 8
4267 8
4268 8
4269 8
4270 8
4271 8
4272 8
4273 8
4274 8
4275 8
4276 8
4277 8
4278 8
4279 8
4280 8
4281 8
4282 8
4283 8
4284 8
4285 8
4286 8
4287 8
4288 8
4289 8
4290 8
4291 8
4292 8
4293 8
4294 8
4295 8
4296 8
4297 8
4298 8
4299 8
4300 8
4301 8
4302 8
4303 8
4304 8
4305 8
4306 8
4307 8
4308 8
4309 8
4310 8
4311 8
4312 8
4313 8
4314 8
4315 8
4316 8
4317 8
4318 8
4319 8
4320 8
4321 8
4322 8
4323 8
4324 8
4325 8
4326 8
4327 8
4328 8
4329 8
4330 8
4331 8
4332 8
4333 8
4334 8
4335 8
4336 8
4337 8
4338 8
4339 8
4340 8
4341 8
4342 8
4343 8
4344 8
4345 8
4346 8
4347 8
4348 8
4349 8
4350 8
4351 8
4352 8
4353 8
4354 8
4355 8
4356 8
4357 8
4358 8
4359 8
4360 8
4361 8
4362 8
4363 8
4364 8
4365 8
4366 8
4367 8
4368 8
4369 8
4370 8
4371 8
4372 8
4373 8
4374 8
4375 8
4376 8
4377 8
4378 8
4379 8
4380 8
4381 8
4382 8
4383 8
4384 8
4385 8
4386 8
4387 8
4388 8
4389 8
4390 8
4391 8
4392 8
4393 8
4394 8
4395 8
4396 8
4397 8
4398 8
4399 8
4400 8
4401 8
4402 8
4403 8
4404 8
4405 8
4406 8
4407 8
4408 8
4409 8
4410 8
4411 8
4412 8
4413 8
4414 8
4415 8
4416 8
4417 8
4418 8
4419 8
4420 8
4421 8
4422 8
4423 8
4424 8
4425 8
4426 8
4427 8
4428 8
4429 8
4430 8
4431 8
4432 8
4433 8
4434 8
4435 8
4436 8
4437 8
4438 8
4439 8
4440 8
4441 8
4442 8
4443 8
4444 8
4445 8
4446 8
4447 8
4448 8
4449 8
4450 8
4451 8
4452 8
4453 8
4454 8
4455 8
4456 8
4457 8
4458 8
4459 8
4460 8
4461 8
4462 8
4463 8
4464 8
4465 8
4466 8
4467 8
4468 8
4469 8
4470 8
4471 8
4472 8
4473 8
4474 8
4475 8
4476 8
4477 8
4478 8
4479 8
4480 8
4481 8
4482 8
4483 8
4484 8
4485 8
4486 8
4487 8
4488 8
4489 8
4490 8
4491 8
4492 8
4493 8
4494 8
4495 8
4496 8
4497 8
4498 8
4499 8
4500 8
4501 8
4502 8
4503 8
4504 8
4505 8
4506 8
4507 8
4508 8
4509 8
4510 8
4511 8
4512 8
4513 8
4514 8
4515 8
4516 8
4517 8
4518 8
4519 8
4520 8
4521 8
4522 8
4523 8
4524 8
4525 8
4526 8
4527 8
4528 8
4529 8
4530 8
4531 8
4532 8
4533 8
4534 8
4535 8
4536 8
4537 8
4538 8
4539 8
4540 8
4541 8
4542 8
4543 8
4544 8
4545 8
4546 8
4547 8
4548 8
4549 8
4550 8
4551 8
4552 8
4553 8
4554 8
4555 8
4556 8
4557 8
4558 8
4559 8
4560 8
4561 8
4562 8
4563 8
4564 8
4565 8
4566 8
4567 8
4568 8
4569 8
4570 8
4571 8
4572 8
4573 8
4574 8
4575 8
4576 8
4577 8
4578 8
4579 8
4580 8
4581 8
4582 8
4583 8
4584 8
4585 8
4586 8
4587 8
4588 8
4589 8
4590 8
4591 8
4592 8
4593 8
4594 8
4595 8
4596 8
4597 8
4598 8
4599 8
4600 8
4601 8
4602 8
4603 8
4604 8
4605 8
4606 8
4607 8
4608 8
4609 8
4610 8
4611 8
4612 8
4613 8
4614 8
4615 8
4616 8
4617 8
4618 8
4619 8
4620 8
4621 8
4622 8
4623 8
4624 8
4625 8
4626 8
4627 8
4628 8
4629 8
4630 8
4631 8
4632 8
4633 8
4634 8
4635 8
4636 8
4637 8
4638 8
4639 8
4640 8
4641 8
4642 8
4643 8
4644 8
4645 8
4646 8
4647 8
4648 8
4649 8
4650 8
4651 8
4652 8
4653 8
4654 8
4655 8
4656 8
4657 8
4658 8
4659 8
4660 8
4661 8
4662 8
4663 8
4664 8
4665 8
4666 8
4667 8
4668 8
4669 8
4670 8
4671 8
4672 8
4673 8
4674 8
4675 8
4676 8
4677 8
4678 8
4679 8
4680 8
4681 8
4682 8
4683 8
4684 8
4685 8
4686 8
4687 8
4688 8
4689 8
4690 8
4691 8
4692 8
4693 8
4694 8
4695 8
4696 8
4697 8
4698 8
4699 8
4700 8
4701 8
4702 8
4703 8
4704 8
4705 8
4706 8
4707 8
4708 8
4709 8
4710 8
4711 8
4712 8
4713 8
4714 8
4715 8
4716 8
4717 8
4718 8
4719 8
4720 8
4721 8
4722 8
4723 8
4724 8
4725 8
4726 8
4727 8
4728 8
4729 8
4730 8
4731 8
4732 8
4733 8
4734 8
4735 8
4736 8
4737 8
4738 8
4739 8
4740 8
4741 8
4742 8
4743 8
4744 8
4745 8
4746 8
4747 8
4748 8
4749 8
4750 8
4751 8
4752 8
4753 8
4754 8
4755 8
4756 8
4757 8
4758 8
4759 8
4760 8
4761 8
4762 8
4763 8
4764 8
4765 8
4766 8
4767 8
4768 8
4769 8
4770 8
4771 8
4772 8
4773 8
4774 8
4775 8
4776 8
4777 8
4778 8
4779 8
4780 8
4781 8
4782 8
4783 8
4784 8
4785 8
4786 8
4787 8
4788 8
4789 8
4790 8
4791 8
4792 8
4793 8
4794 8
4795 8
4796 8
4797 8
4798 8
4799 8
4800 8
4801 8
4802 8
4803 8
4804 8
4805 8
4806 8
4807 8
4808 8
4809 8
4810 8
4811 8
4812 8
4813 8
4814 8
4815 8
4816 8
4817 8
4818 8
4819 8
4820 8
4821 8
4822 8
4823 8
4824 8
4825 8
4826 8
4827 8
4828 8
4829 8
4830 8
4831 8
4832 8
4833 8
4834 8
4835 8
4836 8
4837 8
4838 8
4839 8
4840 8
4841 8
4842 8
4843 8
4844 8
4845 8
4846 8
4847 8
4848 8
4849 8
4850 8
4851 8
4852 8
4853 8
4854 8
4855 8
4856 8
4857 8
4858 8
4859 8
4860 8
4861 8
4862 8
4863 8
4864 8
4865 8
4866 8
4867 8
4868 8
4869 8
4870 8
4871 8
4872 8
4873 8
4874 8
4875 8
4876 8
4877 8
4878 8
4879 8
4880 8
4881 8
4882 8
4883 8
4884 8
4885 8
4886 8
4887 8
4888 8
4889 8
4890 8
4891 8
4892 8
4893 8
4894 8
4895 8
4896 8
4897 8
4898 8
4899 8
4900 8
4901 8
4902 8
4903 8
4904 8
4905 8
4906 8
4907 8
4908 8
4909 8
4910 8
4911 8
4912 8
4913 8
4914 8
4915 8
4916 8
4917 8
4918 8
4919 8
4920 8
4921 8
4922 8
4923 8
4924 8
4925 8
4926 8
4927 8
4928 8
4929 8
4930 8
4931 8
4932 8
4933 8
4934 8
4935 8
4936 8
4937 8
4938 8
4939 8
4940 8
4941 8
4942 8
4943 8
4944 8
4945 8
4946 8
4947 8
4948 8
4949 8
4950 8
4951 8
4952 8
4953 8
4954 8
4955 8
4956 8
4957 8
4958 8
4959 8
4960 8
4961 8
4962 8
4963 8
4964 8
4965 8
4966 8
4967 8
4968 8
4969 8
4970 8
4971 8
4972 8
4973 8
4974 8
4975 8
4976 8
4977 8
4978 8
4979 8
4980 8
4981 8
4982 8
4983 8
4984 8
4985 8
4986 8
4987 8
4988 8
4989 8
4990 8
4991 8
4992 8
4993 8
4994 8
4995 8
4996 8
4997 8
4998 8
4999 8
5000 8
5001 8
5002 8
5003 8
5004 8
5005 8
5006 8
5007 8
5008 8
5009 8
5010 8
5011 8
5012 8
5013 8
5014 8
5015 8
5016 8
5017 8
5018 8
5019 8
5020 8
5021 8
5022 8
5023 8
5024 8
5025 8
5026 8
5027 8
5028 8
5029 8
5030 8
5031 8
5032 8
5033 8
5034 8
5035 8
5036 8
5037 8
5038 8
5039 8
5040 8
5041 8
5042 8
5043 8
5044 8
5045 8
5046 8
5047 8
5048 8
5049 8
5050 8
5051 8
5052 8
5053 8
5054 8
5055 8
5056 8
5057 8
5058 8
5059 8
5060 8
5061 8
5062 8
5063 8
5064 8
5065 8
5066 8
5067 8
5068 8
5069 8
5070 8
5071 8
5072 8
5073 8
5074 8
5075 8
5076 8
5077 8
5078 8
5079 8
5080 8
5081 8
5082 8
5083 8
5084 8
5085 8
5086 8
5087 8
5088 8
5089 8
5090 8
5091 8
5092 8
5093 8
5094 8
5095 8
5096 8
5097 8
5098 8
5099 8
5100 8
5101 8
5102 8
5103 8
5104 8
5105 8
5106 8
5107 8
5108 8
5109 8
5110 8
5111 8
5112 8
5113 8
5114 8
5115 8
5116 8
5117 8
5118 8
5119 8
5120 8
5121 8
5122 8
5123 8
5124 8
5125 8
5126 8
5127 8
5128 8
5129 8
5130 8
5131 8
5132 8
5133 8
5134 8
5135 8
5136 8
5137 8
5138 8
5139 8
5140 8
5141 8
5142 8
5143 8
5144 8
5145 8
5146 8
5147 8
5148 8
5149 8
5150 8
5151 8
5152 8
5153 8
5154 8
5155 8
5156 8
5157 8
5158 8
5159 8
5160 8
5161 8
5162 8
5163 8
5164 8
5165 8
5166 8
5167 8
5168 8
5169 8
5170 8
5171 8
5172 8
5173 8
5174 8
5175 8
5176 8
5177 8
5178 8
5179 8
5180 8
5181 8
5182 8
5183 8
5184 8
5185 8
5186 8
5187 8
5188 8
5189 8
5190 8
5191 8
5192 8
5193 8
5194 8
5195 8
5196 8
5197 8
5198 8
5199 8
5200 8
5201 8
5202 8
5203 8
5204 8
5205 8
5206 8
5207 8
5208 8
5209 8
5210 8
5211 8
5212 8
5213 8
5214 8
5215 8
5216 8
5217 8
5218 8
5219 8
5220 8
5221 8
5222 8
5223 8
5224 8
5225 8
5226 8
5227 8
5228 8
5229 8
5230 8
5231 8
5232 8
5233 8
5234 8
5235 8
5236 8
5237 8
5238 8
5239 8
5240 8
5241 8
5242 8
5243 8
5244 8
5245 8
5246 8
5247 8
5248 8
5249 8
5250 8
5251 8
5252 8
5253 8
5254 8
5255 8
5256 8
5257 8
5258 8
5259 8
5260 8
5261 8
5262 8
5263 8
5264 8
5265 8
5266 8
5267 8
5268 8
5269 8
5270 8
5271 8
5272 8
5273 8
5274 8
5275 8
5276 8
5277 8
5278 8
5279 8
5280 8
5281 8
5282 8
5283 8
5284 8
5285 8
5286 8
5287 8
5288 8
5289 8
5290 8
5291 8
5292 8
5293 8
5294 8
5295 8
5296 8
5297 8
5298 8
5299 8
5300 8
5301 8
5302 8
5303 8
5304 8
5305 8
5306 8
5307 8
5308 8
5309 8
5310 8
5311 8
5312 8
5313 8
5314 8
5315 8
5316 8
5317 8
5318 8
5319 8
5320 8
5321 8
5322 8
5323 8
5324 8
5325 8
5326 8
5327 8
5328 8
5329 8
5330 8
5331 8
5332 8
5333 8
5334 8
5335 8
5336 8
5337 8
5338 8
5339 8
5340 8
5341 8
5342 8
5343 8
5344 8
5345 8
5346 8
5347 8
5348 8
5349 8
5350 8
5351 8
5352 8
5353 8
5354 8
5355 8
5356 8
5357 8
5358 8
5359 8
5360 8
5361 8
5362 8
5363 8
5364 8
5365 8
5366 8
5367 8
5368 8
5369 8
5370 8
5371 8
5372 8
5373 8
5374 8
5375 8
5376 8
5377 8
5378 8
5379 8
5380 8
5381 8
5382 8
5383 8
5384 8
5385 8
5386 8
5387 8
5388 8
5389 8
5390 8
5391 8
5392 8
5393 8
5394 8
5395 8
5396 8
5397 8
5398 8
5399 8
5400 8
5401 8
5402 8
5403 8
5404 8
5405 8
5406 8
5407 8
5408 8
5409 8
5410 8
5411 8
5412 8
5413 8
5414 8
5415 8
5416 8
5417 8
5418 8
5419 8
5420 8
5421 8
5422 8
5423 8
5424 8
5425 8
5426 8
5427 8
5428 8
5429 8
5430 8
5431 8
5432 8
5433 8
5434 8
5435 8
5436 8
5437 8
5438 8
5439 8
5440 8
5441 8
5442 8
5443 8
5444 8
5445 8
5446 8
5447 8
5448 8
5449 8
5450 8
5451 8
5452 8
5453 8
5454 8
5455 8
5456 8
5457 8
5458 8
5459 8
5460 8
5461 8
5462 8
5463 8
5464 8
5465 8
5466 8
5467 8
5468 8
5469 8
5470 8
5471 8
5472 8
5473 8
5474 8
5475 8
5476 8
5477 8
5478 8
5479 8
5480 8
5481 8
5482 8
5483 8
5484 8
5485 8
5486 8
5487 8
5488 8
5489 8
5490 8
5491 8
5492 8
5493 8
5494 8
5495 8
5496 8
5497 8
5498 8
5499 8
5500 8
5501 8
5502 8
5503 8
5504 8
5505 8
5506 8
5507 8
5508 8
5509 8
5510 8
5511 8
5512 8
5513 8
5514 8
5515 8
5516 8
5517 8
5518 8
5519 8
5520 8
5521 8
5522 8
5523 8
5524 8
5525 8
5526 8
5527 8
5528 8
5529 8
5530 8
5531 8
5532 8
5533 8
5534 8
5535 8
5536 8
5537 8
5538 8
5539 8
5540 8
5541 8
5542 8
5543 8
5544 8
5545 8
5546 8
5547 8
5548 8
5549 8
5550 8
5551 8
5552 8
5553 8
5554 8
5555 8
5556 8
5557 8
5558 8
5559 8
5560 8
5561 8
5562 8
5563 8
5564 8
5565 8
5566 8
5567 8
5568 8
5569 8
5570 8
5571 8
5572 8
5573 8
5574 8
5575 8
5576 8
5577 8
5578 8
5579 8
5580 8
5581 8
5582 8
5583 8
5584 8
5585 8
5586 8
5587 8
5588 8
5589 8
5590 8
5591 8
5592 8
5593 8
5594 8
5595 8
5596 8
5597 8
5598 8
5599 8
5600 8
5601 8
5602 8
5603 8
5604 8
5605 8
5606 8
5607 8
5608 8
5609 8
5610 8
5611 8
5612 8
5613 8
5614 8
5615 8
5616 8
5617 8
5618 8
5619 8
5620 8
5621 8
5622 8
5623 8
5624 8
5625 8
5626 8
5627 8
5628 8
5629 8
5630 8
5631 8
5632 8
5633 8
5634 8
5635 8
5636 8
5637 8
5638 8
5639 8
5640 8
5641 8
5642 8
5643 8
5644 8
5645 8
5646 8
5647 8
5648 8
5649 8
5650 8
5651 8
5652 8
5653 8
5654 8
5655 8
5656 8
5657 8
5658 8
5659 8
5660 8
5661 8
5662 8
5663 8
5664 8
5665 8
5666 8
5667 8
5668 8
5669 8
5670 8
5671 8
5672 8
5673 8
5674 8
5675 8
5676 8
5677 8
5678 8
5679 8
5680 8
5681 8
5682 8
5683 8
5684 8
5685 8
5686 8
5687 8
5688 8
5689 8
5690 8
5691 8
5692 8
5693 8
5694 8
5695 8
5696 8
5697 8
5698 8
5699 8
5700 8
5701 8
5702 8
5703 8
5704 8
5705 8
5706 8
5707 8
5708 8
5709 8
5710 8
5711 8
5712 8
5713 8
5714 8
5715 8
5716 8
5717 8
5718 8
5719 8
5720 8
5721 8
5722 8
5723 8
5724 8
5725 8
5726 8
5727 8
5728 8
5729 8
5730 8
5731 8
5732 8
5733 8
5734 8
5735 8
5736 8
5737 8
5738 8
5739 8
5740 8
5741 8
5742 8
5743 8
5744 8
5745 8
5746 8
5747 8
5748 8
5749 8
5750 8
5751 8
5752 8
5753 8
5754 8
5755 8
5756 8
5757 8
5758 8
5759 8
5760 8
5761 8
5762 8
5763 8
5764 8
5765 8
5766 8
5767 8
5768 8
5769 8
5770 8
5771 8
5772 8
5773 8
5774 8
5775 8
5776 8
5777 8
5778 8
5779 8
5780 8
5781 8
5782 8
5783 8
5784 8
5785 8
5786 8
5787 8
5788 8
5789 8
5790 8
5791 8
5792 8
5793 8
5794 8
5795 8
5796 8
5797 8
5798 8
5799 8
5800 8
5801 8
5802 8
5803 8
5804 8
5805 8
5806 8
5807 8
5808 8
5809 8
5810 8
5811 8
5812 8
5813 8
5814 8
5815 8
5816 8
5817 8
5818 8
5819 8
5820 8
5821 8
5822 8
5823 8
5824 8
5825 8
5826 8
5827 8
5828 8
5829 8
5830 8
5831 8
5832 8
5833 8
5834 8
5835 8
5836 8
5837 8
5838 8
5839 8
5840 8
5841 8
5842 8
5843 8
5844 8
5845 8
5846 8
5847 8
5848 8
5849 8
5850 8
5851 8
5852 8
5853 8
5854 8
5855 8
5856 8
5857 8
5858 8
5859 8
5860 8
5861 8
5862 8
5863 8
5864 8
5865 8
5866 8
5867 8
5868 8
5869 8
5870 8
5871 8
5872 8
5873 8
5874 8
5875 8
5876 8
5877 8
5878 8
5879 8
5880 8
5881 8
5882 8
5883 8
5884 8
5885 8
5886 8
5887 8
5888 8
5889 8
5890 8
5891 8
5892 8
5893 8
5894 8
5895 8
5896 8
5897 8
5898 8
5899 8
5900 8
5901 8
5902 8
5903 8
5904 8
5905 8
5906 8
5907 8
5908 8
5909 8
5910 8
5911 8
5912 8
5913 8
5914 8
5915 8
5916 8
5917 8
5918 8
5919 8
5920 8
5921 8
5922 8
5923 8
5924 8
5925 8
5926 8
5927 8
5928 8
5929 8
5930 8
5931 8
5932 8
5933 8
5934 8
5935 8
5936 8
5937 8
5938 8
5939 8
5940 8
5941 8
5942 8
5943 8
5944 8
5945 8
5946 8
5947 8
5948 8
5949 8
5950 8
5951 8
5952 8
5953 8
5954 8
5955 8
5956 8
5957 8
5958 8
5959 8
5960 8
5961 8
5962 8
5963 8
5964 8
5965 8
5966 8
5967 8
5968 8
5969 8
5970 8
5971 8
5972 8
5973 8
5974 8
5975 8
5976 8
5977 8
5978 8
5979 8
5980 8
5981 8
5982 8
5983 8
5984 8
5985 8
5986 8
5987 8
5988 8
5989 8
5990 8
5991 8
5992 8
5993 8
5994 8
5995 8
5996 8
5997 8
5998 8
5999 8
6000 8
6001 8
6002 8
6003 8
6004 8
6005 8
6006 8
6007 8
6008 8
6009 8
6010 8
6011 8
6012 8
6013 8
6014 8
6015 8
6016 8
6017 8
6018 8
6019 8
6020 8
6021 8
6022 8
6023 8
6024 8
6025 8
6026 8
6027 8
6028 8
6029 8
6030 8
6031 8
6032 8
6033 8
6034 8
6035 8
6036 8
6037 8
6038 8
6039 8
6040 8
6041 8
6042 8
6043 8
6044 8
6045 8
6046 8
6047 8
6048 8
6049 8
6050 8
6051 8
6052 8
6053 8
6054 8
6055 8
6056 8
6057 8
6058 8
6059 8
6060 8
6061 8
6062 8
6063 8
6064 8
6065 8
6066 8
6067 8
6068 8
6069 8
6070 8
6071 8
6072 8
6073 8
6074 8
6075 8
6076 8
6077 8
6078 8
6079 8
6080 8
6081 8
6082 8
6083 8
6084 8
6085 8
6086 8
6087 8
6088 8
6089 8
6090 8
6091 8
6092 8
6093 8
6094 8
6095 8
6096 8
6097 8
6098 8
6099 8
6100 8
6101 8
6102 8
6103 8
6104 8
6105 8
6106 8
6107 8
6108 8
6109 8
6110 8
6111 8
6112 8
6113 8
6114 8
6115 8
6116 8
6117 8
6118 8
6119 8
6120 8
6121 8
6122 8
6123 8
6124 8
6125 8
6126 8
6127 8
6128 8
6129 8
6130 8
6131 8
6132 8
6133 8
6134 8
6135 8
6136 8
6137 8
6138 8
6139 8
6140 8
6141 8
6142 8
6143 8
6144 8
6145 8
6146 8
6147 8
6148 8
6149 8
6150 8
6151 8
6152 8
6153 8
6154 8
6155 8
6156 8
6157 8
6158 8
6159 8
6160 8
6161 8
6162 8
6163 8
6164 8
6165 8
6166 8
6167 8
6168 8
6169 8
6170 8
6171 8
6172 8
6173 8
6174 8
6175 8
6176 8
6177 8
6178 8
6179 8
6180 8
6181 8
6182 8
6183 8
6184 8
6185 8
6186 8
6187 8
6188 8
6189 8
6190 8
6191 8
6192 8
6193 8
6194 8
6195 8
6196 8
6197 8
6198 8
6199 8
6200 8
6201 8
6202 8
6203 8
6204 8
6205 8
6206 8
6207 8
6208 8
6209 8
6210 8
6211 8
6212 8
6213 8
6214 8
6215 8
6216 8
6217 8
6218 8
6219 8
6220 8
6221 8
6222 8
6223 8
6224 8
6225 8
6226 8
6227 8
6228 8
6229 8
6230 8
6231 8
6232 8
6233 8
6234 8
6235 8
6236 8
6237 8
6238 8
6239 8
6240 8
6241 8
6242 8
6243 8
6244 8
6245 8
6246 8
6247 8
6248 8
6249 8
6250 8
6251 8
6252 8
6253 8
6254 8
6255 8
6256 8
6257 8
6258 8
6259 8
6260 8
6261 8
6262 8
6263 8
6264 8
6265 8
6266 8
6267 8
6268 8
6269 8
6270 8
6271 8
6272 8
6273 8
6274 8
6275 8
6276 8
6277 8
6278 8
6279 8
6280 8
6281 8
6282 8
6283 8
6284 8
6285 8
6286 8
6287 8
6288 8
6289 8
6290 8
6291 8
6292 8
6293 8
6294 8
6295 8
6296 8
6297 8
6298 8
6299 8
6300 8
6301 8
6302 8
6303 8
6304 8
6305 8
6306 8
6307 8
6308 8
6309 8
6310 8
6311 8
6312 8
6313 8
6314 8
6315 8
6316 8
6317 8
6318 8
6319 8
6320 8
6321 8
6322 8
6323 8
6324 8
6325 8
6326 8
6327 8
6328 8
6329 8
6330 8
6331 8
6332 8
6333 8
6334 8
6335 8
6336 8
6337 8
6338 8
6339 8
6340 8
6341 8
6342 8
6343 8
6344 8
6345 8
6346 8
6347 8
6348 8
6349 8
6350 8
6351 8
6352 8
6353 8
6354 8
6355 8
6356 8
6357 8
6358 8
6359 8
6360 8
6361 8
6362 8
6363 8
6364 8
6365 8
6366 8
6367 8
6368 8
6369 8
6370 8
6371 8
6372 8
6373 8
6374 8
6375 8
6376 8
6377 8
6378 8
6379 8
6380 8
6381 8
6382 8
6383 8
6384 8
6385 8
6386 8
6387 8
6388 8
6389 8
6390 8
6391 8
6392 8
6393 8
6394 8
6395 8
6396 8
6397 8
6398 8
6399 8
6400 8
6401 8
6402 8
6403 8
6404 8
6405 8
6406 8
6407 8
6408 8
6409 8
6410 8
6411 8
6412 8
6413 8
6414 8
6415 8
6416 8
6417 8
6418 8
6419 8
6420 8
6421 8
6422 8
6423 8
6424 8
6425 8
6426 8
6427 8
6428 8
6429 8
6430 8
6431 8
6432 8
6433 8
6434 8
6435 8
6436 8
6437 8
6438 8
6439 8
6440 8
6441 8
6442 8
6443 8
6444 8
6445 8
6446 8
6447 8
6448 8
6449 8
6450 8
6451 8
6452 8
6453 8
6454 8
6455 8
6456 8
6457 8
6458 8
6459 8
6460 8
6461 8
6462 8
6463 8
6464 8
6465 8
6466 8
6467 8
6468 8
6469 8
6470 8
6471 8
6472 8
6473 8
6474 8
6475 8
6476 8
6477 8
6478 8
6479 8
6480 8
6481 8
6482 8
6483 8
6484 8
6485 8
6486 8
6487 8
6488 8
6489 8
6490 8
6491 8
6492 8
6493 8
6494 8
6495 8
6496 8
6497 8
6498 8
6499 8
6500 8
6501 8
6502 8
6503 8
6504 8
6505 8
6506 8
6507 8
6508 8
6509 8
6510 8
6511 8
6512 8
6513 8
6514 8
6515 8
6516 8
6517 8
6518 8
6519 8
6520 8
6521 8
6522 8
6523 8
6524 8
6525 8
6526 8
6527 8
6528 8
6529 8
6530 8
6531 8
6532 8
6533 8
6534 8
6535 8
6536 8
6537 8
6538 8
6539 8
6540 8
6541 8
6542 8
6543 8
6544 8
6545 8
6546 8
6547 8
6548 8
6549 8
6550 8
6551 8
6552 8
6553 8
6554 8
6555 8
6556 8
6557 8
6558 8
6559 8
6560 8
6561 8
6562 8
6563 8
6564 8
6565 8
6566 8
6567 8
6568 8
6569 8
6570 8
6571 8
6572 8
6573 8
6574 8
6575 8
6576 8
6577 8
6578 8
6579 8
6580 8
6581 8
6582 8
6583 8
6584 8
6585 8
6586 8
6587 8
6588 8
6589 8
6590 8
6591 8
6592 8
6593 8
6594 8
6595 8
6596 8
6597 8
6598 8
6599 8
6600 8
6601 8
6602 8
6603 8
6604 8
6605 8
6606 8
6607 8
6608 8
6609 8
6610 8
6611 8
6612 8
6613 8
6614 8
6615 8
6616 8
6617 8
6618 8
6619 8
6620 8
6621 8
6622 8
6623 8
6624 8
6625 8
6626 8
6627 8
6628 8
6629 8
6630 8
6631 8
6632 8
6633 8
6634 8
6635 8
6636 8
6637 8
6638 8
6639 8
6640 8
6641 8
6642 8
6643 8
6644 8
6645 8
6646 8
6647 8
6648 8
6649 8
6650 8
6651 8
6652 8
6653 8
6654 8
6655 8
6656 8
6657 8
6658 8
6659 8
6660 8
6661 8
6662 8
6663 8
6664 8
6665 8
6666 8
6667 8
6668 8
6669 8
6670 8
6671 8
6672 8
6673 8
6674 8
6675 8
6676 8
6677 8
6678 8
6679 8
6680 8
6681 8
6682 8
6683 8
6684 8
6685 8
6686 8
6687 8
6688 8
6689 8
6690 8
6691 8
6692 8
6693 8
6694 8
6695 8
6696 8
6697 8
6698 8
6699 8
6700 8
6701 8
6702 8
6703 8
6704 8
6705 8
6706 8
6707 8
6708 8
6709 8
6710 8
6711 8
6712 8
6713 8
6714 8
6715 8
6716 8
6717 8
6718 8
6719 8
6720 8
6721 8
6722 8
6723 8
6724 8
6725 8
6726 8
6727 8
6728 8
6729 8
6730 8
6731 8
6732 8
6733 8
6734 8
6735 8
6736 8
6737 8
6738 8
6739 8
6740 8
6741 8
6742 8
6743 8
6744 8
6745 8
6746 8
6747 8
6748 8
6749 8
6750 8
6751 8
6752 8
6753 8
6754 8
6755 8
6756 8
6757 8
6758 8
6759 8
6760 8
6761 8
6762 8
6763 8
6764 8
6765 8
6766 8
6767 8
6768 8
6769 8
6770 8
6771 8
6772 8
6773 8
6774 8
6775 8
6776 8
6777 8
6778 8
6779 8
6780 8
6781 8
6782 8
6783 8
6784 8
6785 8
6786 8
6787 8
6788 8
6789 8
6790 8
6791 8
6792 8
6793 8
6794 8
6795 8
6796 8
6797 8
6798 8
6799 8
6800 8
6801 8
6802 8
6803 8
6804 8
6805 8
6806 8
6807 8
6808 8
6809 8
6810 8
6811 8
6812 8
6813 8
6814 8
6815 8
6816 8
6817 8
6818 8
6819 8
6820 8
6821 8
6822 8
6823 8
6824 8
6825 8
6826 8
6827 8
6828 8
6829 8
6830 8
6831 8
6832 8
6833 8
6834 8
6835 8
6836 8
6837 8
6838 8
6839 8
6840 8
6841 8
6842 8
6843 8
6844 8
6845 8
6846 8
6847 8
6848 8
6849 8
6850 8
6851 8
6852 8
6853 8
6854 8
6855 8
6856 8
6857 8
6858 8
6859 8
6860 8
6861 8
6862 8
6863 8
6864 8
6865 8
6866 8
6867 8
6868 8
6869 8
6870 8
6871 8
6872 8
6873 8
6874 8
6875 8
6876 8
6877 8
6878 8
6879 8
6880 8
6881 8
6882 8
6883 8
6884 8
6885 8
6886 8
6887 8
6888 8
6889 8
6890 8
6891 8
6892 8
6893 8
6894 8
6895 8
6896 8
6897 8
6898 8
6899 8
6900 8
6901 8
6902 8
6903 8
6904 8
6905 8
6906 8
6907 8
6908 8
6909 8
6910 8
6911 8
6912 8
6913 8
6914 8
6915 8
6916 8
6917 8
6918 8
6919 8
6920 8
6921 8
6922 8
6923 8
6924 8
6925 8
6926 8
6927 8
6928 8
6929 8
6930 8
6931 8
6932 8
6933 8
6934 8
6935 8
6936 8
6937 8
6938 8
6939 8
6940 8
6941 8
6942 8
6943 8
6944 8
6945 8
6946 8
6947 8
6948 8
6949 8
6950 8
6951 8
6952 8
6953 8
6954 8
6955 8
6956 8
6957 8
6958 8
6959 8
6960 8
6961 8
6962 8
6963 8
6964 8
6965 8
6966 8
6967 8
6968 8
6969 8
6970 8
6971 8
6972 8
6973 8
6974 8
6975 8
6976 8
6977 8
6978 8
6979 8
6980 8
6981 8
6982 8
6983 8
6984 8
6985 8
6986 8
6987 8
6988 8
6989 8
6990 8
6991 8
6992 8
6993 8
6994 8
6995 8
6996 8
6997 8
6998 8
6999 8
7000 8
7001 8
7002 8
7003 8
7004 8
7005 8
7006 8
7007 8
7008 8
7009 8
7010 8
7011 8
7012 8
7013 8
7014 8
7015 8
7016 8
7017 8
7018 8
7019 8
7020 8
7021 8
7022 8
7023 8
7024 8
7025 8
7026 8
7027 8
7028 8
7029 8
7030 8
7031 8
7032 8
7033 8
7034 8
7035 8
7036 8
7037 8
7038 8
7039 8
7040 8
7041 8
7042 8
7043 8
7044 8
7045 8
7046 8
7047 8
7048 8
7049 8
7050 8
7051 8
7052 8
7053 8
7054 8
7055 8
7056 8
7057 8
7058 8
7059 8
7060 8
7061 8
7062 8
7063 8
7064 8
7065 8
7066 8
7067 8
7068 8
7069 8
7070 8
7071 8
7072 8
7073 8
7074 8
7075 8
7076 8
7077 8
7078 8
7079 8
7080 8
7081 8
7082 8
7083 8
7084 8
7085 8
7086 8
7087 8
7088 8
7089 8
7090 8
7091 8
7092 8
7093 8
7094 8
7095 8
7096 8
7097 8
7098 8
7099 8
7100 8
7101 8
7102 8
7103 8
7104 8
7105 8
7106 8
7107 8
7108 8
7109 8
7110 8
7111 8
7112 8
7113 8
7114 8
7115 8
7116 8
7117 8
7118 8
7119 8
7120 8
7121 8
7122 8
7123 8
7124 8
7125 8
7126 8
7127 8
7128 8
7129 8
7130 8
7131 8
7132 8
7133 8
7134 8
7135 8
7136 8
7137 8
7138 8
7139 8
7140 8
7141 8
7142 8
7143 8
7144 8
7145 8
7146 8
7147 8
7148 8
7149 8
7150 8
7151 8
7152 8
7153 8
7154 8
7155 8
7156 8
7157 8
7158 8
7159 8
7160 8
7161 8
7162 8
7163 8
7164 8
7165 8
7166 8
7167 8
7168 8
7169 8
7170 8
7171 8
7172 8
7173 8
7174 8
7175 8
7176 8
7177 8
7178 8
7179 8
7180 8
7181 8
7182 8
7183 8
7184 8
7185 8
7186 8
7187 8
7188 8
7189 8
7190 8
7191 8
7192 8
7193 8
7194 8
7195 8
7196 8
7197 8
7198 8
7199 8
7200 8
7201 8
7202 8
7203 8
7204 8
7205 8
7206 8
7207 8
7208 8
7209 8
7210 8
7211 8
7212 8
7213 8
7214 8
7215 8
7216 8
7217 8
7218 8
7219 8
7220 8
7221 8
7222 8
7223 8
7224 8
7225 8
7226 8
7227 8
7228 8
7229 8
7230 8
7231 8
7232 8
7233 8
7234 8
7235 8
7236 8
7237 8
7238 8
7239 8
7240 8
7241 8
7242 8
7243 8
7244 8
7245 8
7246 8
7247 8
7248 8
7249 8
7250 8
7251 8
7252 8
7253 8
7254 8
7255 8
7256 8
7257 8
7258 8
7259 8
7260 8
7261 8
7262 8
7263 8
7264 8
7265 8
7266 8
7267 8
7268 8
7269 8
7270 8
7271 8
7272 8
7273 8
7274 8
7275 8
7276 8
7277 8
7278 8
7279 8
7280 8
7281 8
7282 8
7283 8
7284 8
7285 8
7286 8
7287 8
7288 8
7289 8
7290 8
7291 8
7292 8
7293 8
7294 8
7295 8
7296 8
7297 8
7298 8
7299 8
7300 8
7301 8
7302 8
7303 8
7304 8
7305 8
7306 8
7307 8
7308 8
7309 8
7310 8
7311 8
7312 8
7313 8
7314 8
7315 8
7316 8
7317 8
7318 8
7319 8
7320 8
7321 8
7322 8
7323 8
7324 8
7325 8
7326 8
7327 8
7328 8
7329 8
7330 8
7331 8
7332 8
7333 8
7334 8
7335 8
7336 8
7337 8
7338 8
7339 8
7340 8
7341 8
7342 8
7343 8
7344 8
7345 8
7346 8
7347 8
7348 8
7349 8
7350 8
7351 8
7352 8
7353 8
7354 8
7355 8
7356 8
7357 8
7358 8
7359 8
7360 8
7361 8
7362 8
7363 8
7364 8
7365 8
7366 8
7367 8
7368 8
7369 8
7370 8
7371 8
7372 8
7373 8
7374 8
7375 8
7376 8
7377 8
7378 8
7379 8
7380 8
7381 8
7382 8
7383 8
7384 8
7385 8
7386 8
7387 8
7388 8
7389 8
7390 8
7391 8
7392 8
7393 8
7394 8
7395 8
7396 8
7397 8
7398 8
7399 8
7400 8
7401 8
7402 8
7403 8
7404 8
7405 8
7406 8
7407 8
7408 8
7409 8
7410 8
7411 8
7412 8
7413 8
7414 8
7415 8
7416 8
7417 8
7418 8
7419 8
7420 8
7421 8
7422 8
7423 8
7424 8
7425 8
7426 8
7427 8
7428 8
7429 8
7430 8
7431 8
7432 8
7433 8
7434 8
7435 8
7436 8
7437 8
7438 8
7439 8
7440 8
7441 8
7442 8
7443 8
7444 8
7445 8
7446 8
7447 8
7448 8
7449 8
7450 8
7451 8
7452 8
7453 8
7454 8
7455 8
7456 8
7457 8
7458 8
7459 8
7460 8
7461 8
7462 8
7463 8
7464 8
7465 8
7466 8
7467 8
7468 8
7469 8
7470 8
7471 8
7472 8
7473 8
7474 8
7475 8
7476 8
7477 8
7478 8
7479 8
7480 8
7481 8
7482 8
7483 8
7484 8
7485 8
7486 8
7487 8
7488 8
7489 8
7490 8
7491 8
7492 8
7493 8
7494 8
7495 8
7496 8
7497 8
7498 8
7499 8
7500 8
7501 8
7502 8
7503 8
7504 8
7505 8
7506 8
7507 8
7508 8
7509 8
7510 8
7511 8
7512 8
7513 8
7514 8
7515 8
7516 8
7517 8
7518 8
7519 8
7520 8
7521 8
7522 8
7523 8
7524 8
7525 8
7526 8
7527 8
7528 8
7529 8
7530 8
7531 8
7532 8
7533 8
7534 8
7535 8
7536 8
7537 8
7538 8
7539 8
7540 8
7541 8
7542 8
7543 8
7544 8
7545 8
7546 8
7547 8
7548 8
7549 8
7550 8
7551 8
7552 8
7553 8
7554 8
7555 8
7556 8
7557 8
7558 8
7559 8
7560 8
7561 8
7562 8
7563 8
7564 8
7565 8
7566 8
7567 8
7568 8
7569 8
7570 8
7571 8
7572 8
7573 8
7574 8
7575 8
7576 8
7577 8
7578 8
7579 8
7580 8
7581 8
7582 8
7583 8
7584 8
7585 8
7586 8
7587 8
7588 8
7589 8
7590 8
7591 8
7592 8
7593 8
7594 8
7595 8
7596 8
7597 8
7598 8
7599 8
7600 8
7601 8
7602 8
7603 8
7604 8
7605 8
7606 8
7607 8
7608 8
7609 8
7610 8
7611 8
7612 8
7613 8
7614 8
7615 8
7616 8
7617 8
7618 8
7619 8
7620 8
7621 8
7622 8
7623 8
7624 8
7625 8
7626 8
7627 8
7628 8
7629 8
7630 8
7631 8
7632 8
7633 8
7634 8
7635 8
7636 8
7637 8
7638 8
7639 8
7640 8
7641 8
7642 8
7643 8
7644 8
7645 8
7646 8
7647 8
7648 8
7649 8
7650 8
7651 8
7652 8
7653 8
7654 8
7655 8
7656 8
7657 8
7658 8
7659 8
7660 8
7661 8
7662 8
7663 8
7664 8
7665 8
7666 8
7667 8
7668 8
7669 8
7670 8
7671 8
7672 8
7673 8
7674 8
7675 8
7676 8
7677 8
7678 8
7679 8
7680 8
7681 8
7682 8
7683 8
7684 8
7685 8
7686 8
7687 8
7688 8
7689 8
7690 8
7691 8
7692 8
7693 8
7694 8
7695 8
7696 8
7697 8
7698 8
7699 8
7700 8
7701 8
7702 8
7703 8
7704 8
7705 8
7706 8
7707 8
7708 8
7709 8
7710 8
7711 8
7712 8
7713 8
7714 8
7715 8
7716 8
7717 8
7718 8
7719 8
7720 8
7721 8
7722 8
7723 8
7724 8
7725 8
7726 8
7727 8
7728 8
7729 8
7730 8
7731 8
7732 8
7733 8
7734 8
7735 8
7736 8
7737 8
7738 8
7739 8
7740 8
7741 8
7742 8
7743 8
7744 8
7745 8
7746 8
7747 8
7748 8
7749 8
7750 8
7751 8
7752 8
7753 8
7754 8
7755 8
7756 8
7757 8
7758 8
7759 8
7760 8
7761 8
7762 8
7763 8
7764 8
7765 8
7766 8
7767 8
7768 8
7769 8
7770 8
7771 8
7772 8
7773 8
7774 8
7775 8
7776 8
7777 8
7778 8
7779 8
7780 8
7781 8
7782 8
7783 8
7784 8
7785 8
7786 8
7787 8
7788 8
7789 8
7790 8
7791 8
7792 8
7793 8
7794 8
7795 8
7796 8
7797 8
7798 8
7799 8
7800 8
7801 8
7802 8
7803 8
7804 8
7805 8
7806 8
7807 8
7808 8
7809 8
7810 8
7811 8
7812 8
7813 8
7814 8
7815 8
7816 8
7817 8
7818 8
7819 8
7820 8
7821 8
7822 8
7823 8
7824 8
7825 8
7826 8
7827 8
7828 8
7829 8
7830 8
7831 8
7832 8
7833 8
7834 8
7835 8
7836 8
7837 8
7838 8
7839 8
7840 8
7841 8
7842 8
7843 8
7844 8
7845 8
7846 8
7847 8
7848 8
7849 8
7850 8
7851 8
7852 8
7853 8
7854 8
7855 8
7856 8
7857 8
7858 8
7859 8
7860 8
7861 8
7862 8
7863 8
7864 8
7865 8
7866 8
7867 8
7868 8
7869 8
7870 8
7871 8
7872 8
7873 8
7874 8
7875 8
7876 8
7877 8
7878 8
7879 8
7880 8
7881 8
7882 8
7883 8
7884 8
7885 8
7886 8
7887 8
7888 8
7889 8
7890 8
7891 8
7892 8
7893 8
7894 8
7895 8
7896 8
7897 8
7898 8
7899 8
7900 8
7901 8
7902 8
7903 8
7904 8
7905 8
7906 8
7907 8
7908 8
7909 8
7910 8
7911 8
7912 8
7913 8
7914 8
7915 8
7916 8
7917 8
7918 8
7919 8
7920 8
7921 8
7922 8
7923 8
7924 8
7925 8
7926 8
7927 8
7928 8
7929 8
7930 8
7931 8
7932 8
7933 8
7934 8
7935 8
7936 8
7937 8
7938 8
7939 8
7940 8
7941 8
7942 8
7943 8
7944 8
7945 8
7946 8
7947 8
7948 8
7949 8
7950 8
7951 8
7952 8
7953 8
7954 8
7955 8
7956 8
7957 8
7958 8
7959 8
7960 8
7961 8
7962 8
7963 8
7964 8
7965 8
7966 8
7967 8
7968 8
7969 8
7970 8
7971 8
7972 8
7973 8
7974 8
7975 8
7976 8
7977 8
7978 8
7979 8
7980 8
7981 8
7982 8
7983 8
7984 8
7985 8
7986 8
7987 8
7988 8
7989 8
7990 8
7991 8
7992 8
7993 8
7994 8
7995 8
7996 8
7997 8
7998 8
7999 8
8000 8
8001 8
8002 8
8003 8
8004 8
8005 8
8006 8
8007 8
8008 8
8009 8
8010 8
8011 8
8012 8
8013 8
8014 8
8015 8
8016 8
8017 8
8018 8
8019 8
8020 8
8021 8
8022 8
8023 8
8024 8
8025 8
8026 8
8027 8
8028 8
8029 8
8030 8
8031 8
8032 8
8033 8
8034 8
8035 8
8036 8
8037 8
8038 8
8039 8
8040 8
8041 8
8042 8
8043 8
8044 8
8045 8
8046 8
8047 8
8048 8
8049 8
8050 8
8051 8
8052 8
8053 8
8054 8
8055 8
8056 8
8057 8
8058 8
8059 8
8060 8
8061 8
8062 8
8063 8
8064 8
8065 8
8066 8
8067 8
8068 8
8069 8
8070 8
8071 8
8072 8
8073 8
8074 8
8075 8
8076 8
8077 8
8078 8
8079 8
8080 8
8081 8
8082 8
8083 8
8084 8
8085 8
8086 8
8087 8
8088 8
8089 8
8090 8
8091 8
8092 8
8093 8
8094 8
8095 8
8096 8
8097 8
8098 8
8099 8
8100 8
8101 8
8102 8
8103 8
8104 8
8105 8
8106 8
8107 8
8108 8
8109 8
8110 8
8111 8
8112 8
8113 8
8114 8
8115 8
8116 8
8117 8
8118 8
8119 8
8120 8
8121 8
8122 8
8123 8
8124 8
8125 8
8126 8
8127 8
8128 8
8129 8
8130 8
8131 8
8132 8
8133 8
8134 8
8135 8
8136 8
8137 8
8138 8
8139 8
8140 8
8141 8
8142 8
8143 8
8144 8
8145 8
8146 8
8147 8
8148 8
8149 8
8150 8
8151 8
8152 8
8153 8
8154 8
8155 8
8156 8
8157 8
8158 8
8159 8
8160 8
8161 8
8162 8
8163 8
8164 8
8165 8
8166 8
8167 8
8168 8
8169 8
8170 8
8171 8
8172 8
8173 8
8174 8
8175 8
8176 8
8177 8
8178 8
8179 8
8180 8
8181 8
8182 8
8183 8
8184 8
8185 8
8186 8
8187 8
8188 8
8189 8
8190 8
8191 8
8192 8
8193 8
8194 8
8195 8
8196 8
8197 8
8198 8
8199 8
8200 8
8201 8
8202 8
8203 8
8204 8
8205 8
8206 8
8207 8
8208 8
8209 8
8210 8
8211 8
8212 8
8213 8
8214 8
8215 8
8216 8
8217 8
8218 8
8219 8
8220 8
8221 8
8222 8
8223 8
8224 8
8225 8
8226 8
8227 8
8228 8
8229 8
8230 8
8231 8
8232 8
8233 8
8234 8
8235 8
8236 8
8237 8
8238 8
8239 8
8240 8
8241 8
8242 8
8243 8
8244 8
8245 8
8246 8
8247 8
8248 8
8249 8
8250 8
8251 8
8252 8
8253 8
8254 8
8255 8
8256 8
8257 8
8258 8
8259 8
8260 8
8261 8
8262 8
8263 8
8264 8
8265 8
8266 8
8267 8
8268 8
8269 8
8270 8
8271 8
8272 8
8273 8
8274 8
8275 8
8276 8
8277 8
8278 8
8279 8
8280 8
8281 8
8282 8
8283 8
8284 8
8285 8
8286 8
8287 8
8288 8
8289 8
8290 8
8291 8
8292 8
8293 8
8294 8
8295 8
8296 8
8297 8
8298 8
8299 8
8300 8
8301 8
8302 8
8303 8
8304 8
8305 8
8306 8
8307 8
8308 8
8309 8
8310 8
8311 8
8312 8
8313 8
8314 8
8315 8
8316 8
8317 8
8318 8
8319 8
8320 8
8321 8
8322 8
8323 8
8324 8
8325 8
8326 8
8327 8
8328 8
8329 8
8330 8
8331 8
8332 8
8333 8
8334 8
8335 8
8336 8
8337 8
8338 8
8339 8
8340 8
8341 8
8342 8
8343 8
8344 8
8345 8
8346 8
8347 8
8348 8
8349 8
8350 8
8351 8
8352 8
8353 8
8354 8
8355 8
8356 8
8357 8
8358 8
8359 8
8360 8
8361 8
8362 8
8363 8
8364 8
8365 8
8366 8
8367 8
8368 8
8369 8
8370 8
8371 8
8372 8
8373 8
8374 8
8375 8
8376 8
8377 8
8378 8
8379 8
8380 8
8381 8
8382 8
8383 8
8384 8
8385 8
8386 8
8387 8
8388 8
8389 8
8390 8
8391 8
8392 8
8393 8
8394 8
8395 8
8396 8
8397 8
8398 8
8399 8
8400 8
8401 8
8402 8
8403 8
8404 8
8405 8
8406 8
8407 8
8408 8
8409 8
8410 8
8411 8
8412 8
8413 8
8414 8
8415 8
8416 8
8417 8
8418 8
8419 8
8420 8
8421 8
8422 8
8423 8
8424 8
8425 8
8426 8
8427 8
8428 8
8429 8
8430 8
8431 8
8432 8
8433 8
8434 8
8435 8
8436 8
8437 8
8438 8
8439 8
8440 8
8441 8
8442 8
8443 8
8444 8
8445 8
8446 8
8447 8
8448 8
8449 8
8450 8
8451 8
8452 8
8453 8
8454 8
8455 8
8456 8
8457 8
8458 8
8459 8
8460 8
8461 8
8462 8
8463 8
8464 8
8465 8
8466 8
8467 8
8468 8
8469 8
8470 8
8471 8
8472 8
8473 8
8474 8
8475 8
8476 8
8477 8
8478 8
8479 8
8480 8
8481 8
8482 8
8483 8
8484 8
8485 8
8486 8
8487 8
8488 8
8489 8
8490 8
8491 8
8492 8
8493 8
8494 8
8495 8
8496 8
8497 8
8498 8
8499 8
8500 8
8501 8
8502 8
8503 8
8504 8
8505 8
8506 8
8507 8
8508 8
8509 8
8510 8
8511 8
8512 8
8513 8
8514 8
8515 8
8516 8
8517 8
8518 8
8519 8
8520 8
8521 8
8522 8
8523 8
8524 8
8525 8
8526 8
8527 8
8528 8
8529 8
8530 8
8531 8
8532 8
8533 8
8534 8
8535 8
8536 8
8537 8
8538 8
8539 8
8540 8
8541 8
8542 8
8543 8
8544 8
8545 8
8546 8
8547 8
8548 8
8549 8
8550 8
8551 8
8552 8
8553 8
8554 8
8555 8
8556 8
8557 8
8558 8
8559 8
8560 8
8561 8
8562 8
8563 8
8564 8
8565 8
8566 8
8567 8
8568 8
8569 8
8570 8
8571 8
8572 8
8573 8
8574 8
8575 8
8576 8
8577 8
8578 8
8579 8
8580 8
8581 8
8582 8
8583 8
8584 8
8585 8
8586 8
8587 8
8588 8
8589 8
8590 8
8591 8
8592 8
8593 8
8594 8
8595 8
8596 8
8597 8
8598 8
8599 8
8600 8
8601 8
8602 8
8603 8
8604 8
8605 8
8606 8
8607 8
8608 8
8609 8
8610 8
8611 8
8612 8
8613 8
8614 8
8615 8
8616 8
8617 8
8618 8
8619 8
8620 8
8621 8
8622 8
8623 8
8624 8
8625 8
8626 8
8627 8
8628 8
8629 8
8630 8
8631 8
8632 8
8633 8
8634 8
8635 8
8636 8
8637 8
8638 8
8639 8
8640 8
8641 8
8642 8
8643 8
8644 8
8645 8
8646 8
8647 8
8648 8
8649 8
8650 8
8651 8
8652 8
8653 8
8654 8
8655 8
8656 8
8657 8
8658 8
8659 8
8660 8
8661 8
8662 8
8663 8
8664 8
8665 8
8666 8
8667 8
8668 8
8669 8
8670 8
8671 8
8672 8
8673 8
8674 8
8675 8
8676 8
8677 8
8678 8
8679 8
8680 8
8681 8
8682 8
8683 8
8684 8
8685 8
8686 8
8687 8
8688 8
8689 8
8690 8
8691 8
8692 8
8693 8
8694 8
8695 8
8696 8
8697 8
8698 8
8699 8
8700 8
8701 8
8702 8
8703 8
8704 8
8705 8
8706 8
8707 8
8708 8
8709 8
8710 8
8711 8
8712 8
8713 8
8714 8
8715 8
8716 8
8717 8
8718 8
8719 8
8720 8
8721 8
8722 8
8723 8
8724 8
8725 8
8726 8
8727 8
8728 8
8729 8
8730 8
8731 8
8732 8
8733 8
8734 8
8735 8
8736 8
8737 8
8738 8
8739 8
8740 8
8741 8
8742 8
8743 8
8744 8
8745 8
8746 8
8747 8
8748 8
8749 8
8750 8
8751 8
8752 8
8753 8
8754 8
8755 8
8756 8
8757 8
8758 8
8759 8
8760 8
8761 8
8762 8
8763 8
8764 8
8765 8
8766 8
8767 8
8768 8
8769 8
8770 8
8771 8
8772 8
8773 8
8774 8
8775 8
8776 8
8777 8
8778 8
8779 8
8780 8
8781 8
8782 8
8783 8
8784 8
8785 8
8786 8
8787 8
8788 8
8789 8
8790 8
8791 8
8792 8
8793 8
8794 8
8795 8
8796 8
8797 8
8798 8
8799 8
8800 8
8801 8
8802 8
8803 8
8804 8
8805 8
8806 8
8807 8
8808 8
8809 8
8810 8
8811 8
8812 8
8813 8
8814 8
8815 8
8816 8
8817 8
8818 8
8819 8
8820 8
8821 8
8822 8
8823 8
8824 8
8825 8
8826 8
8827 8
8828 8
8829 8
8830 8
8831 8
8832 8
8833 8
8834 8
8835 8
8836 8
8837 8
8838 8
8839 8
8840 8
8841 8
8842 8
8843 8
8844 8
8845 8
8846 8
8847 8
8848 8
8849 8
8850 8
8851 8
8852 8
8853 8
8854 8
8855 8
8856 8
8857 8
8858 8
8859 8
8860 8
8861 8
8862 8
8863 8
8864 8
8865 8
8866 8
8867 8
8868 8
8869 8
8870 8
8871 8
8872 8
8873 8
8874 8
8875 8
8876 8
8877 8
8878 8
8879 8
8880 8
8881 8
8882 8
8883 8
8884 8
8885 8
8886 8
8887 8
8888 8
8889 8
8890 8
8891 8
8892 8
8893 8
8894 8
8895 8
8896 8
8897 8
8898 8
8899 8
8900 8
8901 8
8902 8
8903 8
8904 8
8905 8
8906 8
8907 8
8908 8
8909 8
8910 8
8911 8
8912 8
8913 8
8914 8
8915 8
8916 8
8917 8
8918 8
8919 8
8920 8
8921 8
8922 8
8923 8
8924 8
8925 8
8926 8
8927 8
8928 8
8929 8
8930 8
8931 8
8932 8
8933 8
8934 8
8935 8
8936 8
8937 8
8938 8
8939 8
8940 8
8941 8
8942 8
8943 8
8944 8
8945 8
8946 8
8947 8
8948 8
8949 8
8950 8
8951 8
8952 8
8953 8
8954 8
8955 8
8956 8
8957 8
8958 8
8959 8
8960 8
8961 8
8962 8
8963 8
8964 8
8965 8
8966 8
8967 8
8968 8
8969 8
8970 8
8971 8
8972 8
8973 8
8974 8
8975 8
8976 8
8977 8
8978 8
8979 8
8980 8
8981 8
8982 8
8983 8
8984 8
8985 8
8986 8
8987 8
8988 8
8989 8
8990 8
8991 8
8992 8
8993 8
8994 8
8995 8
8996 8
8997 8
8998 8
8999 8
9000 8
9001 8
9002 8
9003 8
9004 8
9005 8
9006 8
9007 8
9008 8
9009 8
9010 8
9011 8
9012 8
9013 8
9014 8
9015 8
9016 8
9017 8
9018 8
9019 8
9020 8
9021 8
9022 8
9023 8
9024 8
9025 8
9026 8
9027 8
9028 8
9029 8
9030 8
9031 8
9032 8
9033 8
9034 8
9035 8
9036 8
9037 8
9038 8
9039 8
9040 8
9041 8
9042 8
9043 8
9044 8
9045 8
9046 8
9047 8
9048 8
9049 8
9050 8
9051 8
9052 8
9053 8
9054 8
9055 8
9056 8
9057 8
9058 8
9059 8
9060 8
9061 8
9062 8
9063 8
9064 8
9065 8
9066 8
9067 8
9068 8
9069 8
9070 8
9071 8
9072 8
9073 8
9074 8
9075 8
9076 8
9077 8
9078 8
9079 8
9080 8
9081 8
9082 8
9083 8
9084 8
9085 8
9086 8
9087 8
9088 8
9089 8
9090 8
9091 8
9092 8
9093 8
9094 8
9095 8
9096 8
9097 8
9098 8
9099 8
9100 8
9101 8
9102 8
9103 8
9104 8
9105 8
9106 8
9107 8
9108 8
9109 8
9110 8
9111 8
9112 8
9113 8
9114 8
9115 8
9116 8
9117 8
9118 8
9119 8
9120 8
9121 8
9122 8
9123 8
9124 8
9125 8
9126 8
9127 8
9128 8
9129 8
9130 8
9131 8
9132 8
9133 8
9134 8
9135 8
9136 8
9137 8
9138 8
9139 8
9140 8
9141 8
9142 8
9143 8
9144 8
9145 8
9146 8
9147 8
9148 8
9149 8
9150 8
9151 8
9152 8
9153 8
9154 8
9155 8
9156 8
9157 8
9158 8
9159 8
9160 8
9161 8
9162 8
9163 8
9164 8
9165 8
9166 8
9167 8
9168 8
9169 8
9170 8
9171 8
9172 8
9173 8
9174 8
9175 8
9176 8
9177 8
9178 8
9179 8
9180 8
9181 8
9182 8
9183 8
9184 8
9185 8
9186 8
9187 8
9188 8
9189 8
9190 8
9191 8
9192 8
9193 8
9194 8
9195 8
9196 8
9197 8
9198 8
9199 8
9200 8
9201 8
9202 8
9203 8
9204 8
9205 8
9206 8
9207 8
9208 8
9209 8
9210 8
9211 8
9212 8
9213 8
9214 8
9215 8
9216 8
9217 8
9218 8
9219 8
9220 8
9221 8
9222 8
9223 8
9224 8
9225 8
9226 8
9227 8
9228 8
9229 8
9230 8
9231 8
9232 8
9233 8
9234 8
9235 8
9236 8
9237 8
9238 8
9239 8
9240 8
9241 8
9242 8
9243 8
9244 8
9245 8
9246 8
9247 8
9248 8
9249 8
9250 8
9251 8
9252 8
9253 8
9254 8
9255 8
9256 8
9257 8
9258 8
9259 8
9260 8
9261 8
9262 8
9263 8
9264 8
9265 8
9266 8
9267 8
9268 8
9269 8
9270 8
9271 8
9272 8
9273 8
9274 8
9275 8
9276 8
9277 8
9278 8
9279 8
9280 8
9281 8
9282 8
9283 8
9284 8
9285 8
9286 8
9287 8
9288 8
9289 8
9290 8
9291 8
9292 8
9293 8
9294 8
9295 8
9296 8
9297 8
9298 8
9299 8
9300 8
9301 8
9302 8
9303 8
9304 8
9305 8
9306 8
9307 8
9308 8
9309 8
9310 8
9311 8
9312 8
9313 8
9314 8
9315 8
9316 8
9317 8
9318 8
9319 8
9320 8
9321 8
9322 8
9323 8
9324 8
9325 8
9326 8
9327 8
9328 8
9329 8
9330 8
9331 8
9332 8
9333 8
9334 8
9335 8
9336 8
9337 8
9338 8
9339 8
9340 8
9341 8
9342 8
9343 8
9344 8
9345 8
9346 8
9347 8
9348 8
9349 8
9350 8
9351 8
9352 8
9353 8
9354 8
9355 8
9356 8
9357 8
9358 8
9359 8
9360 8
9361 8
9362 8
9363 8
9364 8
9365 8
9366 8
9367 8
9368 8
9369 8
9370 8
9371 8
9372 8
9373 8
9374 8
9375 8
9376 8
9377 8
9378 8
9379 8
9380 8
9381 8
9382 8
9383 8
9384 8
9385 8
9386 8
9387 8
9388 8
9389 8
9390 8
9391 8
9392 8
9393 8
9394 8
9395 8
9396 8
9397 8
9398 8
9399 8
9400 8
9401 8
9402 8
9403 8
9404 8
9405 8
9406 8
9407 8
9408 8
9409 8
9410 8
9411 8
9412 8
9413 8
9414 8
9415 8
9416 8
9417 8
9418 8
9419 8
9420 8
9421 8
9422 8
9423 8
9424 8
9425 8
9426 8
9427 8
9428 8
9429 8
9430 8
9431 8
9432 8
9433 8
9434 8
9435 8
9436 8
9437 8
9438 8
9439 8
9440 8
9441 8
9442 8
9443 8
9444 8
9445 8
9446 8
9447 8
9448 8
9449 8
9450 8
9451 8
9452 8
9453 8
9454 8
9455 8
9456 8
9457 8
9458 8
9459 8
9460 8
9461 8
9462 8
9463 8
9464 8
9465 8
9466 8
9467 8
9468 8
9469 8
9470 8
9471 8
9472 8
9473 8
9474 8
9475 8
9476 8
9477 8
9478 8
9479 8
9480 8
9481 8
9482 8
9483 8
9484 8
9485 8
9486 8
9487 8
9488 8
9489 8
9490 8
9491 8
9492 8
9493 8
9494 8
9495 8
9496 8
9497 8
9498 8
9499 8
9500 8
9501 8
9502 8
9503 8
9504 8
9505 8
9506 8
9507 8
9508 8
9509 8
9510 8
9511 8
9512 8
9513 8
9514 8
9515 8
9516 8
9517 8
9518 8
9519 8
9520 8
9521 8
9522 8
9523 8
9524 8
9525 8
9526 8
9527 8
9528 8
9529 8
9530 8
9531 8
9532 8
9533 8
9534 8
9535 8
9536 8
9537 8
9538 8
9539 8
9540 8
9541 8
9542 8
9543 8
9544 8
9545 8
9546 8
9547 8
9548 8
9549 8
9550 8
9551 8
9552 8
9553 8
9554 8
9555 8
9556 8
9557 8
9558 8
9559 8
9560 8
9561 8
9562 8
9563 8
9564 8
9565 8
9566 8
9567 8
9568 8
9569 8
9570 8
9571 8
9572 8
9573 8
9574 8
9575 8
9576 8
9577 8
9578 8
9579 8
9580 8
9581 8
9582 8
9583 8
9584 8
9585 8
9586 8
9587 8
9588 8
9589 8
9590 8
9591 8
9592 8
9593 8
9594 8
9595 8
9596 8
9597 8
9598 8
9599 8
9600 8
9601 8
9602 8
9603 8
9604 8
9605 8
9606 8
9607 8
9608 8
9609 8
9610 8
9611 8
9612 8
9613 8
9614 8
9615 8
9616 8
9617 8
9618 8
9619 8
9620 8
9621 8
9622 8
9623 8
9624 8
9625 8
9626 8
9627 8
9628 8
9629 8
9630 8
9631 8
9632 8
9633 8
9634 8
9635 8
9636 8
9637 8
9638 8
9639 8
9640 8
9641 8
9642 8
9643 8
9644 8
9645 8
9646 8
9647 8
9648 8
9649 8
9650 8
9651 8
9652 8
9653 8
9654 8
9655 8
9656 8
9657 8
9658 8
9659 8
9660 8
9661 8
9662 8
9663 8
9664 8
9665 8
9666 8
9667 8
9668 8
9669 8
9670 8
9671 8
9672 8
9673 8
9674 8
9675 8
9676 8
9677 8
9678 8
9679 8
9680 8
9681 8
9682 8
9683 8
9684 8
9685 8
9686 8
9687 8
9688 8
9689 8
9690 8
9691 8
9692 8
9693 8
9694 8
9695 8
9696 8
9697 8
9698 8
9699 8
9700 8
9701 8
9702 8
9703 8
9704 8
9705 8
9706 8
9707 8
9708 8
9709 8
9710 8
9711 8
9712 8
9713 8
9714 8
9715 8
9716 8
9717 8
9718 8
9719 8
9720 8
9721 8
9722 8
9723 8
9724 8
9725 8
9726 8
9727 8
9728 8
9729 8
9730 8
9731 8
9732 8
9733 8
9734 8
9735 8
9736 8
9737 8
9738 8
9739 8
9740 8
9741 8
9742 8
9743 8
9744 8
9745 8
9746 8
9747 8
9748 8
9749 8
9750 8
9751 8
9752 8
9753 8
9754 8
9755 8
9756 8
9757 8
9758 8
9759 8
9760 8
9761 8
9762 8
9763 8
9764 8
9765 8
9766 8
9767 8
9768 8
9769 8
9770 8
9771 8
9772 8
9773 8
9774 8
9775 8
9776 8
9777 8
9778 8
9779 8
9780 8
9781 8
9782 8
9783 8
9784 8
9785 8
9786 8
9787 8
9788 8
9789 8
9790 8
9791 8
9792 8
9793 8
9794 8
9795 8
9796 8
9797 8
9798 8
9799 8
9800 8
9801 8
9802 8
9803 8
9804 8
9805 8
9806 8
9807 8
9808 8
9809 8
9810 8
9811 8
9812 8
9813 8
9814 8
9815 8
9816 8
9817 8
9818 8
9819 8
9820 8
9821 8
9822 8
9823 8
9824 8
9825 8
9826 8
9827 8
9828 8
9829 8
9830 8
9831 8
9832 8
9833 8
9834 8
9835 8
9836 8
9837 8
9838 8
9839 8
9840 8
9841 8
9842 8
9843 8
9844 8
9845 8
9846 8
9847 8
9848 8
9849 8
9850 8
9851 8
9852 8
9853 8
9854 8
9855 8
9856 8
9857 8
9858 8
9859 8
9860 8
9861 8
9862 8
9863 8
9864 8
9865 8
9866 8
9867 8
9868 8
9869 8
9870 8
9871 8
9872 8
9873 8
9874 8
9875 8
9876 8
9877 8
9878 8
9879 8
9880 8
9881 8
9882 8
9883 8
9884 8
9885 8
9886 8
9887 8
9888 8
9889 8
9890 8
9891 8
9892 8
9893 8
9894 8
9895 8
9896 8
9897 8
9898 8
9899 8
9900 8
9901 8
9902 8
9903 8
9904 8
9905 8
9906 8
9907 8
9908 8
9909 8
9910 8
9911 8
9912 8
9913 8
9914 8
9915 8
9916 8
9917 8
9918 8
9919 8
9920 8
9921 8
9922 8
9923 8
9924 8
9925 8
9926 8
9927 8
9928 8
9929 8
9930 8
9931 8
9932 8
9933 8
9934 8
9935 8
9936 8
9937 8
9938 8
9939 8
9940 8
9941 8
9942 8
9943 8
9944 8
9945 8
9946 8
9947 8
9948 8
9949 8
9950 8
9951 8
9952 8
9953 8
9954 8
9955 8
9956 8
9957 8
9958 8
9959 8
9960 8
9961 8
9962 8
9963 8
9964 8
9965 8
9966 8
9967 8
9968 8
9969 8
9970 8
9971 8
9972 8
9973 8
9974 8
9975 8
9976 8
9977 8
9978 8
9979 8
9980 8
9981 8
9982 8
9983 8
9984 8
9985 8
9986 8
9987 8
9988 8
9989 8
9990 8
9991 8
9992 8
9993 8
9994 8
9995 8
9996 8
9997 8
9998 8
9999 8
10000 8
