1 1
2 2
3 3
4 3
5 3
6 3
7 3
8 3
9 3
10 3
11 3
12 3
13 3
14 3
15 3
16 3
17 3
18 3
19 3
20 3
21 3
22 3
23 3
24 3
25 3
26 3
27 3
28 3
29 3
30 3
31 3
32 3
33 3
34 3
35 3
36 3
37 3
38 3
39 3
40 3
41 3
42 3
43 3
44 3
45 3
46 3
47 3
48 3
49 3
50 3
51 3
52 3
53 3
54 3
55 3
56 3
57 3
58 3
59 4
60 4
61 4
62 4
63 4
64 4
65 4
66 4
67 4
68 4
69 4
70 4
71 4
72 4
73 4
74 4
75 4
76 4
77 4
78 4
79 4
80 4
81 4
82 4
83 4
84 4
85 4
86 4
87 4
88 4
89 4
90 4
91 4
92 4
93 4
94 4
95 4
96 4
97 4
98 4
99 4
100 4
101 4
102 4
103 4
104 4
105 4
106 4
107 4
108 4
109 4
110 4
111 4
112 4
113 4
114 4
115 5
116 5
117 5
118 5
119 5
120 5
121 5
122 5
123 5
124 5
125 5
126 5
127 5
128 5
129 5
130 5
131 5
132 5
133 5
134 5
135 5
136 5
137 5
138 5
139 5
140 5
141 5
142 5
143 5
144 5
145 5
146 5
147 5
148 5
149 5
150 5
151 5
152 5
153 5
154 5
155 5
156 5
157 5
158 5
159 5
160 5
161 5
162 5
163 5
164 5
165 5
166 5
167 5
168 5
169 5
170 5
171 5
172 5
173 5
174 5
175 5
176 5
177 5
178 5
179 5
180 5
181 5
182 5
183 5
184 5
185 5
186 5
187 5
188 5
189 5
190 5
191 5
192 5
193 5
194 5
195 5
196 5
197 5
198 5
199 5
200 5
201 5
202 5
203 5
204 5
205 5
206 5
207 5
208 5
209 5
210 5
211 5
212 5
213 5
214 5
215 5
216 5
217 5
218 5
219 5
220 5
221 5
222 5
223 5
224 5
225 5
226 5
227 5
228 5
229 5
230 5
231 5
232 5
233 5
234 5
235 5
236 5
237 5
238 5
239 5
240 5
241 5
242 5
243 5
244 5
245 5
246 5
247 5
248 5
249 5
250 5
251 5
252 5
253 5
254 5
255 5
256 5
257 5
258 5
259 5
260 5
261 5
262 5
263 5
264 5
265 5
266 5
267 5
268 5
269 5
270 5
271 5
272 5
273 5
274 5
275 5
276 5
277 5
278 5
279 5
280 5
281 5
282 5
283 5
284 5
285 5
286 5
287 5
288 5
289 5
290 5
291 5
292 5
293 5
294 5
295 5
296 5
297 5
298 5
299 5
300 5
301 5
302 5
303 5
304 5
305 5
306 5
307 5
308 5
309 5
310 5
311 5
312 5
313 5
314 5
315 5
316 5
317 5
318 5
319 5
320 5
321 5
322 5
323 5
324 5
325 5
326 5
327 5
328 5
329 5
330 5
331 5
332 5
333 5
334 5
335 5
336 5
337 5
338 5
339 5
340 5
341 5
342 5
343 5
344 5
345 5
346 5
347 5
348 5
349 5
350 5
351 5
352 5
353 5
354 5
355 5
356 5
357 5
358 5
359 5
360 5
361 5
362 5
363 5
364 5
365 5
366 5
367 5
368 5
369 5
370 5
371 5
372 5
373 5
374 5
375 5
376 5
377 5
378 5
379 5
380 5
381 5
382 5
383 5
384 5
385 5
386 5
387 5
388 5
389 5
390 5
391 5
392 5
393 5
394 5
395 5
396 5
397 5
398 5
399 5
400 5
401 5
402 5
403 5
404 5
405 5
406 5
407 5
408 5
409 5
410 5
411 5
412 5
413 6
414 6
415 6
416 6
417 6
418 6
419 6
420 6
421 6
422 6
423 6
424 6
425 6
426 6
427 6
428 6
429 6
430 6
431 6
432 6
433 6
434 6
435 6
436 6
437 6
438 6
439 6
440 6
441 6
442 6
443 6
444 6
445 6
446 6
447 6
448 6
449 6
450 6
451 6
452 6
453 6
454 6
455 6
456 6
457 6
458 6
459 6
460 6
461 6
462 6
463 6
464 6
465 6
466 6
467 6
468 6
469 6
470 6
471 6
472 6
473 6
474 6
475 6
476 6
477 6
478 6
479 6
480 6
481 6
482 6
483 6
484 6
485 6
486 6
487 6
488 6
489 6
490 6
491 6
492 6
493 6
494 6
495 6
496 6
497 6
498 6
499 6
500 6
501 6
502 6
503 6
504 6
505 6
506 6
507 6
508 6
509 6
510 6
511 6
512 6
513 6
514 6
515 6
516 6
517 6
518 6
519 6
520 6
521 6
522 6
523 6
524 6
525 6
526 6
527 6
528 6
529 6
530 6
531 6
532 6
533 6
534 6
535 6
536 6
537 6
538 6
539 6
540 6
541 6
542 6
543 6
544 6
545 6
546 6
547 6
548 6
549 6
550 6
551 6
552 6
553 6
554 6
555 6
556 6
557 6
558 6
559 6
560 6
561 6
562 6
563 6
564 6
565 6
566 6
567 6
568 6
569 6
570 6
571 6
572 6
573 6
574 6
575 6
576 6
577 6
578 6
579 6
580 6
581 6
582 6
583 6
584 6
585 6
586 6
587 6
588 6
589 6
590 6
591 6
592 6
593 6
594 6
595 6
596 6
597 6
598 6
599 6
600 6
601 6
602 6
603 6
604 6
605 6
606 6
607 6
608 6
609 6
610 6
611 6
612 6
613 6
614 6
615 6
616 6
617 6
618 6
619 6
620 6
621 6
622 6
623 6
624 6
625 6
626 6
627 6
628 6
629 6
630 6
631 6
632 6
633 6
634 6
635 6
636 6
637 6
638 6
639 6
640 6
641 6
642 6
643 6
644 6
645 6
646 6
647 6
648 6
649 6
650 6
651 6
652 6
653 6
654 6
655 6
656 6
657 6
658 6
659 6
660 6
661 6
662 6
663 6
664 6
665 6
666 6
667 6
668 6
669 6
670 6
671 6
672 6
673 6
674 6
675 6
676 6
677 6
678 6
679 6
680 6
681 6
682 6
683 6
684 6
685 6
686 6
687 6
688 6
689 6
690 6
691 6
692 6
693 6
694 6
695 6
696 6
697 6
698 6
699 6
700 6
701 6
702 6
703 6
704 6
705 6
706 6
707 6
708 6
709 6
710 6
711 6
712 6
713 6
714 6
715 6
716 6
717 6
718 6
719 6
720 6
721 6
722 6
723 6
724 6
725 6
726 6
727 6
728 6
729 6
730 6
731 6
732 6
733 6
734 6
735 6
736 6
737 6
738 6
739 6
740 6
741 6
742 6
743 6
744 6
745 6
746 6
747 6
748 6
749 6
750 6
751 6
752 6
753 6
754 6
755 6
756 6
757 6
758 6
759 6
760 6
761 6
762 6
763 6
764 6
765 6
766 6
767 6
768 6
769 6
770 6
771 6
772 7
773 7
774 7
775 7
776 7
777 7
778 7
779 7
780 7
781 7
782 7
783 7
784 7
785 7
786 7
787 7
788 7
789 7
790 7
791 7
792 7
793 7
794 7
795 7
796 7
797 8
798 8
799 8
800 8
801 8
802 8
803 8
804 8
805 8
806 8
807 8
808 8
809 8
810 8
811 8
812 8
813 8
814 8
815 8
816 8
817 8
818 8
819 8
820 8
821 8
822 8
823 8
824 8
825 8
826 8
827 8
828 8
829 8
830 8
831 8
832 8
833 8
834 8
835 8
836 8
837 8
838 8
839 8
840 8
841 8
842 8
843 8
844 8
845 8
846 8
847 8
848 8
849 8
850 8
851 8
852 8
853 8
854 8
855 8
856 8
857 8
858 8
859 8
860 8
861 8
862 8
863 8
864 8
865 8
866 8
867 8
868 8
869 8
870 8
871 8
872 8
873 8
874 8
875 8
876 8
877 8
878 8
879 8
880 8
881 8
882 8
883 8
884 8
885 8
886 8
887 8
888 8
889 8
890 8
891 8
892 8
893 8
894 8
895 8
896 8
897 8
898 8
899 8
900 8
901 8
902 8
903 8
904 8
905 8
906 8
907 8
908 8
909 8
910 8
911 8
912 8
913 8
914 8
915 8
916 8
917 8
918 8
919 8
920 8
921 8
922 8
923 8
924 8
925 8
926 8
927 8
928 8
929 8
930 8
931 8
932 8
933 8
934 8
935 8
936 8
937 8
938 8
939 8
940 8
941 8
942 8
943 8
944 8
945 8
946 8
947 8
948 8
949 8
950 8
951 8
952 8
953 8
954 8
955 8
956 8
957 8
958 8
959 8
960 8
961 8
962 8
963 8
964 8
965 8
966 8
967 8
968 8
969 8
970 8
971 8
972 8
973 8
974 8
975 8
976 8
977 8
978 8
979 8
980 8
981 8
982 8
983 8
984 8
985 8
986 8
987 8
988 8
989 8
990 8
991 8
992 8
993 8
994 8
995 8
996 8
997 8
998 8
999 8
1000 8
1001 8
1002 8
1003 8
1004 8
1005 8
1006 8
1007 8
1008 8
1009 8
1010 8
1011 8
1012 8
1013 8
1014 8
1015 8
1016 8
1017 8
1018 8
1019 8
1020 8
1021 8
1022 8
1023 8
1024 8
1025 8
1026 8
1027 8
1028 8
1029 8
1030 8
1031 8
1032 8
1033 8
1034 8
1035 8
1036 8
1037 8
1038 8
1039 8
1040 8
1041 8
1042 8
1043 8
1044 8
1045 8
1046 8
1047 8
1048 8
1049 8
1050 8
1051 8
1052 8
1053 8
1054 8
1055 8
1056 8
1057 8
1058 8
1059 8
1060 8
1061 8
1062 8
1063 8
1064 8
1065 8
1066 8
1067 8
1068 8
1069 8
1070 8
1071 8
1072 8
1073 8
1074 8
1075 8
1076 8
1077 8
1078 8
1079 8
1080 8
1081 8
1082 8
1083 8
1084 8
1085 8
1086 8
1087 8
1088 8
1089 8
1090 8
1091 8
1092 8
1093 8
1094 8
1095 8
1096 8
1097 8
1098 8
1099 8
1100 8
1101 8
1102 8
1103 8
1104 8
1105 8
1106 8
1107 8
1108 8
1109 8
1110 8
1111 8
1112 8
1113 8
1114 8
1115 8
1116 8
1117 8
1118 8
1119 8
1120 8
1121 8
1122 8
1123 8
1124 8
1125 8
1126 8
1127 8
1128 8
1129 8
1130 8
1131 8
1132 8
1133 8
1134 8
1135 8
1136 9
1137 9
1138 9
1139 9
1140 9
1141 9
1142 9
1143 9
1144 9
1145 9
1146 9
1147 9
1148 9
1149 9
1150 9
1151 9
1152 9
1153 9
1154 9
1155 9
1156 9
1157 9
1158 9
1159 9
1160 9
1161 9
1162 9
1163 9
1164 9
1165 9
1166 9
1167 9
1168 9
1169 9
1170 9
1171 9
1172 9
1173 9
1174 9
1175 9
1176 9
1177 9
1178 9
1179 9
1180 9
1181 9
1182 9
1183 9
1184 9
1185 9
1186 9
1187 9
1188 9
1189 9
1190 9
1191 9
1192 9
1193 9
1194 9
1195 9
1196 9
1197 9
1198 9
1199 9
1200 9
1201 9
1202 9
1203 9
1204 9
1205 9
1206 9
1207 9
1208 9
1209 9
1210 9
1211 9
1212 9
1213 9
1214 9
1215 9
1216 9
1217 9
1218 9
1219 9
1220 9
1221 9
1222 9
1223 9
1224 9
1225 9
1226 9
1227 9
1228 9
1229 9
1230 9
1231 9
1232 9
1233 9
1234 9
1235 9
1236 9
1237 9
1238 9
1239 9
1240 9
1241 9
1242 9
1243 9
1244 9
1245 9
1246 9
1247 9
1248 9
1249 9
1250 9
1251 9
1252 9
1253 9
1254 9
1255 9
1256 9
1257 9
1258 9
1259 9
1260 9
1261 9
1262 9
1263 9
1264 9
1265 9
1266 9
1267 9
1268 9
1269 9
1270 9
1271 9
1272 9
1273 9
1274 9
1275 9
1276 9
1277 9
1278 9
1279 9
1280 9
1281 9
1282 9
1283 9
1284 9
1285 9
1286 9
1287 9
1288 9
1289 9
1290 9
1291 9
1292 9
1293 9
1294 9
1295 9
1296 9
1297 9
1298 9
1299 9
1300 9
1301 9
1302 9
1303 9
1304 9
1305 9
1306 9
1307 9
1308 9
1309 9
1310 9
1311 9
1312 9
1313 9
1314 9
1315 9
1316 9
1317 9
1318 9
1319 9
1320 9
1321 9
1322 9
1323 9
1324 9
1325 9
1326 9
1327 9
1328 9
1329 9
1330 9
1331 9
1332 9
1333 9
1334 9
1335 9
1336 9
1337 9
1338 9
1339 9
1340 9
1341 9
1342 9
1343 9
1344 9
1345 9
1346 9
1347 9
1348 9
1349 9
1350 9
1351 9
1352 9
1353 9
1354 9
1355 9
1356 9
1357 9
1358 9
1359 9
1360 9
1361 9
1362 9
1363 9
1364 9
1365 9
1366 9
1367 9
1368 9
1369 9
1370 9
1371 9
1372 9
1373 9
1374 9
1375 9
1376 9
1377 9
1378 9
1379 9
1380 9
1381 9
1382 9
1383 9
1384 9
1385 9
1386 9
1387 9
1388 9
1389 9
1390 9
1391 9
1392 9
1393 9
1394 9
1395 9
1396 9
1397 9
1398 9
1399 9
1400 9
1401 9
1402 9
1403 9
1404 9
1405 9
1406 9
1407 9
1408 9
1409 9
1410 9
1411 9
1412 9
1413 9
1414 9
1415 9
1416 9
1417 9
1418 9
1419 9
1420 9
1421 9
1422 9
1423 9
1424 9
1425 9
1426 9
1427 9
1428 9
1429 9
1430 9
1431 9
1432 9
1433 9
1434 9
1435 9
1436 9
1437 9
1438 9
1439 9
1440 9
1441 9
1442 9
1443 9
1444 9
1445 9
1446 9
1447 9
1448 9
1449 9
1450 9
1451 9
1452 9
1453 9
1454 9
1455 9
1456 9
1457 9
1458 9
1459 9
1460 9
1461 9
1462 9
1463 9
1464 9
1465 9
1466 9
1467 9
1468 9
1469 9
1470 9
1471 9
1472 9
1473 9
1474 9
1475 9
1476 9
1477 9
1478 9
1479 9
1480 9
1481 9
1482 9
1483 9
1484 9
1485 9
1486 9
1487 9
1488 9
1489 9
1490 9
1491 9
1492 9
1493 9
1494 9
1495 9
1496 9
1497 9
1498 9
1499 9
1500 9
1501 9
1502 9
1503 9
1504 9
1505 9
1506 9
1507 9
1508 9
1509 9
1510 9
1511 9
1512 9
1513 9
1514 9
1515 9
1516 9
1517 9
1518 9
1519 9
1520 9
1521 9
1522 9
1523 9
1524 9
1525 9
1526 9
1527 9
1528 9
1529 9
1530 9
1531 9
1532 9
1533 9
1534 9
1535 9
1536 9
1537 9
1538 9
1539 9
1540 9
1541 9
1542 9
1543 9
1544 9
1545 9
1546 9
1547 9
1548 9
1549 9
1550 9
1551 9
1552 9
1553 9
1554 9
1555 9
1556 9
1557 9
1558 9
1559 9
1560 9
1561 9
1562 9
1563 9
1564 9
1565 9
1566 9
1567 9
1568 9
1569 9
1570 9
1571 9
1572 9
1573 9
1574 9
1575 9
1576 9
1577 9
1578 9
1579 9
1580 9
1581 9
1582 9
1583 9
1584 9
1585 9
1586 9
1587 9
1588 9
1589 9
1590 9
1591 9
1592 9
1593 9
1594 9
1595 9
1596 9
1597 9
1598 9
1599 9
1600 9
1601 9
1602 9
1603 9
1604 9
1605 9
1606 9
1607 9
1608 9
1609 9
1610 9
1611 9
1612 9
1613 9
1614 9
1615 9
1616 9
1617 9
1618 9
1619 9
1620 9
1621 9
1622 9
1623 9
1624 9
1625 9
1626 9
1627 9
1628 9
1629 9
1630 9
1631 9
1632 9
1633 9
1634 9
1635 9
1636 9
1637 9
1638 9
1639 9
1640 9
1641 9
1642 9
1643 9
1644 9
1645 9
1646 9
1647 9
1648 9
1649 9
1650 9
1651 9
1652 9
1653 9
1654 9
1655 9
1656 9
1657 9
1658 9
1659 9
1660 9
1661 9
1662 9
1663 9
1664 9
1665 9
1666 9
1667 9
1668 9
1669 9
1670 9
1671 9
1672 9
1673 9
1674 9
1675 9
1676 9
1677 9
1678 9
1679 9
1680 9
1681 9
1682 9
1683 9
1684 9
1685 9
1686 9
1687 9
1688 9
1689 9
1690 9
1691 9
1692 9
1693 9
1694 9
1695 9
1696 9
1697 9
1698 9
1699 9
1700 9
1701 9
1702 9
1703 9
1704 9
1705 9
1706 9
1707 9
1708 9
1709 9
1710 9
1711 9
1712 9
1713 9
1714 9
1715 9
1716 9
1717 9
1718 9
1719 9
1720 9
1721 9
1722 9
1723 9
1724 9
1725 9
1726 9
1727 9
1728 9
1729 9
1730 9
1731 9
1732 9
1733 9
1734 9
1735 9
1736 9
1737 9
1738 9
1739 9
1740 9
1741 9
1742 9
1743 9
1744 9
1745 9
1746 9
1747 9
1748 9
1749 9
1750 9
1751 9
1752 9
1753 9
1754 9
1755 9
1756 9
1757 9
1758 9
1759 9
1760 9
1761 9
1762 9
1763 9
1764 9
1765 9
1766 9
1767 9
1768 9
1769 9
1770 9
1771 9
1772 9
1773 9
1774 9
1775 9
1776 9
1777 9
1778 9
1779 9
1780 9
1781 9
1782 9
1783 9
1784 9
1785 9
1786 9
1787 9
1788 9
1789 9
1790 9
1791 9
1792 9
1793 9
1794 9
1795 9
1796 9
1797 9
1798 9
1799 9
1800 9
1801 9
1802 9
1803 9
1804 9
1805 9
1806 9
1807 9
1808 9
1809 9
1810 9
1811 9
1812 9
1813 9
1814 9
1815 9
1816 9
1817 9
1818 9
1819 9
1820 9
1821 9
1822 9
1823 9
1824 9
1825 9
1826 9
1827 9
1828 9
1829 9
1830 9
1831 9
1832 9
1833 9
1834 9
1835 9
1836 9
1837 9
1838 9
1839 9
1840 9
1841 9
1842 9
1843 9
1844 9
1845 9
1846 9
1847 9
1848 9
1849 9
1850 9
1851 9
1852 9
1853 9
1854 9
1855 9
1856 9
1857 9
1858 9
1859 9
1860 9
1861 9
1862 9
1863 9
1864 9
1865 9
1866 9
1867 9
1868 9
1869 9
1870 9
1871 9
1872 9
1873 9
1874 9
1875 9
1876 9
1877 9
1878 9
1879 9
1880 9
1881 9
1882 9
1883 9
1884 9
1885 9
1886 9
1887 9
1888 9
1889 9
1890 9
1891 9
1892 9
1893 9
1894 9
1895 9
1896 9
1897 9
1898 9
1899 9
1900 9
1901 9
1902 9
1903 9
1904 9
1905 9
1906 9
1907 9
1908 9
1909 9
1910 9
1911 9
1912 9
1913 9
1914 9
1915 9
1916 9
1917 9
1918 9
1919 9
1920 9
1921 9
1922 9
1923 9
1924 9
1925 9
1926 9
1927 9
1928 9
1929 9
1930 9
1931 9
1932 9
1933 9
1934 9
1935 9
1936 9
1937 9
1938 9
1939 9
1940 9
1941 9
1942 9
1943 9
1944 9
1945 9
1946 9
1947 9
1948 9
1949 9
1950 9
1951 9
1952 9
1953 9
1954 9
1955 9
1956 9
1957 9
1958 9
1959 9
1960 9
1961 9
1962 9
1963 9
1964 9
1965 9
1966 9
1967 9
1968 9
1969 9
1970 9
1971 9
1972 9
1973 9
1974 9
1975 9
1976 9
1977 9
1978 9
1979 9
1980 9
1981 9
1982 9
1983 9
1984 9
1985 9
1986 9
1987 9
1988 9
1989 9
1990 9
1991 9
1992 9
1993 9
1994 9
1995 9
1996 9
1997 9
1998 9
1999 9
2000 9
2001 9
2002 9
2003 9
2004 9
2005 9
2006 9
2007 9
2008 9
2009 9
2010 9
2011 9
2012 9
2013 9
2014 9
2015 9
2016 9
2017 9
2018 9
2019 9
2020 9
2021 9
2022 9
2023 9
2024 9
2025 9
2026 9
2027 9
2028 9
2029 9
2030 9
2031 9
2032 9
2033 9
2034 9
2035 9
2036 9
2037 9
2038 9
2039 9
2040 9
2041 9
2042 9
2043 9
2044 9
2045 9
2046 9
2047 9
2048 9
2049 9
2050 9
2051 9
2052 9
2053 9
2054 9
2055 9
2056 9
2057 9
2058 9
2059 9
2060 9
2061 9
2062 9
2063 9
2064 9
2065 9
2066 9
2067 9
2068 9
2069 9
2070 9
2071 9
2072 9
2073 9
2074 9
2075 9
2076 9
2077 9
2078 9
2079 9
2080 9
2081 9
2082 9
2083 9
2084 9
2085 9
2086 9
2087 9
2088 9
2089 9
2090 9
2091 9
2092 9
2093 9
2094 9
2095 9
2096 9
2097 9
2098 9
2099 9
2100 9
2101 9
2102 9
2103 9
2104 9
2105 9
2106 9
2107 9
2108 9
2109 9
2110 9
2111 9
2112 9
2113 9
2114 9
2115 9
2116 9
2117 9
2118 9
2119 9
2120 9
2121 9
2122 9
2123 9
2124 9
2125 9
2126 9
2127 9
2128 9
2129 9
2130 9
2131 9
2132 9
2133 9
2134 9
2135 9
2136 9
2137 9
2138 9
2139 9
2140 9
2141 9
2142 9
2143 9
2144 9
2145 9
2146 9
2147 9
2148 9
2149 9
2150 9
2151 9
2152 9
2153 9
2154 9
2155 9
2156 9
2157 9
2158 9
2159 9
2160 9
2161 9
2162 9
2163 9
2164 9
2165 9
2166 9
2167 9
2168 9
2169 9
2170 9
2171 9
2172 9
2173 9
2174 9
2175 9
2176 9
2177 9
2178 9
2179 9
2180 9
2181 9
2182 9
2183 9
2184 9
2185 9
2186 9
2187 9
2188 9
2189 9
2190 9
2191 9
2192 9
2193 9
2194 9
2195 9
2196 9
2197 9
2198 9
2199 9
2200 9
2201 9
2202 9
2203 9
2204 9
2205 9
2206 9
2207 9
2208 9
2209 9
2210 9
2211 9
2212 9
2213 9
2214 9
2215 9
2216 9
2217 9
2218 9
2219 9
2220 9
2221 9
2222 9
2223 9
2224 9
2225 9
2226 9
2227 9
2228 9
2229 9
2230 9
2231 9
2232 9
2233 9
2234 9
2235 9
2236 9
2237 9
2238 9
2239 9
2240 9
2241 9
2242 9
2243 9
2244 9
2245 9
2246 9
2247 9
2248 9
2249 9
2250 9
2251 9
2252 9
2253 9
2254 9
2255 9
2256 9
2257 9
2258 9
2259 9
2260 9
2261 9
2262 9
2263 9
2264 9
2265 9
2266 9
2267 9
2268 9
2269 9
2270 9
2271 9
2272 9
2273 9
2274 9
2275 9
2276 9
2277 9
2278 9
2279 9
2280 9
2281 9
2282 9
2283 9
2284 9
2285 9
2286 9
2287 9
2288 9
2289 9
2290 9
2291 9
2292 9
2293 9
2294 9
2295 9
2296 9
2297 9
2298 9
2299 9
2300 9
2301 9
2302 9
2303 9
2304 9
2305 9
2306 9
2307 9
2308 9
2309 9
2310 9
2311 9
2312 9
2313 9
2314 9
2315 9
2316 9
2317 9
2318 9
2319 9
2320 9
2321 9
2322 9
2323 9
2324 9
2325 9
2326 9
2327 9
2328 9
2329 9
2330 9
2331 9
2332 9
2333 9
2334 9
2335 9
2336 9
2337 9
2338 9
2339 9
2340 9
2341 9
2342 9
2343 9
2344 9
2345 9
2346 9
2347 9
2348 9
2349 9
2350 9
2351 9
2352 9
2353 9
2354 9
2355 9
2356 9
2357 9
2358 9
2359 9
2360 9
2361 9
2362 9
2363 9
2364 9
2365 9
2366 9
2367 9
2368 9
2369 9
2370 9
2371 9
2372 9
2373 9
2374 9
2375 9
2376 9
2377 9
2378 9
2379 9
2380 9
2381 9
2382 9
2383 9
2384 9
2385 9
2386 9
2387 9
2388 9
2389 9
2390 9
2391 9
2392 9
2393 9
2394 9
2395 9
2396 9
2397 9
2398 9
2399 9
2400 9
2401 9
2402 9
2403 9
2404 9
2405 9
2406 9
2407 9
2408 9
2409 9
2410 9
2411 9
2412 9
2413 9
2414 9
2415 9
2416 9
2417 9
2418 9
2419 9
2420 9
2421 9
2422 9
2423 9
2424 9
2425 9
2426 9
2427 9
2428 9
2429 9
2430 9
2431 9
2432 9
2433 9
2434 9
2435 9
2436 9
2437 9
2438 9
2439 9
2440 9
2441 9
2442 9
2443 9
2444 9
2445 9
2446 9
2447 9
2448 9
2449 9
2450 9
2451 9
2452 9
2453 9
2454 9
2455 9
2456 9
2457 9
2458 9
2459 9
2460 9
2461 9
2462 9
2463 9
2464 9
2465 9
2466 9
2467 9
2468 9
2469 9
2470 9
2471 9
2472 9
2473 9
2474 9
2475 9
2476 9
2477 9
2478 9
2479 9
2480 9
2481 9
2482 9
2483 9
2484 9
2485 9
2486 9
2487 9
2488 9
2489 9
2490 9
2491 9
2492 9
2493 9
2494 9
2495 9
2496 9
2497 9
2498 9
2499 9
2500 9
2501 9
2502 9
2503 9
2504 9
2505 9
2506 9
2507 9
2508 9
2509 9
2510 9
2511 9
2512 9
2513 9
2514 9
2515 9
2516 9
2517 9
2518 9
2519 9
2520 9
2521 9
2522 9
2523 9
2524 9
2525 9
2526 9
2527 9
2528 9
2529 9
2530 9
2531 9
2532 9
2533 9
2534 9
2535 9
2536 9
2537 9
2538 9
2539 9
2540 9
2541 9
2542 9
2543 9
2544 9
2545 9
2546 9
2547 9
2548 9
2549 9
2550 9
2551 9
2552 9
2553 9
2554 9
2555 9
2556 9
2557 9
2558 9
2559 9
2560 9
2561 9
2562 9
2563 9
2564 9
2565 9
2566 9
2567 9
2568 9
2569 9
2570 9
2571 9
2572 9
2573 9
2574 9
2575 9
2576 9
2577 9
2578 9
2579 9
2580 9
2581 9
2582 9
2583 9
2584 9
2585 9
2586 9
2587 9
2588 9
2589 9
2590 9
2591 9
2592 9
2593 9
2594 9
2595 9
2596 9
2597 9
2598 9
2599 9
2600 9
2601 9
2602 9
2603 9
2604 9
2605 9
2606 9
2607 9
2608 9
2609 9
2610 9
2611 9
2612 9
2613 9
2614 9
2615 9
2616 9
2617 9
2618 9
2619 9
2620 9
2621 9
2622 9
2623 9
2624 9
2625 9
2626 9
2627 9
2628 9
2629 9
2630 9
2631 9
2632 9
2633 9
2634 9
2635 9
2636 9
2637 9
2638 9
2639 9
2640 9
2641 9
2642 9
2643 9
2644 9
2645 9
2646 9
2647 9
2648 9
2649 9
2650 9
2651 9
2652 9
2653 9
2654 9
2655 10
2656 10
2657 10
2658 10
2659 10
2660 10
2661 10
2662 10
2663 10
2664 10
2665 10
2666 10
2667 10
2668 10
2669 10
2670 10
2671 10
2672 10
2673 10
2674 10
2675 10
2676 10
2677 10
2678 10
2679 10
2680 10
2681 10
2682 10
2683 10
2684 10
2685 10
2686 10
2687 10
2688 10
2689 10
2690 10
2691 10
2692 10
2693 10
2694 10
2695 10
2696 10
2697 10
2698 10
2699 10
2700 10
2701 10
2702 10
2703 10
2704 10
2705 10
2706 10
2707 10
2708 10
2709 10
2710 10
2711 10
2712 10
2713 10
2714 10
2715 10
2716 10
2717 10
2718 10
2719 10
2720 10
2721 10
2722 10
2723 10
2724 10
2725 10
2726 10
2727 10
2728 10
2729 10
2730 10
2731 10
2732 10
2733 10
2734 10
2735 10
2736 10
2737 10
2738 10
2739 10
2740 10
2741 10
2742 10
2743 10
2744 10
2745 10
2746 10
2747 10
2748 10
2749 10
2750 10
2751 10
2752 10
2753 10
2754 10
2755 10
2756 10
2757 10
2758 10
2759 10
2760 10
2761 10
2762 10
2763 10
2764 10
2765 10
2766 10
2767 10
2768 10
2769 10
2770 10
2771 10
2772 10
2773 10
2774 10
2775 10
2776 10
2777 10
2778 10
2779 10
2780 10
2781 10
2782 10
2783 10
2784 10
2785 10
2786 10
2787 10
2788 10
2789 10
2790 10
2791 10
2792 10
2793 10
2794 10
2795 10
2796 10
2797 10
2798 10
2799 10
2800 10
2801 10
2802 10
2803 10
2804 10
2805 10
2806 10
2807 10
2808 10
2809 10
2810 10
2811 10
2812 10
2813 10
2814 10
2815 10
2816 10
2817 10
2818 10
2819 10
2820 10
2821 10
2822 10
2823 10
2824 10
2825 10
2826 10
2827 10
2828 10
2829 10
2830 10
2831 10
2832 10
2833 10
2834 10
2835 10
2836 10
2837 10
2838 10
2839 10
2840 10
2841 10
2842 10
2843 10
2844 10
2845 10
2846 10
2847 10
2848 10
2849 10
2850 10
2851 10
2852 10
2853 10
2854 10
2855 10
2856 10
2857 10
2858 10
2859 10
2860 10
2861 10
2862 10
2863 10
2864 10
2865 10
2866 10
2867 10
2868 10
2869 10
2870 10
2871 10
2872 10
2873 10
2874 10
2875 10
2876 10
2877 10
2878 10
2879 10
2880 10
2881 10
2882 10
2883 10
2884 10
2885 10
2886 10
2887 10
2888 10
2889 10
2890 10
2891 10
2892 10
2893 10
2894 10
2895 10
2896 10
2897 10
2898 10
2899 10
2900 10
2901 10
2902 10
2903 10
2904 10
2905 10
2906 10
2907 10
2908 10
2909 10
2910 10
2911 10
2912 10
2913 10
2914 10
2915 10
2916 10
2917 10
2918 10
2919 10
2920 10
2921 10
2922 10
2923 10
2924 10
2925 10
2926 10
2927 10
2928 10
2929 10
2930 10
2931 10
2932 10
2933 10
2934 10
2935 10
2936 10
2937 10
2938 10
2939 10
2940 10
2941 10
2942 10
2943 10
2944 10
2945 10
2946 10
2947 10
2948 10
2949 10
2950 10
2951 10
2952 10
2953 10
2954 10
2955 10
2956 10
2957 10
2958 10
2959 10
2960 10
2961 10
2962 10
2963 10
2964 10
2965 10
2966 10
2967 10
2968 10
2969 10
2970 10
2971 10
2972 10
2973 10
2974 10
2975 10
2976 10
2977 10
2978 10
2979 10
2980 10
2981 10
2982 10
2983 10
2984 10
2985 10
2986 10
2987 10
2988 10
2989 10
2990 10
2991 10
2992 10
2993 10
2994 10
2995 10
2996 10
2997 10
2998 10
2999 10
3000 10
3001 10
3002 10
3003 10
3004 10
3005 10
3006 10
3007 10
3008 10
3009 10
3010 10
3011 10
3012 10
3013 10
3014 10
3015 10
3016 10
3017 10
3018 10
3019 10
3020 10
3021 10
3022 10
3023 10
3024 10
3025 10
3026 10
3027 10
3028 10
3029 10
3030 10
3031 10
3032 10
3033 10
3034 10
3035 10
3036 10
3037 10
3038 10
3039 10
3040 10
3041 10
3042 10
3043 10
3044 10
3045 10
3046 10
3047 10
3048 10
3049 10
3050 10
3051 10
3052 10
3053 10
3054 10
3055 10
3056 10
3057 10
3058 10
3059 10
3060 10
3061 10
3062 10
3063 10
3064 10
3065 10
3066 10
3067 10
3068 10
3069 10
3070 10
3071 10
3072 10
3073 10
3074 10
3075 10
3076 10
3077 10
3078 10
3079 10
3080 10
3081 10
3082 10
3083 10
3084 10
3085 10
3086 10
3087 10
3088 10
3089 10
3090 10
3091 10
3092 10
3093 10
3094 10
3095 10
3096 10
3097 10
3098 10
3099 10
3100 10
3101 10
3102 10
3103 10
3104 10
3105 10
3106 10
3107 10
3108 10
3109 10
3110 10
3111 10
3112 10
3113 10
3114 10
3115 10
3116 10
3117 10
3118 10
3119 10
3120 10
3121 10
3122 10
3123 10
3124 10
3125 10
3126 10
3127 10
3128 10
3129 10
3130 10
3131 10
3132 10
3133 10
3134 10
3135 10
3136 10
3137 10
3138 10
3139 10
3140 10
3141 10
3142 10
3143 10
3144 10
3145 10
3146 10
3147 10
3148 10
3149 10
3150 10
3151 10
3152 10
3153 10
3154 10
3155 10
3156 10
3157 10
3158 10
3159 10
3160 10
3161 10
3162 10
3163 10
3164 10
3165 10
3166 10
3167 10
3168 10
3169 10
3170 10
3171 10
3172 10
3173 10
3174 10
3175 10
3176 10
3177 10
3178 10
3179 10
3180 10
3181 10
3182 10
3183 10
3184 10
3185 10
3186 10
3187 10
3188 10
3189 10
3190 10
3191 10
3192 10
3193 10
3194 10
3195 10
3196 10
3197 10
3198 10
3199 10
3200 10
3201 10
3202 10
3203 10
3204 10
3205 10
3206 10
3207 10
3208 10
3209 10
3210 10
3211 10
3212 10
3213 10
3214 10
3215 10
3216 10
3217 10
3218 10
3219 10
3220 10
3221 10
3222 10
3223 10
3224 10
3225 10
3226 10
3227 10
3228 10
3229 10
3230 10
3231 10
3232 10
3233 10
3234 10
3235 10
3236 10
3237 10
3238 10
3239 10
3240 10
3241 10
3242 10
3243 10
3244 10
3245 10
3246 10
3247 10
3248 10
3249 10
3250 10
3251 10
3252 10
3253 10
3254 10
3255 10
3256 10
3257 10
3258 10
3259 10
3260 10
3261 10
3262 10
3263 10
3264 10
3265 10
3266 10
3267 10
3268 10
3269 10
3270 10
3271 10
3272 10
3273 10
3274 10
3275 10
3276 10
3277 10
3278 10
3279 10
3280 10
3281 10
3282 10
3283 10
3284 10
3285 10
3286 10
3287 10
3288 10
3289 10
3290 10
3291 10
3292 10
3293 10
3294 10
3295 10
3296 10
3297 10
3298 10
3299 10
3300 10
3301 10
3302 10
3303 10
3304 10
3305 10
3306 10
3307 10
3308 10
3309 10
3310 10
3311 10
3312 10
3313 10
3314 10
3315 10
3316 10
3317 10
3318 10
3319 10
3320 10
3321 10
3322 10
3323 10
3324 10
3325 10
3326 10
3327 10
3328 10
3329 10
3330 10
3331 10
3332 10
3333 10
3334 10
3335 10
3336 10
3337 10
3338 10
3339 10
3340 10
3341 10
3342 10
3343 10
3344 10
3345 10
3346 10
3347 10
3348 10
3349 10
3350 10
3351 10
3352 10
3353 10
3354 10
3355 10
3356 10
3357 10
3358 10
3359 10
3360 10
3361 10
3362 10
3363 10
3364 10
3365 10
3366 10
3367 10
3368 10
3369 10
3370 10
3371 10
3372 10
3373 10
3374 10
3375 10
3376 10
3377 10
3378 10
3379 10
3380 10
3381 10
3382 10
3383 10
3384 10
3385 10
3386 10
3387 10
3388 10
3389 10
3390 10
3391 10
3392 10
3393 10
3394 10
3395 10
3396 10
3397 10
3398 10
3399 10
3400 10
3401 10
3402 10
3403 10
3404 10
3405 10
3406 10
3407 10
3408 10
3409 10
3410 10
3411 10
3412 10
3413 10
3414 10
3415 10
3416 10
3417 10
3418 10
3419 10
3420 10
3421 10
3422 10
3423 10
3424 10
3425 10
3426 10
3427 10
3428 10
3429 10
3430 10
3431 10
3432 10
3433 10
3434 10
3435 10
3436 10
3437 10
3438 10
3439 10
3440 10
3441 10
3442 10
3443 10
3444 10
3445 10
3446 10
3447 10
3448 10
3449 10
3450 10
3451 10
3452 10
3453 10
3454 10
3455 10
3456 10
3457 10
3458 10
3459 10
3460 10
3461 10
3462 10
3463 10
3464 10
3465 10
3466 10
3467 10
3468 10
3469 10
3470 10
3471 10
3472 10
3473 10
3474 10
3475 10
3476 10
3477 10
3478 10
3479 10
3480 10
3481 10
3482 10
3483 10
3484 10
3485 10
3486 10
3487 10
3488 10
3489 10
3490 10
3491 10
3492 10
3493 10
3494 10
3495 10
3496 10
3497 10
3498 10
3499 10
3500 10
3501 10
3502 10
3503 10
3504 10
3505 10
3506 10
3507 10
3508 10
3509 10
3510 10
3511 10
3512 10
3513 10
3514 10
3515 10
3516 10
3517 10
3518 10
3519 10
3520 10
3521 10
3522 10
3523 10
3524 10
3525 10
3526 10
3527 10
3528 10
3529 10
3530 10
3531 10
3532 10
3533 10
3534 10
3535 10
3536 10
3537 10
3538 10
3539 10
3540 10
3541 10
3542 10
3543 10
3544 10
3545 10
3546 10
3547 10
3548 10
3549 10
3550 10
3551 10
3552 10
3553 10
3554 10
3555 10
3556 10
3557 10
3558 10
3559 10
3560 10
3561 10
3562 10
3563 10
3564 10
3565 10
3566 10
3567 10
3568 10
3569 10
3570 10
3571 10
3572 10
3573 10
3574 10
3575 10
3576 10
3577 10
3578 10
3579 10
3580 10
3581 10
3582 10
3583 10
3584 10
3585 10
3586 10
3587 10
3588 10
3589 10
3590 10
3591 10
3592 10
3593 10
3594 10
3595 10
3596 10
3597 10
3598 10
3599 10
3600 10
3601 10
3602 10
3603 10
3604 10
3605 10
3606 10
3607 10
3608 10
3609 10
3610 10
3611 10
3612 10
3613 10
3614 10
3615 10
3616 10
3617 10
3618 10
3619 10
3620 10
3621 10
3622 10
3623 10
3624 10
3625 10
3626 10
3627 10
3628 10
3629 10
3630 10
3631 10
3632 10
3633 10
3634 10
3635 10
3636 10
3637 10
3638 10
3639 10
3640 10
3641 10
3642 10
3643 10
3644 10
3645 10
3646 10
3647 10
3648 10
3649 10
3650 10
3651 10
3652 10
3653 10
3654 10
3655 10
3656 10
3657 10
3658 10
3659 10
3660 10
3661 10
3662 10
3663 10
3664 10
3665 10
3666 10
3667 10
3668 10
3669 10
3670 10
3671 10
3672 10
3673 10
3674 10
3675 10
3676 10
3677 10
3678 10
3679 10
3680 10
3681 10
3682 10
3683 10
3684 10
3685 10
3686 10
3687 10
3688 10
3689 10
3690 10
3691 10
3692 10
3693 10
3694 10
3695 10
3696 10
3697 10
3698 10
3699 10
3700 10
3701 10
3702 10
3703 10
3704 10
3705 10
3706 10
3707 10
3708 10
3709 10
3710 10
3711 10
3712 10
3713 10
3714 10
3715 10
3716 10
3717 10
3718 10
3719 10
3720 10
3721 10
3722 10
3723 10
3724 10
3725 10
3726 10
3727 10
3728 10
3729 10
3730 10
3731 10
3732 10
3733 10
3734 10
3735 10
3736 10
3737 10
3738 10
3739 10
3740 10
3741 10
3742 10
3743 10
3744 10
3745 10
3746 10
3747 10
3748 10
3749 10
3750 10
3751 10
3752 10
3753 10
3754 10
3755 10
3756 10
3757 10
3758 10
3759 10
3760 10
3761 10
3762 10
3763 10
3764 10
3765 10
3766 10
3767 10
3768 10
3769 10
3770 10
3771 10
3772 10
3773 10
3774 10
3775 10
3776 10
3777 10
3778 10
3779 10
3780 10
3781 10
3782 10
3783 10
3784 10
3785 10
3786 10
3787 10
3788 10
3789 10
3790 10
3791 10
3792 10
3793 10
3794 10
3795 10
3796 10
3797 10
3798 10
3799 10
3800 10
3801 10
3802 10
3803 10
3804 10
3805 10
3806 10
3807 10
3808 10
3809 10
3810 10
3811 10
3812 10
3813 10
3814 10
3815 10
3816 10
3817 10
3818 10
3819 10
3820 10
3821 10
3822 10
3823 10
3824 10
3825 10
3826 10
3827 10
3828 10
3829 10
3830 10
3831 10
3832 10
3833 10
3834 10
3835 10
3836 10
3837 10
3838 10
3839 10
3840 10
3841 10
3842 10
3843 10
3844 10
3845 10
3846 10
3847 10
3848 10
3849 10
3850 10
3851 10
3852 10
3853 10
3854 10
3855 10
3856 10
3857 10
3858 10
3859 10
3860 10
3861 10
3862 10
3863 10
3864 10
3865 10
3866 10
3867 10
3868 10
3869 10
3870 10
3871 10
3872 10
3873 10
3874 10
3875 10
3876 10
3877 10
3878 10
3879 10
3880 10
3881 10
3882 10
3883 10
3884 10
3885 10
3886 10
3887 10
3888 10
3889 10
3890 10
3891 10
3892 10
3893 10
3894 10
3895 10
3896 10
3897 10
3898 10
3899 10
3900 10
3901 10
3902 10
3903 10
3904 10
3905 10
3906 10
3907 10
3908 10
3909 10
3910 10
3911 10
3912 10
3913 10
3914 10
3915 10
3916 10
3917 10
3918 10
3919 10
3920 10
3921 10
3922 10
3923 10
3924 10
3925 10
3926 10
3927 10
3928 10
3929 10
3930 10
3931 10
3932 10
3933 10
3934 10
3935 10
3936 10
3937 10
3938 10
3939 10
3940 10
3941 10
3942 10
3943 10
3944 10
3945 10
3946 10
3947 10
3948 10
3949 10
3950 10
3951 10
3952 10
3953 10
3954 10
3955 10
3956 10
3957 10
3958 10
3959 10
3960 10
3961 10
3962 10
3963 10
3964 10
3965 10
3966 10
3967 10
3968 10
3969 10
3970 10
3971 10
3972 10
3973 10
3974 10
3975 10
3976 10
3977 10
3978 10
3979 10
3980 10
3981 10
3982 10
3983 10
3984 10
3985 10
3986 10
3987 10
3988 10
3989 10
3990 10
3991 10
3992 10
3993 10
3994 10
3995 10
3996 10
3997 10
3998 10
3999 10
4000 10
4001 10
4002 10
4003 10
4004 10
4005 10
4006 10
4007 10
4008 10
4009 10
4010 10
4011 10
4012 10
4013 10
4014 10
4015 10
4016 10
4017 10
4018 10
4019 10
4020 10
4021 10
4022 10
4023 10
4024 10
4025 10
4026 10
4027 10
4028 10
4029 10
4030 10
4031 10
4032 10
4033 10
4034 10
4035 10
4036 10
4037 10
4038 10
4039 10
4040 10
4041 10
4042 10
4043 10
4044 10
4045 10
4046 10
4047 10
4048 10
4049 10
4050 10
4051 10
4052 11
4053 11
4054 11
4055 11
4056 11
4057 11
4058 11
4059 11
4060 11
4061 11
4062 11
4063 11
4064 11
4065 11
4066 11
4067 11
4068 11
4069 11
4070 11
4071 11
4072 11
4073 11
4074 11
4075 11
4076 11
4077 11
4078 11
4079 11
4080 11
4081 11
4082 11
4083 11
4084 11
4085 11
4086 11
4087 11
4088 11
4089 11
4090 11
4091 11
4092 11
4093 11
4094 11
4095 11
4096 11
4097 11
4098 11
4099 11
4100 11
4101 11
4102 11
4103 11
4104 11
4105 11
4106 11
4107 11
4108 11
4109 11
4110 11
4111 11
4112 11
4113 11
4114 11
4115 11
4116 11
4117 11
4118 11
4119 11
4120 11
4121 11
4122 11
4123 11
4124 11
4125 11
4126 11
4127 11
4128 11
4129 11
4130 11
4131 11
4132 11
4133 11
4134 11
4135 11
4136 11
4137 11
4138 11
4139 11
4140 11
4141 11
4142 11
4143 11
4144 11
4145 11
4146 11
4147 11
4148 11
4149 11
4150 11
4151 11
4152 11
4153 11
4154 11
4155 11
4156 11
4157 11
4158 11
4159 11
4160 11
4161 11
4162 11
4163 11
4164 11
4165 11
4166 11
4167 11
4168 11
4169 11
4170 11
4171 11
4172 11
4173 11
4174 11
4175 11
4176 11
4177 11
4178 11
4179 11
4180 11
4181 11
4182 11
4183 11
4184 11
4185 11
4186 11
4187 11
4188 11
4189 11
4190 11
4191 11
4192 11
4193 11
4194 11
4195 11
4196 11
4197 11
4198 11
4199 11
4200 11
4201 11
4202 11
4203 11
4204 11
4205 11
4206 11
4207 11
4208 11
4209 11
4210 11
4211 11
4212 11
4213 11
4214 11
4215 11
4216 11
4217 11
4218 11
4219 11
4220 11
4221 11
4222 11
4223 11
4224 11
4225 11
4226 11
4227 11
4228 11
4229 11
4230 11
4231 11
4232 11
4233 11
4234 11
4235 11
4236 11
4237 11
4238 11
4239 11
4240 11
4241 11
4242 11
4243 11
4244 11
4245 11
4246 11
4247 11
4248 11
4249 11
4250 11
4251 11
4252 11
4253 11
4254 11
4255 11
4256 11
4257 11
4258 11
4259 11
4260 11
4261 11
4262 11
4263 11
4264 11
4265 11
4266 11
4267 11
4268 11
4269 11
4270 11
4271 11
4272 11
4273 11
4274 11
4275 11
4276 11
4277 11
4278 11
4279 11
4280 11
4281 11
4282 11
4283 11
4284 11
4285 11
4286 11
4287 11
4288 11
4289 11
4290 11
4291 11
4292 11
4293 11
4294 11
4295 11
4296 11
4297 11
4298 11
4299 11
4300 11
4301 11
4302 11
4303 11
4304 11
4305 11
4306 11
4307 11
4308 11
4309 11
4310 11
4311 11
4312 11
4313 11
4314 11
4315 11
4316 11
4317 11
4318 11
4319 11
4320 11
4321 11
4322 11
4323 11
4324 11
4325 11
4326 11
4327 11
4328 11
4329 11
4330 11
4331 11
4332 11
4333 11
4334 11
4335 11
4336 11
4337 11
4338 11
4339 11
4340 11
4341 11
4342 11
4343 11
4344 11
4345 11
4346 11
4347 11
4348 11
4349 11
4350 11
4351 11
4352 11
4353 11
4354 11
4355 11
4356 11
4357 11
4358 11
4359 11
4360 11
4361 11
4362 11
4363 11
4364 11
4365 11
4366 11
4367 11
4368 11
4369 11
4370 11
4371 11
4372 11
4373 11
4374 11
4375 11
4376 11
4377 11
4378 11
4379 11
4380 11
4381 11
4382 11
4383 11
4384 11
4385 11
4386 11
4387 11
4388 11
4389 11
4390 11
4391 11
4392 11
4393 11
4394 11
4395 11
4396 11
4397 11
4398 11
4399 11
4400 11
4401 11
4402 11
4403 11
4404 11
4405 11
4406 11
4407 11
4408 11
4409 11
4410 11
4411 11
4412 11
4413 11
4414 11
4415 11
4416 11
4417 11
4418 11
4419 11
4420 11
4421 11
4422 11
4423 11
4424 11
4425 11
4426 11
4427 11
4428 11
4429 11
4430 11
4431 11
4432 11
4433 11
4434 11
4435 11
4436 11
4437 11
4438 11
4439 11
4440 11
4441 11
4442 11
4443 11
4444 11
4445 11
4446 11
4447 11
4448 11
4449 11
4450 11
4451 11
4452 11
4453 11
4454 11
4455 11
4456 11
4457 11
4458 11
4459 11
4460 11
4461 11
4462 11
4463 11
4464 11
4465 11
4466 11
4467 11
4468 11
4469 11
4470 11
4471 11
4472 11
4473 11
4474 11
4475 11
4476 11
4477 11
4478 11
4479 11
4480 11
4481 11
4482 11
4483 11
4484 11
4485 11
4486 11
4487 11
4488 11
4489 11
4490 11
4491 11
4492 11
4493 11
4494 11
4495 11
4496 11
4497 11
4498 11
4499 11
4500 11
4501 11
4502 11
4503 11
4504 11
4505 11
4506 11
4507 11
4508 11
4509 11
4510 11
4511 11
4512 11
4513 11
4514 11
4515 11
4516 11
4517 11
4518 11
4519 11
4520 11
4521 11
4522 11
4523 11
4524 11
4525 11
4526 11
4527 11
4528 11
4529 11
4530 11
4531 11
4532 11
4533 11
4534 11
4535 11
4536 11
4537 11
4538 11
4539 11
4540 11
4541 11
4542 11
4543 11
4544 11
4545 11
4546 11
4547 11
4548 11
4549 11
4550 11
4551 11
4552 11
4553 11
4554 11
4555 11
4556 11
4557 11
4558 11
4559 11
4560 11
4561 11
4562 11
4563 11
4564 11
4565 11
4566 11
4567 11
4568 11
4569 11
4570 11
4571 11
4572 11
4573 11
4574 11
4575 11
4576 11
4577 11
4578 11
4579 11
4580 11
4581 11
4582 11
4583 11
4584 11
4585 11
4586 11
4587 11
4588 11
4589 11
4590 11
4591 11
4592 11
4593 11
4594 11
4595 11
4596 11
4597 11
4598 11
4599 11
4600 11
4601 11
4602 11
4603 11
4604 11
4605 11
4606 11
4607 11
4608 11
4609 11
4610 11
4611 11
4612 11
4613 11
4614 11
4615 11
4616 11
4617 11
4618 11
4619 11
4620 11
4621 11
4622 11
4623 11
4624 11
4625 11
4626 11
4627 11
4628 11
4629 11
4630 11
4631 11
4632 11
4633 11
4634 11
4635 11
4636 11
4637 11
4638 11
4639 11
4640 11
4641 11
4642 11
4643 11
4644 11
4645 11
4646 11
4647 11
4648 11
4649 11
4650 11
4651 11
4652 11
4653 11
4654 11
4655 11
4656 11
4657 11
4658 11
4659 11
4660 11
4661 11
4662 11
4663 11
4664 11
4665 11
4666 11
4667 11
4668 11
4669 11
4670 11
4671 11
4672 11
4673 11
4674 11
4675 11
4676 11
4677 11
4678 11
4679 11
4680 11
4681 11
4682 11
4683 11
4684 11
4685 11
4686 11
4687 11
4688 11
4689 11
4690 11
4691 11
4692 11
4693 11
4694 11
4695 11
4696 11
4697 11
4698 11
4699 11
4700 11
4701 11
4702 11
4703 11
4704 11
4705 11
4706 11
4707 11
4708 11
4709 11
4710 11
4711 11
4712 11
4713 11
4714 11
4715 11
4716 11
4717 11
4718 11
4719 11
4720 11
4721 11
4722 11
4723 11
4724 11
4725 11
4726 11
4727 11
4728 11
4729 11
4730 11
4731 11
4732 11
4733 11
4734 11
4735 11
4736 11
4737 11
4738 11
4739 11
4740 11
4741 11
4742 11
4743 11
4744 11
4745 11
4746 11
4747 11
4748 11
4749 11
4750 11
4751 11
4752 11
4753 11
4754 11
4755 11
4756 11
4757 11
4758 11
4759 11
4760 11
4761 11
4762 11
4763 11
4764 11
4765 11
4766 11
4767 11
4768 11
4769 11
4770 11
4771 11
4772 11
4773 11
4774 11
4775 11
4776 11
4777 11
4778 11
4779 11
4780 11
4781 11
4782 11
4783 11
4784 11
4785 11
4786 11
4787 11
4788 11
4789 11
4790 11
4791 11
4792 11
4793 11
4794 11
4795 11
4796 11
4797 11
4798 11
4799 11
4800 11
4801 11
4802 11
4803 11
4804 11
4805 11
4806 11
4807 11
4808 11
4809 11
4810 11
4811 11
4812 11
4813 11
4814 11
4815 11
4816 11
4817 11
4818 11
4819 11
4820 11
4821 11
4822 11
4823 11
4824 11
4825 11
4826 11
4827 11
4828 11
4829 11
4830 11
4831 11
4832 11
4833 11
4834 11
4835 11
4836 11
4837 11
4838 11
4839 11
4840 11
4841 11
4842 11
4843 11
4844 11
4845 11
4846 11
4847 11
4848 11
4849 11
4850 11
4851 11
4852 11
4853 11
4854 11
4855 11
4856 11
4857 11
4858 11
4859 11
4860 11
4861 11
4862 11
4863 11
4864 11
4865 11
4866 11
4867 11
4868 11
4869 11
4870 11
4871 11
4872 11
4873 11
4874 11
4875 11
4876 11
4877 11
4878 11
4879 11
4880 11
4881 11
4882 11
4883 11
4884 11
4885 11
4886 11
4887 11
4888 11
4889 11
4890 11
4891 11
4892 11
4893 11
4894 11
4895 11
4896 11
4897 11
4898 11
4899 11
4900 11
4901 11
4902 11
4903 11
4904 11
4905 11
4906 11
4907 11
4908 11
4909 11
4910 11
4911 11
4912 11
4913 11
4914 11
4915 11
4916 11
4917 11
4918 11
4919 11
4920 11
4921 11
4922 11
4923 11
4924 11
4925 11
4926 11
4927 11
4928 11
4929 11
4930 11
4931 11
4932 11
4933 11
4934 11
4935 11
4936 11
4937 11
4938 11
4939 11
4940 11
4941 11
4942 11
4943 11
4944 11
4945 11
4946 11
4947 11
4948 11
4949 11
4950 11
4951 11
4952 11
4953 11
4954 11
4955 11
4956 11
4957 11
4958 11
4959 11
4960 11
4961 11
4962 11
4963 11
4964 11
4965 11
4966 11
4967 11
4968 11
4969 11
4970 11
4971 11
4972 11
4973 11
4974 11
4975 11
4976 11
4977 11
4978 11
4979 11
4980 11
4981 11
4982 11
4983 11
4984 11
4985 11
4986 11
4987 11
4988 11
4989 11
4990 11
4991 11
4992 11
4993 11
4994 11
4995 11
4996 11
4997 11
4998 11
4999 11
5000 11
5001 11
5002 11
5003 11
5004 11
5005 11
5006 11
5007 11
5008 11
5009 11
5010 11
5011 11
5012 11
5013 11
5014 11
5015 11
5016 11
5017 11
5018 11
5019 11
5020 11
5021 11
5022 11
5023 11
5024 11
5025 11
5026 11
5027 11
5028 11
5029 11
5030 11
5031 11
5032 11
5033 11
5034 11
5035 11
5036 11
5037 11
5038 11
5039 11
5040 11
5041 11
5042 11
5043 11
5044 11
5045 11
5046 11
5047 11
5048 11
5049 11
5050 11
5051 11
5052 11
5053 11
5054 11
5055 11
5056 11
5057 11
5058 11
5059 11
5060 11
5061 11
5062 11
5063 11
5064 11
5065 11
5066 11
5067 11
5068 11
5069 11
5070 11
5071 11
5072 11
5073 11
5074 11
5075 11
5076 11
5077 11
5078 11
5079 11
5080 11
5081 11
5082 11
5083 11
5084 11
5085 11
5086 11
5087 11
5088 11
5089 11
5090 11
5091 11
5092 11
5093 11
5094 11
5095 11
5096 11
5097 11
5098 11
5099 11
5100 11
5101 11
5102 11
5103 11
5104 11
5105 11
5106 11
5107 11
5108 11
5109 11
5110 11
5111 11
5112 11
5113 11
5114 11
5115 11
5116 11
5117 11
5118 11
5119 11
5120 11
5121 11
5122 11
5123 11
5124 11
5125 11
5126 11
5127 11
5128 11
5129 11
5130 11
5131 11
5132 11
5133 11
5134 11
5135 11
5136 11
5137 11
5138 11
5139 11
5140 11
5141 11
5142 11
5143 11
5144 11
5145 11
5146 11
5147 11
5148 11
5149 11
5150 11
5151 11
5152 11
5153 11
5154 11
5155 11
5156 11
5157 11
5158 11
5159 11
5160 11
5161 11
5162 11
5163 11
5164 11
5165 11
5166 11
5167 11
5168 11
5169 11
5170 11
5171 11
5172 11
5173 11
5174 11
5175 11
5176 11
5177 11
5178 11
5179 11
5180 11
5181 11
5182 11
5183 11
5184 11
5185 11
5186 11
5187 11
5188 11
5189 11
5190 11
5191 11
5192 11
5193 11
5194 11
5195 11
5196 11
5197 11
5198 11
5199 11
5200 11
5201 11
5202 11
5203 11
5204 11
5205 11
5206 11
5207 11
5208 11
5209 11
5210 11
5211 11
5212 11
5213 11
5214 11
5215 11
5216 11
5217 11
5218 11
5219 11
5220 11
5221 11
5222 11
5223 11
5224 11
5225 11
5226 11
5227 11
5228 11
5229 11
5230 11
5231 11
5232 11
5233 11
5234 11
5235 11
5236 11
5237 11
5238 11
5239 11
5240 11
5241 11
5242 11
5243 11
5244 11
5245 11
5246 11
5247 11
5248 11
5249 11
5250 11
5251 11
5252 11
5253 11
5254 11
5255 11
5256 11
5257 11
5258 11
5259 11
5260 11
5261 11
5262 11
5263 11
5264 11
5265 11
5266 11
5267 11
5268 11
5269 11
5270 11
5271 11
5272 11
5273 11
5274 11
5275 11
5276 11
5277 11
5278 11
5279 11
5280 11
5281 11
5282 11
5283 11
5284 11
5285 11
5286 11
5287 11
5288 11
5289 11
5290 11
5291 11
5292 11
5293 11
5294 11
5295 11
5296 11
5297 11
5298 11
5299 11
5300 11
5301 11
5302 11
5303 11
5304 11
5305 11
5306 11
5307 11
5308 11
5309 11
5310 11
5311 11
5312 11
5313 11
5314 11
5315 11
5316 11
5317 11
5318 11
5319 11
5320 11
5321 11
5322 11
5323 11
5324 11
5325 11
5326 11
5327 11
5328 11
5329 11
5330 11
5331 11
5332 11
5333 11
5334 11
5335 11
5336 11
5337 11
5338 11
5339 11
5340 11
5341 11
5342 11
5343 11
5344 11
5345 11
5346 11
5347 11
5348 11
5349 11
5350 11
5351 11
5352 11
5353 11
5354 11
5355 11
5356 11
5357 11
5358 11
5359 11
5360 11
5361 11
5362 11
5363 11
5364 11
5365 11
5366 11
5367 11
5368 11
5369 11
5370 11
5371 11
5372 11
5373 11
5374 11
5375 11
5376 11
5377 11
5378 11
5379 11
5380 11
5381 11
5382 11
5383 11
5384 11
5385 11
5386 11
5387 11
5388 11
5389 11
5390 11
5391 11
5392 11
5393 11
5394 11
5395 11
5396 11
5397 11
5398 11
5399 11
5400 11
5401 11
5402 11
5403 11
5404 11
5405 11
5406 11
5407 11
5408 11
5409 11
5410 11
5411 11
5412 11
5413 11
5414 11
5415 11
5416 11
5417 11
5418 11
5419 11
5420 11
5421 11
5422 11
5423 11
5424 11
5425 11
5426 11
5427 11
5428 11
5429 11
5430 11
5431 11
5432 11
5433 11
5434 11
5435 11
5436 11
5437 11
5438 11
5439 11
5440 11
5441 11
5442 11
5443 11
5444 11
5445 11
5446 11
5447 11
5448 11
5449 11
5450 11
5451 11
5452 11
5453 11
5454 11
5455 11
5456 11
5457 11
5458 11
5459 11
5460 11
5461 11
5462 11
5463 11
5464 11
5465 11
5466 11
5467 11
5468 11
5469 11
5470 11
5471 11
5472 11
5473 11
5474 11
5475 11
5476 11
5477 11
5478 11
5479 11
5480 11
5481 11
5482 11
5483 11
5484 11
5485 11
5486 11
5487 11
5488 11
5489 11
5490 11
5491 11
5492 11
5493 11
5494 11
5495 11
5496 11
5497 11
5498 11
5499 11
5500 11
5501 11
5502 11
5503 11
5504 11
5505 11
5506 11
5507 11
5508 11
5509 11
5510 11
5511 11
5512 11
5513 11
5514 11
5515 11
5516 11
5517 11
5518 11
5519 11
5520 11
5521 11
5522 11
5523 11
5524 11
5525 11
5526 11
5527 11
5528 11
5529 11
5530 11
5531 11
5532 11
5533 11
5534 11
5535 11
5536 11
5537 11
5538 11
5539 11
5540 11
5541 11
5542 11
5543 11
5544 11
5545 11
5546 11
5547 11
5548 11
5549 11
5550 11
5551 11
5552 11
5553 11
5554 11
5555 11
5556 11
5557 11
5558 11
5559 11
5560 11
5561 11
5562 11
5563 11
5564 11
5565 11
5566 11
5567 11
5568 11
5569 11
5570 11
5571 11
5572 11
5573 11
5574 11
5575 11
5576 11
5577 11
5578 11
5579 11
5580 11
5581 11
5582 11
5583 11
5584 11
5585 11
5586 11
5587 11
5588 11
5589 11
5590 11
5591 11
5592 11
5593 11
5594 11
5595 11
5596 11
5597 11
5598 11
5599 11
5600 11
5601 11
5602 11
5603 11
5604 11
5605 11
5606 11
5607 11
5608 11
5609 11
5610 11
5611 11
5612 11
5613 11
5614 11
5615 11
5616 11
5617 11
5618 11
5619 11
5620 11
5621 11
5622 11
5623 11
5624 11
5625 11
5626 11
5627 11
5628 11
5629 11
5630 11
5631 11
5632 11
5633 11
5634 11
5635 11
5636 11
5637 11
5638 11
5639 11
5640 11
5641 11
5642 11
5643 11
5644 11
5645 11
5646 11
5647 11
5648 11
5649 11
5650 11
5651 11
5652 11
5653 11
5654 11
5655 11
5656 11
5657 11
5658 11
5659 11
5660 11
5661 11
5662 11
5663 11
5664 11
5665 11
5666 11
5667 11
5668 11
5669 11
5670 11
5671 11
5672 11
5673 11
5674 11
5675 11
5676 11
5677 11
5678 11
5679 11
5680 11
5681 11
5682 11
5683 11
5684 11
5685 11
5686 11
5687 11
5688 11
5689 11
5690 11
5691 11
5692 11
5693 11
5694 11
5695 11
5696 11
5697 11
5698 11
5699 11
5700 11
5701 11
5702 11
5703 11
5704 11
5705 11
5706 11
5707 11
5708 11
5709 11
5710 11
5711 11
5712 11
5713 11
5714 11
5715 11
5716 11
5717 11
5718 11
5719 11
5720 11
5721 11
5722 11
5723 11
5724 11
5725 11
5726 11
5727 11
5728 11
5729 11
5730 11
5731 11
5732 11
5733 11
5734 11
5735 11
5736 11
5737 11
5738 11
5739 11
5740 11
5741 11
5742 11
5743 11
5744 11
5745 11
5746 11
5747 11
5748 11
5749 11
5750 11
5751 11
5752 11
5753 11
5754 11
5755 11
5756 11
5757 11
5758 11
5759 11
5760 11
5761 11
5762 11
5763 11
5764 11
5765 11
5766 11
5767 11
5768 11
5769 11
5770 11
5771 11
5772 11
5773 11
5774 11
5775 11
5776 11
5777 11
5778 11
5779 11
5780 11
5781 11
5782 11
5783 11
5784 11
5785 11
5786 11
5787 11
5788 11
5789 11
5790 11
5791 11
5792 11
5793 11
5794 11
5795 11
5796 11
5797 11
5798 11
5799 11
5800 11
5801 11
5802 11
5803 11
5804 11
5805 11
5806 11
5807 11
5808 11
5809 11
5810 11
5811 11
5812 11
5813 11
5814 11
5815 11
5816 11
5817 11
5818 11
5819 11
5820 11
5821 11
5822 11
5823 11
5824 11
5825 11
5826 11
5827 11
5828 11
5829 11
5830 11
5831 11
5832 11
5833 11
5834 11
5835 11
5836 11
5837 11
5838 11
5839 11
5840 11
5841 11
5842 11
5843 11
5844 11
5845 11
5846 11
5847 11
5848 11
5849 11
5850 11
5851 11
5852 11
5853 11
5854 11
5855 11
5856 11
5857 11
5858 11
5859 11
5860 11
5861 11
5862 11
5863 11
5864 11
5865 11
5866 11
5867 11
5868 11
5869 11
5870 11
5871 11
5872 11
5873 11
5874 11
5875 11
5876 11
5877 11
5878 11
5879 11
5880 11
5881 11
5882 11
5883 11
5884 11
5885 11
5886 11
5887 11
5888 11
5889 11
5890 11
5891 11
5892 11
5893 11
5894 11
5895 11
5896 11
5897 11
5898 11
5899 11
5900 11
5901 11
5902 11
5903 11
5904 11
5905 11
5906 11
5907 11
5908 11
5909 11
5910 11
5911 11
5912 11
5913 11
5914 11
5915 11
5916 11
5917 11
5918 11
5919 11
5920 11
5921 11
5922 11
5923 11
5924 11
5925 11
5926 11
5927 11
5928 11
5929 11
5930 11
5931 11
5932 11
5933 11
5934 11
5935 11
5936 11
5937 11
5938 11
5939 11
5940 11
5941 11
5942 11
5943 11
5944 11
5945 11
5946 11
5947 11
5948 11
5949 11
5950 11
5951 11
5952 11
5953 11
5954 11
5955 11
5956 11
5957 11
5958 11
5959 11
5960 11
5961 11
5962 11
5963 11
5964 11
5965 11
5966 11
5967 11
5968 11
5969 11
5970 11
5971 11
5972 11
5973 11
5974 11
5975 11
5976 11
5977 11
5978 11
5979 11
5980 11
5981 11
5982 11
5983 11
5984 11
5985 11
5986 11
5987 11
5988 11
5989 11
5990 11
5991 11
5992 11
5993 11
5994 11
5995 11
5996 11
5997 11
5998 11
5999 11
6000 11
6001 11
6002 11
6003 11
6004 11
6005 11
6006 11
6007 11
6008 11
6009 11
6010 11
6011 11
6012 11
6013 11
6014 11
6015 11
6016 11
6017 11
6018 11
6019 11
6020 11
6021 11
6022 11
6023 11
6024 11
6025 11
6026 11
6027 11
6028 11
6029 11
6030 11
6031 11
6032 11
6033 11
6034 11
6035 11
6036 11
6037 11
6038 11
6039 11
6040 11
6041 11
6042 11
6043 11
6044 11
6045 11
6046 11
6047 11
6048 11
6049 11
6050 11
6051 11
6052 11
6053 11
6054 11
6055 11
6056 11
6057 11
6058 11
6059 11
6060 11
6061 11
6062 11
6063 11
6064 11
6065 11
6066 11
6067 11
6068 11
6069 11
6070 11
6071 11
6072 11
6073 11
6074 11
6075 11
6076 11
6077 11
6078 11
6079 11
6080 11
6081 11
6082 11
6083 11
6084 11
6085 11
6086 11
6087 11
6088 11
6089 11
6090 11
6091 11
6092 11
6093 11
6094 11
6095 11
6096 11
6097 11
6098 11
6099 11
6100 11
6101 11
6102 11
6103 11
6104 11
6105 11
6106 11
6107 11
6108 11
6109 11
6110 11
6111 11
6112 11
6113 11
6114 11
6115 11
6116 11
6117 11
6118 11
6119 11
6120 11
6121 11
6122 11
6123 11
6124 11
6125 11
6126 11
6127 11
6128 11
6129 11
6130 11
6131 11
6132 11
6133 11
6134 11
6135 11
6136 11
6137 11
6138 11
6139 11
6140 11
6141 11
6142 11
6143 11
6144 11
6145 11
6146 11
6147 11
6148 11
6149 11
6150 11
6151 11
6152 11
6153 11
6154 11
6155 11
6156 11
6157 11
6158 11
6159 11
6160 11
6161 11
6162 11
6163 11
6164 11
6165 11
6166 11
6167 11
6168 11
6169 11
6170 11
6171 11
6172 11
6173 11
6174 11
6175 11
6176 11
6177 11
6178 11
6179 11
6180 11
6181 11
6182 11
6183 11
6184 11
6185 11
6186 11
6187 11
6188 11
6189 11
6190 11
6191 11
6192 11
6193 11
6194 11
6195 11
6196 11
6197 11
6198 11
6199 11
6200 11
6201 11
6202 11
6203 11
6204 11
6205 11
6206 11
6207 11
6208 11
6209 11
6210 11
6211 11
6212 11
6213 11
6214 11
6215 11
6216 11
6217 11
6218 11
6219 11
6220 11
6221 11
6222 11
6223 11
6224 11
6225 11
6226 11
6227 11
6228 11
6229 11
6230 11
6231 11
6232 11
6233 11
6234 11
6235 11
6236 11
6237 11
6238 11
6239 11
6240 11
6241 11
6242 11
6243 11
6244 11
6245 11
6246 11
6247 11
6248 11
6249 11
6250 11
6251 11
6252 11
6253 11
6254 11
6255 11
6256 11
6257 11
6258 11
6259 11
6260 11
6261 11
6262 11
6263 11
6264 11
6265 11
6266 11
6267 11
6268 11
6269 11
6270 11
6271 11
6272 11
6273 11
6274 11
6275 11
6276 11
6277 11
6278 11
6279 11
6280 11
6281 11
6282 11
6283 11
6284 11
6285 11
6286 11
6287 11
6288 11
6289 11
6290 11
6291 11
6292 11
6293 11
6294 11
6295 11
6296 11
6297 11
6298 11
6299 11
6300 11
6301 11
6302 11
6303 11
6304 11
6305 11
6306 11
6307 11
6308 11
6309 11
6310 11
6311 11
6312 11
6313 11
6314 11
6315 11
6316 11
6317 11
6318 11
6319 11
6320 11
6321 11
6322 11
6323 11
6324 11
6325 11
6326 11
6327 11
6328 11
6329 11
6330 11
6331 11
6332 11
6333 11
6334 11
6335 11
6336 11
6337 11
6338 11
6339 11
6340 11
6341 11
6342 11
6343 11
6344 11
6345 11
6346 11
6347 11
6348 11
6349 11
6350 11
6351 11
6352 11
6353 11
6354 11
6355 11
6356 11
6357 11
6358 11
6359 11
6360 11
6361 11
6362 11
6363 11
6364 11
6365 11
6366 11
6367 11
6368 11
6369 11
6370 11
6371 11
6372 11
6373 11
6374 11
6375 11
6376 11
6377 11
6378 11
6379 11
6380 11
6381 11
6382 11
6383 11
6384 11
6385 11
6386 11
6387 11
6388 11
6389 11
6390 11
6391 11
6392 11
6393 11
6394 11
6395 11
6396 11
6397 11
6398 11
6399 11
6400 11
6401 11
6402 11
6403 11
6404 11
6405 11
6406 11
6407 11
6408 11
6409 11
6410 11
6411 11
6412 11
6413 11
6414 11
6415 11
6416 11
6417 11
6418 11
6419 11
6420 11
6421 11
6422 11
6423 11
6424 11
6425 11
6426 11
6427 11
6428 11
6429 11
6430 11
6431 11
6432 11
6433 11
6434 11
6435 11
6436 11
6437 11
6438 11
6439 11
6440 11
6441 11
6442 11
6443 11
6444 11
6445 11
6446 11
6447 11
6448 11
6449 11
6450 11
6451 11
6452 11
6453 11
6454 11
6455 11
6456 11
6457 11
6458 11
6459 11
6460 11
6461 11
6462 11
6463 11
6464 11
6465 11
6466 11
6467 11
6468 11
6469 11
6470 11
6471 11
6472 11
6473 11
6474 11
6475 11
6476 11
6477 11
6478 11
6479 11
6480 11
6481 11
6482 11
6483 11
6484 11
6485 11
6486 11
6487 11
6488 11
6489 11
6490 11
6491 11
6492 11
6493 11
6494 11
6495 11
6496 11
6497 11
6498 11
6499 11
6500 11
6501 11
6502 11
6503 11
6504 11
6505 11
6506 11
6507 11
6508 11
6509 11
6510 11
6511 11
6512 11
6513 11
6514 11
6515 11
6516 11
6517 11
6518 11
6519 11
6520 11
6521 11
6522 11
6523 11
6524 11
6525 11
6526 11
6527 11
6528 11
6529 11
6530 11
6531 11
6532 11
6533 11
6534 11
6535 11
6536 11
6537 11
6538 11
6539 11
6540 11
6541 11
6542 11
6543 11
6544 11
6545 11
6546 11
6547 11
6548 11
6549 11
6550 11
6551 11
6552 11
6553 11
6554 11
6555 11
6556 11
6557 11
6558 11
6559 11
6560 11
6561 11
6562 11
6563 11
6564 11
6565 11
6566 11
6567 11
6568 11
6569 11
6570 11
6571 11
6572 11
6573 11
6574 11
6575 11
6576 11
6577 11
6578 11
6579 11
6580 11
6581 11
6582 11
6583 11
6584 11
6585 11
6586 11
6587 11
6588 11
6589 11
6590 11
6591 11
6592 11
6593 11
6594 11
6595 11
6596 11
6597 11
6598 11
6599 11
6600 11
6601 11
6602 11
6603 11
6604 11
6605 11
6606 11
6607 11
6608 11
6609 11
6610 11
6611 11
6612 11
6613 11
6614 11
6615 11
6616 11
6617 11
6618 11
6619 11
6620 11
6621 11
6622 11
6623 11
6624 11
6625 11
6626 11
6627 11
6628 11
6629 11
6630 11
6631 11
6632 11
6633 11
6634 11
6635 11
6636 11
6637 11
6638 11
6639 11
6640 11
6641 11
6642 11
6643 11
6644 11
6645 11
6646 11
6647 11
6648 11
6649 11
6650 11
6651 11
6652 11
6653 11
6654 11
6655 11
6656 11
6657 11
6658 11
6659 11
6660 11
6661 11
6662 11
6663 11
6664 11
6665 11
6666 11
6667 11
6668 11
6669 11
6670 11
6671 11
6672 11
6673 11
6674 11
6675 11
6676 11
6677 11
6678 11
6679 11
6680 11
6681 11
6682 11
6683 11
6684 11
6685 11
6686 11
6687 11
6688 11
6689 11
6690 11
6691 11
6692 11
6693 11
6694 11
6695 11
6696 11
6697 11
6698 11
6699 11
6700 11
6701 11
6702 11
6703 11
6704 11
6705 11
6706 11
6707 11
6708 11
6709 11
6710 11
6711 11
6712 11
6713 11
6714 11
6715 11
6716 11
6717 11
6718 11
6719 11
6720 11
6721 11
6722 11
6723 11
6724 11
6725 11
6726 11
6727 11
6728 11
6729 11
6730 11
6731 11
6732 11
6733 11
6734 11
6735 11
6736 11
6737 11
6738 11
6739 11
6740 11
6741 11
6742 11
6743 11
6744 11
6745 11
6746 11
6747 11
6748 11
6749 11
6750 11
6751 11
6752 11
6753 11
6754 11
6755 11
6756 11
6757 11
6758 11
6759 11
6760 11
6761 11
6762 11
6763 11
6764 11
6765 11
6766 11
6767 11
6768 11
6769 11
6770 11
6771 11
6772 11
6773 11
6774 11
6775 11
6776 11
6777 11
6778 11
6779 11
6780 11
6781 11
6782 11
6783 11
6784 11
6785 11
6786 11
6787 11
6788 11
6789 11
6790 11
6791 11
6792 11
6793 11
6794 11
6795 11
6796 11
6797 11
6798 11
6799 11
6800 11
6801 11
6802 11
6803 11
6804 11
6805 11
6806 11
6807 11
6808 11
6809 11
6810 11
6811 11
6812 11
6813 11
6814 11
6815 11
6816 11
6817 11
6818 11
6819 11
6820 11
6821 11
6822 11
6823 11
6824 11
6825 11
6826 11
6827 11
6828 11
6829 11
6830 11
6831 11
6832 11
6833 11
6834 11
6835 11
6836 11
6837 11
6838 11
6839 11
6840 11
6841 11
6842 11
6843 11
6844 11
6845 11
6846 11
6847 11
6848 11
6849 11
6850 11
6851 11
6852 11
6853 11
6854 11
6855 11
6856 11
6857 11
6858 11
6859 11
6860 11
6861 11
6862 11
6863 11
6864 11
6865 11
6866 11
6867 11
6868 11
6869 11
6870 11
6871 11
6872 11
6873 11
6874 11
6875 11
6876 11
6877 11
6878 11
6879 11
6880 11
6881 11
6882 11
6883 11
6884 11
6885 11
6886 11
6887 11
6888 11
6889 11
6890 11
6891 11
6892 11
6893 11
6894 11
6895 11
6896 11
6897 11
6898 11
6899 11
6900 11
6901 11
6902 11
6903 11
6904 11
6905 11
6906 11
6907 11
6908 11
6909 11
6910 11
6911 11
6912 11
6913 11
6914 11
6915 11
6916 11
6917 11
6918 11
6919 11
6920 11
6921 11
6922 11
6923 11
6924 11
6925 11
6926 11
6927 11
6928 11
6929 11
6930 11
6931 11
6932 11
6933 11
6934 11
6935 11
6936 11
6937 11
6938 11
6939 11
6940 11
6941 11
6942 11
6943 11
6944 11
6945 11
6946 11
6947 11
6948 11
6949 11
6950 11
6951 11
6952 11
6953 11
6954 11
6955 11
6956 12
6957 12
6958 12
6959 12
6960 12
6961 12
6962 12
6963 12
6964 12
6965 12
6966 12
6967 12
6968 12
6969 12
6970 12
6971 12
6972 12
6973 12
6974 12
6975 12
6976 12
6977 12
6978 12
6979 12
6980 12
6981 12
6982 12
6983 12
6984 12
6985 12
6986 12
6987 12
6988 12
6989 12
6990 12
6991 12
6992 12
6993 12
6994 12
6995 12
6996 12
6997 12
6998 12
6999 12
7000 12
7001 12
7002 12
7003 12
7004 12
7005 12
7006 12
7007 12
7008 12
7009 12
7010 12
7011 12
7012 12
7013 12
7014 12
7015 12
7016 12
7017 12
7018 12
7019 12
7020 12
7021 12
7022 12
7023 12
7024 12
7025 12
7026 12
7027 12
7028 12
7029 12
7030 12
7031 12
7032 12
7033 12
7034 12
7035 12
7036 12
7037 12
7038 12
7039 12
7040 12
7041 12
7042 12
7043 12
7044 12
7045 12
7046 12
7047 12
7048 12
7049 12
7050 12
7051 12
7052 12
7053 12
7054 12
7055 12
7056 12
7057 12
7058 12
7059 12
7060 12
7061 12
7062 12
7063 12
7064 12
7065 12
7066 12
7067 12
7068 12
7069 12
7070 12
7071 12
7072 12
7073 12
7074 12
7075 12
7076 12
7077 12
7078 12
7079 12
7080 12
7081 12
7082 12
7083 12
7084 12
7085 12
7086 12
7087 12
7088 12
7089 12
7090 12
7091 12
7092 12
7093 12
7094 12
7095 12
7096 12
7097 12
7098 12
7099 12
7100 12
7101 12
7102 12
7103 12
7104 12
7105 12
7106 12
7107 12
7108 12
7109 12
7110 12
7111 12
7112 12
7113 12
7114 12
7115 12
7116 12
7117 12
7118 12
7119 12
7120 12
7121 12
7122 12
7123 12
7124 12
7125 12
7126 12
7127 12
7128 12
7129 12
7130 12
7131 12
7132 12
7133 12
7134 12
7135 12
7136 12
7137 12
7138 12
7139 12
7140 12
7141 12
7142 12
7143 12
7144 12
7145 12
7146 12
7147 12
7148 12
7149 12
7150 12
7151 12
7152 12
7153 12
7154 12
7155 12
7156 12
7157 12
7158 12
7159 12
7160 12
7161 12
7162 12
7163 12
7164 12
7165 12
7166 12
7167 12
7168 12
7169 12
7170 12
7171 12
7172 12
7173 12
7174 12
7175 12
7176 12
7177 12
7178 12
7179 12
7180 12
7181 12
7182 12
7183 12
7184 12
7185 12
7186 12
7187 12
7188 12
7189 12
7190 12
7191 12
7192 12
7193 12
7194 12
7195 12
7196 12
7197 12
7198 12
7199 12
7200 12
7201 12
7202 12
7203 12
7204 12
7205 12
7206 12
7207 12
7208 12
7209 12
7210 12
7211 12
7212 12
7213 12
7214 12
7215 12
7216 12
7217 12
7218 12
7219 12
7220 12
7221 12
7222 12
7223 12
7224 12
7225 12
7226 12
7227 12
7228 12
7229 12
7230 12
7231 12
7232 12
7233 12
7234 12
7235 12
7236 12
7237 12
7238 12
7239 12
7240 12
7241 12
7242 12
7243 12
7244 12
7245 12
7246 12
7247 12
7248 12
7249 12
7250 12
7251 12
7252 12
7253 12
7254 12
7255 12
7256 12
7257 12
7258 12
7259 12
7260 12
7261 12
7262 12
7263 12
7264 12
7265 12
7266 12
7267 12
7268 12
7269 12
7270 12
7271 12
7272 12
7273 12
7274 12
7275 12
7276 12
7277 12
7278 12
7279 12
7280 12
7281 12
7282 12
7283 12
7284 12
7285 12
7286 12
7287 12
7288 12
7289 12
7290 12
7291 12
7292 12
7293 12
7294 12
7295 12
7296 12
7297 12
7298 12
7299 12
7300 12
7301 12
7302 12
7303 12
7304 12
7305 12
7306 12
7307 12
7308 12
7309 12
7310 12
7311 12
7312 12
7313 12
7314 12
7315 12
7316 12
7317 12
7318 12
7319 12
7320 12
7321 12
7322 12
7323 12
7324 12
7325 12
7326 12
7327 12
7328 12
7329 12
7330 12
7331 12
7332 12
7333 12
7334 12
7335 12
7336 12
7337 12
7338 12
7339 12
7340 12
7341 12
7342 12
7343 12
7344 12
7345 12
7346 12
7347 12
7348 12
7349 12
7350 12
7351 12
7352 12
7353 12
7354 12
7355 12
7356 12
7357 12
7358 12
7359 12
7360 12
7361 12
7362 12
7363 12
7364 12
7365 12
7366 12
7367 12
7368 12
7369 12
7370 12
7371 12
7372 12
7373 12
7374 12
7375 12
7376 12
7377 12
7378 12
7379 12
7380 12
7381 12
7382 12
7383 12
7384 12
7385 12
7386 12
7387 12
7388 12
7389 12
7390 12
7391 12
7392 12
7393 12
7394 12
7395 12
7396 12
7397 12
7398 12
7399 12
7400 12
7401 12
7402 12
7403 12
7404 12
7405 12
7406 12
7407 12
7408 12
7409 12
7410 12
7411 12
7412 12
7413 12
7414 12
7415 12
7416 12
7417 12
7418 12
7419 12
7420 12
7421 12
7422 12
7423 12
7424 12
7425 12
7426 12
7427 12
7428 12
7429 12
7430 12
7431 12
7432 12
7433 12
7434 12
7435 12
7436 12
7437 12
7438 12
7439 12
7440 12
7441 12
7442 12
7443 12
7444 12
7445 12
7446 12
7447 12
7448 12
7449 12
7450 12
7451 12
7452 12
7453 12
7454 12
7455 12
7456 12
7457 12
7458 12
7459 12
7460 12
7461 12
7462 12
7463 12
7464 12
7465 12
7466 12
7467 12
7468 12
7469 12
7470 12
7471 12
7472 12
7473 12
7474 12
7475 12
7476 12
7477 12
7478 12
7479 12
7480 12
7481 12
7482 12
7483 12
7484 12
7485 12
7486 12
7487 12
7488 12
7489 12
7490 12
7491 12
7492 12
7493 12
7494 12
7495 12
7496 12
7497 12
7498 12
7499 12
7500 12
7501 12
7502 12
7503 12
7504 12
7505 12
7506 12
7507 12
7508 12
7509 12
7510 12
7511 12
7512 12
7513 12
7514 12
7515 12
7516 12
7517 12
7518 12
7519 12
7520 12
7521 12
7522 12
7523 12
7524 12
7525 12
7526 12
7527 12
7528 12
7529 12
7530 12
7531 12
7532 12
7533 12
7534 12
7535 12
7536 12
7537 12
7538 12
7539 12
7540 12
7541 12
7542 12
7543 12
7544 12
7545 12
7546 12
7547 12
7548 12
7549 12
7550 12
7551 12
7552 12
7553 12
7554 12
7555 12
7556 12
7557 12
7558 12
7559 12
7560 12
7561 12
7562 12
7563 12
7564 12
7565 12
7566 12
7567 12
7568 12
7569 12
7570 12
7571 12
7572 12
7573 12
7574 12
7575 12
7576 12
7577 12
7578 12
7579 12
7580 12
7581 12
7582 12
7583 12
7584 12
7585 12
7586 12
7587 12
7588 12
7589 12
7590 12
7591 12
7592 12
7593 12
7594 12
7595 12
7596 12
7597 12
7598 12
7599 12
7600 12
7601 12
7602 12
7603 12
7604 12
7605 12
7606 12
7607 12
7608 12
7609 12
7610 12
7611 12
7612 12
7613 12
7614 12
7615 12
7616 12
7617 12
7618 12
7619 12
7620 12
7621 12
7622 12
7623 12
7624 12
7625 12
7626 12
7627 12
7628 12
7629 12
7630 12
7631 12
7632 12
7633 12
7634 12
7635 12
7636 12
7637 12
7638 12
7639 12
7640 12
7641 12
7642 12
7643 12
7644 12
7645 12
7646 12
7647 12
7648 12
7649 12
7650 12
7651 12
7652 12
7653 12
7654 12
7655 12
7656 12
7657 12
7658 12
7659 12
7660 12
7661 12
7662 12
7663 12
7664 12
7665 12
7666 12
7667 12
7668 12
7669 12
7670 12
7671 12
7672 12
7673 12
7674 12
7675 12
7676 12
7677 12
7678 12
7679 12
7680 12
7681 12
7682 12
7683 12
7684 12
7685 12
7686 12
7687 12
7688 12
7689 12
7690 12
7691 12
7692 12
7693 12
7694 12
7695 12
7696 12
7697 12
7698 12
7699 12
7700 12
7701 12
7702 12
7703 12
7704 12
7705 12
7706 12
7707 12
7708 12
7709 12
7710 12
7711 12
7712 12
7713 12
7714 12
7715 12
7716 12
7717 12
7718 12
7719 12
7720 12
7721 12
7722 12
7723 12
7724 12
7725 12
7726 12
7727 12
7728 12
7729 12
7730 12
7731 12
7732 12
7733 12
7734 12
7735 12
7736 12
7737 12
7738 12
7739 12
7740 12
7741 12
7742 12
7743 12
7744 12
7745 12
7746 12
7747 12
7748 12
7749 12
7750 12
7751 12
7752 12
7753 12
7754 12
7755 12
7756 12
7757 12
7758 12
7759 12
7760 12
7761 12
7762 12
7763 12
7764 12
7765 12
7766 12
7767 12
7768 12
7769 12
7770 12
7771 12
7772 12
7773 12
7774 12
7775 12
7776 12
7777 12
7778 12
7779 12
7780 12
7781 12
7782 12
7783 12
7784 12
7785 12
7786 12
7787 12
7788 12
7789 12
7790 12
7791 12
7792 12
7793 12
7794 12
7795 12
7796 12
7797 12
7798 12
7799 12
7800 12
7801 12
7802 12
7803 12
7804 12
7805 12
7806 12
7807 12
7808 12
7809 12
7810 12
7811 12
7812 12
7813 12
7814 12
7815 12
7816 12
7817 12
7818 12
7819 12
7820 12
7821 12
7822 12
7823 12
7824 12
7825 12
7826 12
7827 12
7828 12
7829 12
7830 12
7831 12
7832 12
7833 12
7834 12
7835 12
7836 12
7837 12
7838 12
7839 12
7840 12
7841 12
7842 12
7843 12
7844 12
7845 12
7846 12
7847 12
7848 12
7849 12
7850 12
7851 12
7852 12
7853 12
7854 12
7855 12
7856 12
7857 12
7858 12
7859 12
7860 12
7861 12
7862 12
7863 12
7864 12
7865 12
7866 12
7867 12
7868 12
7869 12
7870 12
7871 12
7872 12
7873 12
7874 12
7875 12
7876 12
7877 12
7878 12
7879 12
7880 12
7881 12
7882 12
7883 12
7884 12
7885 12
7886 12
7887 12
7888 12
7889 12
7890 12
7891 12
7892 12
7893 12
7894 12
7895 12
7896 12
7897 12
7898 12
7899 12
7900 12
7901 12
7902 12
7903 12
7904 12
7905 12
7906 12
7907 12
7908 12
7909 12
7910 12
7911 12
7912 12
7913 12
7914 12
7915 12
7916 12
7917 12
7918 12
7919 12
7920 12
7921 12
7922 12
7923 12
7924 12
7925 12
7926 12
7927 12
7928 12
7929 12
7930 12
7931 12
7932 12
7933 12
7934 12
7935 12
7936 12
7937 12
7938 12
7939 12
7940 12
7941 12
7942 12
7943 12
7944 12
7945 12
7946 12
7947 12
7948 12
7949 12
7950 12
7951 12
7952 12
7953 12
7954 12
7955 12
7956 12
7957 12
7958 12
7959 12
7960 12
7961 12
7962 12
7963 12
7964 12
7965 12
7966 12
7967 12
7968 12
7969 12
7970 12
7971 12
7972 12
7973 12
7974 12
7975 12
7976 12
7977 12
7978 12
7979 12
7980 12
7981 12
7982 12
7983 12
7984 12
7985 12
7986 12
7987 12
7988 12
7989 12
7990 12
7991 12
7992 12
7993 12
7994 12
7995 12
7996 12
7997 12
7998 12
7999 12
8000 12
8001 12
8002 12
8003 12
8004 12
8005 12
8006 12
8007 12
8008 12
8009 12
8010 12
8011 12
8012 12
8013 12
8014 12
8015 12
8016 12
8017 12
8018 12
8019 12
8020 12
8021 12
8022 12
8023 12
8024 12
8025 12
8026 12
8027 12
8028 12
8029 12
8030 12
8031 12
8032 12
8033 12
8034 12
8035 12
8036 12
8037 12
8038 12
8039 12
8040 12
8041 12
8042 12
8043 12
8044 12
8045 12
8046 12
8047 12
8048 12
8049 12
8050 12
8051 12
8052 12
8053 12
8054 12
8055 12
8056 12
8057 12
8058 12
8059 12
8060 12
8061 12
8062 12
8063 12
8064 12
8065 12
8066 12
8067 12
8068 12
8069 12
8070 12
8071 12
8072 12
8073 12
8074 12
8075 12
8076 12
8077 12
8078 12
8079 12
8080 12
8081 12
8082 12
8083 12
8084 12
8085 12
8086 12
8087 12
8088 12
8089 12
8090 12
8091 12
8092 12
8093 12
8094 12
8095 12
8096 12
8097 12
8098 12
8099 12
8100 12
8101 12
8102 12
8103 12
8104 12
8105 12
8106 12
8107 12
8108 12
8109 12
8110 12
8111 12
8112 12
8113 12
8114 12
8115 12
8116 12
8117 12
8118 12
8119 12
8120 12
8121 12
8122 12
8123 12
8124 12
8125 12
8126 12
8127 12
8128 12
8129 12
8130 12
8131 12
8132 12
8133 12
8134 12
8135 12
8136 12
8137 12
8138 12
8139 12
8140 12
8141 12
8142 12
8143 12
8144 12
8145 12
8146 12
8147 12
8148 12
8149 12
8150 12
8151 12
8152 12
8153 12
8154 12
8155 12
8156 12
8157 12
8158 12
8159 12
8160 12
8161 12
8162 12
8163 12
8164 12
8165 12
8166 12
8167 12
8168 12
8169 12
8170 12
8171 12
8172 12
8173 12
8174 12
8175 12
8176 12
8177 12
8178 12
8179 12
8180 12
8181 12
8182 12
8183 12
8184 12
8185 12
8186 12
8187 12
8188 12
8189 12
8190 12
8191 12
8192 12
8193 12
8194 12
8195 12
8196 12
8197 12
8198 12
8199 12
8200 12
8201 12
8202 12
8203 12
8204 12
8205 12
8206 12
8207 12
8208 12
8209 12
8210 12
8211 12
8212 12
8213 12
8214 12
8215 12
8216 12
8217 12
8218 12
8219 12
8220 12
8221 12
8222 12
8223 12
8224 12
8225 12
8226 12
8227 12
8228 12
8229 12
8230 12
8231 12
8232 12
8233 12
8234 12
8235 12
8236 12
8237 12
8238 12
8239 12
8240 12
8241 12
8242 12
8243 12
8244 12
8245 12
8246 12
8247 12
8248 12
8249 12
8250 12
8251 12
8252 12
8253 12
8254 12
8255 12
8256 12
8257 12
8258 12
8259 12
8260 12
8261 12
8262 12
8263 12
8264 12
8265 12
8266 12
8267 12
8268 12
8269 12
8270 12
8271 12
8272 12
8273 12
8274 12
8275 12
8276 12
8277 12
8278 12
8279 12
8280 12
8281 12
8282 12
8283 12
8284 12
8285 12
8286 12
8287 12
8288 12
8289 12
8290 12
8291 12
8292 12
8293 12
8294 12
8295 12
8296 12
8297 12
8298 12
8299 12
8300 12
8301 12
8302 12
8303 12
8304 12
8305 12
8306 12
8307 12
8308 12
8309 12
8310 12
8311 12
8312 12
8313 12
8314 12
8315 12
8316 12
8317 12
8318 12
8319 12
8320 12
8321 12
8322 12
8323 12
8324 12
8325 12
8326 12
8327 12
8328 12
8329 12
8330 12
8331 12
8332 12
8333 12
8334 12
8335 12
8336 12
8337 12
8338 12
8339 12
8340 12
8341 12
8342 12
8343 12
8344 12
8345 12
8346 12
8347 12
8348 12
8349 12
8350 12
8351 12
8352 12
8353 12
8354 12
8355 12
8356 12
8357 12
8358 12
8359 12
8360 12
8361 12
8362 12
8363 12
8364 12
8365 12
8366 12
8367 12
8368 12
8369 12
8370 12
8371 12
8372 12
8373 12
8374 12
8375 12
8376 12
8377 12
8378 12
8379 12
8380 12
8381 12
8382 12
8383 12
8384 12
8385 12
8386 12
8387 12
8388 12
8389 12
8390 12
8391 12
8392 12
8393 12
8394 12
8395 12
8396 12
8397 12
8398 12
8399 12
8400 12
8401 12
8402 12
8403 12
8404 12
8405 12
8406 12
8407 12
8408 12
8409 12
8410 12
8411 12
8412 12
8413 12
8414 12
8415 12
8416 12
8417 12
8418 12
8419 12
8420 12
8421 12
8422 12
8423 12
8424 12
8425 12
8426 12
8427 12
8428 12
8429 12
8430 12
8431 12
8432 12
8433 12
8434 12
8435 12
8436 12
8437 12
8438 12
8439 12
8440 12
8441 12
8442 12
8443 12
8444 12
8445 12
8446 12
8447 12
8448 12
8449 12
8450 12
8451 12
8452 12
8453 12
8454 12
8455 12
8456 12
8457 12
8458 12
8459 12
8460 12
8461 12
8462 12
8463 12
8464 12
8465 12
8466 12
8467 12
8468 12
8469 12
8470 12
8471 12
8472 12
8473 12
8474 12
8475 12
8476 12
8477 12
8478 12
8479 12
8480 12
8481 12
8482 12
8483 12
8484 12
8485 12
8486 12
8487 12
8488 12
8489 12
8490 12
8491 12
8492 12
8493 12
8494 12
8495 12
8496 12
8497 12
8498 12
8499 12
8500 12
8501 12
8502 12
8503 12
8504 12
8505 12
8506 12
8507 12
8508 12
8509 12
8510 12
8511 12
8512 12
8513 12
8514 12
8515 12
8516 12
8517 12
8518 12
8519 12
8520 12
8521 12
8522 12
8523 12
8524 12
8525 12
8526 12
8527 12
8528 12
8529 12
8530 12
8531 12
8532 12
8533 12
8534 12
8535 12
8536 12
8537 12
8538 12
8539 12
8540 12
8541 12
8542 12
8543 12
8544 12
8545 12
8546 12
8547 12
8548 12
8549 12
8550 12
8551 12
8552 12
8553 12
8554 12
8555 12
8556 12
8557 12
8558 12
8559 12
8560 12
8561 12
8562 12
8563 12
8564 12
8565 12
8566 12
8567 12
8568 12
8569 12
8570 12
8571 12
8572 12
8573 12
8574 12
8575 12
8576 12
8577 12
8578 12
8579 12
8580 12
8581 12
8582 12
8583 12
8584 12
8585 12
8586 12
8587 12
8588 12
8589 12
8590 12
8591 12
8592 12
8593 12
8594 12
8595 12
8596 12
8597 12
8598 12
8599 12
8600 12
8601 12
8602 12
8603 12
8604 12
8605 12
8606 12
8607 12
8608 12
8609 12
8610 12
8611 12
8612 12
8613 12
8614 12
8615 12
8616 12
8617 12
8618 12
8619 12
8620 12
8621 12
8622 12
8623 12
8624 12
8625 12
8626 12
8627 12
8628 12
8629 12
8630 12
8631 12
8632 12
8633 12
8634 12
8635 12
8636 12
8637 12
8638 12
8639 12
8640 12
8641 12
8642 12
8643 12
8644 12
8645 12
8646 12
8647 12
8648 12
8649 12
8650 12
8651 12
8652 12
8653 12
8654 12
8655 12
8656 12
8657 12
8658 12
8659 12
8660 12
8661 12
8662 12
8663 12
8664 12
8665 12
8666 12
8667 12
8668 12
8669 12
8670 12
8671 12
8672 12
8673 12
8674 12
8675 12
8676 12
8677 12
8678 12
8679 12
8680 12
8681 12
8682 12
8683 12
8684 12
8685 12
8686 12
8687 12
8688 12
8689 12
8690 12
8691 12
8692 12
8693 12
8694 12
8695 12
8696 12
8697 12
8698 12
8699 12
8700 12
8701 12
8702 12
8703 12
8704 12
8705 12
8706 12
8707 12
8708 12
8709 12
8710 12
8711 12
8712 12
8713 12
8714 12
8715 12
8716 12
8717 12
8718 12
8719 12
8720 12
8721 12
8722 12
8723 12
8724 12
8725 12
8726 12
8727 12
8728 12
8729 12
8730 12
8731 12
8732 12
8733 12
8734 12
8735 12
8736 12
8737 12
8738 12
8739 12
8740 12
8741 12
8742 12
8743 12
8744 12
8745 12
8746 12
8747 12
8748 12
8749 12
8750 12
8751 12
8752 12
8753 12
8754 12
8755 12
8756 12
8757 12
8758 12
8759 12
8760 12
8761 12
8762 12
8763 12
8764 12
8765 12
8766 12
8767 12
8768 12
8769 12
8770 12
8771 12
8772 12
8773 12
8774 12
8775 12
8776 12
8777 12
8778 12
8779 12
8780 12
8781 12
8782 12
8783 12
8784 12
8785 12
8786 12
8787 12
8788 12
8789 12
8790 12
8791 12
8792 12
8793 12
8794 12
8795 12
8796 12
8797 12
8798 12
8799 12
8800 12
8801 12
8802 12
8803 12
8804 12
8805 12
8806 12
8807 12
8808 12
8809 12
8810 12
8811 12
8812 12
8813 12
8814 12
8815 12
8816 12
8817 12
8818 12
8819 12
8820 12
8821 12
8822 12
8823 12
8824 12
8825 12
8826 12
8827 12
8828 12
8829 12
8830 12
8831 12
8832 12
8833 12
8834 12
8835 12
8836 12
8837 12
8838 12
8839 12
8840 12
8841 12
8842 12
8843 12
8844 12
8845 12
8846 12
8847 12
8848 12
8849 12
8850 12
8851 12
8852 12
8853 12
8854 12
8855 12
8856 12
8857 12
8858 12
8859 12
8860 12
8861 12
8862 12
8863 12
8864 12
8865 12
8866 12
8867 12
8868 12
8869 12
8870 12
8871 12
8872 12
8873 12
8874 12
8875 12
8876 12
8877 12
8878 12
8879 12
8880 12
8881 12
8882 12
8883 12
8884 12
8885 12
8886 12
8887 12
8888 12
8889 12
8890 12
8891 12
8892 12
8893 12
8894 12
8895 12
8896 12
8897 12
8898 12
8899 12
8900 12
8901 12
8902 12
8903 12
8904 12
8905 12
8906 12
8907 12
8908 12
8909 12
8910 12
8911 12
8912 12
8913 12
8914 12
8915 12
8916 12
8917 12
8918 12
8919 12
8920 12
8921 12
8922 12
8923 12
8924 12
8925 12
8926 12
8927 12
8928 12
8929 12
8930 12
8931 12
8932 12
8933 12
8934 12
8935 12
8936 12
8937 12
8938 12
8939 12
8940 12
8941 12
8942 12
8943 12
8944 12
8945 12
8946 12
8947 12
8948 12
8949 12
8950 12
8951 12
8952 12
8953 12
8954 12
8955 12
8956 12
8957 12
8958 12
8959 12
8960 12
8961 12
8962 12
8963 12
8964 12
8965 12
8966 12
8967 12
8968 12
8969 12
8970 12
8971 12
8972 12
8973 12
8974 12
8975 12
8976 12
8977 12
8978 12
8979 12
8980 12
8981 12
8982 12
8983 12
8984 12
8985 12
8986 12
8987 12
8988 12
8989 12
8990 12
8991 12
8992 12
8993 12
8994 12
8995 12
8996 12
8997 12
8998 12
8999 12
9000 12
9001 12
9002 12
9003 12
9004 12
9005 12
9006 12
9007 12
9008 12
9009 12
9010 12
9011 12
9012 12
9013 12
9014 12
9015 12
9016 12
9017 12
9018 12
9019 12
9020 12
9021 12
9022 12
9023 12
9024 12
9025 12
9026 12
9027 12
9028 12
9029 12
9030 12
9031 12
9032 12
9033 12
9034 12
9035 12
9036 12
9037 12
9038 12
9039 12
9040 12
9041 12
9042 12
9043 12
9044 12
9045 12
9046 12
9047 12
9048 12
9049 12
9050 12
9051 12
9052 12
9053 12
9054 12
9055 12
9056 12
9057 12
9058 12
9059 12
9060 12
9061 12
9062 12
9063 12
9064 12
9065 12
9066 12
9067 12
9068 12
9069 12
9070 12
9071 12
9072 12
9073 12
9074 12
9075 12
9076 12
9077 12
9078 12
9079 12
9080 12
9081 12
9082 12
9083 12
9084 12
9085 12
9086 12
9087 12
9088 12
9089 12
9090 12
9091 12
9092 12
9093 12
9094 12
9095 12
9096 12
9097 12
9098 12
9099 12
9100 12
9101 12
9102 12
9103 12
9104 12
9105 12
9106 12
9107 12
9108 12
9109 12
9110 12
9111 12
9112 12
9113 12
9114 12
9115 12
9116 12
9117 12
9118 12
9119 12
9120 12
9121 12
9122 12
9123 12
9124 12
9125 12
9126 12
9127 12
9128 12
9129 12
9130 12
9131 12
9132 12
9133 12
9134 12
9135 12
9136 12
9137 12
9138 12
9139 12
9140 12
9141 12
9142 12
9143 12
9144 12
9145 12
9146 12
9147 12
9148 12
9149 12
9150 12
9151 12
9152 12
9153 12
9154 12
9155 12
9156 12
9157 12
9158 12
9159 12
9160 12
9161 12
9162 12
9163 12
9164 12
9165 12
9166 12
9167 12
9168 12
9169 12
9170 12
9171 12
9172 12
9173 12
9174 12
9175 12
9176 12
9177 12
9178 12
9179 12
9180 12
9181 12
9182 12
9183 12
9184 12
9185 12
9186 12
9187 12
9188 12
9189 12
9190 12
9191 12
9192 12
9193 12
9194 12
9195 12
9196 12
9197 12
9198 12
9199 12
9200 12
9201 12
9202 12
9203 12
9204 12
9205 12
9206 12
9207 12
9208 12
9209 12
9210 12
9211 12
9212 12
9213 12
9214 12
9215 12
9216 12
9217 12
9218 12
9219 12
9220 12
9221 12
9222 12
9223 12
9224 12
9225 12
9226 12
9227 12
9228 12
9229 12
9230 12
9231 12
9232 12
9233 12
9234 12
9235 12
9236 12
9237 12
9238 12
9239 12
9240 12
9241 12
9242 12
9243 12
9244 12
9245 12
9246 12
9247 12
9248 12
9249 12
9250 12
9251 12
9252 12
9253 12
9254 12
9255 12
9256 12
9257 12
9258 12
9259 12
9260 12
9261 12
9262 12
9263 12
9264 12
9265 12
9266 12
9267 12
9268 12
9269 12
9270 12
9271 12
9272 12
9273 12
9274 12
9275 12
9276 12
9277 12
9278 12
9279 12
9280 12
9281 12
9282 12
9283 12
9284 12
9285 12
9286 12
9287 12
9288 12
9289 12
9290 12
9291 12
9292 12
9293 12
9294 12
9295 12
9296 12
9297 12
9298 12
9299 12
9300 12
9301 12
9302 12
9303 12
9304 12
9305 12
9306 12
9307 12
9308 12
9309 12
9310 12
9311 12
9312 12
9313 12
9314 12
9315 12
9316 12
9317 12
9318 12
9319 12
9320 12
9321 12
9322 12
9323 12
9324 12
9325 12
9326 12
9327 12
9328 12
9329 12
9330 12
9331 12
9332 12
9333 12
9334 12
9335 12
9336 12
9337 12
9338 12
9339 12
9340 12
9341 12
9342 12
9343 12
9344 12
9345 12
9346 12
9347 12
9348 12
9349 12
9350 12
9351 12
9352 12
9353 12
9354 12
9355 12
9356 12
9357 12
9358 12
9359 12
9360 12
9361 12
9362 12
9363 12
9364 12
9365 12
9366 12
9367 12
9368 12
9369 12
9370 12
9371 12
9372 12
9373 12
9374 12
9375 12
9376 12
9377 12
9378 12
9379 12
9380 12
9381 12
9382 12
9383 12
9384 12
9385 12
9386 12
9387 12
9388 12
9389 12
9390 12
9391 12
9392 12
9393 12
9394 12
9395 12
9396 12
9397 12
9398 12
9399 12
9400 12
9401 12
9402 12
9403 12
9404 12
9405 12
9406 12
9407 12
9408 12
9409 12
9410 12
9411 12
9412 12
9413 12
9414 12
9415 12
9416 12
9417 12
9418 12
9419 12
9420 12
9421 12
9422 12
9423 12
9424 12
9425 12
9426 12
9427 12
9428 12
9429 12
9430 12
9431 12
9432 12
9433 12
9434 12
9435 12
9436 12
9437 12
9438 12
9439 12
9440 12
9441 12
9442 12
9443 12
9444 12
9445 12
9446 12
9447 12
9448 12
9449 12
9450 12
9451 12
9452 12
9453 12
9454 12
9455 12
9456 12
9457 12
9458 12
9459 12
9460 12
9461 12
9462 12
9463 12
9464 12
9465 12
9466 12
9467 12
9468 12
9469 12
9470 12
9471 12
9472 12
9473 12
9474 12
9475 12
9476 12
9477 12
9478 12
9479 12
9480 12
9481 12
9482 12
9483 12
9484 12
9485 12
9486 12
9487 12
9488 12
9489 12
9490 12
9491 12
9492 12
9493 12
9494 12
9495 12
9496 12
9497 12
9498 12
9499 12
9500 12
9501 12
9502 12
9503 12
9504 12
9505 12
9506 12
9507 12
9508 12
9509 12
9510 12
9511 12
9512 12
9513 12
9514 12
9515 12
9516 12
9517 12
9518 12
9519 12
9520 12
9521 12
9522 12
9523 12
9524 12
9525 12
9526 12
9527 12
9528 12
9529 12
9530 12
9531 12
9532 12
9533 12
9534 12
9535 12
9536 12
9537 12
9538 12
9539 12
9540 12
9541 12
9542 12
9543 12
9544 12
9545 12
9546 12
9547 12
9548 12
9549 12
9550 12
9551 12
9552 12
9553 12
9554 12
9555 12
9556 12
9557 12
9558 12
9559 12
9560 12
9561 12
9562 12
9563 12
9564 12
9565 12
9566 12
9567 12
9568 12
9569 12
9570 12
9571 12
9572 12
9573 12
9574 12
9575 12
9576 12
9577 12
9578 12
9579 12
9580 12
9581 12
9582 12
9583 12
9584 12
9585 12
9586 12
9587 12
9588 12
9589 12
9590 12
9591 12
9592 12
9593 12
9594 12
9595 12
9596 12
9597 12
9598 12
9599 12
9600 12
9601 12
9602 12
9603 12
9604 12
9605 12
9606 12
9607 12
9608 12
9609 12
9610 12
9611 12
9612 12
9613 12
9614 12
9615 12
9616 12
9617 12
9618 12
9619 12
9620 12
9621 12
9622 12
9623 12
9624 12
9625 12
9626 12
9627 12
9628 12
9629 12
9630 12
9631 12
9632 12
9633 12
9634 12
9635 12
9636 12
9637 12
9638 12
9639 12
9640 12
9641 12
9642 12
9643 12
9644 12
9645 12
9646 12
9647 12
9648 12
9649 12
9650 12
9651 12
9652 12
9653 12
9654 12
9655 12
9656 12
9657 12
9658 12
9659 12
9660 12
9661 12
9662 12
9663 12
9664 12
9665 12
9666 12
9667 12
9668 12
9669 12
9670 12
9671 12
9672 12
9673 12
9674 12
9675 12
9676 12
9677 12
9678 12
9679 12
9680 12
9681 12
9682 12
9683 12
9684 12
9685 12
9686 12
9687 12
9688 12
9689 12
9690 12
9691 12
9692 12
9693 12
9694 12
9695 12
9696 12
9697 12
9698 12
9699 12
9700 12
9701 12
9702 12
9703 12
9704 12
9705 12
9706 12
9707 12
9708 12
9709 12
9710 12
9711 12
9712 12
9713 12
9714 12
9715 12
9716 12
9717 12
9718 12
9719 12
9720 12
9721 12
9722 12
9723 12
9724 12
9725 12
9726 12
9727 12
9728 12
9729 12
9730 12
9731 12
9732 12
9733 12
9734 12
9735 12
9736 12
9737 12
9738 12
9739 12
9740 12
9741 12
9742 12
9743 12
9744 12
9745 12
9746 12
9747 12
9748 12
9749 12
9750 12
9751 12
9752 12
9753 12
9754 12
9755 12
9756 12
9757 12
9758 12
9759 12
9760 12
9761 12
9762 12
9763 12
9764 12
9765 12
9766 12
9767 12
9768 12
9769 12
9770 12
9771 12
9772 12
9773 12
9774 12
9775 12
9776 12
9777 12
9778 12
9779 12
9780 12
9781 12
9782 12
9783 12
9784 12
9785 12
9786 12
9787 12
9788 12
9789 12
9790 12
9791 12
9792 12
9793 12
9794 12
9795 12
9796 12
9797 12
9798 12
9799 12
9800 12
9801 12
9802 12
9803 12
9804 12
9805 12
9806 12
9807 12
9808 12
9809 12
9810 12
9811 12
9812 12
9813 12
9814 12
9815 12
9816 12
9817 12
9818 12
9819 12
9820 12
9821 12
9822 12
9823 12
9824 12
9825 12
9826 12
9827 12
9828 12
9829 12
9830 12
9831 12
9832 12
9833 12
9834 12
9835 12
9836 12
9837 12
9838 12
9839 12
9840 12
9841 12
9842 12
9843 12
9844 12
9845 12
9846 12
9847 12
9848 12
9849 12
9850 12
9851 12
9852 12
9853 12
9854 12
9855 12
9856 12
9857 12
9858 12
9859 12
9860 12
9861 12
9862 12
9863 12
9864 12
9865 12
9866 12
9867 12
9868 12
9869 12
9870 12
9871 12
9872 12
9873 12
9874 12
9875 12
9876 12
9877 12
9878 12
9879 12
9880 12
9881 12
9882 12
9883 12
9884 12
9885 12
9886 12
9887 12
9888 12
9889 12
9890 12
9891 12
9892 12
9893 12
9894 12
9895 12
9896 12
9897 12
9898 12
9899 12
9900 12
9901 12
9902 12
9903 12
9904 12
9905 12
9906 12
9907 12
9908 12
9909 12
9910 12
9911 12
9912 12
9913 12
9914 12
9915 12
9916 12
9917 12
9918 12
9919 12
9920 12
9921 12
9922 12
9923 12
9924 12
9925 12
9926 12
9927 12
9928 12
9929 12
9930 12
9931 12
9932 12
9933 12
9934 12
9935 12
9936 12
9937 12
9938 12
9939 12
9940 12
9941 12
9942 12
9943 12
9944 12
9945 12
9946 12
9947 12
9948 12
9949 12
9950 12
9951 12
9952 12
9953 12
9954 12
9955 12
9956 12
9957 12
9958 12
9959 12
9960 12
9961 12
9962 12
9963 12
9964 12
9965 12
9966 12
9967 12
9968 12
9969 12
9970 12
9971 12
9972 12
9973 12
9974 12
9975 12
9976 12
9977 12
9978 12
9979 12
9980 12
9981 12
9982 12
9983 12
9984 12
9985 12
9986 12
9987 12
9988 12
9989 12
9990 12
9991 12
9992 12
9993 12
9994 12
9995 12
9996 12
9997 12
9998 12
9999 12
10000 12
