1 1
2 1
3 1
4 1
5 1
6 1
7 1
8 1
9 1
10 1
11 2
12 2
13 2
14 2
15 2
16 2
17 2
18 2
19 2
20 2
21 2
22 2
23 2
24 2
25 2
26 2
27 2
28 2
29 2
30 3
31 3
32 3
33 3
34 3
35 3
36 3
37 3
38 3
39 4
40 4
41 4
42 4
43 4
44 4
45 4
46 4
47 4
48 4
49 4
50 4
51 4
52 4
53 4
54 4
55 4
56 4
57 4
58 4
59 4
60 4
61 4
62 4
63 4
64 4
65 4
66 4
67 4
68 4
69 4
70 4
71 4
72 4
73 4
74 4
75 4
76 4
77 4
78 4
79 4
80 4
81 4
82 4
83 4
84 4
85 4
86 4
87 4
88 4
89 4
90 4
91 4
92 4
93 4
94 4
95 4
96 4
97 5
98 5
99 5
100 5
101 5
102 5
103 5
104 5
105 5
106 5
107 5
108 5
109 5
110 5
111 5
112 5
113 5
114 5
115 5
116 5
117 5
118 5
119 5
120 5
121 5
122 5
123 5
124 5
125 5
126 5
127 5
128 5
129 5
130 5
131 5
132 5
133 5
134 5
135 5
136 5
137 5
138 5
139 5
140 5
141 5
142 5
143 5
144 5
145 5
146 5
147 5
148 5
149 5
150 5
151 5
152 5
153 5
154 5
155 5
156 5
157 5
158 5
159 5
160 5
161 5
162 5
163 5
164 5
165 5
166 5
167 5
168 5
169 5
170 5
171 5
172 5
173 5
174 5
175 5
176 5
177 5
178 5
179 5
180 5
181 5
182 5
183 5
184 5
185 5
186 5
187 5
188 5
189 5
190 5
191 5
192 5
193 5
194 5
195 5
196 5
197 5
198 5
199 5
200 5
201 5
202 5
203 5
204 5
205 5
206 5
207 5
208 5
209 5
210 5
211 5
212 5
213 5
214 5
215 5
216 5
217 5
218 5
219 5
220 5
221 5
222 5
223 5
224 5
225 5
226 5
227 5
228 5
229 6
230 6
231 6
232 6
233 6
234 6
235 6
236 6
237 6
238 6
239 6
240 6
241 6
242 6
243 6
244 6
245 6
246 6
247 6
248 7
249 7
250 7
251 7
252 7
253 7
254 7
255 7
256 7
257 7
258 7
259 7
260 7
261 7
262 7
263 7
264 7
265 7
266 7
267 7
268 7
269 7
270 7
271 7
272 7
273 7
274 7
275 7
276 7
277 7
278 7
279 7
280 7
281 7
282 7
283 7
284 7
285 7
286 7
287 7
288 7
289 7
290 7
291 7
292 7
293 7
294 7
295 7
296 7
297 7
298 7
299 7
300 7
301 7
302 7
303 7
304 7
305 7
306 7
307 7
308 7
309 7
310 7
311 7
312 7
313 7
314 7
315 7
316 7
317 7
318 7
319 7
320 7
321 7
322 7
323 7
324 7
325 7
326 7
327 7
328 7
329 7
330 7
331 7
332 7
333 7
334 7
335 7
336 7
337 7
338 7
339 7
340 7
341 7
342 7
343 7
344 7
345 7
346 7
347 7
348 7
349 7
350 7
351 7
352 7
353 7
354 7
355 7
356 7
357 7
358 7
359 7
360 7
361 7
362 8
363 8
364 8
365 8
366 8
367 8
368 8
369 8
370 8
371 8
372 8
373 8
374 8
375 8
376 8
377 8
378 8
379 8
380 8
381 8
382 8
383 9
384 9
385 9
386 9
387 9
388 9
389 9
390 9
391 9
392 9
393 9
394 9
395 9
396 9
397 9
398 9
399 9
400 9
401 9
402 9
403 9
404 9
405 9
406 9
407 9
408 9
409 9
410 9
411 9
412 9
413 9
414 9
415 9
416 9
417 9
418 9
419 9
420 9
421 9
422 9
423 9
424 9
425 9
426 9
427 9
428 9
429 9
430 9
431 9
432 9
433 9
434 9
435 9
436 9
437 9
438 9
439 9
440 9
441 9
442 9
443 9
444 9
445 9
446 9
447 9
448 9
449 9
450 9
451 9
452 9
453 9
454 9
455 9
456 9
457 9
458 9
459 9
460 9
461 9
462 9
463 9
464 9
465 9
466 9
467 9
468 9
469 9
470 9
471 9
472 9
473 9
474 9
475 9
476 9
477 9
478 9
479 9
480 9
481 9
482 9
483 9
484 9
485 9
486 9
487 9
488 9
489 9
490 9
491 9
492 9
493 9
494 9
495 9
496 9
497 9
498 9
499 9
500 9
501 9
502 9
503 9
504 9
505 9
506 9
507 9
508 9
509 9
510 9
511 9
512 9
513 9
514 9
515 9
516 9
517 9
518 9
519 9
520 9
521 9
522 9
523 9
524 9
525 9
526 9
527 9
528 9
529 9
530 9
531 9
532 9
533 9
534 9
535 9
536 9
537 9
538 9
539 9
540 9
541 9
542 9
543 9
544 9
545 9
546 9
547 9
548 9
549 9
550 9
551 9
552 9
553 9
554 9
555 9
556 9
557 9
558 9
559 9
560 9
561 9
562 9
563 9
564 9
565 9
566 9
567 9
568 9
569 9
570 9
571 9
572 9
573 9
574 9
575 9
576 9
577 9
578 9
579 9
580 9
581 9
582 9
583 9
584 9
585 9
586 9
587 9
588 9
589 9
590 9
591 9
592 9
593 9
594 9
595 9
596 9
597 9
598 9
599 9
600 9
601 9
602 9
603 9
604 9
605 9
606 9
607 9
608 9
609 9
610 9
611 9
612 9
613 9
614 9
615 9
616 9
617 9
618 9
619 9
620 9
621 9
622 9
623 9
624 9
625 9
626 9
627 9
628 9
629 9
630 9
631 9
632 9
633 9
634 9
635 9
636 9
637 9
638 9
639 9
640 9
641 9
642 9
643 9
644 9
645 9
646 9
647 9
648 9
649 9
650 9
651 9
652 9
653 9
654 9
655 9
656 9
657 9
658 9
659 9
660 9
661 9
662 9
663 9
664 9
665 9
666 9
667 9
668 9
669 9
670 9
671 9
672 9
673 9
674 9
675 9
676 9
677 9
678 9
679 9
680 9
681 9
682 9
683 9
684 9
685 9
686 9
687 9
688 9
689 9
690 9
691 9
692 9
693 9
694 9
695 9
696 9
697 9
698 9
699 9
700 9
701 9
702 9
703 9
704 9
705 9
706 9
707 9
708 9
709 9
710 9
711 9
712 9
713 9
714 9
715 9
716 9
717 9
718 9
719 9
720 9
721 9
722 9
723 9
724 9
725 9
726 9
727 9
728 9
729 9
730 9
731 9
732 9
733 9
734 9
735 9
736 9
737 9
738 9
739 9
740 9
741 9
742 9
743 9
744 9
745 9
746 9
747 9
748 9
749 9
750 9
751 9
752 9
753 9
754 9
755 9
756 9
757 9
758 9
759 9
760 9
761 9
762 9
763 9
764 9
765 9
766 9
767 9
768 9
769 9
770 9
771 9
772 9
773 9
774 9
775 9
776 9
777 9
778 9
779 9
780 9
781 9
782 9
783 9
784 9
785 9
786 9
787 9
788 9
789 9
790 9
791 9
792 9
793 9
794 9
795 9
796 9
797 9
798 9
799 9
800 9
801 9
802 9
803 9
804 9
805 9
806 9
807 9
808 9
809 9
810 9
811 9
812 9
813 9
814 9
815 9
816 9
817 9
818 9
819 9
820 9
821 9
822 9
823 9
824 9
825 9
826 9
827 9
828 9
829 9
830 9
831 9
832 9
833 9
834 9
835 9
836 9
837 9
838 9
839 9
840 9
841 9
842 9
843 9
844 9
845 9
846 9
847 9
848 9
849 9
850 9
851 9
852 9
853 9
854 9
855 9
856 9
857 9
858 9
859 9
860 9
861 9
862 9
863 9
864 9
865 9
866 9
867 9
868 9
869 9
870 9
871 9
872 9
873 9
874 9
875 9
876 9
877 9
878 9
879 9
880 9
881 9
882 9
883 9
884 9
885 9
886 9
887 9
888 9
889 9
890 9
891 9
892 9
893 9
894 9
895 9
896 9
897 9
898 9
899 9
900 9
901 9
902 9
903 9
904 9
905 9
906 9
907 9
908 9
909 9
910 9
911 9
912 9
913 9
914 9
915 9
916 9
917 9
918 9
919 9
920 9
921 9
922 9
923 9
924 9
925 9
926 9
927 9
928 9
929 9
930 9
931 9
932 9
933 9
934 9
935 9
936 9
937 9
938 9
939 9
940 9
941 9
942 9
943 9
944 9
945 9
946 9
947 9
948 9
949 9
950 9
951 9
952 9
953 9
954 9
955 9
956 9
957 9
958 9
959 9
960 9
961 9
962 9
963 9
964 9
965 9
966 9
967 9
968 9
969 9
970 9
971 9
972 9
973 9
974 9
975 9
976 9
977 9
978 9
979 9
980 9
981 9
982 9
983 9
984 9
985 9
986 9
987 9
988 9
989 9
990 9
991 9
992 9
993 9
994 9
995 9
996 9
997 9
998 9
999 9
1000 9
1001 9
1002 9
1003 9
1004 9
1005 9
1006 9
1007 9
1008 9
1009 9
1010 9
1011 9
1012 9
1013 9
1014 9
1015 9
1016 9
1017 9
1018 9
1019 9
1020 9
1021 9
1022 9
1023 9
1024 9
1025 9
1026 9
1027 9
1028 9
1029 9
1030 9
1031 9
1032 9
1033 9
1034 9
1035 9
1036 9
1037 9
1038 9
1039 9
1040 9
1041 9
1042 9
1043 9
1044 9
1045 9
1046 9
1047 9
1048 9
1049 9
1050 9
1051 9
1052 9
1053 9
1054 9
1055 9
1056 9
1057 9
1058 9
1059 9
1060 9
1061 9
1062 9
1063 9
1064 9
1065 9
1066 9
1067 9
1068 9
1069 9
1070 9
1071 9
1072 9
1073 9
1074 9
1075 9
1076 9
1077 9
1078 9
1079 9
1080 9
1081 9
1082 9
1083 9
1084 9
1085 9
1086 9
1087 9
1088 9
1089 9
1090 9
1091 9
1092 9
1093 9
1094 9
1095 9
1096 9
1097 9
1098 9
1099 9
1100 9
1101 9
1102 9
1103 9
1104 9
1105 9
1106 9
1107 9
1108 9
1109 9
1110 9
1111 9
1112 9
1113 9
1114 9
1115 9
1116 9
1117 9
1118 9
1119 9
1120 9
1121 9
1122 9
1123 9
1124 9
1125 9
1126 9
1127 9
1128 9
1129 9
1130 9
1131 9
1132 9
1133 9
1134 9
1135 9
1136 9
1137 9
1138 9
1139 9
1140 9
1141 9
1142 9
1143 9
1144 9
1145 9
1146 9
1147 9
1148 9
1149 9
1150 9
1151 9
1152 9
1153 9
1154 9
1155 9
1156 9
1157 9
1158 9
1159 9
1160 9
1161 9
1162 9
1163 9
1164 9
1165 9
1166 9
1167 9
1168 9
1169 9
1170 9
1171 9
1172 9
1173 9
1174 9
1175 9
1176 9
1177 9
1178 9
1179 9
1180 9
1181 9
1182 9
1183 9
1184 9
1185 9
1186 9
1187 9
1188 9
1189 9
1190 9
1191 9
1192 9
1193 9
1194 9
1195 9
1196 9
1197 9
1198 9
1199 9
1200 9
1201 9
1202 9
1203 9
1204 9
1205 9
1206 9
1207 9
1208 9
1209 9
1210 9
1211 9
1212 9
1213 9
1214 9
1215 9
1216 9
1217 9
1218 9
1219 9
1220 9
1221 9
1222 9
1223 9
1224 9
1225 9
1226 9
1227 9
1228 9
1229 9
1230 9
1231 9
1232 9
1233 9
1234 9
1235 9
1236 9
1237 9
1238 9
1239 9
1240 9
1241 9
1242 9
1243 9
1244 9
1245 9
1246 9
1247 9
1248 9
1249 9
1250 9
1251 9
1252 9
1253 9
1254 9
1255 9
1256 9
1257 9
1258 9
1259 9
1260 9
1261 9
1262 9
1263 9
1264 9
1265 9
1266 9
1267 9
1268 9
1269 9
1270 9
1271 9
1272 9
1273 9
1274 9
1275 9
1276 9
1277 9
1278 9
1279 9
1280 9
1281 9
1282 9
1283 9
1284 9
1285 9
1286 9
1287 9
1288 9
1289 9
1290 9
1291 9
1292 9
1293 9
1294 9
1295 9
1296 9
1297 9
1298 9
1299 9
1300 9
1301 9
1302 9
1303 9
1304 9
1305 9
1306 9
1307 9
1308 9
1309 9
1310 9
1311 9
1312 9
1313 9
1314 9
1315 9
1316 9
1317 9
1318 9
1319 9
1320 9
1321 9
1322 9
1323 9
1324 9
1325 9
1326 9
1327 9
1328 9
1329 9
1330 9
1331 9
1332 9
1333 9
1334 9
1335 9
1336 9
1337 9
1338 9
1339 9
1340 9
1341 9
1342 9
1343 9
1344 9
1345 9
1346 9
1347 9
1348 9
1349 9
1350 9
1351 9
1352 9
1353 9
1354 9
1355 9
1356 9
1357 9
1358 9
1359 9
1360 9
1361 9
1362 9
1363 9
1364 9
1365 9
1366 9
1367 9
1368 9
1369 9
1370 9
1371 9
1372 9
1373 9
1374 9
1375 9
1376 9
1377 9
1378 9
1379 9
1380 9
1381 9
1382 9
1383 9
1384 9
1385 9
1386 9
1387 9
1388 9
1389 9
1390 9
1391 9
1392 9
1393 9
1394 9
1395 9
1396 9
1397 9
1398 9
1399 9
1400 9
1401 9
1402 9
1403 9
1404 9
1405 9
1406 9
1407 9
1408 9
1409 9
1410 9
1411 9
1412 9
1413 9
1414 9
1415 9
1416 9
1417 9
1418 9
1419 9
1420 9
1421 9
1422 9
1423 9
1424 9
1425 9
1426 9
1427 9
1428 9
1429 9
1430 9
1431 9
1432 9
1433 9
1434 9
1435 9
1436 9
1437 9
1438 9
1439 9
1440 9
1441 9
1442 9
1443 9
1444 9
1445 9
1446 9
1447 9
1448 9
1449 9
1450 9
1451 9
1452 9
1453 9
1454 9
1455 9
1456 9
1457 9
1458 9
1459 9
1460 9
1461 9
1462 9
1463 9
1464 9
1465 9
1466 9
1467 9
1468 9
1469 9
1470 9
1471 9
1472 9
1473 9
1474 9
1475 9
1476 9
1477 9
1478 9
1479 9
1480 9
1481 9
1482 9
1483 9
1484 9
1485 9
1486 9
1487 9
1488 9
1489 9
1490 9
1491 9
1492 9
1493 9
1494 9
1495 9
1496 9
1497 9
1498 9
1499 9
1500 9
1501 9
1502 9
1503 9
1504 9
1505 9
1506 9
1507 9
1508 9
1509 9
1510 9
1511 9
1512 9
1513 9
1514 9
1515 9
1516 9
1517 9
1518 9
1519 9
1520 9
1521 9
1522 9
1523 9
1524 9
1525 9
1526 9
1527 9
1528 9
1529 9
1530 9
1531 9
1532 9
1533 9
1534 9
1535 9
1536 9
1537 9
1538 9
1539 9
1540 9
1541 9
1542 9
1543 9
1544 9
1545 9
1546 9
1547 9
1548 9
1549 9
1550 9
1551 9
1552 9
1553 9
1554 9
1555 9
1556 9
1557 9
1558 9
1559 9
1560 9
1561 9
1562 9
1563 9
1564 9
1565 9
1566 9
1567 9
1568 9
1569 9
1570 9
1571 9
1572 9
1573 9
1574 9
1575 9
1576 9
1577 9
1578 9
1579 9
1580 9
1581 9
1582 9
1583 9
1584 9
1585 9
1586 9
1587 9
1588 9
1589 9
1590 9
1591 9
1592 9
1593 9
1594 9
1595 9
1596 9
1597 9
1598 9
1599 9
1600 9
1601 9
1602 9
1603 9
1604 9
1605 9
1606 9
1607 9
1608 9
1609 9
1610 9
1611 9
1612 9
1613 9
1614 9
1615 9
1616 9
1617 9
1618 9
1619 9
1620 9
1621 9
1622 9
1623 9
1624 9
1625 9
1626 9
1627 9
1628 9
1629 9
1630 9
1631 9
1632 9
1633 9
1634 9
1635 9
1636 9
1637 9
1638 9
1639 9
1640 9
1641 9
1642 9
1643 9
1644 9
1645 9
1646 9
1647 9
1648 9
1649 9
1650 9
1651 9
1652 9
1653 9
1654 9
1655 9
1656 9
1657 9
1658 9
1659 9
1660 9
1661 9
1662 9
1663 9
1664 9
1665 9
1666 9
1667 9
1668 9
1669 9
1670 9
1671 9
1672 9
1673 9
1674 9
1675 9
1676 9
1677 9
1678 9
1679 9
1680 9
1681 9
1682 9
1683 9
1684 9
1685 9
1686 9
1687 9
1688 9
1689 9
1690 9
1691 9
1692 9
1693 9
1694 9
1695 9
1696 9
1697 9
1698 9
1699 9
1700 9
1701 9
1702 9
1703 9
1704 9
1705 9
1706 9
1707 9
1708 9
1709 9
1710 9
1711 9
1712 9
1713 9
1714 9
1715 9
1716 9
1717 9
1718 9
1719 9
1720 9
1721 9
1722 9
1723 9
1724 9
1725 9
1726 9
1727 9
1728 9
1729 9
1730 9
1731 9
1732 9
1733 9
1734 9
1735 9
1736 9
1737 9
1738 9
1739 9
1740 9
1741 9
1742 9
1743 9
1744 9
1745 9
1746 9
1747 9
1748 9
1749 9
1750 9
1751 9
1752 9
1753 9
1754 9
1755 9
1756 9
1757 9
1758 9
1759 9
1760 9
1761 9
1762 9
1763 9
1764 9
1765 9
1766 9
1767 9
1768 9
1769 9
1770 9
1771 9
1772 9
1773 9
1774 9
1775 9
1776 9
1777 9
1778 9
1779 9
1780 9
1781 9
1782 9
1783 9
1784 9
1785 9
1786 9
1787 9
1788 9
1789 9
1790 9
1791 9
1792 9
1793 9
1794 9
1795 9
1796 9
1797 9
1798 9
1799 9
1800 9
1801 9
1802 9
1803 9
1804 9
1805 9
1806 9
1807 9
1808 9
1809 9
1810 9
1811 9
1812 9
1813 9
1814 9
1815 9
1816 9
1817 9
1818 9
1819 9
1820 9
1821 9
1822 9
1823 9
1824 9
1825 9
1826 9
1827 9
1828 9
1829 9
1830 9
1831 9
1832 9
1833 9
1834 9
1835 9
1836 9
1837 9
1838 9
1839 9
1840 9
1841 9
1842 9
1843 9
1844 9
1845 9
1846 9
1847 9
1848 9
1849 9
1850 9
1851 9
1852 9
1853 9
1854 9
1855 9
1856 9
1857 9
1858 9
1859 9
1860 9
1861 9
1862 9
1863 9
1864 9
1865 9
1866 9
1867 9
1868 9
1869 9
1870 9
1871 9
1872 9
1873 9
1874 9
1875 9
1876 9
1877 9
1878 9
1879 9
1880 9
1881 9
1882 9
1883 9
1884 9
1885 9
1886 9
1887 9
1888 9
1889 9
1890 9
1891 9
1892 9
1893 9
1894 9
1895 9
1896 9
1897 9
1898 9
1899 9
1900 9
1901 9
1902 9
1903 9
1904 9
1905 9
1906 9
1907 9
1908 9
1909 9
1910 9
1911 9
1912 9
1913 9
1914 9
1915 9
1916 9
1917 9
1918 9
1919 9
1920 9
1921 9
1922 9
1923 9
1924 9
1925 9
1926 9
1927 9
1928 9
1929 9
1930 9
1931 9
1932 9
1933 9
1934 9
1935 9
1936 9
1937 9
1938 9
1939 9
1940 9
1941 9
1942 9
1943 9
1944 9
1945 9
1946 9
1947 9
1948 9
1949 9
1950 9
1951 9
1952 9
1953 9
1954 9
1955 9
1956 9
1957 9
1958 9
1959 9
1960 9
1961 9
1962 9
1963 9
1964 9
1965 9
1966 9
1967 9
1968 9
1969 9
1970 9
1971 9
1972 9
1973 9
1974 9
1975 9
1976 9
1977 9
1978 9
1979 9
1980 9
1981 9
1982 9
1983 9
1984 9
1985 9
1986 9
1987 9
1988 9
1989 9
1990 9
1991 9
1992 9
1993 9
1994 9
1995 9
1996 9
1997 9
1998 9
1999 9
2000 9
2001 9
2002 9
2003 9
2004 9
2005 9
2006 9
2007 9
2008 9
2009 9
2010 9
2011 9
2012 9
2013 9
2014 9
2015 9
2016 9
2017 9
2018 9
2019 9
2020 9
2021 9
2022 9
2023 9
2024 9
2025 9
2026 9
2027 9
2028 9
2029 9
2030 9
2031 9
2032 9
2033 9
2034 9
2035 9
2036 9
2037 9
2038 9
2039 9
2040 9
2041 9
2042 9
2043 9
2044 9
2045 9
2046 9
2047 9
2048 9
2049 9
2050 9
2051 9
2052 9
2053 9
2054 9
2055 9
2056 9
2057 9
2058 9
2059 9
2060 9
2061 9
2062 10
2063 10
2064 10
2065 10
2066 10
2067 10
2068 10
2069 10
2070 10
2071 10
2072 10
2073 10
2074 10
2075 10
2076 10
2077 10
2078 10
2079 10
2080 10
2081 10
2082 10
2083 10
2084 10
2085 10
2086 10
2087 10
2088 10
2089 10
2090 10
2091 10
2092 10
2093 10
2094 10
2095 10
2096 10
2097 10
2098 10
2099 10
2100 10
2101 10
2102 10
2103 10
2104 10
2105 10
2106 10
2107 10
2108 10
2109 10
2110 10
2111 10
2112 10
2113 10
2114 10
2115 10
2116 10
2117 10
2118 10
2119 10
2120 10
2121 10
2122 10
2123 10
2124 10
2125 10
2126 10
2127 10
2128 10
2129 10
2130 10
2131 10
2132 10
2133 10
2134 10
2135 10
2136 10
2137 10
2138 10
2139 10
2140 10
2141 10
2142 10
2143 10
2144 10
2145 10
2146 10
2147 10
2148 10
2149 10
2150 10
2151 10
2152 10
2153 10
2154 10
2155 10
2156 10
2157 10
2158 10
2159 10
2160 10
2161 10
2162 10
2163 10
2164 10
2165 10
2166 10
2167 10
2168 10
2169 10
2170 10
2171 10
2172 10
2173 10
2174 10
2175 10
2176 10
2177 10
2178 10
2179 10
2180 10
2181 10
2182 10
2183 10
2184 10
2185 10
2186 10
2187 10
2188 10
2189 10
2190 10
2191 10
2192 10
2193 10
2194 10
2195 10
2196 10
2197 10
2198 11
2199 11
2200 11
2201 11
2202 11
2203 11
2204 11
2205 11
2206 11
2207 11
2208 11
2209 11
2210 11
2211 11
2212 11
2213 11
2214 11
2215 11
2216 11
2217 11
2218 11
2219 11
2220 11
2221 11
2222 11
2223 11
2224 11
2225 11
2226 11
2227 11
2228 11
2229 11
2230 11
2231 11
2232 11
2233 11
2234 11
2235 11
2236 11
2237 11
2238 11
2239 11
2240 11
2241 11
2242 11
2243 11
2244 11
2245 11
2246 11
2247 11
2248 11
2249 11
2250 11
2251 11
2252 11
2253 11
2254 11
2255 11
2256 11
2257 11
2258 11
2259 11
2260 11
2261 11
2262 11
2263 11
2264 11
2265 11
2266 11
2267 11
2268 11
2269 11
2270 11
2271 11
2272 11
2273 11
2274 11
2275 11
2276 11
2277 11
2278 11
2279 11
2280 11
2281 11
2282 11
2283 11
2284 11
2285 11
2286 11
2287 11
2288 11
2289 11
2290 11
2291 11
2292 11
2293 11
2294 11
2295 11
2296 11
2297 11
2298 11
2299 11
2300 11
2301 11
2302 11
2303 11
2304 11
2305 11
2306 11
2307 11
2308 11
2309 11
2310 11
2311 11
2312 11
2313 11
2314 11
2315 11
2316 11
2317 11
2318 11
2319 11
2320 11
2321 11
2322 11
2323 11
2324 11
2325 11
2326 11
2327 11
2328 11
2329 11
2330 11
2331 11
2332 11
2333 11
2334 11
2335 11
2336 11
2337 11
2338 11
2339 11
2340 11
2341 11
2342 11
2343 11
2344 11
2345 11
2346 11
2347 11
2348 11
2349 11
2350 11
2351 11
2352 11
2353 11
2354 11
2355 11
2356 11
2357 11
2358 11
2359 11
2360 11
2361 11
2362 11
2363 11
2364 11
2365 11
2366 11
2367 11
2368 11
2369 11
2370 11
2371 11
2372 11
2373 11
2374 11
2375 11
2376 11
2377 11
2378 11
2379 11
2380 11
2381 11
2382 11
2383 11
2384 11
2385 11
2386 11
2387 11
2388 11
2389 11
2390 11
2391 11
2392 11
2393 11
2394 11
2395 11
2396 11
2397 11
2398 11
2399 11
2400 11
2401 11
2402 11
2403 11
2404 11
2405 11
2406 11
2407 11
2408 11
2409 11
2410 11
2411 11
2412 11
2413 11
2414 11
2415 11
2416 11
2417 11
2418 11
2419 11
2420 11
2421 11
2422 11
2423 11
2424 11
2425 11
2426 11
2427 11
2428 11
2429 11
2430 11
2431 11
2432 11
2433 11
2434 11
2435 11
2436 11
2437 11
2438 11
2439 11
2440 11
2441 11
2442 11
2443 11
2444 11
2445 11
2446 11
2447 11
2448 11
2449 11
2450 11
2451 11
2452 11
2453 11
2454 11
2455 11
2456 11
2457 11
2458 11
2459 11
2460 11
2461 11
2462 11
2463 11
2464 11
2465 11
2466 11
2467 11
2468 11
2469 11
2470 11
2471 11
2472 11
2473 11
2474 11
2475 11
2476 11
2477 11
2478 11
2479 11
2480 11
2481 11
2482 11
2483 11
2484 11
2485 11
2486 11
2487 11
2488 11
2489 11
2490 11
2491 11
2492 11
2493 11
2494 11
2495 11
2496 11
2497 11
2498 11
2499 11
2500 11
2501 11
2502 11
2503 11
2504 11
2505 11
2506 11
2507 11
2508 11
2509 11
2510 11
2511 11
2512 11
2513 11
2514 11
2515 11
2516 11
2517 11
2518 11
2519 11
2520 11
2521 11
2522 11
2523 11
2524 11
2525 11
2526 11
2527 11
2528 11
2529 11
2530 11
2531 11
2532 11
2533 11
2534 11
2535 11
2536 11
2537 11
2538 11
2539 11
2540 11
2541 11
2542 11
2543 11
2544 11
2545 11
2546 11
2547 11
2548 11
2549 11
2550 11
2551 11
2552 11
2553 11
2554 11
2555 11
2556 11
2557 11
2558 11
2559 11
2560 11
2561 11
2562 11
2563 11
2564 11
2565 11
2566 11
2567 11
2568 11
2569 11
2570 11
2571 11
2572 11
2573 11
2574 11
2575 11
2576 11
2577 11
2578 11
2579 11
2580 11
2581 11
2582 11
2583 11
2584 11
2585 11
2586 11
2587 11
2588 11
2589 11
2590 11
2591 11
2592 11
2593 11
2594 11
2595 11
2596 11
2597 11
2598 11
2599 11
2600 11
2601 11
2602 11
2603 11
2604 11
2605 11
2606 11
2607 11
2608 11
2609 11
2610 11
2611 11
2612 11
2613 11
2614 11
2615 11
2616 11
2617 11
2618 11
2619 11
2620 11
2621 11
2622 11
2623 11
2624 11
2625 11
2626 11
2627 11
2628 11
2629 11
2630 11
2631 11
2632 11
2633 11
2634 11
2635 11
2636 11
2637 11
2638 11
2639 11
2640 11
2641 11
2642 11
2643 11
2644 11
2645 11
2646 11
2647 11
2648 11
2649 11
2650 11
2651 11
2652 11
2653 11
2654 11
2655 11
2656 11
2657 11
2658 11
2659 11
2660 11
2661 11
2662 11
2663 11
2664 11
2665 11
2666 11
2667 11
2668 11
2669 11
2670 11
2671 11
2672 11
2673 11
2674 11
2675 11
2676 11
2677 11
2678 11
2679 11
2680 11
2681 11
2682 11
2683 11
2684 11
2685 11
2686 11
2687 11
2688 11
2689 11
2690 11
2691 11
2692 11
2693 11
2694 11
2695 11
2696 11
2697 11
2698 11
2699 11
2700 11
2701 11
2702 11
2703 11
2704 11
2705 11
2706 11
2707 11
2708 11
2709 11
2710 11
2711 11
2712 11
2713 11
2714 11
2715 11
2716 11
2717 11
2718 11
2719 11
2720 11
2721 11
2722 11
2723 11
2724 11
2725 11
2726 11
2727 11
2728 11
2729 11
2730 11
2731 11
2732 11
2733 11
2734 11
2735 11
2736 11
2737 11
2738 11
2739 11
2740 11
2741 11
2742 11
2743 11
2744 11
2745 11
2746 11
2747 11
2748 11
2749 11
2750 11
2751 11
2752 11
2753 11
2754 11
2755 11
2756 11
2757 11
2758 11
2759 11
2760 11
2761 11
2762 11
2763 11
2764 11
2765 11
2766 11
2767 11
2768 11
2769 11
2770 11
2771 11
2772 11
2773 11
2774 11
2775 11
2776 11
2777 11
2778 11
2779 11
2780 11
2781 11
2782 11
2783 11
2784 11
2785 11
2786 11
2787 11
2788 11
2789 11
2790 11
2791 11
2792 11
2793 11
2794 11
2795 11
2796 11
2797 11
2798 11
2799 11
2800 11
2801 11
2802 11
2803 11
2804 11
2805 11
2806 11
2807 11
2808 11
2809 11
2810 11
2811 11
2812 11
2813 11
2814 11
2815 11
2816 11
2817 11
2818 11
2819 11
2820 11
2821 11
2822 11
2823 11
2824 11
2825 11
2826 11
2827 11
2828 11
2829 11
2830 11
2831 11
2832 11
2833 11
2834 11
2835 11
2836 11
2837 11
2838 11
2839 11
2840 11
2841 11
2842 11
2843 11
2844 11
2845 11
2846 11
2847 11
2848 11
2849 11
2850 11
2851 11
2852 11
2853 11
2854 11
2855 11
2856 11
2857 11
2858 11
2859 11
2860 11
2861 11
2862 11
2863 11
2864 11
2865 11
2866 11
2867 11
2868 11
2869 11
2870 11
2871 11
2872 11
2873 11
2874 11
2875 11
2876 11
2877 11
2878 11
2879 11
2880 11
2881 11
2882 11
2883 11
2884 11
2885 11
2886 11
2887 11
2888 11
2889 11
2890 11
2891 11
2892 11
2893 11
2894 11
2895 11
2896 11
2897 11
2898 11
2899 11
2900 11
2901 11
2902 11
2903 11
2904 11
2905 11
2906 11
2907 11
2908 11
2909 11
2910 11
2911 11
2912 11
2913 11
2914 11
2915 11
2916 11
2917 11
2918 11
2919 11
2920 11
2921 11
2922 11
2923 11
2924 11
2925 11
2926 11
2927 11
2928 11
2929 11
2930 11
2931 11
2932 11
2933 11
2934 11
2935 11
2936 11
2937 11
2938 11
2939 11
2940 11
2941 11
2942 11
2943 11
2944 11
2945 11
2946 11
2947 11
2948 11
2949 11
2950 11
2951 11
2952 11
2953 11
2954 11
2955 11
2956 11
2957 11
2958 11
2959 11
2960 11
2961 11
2962 11
2963 11
2964 11
2965 11
2966 11
2967 11
2968 11
2969 11
2970 11
2971 11
2972 11
2973 11
2974 11
2975 11
2976 11
2977 11
2978 11
2979 11
2980 11
2981 11
2982 11
2983 11
2984 11
2985 11
2986 11
2987 11
2988 11
2989 11
2990 11
2991 11
2992 11
2993 11
2994 11
2995 11
2996 11
2997 11
2998 11
2999 11
3000 11
3001 11
3002 11
3003 11
3004 11
3005 11
3006 11
3007 11
3008 11
3009 11
3010 11
3011 11
3012 11
3013 11
3014 11
3015 11
3016 11
3017 11
3018 11
3019 11
3020 11
3021 11
3022 11
3023 11
3024 11
3025 11
3026 11
3027 11
3028 11
3029 11
3030 11
3031 11
3032 11
3033 11
3034 11
3035 11
3036 11
3037 11
3038 11
3039 11
3040 11
3041 11
3042 11
3043 11
3044 11
3045 11
3046 11
3047 11
3048 11
3049 11
3050 11
3051 11
3052 11
3053 11
3054 11
3055 11
3056 11
3057 11
3058 11
3059 11
3060 11
3061 11
3062 11
3063 11
3064 11
3065 11
3066 11
3067 11
3068 11
3069 11
3070 11
3071 11
3072 11
3073 11
3074 11
3075 11
3076 11
3077 11
3078 11
3079 11
3080 11
3081 11
3082 11
3083 11
3084 11
3085 11
3086 11
3087 11
3088 11
3089 11
3090 11
3091 11
3092 11
3093 11
3094 11
3095 11
3096 11
3097 11
3098 11
3099 11
3100 11
3101 11
3102 11
3103 11
3104 11
3105 11
3106 11
3107 11
3108 11
3109 11
3110 11
3111 11
3112 11
3113 11
3114 11
3115 11
3116 11
3117 11
3118 11
3119 11
3120 11
3121 11
3122 11
3123 11
3124 11
3125 11
3126 11
3127 11
3128 11
3129 11
3130 11
3131 11
3132 11
3133 11
3134 11
3135 11
3136 11
3137 11
3138 11
3139 11
3140 11
3141 11
3142 11
3143 11
3144 11
3145 11
3146 11
3147 11
3148 11
3149 11
3150 11
3151 11
3152 11
3153 11
3154 11
3155 11
3156 11
3157 11
3158 11
3159 11
3160 11
3161 11
3162 11
3163 11
3164 11
3165 11
3166 11
3167 11
3168 11
3169 11
3170 11
3171 11
3172 11
3173 11
3174 11
3175 11
3176 11
3177 11
3178 11
3179 11
3180 11
3181 11
3182 11
3183 11
3184 11
3185 11
3186 11
3187 11
3188 11
3189 11
3190 11
3191 11
3192 11
3193 11
3194 11
3195 11
3196 11
3197 11
3198 11
3199 11
3200 11
3201 11
3202 11
3203 11
3204 11
3205 11
3206 11
3207 11
3208 11
3209 11
3210 11
3211 11
3212 11
3213 11
3214 11
3215 11
3216 11
3217 11
3218 11
3219 11
3220 11
3221 11
3222 11
3223 11
3224 11
3225 11
3226 11
3227 11
3228 11
3229 11
3230 11
3231 11
3232 11
3233 11
3234 11
3235 11
3236 11
3237 11
3238 11
3239 11
3240 11
3241 11
3242 11
3243 11
3244 11
3245 11
3246 11
3247 11
3248 11
3249 11
3250 11
3251 11
3252 11
3253 11
3254 11
3255 11
3256 11
3257 11
3258 11
3259 11
3260 11
3261 11
3262 11
3263 11
3264 11
3265 11
3266 11
3267 11
3268 11
3269 11
3270 11
3271 11
3272 11
3273 11
3274 11
3275 11
3276 11
3277 11
3278 11
3279 11
3280 11
3281 11
3282 11
3283 11
3284 11
3285 11
3286 11
3287 11
3288 11
3289 11
3290 11
3291 11
3292 11
3293 11
3294 11
3295 11
3296 11
3297 11
3298 11
3299 11
3300 11
3301 11
3302 11
3303 11
3304 11
3305 11
3306 11
3307 11
3308 11
3309 11
3310 11
3311 11
3312 11
3313 11
3314 11
3315 11
3316 11
3317 11
3318 11
3319 11
3320 11
3321 11
3322 11
3323 11
3324 11
3325 11
3326 11
3327 11
3328 11
3329 11
3330 11
3331 11
3332 11
3333 11
3334 11
3335 11
3336 11
3337 11
3338 11
3339 11
3340 11
3341 11
3342 11
3343 11
3344 11
3345 11
3346 11
3347 11
3348 11
3349 11
3350 11
3351 11
3352 11
3353 11
3354 11
3355 11
3356 11
3357 11
3358 11
3359 11
3360 11
3361 11
3362 11
3363 11
3364 11
3365 11
3366 11
3367 11
3368 11
3369 11
3370 11
3371 11
3372 11
3373 11
3374 11
3375 11
3376 11
3377 11
3378 11
3379 11
3380 11
3381 11
3382 11
3383 11
3384 11
3385 11
3386 11
3387 11
3388 11
3389 11
3390 11
3391 11
3392 11
3393 11
3394 11
3395 11
3396 11
3397 11
3398 11
3399 11
3400 11
3401 11
3402 11
3403 11
3404 11
3405 11
3406 11
3407 11
3408 11
3409 11
3410 11
3411 11
3412 11
3413 11
3414 11
3415 11
3416 11
3417 11
3418 11
3419 11
3420 11
3421 11
3422 11
3423 11
3424 11
3425 11
3426 11
3427 11
3428 11
3429 11
3430 11
3431 11
3432 11
3433 11
3434 11
3435 11
3436 11
3437 11
3438 11
3439 11
3440 11
3441 11
3442 11
3443 11
3444 11
3445 11
3446 11
3447 11
3448 11
3449 11
3450 11
3451 11
3452 11
3453 11
3454 11
3455 11
3456 11
3457 11
3458 11
3459 11
3460 11
3461 11
3462 11
3463 11
3464 11
3465 11
3466 11
3467 11
3468 11
3469 11
3470 11
3471 11
3472 11
3473 11
3474 11
3475 11
3476 11
3477 11
3478 11
3479 11
3480 11
3481 11
3482 11
3483 11
3484 11
3485 11
3486 11
3487 11
3488 11
3489 11
3490 11
3491 11
3492 11
3493 11
3494 11
3495 11
3496 11
3497 11
3498 11
3499 11
3500 11
3501 11
3502 11
3503 11
3504 11
3505 11
3506 11
3507 11
3508 11
3509 11
3510 11
3511 11
3512 11
3513 11
3514 11
3515 11
3516 11
3517 11
3518 11
3519 11
3520 11
3521 11
3522 11
3523 11
3524 11
3525 11
3526 11
3527 11
3528 11
3529 11
3530 11
3531 11
3532 11
3533 11
3534 11
3535 11
3536 11
3537 11
3538 11
3539 11
3540 11
3541 11
3542 11
3543 11
3544 11
3545 11
3546 11
3547 11
3548 11
3549 11
3550 11
3551 11
3552 11
3553 11
3554 11
3555 11
3556 11
3557 11
3558 11
3559 11
3560 11
3561 11
3562 11
3563 11
3564 11
3565 11
3566 11
3567 11
3568 11
3569 11
3570 11
3571 11
3572 11
3573 11
3574 11
3575 11
3576 11
3577 11
3578 11
3579 11
3580 11
3581 11
3582 11
3583 11
3584 11
3585 11
3586 11
3587 11
3588 11
3589 11
3590 11
3591 11
3592 11
3593 11
3594 11
3595 11
3596 11
3597 11
3598 11
3599 11
3600 11
3601 11
3602 11
3603 11
3604 11
3605 11
3606 11
3607 11
3608 11
3609 11
3610 11
3611 11
3612 11
3613 11
3614 11
3615 11
3616 11
3617 11
3618 11
3619 11
3620 11
3621 11
3622 11
3623 11
3624 11
3625 11
3626 11
3627 11
3628 11
3629 11
3630 11
3631 11
3632 11
3633 11
3634 11
3635 11
3636 11
3637 11
3638 11
3639 11
3640 11
3641 11
3642 11
3643 11
3644 11
3645 11
3646 11
3647 11
3648 11
3649 11
3650 11
3651 11
3652 11
3653 11
3654 11
3655 11
3656 11
3657 11
3658 11
3659 11
3660 11
3661 11
3662 11
3663 11
3664 11
3665 11
3666 11
3667 11
3668 11
3669 11
3670 11
3671 11
3672 11
3673 11
3674 11
3675 11
3676 11
3677 11
3678 11
3679 11
3680 11
3681 11
3682 11
3683 11
3684 11
3685 11
3686 11
3687 11
3688 11
3689 11
3690 11
3691 11
3692 11
3693 11
3694 11
3695 11
3696 11
3697 11
3698 11
3699 11
3700 11
3701 11
3702 11
3703 11
3704 11
3705 11
3706 11
3707 11
3708 11
3709 11
3710 11
3711 11
3712 11
3713 11
3714 11
3715 11
3716 11
3717 11
3718 11
3719 11
3720 11
3721 11
3722 11
3723 11
3724 11
3725 11
3726 11
3727 11
3728 11
3729 11
3730 11
3731 11
3732 11
3733 11
3734 11
3735 11
3736 11
3737 11
3738 11
3739 11
3740 11
3741 11
3742 11
3743 11
3744 11
3745 11
3746 11
3747 11
3748 11
3749 11
3750 11
3751 11
3752 11
3753 11
3754 11
3755 11
3756 11
3757 11
3758 11
3759 11
3760 11
3761 11
3762 11
3763 11
3764 11
3765 11
3766 11
3767 11
3768 11
3769 11
3770 11
3771 11
3772 11
3773 11
3774 11
3775 11
3776 11
3777 11
3778 11
3779 11
3780 11
3781 11
3782 11
3783 11
3784 11
3785 11
3786 11
3787 11
3788 11
3789 11
3790 11
3791 11
3792 11
3793 11
3794 11
3795 11
3796 11
3797 11
3798 11
3799 11
3800 11
3801 11
3802 11
3803 11
3804 11
3805 11
3806 11
3807 11
3808 11
3809 11
3810 11
3811 11
3812 11
3813 11
3814 11
3815 11
3816 11
3817 11
3818 11
3819 11
3820 11
3821 11
3822 11
3823 11
3824 11
3825 11
3826 11
3827 11
3828 11
3829 11
3830 11
3831 11
3832 11
3833 11
3834 11
3835 11
3836 11
3837 11
3838 11
3839 11
3840 11
3841 11
3842 11
3843 11
3844 11
3845 11
3846 11
3847 11
3848 11
3849 11
3850 11
3851 11
3852 11
3853 11
3854 11
3855 11
3856 11
3857 11
3858 11
3859 11
3860 11
3861 11
3862 11
3863 11
3864 11
3865 11
3866 11
3867 11
3868 11
3869 11
3870 11
3871 11
3872 11
3873 11
3874 11
3875 11
3876 11
3877 11
3878 11
3879 11
3880 11
3881 11
3882 11
3883 11
3884 11
3885 11
3886 11
3887 11
3888 11
3889 11
3890 11
3891 11
3892 11
3893 11
3894 11
3895 11
3896 11
3897 11
3898 11
3899 11
3900 11
3901 11
3902 11
3903 11
3904 11
3905 11
3906 11
3907 11
3908 11
3909 11
3910 11
3911 11
3912 11
3913 11
3914 11
3915 11
3916 11
3917 11
3918 11
3919 11
3920 11
3921 11
3922 11
3923 11
3924 11
3925 11
3926 11
3927 11
3928 11
3929 11
3930 11
3931 11
3932 11
3933 11
3934 11
3935 11
3936 11
3937 11
3938 11
3939 11
3940 11
3941 11
3942 11
3943 11
3944 11
3945 11
3946 11
3947 11
3948 11
3949 11
3950 11
3951 11
3952 11
3953 11
3954 11
3955 11
3956 11
3957 11
3958 11
3959 11
3960 11
3961 11
3962 11
3963 11
3964 11
3965 11
3966 11
3967 11
3968 11
3969 11
3970 11
3971 11
3972 11
3973 11
3974 11
3975 11
3976 11
3977 11
3978 11
3979 11
3980 11
3981 11
3982 11
3983 11
3984 11
3985 11
3986 11
3987 11
3988 11
3989 11
3990 11
3991 11
3992 11
3993 11
3994 11
3995 11
3996 11
3997 11
3998 11
3999 11
4000 11
4001 11
4002 11
4003 11
4004 11
4005 11
4006 11
4007 11
4008 11
4009 11
4010 11
4011 11
4012 11
4013 11
4014 11
4015 11
4016 11
4017 11
4018 11
4019 11
4020 11
4021 11
4022 11
4023 11
4024 11
4025 11
4026 11
4027 11
4028 11
4029 11
4030 11
4031 11
4032 11
4033 11
4034 11
4035 11
4036 11
4037 11
4038 11
4039 11
4040 11
4041 11
4042 11
4043 11
4044 11
4045 11
4046 11
4047 11
4048 11
4049 11
4050 11
4051 11
4052 11
4053 11
4054 11
4055 11
4056 11
4057 11
4058 11
4059 11
4060 11
4061 11
4062 11
4063 11
4064 11
4065 11
4066 11
4067 11
4068 11
4069 11
4070 11
4071 11
4072 11
4073 11
4074 11
4075 11
4076 11
4077 11
4078 11
4079 11
4080 11
4081 11
4082 11
4083 11
4084 11
4085 11
4086 11
4087 11
4088 11
4089 11
4090 11
4091 11
4092 11
4093 11
4094 11
4095 11
4096 11
4097 11
4098 11
4099 11
4100 11
4101 11
4102 11
4103 11
4104 11
4105 11
4106 11
4107 11
4108 11
4109 11
4110 11
4111 11
4112 11
4113 11
4114 11
4115 11
4116 11
4117 11
4118 11
4119 11
4120 11
4121 11
4122 11
4123 11
4124 11
4125 11
4126 11
4127 11
4128 11
4129 11
4130 11
4131 11
4132 11
4133 11
4134 11
4135 11
4136 11
4137 11
4138 11
4139 11
4140 11
4141 11
4142 11
4143 11
4144 11
4145 11
4146 11
4147 11
4148 11
4149 11
4150 11
4151 11
4152 11
4153 11
4154 11
4155 11
4156 11
4157 11
4158 11
4159 11
4160 11
4161 11
4162 11
4163 11
4164 11
4165 11
4166 11
4167 11
4168 11
4169 11
4170 11
4171 11
4172 11
4173 11
4174 11
4175 11
4176 11
4177 11
4178 11
4179 11
4180 11
4181 11
4182 11
4183 11
4184 11
4185 11
4186 11
4187 11
4188 11
4189 11
4190 11
4191 11
4192 11
4193 11
4194 11
4195 11
4196 11
4197 11
4198 11
4199 11
4200 11
4201 11
4202 11
4203 11
4204 11
4205 11
4206 11
4207 11
4208 11
4209 11
4210 11
4211 11
4212 11
4213 11
4214 11
4215 11
4216 11
4217 11
4218 11
4219 11
4220 11
4221 11
4222 11
4223 11
4224 11
4225 11
4226 11
4227 11
4228 11
4229 11
4230 11
4231 11
4232 11
4233 11
4234 11
4235 11
4236 11
4237 11
4238 11
4239 11
4240 11
4241 11
4242 11
4243 11
4244 11
4245 11
4246 11
4247 11
4248 11
4249 11
4250 11
4251 11
4252 11
4253 11
4254 11
4255 11
4256 11
4257 11
4258 11
4259 11
4260 11
4261 11
4262 11
4263 11
4264 11
4265 11
4266 11
4267 11
4268 11
4269 11
4270 11
4271 11
4272 11
4273 11
4274 11
4275 11
4276 11
4277 11
4278 11
4279 11
4280 11
4281 11
4282 11
4283 11
4284 11
4285 11
4286 11
4287 11
4288 11
4289 11
4290 11
4291 11
4292 11
4293 11
4294 11
4295 11
4296 11
4297 11
4298 11
4299 11
4300 11
4301 11
4302 11
4303 11
4304 11
4305 11
4306 11
4307 11
4308 11
4309 11
4310 11
4311 11
4312 11
4313 11
4314 11
4315 11
4316 11
4317 11
4318 11
4319 11
4320 11
4321 11
4322 11
4323 11
4324 11
4325 11
4326 11
4327 11
4328 11
4329 11
4330 11
4331 11
4332 11
4333 11
4334 11
4335 11
4336 11
4337 11
4338 11
4339 11
4340 11
4341 11
4342 11
4343 11
4344 11
4345 11
4346 11
4347 11
4348 11
4349 11
4350 11
4351 11
4352 11
4353 11
4354 11
4355 11
4356 11
4357 11
4358 11
4359 11
4360 11
4361 11
4362 11
4363 11
4364 11
4365 11
4366 11
4367 11
4368 11
4369 11
4370 11
4371 11
4372 11
4373 11
4374 11
4375 11
4376 11
4377 11
4378 11
4379 11
4380 11
4381 11
4382 11
4383 11
4384 11
4385 11
4386 11
4387 11
4388 11
4389 11
4390 11
4391 11
4392 11
4393 11
4394 11
4395 11
4396 11
4397 11
4398 11
4399 11
4400 11
4401 11
4402 11
4403 11
4404 11
4405 11
4406 11
4407 11
4408 11
4409 11
4410 11
4411 11
4412 11
4413 11
4414 11
4415 11
4416 11
4417 11
4418 11
4419 11
4420 11
4421 11
4422 11
4423 11
4424 11
4425 11
4426 11
4427 11
4428 11
4429 11
4430 11
4431 11
4432 11
4433 11
4434 11
4435 11
4436 11
4437 11
4438 11
4439 11
4440 11
4441 11
4442 11
4443 11
4444 11
4445 11
4446 11
4447 11
4448 11
4449 11
4450 11
4451 11
4452 11
4453 11
4454 11
4455 11
4456 11
4457 11
4458 11
4459 11
4460 11
4461 11
4462 11
4463 11
4464 11
4465 11
4466 11
4467 11
4468 11
4469 11
4470 11
4471 11
4472 11
4473 11
4474 11
4475 11
4476 11
4477 11
4478 11
4479 11
4480 11
4481 11
4482 11
4483 11
4484 11
4485 11
4486 11
4487 11
4488 11
4489 11
4490 11
4491 11
4492 11
4493 11
4494 11
4495 11
4496 11
4497 11
4498 11
4499 11
4500 11
4501 11
4502 11
4503 11
4504 11
4505 11
4506 11
4507 11
4508 11
4509 11
4510 11
4511 11
4512 11
4513 11
4514 11
4515 11
4516 11
4517 11
4518 11
4519 11
4520 11
4521 11
4522 11
4523 11
4524 11
4525 11
4526 11
4527 11
4528 11
4529 11
4530 11
4531 11
4532 11
4533 11
4534 11
4535 11
4536 11
4537 11
4538 11
4539 11
4540 11
4541 11
4542 11
4543 11
4544 11
4545 11
4546 11
4547 11
4548 11
4549 11
4550 11
4551 11
4552 11
4553 11
4554 11
4555 11
4556 11
4557 11
4558 11
4559 11
4560 11
4561 11
4562 11
4563 11
4564 11
4565 11
4566 11
4567 11
4568 11
4569 11
4570 11
4571 11
4572 11
4573 11
4574 11
4575 11
4576 11
4577 11
4578 11
4579 11
4580 11
4581 11
4582 11
4583 11
4584 11
4585 11
4586 11
4587 11
4588 11
4589 11
4590 11
4591 11
4592 11
4593 11
4594 11
4595 11
4596 11
4597 11
4598 11
4599 11
4600 11
4601 11
4602 11
4603 11
4604 11
4605 11
4606 11
4607 11
4608 11
4609 11
4610 11
4611 11
4612 11
4613 11
4614 11
4615 11
4616 11
4617 11
4618 11
4619 11
4620 11
4621 11
4622 11
4623 11
4624 11
4625 11
4626 11
4627 11
4628 11
4629 11
4630 11
4631 11
4632 11
4633 11
4634 11
4635 11
4636 11
4637 11
4638 11
4639 11
4640 11
4641 11
4642 11
4643 11
4644 11
4645 11
4646 11
4647 11
4648 11
4649 11
4650 11
4651 11
4652 11
4653 11
4654 11
4655 11
4656 11
4657 11
4658 11
4659 11
4660 11
4661 11
4662 11
4663 11
4664 11
4665 11
4666 11
4667 11
4668 11
4669 11
4670 11
4671 11
4672 11
4673 11
4674 11
4675 11
4676 11
4677 11
4678 11
4679 11
4680 11
4681 11
4682 11
4683 11
4684 11
4685 11
4686 11
4687 11
4688 11
4689 11
4690 11
4691 11
4692 11
4693 11
4694 11
4695 11
4696 11
4697 11
4698 11
4699 11
4700 11
4701 11
4702 11
4703 11
4704 11
4705 11
4706 11
4707 11
4708 11
4709 11
4710 11
4711 11
4712 11
4713 11
4714 11
4715 11
4716 11
4717 11
4718 11
4719 11
4720 11
4721 11
4722 11
4723 11
4724 11
4725 11
4726 11
4727 11
4728 11
4729 11
4730 11
4731 11
4732 11
4733 11
4734 11
4735 11
4736 11
4737 11
4738 11
4739 11
4740 11
4741 11
4742 11
4743 11
4744 11
4745 11
4746 11
4747 11
4748 11
4749 11
4750 11
4751 11
4752 11
4753 11
4754 11
4755 11
4756 11
4757 11
4758 11
4759 11
4760 11
4761 11
4762 11
4763 11
4764 11
4765 11
4766 11
4767 11
4768 11
4769 11
4770 11
4771 11
4772 11
4773 11
4774 11
4775 11
4776 11
4777 11
4778 11
4779 11
4780 11
4781 11
4782 11
4783 11
4784 11
4785 11
4786 11
4787 11
4788 11
4789 11
4790 11
4791 11
4792 11
4793 11
4794 11
4795 11
4796 11
4797 11
4798 11
4799 11
4800 11
4801 11
4802 11
4803 11
4804 11
4805 11
4806 11
4807 11
4808 11
4809 11
4810 11
4811 11
4812 11
4813 11
4814 11
4815 11
4816 11
4817 11
4818 11
4819 11
4820 11
4821 11
4822 11
4823 11
4824 11
4825 11
4826 11
4827 11
4828 11
4829 11
4830 11
4831 11
4832 11
4833 11
4834 11
4835 11
4836 11
4837 11
4838 11
4839 11
4840 11
4841 11
4842 11
4843 11
4844 11
4845 11
4846 11
4847 11
4848 11
4849 11
4850 11
4851 11
4852 11
4853 11
4854 11
4855 11
4856 11
4857 11
4858 11
4859 11
4860 11
4861 11
4862 11
4863 11
4864 11
4865 11
4866 11
4867 11
4868 11
4869 11
4870 11
4871 11
4872 11
4873 11
4874 11
4875 11
4876 11
4877 11
4878 11
4879 11
4880 11
4881 11
4882 11
4883 11
4884 11
4885 11
4886 11
4887 11
4888 11
4889 11
4890 11
4891 11
4892 11
4893 11
4894 11
4895 11
4896 11
4897 11
4898 11
4899 11
4900 11
4901 11
4902 11
4903 11
4904 11
4905 11
4906 11
4907 11
4908 11
4909 11
4910 11
4911 11
4912 11
4913 11
4914 11
4915 11
4916 11
4917 11
4918 11
4919 11
4920 11
4921 11
4922 11
4923 11
4924 11
4925 11
4926 11
4927 11
4928 11
4929 11
4930 11
4931 11
4932 11
4933 11
4934 11
4935 11
4936 11
4937 11
4938 11
4939 11
4940 11
4941 11
4942 11
4943 11
4944 11
4945 11
4946 11
4947 11
4948 11
4949 11
4950 11
4951 11
4952 11
4953 11
4954 11
4955 11
4956 11
4957 11
4958 11
4959 11
4960 11
4961 11
4962 11
4963 11
4964 11
4965 11
4966 11
4967 11
4968 11
4969 11
4970 11
4971 11
4972 11
4973 11
4974 11
4975 11
4976 11
4977 11
4978 11
4979 11
4980 11
4981 11
4982 11
4983 11
4984 11
4985 11
4986 11
4987 11
4988 11
4989 11
4990 11
4991 11
4992 11
4993 11
4994 11
4995 11
4996 11
4997 11
4998 11
4999 11
5000 11
5001 11
5002 11
5003 11
5004 11
5005 11
5006 11
5007 11
5008 11
5009 11
5010 11
5011 11
5012 11
5013 11
5014 11
5015 11
5016 11
5017 11
5018 11
5019 11
5020 11
5021 11
5022 11
5023 11
5024 11
5025 11
5026 11
5027 11
5028 11
5029 11
5030 11
5031 11
5032 11
5033 11
5034 11
5035 11
5036 11
5037 11
5038 11
5039 11
5040 11
5041 11
5042 11
5043 11
5044 11
5045 11
5046 11
5047 11
5048 11
5049 11
5050 11
5051 11
5052 11
5053 11
5054 11
5055 11
5056 11
5057 11
5058 11
5059 11
5060 11
5061 11
5062 11
5063 11
5064 11
5065 11
5066 11
5067 11
5068 11
5069 11
5070 11
5071 11
5072 11
5073 11
5074 11
5075 11
5076 11
5077 11
5078 11
5079 11
5080 11
5081 11
5082 11
5083 11
5084 11
5085 11
5086 11
5087 11
5088 11
5089 11
5090 11
5091 11
5092 11
5093 11
5094 11
5095 11
5096 11
5097 11
5098 11
5099 11
5100 11
5101 11
5102 11
5103 11
5104 11
5105 11
5106 11
5107 11
5108 11
5109 11
5110 11
5111 11
5112 11
5113 11
5114 11
5115 11
5116 11
5117 11
5118 11
5119 11
5120 11
5121 11
5122 11
5123 11
5124 11
5125 11
5126 11
5127 11
5128 11
5129 11
5130 11
5131 11
5132 11
5133 11
5134 11
5135 11
5136 11
5137 11
5138 11
5139 11
5140 11
5141 11
5142 11
5143 11
5144 11
5145 11
5146 11
5147 11
5148 11
5149 11
5150 11
5151 11
5152 11
5153 11
5154 11
5155 11
5156 11
5157 11
5158 11
5159 11
5160 11
5161 11
5162 11
5163 11
5164 11
5165 11
5166 11
5167 11
5168 11
5169 11
5170 11
5171 11
5172 11
5173 11
5174 11
5175 11
5176 11
5177 11
5178 11
5179 11
5180 11
5181 11
5182 11
5183 11
5184 11
5185 11
5186 11
5187 11
5188 11
5189 11
5190 11
5191 11
5192 11
5193 11
5194 11
5195 11
5196 11
5197 11
5198 11
5199 11
5200 11
5201 11
5202 11
5203 11
5204 11
5205 11
5206 11
5207 11
5208 11
5209 11
5210 11
5211 11
5212 11
5213 11
5214 11
5215 11
5216 11
5217 11
5218 11
5219 11
5220 11
5221 11
5222 11
5223 11
5224 11
5225 11
5226 11
5227 11
5228 11
5229 11
5230 11
5231 11
5232 11
5233 11
5234 11
5235 11
5236 11
5237 11
5238 11
5239 11
5240 11
5241 11
5242 11
5243 11
5244 11
5245 11
5246 11
5247 11
5248 11
5249 11
5250 11
5251 11
5252 11
5253 11
5254 11
5255 11
5256 11
5257 11
5258 11
5259 11
5260 11
5261 11
5262 11
5263 11
5264 11
5265 11
5266 11
5267 11
5268 11
5269 11
5270 11
5271 11
5272 11
5273 11
5274 11
5275 11
5276 11
5277 11
5278 11
5279 11
5280 11
5281 11
5282 11
5283 11
5284 11
5285 11
5286 11
5287 11
5288 11
5289 11
5290 11
5291 11
5292 11
5293 11
5294 11
5295 11
5296 11
5297 11
5298 11
5299 11
5300 11
5301 11
5302 11
5303 11
5304 11
5305 11
5306 11
5307 11
5308 11
5309 11
5310 11
5311 11
5312 11
5313 11
5314 11
5315 11
5316 11
5317 11
5318 11
5319 11
5320 11
5321 11
5322 11
5323 11
5324 11
5325 11
5326 11
5327 11
5328 11
5329 11
5330 11
5331 11
5332 11
5333 11
5334 11
5335 11
5336 11
5337 11
5338 11
5339 11
5340 11
5341 11
5342 11
5343 11
5344 11
5345 11
5346 11
5347 11
5348 11
5349 11
5350 11
5351 11
5352 11
5353 11
5354 11
5355 11
5356 11
5357 11
5358 11
5359 11
5360 11
5361 11
5362 11
5363 11
5364 11
5365 11
5366 11
5367 11
5368 11
5369 11
5370 11
5371 11
5372 11
5373 11
5374 11
5375 11
5376 11
5377 11
5378 11
5379 11
5380 11
5381 11
5382 11
5383 11
5384 11
5385 11
5386 11
5387 11
5388 11
5389 11
5390 11
5391 11
5392 11
5393 11
5394 11
5395 11
5396 11
5397 11
5398 11
5399 11
5400 11
5401 11
5402 11
5403 11
5404 11
5405 11
5406 11
5407 11
5408 11
5409 11
5410 11
5411 11
5412 11
5413 11
5414 11
5415 11
5416 11
5417 11
5418 11
5419 11
5420 11
5421 11
5422 11
5423 11
5424 11
5425 11
5426 11
5427 11
5428 11
5429 11
5430 11
5431 11
5432 11
5433 11
5434 11
5435 11
5436 11
5437 11
5438 11
5439 11
5440 11
5441 11
5442 11
5443 11
5444 11
5445 11
5446 11
5447 11
5448 11
5449 11
5450 11
5451 11
5452 11
5453 11
5454 11
5455 11
5456 11
5457 11
5458 11
5459 11
5460 11
5461 11
5462 11
5463 11
5464 11
5465 11
5466 11
5467 11
5468 11
5469 11
5470 11
5471 11
5472 11
5473 11
5474 11
5475 11
5476 11
5477 11
5478 11
5479 11
5480 11
5481 11
5482 11
5483 11
5484 11
5485 11
5486 11
5487 11
5488 11
5489 11
5490 11
5491 11
5492 11
5493 11
5494 11
5495 11
5496 11
5497 11
5498 11
5499 11
5500 11
5501 11
5502 11
5503 11
5504 11
5505 11
5506 11
5507 11
5508 11
5509 11
5510 11
5511 11
5512 11
5513 11
5514 11
5515 11
5516 11
5517 11
5518 11
5519 11
5520 11
5521 11
5522 11
5523 11
5524 11
5525 11
5526 11
5527 11
5528 11
5529 11
5530 11
5531 11
5532 11
5533 11
5534 11
5535 11
5536 11
5537 11
5538 11
5539 11
5540 11
5541 11
5542 11
5543 11
5544 11
5545 11
5546 11
5547 11
5548 11
5549 11
5550 11
5551 11
5552 11
5553 11
5554 11
5555 11
5556 11
5557 11
5558 11
5559 11
5560 11
5561 11
5562 11
5563 11
5564 11
5565 11
5566 11
5567 11
5568 11
5569 11
5570 11
5571 11
5572 11
5573 11
5574 11
5575 11
5576 11
5577 11
5578 11
5579 11
5580 11
5581 11
5582 11
5583 11
5584 11
5585 11
5586 11
5587 11
5588 11
5589 11
5590 11
5591 11
5592 11
5593 11
5594 11
5595 11
5596 11
5597 11
5598 11
5599 11
5600 11
5601 11
5602 11
5603 11
5604 11
5605 11
5606 11
5607 11
5608 11
5609 11
5610 11
5611 11
5612 11
5613 11
5614 11
5615 11
5616 11
5617 11
5618 11
5619 11
5620 11
5621 11
5622 11
5623 11
5624 11
5625 11
5626 11
5627 11
5628 11
5629 11
5630 11
5631 11
5632 11
5633 11
5634 11
5635 11
5636 11
5637 11
5638 11
5639 11
5640 11
5641 11
5642 11
5643 11
5644 11
5645 11
5646 11
5647 11
5648 11
5649 11
5650 11
5651 11
5652 11
5653 11
5654 11
5655 11
5656 11
5657 11
5658 11
5659 11
5660 11
5661 11
5662 11
5663 11
5664 11
5665 11
5666 11
5667 11
5668 11
5669 11
5670 11
5671 11
5672 11
5673 11
5674 11
5675 11
5676 11
5677 11
5678 11
5679 11
5680 11
5681 11
5682 11
5683 11
5684 11
5685 11
5686 11
5687 11
5688 11
5689 11
5690 11
5691 11
5692 11
5693 11
5694 11
5695 11
5696 11
5697 11
5698 11
5699 11
5700 11
5701 11
5702 11
5703 11
5704 11
5705 11
5706 11
5707 11
5708 11
5709 11
5710 11
5711 12
5712 12
5713 12
5714 12
5715 12
5716 12
5717 12
5718 12
5719 12
5720 12
5721 12
5722 12
5723 12
5724 12
5725 12
5726 12
5727 12
5728 12
5729 12
5730 12
5731 12
5732 12
5733 12
5734 12
5735 12
5736 12
5737 12
5738 12
5739 12
5740 12
5741 12
5742 12
5743 12
5744 12
5745 12
5746 12
5747 12
5748 12
5749 12
5750 12
5751 12
5752 12
5753 12
5754 12
5755 12
5756 12
5757 12
5758 12
5759 12
5760 12
5761 12
5762 12
5763 12
5764 12
5765 12
5766 12
5767 12
5768 12
5769 12
5770 12
5771 12
5772 12
5773 12
5774 12
5775 12
5776 12
5777 12
5778 12
5779 12
5780 12
5781 12
5782 12
5783 12
5784 12
5785 12
5786 12
5787 12
5788 12
5789 12
5790 12
5791 12
5792 12
5793 12
5794 12
5795 12
5796 12
5797 12
5798 12
5799 12
5800 12
5801 12
5802 12
5803 12
5804 12
5805 12
5806 12
5807 12
5808 12
5809 12
5810 12
5811 12
5812 12
5813 12
5814 12
5815 12
5816 12
5817 12
5818 12
5819 12
5820 12
5821 12
5822 12
5823 12
5824 12
5825 12
5826 12
5827 12
5828 12
5829 12
5830 12
5831 12
5832 12
5833 12
5834 12
5835 12
5836 12
5837 12
5838 12
5839 12
5840 12
5841 12
5842 12
5843 12
5844 12
5845 12
5846 12
5847 12
5848 12
5849 12
5850 12
5851 12
5852 12
5853 12
5854 12
5855 12
5856 12
5857 12
5858 12
5859 12
5860 12
5861 12
5862 12
5863 12
5864 12
5865 12
5866 12
5867 12
5868 12
5869 12
5870 12
5871 12
5872 12
5873 12
5874 12
5875 12
5876 12
5877 12
5878 12
5879 12
5880 12
5881 12
5882 12
5883 12
5884 12
5885 12
5886 12
5887 12
5888 12
5889 12
5890 12
5891 12
5892 12
5893 12
5894 12
5895 12
5896 12
5897 12
5898 12
5899 12
5900 12
5901 12
5902 12
5903 12
5904 12
5905 12
5906 12
5907 12
5908 12
5909 12
5910 12
5911 12
5912 12
5913 12
5914 12
5915 12
5916 12
5917 12
5918 12
5919 12
5920 12
5921 12
5922 12
5923 12
5924 12
5925 12
5926 12
5927 12
5928 12
5929 12
5930 12
5931 12
5932 12
5933 12
5934 12
5935 12
5936 12
5937 12
5938 12
5939 12
5940 12
5941 12
5942 12
5943 12
5944 12
5945 12
5946 12
5947 12
5948 12
5949 12
5950 12
5951 12
5952 12
5953 12
5954 12
5955 12
5956 12
5957 12
5958 12
5959 12
5960 12
5961 12
5962 12
5963 12
5964 12
5965 12
5966 12
5967 12
5968 12
5969 12
5970 12
5971 12
5972 12
5973 12
5974 12
5975 12
5976 12
5977 12
5978 12
5979 12
5980 12
5981 12
5982 12
5983 12
5984 12
5985 12
5986 12
5987 12
5988 12
5989 12
5990 12
5991 12
5992 12
5993 12
5994 12
5995 12
5996 12
5997 12
5998 12
5999 12
6000 12
6001 12
6002 12
6003 12
6004 12
6005 12
6006 12
6007 12
6008 12
6009 12
6010 12
6011 12
6012 12
6013 12
6014 12
6015 12
6016 12
6017 12
6018 12
6019 12
6020 12
6021 12
6022 12
6023 12
6024 12
6025 12
6026 12
6027 12
6028 12
6029 12
6030 12
6031 12
6032 12
6033 12
6034 12
6035 12
6036 12
6037 12
6038 12
6039 12
6040 12
6041 12
6042 12
6043 12
6044 12
6045 12
6046 12
6047 12
6048 12
6049 12
6050 12
6051 12
6052 12
6053 12
6054 12
6055 12
6056 12
6057 12
6058 12
6059 12
6060 12
6061 12
6062 12
6063 12
6064 12
6065 12
6066 12
6067 12
6068 12
6069 12
6070 12
6071 12
6072 12
6073 12
6074 12
6075 12
6076 12
6077 12
6078 12
6079 12
6080 12
6081 12
6082 12
6083 12
6084 12
6085 12
6086 12
6087 12
6088 12
6089 12
6090 12
6091 12
6092 12
6093 12
6094 12
6095 12
6096 12
6097 12
6098 12
6099 12
6100 12
6101 12
6102 12
6103 12
6104 12
6105 12
6106 12
6107 12
6108 12
6109 12
6110 12
6111 12
6112 12
6113 12
6114 12
6115 12
6116 12
6117 12
6118 12
6119 12
6120 12
6121 12
6122 12
6123 12
6124 12
6125 12
6126 12
6127 12
6128 12
6129 12
6130 12
6131 12
6132 12
6133 12
6134 12
6135 12
6136 12
6137 12
6138 12
6139 12
6140 12
6141 12
6142 12
6143 12
6144 12
6145 12
6146 12
6147 12
6148 12
6149 12
6150 12
6151 12
6152 12
6153 12
6154 12
6155 12
6156 12
6157 12
6158 12
6159 12
6160 12
6161 12
6162 12
6163 12
6164 12
6165 12
6166 12
6167 12
6168 12
6169 12
6170 12
6171 12
6172 12
6173 12
6174 12
6175 12
6176 12
6177 12
6178 12
6179 12
6180 12
6181 12
6182 12
6183 12
6184 12
6185 12
6186 12
6187 12
6188 12
6189 12
6190 12
6191 12
6192 12
6193 12
6194 12
6195 12
6196 12
6197 12
6198 12
6199 12
6200 12
6201 12
6202 12
6203 12
6204 12
6205 12
6206 12
6207 12
6208 12
6209 12
6210 12
6211 12
6212 12
6213 12
6214 12
6215 12
6216 12
6217 12
6218 12
6219 12
6220 12
6221 12
6222 12
6223 12
6224 12
6225 12
6226 12
6227 12
6228 12
6229 12
6230 12
6231 12
6232 12
6233 12
6234 12
6235 12
6236 12
6237 12
6238 12
6239 12
6240 12
6241 12
6242 12
6243 12
6244 12
6245 12
6246 12
6247 12
6248 12
6249 12
6250 12
6251 12
6252 12
6253 12
6254 12
6255 12
6256 12
6257 12
6258 12
6259 12
6260 12
6261 12
6262 12
6263 12
6264 12
6265 12
6266 12
6267 12
6268 12
6269 12
6270 12
6271 12
6272 12
6273 12
6274 12
6275 12
6276 12
6277 12
6278 12
6279 12
6280 12
6281 12
6282 12
6283 12
6284 12
6285 12
6286 12
6287 12
6288 12
6289 12
6290 12
6291 12
6292 12
6293 12
6294 12
6295 12
6296 12
6297 12
6298 12
6299 12
6300 12
6301 12
6302 12
6303 12
6304 12
6305 12
6306 12
6307 12
6308 12
6309 12
6310 12
6311 12
6312 12
6313 12
6314 12
6315 12
6316 12
6317 12
6318 12
6319 12
6320 12
6321 12
6322 12
6323 12
6324 12
6325 12
6326 12
6327 12
6328 12
6329 12
6330 12
6331 12
6332 12
6333 12
6334 12
6335 12
6336 12
6337 12
6338 12
6339 12
6340 12
6341 12
6342 12
6343 12
6344 12
6345 12
6346 12
6347 12
6348 12
6349 12
6350 12
6351 12
6352 12
6353 12
6354 12
6355 12
6356 12
6357 12
6358 12
6359 12
6360 12
6361 12
6362 12
6363 12
6364 12
6365 12
6366 12
6367 12
6368 12
6369 12
6370 12
6371 12
6372 12
6373 12
6374 12
6375 12
6376 12
6377 12
6378 12
6379 12
6380 12
6381 12
6382 12
6383 12
6384 12
6385 12
6386 12
6387 12
6388 12
6389 12
6390 12
6391 12
6392 12
6393 12
6394 12
6395 12
6396 12
6397 12
6398 12
6399 12
6400 12
6401 12
6402 12
6403 12
6404 12
6405 12
6406 12
6407 12
6408 12
6409 12
6410 12
6411 12
6412 12
6413 12
6414 12
6415 12
6416 12
6417 12
6418 12
6419 12
6420 12
6421 12
6422 12
6423 12
6424 12
6425 12
6426 12
6427 12
6428 12
6429 12
6430 12
6431 12
6432 12
6433 12
6434 12
6435 12
6436 12
6437 12
6438 12
6439 12
6440 12
6441 12
6442 12
6443 12
6444 12
6445 12
6446 12
6447 12
6448 12
6449 12
6450 12
6451 12
6452 12
6453 12
6454 12
6455 12
6456 12
6457 12
6458 12
6459 12
6460 12
6461 12
6462 12
6463 12
6464 12
6465 12
6466 12
6467 12
6468 12
6469 12
6470 12
6471 12
6472 12
6473 12
6474 12
6475 12
6476 12
6477 12
6478 12
6479 12
6480 12
6481 12
6482 12
6483 12
6484 12
6485 12
6486 12
6487 12
6488 12
6489 12
6490 12
6491 12
6492 12
6493 12
6494 12
6495 12
6496 12
6497 12
6498 12
6499 12
6500 12
6501 12
6502 12
6503 12
6504 12
6505 12
6506 12
6507 12
6508 12
6509 12
6510 12
6511 12
6512 12
6513 12
6514 12
6515 12
6516 12
6517 12
6518 12
6519 12
6520 12
6521 12
6522 12
6523 12
6524 12
6525 12
6526 12
6527 12
6528 12
6529 12
6530 12
6531 12
6532 12
6533 12
6534 12
6535 12
6536 12
6537 12
6538 12
6539 12
6540 12
6541 12
6542 12
6543 12
6544 12
6545 12
6546 12
6547 12
6548 12
6549 12
6550 12
6551 12
6552 12
6553 12
6554 12
6555 12
6556 12
6557 12
6558 12
6559 12
6560 12
6561 12
6562 12
6563 12
6564 12
6565 12
6566 12
6567 12
6568 12
6569 12
6570 12
6571 12
6572 12
6573 12
6574 12
6575 12
6576 12
6577 12
6578 12
6579 12
6580 12
6581 12
6582 12
6583 12
6584 12
6585 12
6586 12
6587 12
6588 12
6589 12
6590 12
6591 12
6592 12
6593 12
6594 12
6595 12
6596 12
6597 12
6598 12
6599 12
6600 12
6601 12
6602 12
6603 12
6604 12
6605 12
6606 12
6607 12
6608 12
6609 12
6610 12
6611 12
6612 12
6613 12
6614 12
6615 12
6616 12
6617 12
6618 12
6619 12
6620 12
6621 12
6622 12
6623 12
6624 12
6625 12
6626 12
6627 12
6628 12
6629 12
6630 12
6631 12
6632 12
6633 12
6634 12
6635 12
6636 12
6637 12
6638 12
6639 12
6640 12
6641 12
6642 12
6643 12
6644 12
6645 12
6646 12
6647 12
6648 12
6649 12
6650 12
6651 12
6652 12
6653 12
6654 12
6655 12
6656 12
6657 12
6658 12
6659 12
6660 12
6661 12
6662 12
6663 12
6664 12
6665 12
6666 12
6667 12
6668 12
6669 12
6670 12
6671 12
6672 12
6673 12
6674 12
6675 12
6676 12
6677 12
6678 12
6679 12
6680 12
6681 12
6682 12
6683 12
6684 12
6685 12
6686 12
6687 12
6688 12
6689 12
6690 12
6691 12
6692 12
6693 12
6694 12
6695 12
6696 12
6697 12
6698 12
6699 12
6700 12
6701 12
6702 12
6703 12
6704 12
6705 12
6706 12
6707 12
6708 12
6709 12
6710 12
6711 12
6712 12
6713 12
6714 12
6715 12
6716 12
6717 12
6718 12
6719 12
6720 12
6721 12
6722 12
6723 12
6724 12
6725 12
6726 12
6727 12
6728 12
6729 12
6730 12
6731 12
6732 12
6733 12
6734 12
6735 12
6736 12
6737 12
6738 12
6739 12
6740 12
6741 12
6742 12
6743 12
6744 12
6745 12
6746 12
6747 12
6748 12
6749 12
6750 12
6751 12
6752 12
6753 12
6754 12
6755 12
6756 12
6757 12
6758 12
6759 12
6760 12
6761 12
6762 12
6763 12
6764 12
6765 12
6766 12
6767 12
6768 12
6769 12
6770 12
6771 12
6772 12
6773 12
6774 12
6775 12
6776 12
6777 12
6778 12
6779 12
6780 12
6781 12
6782 12
6783 12
6784 12
6785 12
6786 12
6787 12
6788 12
6789 12
6790 12
6791 12
6792 12
6793 12
6794 12
6795 12
6796 12
6797 12
6798 12
6799 12
6800 12
6801 12
6802 12
6803 12
6804 12
6805 12
6806 12
6807 12
6808 12
6809 12
6810 12
6811 12
6812 12
6813 12
6814 12
6815 12
6816 12
6817 12
6818 12
6819 12
6820 12
6821 12
6822 12
6823 12
6824 12
6825 12
6826 12
6827 12
6828 12
6829 12
6830 12
6831 12
6832 12
6833 12
6834 12
6835 12
6836 12
6837 12
6838 12
6839 12
6840 12
6841 12
6842 12
6843 12
6844 12
6845 12
6846 12
6847 12
6848 12
6849 12
6850 12
6851 12
6852 12
6853 12
6854 12
6855 12
6856 12
6857 12
6858 12
6859 12
6860 12
6861 12
6862 12
6863 12
6864 12
6865 12
6866 12
6867 12
6868 12
6869 12
6870 12
6871 12
6872 12
6873 12
6874 12
6875 12
6876 12
6877 12
6878 12
6879 12
6880 12
6881 12
6882 12
6883 12
6884 12
6885 12
6886 12
6887 12
6888 12
6889 12
6890 12
6891 12
6892 12
6893 12
6894 12
6895 12
6896 12
6897 12
6898 12
6899 12
6900 12
6901 12
6902 12
6903 12
6904 12
6905 12
6906 12
6907 12
6908 12
6909 12
6910 12
6911 12
6912 12
6913 12
6914 12
6915 12
6916 12
6917 12
6918 12
6919 12
6920 12
6921 12
6922 12
6923 12
6924 12
6925 12
6926 12
6927 12
6928 12
6929 12
6930 12
6931 12
6932 12
6933 12
6934 12
6935 12
6936 12
6937 12
6938 12
6939 12
6940 12
6941 12
6942 12
6943 12
6944 12
6945 12
6946 12
6947 12
6948 12
6949 12
6950 12
6951 12
6952 12
6953 12
6954 12
6955 12
6956 12
6957 12
6958 12
6959 12
6960 12
6961 12
6962 12
6963 12
6964 12
6965 12
6966 12
6967 12
6968 12
6969 12
6970 12
6971 12
6972 12
6973 12
6974 12
6975 12
6976 12
6977 12
6978 12
6979 12
6980 12
6981 12
6982 12
6983 12
6984 12
6985 12
6986 12
6987 12
6988 12
6989 12
6990 12
6991 12
6992 12
6993 12
6994 12
6995 12
6996 12
6997 12
6998 12
6999 12
7000 12
7001 12
7002 12
7003 12
7004 12
7005 12
7006 12
7007 12
7008 12
7009 12
7010 12
7011 12
7012 12
7013 12
7014 12
7015 12
7016 12
7017 12
7018 12
7019 12
7020 12
7021 12
7022 12
7023 12
7024 12
7025 12
7026 12
7027 12
7028 12
7029 12
7030 12
7031 12
7032 12
7033 12
7034 12
7035 12
7036 12
7037 12
7038 12
7039 12
7040 12
7041 12
7042 12
7043 12
7044 12
7045 12
7046 12
7047 12
7048 12
7049 12
7050 12
7051 12
7052 12
7053 12
7054 12
7055 12
7056 12
7057 12
7058 12
7059 12
7060 12
7061 12
7062 12
7063 12
7064 12
7065 12
7066 12
7067 12
7068 12
7069 12
7070 12
7071 12
7072 12
7073 12
7074 12
7075 12
7076 12
7077 12
7078 12
7079 12
7080 12
7081 12
7082 12
7083 12
7084 12
7085 12
7086 12
7087 12
7088 12
7089 12
7090 12
7091 12
7092 12
7093 12
7094 12
7095 12
7096 12
7097 12
7098 12
7099 12
7100 12
7101 12
7102 12
7103 12
7104 12
7105 12
7106 12
7107 12
7108 12
7109 12
7110 12
7111 12
7112 12
7113 12
7114 12
7115 12
7116 12
7117 12
7118 12
7119 12
7120 12
7121 12
7122 12
7123 12
7124 12
7125 12
7126 12
7127 12
7128 12
7129 12
7130 12
7131 12
7132 12
7133 12
7134 12
7135 12
7136 12
7137 12
7138 12
7139 12
7140 12
7141 12
7142 12
7143 12
7144 12
7145 12
7146 12
7147 12
7148 12
7149 12
7150 12
7151 12
7152 12
7153 12
7154 12
7155 12
7156 12
7157 12
7158 12
7159 12
7160 12
7161 12
7162 12
7163 12
7164 12
7165 12
7166 12
7167 12
7168 12
7169 12
7170 12
7171 12
7172 12
7173 12
7174 12
7175 12
7176 12
7177 12
7178 12
7179 12
7180 12
7181 12
7182 12
7183 12
7184 12
7185 12
7186 12
7187 12
7188 12
7189 12
7190 12
7191 12
7192 12
7193 12
7194 12
7195 12
7196 12
7197 12
7198 12
7199 12
7200 12
7201 12
7202 12
7203 12
7204 12
7205 12
7206 12
7207 12
7208 12
7209 12
7210 12
7211 12
7212 12
7213 12
7214 12
7215 12
7216 12
7217 12
7218 12
7219 12
7220 12
7221 12
7222 12
7223 12
7224 12
7225 12
7226 12
7227 12
7228 12
7229 12
7230 12
7231 12
7232 12
7233 12
7234 12
7235 12
7236 12
7237 12
7238 12
7239 12
7240 12
7241 12
7242 12
7243 12
7244 12
7245 12
7246 12
7247 12
7248 12
7249 12
7250 12
7251 12
7252 12
7253 12
7254 12
7255 12
7256 12
7257 12
7258 12
7259 12
7260 12
7261 12
7262 12
7263 12
7264 12
7265 12
7266 12
7267 12
7268 12
7269 12
7270 12
7271 12
7272 12
7273 12
7274 12
7275 12
7276 12
7277 12
7278 12
7279 12
7280 12
7281 12
7282 12
7283 12
7284 12
7285 12
7286 12
7287 12
7288 12
7289 12
7290 12
7291 12
7292 12
7293 12
7294 12
7295 12
7296 12
7297 12
7298 12
7299 12
7300 12
7301 12
7302 12
7303 12
7304 12
7305 12
7306 12
7307 12
7308 12
7309 12
7310 12
7311 12
7312 12
7313 12
7314 12
7315 12
7316 12
7317 12
7318 12
7319 12
7320 12
7321 12
7322 12
7323 12
7324 12
7325 12
7326 12
7327 12
7328 12
7329 12
7330 12
7331 12
7332 12
7333 12
7334 12
7335 12
7336 12
7337 12
7338 12
7339 12
7340 12
7341 12
7342 12
7343 12
7344 12
7345 12
7346 12
7347 12
7348 12
7349 12
7350 12
7351 12
7352 12
7353 12
7354 12
7355 12
7356 12
7357 12
7358 12
7359 12
7360 12
7361 12
7362 12
7363 12
7364 12
7365 12
7366 12
7367 12
7368 12
7369 12
7370 12
7371 12
7372 12
7373 12
7374 12
7375 12
7376 12
7377 12
7378 12
7379 12
7380 12
7381 12
7382 12
7383 12
7384 12
7385 12
7386 12
7387 12
7388 12
7389 12
7390 12
7391 12
7392 12
7393 12
7394 12
7395 12
7396 12
7397 12
7398 12
7399 12
7400 12
7401 12
7402 12
7403 12
7404 12
7405 12
7406 12
7407 12
7408 12
7409 12
7410 12
7411 12
7412 12
7413 12
7414 12
7415 12
7416 12
7417 12
7418 12
7419 12
7420 12
7421 12
7422 12
7423 12
7424 12
7425 12
7426 12
7427 12
7428 12
7429 12
7430 12
7431 12
7432 12
7433 12
7434 12
7435 12
7436 12
7437 12
7438 12
7439 12
7440 12
7441 12
7442 12
7443 12
7444 12
7445 12
7446 12
7447 12
7448 12
7449 12
7450 12
7451 12
7452 12
7453 12
7454 12
7455 12
7456 12
7457 12
7458 12
7459 12
7460 12
7461 12
7462 12
7463 12
7464 12
7465 12
7466 12
7467 12
7468 12
7469 12
7470 12
7471 12
7472 12
7473 12
7474 12
7475 12
7476 12
7477 12
7478 12
7479 12
7480 12
7481 12
7482 12
7483 12
7484 12
7485 12
7486 12
7487 12
7488 12
7489 12
7490 12
7491 12
7492 12
7493 12
7494 12
7495 12
7496 12
7497 12
7498 12
7499 12
7500 12
7501 12
7502 12
7503 12
7504 12
7505 12
7506 12
7507 12
7508 12
7509 12
7510 12
7511 12
7512 12
7513 12
7514 12
7515 12
7516 12
7517 12
7518 12
7519 12
7520 12
7521 12
7522 12
7523 12
7524 12
7525 12
7526 12
7527 12
7528 12
7529 12
7530 12
7531 12
7532 12
7533 12
7534 12
7535 12
7536 12
7537 12
7538 12
7539 12
7540 12
7541 12
7542 12
7543 12
7544 12
7545 12
7546 12
7547 12
7548 12
7549 12
7550 12
7551 12
7552 12
7553 12
7554 12
7555 12
7556 12
7557 12
7558 12
7559 12
7560 12
7561 12
7562 12
7563 12
7564 12
7565 12
7566 12
7567 12
7568 12
7569 12
7570 12
7571 12
7572 12
7573 12
7574 12
7575 12
7576 12
7577 12
7578 12
7579 12
7580 12
7581 12
7582 12
7583 12
7584 12
7585 12
7586 12
7587 12
7588 12
7589 12
7590 12
7591 12
7592 12
7593 12
7594 12
7595 12
7596 12
7597 12
7598 12
7599 12
7600 12
7601 12
7602 12
7603 12
7604 12
7605 12
7606 12
7607 12
7608 12
7609 12
7610 12
7611 12
7612 12
7613 12
7614 12
7615 12
7616 12
7617 12
7618 12
7619 12
7620 12
7621 12
7622 12
7623 12
7624 12
7625 12
7626 12
7627 12
7628 12
7629 12
7630 12
7631 12
7632 12
7633 12
7634 12
7635 12
7636 12
7637 12
7638 12
7639 12
7640 12
7641 12
7642 12
7643 12
7644 12
7645 12
7646 12
7647 12
7648 12
7649 12
7650 12
7651 12
7652 12
7653 12
7654 12
7655 12
7656 12
7657 12
7658 12
7659 12
7660 12
7661 12
7662 12
7663 12
7664 12
7665 12
7666 12
7667 12
7668 12
7669 12
7670 12
7671 12
7672 12
7673 12
7674 12
7675 12
7676 12
7677 12
7678 12
7679 12
7680 12
7681 12
7682 12
7683 12
7684 12
7685 12
7686 12
7687 12
7688 12
7689 12
7690 12
7691 12
7692 12
7693 12
7694 12
7695 12
7696 12
7697 12
7698 12
7699 12
7700 12
7701 12
7702 12
7703 12
7704 12
7705 12
7706 12
7707 12
7708 12
7709 12
7710 12
7711 12
7712 12
7713 12
7714 12
7715 12
7716 12
7717 12
7718 12
7719 12
7720 12
7721 12
7722 12
7723 12
7724 12
7725 12
7726 12
7727 12
7728 12
7729 12
7730 12
7731 12
7732 12
7733 12
7734 12
7735 12
7736 12
7737 12
7738 12
7739 12
7740 12
7741 12
7742 12
7743 12
7744 12
7745 12
7746 12
7747 12
7748 12
7749 12
7750 12
7751 12
7752 12
7753 12
7754 12
7755 12
7756 12
7757 12
7758 12
7759 12
7760 12
7761 12
7762 12
7763 12
7764 12
7765 12
7766 12
7767 12
7768 12
7769 12
7770 12
7771 12
7772 12
7773 12
7774 12
7775 12
7776 12
7777 12
7778 12
7779 12
7780 12
7781 12
7782 12
7783 12
7784 12
7785 12
7786 12
7787 12
7788 12
7789 12
7790 12
7791 12
7792 12
7793 12
7794 12
7795 12
7796 12
7797 12
7798 12
7799 12
7800 12
7801 12
7802 12
7803 12
7804 12
7805 12
7806 12
7807 12
7808 12
7809 12
7810 12
7811 12
7812 12
7813 12
7814 12
7815 12
7816 12
7817 12
7818 12
7819 12
7820 12
7821 12
7822 12
7823 12
7824 12
7825 12
7826 12
7827 12
7828 12
7829 12
7830 12
7831 12
7832 12
7833 12
7834 12
7835 12
7836 12
7837 12
7838 12
7839 12
7840 12
7841 12
7842 12
7843 12
7844 12
7845 12
7846 12
7847 12
7848 12
7849 12
7850 12
7851 12
7852 12
7853 12
7854 12
7855 12
7856 12
7857 12
7858 12
7859 12
7860 12
7861 12
7862 12
7863 12
7864 12
7865 12
7866 12
7867 12
7868 12
7869 12
7870 12
7871 12
7872 12
7873 12
7874 12
7875 12
7876 12
7877 12
7878 12
7879 12
7880 12
7881 12
7882 12
7883 12
7884 12
7885 12
7886 12
7887 12
7888 12
7889 12
7890 12
7891 12
7892 12
7893 12
7894 12
7895 12
7896 12
7897 12
7898 12
7899 12
7900 12
7901 12
7902 12
7903 12
7904 12
7905 12
7906 12
7907 12
7908 12
7909 12
7910 12
7911 12
7912 12
7913 12
7914 12
7915 12
7916 12
7917 12
7918 12
7919 12
7920 12
7921 12
7922 12
7923 12
7924 12
7925 12
7926 12
7927 12
7928 12
7929 12
7930 12
7931 12
7932 12
7933 12
7934 12
7935 12
7936 12
7937 12
7938 12
7939 12
7940 12
7941 12
7942 12
7943 12
7944 12
7945 12
7946 12
7947 12
7948 12
7949 12
7950 12
7951 12
7952 12
7953 12
7954 12
7955 12
7956 12
7957 12
7958 12
7959 12
7960 12
7961 12
7962 12
7963 12
7964 12
7965 12
7966 12
7967 12
7968 12
7969 12
7970 12
7971 12
7972 12
7973 12
7974 12
7975 12
7976 12
7977 12
7978 12
7979 12
7980 12
7981 12
7982 12
7983 12
7984 12
7985 12
7986 12
7987 12
7988 12
7989 12
7990 12
7991 12
7992 12
7993 12
7994 12
7995 12
7996 12
7997 12
7998 12
7999 12
8000 12
8001 12
8002 12
8003 12
8004 12
8005 12
8006 12
8007 12
8008 12
8009 12
8010 12
8011 12
8012 12
8013 12
8014 12
8015 12
8016 12
8017 12
8018 12
8019 12
8020 12
8021 12
8022 12
8023 12
8024 12
8025 12
8026 12
8027 12
8028 12
8029 12
8030 12
8031 12
8032 12
8033 12
8034 12
8035 12
8036 12
8037 12
8038 12
8039 12
8040 12
8041 12
8042 12
8043 12
8044 12
8045 12
8046 12
8047 12
8048 12
8049 12
8050 12
8051 12
8052 12
8053 12
8054 12
8055 12
8056 12
8057 12
8058 12
8059 12
8060 12
8061 12
8062 12
8063 12
8064 12
8065 12
8066 12
8067 12
8068 12
8069 12
8070 12
8071 12
8072 12
8073 12
8074 12
8075 12
8076 12
8077 12
8078 12
8079 12
8080 12
8081 12
8082 12
8083 12
8084 12
8085 12
8086 12
8087 12
8088 12
8089 12
8090 12
8091 12
8092 12
8093 12
8094 12
8095 12
8096 12
8097 12
8098 12
8099 12
8100 12
8101 12
8102 12
8103 12
8104 12
8105 12
8106 12
8107 12
8108 12
8109 12
8110 12
8111 12
8112 12
8113 12
8114 12
8115 12
8116 12
8117 12
8118 12
8119 12
8120 12
8121 12
8122 12
8123 12
8124 12
8125 12
8126 12
8127 12
8128 12
8129 12
8130 12
8131 12
8132 12
8133 12
8134 12
8135 12
8136 12
8137 12
8138 12
8139 12
8140 12
8141 12
8142 12
8143 12
8144 12
8145 12
8146 12
8147 12
8148 12
8149 12
8150 12
8151 12
8152 12
8153 12
8154 12
8155 12
8156 12
8157 12
8158 12
8159 12
8160 12
8161 12
8162 12
8163 12
8164 12
8165 12
8166 12
8167 12
8168 12
8169 12
8170 12
8171 12
8172 12
8173 12
8174 12
8175 12
8176 12
8177 12
8178 12
8179 12
8180 12
8181 12
8182 12
8183 12
8184 12
8185 12
8186 12
8187 12
8188 12
8189 12
8190 12
8191 12
8192 12
8193 12
8194 12
8195 12
8196 12
8197 12
8198 12
8199 12
8200 12
8201 12
8202 12
8203 12
8204 12
8205 12
8206 12
8207 12
8208 12
8209 12
8210 12
8211 12
8212 12
8213 12
8214 12
8215 12
8216 12
8217 12
8218 12
8219 12
8220 12
8221 12
8222 12
8223 12
8224 12
8225 12
8226 12
8227 12
8228 12
8229 12
8230 12
8231 12
8232 12
8233 12
8234 12
8235 12
8236 12
8237 12
8238 12
8239 12
8240 12
8241 12
8242 12
8243 12
8244 12
8245 12
8246 12
8247 12
8248 12
8249 12
8250 12
8251 12
8252 12
8253 12
8254 12
8255 12
8256 12
8257 12
8258 12
8259 12
8260 12
8261 12
8262 12
8263 12
8264 12
8265 12
8266 12
8267 12
8268 12
8269 12
8270 12
8271 12
8272 12
8273 12
8274 12
8275 12
8276 12
8277 12
8278 12
8279 12
8280 12
8281 12
8282 12
8283 12
8284 12
8285 12
8286 12
8287 12
8288 12
8289 12
8290 12
8291 12
8292 12
8293 12
8294 12
8295 12
8296 12
8297 12
8298 12
8299 12
8300 12
8301 12
8302 12
8303 12
8304 12
8305 12
8306 12
8307 12
8308 12
8309 12
8310 12
8311 12
8312 12
8313 12
8314 12
8315 12
8316 12
8317 12
8318 12
8319 12
8320 12
8321 12
8322 12
8323 12
8324 12
8325 12
8326 12
8327 12
8328 12
8329 12
8330 12
8331 12
8332 12
8333 12
8334 12
8335 12
8336 12
8337 12
8338 12
8339 12
8340 12
8341 12
8342 12
8343 12
8344 12
8345 12
8346 12
8347 12
8348 12
8349 12
8350 12
8351 12
8352 12
8353 12
8354 12
8355 12
8356 12
8357 12
8358 12
8359 12
8360 12
8361 12
8362 12
8363 12
8364 12
8365 12
8366 12
8367 12
8368 12
8369 12
8370 12
8371 12
8372 12
8373 12
8374 12
8375 12
8376 12
8377 12
8378 12
8379 12
8380 12
8381 12
8382 12
8383 12
8384 12
8385 12
8386 12
8387 12
8388 12
8389 12
8390 12
8391 12
8392 12
8393 12
8394 12
8395 12
8396 12
8397 12
8398 12
8399 12
8400 12
8401 12
8402 12
8403 12
8404 12
8405 12
8406 12
8407 12
8408 12
8409 12
8410 12
8411 12
8412 12
8413 12
8414 12
8415 12
8416 12
8417 12
8418 12
8419 12
8420 12
8421 12
8422 12
8423 12
8424 12
8425 12
8426 12
8427 12
8428 12
8429 12
8430 12
8431 12
8432 12
8433 12
8434 12
8435 12
8436 12
8437 12
8438 12
8439 12
8440 12
8441 12
8442 12
8443 12
8444 12
8445 12
8446 12
8447 12
8448 12
8449 12
8450 12
8451 12
8452 12
8453 12
8454 12
8455 12
8456 12
8457 12
8458 12
8459 12
8460 12
8461 12
8462 12
8463 12
8464 12
8465 12
8466 12
8467 12
8468 12
8469 12
8470 12
8471 12
8472 12
8473 12
8474 12
8475 12
8476 12
8477 12
8478 12
8479 12
8480 12
8481 12
8482 12
8483 12
8484 12
8485 12
8486 12
8487 12
8488 12
8489 12
8490 12
8491 12
8492 12
8493 12
8494 12
8495 12
8496 12
8497 12
8498 12
8499 12
8500 12
8501 12
8502 12
8503 12
8504 12
8505 12
8506 12
8507 12
8508 12
8509 12
8510 12
8511 12
8512 12
8513 12
8514 12
8515 12
8516 12
8517 12
8518 12
8519 12
8520 12
8521 12
8522 12
8523 12
8524 12
8525 12
8526 12
8527 12
8528 12
8529 12
8530 12
8531 12
8532 12
8533 12
8534 12
8535 12
8536 12
8537 12
8538 12
8539 12
8540 12
8541 12
8542 12
8543 12
8544 12
8545 12
8546 12
8547 12
8548 12
8549 12
8550 12
8551 12
8552 12
8553 12
8554 12
8555 12
8556 12
8557 12
8558 12
8559 12
8560 12
8561 12
8562 12
8563 12
8564 12
8565 12
8566 12
8567 12
8568 12
8569 12
8570 12
8571 12
8572 12
8573 12
8574 12
8575 12
8576 12
8577 12
8578 12
8579 12
8580 12
8581 12
8582 12
8583 12
8584 12
8585 12
8586 12
8587 12
8588 12
8589 12
8590 12
8591 12
8592 12
8593 12
8594 12
8595 12
8596 12
8597 12
8598 12
8599 12
8600 12
8601 12
8602 12
8603 12
8604 12
8605 12
8606 12
8607 12
8608 12
8609 12
8610 12
8611 12
8612 12
8613 12
8614 12
8615 12
8616 12
8617 12
8618 12
8619 12
8620 12
8621 12
8622 12
8623 12
8624 12
8625 12
8626 12
8627 12
8628 12
8629 12
8630 12
8631 12
8632 12
8633 12
8634 12
8635 12
8636 12
8637 12
8638 12
8639 12
8640 12
8641 12
8642 12
8643 12
8644 12
8645 12
8646 12
8647 12
8648 12
8649 12
8650 12
8651 12
8652 12
8653 12
8654 12
8655 12
8656 12
8657 12
8658 12
8659 12
8660 12
8661 12
8662 12
8663 12
8664 12
8665 12
8666 12
8667 12
8668 12
8669 12
8670 12
8671 12
8672 12
8673 12
8674 12
8675 12
8676 12
8677 12
8678 12
8679 12
8680 12
8681 12
8682 12
8683 12
8684 12
8685 12
8686 12
8687 12
8688 12
8689 12
8690 12
8691 12
8692 12
8693 12
8694 12
8695 12
8696 12
8697 12
8698 12
8699 12
8700 12
8701 12
8702 12
8703 12
8704 12
8705 12
8706 12
8707 12
8708 12
8709 12
8710 12
8711 12
8712 12
8713 12
8714 12
8715 12
8716 12
8717 12
8718 12
8719 12
8720 12
8721 12
8722 12
8723 12
8724 12
8725 12
8726 12
8727 12
8728 12
8729 12
8730 12
8731 12
8732 12
8733 12
8734 12
8735 12
8736 12
8737 12
8738 12
8739 12
8740 12
8741 12
8742 12
8743 12
8744 12
8745 12
8746 12
8747 12
8748 12
8749 12
8750 12
8751 12
8752 12
8753 12
8754 12
8755 12
8756 12
8757 12
8758 12
8759 12
8760 12
8761 12
8762 12
8763 12
8764 12
8765 12
8766 12
8767 12
8768 12
8769 12
8770 12
8771 12
8772 12
8773 12
8774 12
8775 12
8776 12
8777 12
8778 12
8779 12
8780 12
8781 12
8782 12
8783 12
8784 12
8785 12
8786 12
8787 12
8788 12
8789 12
8790 12
8791 12
8792 12
8793 12
8794 12
8795 12
8796 12
8797 12
8798 12
8799 12
8800 12
8801 12
8802 12
8803 12
8804 12
8805 12
8806 12
8807 12
8808 12
8809 12
8810 12
8811 12
8812 12
8813 12
8814 12
8815 12
8816 12
8817 12
8818 12
8819 12
8820 12
8821 12
8822 12
8823 12
8824 12
8825 12
8826 12
8827 12
8828 12
8829 12
8830 12
8831 12
8832 12
8833 12
8834 12
8835 12
8836 12
8837 12
8838 12
8839 12
8840 12
8841 12
8842 12
8843 12
8844 12
8845 12
8846 12
8847 12
8848 12
8849 12
8850 12
8851 12
8852 12
8853 12
8854 12
8855 12
8856 12
8857 12
8858 12
8859 12
8860 12
8861 12
8862 12
8863 12
8864 12
8865 12
8866 12
8867 12
8868 12
8869 12
8870 12
8871 12
8872 12
8873 12
8874 12
8875 12
8876 12
8877 12
8878 12
8879 12
8880 12
8881 12
8882 12
8883 12
8884 12
8885 12
8886 12
8887 12
8888 12
8889 12
8890 12
8891 12
8892 12
8893 12
8894 12
8895 12
8896 12
8897 12
8898 12
8899 12
8900 12
8901 12
8902 12
8903 12
8904 12
8905 12
8906 12
8907 12
8908 12
8909 12
8910 12
8911 12
8912 12
8913 12
8914 12
8915 12
8916 12
8917 12
8918 12
8919 12
8920 12
8921 12
8922 12
8923 12
8924 12
8925 12
8926 12
8927 12
8928 12
8929 12
8930 12
8931 12
8932 12
8933 12
8934 12
8935 12
8936 12
8937 12
8938 12
8939 12
8940 12
8941 12
8942 12
8943 12
8944 12
8945 12
8946 12
8947 12
8948 12
8949 12
8950 12
8951 12
8952 12
8953 12
8954 12
8955 12
8956 12
8957 12
8958 12
8959 12
8960 12
8961 12
8962 12
8963 12
8964 12
8965 12
8966 12
8967 12
8968 12
8969 12
8970 12
8971 12
8972 12
8973 12
8974 12
8975 12
8976 12
8977 12
8978 12
8979 12
8980 12
8981 12
8982 12
8983 12
8984 12
8985 12
8986 12
8987 12
8988 12
8989 12
8990 12
8991 12
8992 12
8993 12
8994 12
8995 12
8996 12
8997 12
8998 12
8999 12
9000 12
9001 12
9002 12
9003 12
9004 12
9005 12
9006 12
9007 12
9008 12
9009 12
9010 12
9011 12
9012 12
9013 12
9014 12
9015 12
9016 12
9017 12
9018 12
9019 12
9020 12
9021 12
9022 12
9023 12
9024 12
9025 12
9026 12
9027 12
9028 12
9029 12
9030 12
9031 12
9032 12
9033 12
9034 12
9035 12
9036 12
9037 12
9038 12
9039 12
9040 12
9041 12
9042 12
9043 12
9044 12
9045 12
9046 12
9047 12
9048 12
9049 12
9050 12
9051 12
9052 12
9053 12
9054 12
9055 12
9056 12
9057 12
9058 12
9059 12
9060 12
9061 12
9062 12
9063 12
9064 12
9065 12
9066 12
9067 12
9068 12
9069 12
9070 12
9071 12
9072 12
9073 12
9074 12
9075 12
9076 12
9077 12
9078 12
9079 12
9080 12
9081 12
9082 12
9083 12
9084 12
9085 12
9086 12
9087 12
9088 12
9089 12
9090 12
9091 12
9092 12
9093 12
9094 12
9095 12
9096 12
9097 12
9098 12
9099 12
9100 12
9101 12
9102 12
9103 12
9104 12
9105 12
9106 12
9107 12
9108 12
9109 12
9110 12
9111 12
9112 12
9113 12
9114 12
9115 12
9116 12
9117 12
9118 12
9119 12
9120 12
9121 12
9122 12
9123 12
9124 12
9125 12
9126 12
9127 12
9128 12
9129 12
9130 12
9131 12
9132 12
9133 12
9134 12
9135 12
9136 12
9137 12
9138 12
9139 12
9140 12
9141 12
9142 12
9143 12
9144 12
9145 12
9146 12
9147 12
9148 12
9149 12
9150 12
9151 12
9152 12
9153 12
9154 12
9155 12
9156 12
9157 12
9158 12
9159 12
9160 12
9161 12
9162 12
9163 12
9164 12
9165 12
9166 12
9167 12
9168 12
9169 12
9170 12
9171 12
9172 12
9173 12
9174 12
9175 12
9176 12
9177 12
9178 12
9179 12
9180 12
9181 12
9182 12
9183 12
9184 12
9185 12
9186 12
9187 12
9188 12
9189 12
9190 12
9191 12
9192 12
9193 12
9194 12
9195 12
9196 12
9197 12
9198 12
9199 12
9200 12
9201 12
9202 12
9203 12
9204 12
9205 12
9206 12
9207 12
9208 12
9209 12
9210 12
9211 12
9212 12
9213 12
9214 12
9215 12
9216 12
9217 12
9218 12
9219 12
9220 12
9221 12
9222 12
9223 12
9224 12
9225 12
9226 12
9227 12
9228 12
9229 12
9230 12
9231 12
9232 12
9233 12
9234 12
9235 12
9236 12
9237 12
9238 12
9239 12
9240 12
9241 12
9242 12
9243 12
9244 12
9245 12
9246 12
9247 12
9248 12
9249 12
9250 12
9251 12
9252 12
9253 12
9254 12
9255 12
9256 12
9257 12
9258 12
9259 12
9260 12
9261 12
9262 12
9263 12
9264 12
9265 12
9266 12
9267 12
9268 12
9269 12
9270 12
9271 12
9272 12
9273 12
9274 12
9275 12
9276 12
9277 12
9278 12
9279 12
9280 12
9281 12
9282 12
9283 12
9284 12
9285 12
9286 12
9287 12
9288 12
9289 12
9290 12
9291 12
9292 12
9293 12
9294 12
9295 12
9296 12
9297 12
9298 12
9299 12
9300 12
9301 12
9302 12
9303 12
9304 12
9305 12
9306 12
9307 12
9308 12
9309 12
9310 12
9311 12
9312 12
9313 12
9314 12
9315 12
9316 12
9317 12
9318 12
9319 12
9320 12
9321 12
9322 12
9323 12
9324 12
9325 12
9326 12
9327 12
9328 12
9329 12
9330 12
9331 12
9332 12
9333 12
9334 12
9335 12
9336 12
9337 12
9338 12
9339 12
9340 12
9341 12
9342 12
9343 12
9344 12
9345 12
9346 12
9347 12
9348 12
9349 12
9350 12
9351 12
9352 12
9353 12
9354 12
9355 12
9356 12
9357 12
9358 12
9359 12
9360 12
9361 12
9362 12
9363 12
9364 12
9365 12
9366 12
9367 12
9368 12
9369 12
9370 12
9371 12
9372 12
9373 12
9374 12
9375 12
9376 12
9377 12
9378 12
9379 12
9380 12
9381 12
9382 12
9383 12
9384 12
9385 12
9386 12
9387 12
9388 12
9389 12
9390 12
9391 12
9392 12
9393 12
9394 12
9395 12
9396 12
9397 12
9398 12
9399 12
9400 12
9401 12
9402 12
9403 12
9404 12
9405 12
9406 12
9407 12
9408 12
9409 12
9410 12
9411 12
9412 12
9413 12
9414 12
9415 12
9416 12
9417 12
9418 12
9419 12
9420 12
9421 12
9422 12
9423 12
9424 12
9425 12
9426 12
9427 12
9428 12
9429 12
9430 12
9431 12
9432 12
9433 12
9434 12
9435 12
9436 12
9437 12
9438 12
9439 12
9440 12
9441 12
9442 12
9443 12
9444 12
9445 12
9446 12
9447 12
9448 12
9449 12
9450 12
9451 12
9452 12
9453 12
9454 12
9455 12
9456 12
9457 12
9458 12
9459 12
9460 12
9461 12
9462 12
9463 12
9464 12
9465 12
9466 12
9467 12
9468 12
9469 12
9470 12
9471 12
9472 12
9473 12
9474 12
9475 12
9476 12
9477 12
9478 12
9479 12
9480 12
9481 12
9482 12
9483 12
9484 12
9485 12
9486 12
9487 12
9488 12
9489 12
9490 12
9491 12
9492 12
9493 12
9494 12
9495 12
9496 12
9497 12
9498 12
9499 12
9500 12
9501 12
9502 12
9503 12
9504 12
9505 12
9506 12
9507 12
9508 12
9509 12
9510 12
9511 12
9512 12
9513 12
9514 12
9515 12
9516 12
9517 12
9518 12
9519 12
9520 12
9521 12
9522 12
9523 12
9524 12
9525 12
9526 12
9527 12
9528 12
9529 12
9530 12
9531 12
9532 12
9533 12
9534 12
9535 12
9536 12
9537 12
9538 12
9539 12
9540 12
9541 12
9542 12
9543 12
9544 12
9545 12
9546 12
9547 12
9548 12
9549 12
9550 12
9551 12
9552 12
9553 12
9554 12
9555 12
9556 12
9557 12
9558 12
9559 12
9560 12
9561 12
9562 12
9563 12
9564 12
9565 12
9566 12
9567 12
9568 12
9569 12
9570 12
9571 12
9572 12
9573 12
9574 12
9575 12
9576 12
9577 12
9578 12
9579 12
9580 12
9581 12
9582 12
9583 12
9584 12
9585 12
9586 12
9587 12
9588 12
9589 12
9590 12
9591 12
9592 12
9593 12
9594 12
9595 12
9596 12
9597 12
9598 12
9599 12
9600 12
9601 12
9602 12
9603 12
9604 12
9605 12
9606 12
9607 12
9608 12
9609 12
9610 12
9611 12
9612 12
9613 12
9614 12
9615 12
9616 12
9617 12
9618 12
9619 12
9620 12
9621 12
9622 12
9623 12
9624 12
9625 12
9626 12
9627 12
9628 12
9629 12
9630 12
9631 12
9632 12
9633 12
9634 12
9635 12
9636 12
9637 12
9638 12
9639 12
9640 12
9641 12
9642 12
9643 12
9644 12
9645 12
9646 12
9647 12
9648 12
9649 12
9650 12
9651 12
9652 12
9653 12
9654 12
9655 12
9656 12
9657 12
9658 12
9659 12
9660 12
9661 12
9662 12
9663 12
9664 12
9665 12
9666 12
9667 12
9668 12
9669 12
9670 12
9671 12
9672 12
9673 12
9674 12
9675 12
9676 12
9677 12
9678 12
9679 12
9680 12
9681 12
9682 12
9683 12
9684 12
9685 12
9686 12
9687 12
9688 12
9689 12
9690 12
9691 12
9692 12
9693 12
9694 12
9695 12
9696 12
9697 12
9698 12
9699 12
9700 12
9701 12
9702 12
9703 12
9704 12
9705 12
9706 12
9707 12
9708 12
9709 12
9710 12
9711 12
9712 12
9713 12
9714 12
9715 12
9716 12
9717 12
9718 12
9719 12
9720 12
9721 12
9722 12
9723 12
9724 12
9725 12
9726 12
9727 12
9728 12
9729 12
9730 12
9731 12
9732 12
9733 12
9734 12
9735 12
9736 12
9737 12
9738 12
9739 12
9740 12
9741 12
9742 12
9743 12
9744 12
9745 12
9746 12
9747 12
9748 12
9749 12
9750 12
9751 12
9752 12
9753 12
9754 12
9755 12
9756 12
9757 12
9758 12
9759 12
9760 12
9761 12
9762 12
9763 12
9764 12
9765 12
9766 12
9767 12
9768 12
9769 12
9770 12
9771 12
9772 12
9773 12
9774 12
9775 12
9776 12
9777 12
9778 12
9779 12
9780 12
9781 12
9782 12
9783 12
9784 12
9785 12
9786 12
9787 12
9788 12
9789 12
9790 12
9791 12
9792 12
9793 12
9794 12
9795 12
9796 12
9797 12
9798 12
9799 12
9800 12
9801 12
9802 12
9803 12
9804 12
9805 12
9806 12
9807 12
9808 12
9809 12
9810 12
9811 12
9812 12
9813 12
9814 12
9815 12
9816 12
9817 12
9818 12
9819 12
9820 12
9821 12
9822 12
9823 12
9824 12
9825 12
9826 12
9827 12
9828 12
9829 12
9830 12
9831 12
9832 12
9833 12
9834 12
9835 12
9836 12
9837 12
9838 12
9839 12
9840 12
9841 12
9842 12
9843 12
9844 12
9845 12
9846 12
9847 12
9848 12
9849 12
9850 12
9851 12
9852 12
9853 12
9854 12
9855 12
9856 12
9857 12
9858 12
9859 12
9860 12
9861 12
9862 12
9863 12
9864 12
9865 12
9866 12
9867 12
9868 12
9869 12
9870 12
9871 12
9872 12
9873 12
9874 12
9875 12
9876 12
9877 12
9878 12
9879 12
9880 12
9881 12
9882 12
9883 12
9884 12
9885 12
9886 12
9887 12
9888 12
9889 12
9890 12
9891 12
9892 12
9893 12
9894 12
9895 12
9896 12
9897 12
9898 12
9899 12
9900 12
9901 12
9902 12
9903 12
9904 12
9905 12
9906 12
9907 12
9908 12
9909 12
9910 12
9911 12
9912 12
9913 12
9914 12
9915 12
9916 12
9917 12
9918 12
9919 12
9920 12
9921 12
9922 12
9923 12
9924 12
9925 12
9926 12
9927 12
9928 12
9929 12
9930 12
9931 12
9932 12
9933 12
9934 12
9935 12
9936 12
9937 12
9938 12
9939 12
9940 12
9941 12
9942 12
9943 12
9944 12
9945 12
9946 12
9947 12
9948 12
9949 12
9950 12
9951 12
9952 12
9953 12
9954 12
9955 12
9956 12
9957 12
9958 12
9959 12
9960 12
9961 12
9962 12
9963 12
9964 12
9965 12
9966 12
9967 12
9968 12
9969 12
9970 12
9971 12
9972 12
9973 12
9974 12
9975 12
9976 12
9977 12
9978 12
9979 12
9980 12
9981 12
9982 12
9983 12
9984 12
9985 12
9986 12
9987 12
9988 12
9989 12
9990 12
9991 12
9992 12
9993 12
9994 12
9995 12
9996 12
9997 12
9998 12
9999 12
10000 12
