0 16
1 47
2 79
3 20
4 5
5 19
6 17
7 18
8 9
9 19
10 56
11 31
12 20
13 14
14 32
15 17
16 3
17 8
18 26
19 3
20 25
21 41
22 28
23 6
24 11
25 25
26 15
27 19
28 15
29 7
30 14
31 14
32 16
33 13
34 13
35 5
36 11
37 10
38 15
39 13
40 14
41 21
42 7
43 5
44 11
45 9
46 17
47 3
48 6
49 3
50 10
51 22
52 5
53 10
54 7
55 19
56 5
57 15
58 9
59 14
60 11
61 4
62 4
63 7
64 11
65 3
66 13
67 11
68 8
69 13
70 3
71 3
72 2
73 2
74 4
75 6
76 7
77 3
78 6
79 14
80 8
81 12
82 11
83 9
84 6
85 14
86 4
87 4
88 5
89 1
90 21
91 6
92 20
93 4
94 3
95 8
96 5
97 6
98 10
99 13
100 9
101 2
102 5
103 4
104 11
105 8
106 2
107 11
108 6
109 8
110 12
111 11
112 30
113 2
114 24
115 6
116 5
117 4
118 13
119 7
120 16
121 11
122 3
123 7
124 2
125 13
126 8
127 10
128 5
129 1
130 23
131 4
132 7
133 6
134 12
135 10
136 5
137 4
138 7
139 10
140 12
141 7
142 10
143 12
144 7
145 22
146 2
147 7
148 6
149 2
150 3
151 4
152 4
153 19
154 6
155 3
156 6
157 14
158 4
159 4
160 5
161 5
162 3
163 9
164 1
165 1
166 2
167 3
168 17
169 1
170 4
171 4
172 13
173 17
174 13
175 5
176 5
177 4
178 7
179 5
180 12
181 5
182 8
183 2
184 7
185 9
186 3
187 12
188 8
189 1
190 4
191 6
192 5
193 1
194 6
195 2
196 5
197 2
198 4
199 8
200 12
201 3
202 12
203 9
204 18
205 2
206 1
207 5
208 10
209 2
210 8
211 5
212 15
213 6
214 8
215 2
216 2
217 7
218 3
219 11
220 7
221 5
222 7
223 4
224 6
225 3
226 1
227 1
228 2
229 18
230 8
231 8
232 6
233 10
234 17
235 1
236 10
237 5
238 6
239 8
240 14
241 5
242 2
243 5
244 1
245 4
246 2
247 8
248 1
249 6
250 3
251 3
252 4
253 8
254 2
255 2
256 8
257 2
258 8
259 8
260 9
261 3
262 5
263 13
264 5
265 14
266 9
267 3
268 3
269 10
270 20
271 5
272 2
273 3
274 6
275 2
276 3
277 2
278 10
279 5
280 3
281 6
282 4
283 2
284 7
285 6
286 5
287 5
288 14
289 5
290 12
291 13
292 3
293 7
294 2
295 3
296 2
297 7
298 2
299 6
300 6
301 11
302 6
303 2
304 2
305 3
306 1
307 12
308 3
309 5
310 3
311 5
312 4
313 5
314 2
315 2
316 10
317 5
318 4
319 5
320 4
321 3
322 17
323 2
324 1
325 2
326 1
327 5
328 5
329 1
330 3
331 5
332 7
333 4
334 4
335 7
336 2
337 5
338 7
339 4
340 4
341 5
342 3
343 4
344 6
345 1
346 4
347 7
348 5
349 1
350 1
351 9
352 1
353 2
354 9
355 6
356 4
357 6
358 2
359 2
360 4
361 5
362 9
363 5
364 4
365 2
366 4
367 1
368 1
369 4
370 10
371 15
372 2
373 2
374 2
375 2
376 1
377 5
378 3
379 6
380 7
381 3
382 6
383 1
384 9
385 6
386 3
387 5
388 6
389 5
390 2
391 2
392 2
393 4
394 2
395 6
396 10
397 1
398 2
399 3
400 10
401 3
402 12
403 4
404 2
405 1
406 7
407 5
408 2
409 3
410 1
411 5
412 2
413 3
414 7
415 3
416 4
417 1
418 5
419 6
420 1
421 2
422 4
423 4
424 1
425 5
426 9
427 4
428 4
429 3
430 1
431 2
432 7
433 14
434 1
435 2
436 4
437 17
438 2
439 1
440 4
441 8
442 3
443 7
444 4
445 3
446 8
447 4
448 7
449 6
450 5
451 3
452 11
453 1
454 5
455 1
456 3
457 9
458 9
459 2
460 7
461 1
462 2
463 5
464 5
465 6
466 1
467 6
468 4
469 2
470 7
471 3
472 2
473 8
474 2
475 14
476 6
477 6
478 2
479 5
480 5
481 2
482 3
483 2
484 1
485 6
486 2
487 2
488 3
489 6
490 4
491 3
492 3
493 10
494 13
495 1
496 3
497 4
498 2
499 3
500 1
501 1
502 4
503 1
504 6
505 2
506 10
507 7
508 2
509 2
510 5
511 7
512 7
513 6
514 10
515 7
516 7
517 4
518 10
519 2
520 5
521 3
522 2
523 1
524 4
525 3
526 1
527 1
528 16
529 3
530 2
531 5
532 2
533 3
534 3
535 5
536 4
537 3
538 2
539 1
540 8
541 5
542 8
543 4
544 4
545 2
546 1
547 3
548 3
549 7
550 8
551 9
552 1
553 2
554 2
555 5
556 19
557 6
558 6
559 4
560 2
561 5
562 8
563 1
564 3
565 2
566 1
567 5
568 1
569 1
570 4
571 4
572 1
573 8
574 5
575 5
576 4
577 5
578 2
579 3
580 3
581 3
582 3
583 9
584 5
585 4
586 6
587 4
588 1
589 2
590 1
591 6
592 1
593 4
594 2
595 4
596 8
597 1
598 4
599 1
600 3
601 5
602 3
603 2
604 4
605 5
606 9
607 2
608 1
609 7
610 2
611 7
612 4
613 2
614 2
615 1
616 2
617 3
618 2
619 4
620 6
621 4
622 3
623 6
624 3
625 4
626 4
627 2
628 3
629 2
630 4
631 2
632 9
633 2
634 1
635 1
636 4
637 4
638 1
639 6
640 6
641 7
642 2
643 2
644 8
645 8
646 3
647 9
648 1
649 3
650 5
651 4
652 3
653 2
654 4
655 3
656 2
657 3
658 5
659 7
660 10
661 1
662 2
663 3
664 3
665 2
666 2
667 4
668 8
669 3
670 3
671 3
672 5
673 3
674 6
675 4
676 6
677 1
678 13
679 2
680 3
681 4
682 2
683 7
684 2
685 6
686 19
687 1
688 4
689 1
690 3
691 6
692 2
693 3
694 6
695 1
696 2
697 4
698 2
699 1
700 6
701 6
702 7
703 4
704 4
705 2
706 4
707 5
708 1
709 1
710 6
711 3
712 6
713 6
714 2
715 5
716 1
717 1
718 1
719 6
720 3
721 4
722 6
723 2
724 5
725 8
726 4
727 6
728 4
729 3
730 2
731 1
732 6
733 6
734 4
735 5
736 7
737 2
738 3
739 4
740 1
741 2
742 5
743 1
744 3
745 2
746 4
747 2
748 3
749 4
750 2
751 8
752 9
753 3
754 5
755 4
756 5
757 8
758 1
759 4
760 5
761 5
762 2
763 2
764 2
765 1
766 4
767 6
768 4
769 4
770 3
771 8
772 3
773 2
774 3
775 8
776 1
777 2
778 1
779 5
780 6
781 1
782 3
783 5
784 4
785 3
786 4
787 8
788 2
789 2
790 2
791 1
792 2
793 8
794 1
795 1
796 2
797 4
798 9
799 4
800 3
801 6
802 1
803 3
804 6
805 2
806 2
807 5
808 3
809 9
810 6
811 6
812 1
813 4
814 2
815 5
816 5
817 2
818 3
819 7
820 7
821 9
822 4
823 2
824 2
825 11
826 7
827 2
828 3
829 2
830 4
831 2
832 9
833 9
834 1
835 3
836 2
837 3
838 3
839 2
840 3
841 7
842 1
843 5
844 1
845 3
846 3
847 8
848 5
849 1
850 1
851 4
852 6
853 5
854 6
855 1
856 1
857 5
858 4
859 3
860 2
861 2
862 3
863 2
864 7
865 2
866 1
867 5
868 4
869 2
870 5
871 3
872 4
873 2
874 4
875 2
876 1
877 3
878 3
879 3
880 1
881 7
882 3
883 1
884 4
885 2
886 5
887 2
888 16
889 1
890 4
891 3
892 5
893 3
894 5
895 1
896 2
897 2
898 3
899 7
900 5
901 1
902 1
903 15
904 2
905 2
906 5
907 7
908 7
909 1
910 3
911 2
912 4
913 5
914 4
915 5
916 3
917 1
918 6
919 3
920 2
921 4
922 6
923 9
924 4
925 1
926 2
927 1
928 5
929 1
930 1
931 1
932 1
933 5
934 3
935 4
936 1
937 4
938 4
939 8
940 7
941 6
942 1
943 3
944 2
945 3
946 7
947 3
948 4
949 4
950 7
951 1
952 4
953 2
954 3
955 2
956 4
957 4
958 7
959 1
960 3
961 4
962 6
963 1
964 2
965 3
966 1
967 3
968 3
969 5
970 4
971 6
972 2
973 2
974 5
975 2
976 3
977 2
978 4
979 2
980 6
981 1
982 6
983 2
984 1
985 1
986 1
987 3
988 4
989 5
990 8
991 4
992 2
993 3
994 4
995 1
996 4
997 2
998 3
999 4
1000 4
1001 1
1002 4
1003 1
1004 4
1005 2
1006 2
1007 2
1008 4
1009 2
1010 1
1011 7
1012 4
1013 3
1014 3
1015 3
1016 3
1017 2
1018 4
1019 2
1020 4
1021 1
1022 4
1023 1
1024 2
1025 2
1026 1
1027 8
1028 3
1029 3
1030 3
1031 7
1032 2
1033 1
1034 1
1035 3
1036 1
1037 6
1038 3
1039 3
1040 1
1041 1
1042 3
1043 4
1044 1
1045 4
1046 1
1047 7
1048 5
1049 2
1050 1
1051 1
1052 2
1053 3
1054 3
1055 1
1056 4
1057 1
1058 3
1059 5
1060 5
1061 4
1062 8
1063 3
1064 4
1065 2
1066 1
1067 1
1068 4
1069 5
1070 1
1071 4
1072 2
1073 1
1074 1
1075 2
1076 2
1077 1
1078 3
1079 1
1080 5
1081 2
1082 1
1083 9
1084 1
1085 10
1086 1
1087 5
1088 1
1089 2
1090 2
1091 3
1092 1
1093 4
1094 2
1095 1
1096 5
1097 7
1098 8
1099 1
1100 5
1101 2
1102 3
1103 1
1104 1
1105 3
1106 5
1107 7
1108 2
1109 3
1110 3
1111 1
1112 2
1113 3
1114 1
1115 3
1116 3
1117 6
1118 2
1119 2
1120 2
1121 2
1122 6
1123 2
1124 2
1125 5
1126 4
1127 3
1128 4
1129 1
1130 3
1131 1
1132 3
1133 1
1134 1
1135 2
1136 5
1137 7
1138 4
1139 4
1140 2
1141 1
1142 3
1143 1
1144 1
1145 3
1146 3
1147 5
1148 2
1149 6
1150 1
1151 6
1152 3
1153 2
1154 1
1155 4
1156 3
1157 1
1158 1
1159 2
1160 2
1161 3
1162 1
1163 3
1164 4
1165 3
1166 5
1167 1
1168 5
1169 2
1170 6
1171 1
1172 4
1173 5
1174 2
1175 4
1176 5
1177 3
1178 6
1179 8
1180 1
1181 3
1182 5
1183 1
1184 2
1185 3
1186 3
1187 3
1188 2
1189 2
1190 2
1191 5
1192 2
1193 5
1194 3
1195 2
1196 1
1197 2
1198 7
1199 1
1200 4
1201 2
1202 3
1203 3
1204 1
1205 2
1206 2
1207 7
1208 3
1209 6
1210 3
1211 1
1212 3
1213 2
1214 2
1215 4
1216 5
1217 1
1218 2
1219 7
1220 1
1221 1
1222 2
1223 4
1224 9
1225 2
1226 3
1227 5
1228 2
1229 1
1230 1
1231 6
1232 2
1233 3
1234 2
1235 8
1236 1
1237 3
1238 6
1239 1
1240 3
1241 1
1242 14
1243 2
1244 4
1245 2
1246 6
1247 2
1248 2
1249 3
1250 1
1251 1
1252 1
1253 1
1254 3
1255 2
1256 2
1257 3
1258 9
1259 2
1260 7
1261 4
1262 2
1263 1
1264 4
1265 3
1266 8
1267 1
1268 3
1269 1
1270 3
1271 6
1272 1
1273 2
1274 2
1275 2
1276 6
1277 2
1278 2
1279 3
1280 1
1281 2
1282 4
1283 3
1284 1
1285 5
1286 4
1287 6
1288 5
1289 1
1290 3
1291 3
1292 1
1293 4
1294 1
1295 3
1296 1
1297 2
1298 1
1299 4
1300 3
1301 2
1302 2
1303 3
1304 5
1305 2
1306 2
1307 3
1308 3
1309 5
1310 2
1311 3
1312 3
1313 1
1314 5
1315 1
1316 2
1317 2
1318 8
1319 3
1320 6
1321 2
1322 1
1323 1
1324 2
1325 3
1326 3
1327 3
1328 2
1329 2
1330 2
1331 2
1332 3
1333 2
1334 2
1335 6
1336 1
1337 5
1338 3
1339 3
1340 1
1341 4
1342 1
1343 1
1344 2
1345 4
1346 1
1347 3
1348 2
1349 1
1350 5
1351 4
1352 4
1353 2
1354 1
1355 2
1356 5
1357 4
1358 1
1359 1
1360 4
1361 3
1362 1
1363 2
1364 2
1365 4
1366 2
1367 3
1368 6
1369 3
1370 2
1371 4
1372 4
1373 2
1374 1
1375 4
1376 2
1377 1
1378 1
1379 2
1380 1
1381 5
1382 5
1383 1
1384 2
1385 3
1386 1
1387 2
1388 5
1389 4
1390 4
1391 1
1392 1
1393 6
1394 2
1395 2
1396 2
1397 1
1398 1
1399 1
1400 5
1401 2
1402 4
1403 5
1404 2
1405 4
1406 1
1407 2
1408 1
1409 6
1410 1
1411 6
1412 2
1413 1
1414 3
1415 3
1416 3
1417 1
1418 4
1419 4
1420 1
1421 1
1422 3
1423 3
1424 6
1425 3
1426 1
1427 5
1428 1
1429 1
1430 5
1431 3
1432 5
1433 2
1434 1
1435 3
1436 2
1437 2
1438 1
1439 4
1440 3
1441 1
1442 3
1443 6
1444 3
1445 1
1446 2
1447 2
1448 3
1449 3
1450 10
1451 1
1452 3
1453 2
1454 2
1455 6
1456 9
1457 1
1458 1
1459 5
1460 7
1461 1
1462 10
1463 2
1464 2
1465 1
1466 2
1467 2
1468 1
1469 8
1470 3
1471 4
1472 3
1473 4
1474 1
1475 4
1476 1
1477 1
1478 1
1479 6
1480 2
1481 2
1482 2
1483 3
1484 1
1485 1
1486 3
1487 1
1488 1
1489 2
1490 1
1491 2
1492 8
1493 2
1494 2
1495 1
1496 6
1497 6
1498 1
1499 4
1500 3
1501 5
1502 2
1503 2
1504 1
1505 3
1506 3
1507 3
1508 9
1509 3
1510 1
1511 1
1512 2
1513 1
1514 4
1515 3
1516 3
1517 5
1518 2
1519 1
1520 3
1521 1
1522 2
1523 6
1524 4
1525 2
1526 2
1527 3
1528 4
1529 1
1530 2
1531 1
1532 2
1533 1
1534 6
1535 4
1536 1
1537 7
1538 3
1539 1
1540 4
1541 4
1542 2
1543 5
1544 1
1545 3
1546 2
1547 2
1548 1
1549 1
1550 3
1551 2
1552 3
1553 4
1554 4
1555 5
1556 5
1557 2
1558 1
1559 1
1560 1
1561 1
1562 1
1563 2
1564 2
1565 1
1566 1
1567 5
1568 1
1569 1
1570 1
1571 4
1572 4
1573 4
1574 3
1575 4
1576 4
1577 1
1578 3
1579 6
1580 2
1581 2
1582 2
1583 4
1584 1
1585 2
1586 5
1587 1
1588 5
1589 2
1590 2
1591 1
1592 2
1593 2
1594 1
1595 6
1596 1
1597 1
1598 3
1599 4
1600 3
1601 1
1602 6
1603 5
1604 2
1605 1
1606 1
1607 3
1608 3
1609 1
1610 3
1611 1
1612 1
1613 3
1614 6
1615 3
1616 1
1617 1
1618 3
1619 4
1620 3
1621 2
1622 1
1623 7
1624 5
1625 1
1626 1
1627 4
1628 6
1629 4
1630 2
1631 2
1632 4
1633 2
1634 2
1635 2
1636 3
1637 2
1638 1
1639 1
1640 4
1641 1
1642 1
1643 1
1644 1
1645 2
1646 2
1647 5
1648 1
1649 2
1650 2
1651 4
1652 2
1653 2
1654 4
1655 2
1656 2
1657 2
1658 2
1659 1
1660 2
1661 3
1662 3
1663 2
1664 4
1665 6
1666 8
1667 3
1668 2
1669 1
1670 3
1671 1
1672 2
1673 6
1674 1
1675 1
1676 1
1677 1
1678 2
1679 1
1680 3
1681 3
1682 1
1683 3
1684 1
1685 2
1686 2
1687 2
1688 4
1689 14
1690 7
1691 2
1692 1
1693 5
1694 2
1695 1
1696 2
1697 3
1698 3
1699 2
1700 1
1701 4
1702 1
1703 2
1704 1
1705 1
1706 1
1707 2
1708 3
1709 2
1710 1
1711 4
1712 2
1713 5
1714 2
1715 1
1716 3
1717 3
1718 3
1719 3
1720 1
1721 2
1722 1
1723 4
1724 2
1725 1
1726 2
1727 3
1728 4
1729 2
1730 3
1731 2
1732 4
1733 1
1734 1
1735 1
1736 1
1737 6
1738 3
1739 2
1740 4
1741 3
1742 1
1743 1
1744 4
1745 5
1746 1
1747 1
1748 6
1749 2
1750 6
1751 1
1752 8
1753 3
1754 5
1755 2
1756 4
1757 1
1758 6
1759 7
1760 7
1761 2
1762 1
1763 2
1764 1
1765 2
1766 5
1767 3
1768 1
1769 2
1770 1
1771 3
1772 2
1773 1
1774 6
1775 6
1776 1
1777 1
1778 2
1779 1
1780 1
1781 1
1782 6
1783 5
1784 2
1785 7
1786 3
1787 2
1788 1
1789 1
1790 4
1791 2
1792 3
1793 1
1794 2
1795 1
1796 2
1797 3
1798 4
1799 1
1800 1
1801 2
1802 1
1803 7
1804 5
1805 3
1806 1
1807 3
1808 3
1809 3
1810 1
1811 2
1812 2
1813 4
1814 3
1815 3
1816 1
1817 4
1818 1
1819 1
1820 3
1821 5
1822 5
1823 2
1824 2
1825 1
1826 7
1827 6
1828 3
1829 2
1830 2
1831 4
1832 4
1833 7
1834 1
1835 1
1836 1
1837 1
1838 1
1839 5
1840 5
1841 3
1842 1
1843 2
1844 2
1845 3
1846 2
1847 2
1848 8
1849 4
1850 3
1851 1
1852 2
1853 1
1854 3
1855 2
1856 3
1857 5
1858 3
1859 2
1860 3
1861 2
1862 1
1863 2
1864 4
1865 1
1866 2
1867 2
1868 2
1869 3
1870 2
1871 5
1872 1
1873 1
1874 2
1875 5
1876 2
1877 5
1878 2
1879 2
1880 1
1881 2
1882 3
1883 4
1884 1
1885 2
1886 3
1887 1
1888 3
1889 2
1890 1
1891 2
1892 3
1893 2
1894 3
1895 3
1896 3
1897 2
1898 5
1899 4
1900 4
1901 7
1902 2
1903 1
1904 7
1905 1
1906 5
1907 3
1908 4
1909 1
1910 2
1911 2
1912 2
1913 1
1914 2
1915 5
1916 2
1917 5
1918 2
1919 3
1920 1
1921 1
1922 2
1923 1
1924 2
1925 2
1926 1
1927 1
1928 1
1929 2
1930 3
1931 1
1932 2
1933 2
1934 2
1935 1
1936 3
1937 1
1938 2
1939 1
1940 3
1941 2
1942 4
1943 1
1944 2
1945 3
1946 1
1947 7
1948 1
1949 5
1950 1
1951 3
1952 1
1953 2
1954 2
1955 1
1956 2
1957 2
1958 5
1959 3
1960 3
1961 1
1962 1
1963 2
1964 1
1965 2
1966 2
1967 6
1968 1
1969 3
1970 3
1971 3
1972 2
1973 1
1974 2
1975 1
1976 4
1977 1
1978 7
1979 1
1980 1
1981 3
1982 5
1983 2
1984 1
1985 2
1986 1
1987 4
1988 3
1989 7
1990 4
1991 1
1992 2
1993 1
1994 1
1995 5
1996 3
1997 3
1998 3
1999 2
2000 3
2001 2
2002 3
2003 5
2004 4
2005 2
2006 1
2007 3
2008 1
2009 6
2010 4
2011 3
2012 3
2013 2
2014 2
2015 5
2016 2
2017 1
2018 2
2019 1
2020 6
2021 3
2022 1
2023 2
2024 3
2025 3
2026 1
2027 2
2028 2
2029 3
2030 1
2031 2
2032 1
2033 2
2034 1
2035 2
2036 1
2037 2
2038 3
2039 2
2040 4
2041 2
2042 6
2043 5
2044 1
2045 4
2046 4
2047 4
2048 3
2049 2
2050 4
2051 2
2052 1
2053 2
2054 2
2055 3
2056 4
2057 1
2058 1
2059 2
2060 1
2061 5
2062 1
2063 2
2064 1
2065 3
2066 2
2067 4
2068 1
2069 2
2070 3
2071 3
2072 3
2073 2
2074 2
2075 3
2076 5
2077 1
2078 2
2079 3
2080 1
2081 4
2082 2
2083 3
2084 1
2085 4
2086 1
2087 1
2088 3
2089 1
2090 1
2091 8
2092 1
2093 3
2094 1
2095 1
2096 3
2097 6
2098 1
2099 2
2100 2
2101 3
2102 3
2103 4
2104 5
2105 5
2106 1
2107 1
2108 2
2109 7
2110 2
2111 2
2112 3
2113 4
2114 3
2115 3
2116 2
2117 2
2118 3
2119 1
2120 2
2121 1
2122 1
2123 4
2124 1
2125 3
2126 4
2127 4
2128 1
2129 1
2130 1
2131 2
2132 1
2133 1
2134 1
2135 2
2136 2
2137 2
2138 2
2139 1
2140 1
2141 2
2142 2
2143 2
2144 1
2145 1
2146 3
2147 3
2148 3
2149 1
2150 4
2151 1
2152 1
2153 2
2154 1
2155 1
2156 3
2157 3
2158 3
2159 1
2160 2
2161 9
2162 3
2163 2
2164 5
2165 1
2166 3
2167 1
2168 2
2169 2
2170 2
2171 2
2172 4
2173 1
2174 6
2175 1
2176 1
2177 4
2178 2
2179 3
2180 1
2181 3
2182 4
2183 1
2184 3
2185 3
2186 5
2187 1
2188 4
2189 1
2190 1
2191 4
2192 1
2193 2
2194 2
2195 4
2196 2
2197 2
2198 2
2199 2
2200 3
2201 2
2202 3
2203 1
2204 3
2205 2
2206 3
2207 3
2208 4
2209 2
2210 2
2211 2
2212 3
2213 3
2214 3
2215 3
2216 1
2217 1
2218 3
2219 2
2220 1
2221 2
2222 2
2223 1
2224 1
2225 1
2226 3
2227 1
2228 2
2229 1
2230 1
2231 1
2232 2
2233 2
2234 3
2235 2
2236 1
2237 1
2238 4
2239 2
2240 2
2241 6
2242 4
2243 1
2244 1
2245 4
2246 3
2247 2
2248 2
2249 1
2250 2
2251 3
2252 1
2253 1
2254 2
2255 1
2256 1
2257 1
2258 1
2259 1
2260 2
2261 2
2262 1
2263 2
2264 1
2265 1
2266 1
2267 2
2268 2
2269 2
2270 1
2271 1
2272 2
2273 1
2274 1
2275 2
2276 4
2277 2
2278 2
2279 1
2280 1
2281 4
2282 1
2283 2
2284 1
2285 2
2286 2
2287 3
2288 2
2289 2
2290 1
2291 1
2292 3
2293 1
2294 2
2295 1
2296 2
2297 2
2298 3
2299 2
2300 2
2301 3
2302 2
2303 5
2304 2
2305 3
2306 1
2307 2
2308 1
2309 2
2310 2
2311 2
2312 1
2313 1
2314 2
2315 1
2316 1
2317 2
2318 2
2319 4
2320 5
2321 2
2322 2
2323 4
2324 5
2325 2
2326 3
2327 2
2328 1
2329 2
2330 1
2331 3
2332 2
2333 2
2334 3
2335 4
2336 4
2337 1
2338 4
2339 4
2340 1
2341 2
2342 7
2343 1
2344 1
2345 5
2346 3
2347 1
2348 6
2349 1
2350 3
2351 2
2352 6
2353 2
2354 1
2355 1
2356 1
2357 3
2358 3
2359 1
2360 2
2361 1
2362 5
2363 1
2364 2
2365 2
2366 2
2367 1
2368 1
2369 2
2370 1
2371 2
2372 3
2373 4
2374 4
2375 2
2376 1
2377 2
2378 1
2379 2
2380 2
2381 1
2382 2
2383 2
2384 1
2385 2
2386 2
2387 1
2388 1
2389 1
2390 1
2391 2
2392 4
2393 2
2394 6
2395 2
2396 1
2397 1
2398 2
2399 5
2400 2
2401 2
2402 3
2403 1
2404 2
2405 1
2406 3
2407 2
2408 2
2409 2
2410 1
2411 2
2412 1
2413 1
2414 3
2415 1
2416 4
2417 2
2418 1
2419 4
2420 1
2421 1
2422 3
2423 3
2424 5
2425 3
2426 1
2427 2
2428 4
2429 4
2430 1
2431 1
2432 1
2433 4
2434 1
2435 1
2436 2
2437 2
2438 1
2439 2
2440 1
2441 3
2442 4
2443 1
2444 1
2445 1
2446 6
2447 1
2448 1
2449 1
2450 2
2451 1
2452 2
2453 5
2454 2
2455 4
2456 2
2457 2
2458 1
2459 2
2460 1
2461 1
2462 1
2463 2
2464 1
2465 1
2466 3
2467 3
2468 1
2469 1
2470 3
2471 1
2472 2
2473 2
2474 1
2475 1
2476 1
2477 3
2478 1
2479 2
2480 1
2481 3
2482 1
2483 1
2484 3
2485 1
2486 5
2487 2
2488 1
2489 1
2490 2
2491 2
2492 1
2493 1
2494 5
2495 1
2496 2
2497 1
2498 3
2499 2
2500 1
2501 2
2502 1
2503 3
2504 2
2505 3
2506 4
2507 2
2508 4
2509 5
2510 3
2511 3
2512 3
2513 2
2514 3
2515 2
2516 2
2517 3
2518 1
2519 2
2520 3
2521 1
2522 2
2523 4
2524 2
2525 4
2526 1
2527 1
2528 3
2529 1
2530 1
2531 1
2532 6
2533 2
2534 3
2535 4
2536 1
2537 2
2538 1
2539 1
2540 2
2541 2
2542 2
2543 3
2544 1
2545 1
2546 1
2547 1
2548 1
2549 4
2550 5
2551 1
2552 1
2553 2
2554 3
2555 1
2556 1
2557 4
2558 1
2559 2
2560 1
2561 1
2562 2
2563 1
2564 2
2565 5
2566 1
2567 4
2568 2
2569 1
2570 3
2571 1
2572 1
2573 4
2574 1
2575 2
2576 1
2577 3
2578 1
2579 5
2580 10
2581 4
2582 2
2583 1
2584 1
2585 2
2586 1
2587 3
2588 2
2589 1
2590 3
2591 1
2592 2
2593 2
2594 1
2595 3
2596 2
2597 1
2598 1
2599 2
2600 4
2601 2
2602 3
2603 1
2604 1
2605 2
2606 1
2607 1
2608 3
2609 4
2610 2
2611 1
2612 4
2613 2
2614 2
2615 2
2616 1
2617 1
2618 2
2619 1
2620 2
2621 1
2622 3
2623 1
2624 1
2625 1
2626 1
2627 1
2628 2
2629 2
2630 2
2631 5
2632 1
2633 4
2634 2
2635 4
2636 1
2637 3
2638 2
2639 3
2640 1
2641 7
2642 2
2643 2
2644 3
2645 1
2646 2
2647 1
2648 1
2649 2
2650 1
2651 2
2652 1
2653 3
2654 2
2655 7
2656 1
2657 1
2658 2
2659 2
2660 1
2661 3
2662 1
2663 4
2664 3
2665 4
2666 3
2667 4
2668 1
2669 2
2670 1
2671 2
2672 2
2673 1
2674 1
2675 2
2676 2
2677 1
2678 5
2679 3
2680 2
2681 1
2682 1
2683 6
2684 2
2685 1
2686 4
2687 4
2688 1
2689 1
2690 2
2691 2
2692 2
2693 1
2694 3
2695 1
2696 1
2697 1
2698 5
2699 1
2700 2
2701 1
2702 3
2703 2
2704 3
2705 2
2706 2
2707 1
2708 1
2709 1
2710 1
2711 1
2712 1
2713 4
2714 1
2715 1
2716 1
2717 3
2718 3
2719 2
2720 2
2721 1
2722 3
2723 4
2724 3
2725 4
2726 1
2727 2
2728 1
2729 1
2730 2
2731 3
2732 3
2733 1
2734 4
2735 2
2736 2
2737 3
2738 3
2739 2
2740 3
2741 2
2742 6
2743 2
2744 1
2745 5
2746 1
2747 1
2748 2
2749 2
2750 3
2751 2
2752 2
2753 1
2754 1
2755 4
2756 7
2757 4
2758 2
2759 2
2760 1
2761 4
2762 1
2763 2
2764 1
2765 2
2766 4
2767 2
2768 2
2769 1
2770 4
2771 2
2772 1
2773 4
2774 2
2775 4
2776 1
2777 3
2778 3
2779 1
2780 2
2781 1
2782 1
2783 2
2784 3
2785 1
2786 2
2787 2
2788 2
2789 1
2790 6
2791 6
2792 3
2793 3
2794 1
2795 3
2796 3
2797 1
2798 4
2799 1
2800 2
2801 1
2802 1
2803 1
2804 2
2805 2
2806 2
2807 3
2808 1
2809 1
2810 1
2811 1
2812 1
2813 1
2814 1
2815 1
2816 3
2817 3
2818 4
2819 3
2820 3
2821 1
2822 7
2823 2
2824 1
2825 2
2826 2
2827 2
2828 1
2829 3
2830 1
2831 1
2832 1
2833 2
2834 1
2835 2
2836 1
2837 2
2838 3
2839 3
2840 2
2841 2
2842 2
2843 1
2844 2
2845 2
2846 6
2847 4
2848 1
2849 1
2850 3
2851 3
2852 1
2853 1
2854 1
2855 3
2856 1
2857 3
2858 3
2859 3
2860 2
2861 1
2862 3
2863 2
2864 2
2865 4
2866 2
2867 1
2868 3
2869 2
2870 2
2871 1
2872 1
2873 1
2874 1
2875 2
2876 1
2877 4
2878 1
2879 2
2880 1
2881 2
2882 1
2883 1
2884 2
2885 2
2886 3
2887 2
2888 3
2889 2
2890 5
2891 4
2892 1
2893 2
2894 2
2895 1
2896 3
2897 2
2898 1
2899 1
2900 6
2901 1
2902 2
2903 1
2904 1
2905 1
2906 1
2907 1
2908 3
2909 2
2910 1
2911 2
2912 1
2913 2
2914 2
2915 3
2916 1
2917 1
2918 1
2919 1
2920 1
2921 1
2922 1
2923 1
2924 3
2925 6
2926 1
2927 2
2928 1
2929 1
2930 1
2931 3
2932 2
2933 6
2934 2
2935 3
2936 1
2937 1
2938 1
2939 5
2940 3
2941 3
2942 3
2943 3
2944 5
2945 1
2946 3
2947 3
2948 4
2949 1
2950 3
2951 1
2952 1
2953 2
2954 3
2955 2
2956 1
2957 1
2958 2
2959 2
2960 1
2961 1
2962 3
2963 2
2964 2
2965 2
2966 1
2967 2
2968 1
2969 1
2970 4
2971 1
2972 1
2973 5
2974 2
2975 3
2976 2
2977 2
2978 3
2979 1
2980 3
2981 3
2982 3
2983 1
2984 1
2985 3
2986 2
2987 3
2988 1
2989 2
2990 3
2991 1
2992 2
2993 3
2994 1
2995 1
2996 2
2997 1
2998 1
2999 3
3000 1
3001 2
3002 1
3003 2
3004 1
3005 2
3006 3
3007 1
3008 2
3009 2
3010 2
3011 2
3012 1
3013 3
3014 1
3015 2
3016 3
3017 1
3018 1
3019 1
3020 2
3021 1
3022 2
3023 1
3024 3
3025 1
3026 1
3027 2
3028 3
3029 1
3030 2
3031 1
3032 4
3033 2
3034 1
3035 2
3036 2
3037 3
3038 2
3039 3
3040 1
3041 1
3042 1
3043 1
3044 1
3045 1
3046 1
3047 3
3048 1
3049 3
3050 1
3051 1
3052 1
3053 1
3054 3
3055 2
3056 3
3057 2
3058 1
3059 2
3060 2
3061 1
3062 1
3063 2
3064 2
3065 1
3066 1
3067 1
3068 1
3069 1
3070 3
3071 1
3072 2
3073 2
3074 1
3075 2
3076 2
3077 4
3078 1
3079 1
3080 2
3081 2
3082 2
3083 2
3084 1
3085 1
3086 2
3087 1
3088 1
3089 1
3090 1
3091 2
3092 2
3093 2
3094 1
3095 1
3096 1
3097 1
3098 2
3099 1
3100 3
3101 5
3102 1
3103 1
3104 1
3105 1
3106 1
3107 5
3108 1
3109 2
3110 6
3111 1
3112 3
3113 1
3114 5
3115 1
3116 2
3117 3
3118 2
3119 2
3120 1
3121 1
3122 3
3123 1
3124 1
3125 1
3126 1
3127 4
3128 1
3129 3
3130 2
3131 3
3132 1
3133 1
3134 2
3135 3
3136 2
3137 1
3138 1
3139 1
3140 1
3141 1
3142 3
3143 1
3144 4
3145 2
3146 6
3147 3
3148 1
3149 1
3150 1
3151 4
3152 4
3153 2
3154 3
3155 3
3156 2
3157 1
3158 1
3159 2
3160 1
3161 4
3162 1
3163 1
3164 3
3165 1
3166 1
3167 1
3168 3
3169 4
3170 1
3171 2
3172 1
3173 1
3174 1
3175 4
3176 1
3177 1
3178 2
3179 3
3180 1
3181 2
3182 1
3183 2
3184 2
3185 2
3186 1
3187 2
3188 2
3189 1
3190 1
3191 3
3192 1
3193 2
3194 1
3195 2
3196 2
3197 2
3198 2
3199 4
3200 1
3201 1
3202 1
3203 4
3204 2
3205 2
3206 1
3207 1
3208 1
3209 2
3210 1
3211 2
3212 1
3213 1
3214 2
3215 5
3216 1
3217 2
3218 2
3219 1
3220 1
3221 1
3222 2
3223 3
3224 1
3225 1
3226 2
3227 4
3228 1
3229 1
3230 1
3231 4
3232 2
3233 1
3234 2
3235 2
3236 1
3237 1
3238 1
3239 1
3240 1
3241 5
3242 1
3243 2
3244 1
3245 2
3246 4
3247 1
3248 2
3249 8
3250 3
3251 2
3252 2
3253 1
3254 8
3255 2
3256 3
3257 5
3258 1
3259 2
3260 2
3261 2
3262 1
3263 1
3264 1
3265 1
3266 3
3267 1
3268 1
3269 2
3270 1
3271 2
3272 1
3273 2
3274 2
3275 1
3276 2
3277 2
3278 1
3279 1
3280 1
3281 1
3282 2
3283 2
3284 1
3285 1
3286 4
3287 2
3288 1
3289 1
3290 1
3291 1
3292 3
3293 1
3294 1
3295 3
3296 1
3297 1
3298 2
3299 1
3300 1
3301 5
3302 2
3303 1
3304 1
3305 1
3306 1
3307 1
3308 4
3309 4
3310 2
3311 2
3312 4
3313 1
3314 1
3315 1
3316 4
3317 3
3318 2
3319 1
3320 1
3321 2
3322 3
3323 2
3324 1
3325 4
3326 1
3327 2
3328 1
3329 2
3330 1
3331 1
3332 3
3333 2
3334 2
3335 3
3336 1
3337 2
3338 4
3339 2
3340 2
3341 2
3342 1
3343 3
3344 8
3345 2
3346 1
3347 4
3348 1
3349 2
3350 3
3351 3
3352 2
3353 1
3354 4
3355 2
3356 1
3357 1
3358 2
3359 3
3360 3
3361 1
3362 1
3363 3
3364 1
3365 1
3366 1
3367 1
3368 1
3369 2
3370 2
3371 1
3372 1
3373 2
3374 1
3375 1
3376 1
3377 1
3378 3
3379 2
3380 1
3381 2
3382 1
3383 1
3384 6
3385 4
3386 3
3387 3
3388 1
3389 4
3390 3
3391 2
3392 2
3393 1
3394 1
3395 2
3396 3
3397 2
3398 3
3399 2
3400 1
3401 1
3402 1
3403 1
3404 2
3405 3
3406 1
3407 1
3408 1
3409 1
3410 1
3411 4
3412 2
3413 2
3414 1
3415 1
3416 1
3417 2
3418 1
3419 2
3420 2
3421 3
3422 1
3423 1
3424 4
3425 1
3426 1
3427 1
3428 1
3429 1
3430 1
3431 2
3432 1
3433 2
3434 2
3435 1
3436 1
3437 1
3438 2
3439 1
3440 1
3441 3
3442 4
3443 1
3444 1
3445 3
3446 1
3447 2
3448 4
3449 1
3450 2
3451 1
3452 1
3453 1
3454 5
3455 1
3456 1
3457 2
3458 1
3459 2
3460 1
3461 2
3462 1
3463 4
3464 2
3465 2
3466 3
3467 1
3468 1
3469 1
3470 1
3471 6
3472 2
3473 1
3474 6
3475 1
3476 1
3477 1
3478 1
3479 6
3480 1
3481 1
3482 2
3483 1
3484 1
3485 2
3486 2
3487 2
3488 2
3489 1
3490 1
3491 1
3492 1
3493 4
3494 1
3495 1
3496 2
3497 1
3498 1
3499 1
3500 1
3501 1
3502 3
3503 3
3504 2
3505 1
3506 2
3507 2
3508 3
3509 1
3510 3
3511 5
3512 1
3513 3
3514 3
3515 2
3516 1
3517 2
3518 3
3519 1
3520 3
3521 2
3522 2
3523 1
3524 1
3525 4
3526 3
3527 4
3528 2
3529 1
3530 1
3531 2
3532 2
3533 2
3534 4
3535 3
3536 1
3537 2
3538 1
3539 2
3540 1
3541 1
3542 2
3543 3
3544 1
3545 2
3546 1
3547 2
3548 1
3549 1
3550 2
3551 3
3552 1
3553 1
3554 1
3555 2
3556 1
3557 1
3558 1
3559 2
3560 1
3561 1
3562 1
3563 1
3564 2
3565 1
3566 1
3567 1
3568 2
3569 4
3570 1
3571 1
3572 2
3573 1
3574 1
3575 1
3576 2
3577 2
3578 1
3579 2
3580 1
3581 3
3582 2
3583 3
3584 1
3585 3
3586 1
3587 1
3588 2
3589 3
3590 2
3591 1
3592 3
3593 1
3594 2
3595 1
3596 2
3597 3
3598 1
3599 1
3600 3
3601 1
3602 1
3603 1
3604 1
3605 2
3606 2
3607 1
3608 1
3609 1
3610 2
3611 1
3612 3
3613 2
3614 3
3615 2
3616 1
3617 1
3618 2
3619 4
3620 2
3621 3
3622 1
3623 1
3624 3
3625 1
3626 2
3627 1
3628 1
3629 1
3630 4
3631 2
3632 4
3633 1
3634 3
3635 3
3636 4
3637 3
3638 2
3639 4
3640 2
3641 1
3642 1
3643 2
3644 2
3645 1
3646 1
3647 1
3648 2
3649 1
3650 2
3651 2
3652 1
3653 2
3654 2
3655 2
3656 2
3657 1
3658 3
3659 1
3660 2
3661 1
3662 2
3663 1
3664 1
3665 1
3666 1
3667 1
3668 1
3669 2
3670 1
3671 2
3672 2
3673 2
3674 1
3675 4
3676 1
3677 1
3678 1
3679 2
3680 1
3681 1
3682 6
3683 1
3684 8
3685 1
3686 4
3687 1
3688 1
3689 1
3690 1
3691 2
3692 1
3693 5
3694 1
3695 4
3696 1
3697 2
3698 2
3699 1
3700 1
3701 1
3702 1
3703 1
3704 1
3705 3
3706 1
3707 1
3708 1
3709 1
3710 2
3711 2
3712 2
3713 1
3714 1
3715 3
3716 2
3717 3
3718 2
3719 3
3720 2
3721 1
3722 2
3723 1
3724 1
3725 2
3726 1
3727 3
3728 1
3729 3
3730 1
3731 1
3732 1
3733 1
3734 2
3735 2
3736 1
3737 1
3738 3
3739 2
3740 1
3741 2
3742 2
3743 1
3744 2
3745 1
3746 3
3747 2
3748 2
3749 2
3750 4
3751 1
3752 2
3753 1
3754 2
3755 1
3756 1
3757 2
3758 1
3759 2
3760 3
3761 1
3762 1
3763 2
3764 2
3765 2
3766 4
3767 6
3768 3
3769 1
3770 4
3771 1
3772 1
3773 5
3774 1
3775 1
3776 2
3777 1
3778 4
3779 2
3780 1
3781 3
3782 1
3783 2
3784 2
3785 1
3786 1
3787 2
3788 3
3789 2
3790 1
3791 2
3792 3
3793 1
3794 2
3795 1
3796 1
3797 3
3798 2
3799 2
3800 1
3801 1
3802 1
3803 2
3804 2
3805 1
3806 4
3807 2
3808 2
3809 1
3810 1
3811 1
3812 2
3813 1
3814 2
3815 2
3816 1
3817 2
3818 4
3819 1
3820 4
3821 1
3822 3
3823 1
3824 2
3825 3
3826 2
3827 1
3828 2
3829 1
3830 1
3831 3
3832 2
3833 2
3834 1
3835 1
3836 2
3837 4
3838 1
3839 1
3840 1
3841 2
3842 1
3843 2
3844 1
3845 1
3846 1
3847 4
3848 2
3849 1
3850 1
3851 3
3852 1
3853 1
3854 5
3855 3
3856 1
3857 1
3858 2
3859 2
3860 1
3861 2
3862 1
3863 1
3864 1
3865 1
3866 1
3867 1
3868 1
3869 3
3870 2
3871 1
3872 6
3873 1
3874 1
3875 1
3876 2
3877 2
3878 2
3879 2
3880 5
3881 1
3882 1
3883 1
3884 2
3885 1
3886 1
3887 1
3888 1
3889 3
3890 2
3891 1
3892 2
3893 2
3894 4
3895 2
3896 3
3897 2
3898 1
3899 1
3900 4
3901 3
3902 1
3903 1
3904 2
3905 1
3906 1
3907 1
3908 1
3909 2
3910 3
3911 2
3912 2
3913 2
3914 1
3915 2
3916 1
3917 1
3918 1
3919 1
3920 2
3921 2
3922 1
3923 1
3924 3
3925 2
3926 4
3927 1
3928 1
3929 3
3930 1
3931 1
3932 2
3933 2
3934 2
3935 2
3936 2
3937 1
3938 1
3939 1
3940 3
3941 1
3942 1
3943 3
3944 2
3945 2
3946 1
3947 1
3948 1
3949 1
3950 1
3951 1
3952 1
3953 1
3954 1
3955 2
3956 2
3957 3
3958 1
3959 1
3960 2
3961 1
3962 1
3963 7
3964 1
3965 2
3966 1
3967 2
3968 1
3969 2
3970 1
3971 2
3972 2
3973 1
3974 1
3975 2
3976 2
3977 2
3978 3
3979 2
3980 1
3981 4
3982 1
3983 3
3984 1
3985 1
3986 1
3987 1
3988 2
3989 2
3990 1
3991 2
3992 1
3993 1
3994 1
3995 1
3996 2
3997 2
3998 1
3999 2
4000 1
4001 2
4002 2
4003 2
4004 2
4005 3
4006 1
4007 1
4008 1
4009 1
4010 1
4011 1
4012 1
4013 1
4014 1
4015 1
4016 1
4017 3
4018 2
4019 4
4020 1
4021 1
4022 4
4023 1
4024 3
4025 1
4026 2
4027 3
4028 3
4029 1
4030 2
4031 2
4032 2
4033 1
4034 1
4035 3
4036 1
4037 1
4038 1
4039 2
4040 3
4041 2
4042 1
4043 1
4044 1
4045 2
4046 1
4047 1
4048 1
4049 1
4050 2
4051 1
4052 1
4053 1
4054 1
4055 1
4056 3
4057 1
4058 2
4059 1
4060 3
4061 1
4062 3
4063 1
4064 3
4065 1
4066 3
4067 4
4068 1
4069 1
4070 1
4071 3
4072 6
4073 1
4074 1
4075 3
4076 1
4077 2
4078 2
4079 2
4080 1
4081 2
4082 2
4083 1
4084 3
4085 3
4086 4
4087 2
4088 1
4089 1
4090 3
4091 1
4092 1
4093 1
4094 2
4095 2
4096 3
4097 1
4098 1
4099 3
4100 1
4101 2
4102 2
4103 3
4104 4
4105 1
4106 3
4107 1
4108 1
4109 2
4110 2
4111 1
4112 1
4113 1
4114 1
4115 2
4116 1
4117 1
4118 2
4119 1
4120 3
4121 1
4122 1
4123 2
4124 1
4125 2
4126 2
4127 3
4128 2
4129 1
4130 3
4131 2
4132 3
4133 2
4134 2
4135 1
4136 2
4137 1
4138 1
4139 1
4140 3
4141 1
4142 1
4143 1
4144 3
4145 2
4146 1
4147 1
4148 3
4149 2
4150 6
4151 2
4152 1
4153 1
4154 2
4155 1
4156 1
4157 1
4158 4
4159 1
4160 1
4161 1
4162 1
4163 1
4164 1
4165 1
4166 1
4167 2
4168 2
4169 1
4170 3
4171 2
4172 2
4173 4
4174 1
4175 2
4176 2
4177 3
4178 1
4179 1
4180 3
4181 2
4182 1
4183 1
4184 2
4185 3
4186 1
4187 2
4188 4
4189 3
4190 1
4191 2
4192 1
4193 1
4194 1
4195 2
4196 1
4197 3
4198 1
4199 1
4200 1
4201 2
4202 2
4203 2
4204 5
4205 1
4206 1
4207 1
4208 1
4209 1
4210 1
4211 1
4212 1
4213 2
4214 1
4215 2
4216 2
4217 1
4218 2
4219 1
4220 3
4221 1
4222 2
4223 3
4224 1
4225 1
4226 2
4227 2
4228 2
4229 2
4230 1
4231 1
4232 3
4233 1
4234 3
4235 2
4236 2
4237 6
4238 2
4239 2
4240 3
4241 4
4242 1
4243 1
4244 2
4245 1
4246 2
4247 1
4248 2
4249 1
4250 1
4251 3
4252 1
4253 3
4254 2
4255 1
4256 2
4257 1
4258 1
4259 1
4260 3
4261 1
4262 1
4263 1
4264 3
4265 1
4266 2
4267 2
4268 2
4269 3
4270 2
4271 1
4272 1
4273 1
4274 4
4275 1
4276 1
4277 2
4278 2
4279 3
4280 1
4281 2
4282 1
4283 2
4284 1
4285 2
4286 2
4287 1
4288 3
4289 2
4290 1
4291 1
4292 3
4293 1
4294 1
4295 2
4296 2
4297 1
4298 3
4299 1
4300 3
4301 1
4302 1
4303 1
4304 1
4305 2
4306 1
4307 3
4308 1
4309 1
4310 2
4311 1
4312 1
4313 1
4314 1
4315 2
4316 1
4317 1
4318 1
4319 1
4320 2
4321 2
4322 2
4323 1
4324 2
4325 1
4326 1
4327 1
4328 1
4329 2
4330 1
4331 1
4332 2
4333 2
4334 3
4335 1
4336 1
4337 1
4338 2
4339 1
4340 2
4341 1
4342 1
4343 3
4344 3
4345 1
4346 1
4347 3
4348 1
4349 3
4350 2
4351 3
4352 2
4353 1
4354 2
4355 2
4356 2
4357 1
4358 1
4359 1
4360 1
4361 2
4362 1
4363 2
4364 2
4365 1
4366 1
4367 1
4368 2
4369 2
4370 1
4371 1
4372 2
4373 1
4374 1
4375 1
4376 1
4377 1
4378 2
4379 1
4380 1
4381 1
4382 1
4383 1
4384 2
4385 5
4386 3
4387 2
4388 3
4389 2
4390 2
4391 1
4392 1
4393 2
4394 1
4395 1
4396 1
4397 1
4398 1
4399 3
4400 1
4401 1
4402 3
4403 1
4404 1
4405 1
4406 2
4407 1
4408 1
4409 2
4410 1
4411 4
4412 1
4413 2
4414 4
4415 1
4416 1
4417 1
4418 1
4419 2
4420 1
4421 1
4422 2
4423 2
4424 2
4425 2
4426 1
4427 4
4428 3
4429 2
4430 1
4431 1
4432 1
4433 1
4434 2
4435 2
4436 1
4437 2
4438 3
4439 1
4440 4
4441 2
4442 1
4443 1
4444 1
4445 1
4446 3
4447 2
4448 1
4449 2
4450 3
4451 1
4452 1
4453 3
4454 1
4455 1
4456 2
4457 1
4458 1
4459 1
4460 1
4461 1
4462 1
4463 1
4464 3
4465 2
4466 1
4467 2
4468 2
4469 1
4470 1
4471 1
4472 2
4473 1
4474 1
4475 2
4476 1
4477 1
4478 3
4479 1
4480 2
4481 1
4482 2
4483 1
4484 1
4485 1
4486 1
4487 1
4488 2
4489 2
4490 2
4491 3
4492 1
4493 2
4494 1
4495 2
4496 1
4497 1
4498 1
4499 1
4500 2
4501 2
4502 1
4503 1
4504 1
4505 3
4506 2
4507 2
4508 2
4509 1
4510 2
4511 1
4512 1
4513 4
4514 2
4515 1
4516 1
4517 2
4518 2
4519 1
4520 2
4521 2
4522 1
4523 2
4524 1
4525 1
4526 4
4527 1
4528 1
4529 2
4530 3
4531 1
4532 1
4533 1
4534 1
4535 1
4536 2
4537 1
4538 1
4539 1
4540 1
4541 2
4542 2
4543 1
4544 1
4545 1
4546 1
4547 1
4548 1
4549 1
4550 2
4551 2
4552 1
4553 3
4554 2
4555 1
4556 1
4557 3
4558 1
4559 2
4560 1
4561 4
4562 1
4563 1
4564 2
4565 4
4566 2
4567 1
4568 3
4569 3
4570 1
4571 2
4572 1
4573 1
4574 5
4575 1
4576 1
4577 2
4578 2
4579 2
4580 1
4581 2
4582 2
4583 1
4584 2
4585 1
4586 1
4587 1
4588 1
4589 1
4590 2
4591 1
4592 2
4593 3
4594 1
4595 1
4596 4
4597 1
4598 1
4599 1
4600 3
4601 1
4602 1
4603 1
4604 1
4605 2
4606 1
4607 1
4608 1
4609 3
4610 3
4611 3
4612 2
4613 1
4614 4
4615 2
4616 3
4617 2
4618 1
4619 1
4620 1
4621 2
4622 2
4623 1
4624 3
4625 1
4626 2
4627 1
4628 1
4629 1
4630 3
4631 1
4632 1
4633 1
4634 1
4635 1
4636 1
4637 2
4638 1
4639 2
4640 1
4641 3
4642 1
4643 1
4644 1
4645 1
4646 2
4647 2
4648 2
4649 1
4650 3
4651 1
4652 2
4653 2
4654 1
4655 2
4656 1
4657 1
4658 2
4659 1
4660 1
4661 1
4662 1
4663 1
4664 2
4665 1
4666 3
4667 2
4668 3
4669 1
4670 1
4671 2
4672 1
4673 2
4674 1
4675 1
4676 2
4677 1
4678 3
4679 1
4680 1
4681 2
4682 1
4683 4
4684 1
4685 1
4686 1
4687 2
4688 1
4689 2
4690 1
4691 1
4692 6
4693 2
4694 1
4695 2
4696 3
4697 1
4698 1
4699 1
4700 4
4701 1
4702 1
4703 1
4704 1
4705 1
4706 1
4707 1
4708 1
4709 5
4710 1
4711 1
4712 2
4713 1
4714 1
4715 1
4716 1
4717 1
4718 1
4719 5
4720 2
4721 3
4722 2
4723 2
4724 2
4725 1
4726 2
4727 1
4728 1
4729 2
4730 1
4731 1
4732 1
4733 1
4734 2
4735 1
4736 1
4737 1
4738 1
4739 1
4740 1
4741 1
4742 1
4743 1
4744 3
4745 2
4746 1
4747 1
4748 2
4749 1
4750 1
4751 1
4752 3
4753 1
4754 1
4755 1
4756 1
4757 1
4758 2
4759 1
4760 2
4761 3
4762 1
4763 1
4764 2
4765 2
4766 1
4767 1
4768 1
4769 2
4770 2
4771 2
4772 4
4773 4
4774 2
4775 2
4776 2
4777 2
4778 1
4779 2
4780 1
4781 2
4782 3
4783 1
4784 1
4785 3
4786 1
4787 1
4788 1
4789 3
4790 1
4791 1
4792 2
4793 3
4794 1
4795 2
4796 1
4797 1
4798 2
4799 3
4800 3
4801 4
4802 3
4803 2
4804 1
4805 1
4806 2
4807 2
4808 1
4809 3
4810 1
4811 1
4812 1
4813 7
4814 2
4815 1
4816 2
4817 1
4818 2
4819 5
4820 2
4821 1
4822 3
4823 2
4824 1
4825 1
4826 1
4827 2
4828 2
4829 1
4830 1
4831 2
4832 1
4833 3
4834 1
4835 1
4836 3
4837 2
4838 1
4839 1
4840 3
4841 1
4842 1
4843 1
4844 1
4845 1
4846 1
4847 1
4848 2
4849 1
4850 1
4851 2
4852 2
4853 1
4854 1
4855 1
4856 2
4857 1
4858 3
4859 2
4860 1
4861 2
4862 2
4863 3
4864 1
4865 1
4866 1
4867 1
4868 1
4869 1
4870 2
4871 2
4872 1
4873 2
4874 1
4875 1
4876 2
4877 1
4878 1
4879 1
4880 3
4881 2
4882 4
4883 1
4884 2
4885 2
4886 2
4887 3
4888 1
4889 1
4890 1
4891 2
4892 1
4893 1
4894 2
4895 1
4896 3
4897 1
4898 2
4899 1
4900 4
4901 1
4902 1
4903 3
4904 1
4905 3
4906 1
4907 2
4908 2
4909 2
4910 2
4911 1
4912 3
4913 1
4914 1
4915 2
4916 1
4917 1
4918 2
4919 1
4920 1
4921 1
4922 2
4923 5
4924 1
4925 2
4926 1
4927 2
4928 1
4929 2
4930 1
4931 3
4932 1
4933 1
4934 2
4935 1
4936 3
4937 3
4938 2
4939 1
4940 1
4941 3
4942 3
4943 1
4944 1
4945 1
4946 1
4947 3
4948 2
4949 1
4950 1
4951 1
4952 2
4953 1
4954 3
4955 1
4956 1
4957 1
4958 1
4959 1
4960 1
4961 1
4962 1
4963 1
4964 2
4965 1
4966 1
4967 1
4968 1
4969 2
4970 1
4971 2
4972 1
4973 1
4974 1
4975 2
4976 2
4977 1
4978 1
4979 1
4980 1
4981 1
4982 3
4983 1
4984 1
4985 2
4986 1
4987 1
4988 1
4989 1
4990 1
4991 1
4992 1
4993 2
4994 2
4995 2
4996 1
4997 1
4998 2
4999 2
5000 1
5001 1
5002 2
5003 1
5004 1
5005 4
5006 1
5007 2
5008 1
5009 1
5010 1
5011 2
5012 2
5013 1
5014 1
5015 1
5016 1
5017 1
5018 2
5019 2
5020 2
5021 1
5022 1
5023 1
5024 1
5025 1
5026 1
5027 1
5028 1
5029 2
5030 2
5031 1
5032 1
5033 1
5034 1
5035 2
5036 1
5037 1
5038 2
5039 1
5040 1
5041 5
5042 1
5043 1
5044 2
5045 1
5046 1
5047 1
5048 1
5049 1
5050 2
5051 1
5052 1
5053 1
5054 2
5055 1
5056 2
5057 1
5058 4
5059 1
5060 1
5061 2
5062 1
5063 1
5064 2
5065 2
5066 1
5067 1
5068 1
5069 2
5070 2
5071 1
5072 2
5073 1
5074 2
5075 1
5076 1
5077 2
5078 1
5079 1
5080 1
5081 1
5082 2
5083 7
5084 4
5085 1
5086 1
5087 2
5088 1
5089 2
5090 1
5091 2
5092 1
5093 2
5094 1
5095 1
5096 1
5097 1
5098 1
5099 1
5100 2
5101 1
5102 1
5103 1
5104 2
5105 2
5106 1
5107 1
5108 3
5109 1
5110 1
5111 1
5112 1
5113 1
5114 2
5115 2
5116 1
5117 1
5118 1
5119 5
5120 1
5121 3
5122 1
5123 1
5124 1
5125 1
5126 1
5127 3
5128 2
5129 1
5130 1
5131 1
5132 2
5133 2
5134 4
5135 5
5136 2
5137 1
5138 1
5139 1
5140 2
5141 1
5142 1
5143 1
5144 2
5145 2
5146 2
5147 3
5148 1
5149 2
5150 3
5151 2
5152 4
5153 2
5154 1
5155 2
5156 1
5157 2
5158 1
5159 3
5160 1
5161 3
5162 2
5163 1
5164 1
5165 2
5166 1
5167 1
5168 2
5169 2
5170 2
5171 1
5172 1
5173 1
5174 1
5175 3
5176 1
5177 2
5178 2
5179 1
5180 2
5181 1
5182 4
5183 1
5184 1
5185 1
5186 1
5187 2
5188 1
5189 1
5190 1
5191 1
5192 2
5193 1
5194 1
5195 3
5196 3
5197 1
5198 1
5199 1
5200 1
5201 1
5202 1
5203 2
5204 3
5205 2
5206 1
5207 1
5208 1
5209 1
5210 2
5211 1
5212 4
5213 2
5214 1
5215 1
5216 1
5217 1
5218 1
5219 2
5220 1
5221 1
5222 2
5223 1
5224 1
5225 1
5226 1
5227 1
5228 1
5229 1
5230 1
5231 1
5232 1
5233 1
5234 1
5235 1
5236 1
5237 2
5238 1
5239 1
5240 2
5241 1
5242 1
5243 1
5244 2
5245 1
5246 1
5247 1
5248 1
5249 1
5250 2
5251 2
5252 2
5253 1
5254 1
5255 1
5256 1
5257 3
5258 1
5259 1
5260 1
5261 1
5262 1
5263 2
5264 1
5265 1
5266 1
5267 1
5268 1
5269 2
5270 1
5271 3
5272 1
5273 1
5274 1
5275 3
5276 1
5277 1
5278 3
5279 3
5280 1
5281 1
5282 2
5283 1
5284 1
5285 1
5286 2
5287 1
5288 1
5289 1
5290 2
5291 1
5292 1
5293 4
5294 1
5295 1
5296 2
5297 1
5298 1
5299 1
5300 2
5301 3
5302 1
5303 3
5304 1
5305 2
5306 4
5307 2
5308 2
5309 1
5310 2
5311 1
5312 1
5313 1
5314 1
5315 2
5316 3
5317 2
5318 2
5319 1
5320 1
5321 1
5322 2
5323 1
5324 1
5325 1
5326 1
5327 1
5328 1
5329 2
5330 2
5331 1
5332 1
5333 3
5334 3
5335 1
5336 2
5337 1
5338 1
5339 1
5340 1
5341 1
5342 2
5343 1
5344 1
5345 1
5346 2
5347 1
5348 1
5349 2
5350 1
5351 1
5352 1
5353 1
5354 1
5355 1
5356 2
5357 2
5358 3
5359 2
5360 1
5361 1
5362 1
5363 2
5364 2
5365 1
5366 1
5367 1
5368 1
5369 1
5370 1
5371 2
5372 2
5373 1
5374 3
5375 1
5376 1
5377 2
5378 1
5379 1
5380 2
5381 1
5382 1
5383 1
5384 2
5385 1
5386 3
5387 3
5388 2
5389 2
5390 3
5391 2
5392 1
5393 3
5394 1
5395 1
5396 1
5397 1
5398 1
5399 1
5400 1
5401 2
5402 1
5403 1
5404 2
5405 1
5406 1
5407 3
5408 2
5409 1
5410 1
5411 1
5412 3
5413 2
5414 2
5415 1
5416 2
5417 1
5418 1
5419 1
5420 3
5421 1
5422 1
5423 3
5424 1
5425 6
5426 2
5427 1
5428 1
5429 1
5430 1
5431 1
5432 1
5433 1
5434 1
5435 2
5436 1
5437 1
5438 1
5439 1
5440 2
5441 1
5442 4
5443 4
5444 1
5445 1
5446 1
5447 3
5448 1
5449 2
5450 1
5451 1
5452 1
5453 2
5454 1
5455 2
5456 1
5457 1
5458 2
5459 1
5460 1
5461 1
5462 1
5463 1
5464 1
5465 1
5466 2
5467 1
5468 1
5469 2
5470 1
5471 1
5472 4
5473 2
5474 2
5475 2
5476 1
5477 3
5478 1
5479 1
5480 1
5481 1
5482 1
5483 1
5484 1
5485 1
5486 2
5487 1
5488 2
5489 1
5490 1
5491 1
5492 1
5493 1
5494 1
5495 1
5496 2
5497 1
5498 1
5499 2
5500 1
5501 1
5502 4
5503 2
5504 1
5505 1
5506 2
5507 1
5508 1
5509 2
5510 5
5511 1
5512 1
5513 1
5514 1
5515 1
5516 1
5517 3
5518 1
5519 2
5520 3
5521 1
5522 1
5523 1
5524 2
5525 3
5526 1
5527 3
5528 2
5529 1
5530 2
5531 1
5532 2
5533 1
5534 2
5535 2
5536 1
5537 1
5538 1
5539 1
5540 1
5541 1
5542 1
5543 1
5544 1
5545 1
5546 1
5547 1
5548 1
5549 1
5550 1
5551 2
5552 3
5553 1
5554 1
5555 1
5556 1
5557 1
5558 1
5559 1
5560 1
5561 1
5562 1
5563 2
5564 1
5565 1
5566 3
5567 3
5568 1
5569 1
5570 1
5571 3
5572 1
5573 2
5574 4
5575 1
5576 1
5577 1
5578 2
5579 1
5580 1
5581 1
5582 1
5583 4
5584 2
5585 1
5586 1
5587 1
5588 1
5589 3
5590 2
5591 4
5592 2
5593 1
5594 2
5595 1
5596 1
5597 1
5598 1
5599 1
5600 2
5601 2
5602 2
5603 1
5604 3
5605 1
5606 1
5607 1
5608 1
5609 1
5610 1
5611 4
5612 2
5613 1
5614 1
5615 1
5616 1
5617 1
5618 1
5619 1
5620 1
5621 1
5622 2
5623 1
5624 1
5625 2
5626 1
5627 1
5628 1
5629 1
5630 1
5631 1
5632 1
5633 1
5634 1
5635 1
5636 1
5637 2
5638 1
5639 1
5640 1
5641 2
5642 1
5643 1
5644 1
5645 1
5646 1
5647 1
5648 1
5649 2
5650 1
5651 3
5652 1
5653 1
5654 1
5655 1
5656 1
5657 3
5658 1
5659 2
5660 1
5661 1
5662 2
5663 1
5664 1
5665 1
5666 1
5667 1
5668 1
5669 1
5670 1
5671 2
5672 2
5673 2
5674 3
5675 1
5676 3
5677 1
5678 2
5679 1
5680 2
5681 1
5682 2
5683 1
5684 1
5685 1
5686 1
5687 2
5688 2
5689 3
5690 1
5691 1
5692 1
5693 1
5694 2
5695 1
5696 2
5697 1
5698 1
5699 2
5700 2
5701 1
5702 2
5703 1
5704 2
5705 1
5706 4
5707 2
5708 2
5709 1
5710 1
5711 1
5712 1
5713 1
5714 1
5715 1
5716 1
5717 3
5718 1
5719 2
5720 1
5721 1
5722 1
5723 3
5724 3
5725 2
5726 3
5727 2
5728 1
5729 2
5730 1
5731 1
5732 1
5733 1
5734 1
5735 1
5736 1
5737 1
5738 1
5739 2
5740 1
5741 3
5742 1
5743 1
5744 2
5745 1
5746 2
5747 1
5748 1
5749 3
5750 2
5751 1
5752 1
5753 1
5754 1
5755 1
5756 1
5757 1
5758 1
5759 2
5760 2
5761 1
5762 2
5763 1
5764 1
5765 1
5766 1
5767 2
5768 1
5769 1
5770 1
5771 1
5772 2
5773 2
5774 2
5775 1
5776 1
5777 1
5778 1
5779 1
5780 2
5781 1
5782 1
5783 1
5784 4
5785 1
5786 1
5787 2
5788 1
5789 1
5790 2
5791 2
5792 1
5793 1
5794 1
5795 1
5796 1
5797 1
5798 2
5799 1
5800 2
5801 2
5802 1
5803 1
5804 1
5805 3
5806 1
5807 1
5808 2
5809 1
5810 1
5811 1
5812 2
5813 2
5814 1
5815 4
5816 1
5817 1
5818 1
5819 1
5820 1
5821 1
5822 1
5823 1
5824 6
5825 2
5826 3
5827 1
5828 1
5829 1
5830 1
5831 2
5832 2
5833 1
5834 1
5835 1
5836 1
5837 1
5838 1
5839 1
5840 1
5841 2
5842 1
5843 1
5844 1
5845 1
5846 1
5847 3
5848 1
5849 2
5850 1
5851 1
5852 2
5853 1
5854 2
5855 1
5856 1
5857 1
5858 1
5859 2
5860 1
5861 3
5862 1
5863 1
5864 2
5865 1
5866 1
5867 1
5868 1
5869 2
5870 1
5871 1
5872 1
5873 2
5874 2
5875 2
5876 1
5877 1
5878 1
5879 2
5880 1
5881 1
5882 1
5883 1
5884 1
5885 1
5886 1
5887 3
5888 2
5889 1
5890 1
5891 1
5892 1
5893 1
5894 1
5895 1
5896 1
5897 1
5898 2
5899 1
5900 1
5901 1
5902 1
5903 1
5904 3
5905 1
5906 1
5907 3
5908 1
5909 1
5910 1
5911 1
5912 1
5913 1
5914 3
5915 1
5916 1
5917 1
5918 2
5919 1
5920 2
5921 2
5922 1
5923 1
5924 1
5925 2
5926 1
5927 1
5928 1
5929 1
5930 1
5931 1
5932 2
5933 1
5934 5
5935 1
5936 1
5937 2
5938 1
5939 2
5940 1
5941 1
5942 2
5943 2
5944 2
5945 3
5946 2
5947 1
5948 2
5949 1
5950 1
5951 1
5952 1
5953 1
5954 1
5955 5
5956 2
5957 1
5958 1
5959 1
5960 1
5961 1
5962 1
5963 2
5964 1
5965 1
5966 1
5967 1
5968 1
5969 2
5970 3
5971 2
5972 1
5973 1
5974 2
5975 1
5976 1
5977 2
5978 1
5979 1
5980 1
5981 2
5982 1
5983 2
5984 1
5985 2
5986 1
5987 1
5988 1
5989 1
5990 1
5991 1
5992 1
5993 1
5994 1
5995 1
5996 1
5997 1
5998 1
5999 2
6000 1
6001 1
6002 1
6003 1
6004 1
6005 1
6006 1
6007 1
6008 1
6009 2
6010 1
6011 1
6012 1
6013 1
6014 2
6015 1
6016 3
6017 1
6018 1
6019 1
6020 1
6021 1
6022 1
6023 2
6024 3
6025 1
6026 1
6027 1
6028 2
6029 3
6030 2
6031 3
6032 1
6033 1
6034 1
6035 1
6036 1
6037 1
6038 1
6039 1
6040 2
6041 1
6042 1
6043 1
6044 2
6045 1
6046 1
6047 2
6048 1
6049 1
6050 2
6051 1
6052 2
6053 1
6054 2
6055 3
6056 1
6057 2
6058 1
6059 1
6060 1
6061 1
6062 1
6063 2
6064 1
6065 1
6066 1
6067 1
6068 1
6069 1
6070 1
6071 2
6072 1
6073 1
6074 2
6075 1
6076 3
6077 1
6078 1
6079 1
6080 2
6081 3
6082 2
6083 1
6084 1
6085 1
6086 2
6087 2
6088 1
6089 1
6090 4
6091 1
6092 1
6093 2
6094 1
6095 1
6096 2
6097 1
6098 1
6099 2
6100 1
6101 1
6102 1
6103 1
6104 1
6105 1
6106 2
6107 3
6108 2
6109 1
6110 1
6111 2
6112 1
6113 1
6114 1
6115 1
6116 3
6117 2
6118 2
6119 1
6120 1
6121 1
6122 2
6123 1
6124 2
6125 1
6126 1
6127 1
6128 1
6129 1
6130 1
6131 1
6132 2
6133 2
6134 1
6135 2
6136 1
6137 1
6138 1
6139 1
6140 1
6141 1
6142 2
6143 1
6144 1
6145 1
6146 1
6147 2
6148 1
6149 2
6150 1
6151 1
6152 1
6153 2
6154 1
6155 1
6156 1
6157 1
6158 2
6159 2
6160 1
6161 1
6162 2
6163 1
6164 2
6165 2
6166 1
6167 1
6168 1
6169 1
6170 1
6171 1
6172 1
6173 1
6174 2
6175 1
6176 1
6177 1
6178 1
6179 1
6180 1
6181 2
6182 1
6183 1
6184 2
6185 2
6186 1
6187 1
6188 2
6189 2
6190 1
6191 1
6192 1
6193 1
6194 1
6195 1
6196 1
6197 1
6198 1
6199 2
6200 1
6201 1
6202 1
6203 1
6204 1
6205 1
6206 1
6207 1
6208 1
6209 1
6210 1
6211 2
6212 1
6213 1
6214 3
6215 1
6216 2
6217 1
6218 1
6219 1
6220 1
6221 2
6222 1
6223 3
6224 2
6225 1
6226 1
6227 1
6228 2
6229 1
6230 1
6231 1
6232 2
6233 1
6234 2
6235 1
6236 2
6237 1
6238 1
6239 1
6240 1
6241 1
6242 1
6243 1
6244 1
6245 2
6246 1
6247 1
6248 3
6249 2
6250 2
6251 2
6252 1
6253 1
6254 1
6255 1
6256 2
6257 1
6258 1
6259 2
6260 2
6261 1
6262 3
6263 3
6264 2
6265 1
6266 1
6267 1
6268 1
6269 1
6270 1
6271 1
6272 3
6273 2
6274 1
6275 1
6276 1
6277 1
6278 2
6279 1
6280 2
6281 2
6282 2
6283 2
6284 1
6285 2
6286 1
6287 1
6288 1
6289 1
6290 2
6291 1
6292 1
6293 1
6294 1
6295 2
6296 1
6297 1
6298 2
6299 1
6300 1
6301 1
6302 1
6303 1
6304 1
6305 2
6306 2
6307 1
6308 1
6309 1
6310 2
6311 1
6312 1
6313 1
6314 1
6315 1
6316 1
6317 1
6318 1
6319 1
6320 1
6321 1
6322 1
6323 2
6324 1
6325 1
6326 2
6327 1
6328 1
6329 1
6330 1
6331 1
6332 1
6333 1
6334 2
6335 2
6336 1
6337 1
6338 2
6339 2
6340 1
6341 1
6342 1
6343 1
6344 1
6345 1
6346 3
6347 2
6348 1
6349 2
6350 1
6351 1
6352 4
6353 1
6354 1
6355 3
6356 1
6357 1
6358 1
6359 1
6360 1
6361 1
6362 1
6363 1
6364 1
6365 3
6366 1
6367 1
6368 2
6369 1
6370 1
6371 1
6372 3
6373 1
6374 3
6375 3
6376 2
6377 1
6378 2
6379 1
6380 1
6381 1
6382 1
6383 4
6384 1
6385 1
6386 1
6387 1
6388 2
6389 1
6390 1
6391 1
6392 1
6393 1
6394 1
6395 1
6396 1
6397 1
6398 1
6399 2
6400 1
6401 1
6402 1
6403 1
6404 1
6405 1
6406 1
6407 1
6408 1
6409 2
6410 1
6411 2
6412 1
6413 1
6414 1
6415 1
6416 1
6417 1
6418 1
6419 1
6420 1
6421 2
6422 1
6423 1
6424 2
6425 1
6426 1
6427 2
6428 1
6429 1
6430 1
6431 1
6432 1
6433 1
6434 1
6435 1
6436 2
6437 1
6438 1
6439 5
6440 1
6441 1
6442 1
6443 1
6444 2
6445 2
6446 1
6447 1
6448 1
6449 1
6450 1
6451 1
6452 1
6453 1
6454 1
6455 2
6456 1
6457 1
6458 1
6459 1
6460 1
6461 2
6462 1
6463 1
6464 3
6465 1
6466 1
6467 1
6468 1
6469 1
6470 1
6471 1
6472 1
6473 1
6474 1
6475 2
6476 2
6477 1
6478 1
6479 1
6480 1
6481 1
6482 2
6483 2
6484 1
6485 3
6486 1
6487 1
6488 1
6489 1
6490 1
6491 2
6492 1
6493 1
6494 1
6495 1
6496 1
6497 1
6498 1
6499 1
6500 1
6501 1
6502 2
6503 1
6504 1
6505 1
6506 1
6507 1
6508 1
6509 1
6510 1
6511 1
6512 1
6513 1
6514 2
6515 1
6516 2
6517 5
6518 1
6519 2
6520 1
6521 1
6522 1
6523 1
6524 1
6525 1
6526 1
6527 1
6528 1
6529 1
6530 2
6531 1
6532 1
6533 1
6534 3
6535 1
6536 3
6537 1
6538 1
6539 1
6540 1
6541 1
6542 1
6543 2
6544 1
6545 2
6546 1
6547 1
6548 2
6549 1
6550 1
6551 1
6552 1
6553 2
6554 1
6555 1
6556 1
6557 2
6558 1
6559 1
6560 2
6561 2
6562 3
6563 1
6564 1
6565 1
6566 1
6567 1
6568 1
6569 2
6570 1
6571 1
6572 1
6573 1
6574 1
6575 1
6576 1
6577 2
6578 1
6579 1
6580 3
6581 1
6582 1
6583 2
6584 1
6585 1
6586 2
6587 2
6588 1
6589 1
6590 1
6591 1
6592 1
6593 1
6594 1
6595 1
6596 1
6597 1
6598 1
6599 1
6600 2
6601 1
6602 1
6603 2
6604 1
6605 1
6606 1
6607 1
6608 1
6609 1
6610 1
6611 1
6612 1
6613 1
6614 1
6615 1
6616 1
6617 1
6618 1
6619 1
6620 2
6621 2
6622 2
6623 1
6624 1
6625 2
6626 2
6627 1
6628 1
6629 1
6630 1
6631 1
6632 2
6633 2
6634 1
6635 1
6636 1
6637 1
6638 3
6639 1
6640 1
6641 1
6642 1
6643 1
6644 4
6645 1
6646 1
6647 1
6648 1
6649 2
6650 2
6651 1
6652 1
6653 1
6654 1
6655 1
6656 1
6657 1
6658 1
6659 1
6660 1
6661 1
6662 1
6663 1
6664 1
6665 2
6666 1
6667 1
6668 1
6669 1
6670 1
6671 1
6672 2
6673 1
6674 2
6675 1
6676 1
6677 1
6678 1
6679 1
6680 1
6681 1
6682 1
6683 2
6684 1
6685 1
6686 1
6687 1
6688 1
6689 1
6690 2
6691 1
6692 2
6693 2
6694 2
6695 2
6696 2
6697 1
6698 1
6699 1
6700 1
6701 1
6702 1
6703 1
6704 1
6705 1
6706 2
6707 1
6708 1
6709 1
6710 2
6711 1
6712 2
6713 1
6714 1
6715 1
6716 1
6717 1
6718 1
6719 3
6720 2
6721 1
6722 1
6723 1
6724 1
6725 1
6726 1
6727 1
6728 1
6729 2
6730 2
6731 1
6732 1
6733 1
6734 1
6735 1
6736 1
6737 1
6738 2
6739 1
6740 2
6741 1
6742 1
6743 1
6744 1
6745 2
6746 2
6747 1
6748 1
6749 1
6750 1
6751 1
6752 2
6753 1
6754 1
6755 1
6756 1
6757 1
6758 1
6759 1
6760 1
6761 1
6762 1
6763 1
6764 1
6765 1
6766 1
6767 1
6768 1
6769 2
6770 1
6771 1
6772 1
6773 1
6774 2
6775 1
6776 3
6777 1
6778 1
6779 2
6780 3
6781 2
6782 1
6783 1
6784 1
6785 2
6786 1
6787 2
6788 2
6789 1
6790 1
6791 1
6792 1
6793 1
6794 1
6795 1
6796 2
6797 1
6798 1
6799 1
6800 1
6801 2
6802 1
6803 1
6804 1
6805 2
6806 1
6807 1
6808 1
6809 1
6810 1
6811 1
6812 1
6813 2
6814 1
6815 1
6816 1
6817 1
6818 1
6819 1
6820 2
6821 1
6822 2
6823 1
6824 1
6825 1
6826 1
6827 1
6828 2
6829 2
6830 1
6831 1
6832 2
6833 4
6834 3
6835 1
6836 1
6837 2
6838 1
6839 1
6840 1
6841 1
6842 1
6843 1
6844 1
6845 2
6846 1
6847 1
6848 1
6849 2
6850 1
6851 1
6852 1
6853 1
6854 1
6855 1
6856 1
6857 1
6858 2
6859 1
6860 2
6861 1
6862 1
6863 1
6864 1
6865 1
6866 1
6867 1
6868 2
6869 3
6870 1
6871 1
6872 1
6873 1
6874 1
6875 1
6876 1
6877 2
6878 1
6879 1
6880 2
6881 1
6882 1
6883 1
6884 1
6885 1
6886 1
6887 1
6888 1
6889 1
6890 1
6891 1
6892 1
6893 1
6894 1
6895 1
6896 1
6897 1
6898 1
6899 1
6900 1
6901 1
6902 1
6903 2
6904 1
6905 1
6906 1
6907 1
6908 1
6909 1
6910 1
6911 3
6912 1
6913 3
6914 1
6915 1
6916 1
6917 1
6918 1
6919 2
6920 1
6921 2
6922 1
6923 1
6924 1
6925 1
6926 1
6927 1
6928 1
6929 1
6930 1
6931 1
6932 1
6933 2
6934 1
6935 2
6936 1
6937 1
6938 1
6939 2
6940 1
6941 1
6942 1
6943 1
6944 1
6945 1
6946 2
6947 1
6948 3
6949 2
6950 1
6951 1
6952 1
6953 1
6954 1
6955 1
6956 1
6957 1
6958 1
6959 3
6960 1
6961 1
6962 1
6963 2
6964 1
6965 1
6966 1
6967 2
6968 2
6969 1
6970 1
6971 1
6972 2
6973 1
6974 1
6975 2
6976 1
6977 2
6978 1
6979 1
6980 1
6981 1
6982 1
6983 1
6984 2
6985 1
6986 1
6987 1
6988 1
6989 2
6990 2
6991 1
6992 1
6993 1
6994 1
6995 1
6996 2
6997 1
6998 1
6999 1
7000 1
7001 2
7002 1
7003 2
7004 1
7005 1
7006 1
7007 1
7008 1
7009 1
7010 1
7011 1
7012 1
7013 1
7014 1
7015 1
7016 1
7017 1
7018 1
7019 1
7020 1
7021 1
7022 1
7023 1
7024 1
7025 1
7026 1
7027 2
7028 1
7029 2
7030 1
7031 1
7032 2
7033 2
7034 1
7035 2
7036 1
7037 2
7038 1
7039 2
7040 2
7041 1
7042 1
7043 1
7044 2
7045 1
7046 1
7047 1
7048 1
7049 1
7050 1
7051 2
7052 1
7053 1
7054 1
7055 1
7056 1
7057 1
7058 2
7059 2
7060 1
7061 2
7062 2
7063 1
7064 2
7065 2
7066 1
7067 1
7068 1
7069 1
7070 1
7071 2
7072 1
7073 2
7074 1
7075 1
7076 2
7077 1
7078 1
7079 1
7080 1
7081 2
7082 2
7083 1
7084 1
7085 1
7086 1
7087 3
7088 1
7089 1
7090 1
7091 2
7092 1
7093 1
7094 1
7095 1
7096 2
7097 2
7098 1
7099 1
7100 1
7101 1
7102 1
7103 2
7104 1
7105 1
7106 1
7107 1
7108 1
7109 1
7110 3
7111 2
7112 1
7113 1
7114 1
7115 1
7116 1
7117 1
7118 1
7119 2
7120 1
7121 1
7122 1
7123 2
7124 1
7125 1
7126 1
7127 1
7128 1
7129 1
7130 1
7131 1
7132 1
7133 1
7134 1
7135 1
7136 1
7137 2
7138 1
7139 1
7140 2
7141 1
7142 1
7143 1
7144 1
7145 1
7146 2
7147 2
7148 1
7149 1
7150 1
7151 2
7152 1
7153 1
7154 1
7155 1
7156 1
7157 1
7158 1
7159 1
7160 1
7161 1
7162 1
7163 1
7164 1
7165 1
7166 1
7167 1
7168 2
7169 2
7170 1
7171 1
7172 1
7173 1
7174 1
7175 1
7176 1
7177 2
7178 1
7179 1
7180 1
7181 1
7182 1
7183 1
7184 1
7185 1
7186 1
7187 1
7188 1
7189 1
7190 1
7191 1
7192 2
7193 1
7194 1
7195 2
7196 1
7197 1
7198 1
7199 1
7200 1
7201 1
7202 1
7203 1
7204 4
7205 1
7206 2
7207 1
7208 2
7209 1
7210 2
7211 1
7212 1
7213 2
7214 1
7215 1
7216 1
7217 1
7218 1
7219 1
7220 1
7221 1
7222 3
7223 1
7224 3
7225 2
7226 2
7227 1
7228 1
7229 1
7230 1
7231 1
7232 2
7233 1
7234 1
7235 1
7236 1
7237 2
7238 1
7239 1
7240 1
7241 1
7242 2
7243 1
7244 1
7245 2
7246 1
7247 1
7248 1
7249 1
7250 2
7251 1
7252 2
7253 1
7254 1
7255 2
7256 1
7257 1
7258 1
7259 1
7260 1
7261 1
7262 1
7263 1
7264 1
7265 2
7266 1
7267 1
7268 1
7269 1
7270 1
7271 1
7272 1
7273 1
7274 1
7275 1
7276 2
7277 1
7278 1
7279 1
7280 1
7281 1
7282 1
7283 1
7284 1
7285 1
7286 1
7287 1
7288 1
7289 1
7290 1
7291 1
7292 2
7293 1
7294 1
7295 1
7296 1
7297 1
7298 2
7299 2
7300 1
7301 1
7302 1
7303 1
7304 1
7305 1
7306 2
7307 1
7308 1
7309 2
7310 1
7311 1
7312 2
7313 2
7314 2
7315 2
7316 1
7317 1
7318 1
7319 1
7320 1
7321 1
7322 1
7323 1
7324 2
7325 1
7326 1
7327 1
7328 1
7329 1
7330 1
7331 1
7332 1
7333 1
7334 1
7335 1
7336 1
7337 1
7338 1
7339 1
7340 1
7341 1
7342 1
7343 1
7344 1
7345 2
7346 1
7347 1
7348 1
7349 1
7350 1
7351 1
7352 1
7353 1
7354 1
7355 1
7356 1
7357 1
7358 1
7359 1
7360 1
7361 1
7362 1
7363 1
7364 1
7365 1
7366 1
7367 1
7368 1
7369 1
7370 1
7371 1
7372 1
7373 1
7374 1
7375 1
7376 1
7377 2
7378 1
7379 1
7380 1
7381 1
7382 1
7383 1
7384 1
7385 1
7386 1
7387 2
7388 1
7389 1
7390 1
7391 2
7392 2
7393 2
7394 1
7395 1
7396 1
7397 1
7398 1
7399 1
7400 1
7401 1
7402 2
7403 3
7404 1
7405 1
7406 1
7407 1
7408 1
7409 1
7410 4
7411 1
7412 2
7413 1
7414 1
7415 1
7416 1
7417 3
7418 1
7419 1
7420 1
7421 1
7422 1
7423 1
7424 1
7425 1
7426 1
7427 1
7428 1
7429 2
7430 1
7431 2
7432 2
7433 1
7434 1
7435 2
7436 1
7437 3
7438 1
7439 1
7440 1
7441 1
7442 1
7443 1
7444 2
7445 1
7446 1
7447 3
7448 1
7449 2
7450 1
7451 1
7452 1
7453 1
7454 1
7455 1
7456 1
7457 1
7458 1
7459 2
7460 1
7461 2
7462 1
7463 2
7464 2
7465 1
7466 1
7467 2
7468 3
7469 1
7470 1
7471 1
7472 1
7473 2
7474 1
7475 1
7476 1
7477 1
7478 1
7479 2
7480 1
7481 1
7482 1
7483 1
7484 1
7485 1
7486 1
7487 1
7488 1
7489 1
7490 1
7491 1
7492 1
7493 2
7494 1
7495 1
7496 1
7497 2
7498 2
7499 1
7500 2
7501 1
7502 1
7503 1
7504 1
7505 1
7506 1
7507 1
7508 1
7509 1
7510 1
7511 2
7512 1
7513 1
7514 2
7515 1
7516 1
7517 1
7518 1
7519 1
7520 1
7521 1
7522 1
7523 1
7524 1
7525 1
7526 1
7527 2
7528 2
7529 1
7530 1
7531 1
7532 1
7533 2
7534 2
7535 1
7536 1
7537 1
7538 1
7539 1
7540 2
7541 1
7542 1
7543 1
7544 1
7545 1
7546 1
7547 1
7548 1
7549 1
7550 1
7551 2
7552 1
7553 2
7554 1
7555 1
7556 1
7557 2
7558 1
7559 1
7560 1
7561 1
7562 1
7563 1
7564 1
7565 1
7566 1
7567 1
7568 1
7569 1
7570 1
7571 1
7572 1
7573 1
7574 1
7575 1
7576 1
7577 1
7578 2
7579 1
7580 1
7581 2
7582 1
7583 1
7584 2
7585 1
7586 2
7587 3
7588 1
7589 1
7590 2
7591 1
7592 1
7593 1
7594 1
7595 1
7596 1
7597 1
7598 1
7599 1
7600 1
7601 2
7602 1
7603 1
7604 2
7605 1
7606 1
7607 1
7608 1
7609 3
7610 1
7611 1
7612 1
7613 1
7614 1
7615 1
7616 1
7617 1
7618 1
7619 1
7620 1
7621 1
7622 1
7623 2
7624 1
7625 1
7626 1
7627 1
7628 2
7629 1
7630 1
7631 2
7632 1
7633 1
7634 1
7635 1
7636 1
7637 3
7638 1
7639 1
7640 1
7641 1
7642 1
7643 1
7644 1
7645 1
7646 1
7647 1
7648 1
7649 1
7650 1
7651 1
7652 1
7653 1
7654 2
7655 1
7656 2
7657 1
7658 1
7659 2
7660 2
7661 1
7662 1
7663 1
7664 1
7665 2
7666 1
7667 1
7668 1
7669 1
7670 2
7671 3
7672 2
7673 2
7674 1
7675 1
7676 2
7677 1
7678 1
7679 1
7680 1
7681 1
7682 1
7683 1
7684 1
7685 1
7686 1
7687 2
7688 1
7689 1
7690 1
7691 1
7692 4
7693 1
7694 1
7695 1
7696 1
7697 2
7698 2
7699 1
7700 1
7701 1
7702 1
7703 1
7704 1
7705 1
7706 1
7707 1
7708 1
7709 1
7710 1
7711 1
7712 1
7713 1
7714 1
7715 1
7716 1
7717 1
7718 2
7719 1
7720 2
7721 1
7722 1
7723 1
7724 1
7725 1
7726 2
7727 1
7728 1
7729 1
7730 1
7731 2
7732 1
7733 2
7734 1
7735 1
7736 1
7737 1
7738 1
7739 1
7740 1
7741 1
7742 1
7743 1
7744 1
7745 1
7746 1
7747 1
7748 1
7749 1
7750 1
7751 1
7752 1
7753 1
7754 1
7755 2
7756 2
7757 1
7758 1
7759 1
7760 1
7761 1
7762 1
7763 3
7764 1
7765 1
7766 1
7767 1
7768 1
7769 2
7770 1
7771 1
7772 2
7773 2
7774 1
7775 1
7776 1
7777 1
7778 2
7779 1
7780 1
7781 1
7782 2
7783 2
7784 1
7785 1
7786 2
7787 1
7788 2
7789 1
7790 1
7791 1
7792 1
7793 1
7794 1
7795 1
7796 1
7797 1
7798 1
7799 2
7800 1
7801 1
7802 1
7803 1
7804 2
7805 1
7806 1
7807 1
7808 1
7809 1
7810 1
7811 1
7812 1
7813 1
7814 2
7815 1
7816 1
7817 1
7818 1
7819 1
7820 2
7821 1
7822 1
7823 1
7824 1
7825 1
7826 1
7827 2
7828 1
7829 2
7830 2
7831 1
7832 1
7833 1
7834 1
7835 1
7836 1
7837 2
7838 2
7839 1
7840 1
7841 1
7842 1
7843 1
7844 1
7845 1
7846 1
7847 2
7848 1
7849 2
7850 1
7851 1
7852 1
7853 1
7854 1
7855 1
7856 1
7857 1
7858 2
7859 1
7860 1
7861 2
7862 1
7863 1
7864 1
7865 1
7866 1
7867 1
7868 2
7869 1
7870 2
7871 1
7872 1
7873 1
7874 1
7875 2
7876 1
7877 1
7878 1
7879 1
7880 1
7881 2
7882 1
7883 1
7884 1
7885 1
7886 1
7887 1
7888 2
7889 1
7890 1
7891 1
7892 1
7893 1
7894 1
7895 1
7896 1
7897 1
7898 1
7899 1
7900 1
7901 1
7902 1
7903 1
7904 1
7905 3
7906 1
7907 1
7908 1
7909 1
7910 1
7911 1
7912 1
7913 2
7914 1
7915 1
7916 1
7917 1
7918 1
7919 1
7920 1
7921 1
7922 1
7923 1
7924 1
7925 1
7926 1
7927 1
7928 2
7929 1
7930 2
7931 1
7932 2
7933 1
7934 1
7935 2
7936 1
7937 1
7938 1
7939 1
7940 1
7941 2
7942 1
7943 1
7944 1
7945 1
7946 1
7947 2
7948 1
7949 1
7950 1
7951 1
7952 3
7953 1
7954 1
7955 1
7956 1
7957 2
7958 1
7959 1
7960 1
7961 1
7962 1
7963 1
7964 1
7965 1
7966 1
7967 1
7968 2
7969 1
7970 1
7971 1
7972 1
7973 1
7974 1
7975 1
7976 1
7977 1
7978 1
7979 1
7980 1
7981 1
7982 2
7983 1
7984 1
7985 1
7986 1
7987 1
7988 1
7989 2
7990 1
7991 1
7992 1
7993 1
7994 1
7995 2
7996 2
7997 1
7998 1
7999 1
8000 1
8001 1
8002 1
8003 2
8004 1
8005 1
8006 1
8007 1
8008 1
8009 1
8010 1
8011 1
8012 1
8013 1
8014 2
8015 1
8016 1
8017 1
8018 1
8019 1
8020 1
8021 1
8022 1
8023 1
8024 1
8025 1
8026 1
8027 2
8028 1
8029 1
8030 1
8031 1
8032 1
8033 1
8034 1
8035 1
8036 2
8037 1
8038 1
8039 1
8040 1
8041 1
8042 1
8043 1
8044 1
8045 2
8046 1
8047 1
8048 1
8049 1
8050 1
8051 1
8052 1
8053 1
8054 1
8055 1
8056 1
8057 1
8058 2
8059 1
8060 1
8061 1
8062 1
8063 1
8064 1
8065 1
8066 1
8067 1
8068 1
8069 1
8070 1
8071 1
8072 1
8073 1
8074 1
8075 2
8076 1
8077 1
8078 1
8079 1
8080 2
8081 1
8082 2
8083 2
8084 1
8085 1
8086 1
8087 1
8088 1
8089 1
8090 1
8091 2
8092 1
8093 1
8094 2
8095 1
8096 1
8097 1
8098 1
8099 1
8100 3
8101 1
8102 1
8103 1
8104 1
8105 1
8106 1
8107 1
8108 1
8109 1
8110 1
8111 1
8112 1
8113 1
8114 1
8115 1
8116 1
8117 1
8118 1
8119 1
8120 1
8121 1
8122 1
8123 1
8124 1
8125 1
8126 1
8127 1
8128 2
8129 1
8130 2
8131 1
8132 1
8133 1
8134 1
8135 1
8136 1
8137 1
8138 1
8139 1
8140 2
8141 1
8142 1
8143 1
8144 1
8145 2
8146 1
8147 1
8148 4
8149 1
8150 1
8151 1
8152 1
8153 1
8154 2
8155 1
8156 1
8157 1
8158 1
8159 1
8160 1
8161 1
8162 1
8163 1
8164 1
8165 1
8166 1
8167 1
8168 2
8169 1
8170 1
8171 1
8172 1
8173 1
8174 1
8175 1
8176 1
8177 1
8178 1
8179 1
8180 1
8181 1
8182 1
8183 1
8184 1
8185 1
8186 2
8187 1
8188 1
8189 1
8190 2
8191 1
8192 1
8193 1
8194 1
8195 1
8196 3
8197 1
8198 1
8199 1
8200 4
8201 1
8202 1
8203 1
8204 1
8205 1
8206 1
8207 1
8208 1
8209 1
8210 1
8211 1
8212 1
8213 1
8214 2
8215 1
8216 1
8217 1
8218 1
8219 2
8220 1
8221 1
8222 1
8223 1
8224 1
8225 1
8226 1
8227 1
8228 1
8229 1
8230 1
8231 1
8232 2
8233 1
8234 1
8235 1
8236 1
8237 2
8238 1
8239 1
8240 1
8241 1
8242 1
8243 1
8244 2
8245 1
8246 1
8247 1
8248 1
8249 1
8250 4
8251 1
8252 1
8253 1
8254 1
8255 1
8256 1
8257 1
8258 1
8259 1
8260 1
8261 1
8262 1
8263 1
8264 1
8265 1
8266 2
8267 1
8268 1
8269 1
8270 1
8271 2
8272 1
8273 1
8274 3
8275 1
8276 1
8277 2
8278 1
8279 1
8280 1
8281 1
8282 1
8283 1
8284 1
8285 1
8286 1
8287 1
8288 1
8289 1
8290 2
8291 2
8292 1
8293 1
8294 1
8295 1
8296 1
8297 1
8298 1
8299 1
8300 1
8301 1
8302 1
8303 1
8304 2
8305 1
8306 1
8307 2
8308 1
8309 1
8310 1
8311 1
8312 1
8313 2
8314 1
8315 1
8316 1
8317 2
8318 1
8319 1
8320 1
8321 1
8322 1
8323 1
8324 1
8325 1
8326 1
8327 2
8328 1
8329 1
8330 1
8331 1
8332 1
8333 2
8334 1
8335 1
8336 1
8337 1
8338 1
8339 1
8340 1
8341 1
8342 1
8343 1
8344 1
8345 1
8346 1
8347 1
8348 1
8349 1
8350 1
8351 1
8352 1
8353 1
8354 1
8355 1
8356 1
8357 1
8358 1
8359 1
8360 1
8361 1
8362 1
8363 2
8364 1
8365 1
8366 1
8367 1
8368 1
8369 1
8370 1
8371 1
8372 1
8373 1
8374 1
8375 1
8376 1
8377 1
8378 1
8379 1
8380 1
8381 1
8382 2
8383 1
8384 1
8385 1
8386 1
8387 1
8388 1
8389 1
8390 2
8391 2
8392 1
8393 1
8394 1
8395 1
8396 1
8397 1
8398 2
8399 1
8400 1
8401 1
8402 1
8403 2
8404 1
8405 1
8406 2
8407 1
8408 1
8409 1
8410 2
8411 1
8412 1
8413 1
8414 1
8415 1
8416 1
8417 1
8418 1
8419 1
8420 1
8421 1
8422 1
8423 2
8424 1
8425 3
8426 2
8427 1
8428 1
8429 2
8430 1
8431 1
8432 1
8433 1
8434 1
8435 1
8436 1
8437 1
8438 1
8439 1
8440 1
8441 1
8442 1
8443 1
8444 1
8445 1
8446 1
8447 1
8448 1
8449 2
8450 1
8451 1
8452 1
8453 1
8454 1
8455 1
8456 2
8457 1
8458 1
8459 1
8460 1
8461 1
8462 1
8463 1
8464 1
8465 1
8466 1
8467 1
8468 2
8469 1
8470 1
8471 1
8472 1
8473 1
8474 1
8475 1
8476 2
8477 1
8478 1
8479 1
8480 2
8481 1
8482 1
8483 1
8484 1
8485 1
8486 1
8487 1
8488 2
8489 1
8490 1
8491 1
8492 1
8493 1
8494 2
8495 1
8496 1
8497 2
8498 1
8499 1
8500 1
8501 1
8502 1
8503 1
8504 1
8505 1
8506 1
8507 1
8508 1
8509 1
8510 1
8511 1
8512 1
8513 1
8514 1
8515 1
8516 1
8517 1
8518 1
8519 1
8520 1
8521 1
8522 2
8523 1
8524 1
8525 1
8526 1
8527 1
8528 1
8529 2
8530 1
8531 1
8532 1
8533 1
8534 1
8535 1
8536 1
8537 1
8538 1
8539 2
8540 1
8541 1
8542 1
8543 1
8544 1
8545 1
8546 1
8547 1
8548 1
8549 1
8550 1
8551 1
8552 2
8553 1
8554 2
8555 1
8556 1
8557 3
8558 1
8559 1
8560 1
8561 1
8562 1
8563 1
8564 1
8565 1
8566 1
8567 1
8568 1
8569 1
8570 1
8571 1
8572 1
8573 1
8574 1
8575 1
8576 1
8577 1
8578 1
8579 1
8580 2
8581 1
8582 1
8583 1
8584 1
8585 1
8586 1
8587 1
8588 1
8589 1
8590 1
8591 1
8592 2
8593 1
8594 1
8595 1
8596 1
8597 1
8598 1
8599 1
8600 1
8601 1
8602 1
8603 1
8604 1
8605 2
8606 1
8607 1
8608 1
8609 1
8610 2
8611 1
8612 1
8613 2
8614 1
8615 1
8616 1
8617 2
8618 1
8619 1
8620 1
8621 1
8622 1
8623 1
8624 1
8625 1
8626 1
8627 1
8628 1
8629 1
8630 1
8631 1
8632 1
8633 2
8634 1
8635 1
8636 1
8637 1
8638 1
8639 2
8640 1
8641 1
8642 1
8643 1
8644 1
8645 1
8646 1
8647 1
8648 1
8649 1
8650 2
8651 1
8652 1
8653 1
8654 1
8655 1
8656 1
8657 1
8658 1
8659 1
8660 1
8661 2
8662 1
8663 1
8664 1
8665 2
8666 1
8667 1
8668 1
8669 1
8670 1
8671 1
8672 1
8673 1
8674 1
8675 1
8676 1
8677 1
8678 1
8679 1
8680 1
8681 1
8682 1
8683 1
8684 1
8685 1
8686 1
8687 1
8688 1
8689 1
8690 1
8691 1
8692 1
8693 1
8694 1
8695 1
8696 1
8697 1
8698 1
8699 2
8700 1
8701 1
8702 1
8703 1
8704 2
8705 1
8706 1
8707 1
8708 1
8709 1
8710 1
8711 1
8712 1
8713 1
8714 1
8715 1
8716 1
8717 1
8718 1
8719 1
8720 1
8721 1
8722 1
8723 1
8724 1
8725 1
8726 1
8727 1
8728 1
8729 1
8730 1
8731 1
8732 1
8733 1
8734 1
8735 1
8736 1
8737 1
8738 1
8739 1
8740 1
8741 1
8742 1
8743 1
8744 1
8745 1
8746 1
8747 1
8748 1
8749 1
8750 1
8751 1
8752 1
8753 2
8754 1
8755 1
8756 1
8757 1
8758 1
8759 1
8760 1
8761 1
8762 1
8763 1
8764 1
8765 1
8766 1
8767 1
8768 1
8769 1
8770 1
8771 1
8772 1
8773 1
8774 1
8775 1
8776 1
8777 1
8778 1
8779 1
8780 1
8781 1
8782 1
8783 2
8784 1
8785 1
8786 1
8787 1
8788 1
8789 1
8790 1
8791 1
8792 1
8793 1
8794 1
8795 1
8796 1
8797 1
8798 1
8799 1
8800 1
8801 1
8802 1
8803 1
8804 1
8805 1
8806 1
8807 2
8808 1
8809 1
8810 1
8811 1
8812 1
8813 1
8814 1
8815 1
8816 1
8817 1
8818 1
8819 2
8820 1
8821 1
8822 1
8823 1
8824 1
8825 1
8826 1
8827 1
8828 1
8829 2
8830 1
8831 2
8832 1
8833 1
8834 1
8835 1
8836 1
8837 1
8838 1
8839 1
8840 1
8841 1
8842 1
8843 1
8844 1
8845 1
8846 1
8847 1
8848 1
8849 1
8850 1
8851 2
8852 1
8853 1
8854 1
8855 1
8856 1
8857 1
8858 1
8859 1
8860 1
8861 1
8862 1
8863 1
8864 1
8865 1
8866 1
8867 1
8868 1
8869 1
8870 1
8871 2
8872 1
8873 1
8874 2
8875 1
8876 2
8877 1
8878 1
8879 1
8880 1
8881 1
8882 1
8883 1
8884 1
8885 1
8886 1
8887 1
8888 1
8889 2
8890 1
8891 1
8892 2
8893 1
8894 1
8895 2
8896 1
8897 1
8898 1
8899 1
8900 1
8901 1
8902 1
8903 1
8904 1
8905 1
8906 1
8907 1
8908 1
8909 1
8910 1
8911 1
8912 1
8913 1
8914 1
8915 1
8916 1
8917 1
8918 1
8919 1
8920 1
8921 1
8922 1
8923 1
8924 1
8925 1
8926 1
8927 1
8928 1
8929 1
8930 2
8931 1
8932 1
8933 1
8934 1
8935 1
8936 1
8937 1
8938 1
8939 2
8940 1
8941 1
8942 1
8943 1
8944 1
8945 2
8946 1
8947 1
8948 1
8949 1
8950 1
8951 1
8952 1
8953 1
8954 1
8955 2
8956 1
8957 1
8958 1
8959 1
8960 1
8961 1
8962 1
8963 1
8964 1
8965 1
8966 1
8967 1
8968 1
8969 1
8970 1
8971 1
8972 1
8973 1
8974 1
8975 1
8976 1
8977 1
8978 1
8979 1
8980 1
8981 1
8982 1
8983 1
8984 1
8985 1
8986 1
8987 1
8988 1
8989 1
8990 1
8991 1
8992 1
8993 1
8994 1
8995 1
8996 1
8997 1
8998 3
8999 1
9000 1
9001 1
9002 1
9003 2
9004 1
9005 1
9006 1
9007 1
9008 1
9009 1
9010 1
9011 1
9012 1
9013 1
9014 1
9015 1
9016 1
9017 1
9018 1
9019 1
9020 1
9021 1
9022 1
9023 1
9024 1
9025 2
9026 1
9027 1
9028 1
9029 1
9030 1
9031 1
9032 1
9033 1
9034 1
9035 1
9036 1
9037 1
9038 1
9039 1
9040 1
9041 2
9042 1
9043 1
9044 1
9045 1
9046 3
9047 1
9048 1
9049 1
9050 1
9051 1
9052 1
9053 1
9054 1
9055 1
9056 1
9057 1
9058 1
9059 1
9060 1
9061 1
9062 3
9063 1
9064 1
9065 1
9066 1
9067 2
9068 1
9069 1
9070 1
9071 1
9072 1
9073 1
9074 1
9075 1
9076 1
9077 1
9078 1
9079 1
9080 1
9081 1
9082 2
9083 1
9084 2
9085 1
9086 1
9087 1
9088 1
9089 1
9090 1
9091 1
9092 1
9093 1
9094 1
9095 1
9096 1
9097 1
9098 1
9099 1
9100 1
9101 1
9102 1
9103 1
9104 2
9105 1
9106 1
9107 1
9108 1
9109 1
9110 1
9111 1
9112 1
9113 1
9114 1
9115 1
9116 1
9117 1
9118 1
9119 1
9120 1
9121 1
9122 1
9123 1
9124 1
9125 1
9126 1
9127 1
9128 1
9129 1
9130 2
9131 1
9132 1
9133 1
9134 1
9135 1
9136 1
9137 1
9138 1
9139 2
9140 1
9141 1
9142 1
9143 1
9144 1
9145 1
9146 1
9147 1
9148 1
9149 1
9150 1
9151 1
9152 1
9153 1
9154 1
9155 1
9156 1
9157 1
9158 1
9159 1
9160 1
9161 2
9162 1
9163 1
9164 1
9165 1
9166 1
9167 1
9168 1
9169 1
9170 1
9171 1
9172 1
9173 1
9174 1
9175 1
9176 1
9177 1
9178 1
9179 1
9180 1
9181 1
9182 1
9183 1
9184 1
9185 1
9186 1
9187 1
9188 1
9189 1
9190 1
9191 1
9192 1
9193 1
9194 1
9195 1
9196 1
9197 1
9198 1
9199 1
9200 1
9201 1
9202 1
9203 1
9204 1
9205 1
9206 1
9207 1
9208 1
9209 1
9210 1
9211 1
9212 1
9213 1
9214 1
9215 1
9216 1
9217 1
9218 1
9219 1
9220 1
9221 1
9222 1
9223 1
9224 1
9225 1
9226 1
9227 1
9228 1
9229 1
9230 2
9231 1
9232 1
9233 1
9234 1
9235 1
9236 1
9237 1
9238 1
9239 1
9240 1
9241 1
9242 1
9243 1
9244 1
9245 1
9246 1
9247 1
9248 1
9249 1
9250 1
9251 1
9252 1
9253 1
9254 1
9255 1
9256 1
9257 1
9258 1
9259 1
9260 1
9261 1
9262 1
9263 1
9264 1
9265 2
9266 1
9267 1
9268 2
9269 1
9270 1
9271 1
9272 1
9273 2
9274 1
9275 1
9276 1
9277 1
9278 1
9279 1
9280 1
9281 1
9282 1
9283 1
9284 1
9285 1
9286 1
9287 1
9288 1
9289 1
9290 1
9291 1
9292 1
9293 1
9294 1
9295 1
9296 1
9297 1
9298 1
9299 1
9300 1
9301 1
9302 1
9303 1
9304 1
9305 1
9306 1
9307 1
9308 1
9309 1
9310 1
9311 1
9312 1
9313 1
9314 1
9315 1
9316 1
9317 1
9318 3
9319 1
9320 1
9321 1
9322 2
9323 1
9324 1
9325 1
9326 1
9327 1
9328 1
9329 1
9330 2
9331 1
9332 1
9333 1
9334 1
9335 1
9336 1
9337 1
9338 1
9339 1
9340 1
9341 1
9342 1
9343 1
9344 1
9345 1
9346 1
9347 1
9348 1
9349 1
9350 1
9351 1
9352 1
9353 1
9354 1
9355 1
9356 2
9357 1
9358 1
9359 1
9360 1
9361 1
9362 1
9363 1
9364 1
9365 1
9366 1
9367 2
9368 1
9369 1
9370 1
9371 1
9372 1
9373 1
9374 1
9375 1
9376 1
9377 1
9378 1
9379 1
9380 1
9381 1
9382 1
9383 1
9384 1
9385 1
9386 1
9387 1
9388 1
9389 1
9390 2
9391 1
9392 1
9393 1
9394 1
9395 1
9396 1
9397 1
9398 1
9399 1
9400 1
9401 1
9402 1
9403 1
9404 1
9405 1
9406 1
9407 1
9408 1
9409 1
9410 1
9411 1
9412 1
9413 1
9414 1
9415 1
9416 1
9417 1
9418 1
9419 1
9420 2
9421 2
9422 1
9423 1
9424 2
9425 1
9426 1
9427 1
9428 1
9429 1
9430 1
9431 1
9432 1
9433 1
9434 1
9435 1
9436 1
9437 1
9438 1
9439 1
9440 1
9441 1
9442 1
9443 1
9444 1
9445 2
9446 1
9447 1
9448 2
9449 1
9450 1
9451 1
9452 1
9453 1
9454 1
9455 1
9456 1
9457 1
9458 1
9459 1
9460 1
9461 1
9462 2
9463 1
9464 1
9465 1
9466 1
9467 1
9468 1
9469 1
9470 1
9471 1
9472 1
9473 1
9474 1
9475 2
9476 1
9477 1
9478 1
9479 1
9480 1
9481 1
9482 1
9483 1
9484 1
9485 1
9486 1
9487 1
9488 1
9489 2
9490 1
9491 2
9492 1
9493 1
9494 1
9495 1
9496 1
9497 1
9498 1
9499 1
9500 1
9501 1
9502 1
9503 1
9504 1
9505 1
9506 1
9507 1
9508 1
9509 1
9510 1
9511 1
9512 1
9513 2
9514 2
9515 1
9516 1
9517 1
9518 1
9519 1
9520 1
9521 1
9522 1
9523 1
9524 1
9525 1
9526 1
9527 1
9528 1
9529 1
9530 1
9531 1
9532 1
9533 1
9534 1
9535 2
9536 1
9537 1
9538 1
9539 1
9540 1
9541 1
9542 1
9543 1
9544 1
9545 2
9546 1
9547 1
9548 1
9549 1
9550 1
9551 1
9552 1
9553 1
9554 1
9555 1
9556 1
9557 1
9558 1
9559 1
9560 1
9561 1
9562 1
9563 1
9564 1
9565 1
9566 1
9567 2
9568 1
9569 1
9570 1
9571 1
9572 1
9573 1
9574 2
9575 1
9576 1
9577 1
9578 1
9579 1
9580 1
9581 1
9582 1
9583 1
9584 1
9585 1
9586 1
9587 1
9588 1
9589 1
9590 1
9591 1
9592 1
9593 1
9594 1
9595 1
9596 1
9597 1
9598 1
9599 1
9600 1
9601 1
9602 1
9603 1
9604 1
9605 1
9606 1
9607 1
9608 1
9609 1
9610 1
9611 1
9612 1
9613 1
9614 1
9615 1
9616 1
9617 1
9618 1
9619 1
9620 1
9621 1
9622 1
9623 1
9624 1
9625 1
9626 1
9627 1
9628 1
9629 1
9630 1
9631 1
9632 1
9633 1
9634 1
9635 1
9636 1
9637 1
9638 1
9639 1
9640 1
9641 1
9642 1
9643 1
9644 1
9645 1
9646 1
9647 1
9648 1
9649 1
9650 1
9651 1
9652 1
9653 1
9654 1
9655 1
9656 1
9657 1
9658 1
9659 1
9660 1
9661 1
9662 1
9663 1
9664 1
9665 1
9666 1
9667 1
9668 1
9669 1
9670 1
9671 1
9672 2
9673 1
9674 1
9675 1
9676 1
9677 1
9678 1
9679 1
9680 1
9681 1
9682 1
9683 1
9684 1
9685 1
9686 1
9687 1
9688 1
9689 1
9690 1
9691 1
9692 1
9693 1
9694 1
9695 1
9696 1
9697 1
9698 1
9699 1
9700 1
9701 1
9702 1
9703 1
9704 1
9705 1
9706 1
9707 1
9708 1
9709 1
9710 1
9711 1
9712 1
9713 1
9714 1
9715 1
9716 1
9717 1
9718 1
9719 1
9720 1
9721 1
9722 1
9723 1
9724 1
9725 1
9726 1
9727 1
9728 1
9729 1
9730 1
9731 1
9732 1
9733 1
9734 1
9735 1
9736 1
9737 1
9738 1
9739 1
9740 1
9741 1
9742 1
9743 1
9744 1
9745 1
9746 1
9747 1
9748 1
9749 1
9750 1
9751 1
9752 1
9753 1
9754 1
9755 1
9756 1
9757 1
9758 1
9759 1
9760 1
9761 1
9762 1
9763 1
9764 1
9765 2
9766 1
9767 1
9768 1
9769 1
9770 1
9771 1
9772 1
9773 1
9774 1
9775 1
9776 1
9777 1
9778 1
9779 1
9780 1
9781 1
9782 1
9783 1
9784 1
9785 1
9786 1
9787 1
9788 1
9789 1
9790 1
9791 1
9792 1
9793 1
9794 1
9795 1
9796 1
9797 1
9798 1
9799 1
9800 1
9801 1
9802 1
9803 1
9804 1
9805 1
9806 1
9807 1
9808 1
9809 1
9810 1
9811 1
9812 1
9813 1
9814 1
9815 1
9816 1
9817 1
9818 1
9819 1
9820 1
9821 1
9822 1
9823 1
9824 1
9825 1
9826 1
9827 1
9828 1
9829 1
9830 1
9831 1
9832 1
9833 1
9834 1
9835 1
9836 1
9837 1
9838 1
9839 1
9840 1
9841 1
9842 1
9843 1
9844 1
9845 1
9846 1
9847 1
9848 1
9849 1
9850 1
9851 1
9852 1
9853 1
9854 1
9855 1
9856 1
9857 1
9858 1
9859 1
9860 1
9861 1
9862 1
9863 1
9864 1
9865 1
9866 1
9867 1
9868 1
9869 1
9870 1
9871 1
9872 1
9873 1
9874 1
9875 1
9876 1
9877 1
9878 1
9879 1
9880 1
9881 1
9882 1
9883 1
9884 1
9885 1
9886 1
9887 1
9888 1
9889 1
9890 1
9891 1
9892 1
9893 1
9894 1
9895 1
9896 1
9897 1
9898 1
9899 1
9900 1
9901 1
9902 1
9903 1
9904 1
9905 1
9906 1
9907 1
9908 1
9909 1
9910 1
9911 1
9912 1
9913 1
9914 1
9915 1
9916 1
9917 1
9918 1
9919 1
9920 1
9921 1
9922 1
9923 1
9924 1
9925 1
9926 1
9927 1
9928 1
9929 1
9930 1
9931 1
9932 1
9933 1
9934 1
9935 1
9936 1
9937 1
9938 1
9939 1
9940 1
9941 1
9942 1
9943 1
9944 1
9945 1
9946 1
9947 1
9948 1
9949 1
9950 1
9951 1
9952 1
9953 1
9954 1
9955 1
9956 1
9957 1
9958 1
9959 1
9960 1
9961 1
9962 1
9963 1
9964 1
9965 1
9966 1
9967 1
9968 1
9969 1
9970 1
9971 1
9972 1
9973 1
9974 1
9975 1
9976 1
9977 1
9978 1
9979 1
9980 1
9981 1
9982 1
9983 1
9984 1
9985 1
9986 1
9987 1
9988 1
9989 1
9990 1
9991 1
9992 1
9993 1
9994 1
9995 1
9996 1
9997 1
9998 1
9999 1
10000 1
