0 16
1 83
2 31
3 19
4 37
5 7
6 33
7 8
8 11
9 22
10 30
11 7
12 19
13 19
14 16
15 4
16 6
17 16
18 4
19 18
20 20
21 20
22 9
23 14
24 18
25 4
26 3
27 2
28 53
29 8
30 17
31 9
32 3
33 34
34 17
35 3
36 12
37 5
38 3
39 9
40 12
41 4
42 7
43 14
44 15
45 7
46 14
47 5
48 15
49 5
50 11
51 4
52 4
53 12
54 5
55 2
56 25
57 17
58 20
59 23
60 2
61 3
62 3
63 8
64 4
65 5
66 5
67 35
68 8
69 10
70 29
71 12
72 14
73 20
74 12
75 14
76 5
77 6
78 12
79 18
80 1
81 4
82 9
83 13
84 2
85 3
86 11
87 18
88 6
89 22
90 18
91 1
92 6
93 3
94 8
95 21
96 7
97 13
98 11
99 10
100 2
101 8
102 2
103 4
104 13
105 7
106 7
107 9
108 3
109 3
110 5
111 3
112 6
113 15
114 4
115 1
116 6
117 13
118 3
119 5
120 6
121 2
122 2
123 5
124 5
125 7
126 8
127 4
128 4
129 13
130 22
131 8
132 6
133 8
134 7
135 4
136 4
137 8
138 9
139 1
140 10
141 1
142 1
143 3
144 1
145 12
146 13
147 4
148 10
149 10
150 5
151 5
152 4
153 13
154 9
155 6
156 16
157 3
158 6
159 2
160 2
161 2
162 7
163 4
164 10
165 17
166 8
167 19
168 6
169 8
170 7
171 4
172 10
173 11
174 7
175 1
176 6
177 6
178 6
179 5
180 6
181 5
182 7
183 4
184 3
185 11
186 12
187 2
188 1
189 3
190 12
191 4
192 12
193 9
194 5
195 7
196 5
197 5
198 6
199 11
200 1
201 5
202 9
203 5
204 2
205 11
206 4
207 5
208 9
209 5
210 1
211 1
212 6
213 3
214 5
215 5
216 11
217 6
218 9
219 7
220 2
221 7
222 4
223 6
224 5
225 4
226 8
227 3
228 6
229 4
230 3
231 1
232 13
233 14
234 2
235 7
236 6
237 1
238 15
239 6
240 8
241 7
242 3
243 2
244 1
245 4
246 4
247 6
248 5
249 12
250 7
251 6
252 2
253 2
254 7
255 6
256 6
257 2
258 13
259 3
260 1
261 1
262 8
263 7
264 3
265 3
266 5
267 2
268 2
269 1
270 6
271 7
272 10
273 2
274 16
275 9
276 16
277 5
278 1
279 7
280 8
281 3
282 2
283 3
284 3
285 4
286 3
287 6
288 11
289 9
290 6
291 1
292 2
293 7
294 5
295 5
296 13
297 4
298 6
299 6
300 6
301 1
302 4
303 4
304 4
305 4
306 3
307 1
308 3
309 10
310 13
311 16
312 4
313 9
314 6
315 3
316 8
317 2
318 3
319 6
320 4
321 8
322 3
323 1
324 7
325 3
326 3
327 6
328 9
329 3
330 4
331 4
332 3
333 2
334 7
335 4
336 9
337 5
338 2
339 2
340 4
341 2
342 7
343 4
344 2
345 5
346 1
347 5
348 3
349 14
350 4
351 5
352 2
353 3
354 5
355 5
356 5
357 4
358 3
359 4
360 9
361 3
362 2
363 3
364 2
365 1
366 2
367 3
368 1
369 3
370 5
371 3
372 4
373 6
374 2
375 9
376 7
377 7
378 6
379 4
380 4
381 2
382 3
383 3
384 10
385 8
386 11
387 5
388 8
389 1
390 4
391 3
392 2
393 6
394 6
395 4
396 1
397 12
398 9
399 7
400 5
401 4
402 6
403 3
404 4
405 8
406 7
407 5
408 5
409 5
410 6
411 11
412 19
413 3
414 4
415 9
416 1
417 10
418 3
419 5
420 3
421 4
422 5
423 5
424 8
425 4
426 2
427 9
428 4
429 4
430 7
431 10
432 10
433 1
434 3
435 8
436 5
437 10
438 6
439 3
440 2
441 6
442 4
443 4
444 6
445 4
446 2
447 6
448 5
449 1
450 2
451 3
452 5
453 12
454 23
455 5
456 4
457 4
458 3
459 16
460 5
461 2
462 1
463 5
464 3
465 2
466 4
467 9
468 1
469 10
470 3
471 7
472 6
473 6
474 2
475 1
476 1
477 3
478 2
479 1
480 4
481 3
482 1
483 6
484 2
485 2
486 5
487 4
488 3
489 6
490 2
491 5
492 7
493 2
494 3
495 2
496 6
497 11
498 11
499 9
500 3
501 6
502 4
503 2
504 7
505 8
506 9
507 1
508 4
509 9
510 3
511 7
512 5
513 2
514 6
515 5
516 2
517 2
518 4
519 3
520 2
521 3
522 4
523 6
524 2
525 2
526 13
527 1
528 2
529 3
530 5
531 2
532 3
533 4
534 8
535 5
536 4
537 4
538 8
539 2
540 4
541 2
542 1
543 10
544 4
545 3
546 2
547 8
548 1
549 8
550 1
551 4
552 12
553 4
554 3
555 4
556 10
557 3
558 2
559 3
560 2
561 1
562 3
563 3
564 4
565 5
566 6
567 2
568 2
569 2
570 8
571 1
572 7
573 1
574 3
575 1
576 7
577 3
578 1
579 6
580 22
581 6
582 3
583 1
584 2
585 3
586 4
587 1
588 5
589 4
590 7
591 2
592 4
593 2
594 3
595 2
596 5
597 1
598 6
599 5
600 3
601 6
602 1
603 6
604 1
605 8
606 1
607 1
608 3
609 10
610 6
611 6
612 2
613 2
614 1
615 2
616 6
617 3
618 5
619 2
620 6
621 7
622 1
623 3
624 4
625 4
626 2
627 4
628 1
629 6
630 1
631 1
632 3
633 5
634 5
635 1
636 3
637 5
638 1
639 7
640 5
641 3
642 2
643 16
644 5
645 4
646 6
647 2
648 5
649 6
650 3
651 2
652 4
653 6
654 2
655 6
656 2
657 11
658 1
659 3
660 9
661 3
662 8
663 3
664 2
665 4
666 1
667 1
668 3
669 4
670 8
671 2
672 7
673 3
674 3
675 2
676 4
677 2
678 2
679 2
680 1
681 3
682 3
683 4
684 2
685 6
686 6
687 4
688 1
689 2
690 5
691 9
692 9
693 1
694 3
695 12
696 3
697 1
698 3
699 2
700 4
701 6
702 6
703 3
704 20
705 3
706 3
707 2
708 1
709 6
710 1
711 1
712 2
713 9
714 7
715 6
716 3
717 1
718 6
719 8
720 1
721 2
722 4
723 2
724 2
725 3
726 1
727 4
728 5
729 1
730 10
731 7
732 6
733 4
734 4
735 5
736 6
737 5
738 14
739 9
740 1
741 2
742 4
743 1
744 5
745 4
746 3
747 1
748 6
749 1
750 9
751 4
752 1
753 2
754 1
755 2
756 7
757 7
758 1
759 1
760 2
761 5
762 4
763 5
764 1
765 3
766 2
767 6
768 1
769 9
770 1
771 6
772 1
773 1
774 5
775 3
776 3
777 4
778 2
779 4
780 1
781 6
782 2
783 10
784 4
785 6
786 4
787 3
788 8
789 4
790 3
791 7
792 2
793 6
794 3
795 9
796 2
797 4
798 8
799 7
800 6
801 5
802 1
803 3
804 3
805 7
806 2
807 3
808 1
809 3
810 2
811 3
812 1
813 1
814 4
815 3
816 5
817 4
818 3
819 2
820 2
821 3
822 4
823 3
824 5
825 1
826 7
827 4
828 3
829 1
830 5
831 4
832 6
833 3
834 7
835 1
836 2
837 4
838 3
839 4
840 4
841 1
842 1
843 2
844 4
845 7
846 1
847 5
848 4
849 9
850 5
851 2
852 2
853 1
854 3
855 1
856 6
857 4
858 6
859 3
860 4
861 5
862 2
863 1
864 1
865 10
866 3
867 4
868 1
869 2
870 6
871 4
872 2
873 4
874 7
875 3
876 1
877 10
878 1
879 2
880 4
881 2
882 6
883 4
884 4
885 1
886 1
887 2
888 3
889 1
890 3
891 8
892 5
893 3
894 2
895 2
896 4
897 1
898 4
899 4
900 6
901 1
902 5
903 3
904 2
905 3
906 4
907 5
908 2
909 5
910 2
911 14
912 4
913 3
914 3
915 9
916 2
917 2
918 3
919 2
920 7
921 9
922 5
923 3
924 1
925 3
926 2
927 5
928 3
929 3
930 4
931 6
932 1
933 2
934 3
935 2
936 5
937 1
938 5
939 2
940 1
941 2
942 3
943 7
944 2
945 5
946 3
947 3
948 4
949 2
950 1
951 4
952 2
953 1
954 7
955 1
956 2
957 5
958 8
959 3
960 5
961 2
962 4
963 1
964 3
965 10
966 3
967 2
968 3
969 6
970 1
971 2
972 1
973 5
974 2
975 2
976 4
977 7
978 1
979 3
980 9
981 2
982 2
983 2
984 6
985 3
986 1
987 2
988 6
989 2
990 2
991 2
992 1
993 1
994 5
995 6
996 7
997 3
998 5
999 3
1000 3
1001 5
1002 5
1003 2
1004 4
1005 3
1006 4
1007 4
1008 2
1009 6
1010 1
1011 1
1012 2
1013 8
1014 3
1015 1
1016 2
1017 3
1018 1
1019 4
1020 2
1021 5
1022 1
1023 4
1024 2
1025 3
1026 4
1027 2
1028 2
1029 4
1030 3
1031 6
1032 1
1033 2
1034 2
1035 4
1036 1
1037 1
1038 3
1039 5
1040 1
1041 3
1042 2
1043 6
1044 1
1045 4
1046 1
1047 7
1048 4
1049 1
1050 2
1051 3
1052 3
1053 4
1054 3
1055 1
1056 1
1057 4
1058 1
1059 3
1060 2
1061 2
1062 1
1063 1
1064 2
1065 2
1066 2
1067 1
1068 1
1069 1
1070 1
1071 1
1072 2
1073 3
1074 3
1075 3
1076 1
1077 6
1078 2
1079 1
1080 2
1081 5
1082 3
1083 3
1084 6
1085 2
1086 1
1087 7
1088 6
1089 1
1090 3
1091 4
1092 4
1093 3
1094 1
1095 3
1096 5
1097 2
1098 3
1099 2
1100 4
1101 2
1102 3
1103 2
1104 3
1105 1
1106 2
1107 3
1108 2
1109 1
1110 1
1111 2
1112 2
1113 2
1114 2
1115 7
1116 7
1117 4
1118 5
1119 1
1120 4
1121 3
1122 3
1123 1
1124 5
1125 2
1126 5
1127 3
1128 10
1129 5
1130 1
1131 1
1132 3
1133 2
1134 3
1135 5
1136 2
1137 2
1138 1
1139 3
1140 1
1141 1
1142 5
1143 8
1144 4
1145 2
1146 4
1147 1
1148 3
1149 2
1150 10
1151 1
1152 2
1153 4
1154 3
1155 3
1156 2
1157 7
1158 3
1159 8
1160 2
1161 1
1162 3
1163 2
1164 1
1165 4
1166 1
1167 5
1168 2
1169 1
1170 4
1171 2
1172 8
1173 9
1174 6
1175 1
1176 5
1177 1
1178 2
1179 1
1180 2
1181 1
1182 7
1183 2
1184 1
1185 2
1186 2
1187 5
1188 1
1189 4
1190 1
1191 3
1192 4
1193 2
1194 1
1195 2
1196 2
1197 5
1198 1
1199 2
1200 2
1201 2
1202 2
1203 4
1204 3
1205 2
1206 7
1207 2
1208 3
1209 3
1210 4
1211 2
1212 7
1213 3
1214 3
1215 3
1216 3
1217 6
1218 3
1219 4
1220 2
1221 2
1222 4
1223 2
1224 1
1225 2
1226 2
1227 3
1228 6
1229 1
1230 5
1231 3
1232 4
1233 5
1234 2
1235 5
1236 4
1237 5
1238 1
1239 3
1240 3
1241 1
1242 5
1243 3
1244 1
1245 1
1246 1
1247 5
1248 6
1249 2
1250 1
1251 4
1252 3
1253 2
1254 5
1255 4
1256 1
1257 3
1258 4
1259 3
1260 2
1261 7
1262 6
1263 2
1264 1
1265 4
1266 6
1267 1
1268 6
1269 4
1270 2
1271 3
1272 6
1273 3
1274 2
1275 4
1276 1
1277 3
1278 3
1279 2
1280 4
1281 2
1282 1
1283 1
1284 4
1285 1
1286 3
1287 3
1288 1
1289 7
1290 1
1291 3
1292 1
1293 2
1294 2
1295 1
1296 2
1297 2
1298 3
1299 1
1300 5
1301 3
1302 4
1303 1
1304 2
1305 1
1306 2
1307 2
1308 6
1309 2
1310 3
1311 2
1312 5
1313 8
1314 4
1315 5
1316 7
1317 2
1318 1
1319 2
1320 4
1321 2
1322 4
1323 1
1324 1
1325 1
1326 3
1327 3
1328 6
1329 3
1330 2
1331 4
1332 2
1333 4
1334 6
1335 5
1336 2
1337 2
1338 1
1339 3
1340 4
1341 2
1342 3
1343 2
1344 3
1345 4
1346 2
1347 2
1348 2
1349 2
1350 1
1351 1
1352 3
1353 1
1354 1
1355 4
1356 3
1357 2
1358 1
1359 2
1360 1
1361 3
1362 2
1363 2
1364 3
1365 7
1366 2
1367 1
1368 2
1369 3
1370 1
1371 3
1372 2
1373 3
1374 5
1375 3
1376 3
1377 3
1378 2
1379 1
1380 1
1381 6
1382 4
1383 1
1384 5
1385 2
1386 1
1387 1
1388 7
1389 2
1390 5
1391 3
1392 1
1393 5
1394 1
1395 5
1396 3
1397 2
1398 2
1399 1
1400 4
1401 1
1402 1
1403 3
1404 1
1405 1
1406 3
1407 2
1408 5
1409 3
1410 4
1411 1
1412 4
1413 2
1414 1
1415 5
1416 1
1417 5
1418 5
1419 2
1420 4
1421 1
1422 3
1423 8
1424 1
1425 2
1426 4
1427 4
1428 4
1429 3
1430 4
1431 5
1432 5
1433 3
1434 4
1435 2
1436 1
1437 4
1438 2
1439 2
1440 5
1441 4
1442 2
1443 3
1444 1
1445 5
1446 8
1447 3
1448 3
1449 3
1450 4
1451 4
1452 3
1453 3
1454 3
1455 1
1456 1
1457 5
1458 2
1459 3
1460 1
1461 1
1462 7
1463 1
1464 1
1465 3
1466 1
1467 1
1468 2
1469 2
1470 2
1471 5
1472 5
1473 4
1474 3
1475 1
1476 1
1477 3
1478 2
1479 1
1480 2
1481 5
1482 7
1483 5
1484 1
1485 5
1486 1
1487 7
1488 2
1489 1
1490 1
1491 1
1492 7
1493 3
1494 3
1495 3
1496 1
1497 2
1498 3
1499 5
1500 2
1501 1
1502 2
1503 3
1504 2
1505 1
1506 1
1507 7
1508 2
1509 3
1510 1
1511 5
1512 2
1513 4
1514 2
1515 3
1516 4
1517 4
1518 8
1519 2
1520 2
1521 2
1522 8
1523 4
1524 2
1525 4
1526 1
1527 3
1528 3
1529 2
1530 1
1531 2
1532 1
1533 3
1534 4
1535 1
1536 3
1537 1
1538 5
1539 1
1540 2
1541 2
1542 3
1543 2
1544 1
1545 3
1546 2
1547 2
1548 4
1549 3
1550 6
1551 1
1552 5
1553 5
1554 3
1555 8
1556 2
1557 4
1558 4
1559 1
1560 2
1561 2
1562 3
1563 5
1564 3
1565 8
1566 1
1567 1
1568 6
1569 2
1570 6
1571 1
1572 2
1573 1
1574 2
1575 1
1576 2
1577 3
1578 1
1579 3
1580 2
1581 2
1582 4
1583 2
1584 5
1585 3
1586 2
1587 2
1588 3
1589 1
1590 4
1591 1
1592 1
1593 3
1594 2
1595 3
1596 2
1597 1
1598 2
1599 3
1600 1
1601 1
1602 4
1603 1
1604 8
1605 1
1606 4
1607 1
1608 2
1609 2
1610 6
1611 1
1612 5
1613 1
1614 2
1615 2
1616 2
1617 3
1618 4
1619 4
1620 3
1621 1
1622 6
1623 3
1624 14
1625 2
1626 2
1627 1
1628 5
1629 4
1630 1
1631 2
1632 5
1633 1
1634 3
1635 2
1636 1
1637 6
1638 1
1639 2
1640 1
1641 2
1642 5
1643 1
1644 4
1645 2
1646 4
1647 4
1648 2
1649 2
1650 1
1651 5
1652 2
1653 7
1654 1
1655 4
1656 1
1657 1
1658 2
1659 1
1660 1
1661 3
1662 1
1663 3
1664 2
1665 8
1666 2
1667 3
1668 9
1669 2
1670 2
1671 6
1672 5
1673 2
1674 1
1675 2
1676 2
1677 3
1678 1
1679 4
1680 2
1681 4
1682 2
1683 2
1684 4
1685 2
1686 3
1687 1
1688 4
1689 1
1690 2
1691 1
1692 3
1693 1
1694 1
1695 1
1696 2
1697 4
1698 3
1699 1
1700 1
1701 2
1702 1
1703 5
1704 4
1705 1
1706 9
1707 9
1708 4
1709 2
1710 4
1711 4
1712 2
1713 4
1714 1
1715 3
1716 1
1717 3
1718 1
1719 4
1720 1
1721 1
1722 1
1723 5
1724 1
1725 1
1726 2
1727 3
1728 6
1729 5
1730 1
1731 1
1732 6
1733 1
1734 5
1735 1
1736 1
1737 3
1738 5
1739 3
1740 2
1741 5
1742 4
1743 1
1744 2
1745 5
1746 2
1747 5
1748 1
1749 2
1750 1
1751 3
1752 1
1753 4
1754 3
1755 1
1756 2
1757 5
1758 1
1759 4
1760 2
1761 3
1762 1
1763 2
1764 2
1765 1
1766 4
1767 2
1768 2
1769 4
1770 2
1771 3
1772 3
1773 3
1774 1
1775 1
1776 1
1777 7
1778 3
1779 3
1780 3
1781 2
1782 4
1783 1
1784 2
1785 1
1786 4
1787 4
1788 2
1789 5
1790 1
1791 2
1792 1
1793 6
1794 2
1795 2
1796 2
1797 2
1798 5
1799 1
1800 4
1801 2
1802 5
1803 4
1804 1
1805 6
1806 3
1807 1
1808 4
1809 1
1810 1
1811 4
1812 2
1813 4
1814 3
1815 1
1816 1
1817 2
1818 6
1819 6
1820 5
1821 1
1822 2
1823 1
1824 2
1825 1
1826 6
1827 2
1828 2
1829 5
1830 1
1831 3
1832 5
1833 1
1834 1
1835 2
1836 4
1837 1
1838 3
1839 3
1840 2
1841 1
1842 3
1843 2
1844 2
1845 3
1846 3
1847 3
1848 3
1849 6
1850 3
1851 3
1852 1
1853 2
1854 1
1855 1
1856 1
1857 2
1858 3
1859 3
1860 2
1861 3
1862 2
1863 1
1864 2
1865 3
1866 1
1867 3
1868 2
1869 3
1870 1
1871 1
1872 2
1873 2
1874 3
1875 5
1876 2
1877 2
1878 1
1879 1
1880 3
1881 2
1882 3
1883 2
1884 3
1885 4
1886 1
1887 3
1888 4
1889 1
1890 1
1891 3
1892 2
1893 4
1894 2
1895 1
1896 6
1897 3
1898 2
1899 4
1900 1
1901 1
1902 5
1903 6
1904 6
1905 2
1906 2
1907 2
1908 5
1909 6
1910 1
1911 1
1912 2
1913 1
1914 3
1915 4
1916 2
1917 1
1918 1
1919 4
1920 2
1921 4
1922 4
1923 3
1924 4
1925 1
1926 2
1927 1
1928 2
1929 1
1930 2
1931 1
1932 1
1933 3
1934 3
1935 2
1936 6
1937 1
1938 5
1939 3
1940 3
1941 2
1942 1
1943 4
1944 1
1945 1
1946 1
1947 3
1948 5
1949 1
1950 4
1951 2
1952 2
1953 2
1954 1
1955 2
1956 2
1957 1
1958 3
1959 4
1960 2
1961 2
1962 3
1963 6
1964 2
1965 2
1966 2
1967 2
1968 4
1969 1
1970 2
1971 3
1972 3
1973 3
1974 1
1975 1
1976 2
1977 2
1978 3
1979 2
1980 2
1981 5
1982 2
1983 8
1984 2
1985 1
1986 1
1987 2
1988 3
1989 2
1990 4
1991 1
1992 9
1993 4
1994 3
1995 5
1996 1
1997 1
1998 2
1999 1
2000 5
2001 1
2002 4
2003 1
2004 4
2005 1
2006 4
2007 2
2008 5
2009 2
2010 10
2011 2
2012 3
2013 1
2014 5
2015 1
2016 2
2017 3
2018 1
2019 3
2020 2
2021 3
2022 1
2023 2
2024 1
2025 1
2026 1
2027 1
2028 4
2029 4
2030 2
2031 4
2032 3
2033 8
2034 5
2035 2
2036 1
2037 3
2038 3
2039 2
2040 2
2041 2
2042 3
2043 4
2044 1
2045 1
2046 1
2047 2
2048 3
2049 4
2050 3
2051 2
2052 3
2053 1
2054 3
2055 4
2056 1
2057 2
2058 2
2059 1
2060 2
2061 2
2062 1
2063 3
2064 1
2065 2
2066 2
2067 1
2068 1
2069 2
2070 4
2071 2
2072 3
2073 3
2074 1
2075 4
2076 2
2077 1
2078 3
2079 2
2080 1
2081 3
2082 2
2083 6
2084 4
2085 2
2086 1
2087 1
2088 7
2089 1
2090 1
2091 1
2092 1
2093 3
2094 1
2095 1
2096 2
2097 1
2098 1
2099 5
2100 3
2101 2
2102 4
2103 1
2104 1
2105 1
2106 1
2107 2
2108 1
2109 1
2110 1
2111 3
2112 2
2113 1
2114 4
2115 1
2116 1
2117 1
2118 5
2119 1
2120 3
2121 2
2122 2
2123 3
2124 1
2125 2
2126 5
2127 2
2128 1
2129 1
2130 2
2131 1
2132 1
2133 2
2134 1
2135 1
2136 1
2137 4
2138 3
2139 2
2140 5
2141 3
2142 2
2143 1
2144 1
2145 1
2146 4
2147 1
2148 3
2149 3
2150 1
2151 3
2152 1
2153 4
2154 7
2155 3
2156 2
2157 2
2158 3
2159 1
2160 1
2161 2
2162 1
2163 1
2164 1
2165 1
2166 2
2167 6
2168 1
2169 4
2170 1
2171 2
2172 3
2173 1
2174 1
2175 3
2176 3
2177 1
2178 2
2179 1
2180 3
2181 1
2182 2
2183 3
2184 1
2185 1
2186 3
2187 2
2188 7
2189 1
2190 3
2191 1
2192 1
2193 3
2194 2
2195 7
2196 4
2197 1
2198 2
2199 7
2200 3
2201 3
2202 1
2203 3
2204 1
2205 2
2206 1
2207 1
2208 3
2209 1
2210 1
2211 7
2212 3
2213 4
2214 1
2215 2
2216 4
2217 1
2218 3
2219 5
2220 3
2221 6
2222 4
2223 2
2224 1
2225 1
2226 5
2227 2
2228 3
2229 1
2230 2
2231 1
2232 1
2233 3
2234 1
2235 1
2236 2
2237 3
2238 1
2239 3
2240 1
2241 2
2242 4
2243 1
2244 1
2245 2
2246 1
2247 4
2248 3
2249 1
2250 1
2251 1
2252 1
2253 5
2254 3
2255 1
2256 2
2257 2
2258 3
2259 2
2260 1
2261 1
2262 1
2263 1
2264 5
2265 3
2266 1
2267 4
2268 2
2269 1
2270 2
2271 2
2272 1
2273 2
2274 2
2275 3
2276 2
2277 1
2278 1
2279 4
2280 3
2281 3
2282 2
2283 2
2284 1
2285 2
2286 4
2287 2
2288 1
2289 1
2290 2
2291 3
2292 1
2293 4
2294 1
2295 2
2296 2
2297 1
2298 2
2299 3
2300 2
2301 2
2302 1
2303 1
2304 1
2305 1
2306 4
2307 1
2308 1
2309 2
2310 1
2311 1
2312 2
2313 5
2314 2
2315 2
2316 2
2317 1
2318 2
2319 2
2320 3
2321 1
2322 2
2323 5
2324 3
2325 5
2326 2
2327 2
2328 2
2329 2
2330 2
2331 3
2332 1
2333 2
2334 3
2335 2
2336 2
2337 4
2338 1
2339 2
2340 2
2341 5
2342 1
2343 2
2344 5
2345 1
2346 4
2347 4
2348 5
2349 2
2350 1
2351 3
2352 3
2353 3
2354 1
2355 2
2356 3
2357 3
2358 2
2359 3
2360 3
2361 4
2362 3
2363 1
2364 2
2365 3
2366 2
2367 4
2368 2
2369 2
2370 1
2371 3
2372 1
2373 2
2374 1
2375 3
2376 2
2377 3
2378 3
2379 5
2380 1
2381 1
2382 2
2383 3
2384 3
2385 7
2386 3
2387 3
2388 2
2389 2
2390 3
2391 3
2392 3
2393 1
2394 1
2395 2
2396 4
2397 1
2398 1
2399 1
2400 3
2401 2
2402 2
2403 2
2404 1
2405 2
2406 1
2407 2
2408 2
2409 4
2410 1
2411 1
2412 2
2413 2
2414 2
2415 3
2416 4
2417 8
2418 3
2419 1
2420 2
2421 1
2422 1
2423 1
2424 3
2425 1
2426 2
2427 2
2428 1
2429 3
2430 2
2431 1
2432 3
2433 1
2434 1
2435 6
2436 3
2437 2
2438 1
2439 3
2440 1
2441 2
2442 3
2443 1
2444 2
2445 1
2446 2
2447 2
2448 3
2449 1
2450 1
2451 1
2452 2
2453 1
2454 3
2455 2
2456 2
2457 4
2458 4
2459 1
2460 3
2461 5
2462 1
2463 5
2464 1
2465 1
2466 2
2467 4
2468 1
2469 2
2470 1
2471 2
2472 1
2473 1
2474 3
2475 2
2476 2
2477 3
2478 6
2479 2
2480 4
2481 4
2482 2
2483 2
2484 1
2485 2
2486 1
2487 1
2488 2
2489 1
2490 2
2491 4
2492 2
2493 1
2494 5
2495 3
2496 1
2497 4
2498 1
2499 3
2500 1
2501 1
2502 2
2503 4
2504 1
2505 3
2506 3
2507 1
2508 1
2509 3
2510 2
2511 2
2512 2
2513 1
2514 1
2515 4
2516 1
2517 2
2518 3
2519 1
2520 1
2521 2
2522 1
2523 1
2524 3
2525 2
2526 1
2527 1
2528 1
2529 3
2530 2
2531 1
2532 2
2533 2
2534 1
2535 3
2536 2
2537 2
2538 1
2539 1
2540 1
2541 2
2542 1
2543 1
2544 1
2545 1
2546 1
2547 1
2548 3
2549 2
2550 1
2551 1
2552 2
2553 1
2554 1
2555 1
2556 3
2557 2
2558 3
2559 2
2560 3
2561 1
2562 2
2563 1
2564 1
2565 1
2566 2
2567 4
2568 2
2569 5
2570 1
2571 1
2572 3
2573 2
2574 2
2575 1
2576 3
2577 2
2578 4
2579 1
2580 2
2581 1
2582 1
2583 1
2584 2
2585 4
2586 2
2587 3
2588 5
2589 3
2590 2
2591 5
2592 1
2593 1
2594 6
2595 6
2596 2
2597 1
2598 1
2599 1
2600 1
2601 2
2602 4
2603 2
2604 4
2605 1
2606 1
2607 2
2608 2
2609 1
2610 4
2611 1
2612 1
2613 2
2614 3
2615 2
2616 2
2617 1
2618 5
2619 1
2620 1
2621 1
2622 2
2623 1
2624 2
2625 1
2626 3
2627 1
2628 1
2629 7
2630 1
2631 2
2632 2
2633 1
2634 1
2635 7
2636 2
2637 1
2638 2
2639 2
2640 5
2641 5
2642 1
2643 3
2644 2
2645 2
2646 3
2647 1
2648 1
2649 2
2650 1
2651 1
2652 3
2653 3
2654 1
2655 3
2656 2
2657 2
2658 2
2659 1
2660 1
2661 5
2662 1
2663 4
2664 3
2665 7
2666 3
2667 1
2668 4
2669 1
2670 2
2671 2
2672 2
2673 3
2674 3
2675 1
2676 2
2677 1
2678 3
2679 2
2680 1
2681 1
2682 1
2683 2
2684 4
2685 3
2686 1
2687 1
2688 1
2689 3
2690 1
2691 2
2692 1
2693 1
2694 1
2695 5
2696 1
2697 3
2698 1
2699 1
2700 1
2701 2
2702 1
2703 2
2704 1
2705 1
2706 1
2707 1
2708 1
2709 1
2710 1
2711 5
2712 1
2713 4
2714 2
2715 1
2716 2
2717 1
2718 1
2719 3
2720 1
2721 4
2722 2
2723 3
2724 3
2725 3
2726 2
2727 4
2728 1
2729 1
2730 1
2731 2
2732 1
2733 2
2734 2
2735 1
2736 2
2737 4
2738 2
2739 2
2740 4
2741 1
2742 2
2743 1
2744 1
2745 6
2746 1
2747 4
2748 1
2749 3
2750 4
2751 4
2752 3
2753 3
2754 5
2755 2
2756 1
2757 2
2758 3
2759 1
2760 2
2761 1
2762 3
2763 1
2764 2
2765 4
2766 4
2767 2
2768 5
2769 2
2770 1
2771 1
2772 2
2773 4
2774 1
2775 3
2776 1
2777 2
2778 4
2779 2
2780 2
2781 2
2782 1
2783 5
2784 3
2785 4
2786 3
2787 5
2788 2
2789 1
2790 2
2791 1
2792 2
2793 3
2794 1
2795 3
2796 4
2797 2
2798 2
2799 2
2800 1
2801 3
2802 1
2803 2
2804 3
2805 2
2806 3
2807 1
2808 1
2809 3
2810 3
2811 5
2812 1
2813 2
2814 2
2815 4
2816 1
2817 3
2818 2
2819 2
2820 2
2821 2
2822 1
2823 3
2824 4
2825 2
2826 3
2827 1
2828 2
2829 4
2830 2
2831 2
2832 3
2833 1
2834 3
2835 2
2836 1
2837 3
2838 1
2839 3
2840 1
2841 1
2842 2
2843 2
2844 2
2845 2
2846 5
2847 3
2848 2
2849 1
2850 2
2851 1
2852 1
2853 3
2854 3
2855 1
2856 6
2857 2
2858 3
2859 1
2860 1
2861 1
2862 2
2863 1
2864 1
2865 3
2866 4
2867 4
2868 4
2869 2
2870 1
2871 2
2872 6
2873 6
2874 3
2875 2
2876 2
2877 2
2878 1
2879 3
2880 7
2881 2
2882 2
2883 1
2884 1
2885 1
2886 2
2887 2
2888 2
2889 2
2890 1
2891 1
2892 1
2893 1
2894 3
2895 1
2896 7
2897 1
2898 2
2899 2
2900 4
2901 1
2902 1
2903 4
2904 3
2905 1
2906 3
2907 3
2908 1
2909 2
2910 1
2911 1
2912 2
2913 1
2914 1
2915 3
2916 1
2917 3
2918 2
2919 1
2920 4
2921 2
2922 2
2923 1
2924 1
2925 3
2926 4
2927 1
2928 2
2929 2
2930 2
2931 1
2932 1
2933 3
2934 2
2935 2
2936 1
2937 3
2938 2
2939 1
2940 2
2941 1
2942 5
2943 3
2944 2
2945 9
2946 3
2947 2
2948 1
2949 3
2950 2
2951 1
2952 3
2953 1
2954 4
2955 6
2956 1
2957 1
2958 3
2959 2
2960 3
2961 2
2962 2
2963 1
2964 2
2965 1
2966 3
2967 1
2968 2
2969 1
2970 5
2971 1
2972 2
2973 1
2974 1
2975 2
2976 2
2977 3
2978 1
2979 1
2980 1
2981 1
2982 1
2983 1
2984 1
2985 2
2986 2
2987 1
2988 4
2989 1
2990 2
2991 2
2992 1
2993 2
2994 2
2995 1
2996 2
2997 2
2998 3
2999 1
3000 1
3001 1
3002 2
3003 2
3004 1
3005 2
3006 1
3007 2
3008 2
3009 1
3010 1
3011 2
3012 2
3013 3
3014 1
3015 3
3016 3
3017 2
3018 2
3019 2
3020 1
3021 1
3022 1
3023 1
3024 2
3025 3
3026 1
3027 1
3028 2
3029 2
3030 2
3031 2
3032 2
3033 1
3034 1
3035 2
3036 2
3037 1
3038 1
3039 2
3040 1
3041 1
3042 1
3043 2
3044 1
3045 1
3046 3
3047 1
3048 2
3049 1
3050 2
3051 2
3052 3
3053 5
3054 2
3055 3
3056 2
3057 2
3058 1
3059 3
3060 1
3061 1
3062 5
3063 1
3064 1
3065 2
3066 2
3067 2
3068 1
3069 1
3070 2
3071 2
3072 5
3073 1
3074 3
3075 1
3076 1
3077 2
3078 1
3079 1
3080 4
3081 1
3082 4
3083 4
3084 1
3085 1
3086 3
3087 1
3088 5
3089 2
3090 1
3091 1
3092 4
3093 5
3094 2
3095 2
3096 1
3097 2
3098 1
3099 3
3100 2
3101 3
3102 2
3103 3
3104 1
3105 7
3106 2
3107 3
3108 2
3109 1
3110 1
3111 1
3112 2
3113 1
3114 1
3115 2
3116 1
3117 2
3118 2
3119 3
3120 1
3121 3
3122 1
3123 2
3124 2
3125 4
3126 1
3127 1
3128 1
3129 3
3130 1
3131 1
3132 1
3133 2
3134 2
3135 2
3136 4
3137 3
3138 1
3139 1
3140 3
3141 1
3142 2
3143 1
3144 1
3145 1
3146 1
3147 1
3148 1
3149 2
3150 1
3151 1
3152 1
3153 4
3154 1
3155 1
3156 4
3157 3
3158 3
3159 2
3160 2
3161 3
3162 1
3163 2
3164 3
3165 2
3166 5
3167 1
3168 2
3169 2
3170 1
3171 3
3172 1
3173 2
3174 1
3175 2
3176 2
3177 2
3178 3
3179 1
3180 1
3181 2
3182 5
3183 5
3184 2
3185 1
3186 4
3187 1
3188 1
3189 2
3190 1
3191 4
3192 1
3193 2
3194 2
3195 4
3196 2
3197 4
3198 3
3199 3
3200 1
3201 2
3202 2
3203 3
3204 1
3205 1
3206 1
3207 1
3208 3
3209 1
3210 1
3211 4
3212 1
3213 2
3214 1
3215 2
3216 1
3217 1
3218 1
3219 1
3220 1
3221 1
3222 2
3223 1
3224 1
3225 2
3226 2
3227 2
3228 3
3229 1
3230 1
3231 1
3232 2
3233 2
3234 2
3235 1
3236 2
3237 1
3238 3
3239 3
3240 3
3241 1
3242 1
3243 1
3244 1
3245 1
3246 3
3247 1
3248 3
3249 1
3250 1
3251 2
3252 2
3253 1
3254 3
3255 1
3256 2
3257 2
3258 3
3259 1
3260 2
3261 1
3262 3
3263 1
3264 3
3265 2
3266 1
3267 3
3268 2
3269 1
3270 1
3271 1
3272 4
3273 1
3274 4
3275 1
3276 1
3277 2
3278 2
3279 3
3280 3
3281 2
3282 9
3283 1
3284 2
3285 2
3286 1
3287 2
3288 3
3289 2
3290 2
3291 1
3292 3
3293 1
3294 1
3295 1
3296 2
3297 2
3298 3
3299 3
3300 1
3301 1
3302 1
3303 1
3304 3
3305 2
3306 2
3307 1
3308 1
3309 1
3310 1
3311 1
3312 4
3313 1
3314 2
3315 1
3316 3
3317 1
3318 1
3319 2
3320 2
3321 1
3322 1
3323 3
3324 1
3325 1
3326 1
3327 3
3328 3
3329 1
3330 2
3331 1
3332 2
3333 1
3334 3
3335 1
3336 3
3337 1
3338 2
3339 2
3340 2
3341 1
3342 2
3343 2
3344 1
3345 1
3346 1
3347 3
3348 7
3349 1
3350 2
3351 2
3352 1
3353 1
3354 1
3355 1
3356 2
3357 1
3358 3
3359 2
3360 2
3361 2
3362 3
3363 2
3364 3
3365 1
3366 2
3367 4
3368 1
3369 1
3370 1
3371 1
3372 1
3373 1
3374 2
3375 2
3376 2
3377 2
3378 1
3379 1
3380 2
3381 1
3382 2
3383 3
3384 2
3385 1
3386 1
3387 1
3388 1
3389 1
3390 2
3391 1
3392 1
3393 3
3394 1
3395 6
3396 1
3397 1
3398 1
3399 1
3400 3
3401 4
3402 1
3403 2
3404 2
3405 2
3406 3
3407 1
3408 3
3409 1
3410 2
3411 2
3412 1
3413 1
3414 2
3415 5
3416 1
3417 2
3418 2
3419 1
3420 1
3421 2
3422 2
3423 1
3424 3
3425 1
3426 1
3427 1
3428 2
3429 3
3430 3
3431 1
3432 2
3433 1
3434 2
3435 1
3436 3
3437 1
3438 2
3439 1
3440 1
3441 1
3442 4
3443 2
3444 1
3445 1
3446 1
3447 1
3448 1
3449 4
3450 2
3451 1
3452 1
3453 3
3454 1
3455 1
3456 1
3457 1
3458 2
3459 1
3460 2
3461 2
3462 1
3463 5
3464 1
3465 2
3466 1
3467 2
3468 1
3469 1
3470 1
3471 2
3472 1
3473 2
3474 1
3475 2
3476 1
3477 6
3478 1
3479 1
3480 2
3481 1
3482 1
3483 1
3484 2
3485 4
3486 1
3487 1
3488 5
3489 2
3490 2
3491 1
3492 1
3493 1
3494 1
3495 2
3496 1
3497 1
3498 1
3499 1
3500 2
3501 1
3502 1
3503 1
3504 4
3505 5
3506 4
3507 4
3508 2
3509 1
3510 2
3511 3
3512 1
3513 2
3514 1
3515 1
3516 1
3517 6
3518 1
3519 3
3520 2
3521 2
3522 3
3523 4
3524 1
3525 3
3526 4
3527 1
3528 2
3529 1
3530 1
3531 2
3532 2
3533 1
3534 3
3535 1
3536 2
3537 2
3538 1
3539 3
3540 1
3541 1
3542 3
3543 1
3544 1
3545 2
3546 2
3547 1
3548 2
3549 3
3550 1
3551 3
3552 2
3553 1
3554 2
3555 1
3556 2
3557 1
3558 1
3559 1
3560 2
3561 1
3562 1
3563 2
3564 1
3565 1
3566 2
3567 1
3568 2
3569 1
3570 3
3571 2
3572 1
3573 2
3574 1
3575 2
3576 1
3577 1
3578 1
3579 2
3580 1
3581 5
3582 3
3583 5
3584 1
3585 1
3586 1
3587 2
3588 2
3589 3
3590 1
3591 4
3592 2
3593 1
3594 1
3595 1
3596 1
3597 2
3598 1
3599 4
3600 1
3601 1
3602 1
3603 3
3604 2
3605 1
3606 3
3607 1
3608 1
3609 2
3610 2
3611 3
3612 2
3613 3
3614 1
3615 1
3616 2
3617 3
3618 1
3619 1
3620 2
3621 2
3622 4
3623 6
3624 3
3625 1
3626 1
3627 2
3628 1
3629 2
3630 5
3631 2
3632 1
3633 3
3634 2
3635 4
3636 1
3637 2
3638 3
3639 2
3640 1
3641 1
3642 1
3643 1
3644 2
3645 1
3646 2
3647 1
3648 3
3649 1
3650 1
3651 2
3652 3
3653 1
3654 1
3655 1
3656 2
3657 1
3658 1
3659 1
3660 1
3661 1
3662 1
3663 1
3664 1
3665 1
3666 3
3667 1
3668 2
3669 2
3670 1
3671 1
3672 1
3673 1
3674 1
3675 5
3676 1
3677 1
3678 2
3679 1
3680 1
3681 8
3682 1
3683 1
3684 1
3685 2
3686 1
3687 1
3688 3
3689 2
3690 2
3691 2
3692 3
3693 2
3694 2
3695 2
3696 1
3697 1
3698 1
3699 3
3700 1
3701 1
3702 1
3703 2
3704 1
3705 1
3706 1
3707 1
3708 5
3709 2
3710 1
3711 1
3712 5
3713 5
3714 3
3715 1
3716 1
3717 1
3718 3
3719 2
3720 1
3721 1
3722 1
3723 3
3724 2
3725 1
3726 1
3727 4
3728 1
3729 1
3730 5
3731 5
3732 2
3733 2
3734 2
3735 2
3736 3
3737 1
3738 1
3739 3
3740 2
3741 1
3742 1
3743 1
3744 3
3745 4
3746 1
3747 2
3748 1
3749 1
3750 1
3751 1
3752 1
3753 1
3754 2
3755 1
3756 2
3757 4
3758 1
3759 1
3760 1
3761 1
3762 1
3763 1
3764 1
3765 1
3766 1
3767 3
3768 1
3769 1
3770 1
3771 1
3772 2
3773 1
3774 3
3775 2
3776 3
3777 1
3778 3
3779 3
3780 1
3781 1
3782 1
3783 1
3784 2
3785 1
3786 1
3787 2
3788 1
3789 1
3790 2
3791 1
3792 2
3793 2
3794 1
3795 1
3796 2
3797 3
3798 1
3799 2
3800 1
3801 4
3802 1
3803 2
3804 2
3805 2
3806 2
3807 4
3808 3
3809 1
3810 2
3811 1
3812 1
3813 2
3814 1
3815 1
3816 2
3817 1
3818 1
3819 1
3820 4
3821 1
3822 1
3823 1
3824 3
3825 1
3826 5
3827 1
3828 3
3829 1
3830 1
3831 1
3832 4
3833 2
3834 2
3835 1
3836 2
3837 1
3838 1
3839 2
3840 1
3841 1
3842 4
3843 3
3844 1
3845 3
3846 1
3847 4
3848 3
3849 1
3850 2
3851 2
3852 2
3853 1
3854 2
3855 1
3856 1
3857 1
3858 3
3859 1
3860 1
3861 1
3862 1
3863 3
3864 1
3865 3
3866 2
3867 1
3868 4
3869 2
3870 4
3871 1
3872 2
3873 2
3874 1
3875 3
3876 3
3877 2
3878 1
3879 1
3880 1
3881 1
3882 3
3883 3
3884 2
3885 3
3886 1
3887 3
3888 3
3889 1
3890 2
3891 1
3892 1
3893 1
3894 1
3895 2
3896 2
3897 3
3898 1
3899 1
3900 1
3901 2
3902 1
3903 1
3904 4
3905 3
3906 3
3907 2
3908 1
3909 1
3910 1
3911 2
3912 3
3913 1
3914 1
3915 2
3916 1
3917 1
3918 1
3919 2
3920 1
3921 2
3922 2
3923 3
3924 2
3925 2
3926 2
3927 1
3928 1
3929 1
3930 2
3931 1
3932 1
3933 2
3934 1
3935 1
3936 1
3937 1
3938 1
3939 1
3940 2
3941 2
3942 1
3943 1
3944 1
3945 1
3946 1
3947 1
3948 2
3949 1
3950 1
3951 4
3952 1
3953 2
3954 5
3955 2
3956 1
3957 2
3958 1
3959 1
3960 2
3961 3
3962 2
3963 1
3964 1
3965 2
3966 1
3967 1
3968 1
3969 1
3970 2
3971 2
3972 1
3973 1
3974 1
3975 2
3976 2
3977 1
3978 3
3979 5
3980 1
3981 1
3982 2
3983 2
3984 2
3985 1
3986 2
3987 3
3988 1
3989 1
3990 1
3991 1
3992 1
3993 4
3994 1
3995 3
3996 2
3997 2
3998 2
3999 1
4000 3
4001 2
4002 2
4003 1
4004 2
4005 2
4006 1
4007 2
4008 2
4009 4
4010 3
4011 1
4012 1
4013 3
4014 2
4015 1
4016 1
4017 4
4018 6
4019 1
4020 1
4021 1
4022 2
4023 1
4024 1
4025 2
4026 1
4027 2
4028 2
4029 2
4030 1
4031 1
4032 1
4033 1
4034 1
4035 2
4036 2
4037 1
4038 6
4039 1
4040 1
4041 1
4042 1
4043 1
4044 1
4045 1
4046 1
4047 1
4048 1
4049 2
4050 1
4051 2
4052 2
4053 1
4054 2
4055 1
4056 1
4057 2
4058 3
4059 1
4060 1
4061 2
4062 1
4063 2
4064 1
4065 1
4066 1
4067 3
4068 1
4069 3
4070 2
4071 1
4072 1
4073 1
4074 2
4075 1
4076 1
4077 1
4078 2
4079 2
4080 1
4081 1
4082 1
4083 1
4084 2
4085 1
4086 2
4087 3
4088 1
4089 1
4090 2
4091 3
4092 3
4093 1
4094 3
4095 1
4096 1
4097 1
4098 2
4099 2
4100 1
4101 1
4102 1
4103 1
4104 1
4105 1
4106 1
4107 2
4108 1
4109 1
4110 3
4111 1
4112 1
4113 4
4114 3
4115 3
4116 2
4117 1
4118 2
4119 2
4120 3
4121 1
4122 1
4123 1
4124 3
4125 2
4126 2
4127 1
4128 1
4129 2
4130 1
4131 1
4132 1
4133 2
4134 1
4135 1
4136 1
4137 2
4138 3
4139 1
4140 3
4141 1
4142 1
4143 4
4144 1
4145 2
4146 2
4147 2
4148 4
4149 1
4150 1
4151 3
4152 1
4153 2
4154 1
4155 2
4156 1
4157 1
4158 4
4159 1
4160 1
4161 1
4162 1
4163 3
4164 3
4165 1
4166 2
4167 1
4168 2
4169 2
4170 1
4171 1
4172 1
4173 3
4174 1
4175 1
4176 1
4177 1
4178 1
4179 2
4180 2
4181 3
4182 1
4183 2
4184 5
4185 2
4186 2
4187 3
4188 3
4189 1
4190 1
4191 1
4192 1
4193 1
4194 3
4195 3
4196 6
4197 2
4198 2
4199 3
4200 2
4201 1
4202 3
4203 2
4204 1
4205 1
4206 1
4207 4
4208 1
4209 2
4210 1
4211 2
4212 2
4213 1
4214 1
4215 1
4216 1
4217 2
4218 1
4219 1
4220 2
4221 4
4222 1
4223 2
4224 1
4225 1
4226 5
4227 1
4228 3
4229 2
4230 1
4231 1
4232 2
4233 1
4234 3
4235 4
4236 2
4237 5
4238 1
4239 3
4240 1
4241 1
4242 1
4243 1
4244 1
4245 1
4246 2
4247 1
4248 1
4249 1
4250 1
4251 2
4252 1
4253 3
4254 1
4255 2
4256 1
4257 1
4258 1
4259 1
4260 1
4261 1
4262 1
4263 2
4264 3
4265 2
4266 1
4267 2
4268 1
4269 3
4270 1
4271 2
4272 1
4273 2
4274 2
4275 1
4276 1
4277 5
4278 2
4279 1
4280 2
4281 2
4282 4
4283 2
4284 2
4285 3
4286 1
4287 1
4288 2
4289 3
4290 4
4291 2
4292 1
4293 2
4294 2
4295 1
4296 1
4297 2
4298 5
4299 1
4300 1
4301 1
4302 2
4303 1
4304 2
4305 4
4306 1
4307 6
4308 1
4309 2
4310 1
4311 1
4312 1
4313 1
4314 2
4315 3
4316 1
4317 1
4318 1
4319 4
4320 3
4321 3
4322 1
4323 1
4324 1
4325 2
4326 1
4327 2
4328 2
4329 1
4330 2
4331 1
4332 1
4333 1
4334 1
4335 1
4336 1
4337 1
4338 1
4339 1
4340 2
4341 2
4342 1
4343 2
4344 1
4345 2
4346 1
4347 2
4348 3
4349 2
4350 1
4351 1
4352 1
4353 2
4354 3
4355 2
4356 1
4357 1
4358 1
4359 2
4360 1
4361 2
4362 1
4363 1
4364 1
4365 1
4366 1
4367 2
4368 3
4369 3
4370 3
4371 1
4372 1
4373 5
4374 1
4375 1
4376 2
4377 1
4378 1
4379 1
4380 4
4381 1
4382 2
4383 1
4384 1
4385 1
4386 1
4387 3
4388 1
4389 1
4390 1
4391 3
4392 3
4393 1
4394 1
4395 1
4396 1
4397 2
4398 2
4399 2
4400 2
4401 1
4402 2
4403 1
4404 1
4405 1
4406 1
4407 1
4408 1
4409 1
4410 3
4411 3
4412 3
4413 3
4414 1
4415 1
4416 1
4417 3
4418 1
4419 1
4420 3
4421 2
4422 1
4423 1
4424 1
4425 1
4426 2
4427 2
4428 2
4429 1
4430 3
4431 2
4432 3
4433 3
4434 2
4435 1
4436 1
4437 1
4438 1
4439 1
4440 1
4441 2
4442 1
4443 1
4444 1
4445 2
4446 2
4447 1
4448 5
4449 1
4450 5
4451 2
4452 1
4453 1
4454 1
4455 1
4456 3
4457 1
4458 1
4459 1
4460 1
4461 2
4462 1
4463 1
4464 4
4465 1
4466 1
4467 2
4468 1
4469 1
4470 1
4471 3
4472 1
4473 2
4474 5
4475 1
4476 3
4477 1
4478 1
4479 1
4480 3
4481 2
4482 1
4483 1
4484 2
4485 1
4486 1
4487 4
4488 2
4489 2
4490 2
4491 3
4492 1
4493 2
4494 1
4495 1
4496 2
4497 3
4498 2
4499 1
4500 1
4501 1
4502 1
4503 1
4504 1
4505 2
4506 1
4507 1
4508 2
4509 1
4510 3
4511 1
4512 1
4513 1
4514 3
4515 1
4516 1
4517 1
4518 1
4519 1
4520 2
4521 1
4522 1
4523 1
4524 2
4525 1
4526 3
4527 1
4528 1
4529 3
4530 2
4531 1
4532 2
4533 1
4534 1
4535 1
4536 2
4537 1
4538 2
4539 1
4540 1
4541 2
4542 1
4543 3
4544 1
4545 2
4546 1
4547 1
4548 1
4549 1
4550 3
4551 1
4552 2
4553 1
4554 2
4555 1
4556 1
4557 1
4558 1
4559 1
4560 3
4561 3
4562 2
4563 1
4564 3
4565 1
4566 2
4567 1
4568 1
4569 1
4570 3
4571 2
4572 2
4573 2
4574 2
4575 1
4576 2
4577 1
4578 4
4579 1
4580 2
4581 1
4582 1
4583 3
4584 1
4585 2
4586 1
4587 1
4588 1
4589 1
4590 2
4591 1
4592 2
4593 1
4594 2
4595 1
4596 2
4597 1
4598 2
4599 1
4600 3
4601 1
4602 2
4603 2
4604 2
4605 1
4606 1
4607 1
4608 1
4609 1
4610 2
4611 1
4612 2
4613 1
4614 1
4615 1
4616 1
4617 1
4618 1
4619 3
4620 2
4621 2
4622 1
4623 2
4624 1
4625 4
4626 1
4627 1
4628 1
4629 1
4630 1
4631 2
4632 1
4633 1
4634 1
4635 2
4636 1
4637 1
4638 1
4639 1
4640 1
4641 1
4642 2
4643 1
4644 1
4645 2
4646 1
4647 1
4648 1
4649 1
4650 1
4651 2
4652 3
4653 1
4654 1
4655 2
4656 2
4657 2
4658 1
4659 1
4660 2
4661 1
4662 3
4663 1
4664 1
4665 3
4666 2
4667 1
4668 2
4669 1
4670 1
4671 1
4672 2
4673 1
4674 1
4675 3
4676 1
4677 1
4678 1
4679 1
4680 2
4681 4
4682 3
4683 2
4684 1
4685 1
4686 1
4687 1
4688 2
4689 1
4690 1
4691 1
4692 2
4693 1
4694 1
4695 1
4696 1
4697 2
4698 1
4699 1
4700 1
4701 2
4702 1
4703 1
4704 2
4705 1
4706 2
4707 1
4708 1
4709 1
4710 1
4711 1
4712 3
4713 1
4714 1
4715 1
4716 2
4717 1
4718 1
4719 2
4720 1
4721 1
4722 1
4723 2
4724 4
4725 1
4726 3
4727 1
4728 1
4729 3
4730 1
4731 2
4732 1
4733 2
4734 1
4735 2
4736 1
4737 2
4738 2
4739 1
4740 2
4741 1
4742 1
4743 1
4744 2
4745 1
4746 1
4747 3
4748 1
4749 1
4750 3
4751 1
4752 1
4753 2
4754 2
4755 1
4756 1
4757 2
4758 1
4759 3
4760 1
4761 1
4762 1
4763 1
4764 1
4765 1
4766 2
4767 1
4768 1
4769 1
4770 1
4771 2
4772 3
4773 2
4774 1
4775 1
4776 1
4777 1
4778 4
4779 1
4780 2
4781 1
4782 2
4783 3
4784 1
4785 1
4786 1
4787 2
4788 2
4789 2
4790 2
4791 1
4792 1
4793 1
4794 2
4795 2
4796 2
4797 2
4798 3
4799 1
4800 4
4801 3
4802 1
4803 1
4804 2
4805 2
4806 2
4807 3
4808 1
4809 3
4810 1
4811 1
4812 1
4813 3
4814 1
4815 1
4816 2
4817 1
4818 1
4819 1
4820 2
4821 3
4822 1
4823 3
4824 2
4825 4
4826 2
4827 1
4828 2
4829 4
4830 1
4831 1
4832 1
4833 1
4834 1
4835 2
4836 1
4837 1
4838 2
4839 1
4840 2
4841 1
4842 2
4843 1
4844 1
4845 1
4846 2
4847 1
4848 1
4849 2
4850 1
4851 2
4852 3
4853 1
4854 1
4855 1
4856 1
4857 2
4858 1
4859 1
4860 2
4861 1
4862 3
4863 1
4864 3
4865 1
4866 2
4867 2
4868 1
4869 1
4870 2
4871 2
4872 1
4873 1
4874 1
4875 1
4876 1
4877 2
4878 2
4879 2
4880 1
4881 4
4882 1
4883 2
4884 3
4885 3
4886 2
4887 1
4888 1
4889 2
4890 1
4891 1
4892 4
4893 1
4894 1
4895 1
4896 1
4897 1
4898 2
4899 2
4900 1
4901 2
4902 1
4903 2
4904 4
4905 1
4906 1
4907 1
4908 1
4909 1
4910 2
4911 2
4912 2
4913 1
4914 1
4915 1
4916 1
4917 1
4918 1
4919 1
4920 1
4921 2
4922 2
4923 2
4924 1
4925 1
4926 2
4927 2
4928 1
4929 1
4930 5
4931 1
4932 1
4933 3
4934 1
4935 1
4936 1
4937 1
4938 2
4939 1
4940 1
4941 1
4942 2
4943 1
4944 1
4945 1
4946 1
4947 1
4948 1
4949 1
4950 1
4951 1
4952 1
4953 1
4954 2
4955 5
4956 1
4957 2
4958 1
4959 3
4960 2
4961 1
4962 1
4963 4
4964 2
4965 1
4966 2
4967 1
4968 1
4969 2
4970 2
4971 1
4972 1
4973 1
4974 2
4975 1
4976 1
4977 2
4978 1
4979 3
4980 2
4981 1
4982 1
4983 1
4984 1
4985 1
4986 1
4987 1
4988 1
4989 1
4990 1
4991 1
4992 2
4993 4
4994 3
4995 1
4996 1
4997 1
4998 2
4999 1
5000 1
5001 2
5002 1
5003 3
5004 1
5005 1
5006 1
5007 1
5008 2
5009 2
5010 2
5011 2
5012 2
5013 2
5014 1
5015 2
5016 6
5017 2
5018 1
5019 3
5020 3
5021 1
5022 2
5023 1
5024 1
5025 1
5026 1
5027 1
5028 1
5029 1
5030 1
5031 1
5032 2
5033 2
5034 1
5035 1
5036 2
5037 1
5038 1
5039 1
5040 1
5041 1
5042 1
5043 2
5044 3
5045 2
5046 2
5047 1
5048 2
5049 2
5050 1
5051 1
5052 1
5053 1
5054 1
5055 3
5056 1
5057 2
5058 1
5059 2
5060 3
5061 1
5062 2
5063 1
5064 2
5065 1
5066 2
5067 1
5068 2
5069 2
5070 1
5071 6
5072 1
5073 3
5074 1
5075 2
5076 2
5077 3
5078 1
5079 1
5080 2
5081 2
5082 1
5083 1
5084 2
5085 3
5086 1
5087 3
5088 1
5089 2
5090 1
5091 3
5092 1
5093 2
5094 2
5095 1
5096 1
5097 2
5098 1
5099 2
5100 1
5101 2
5102 1
5103 1
5104 1
5105 1
5106 1
5107 1
5108 3
5109 1
5110 1
5111 1
5112 3
5113 1
5114 1
5115 1
5116 1
5117 1
5118 1
5119 1
5120 3
5121 1
5122 1
5123 1
5124 1
5125 1
5126 1
5127 1
5128 1
5129 1
5130 1
5131 1
5132 1
5133 1
5134 1
5135 1
5136 1
5137 1
5138 1
5139 1
5140 1
5141 2
5142 1
5143 1
5144 1
5145 1
5146 1
5147 3
5148 1
5149 1
5150 1
5151 1
5152 1
5153 1
5154 1
5155 1
5156 1
5157 2
5158 4
5159 2
5160 2
5161 1
5162 2
5163 1
5164 1
5165 1
5166 1
5167 1
5168 4
5169 1
5170 2
5171 2
5172 1
5173 5
5174 1
5175 2
5176 2
5177 1
5178 1
5179 1
5180 1
5181 1
5182 2
5183 1
5184 2
5185 1
5186 1
5187 1
5188 4
5189 1
5190 1
5191 1
5192 1
5193 1
5194 1
5195 2
5196 1
5197 1
5198 1
5199 1
5200 1
5201 2
5202 3
5203 1
5204 1
5205 3
5206 3
5207 2
5208 1
5209 1
5210 1
5211 2
5212 1
5213 1
5214 1
5215 1
5216 1
5217 2
5218 1
5219 1
5220 1
5221 1
5222 1
5223 1
5224 2
5225 1
5226 1
5227 3
5228 3
5229 1
5230 1
5231 3
5232 1
5233 2
5234 1
5235 2
5236 1
5237 1
5238 2
5239 3
5240 3
5241 4
5242 1
5243 1
5244 1
5245 2
5246 3
5247 1
5248 1
5249 2
5250 2
5251 1
5252 1
5253 1
5254 1
5255 1
5256 1
5257 2
5258 1
5259 1
5260 1
5261 1
5262 2
5263 1
5264 1
5265 3
5266 2
5267 1
5268 1
5269 2
5270 1
5271 1
5272 1
5273 1
5274 2
5275 2
5276 1
5277 1
5278 1
5279 3
5280 1
5281 1
5282 1
5283 2
5284 2
5285 3
5286 6
5287 3
5288 1
5289 1
5290 1
5291 1
5292 2
5293 2
5294 1
5295 1
5296 1
5297 1
5298 2
5299 1
5300 1
5301 1
5302 1
5303 1
5304 1
5305 1
5306 1
5307 1
5308 2
5309 2
5310 1
5311 1
5312 2
5313 1
5314 1
5315 1
5316 1
5317 5
5318 1
5319 2
5320 1
5321 2
5322 1
5323 1
5324 2
5325 1
5326 1
5327 1
5328 2
5329 1
5330 1
5331 1
5332 1
5333 2
5334 1
5335 1
5336 1
5337 2
5338 4
5339 2
5340 1
5341 1
5342 2
5343 2
5344 2
5345 1
5346 1
5347 1
5348 1
5349 2
5350 1
5351 3
5352 1
5353 2
5354 2
5355 1
5356 1
5357 3
5358 1
5359 1
5360 3
5361 2
5362 1
5363 1
5364 1
5365 2
5366 1
5367 1
5368 3
5369 1
5370 1
5371 1
5372 1
5373 1
5374 2
5375 1
5376 1
5377 1
5378 1
5379 5
5380 2
5381 2
5382 1
5383 1
5384 2
5385 2
5386 1
5387 1
5388 2
5389 1
5390 1
5391 1
5392 2
5393 1
5394 3
5395 1
5396 2
5397 1
5398 2
5399 1
5400 4
5401 3
5402 2
5403 2
5404 1
5405 2
5406 1
5407 3
5408 1
5409 1
5410 1
5411 1
5412 1
5413 1
5414 1
5415 1
5416 1
5417 1
5418 2
5419 1
5420 2
5421 1
5422 1
5423 1
5424 1
5425 1
5426 5
5427 1
5428 1
5429 1
5430 1
5431 1
5432 1
5433 3
5434 1
5435 1
5436 1
5437 1
5438 1
5439 1
5440 3
5441 1
5442 1
5443 2
5444 1
5445 1
5446 1
5447 1
5448 2
5449 2
5450 1
5451 1
5452 1
5453 2
5454 1
5455 1
5456 1
5457 1
5458 1
5459 1
5460 1
5461 2
5462 3
5463 1
5464 1
5465 1
5466 1
5467 1
5468 1
5469 1
5470 2
5471 1
5472 2
5473 1
5474 2
5475 2
5476 1
5477 1
5478 2
5479 3
5480 2
5481 1
5482 1
5483 3
5484 1
5485 1
5486 1
5487 1
5488 2
5489 3
5490 1
5491 2
5492 1
5493 1
5494 1
5495 1
5496 2
5497 1
5498 2
5499 1
5500 3
5501 3
5502 1
5503 2
5504 1
5505 1
5506 3
5507 1
5508 1
5509 1
5510 2
5511 1
5512 1
5513 2
5514 1
5515 5
5516 1
5517 1
5518 1
5519 1
5520 2
5521 2
5522 2
5523 2
5524 2
5525 1
5526 1
5527 2
5528 3
5529 3
5530 1
5531 1
5532 1
5533 3
5534 1
5535 1
5536 1
5537 1
5538 2
5539 2
5540 1
5541 1
5542 2
5543 1
5544 2
5545 1
5546 1
5547 1
5548 2
5549 1
5550 1
5551 1
5552 1
5553 3
5554 1
5555 1
5556 1
5557 1
5558 1
5559 2
5560 4
5561 1
5562 2
5563 1
5564 1
5565 2
5566 1
5567 2
5568 1
5569 2
5570 1
5571 2
5572 1
5573 1
5574 1
5575 1
5576 2
5577 2
5578 1
5579 1
5580 1
5581 1
5582 2
5583 2
5584 1
5585 1
5586 1
5587 1
5588 1
5589 1
5590 1
5591 2
5592 1
5593 1
5594 3
5595 2
5596 1
5597 1
5598 2
5599 1
5600 1
5601 2
5602 1
5603 2
5604 1
5605 1
5606 1
5607 1
5608 1
5609 1
5610 1
5611 1
5612 2
5613 3
5614 1
5615 2
5616 1
5617 2
5618 1
5619 1
5620 3
5621 1
5622 1
5623 1
5624 3
5625 1
5626 1
5627 1
5628 2
5629 2
5630 1
5631 1
5632 1
5633 1
5634 1
5635 2
5636 2
5637 1
5638 2
5639 2
5640 1
5641 1
5642 1
5643 1
5644 1
5645 1
5646 4
5647 3
5648 1
5649 1
5650 2
5651 1
5652 1
5653 1
5654 5
5655 1
5656 1
5657 2
5658 1
5659 2
5660 1
5661 2
5662 1
5663 1
5664 1
5665 1
5666 1
5667 2
5668 2
5669 1
5670 2
5671 2
5672 2
5673 1
5674 1
5675 2
5676 2
5677 1
5678 1
5679 1
5680 2
5681 1
5682 1
5683 1
5684 1
5685 1
5686 1
5687 1
5688 3
5689 1
5690 1
5691 1
5692 2
5693 1
5694 1
5695 1
5696 1
5697 1
5698 2
5699 1
5700 1
5701 1
5702 1
5703 1
5704 2
5705 1
5706 1
5707 2
5708 2
5709 1
5710 1
5711 2
5712 1
5713 2
5714 1
5715 1
5716 2
5717 1
5718 1
5719 2
5720 1
5721 1
5722 2
5723 1
5724 1
5725 1
5726 1
5727 1
5728 1
5729 1
5730 2
5731 1
5732 1
5733 1
5734 1
5735 1
5736 1
5737 1
5738 1
5739 1
5740 2
5741 2
5742 1
5743 1
5744 2
5745 1
5746 1
5747 2
5748 1
5749 1
5750 1
5751 1
5752 1
5753 1
5754 2
5755 2
5756 1
5757 1
5758 1
5759 2
5760 2
5761 1
5762 1
5763 1
5764 1
5765 2
5766 1
5767 2
5768 1
5769 2
5770 2
5771 1
5772 3
5773 1
5774 1
5775 2
5776 2
5777 2
5778 1
5779 1
5780 1
5781 2
5782 1
5783 1
5784 2
5785 1
5786 2
5787 1
5788 1
5789 1
5790 1
5791 1
5792 2
5793 2
5794 1
5795 1
5796 1
5797 1
5798 1
5799 1
5800 1
5801 1
5802 3
5803 1
5804 1
5805 2
5806 1
5807 1
5808 1
5809 1
5810 1
5811 1
5812 2
5813 1
5814 1
5815 1
5816 1
5817 1
5818 1
5819 1
5820 1
5821 2
5822 1
5823 1
5824 3
5825 2
5826 1
5827 2
5828 1
5829 2
5830 1
5831 1
5832 1
5833 1
5834 5
5835 1
5836 2
5837 1
5838 1
5839 1
5840 1
5841 1
5842 1
5843 1
5844 2
5845 3
5846 1
5847 1
5848 1
5849 2
5850 2
5851 1
5852 1
5853 1
5854 4
5855 3
5856 1
5857 1
5858 1
5859 2
5860 3
5861 1
5862 1
5863 2
5864 1
5865 1
5866 1
5867 1
5868 3
5869 1
5870 2
5871 1
5872 1
5873 1
5874 3
5875 1
5876 1
5877 1
5878 1
5879 1
5880 1
5881 1
5882 1
5883 1
5884 1
5885 2
5886 1
5887 3
5888 1
5889 1
5890 1
5891 1
5892 2
5893 2
5894 3
5895 1
5896 4
5897 1
5898 1
5899 1
5900 3
5901 1
5902 1
5903 1
5904 2
5905 2
5906 1
5907 1
5908 3
5909 1
5910 2
5911 3
5912 1
5913 2
5914 1
5915 1
5916 1
5917 1
5918 2
5919 2
5920 3
5921 1
5922 1
5923 1
5924 1
5925 2
5926 1
5927 1
5928 1
5929 3
5930 1
5931 3
5932 1
5933 1
5934 1
5935 2
5936 1
5937 1
5938 1
5939 1
5940 2
5941 1
5942 1
5943 1
5944 1
5945 1
5946 2
5947 2
5948 1
5949 1
5950 1
5951 1
5952 1
5953 1
5954 1
5955 1
5956 1
5957 1
5958 1
5959 1
5960 4
5961 1
5962 1
5963 1
5964 1
5965 3
5966 2
5967 1
5968 1
5969 1
5970 1
5971 2
5972 1
5973 2
5974 4
5975 1
5976 1
5977 1
5978 1
5979 2
5980 1
5981 3
5982 1
5983 1
5984 1
5985 1
5986 1
5987 1
5988 3
5989 1
5990 1
5991 1
5992 2
5993 2
5994 1
5995 1
5996 1
5997 1
5998 1
5999 1
6000 1
6001 2
6002 1
6003 2
6004 1
6005 1
6006 1
6007 1
6008 1
6009 1
6010 1
6011 1
6012 1
6013 1
6014 1
6015 1
6016 2
6017 2
6018 1
6019 1
6020 2
6021 1
6022 1
6023 1
6024 2
6025 1
6026 2
6027 1
6028 1
6029 1
6030 3
6031 1
6032 1
6033 1
6034 2
6035 2
6036 1
6037 1
6038 1
6039 2
6040 2
6041 1
6042 1
6043 1
6044 1
6045 1
6046 1
6047 1
6048 2
6049 1
6050 1
6051 1
6052 1
6053 1
6054 1
6055 1
6056 1
6057 1
6058 1
6059 1
6060 1
6061 1
6062 1
6063 1
6064 1
6065 1
6066 1
6067 2
6068 2
6069 1
6070 3
6071 1
6072 2
6073 1
6074 1
6075 1
6076 2
6077 1
6078 1
6079 1
6080 1
6081 1
6082 2
6083 1
6084 1
6085 1
6086 2
6087 1
6088 1
6089 1
6090 1
6091 1
6092 2
6093 2
6094 2
6095 1
6096 1
6097 1
6098 1
6099 1
6100 1
6101 1
6102 2
6103 1
6104 1
6105 1
6106 1
6107 2
6108 1
6109 2
6110 1
6111 1
6112 2
6113 1
6114 1
6115 1
6116 1
6117 2
6118 1
6119 1
6120 2
6121 1
6122 1
6123 1
6124 1
6125 1
6126 3
6127 1
6128 1
6129 1
6130 1
6131 1
6132 1
6133 1
6134 1
6135 1
6136 1
6137 1
6138 1
6139 1
6140 2
6141 1
6142 1
6143 1
6144 1
6145 3
6146 1
6147 1
6148 1
6149 2
6150 1
6151 1
6152 1
6153 1
6154 1
6155 2
6156 1
6157 3
6158 2
6159 1
6160 1
6161 1
6162 1
6163 1
6164 1
6165 1
6166 2
6167 1
6168 2
6169 3
6170 1
6171 1
6172 1
6173 2
6174 1
6175 2
6176 2
6177 1
6178 1
6179 2
6180 1
6181 2
6182 1
6183 6
6184 3
6185 1
6186 1
6187 2
6188 1
6189 1
6190 2
6191 1
6192 2
6193 4
6194 1
6195 1
6196 2
6197 1
6198 1
6199 1
6200 1
6201 1
6202 1
6203 1
6204 1
6205 1
6206 2
6207 1
6208 1
6209 1
6210 3
6211 1
6212 2
6213 1
6214 1
6215 1
6216 2
6217 1
6218 1
6219 2
6220 1
6221 1
6222 1
6223 1
6224 1
6225 1
6226 1
6227 1
6228 1
6229 1
6230 1
6231 1
6232 1
6233 2
6234 2
6235 2
6236 1
6237 2
6238 1
6239 1
6240 1
6241 1
6242 1
6243 1
6244 1
6245 2
6246 1
6247 1
6248 2
6249 1
6250 2
6251 2
6252 2
6253 1
6254 1
6255 1
6256 1
6257 1
6258 1
6259 1
6260 2
6261 2
6262 1
6263 1
6264 2
6265 1
6266 2
6267 1
6268 2
6269 1
6270 1
6271 2
6272 1
6273 2
6274 1
6275 1
6276 2
6277 1
6278 1
6279 2
6280 2
6281 1
6282 2
6283 1
6284 1
6285 1
6286 1
6287 1
6288 1
6289 1
6290 1
6291 1
6292 1
6293 2
6294 1
6295 2
6296 2
6297 1
6298 1
6299 1
6300 1
6301 1
6302 1
6303 1
6304 1
6305 1
6306 2
6307 1
6308 1
6309 2
6310 1
6311 1
6312 2
6313 3
6314 1
6315 1
6316 2
6317 1
6318 1
6319 3
6320 1
6321 1
6322 1
6323 1
6324 1
6325 1
6326 1
6327 2
6328 2
6329 1
6330 2
6331 2
6332 3
6333 1
6334 2
6335 1
6336 1
6337 1
6338 1
6339 1
6340 1
6341 1
6342 1
6343 2
6344 1
6345 1
6346 1
6347 3
6348 1
6349 1
6350 1
6351 1
6352 1
6353 1
6354 1
6355 1
6356 3
6357 2
6358 1
6359 1
6360 1
6361 1
6362 2
6363 1
6364 1
6365 2
6366 1
6367 1
6368 1
6369 3
6370 2
6371 1
6372 2
6373 2
6374 2
6375 1
6376 1
6377 1
6378 1
6379 2
6380 1
6381 1
6382 1
6383 3
6384 1
6385 1
6386 1
6387 1
6388 1
6389 1
6390 1
6391 1
6392 2
6393 1
6394 2
6395 1
6396 1
6397 2
6398 1
6399 1
6400 1
6401 1
6402 3
6403 2
6404 2
6405 1
6406 1
6407 1
6408 2
6409 1
6410 2
6411 1
6412 1
6413 1
6414 1
6415 1
6416 1
6417 1
6418 1
6419 1
6420 1
6421 1
6422 1
6423 1
6424 1
6425 2
6426 1
6427 1
6428 1
6429 1
6430 1
6431 1
6432 1
6433 1
6434 1
6435 1
6436 1
6437 2
6438 1
6439 1
6440 1
6441 1
6442 1
6443 1
6444 3
6445 1
6446 1
6447 1
6448 1
6449 2
6450 1
6451 1
6452 2
6453 1
6454 1
6455 2
6456 2
6457 1
6458 1
6459 1
6460 1
6461 1
6462 2
6463 1
6464 1
6465 1
6466 1
6467 1
6468 1
6469 1
6470 1
6471 2
6472 1
6473 2
6474 1
6475 1
6476 1
6477 2
6478 1
6479 1
6480 1
6481 1
6482 1
6483 2
6484 1
6485 1
6486 2
6487 2
6488 1
6489 1
6490 1
6491 1
6492 1
6493 1
6494 1
6495 1
6496 1
6497 1
6498 2
6499 1
6500 1
6501 1
6502 1
6503 1
6504 1
6505 1
6506 1
6507 1
6508 1
6509 1
6510 1
6511 1
6512 2
6513 1
6514 1
6515 1
6516 1
6517 1
6518 1
6519 2
6520 2
6521 1
6522 1
6523 3
6524 1
6525 1
6526 1
6527 3
6528 1
6529 2
6530 1
6531 1
6532 2
6533 2
6534 1
6535 1
6536 1
6537 1
6538 1
6539 1
6540 1
6541 1
6542 1
6543 1
6544 1
6545 1
6546 1
6547 1
6548 1
6549 1
6550 1
6551 1
6552 1
6553 1
6554 1
6555 1
6556 1
6557 2
6558 1
6559 1
6560 1
6561 2
6562 1
6563 2
6564 2
6565 1
6566 1
6567 2
6568 1
6569 2
6570 1
6571 1
6572 2
6573 2
6574 2
6575 1
6576 1
6577 2
6578 1
6579 2
6580 2
6581 1
6582 1
6583 1
6584 1
6585 2
6586 1
6587 1
6588 1
6589 1
6590 2
6591 1
6592 3
6593 1
6594 1
6595 1
6596 1
6597 1
6598 1
6599 1
6600 1
6601 1
6602 1
6603 3
6604 2
6605 1
6606 1
6607 1
6608 1
6609 1
6610 1
6611 1
6612 2
6613 1
6614 1
6615 1
6616 1
6617 1
6618 1
6619 1
6620 2
6621 1
6622 1
6623 1
6624 1
6625 2
6626 1
6627 1
6628 1
6629 1
6630 1
6631 1
6632 1
6633 2
6634 2
6635 1
6636 1
6637 1
6638 1
6639 2
6640 1
6641 1
6642 1
6643 1
6644 4
6645 1
6646 1
6647 1
6648 2
6649 1
6650 1
6651 1
6652 1
6653 1
6654 1
6655 1
6656 1
6657 1
6658 2
6659 1
6660 3
6661 1
6662 1
6663 1
6664 1
6665 1
6666 1
6667 1
6668 1
6669 1
6670 1
6671 2
6672 1
6673 2
6674 1
6675 1
6676 2
6677 1
6678 1
6679 1
6680 1
6681 1
6682 1
6683 1
6684 1
6685 1
6686 1
6687 1
6688 1
6689 2
6690 1
6691 1
6692 1
6693 1
6694 3
6695 1
6696 1
6697 1
6698 1
6699 1
6700 2
6701 1
6702 2
6703 1
6704 1
6705 1
6706 2
6707 2
6708 1
6709 2
6710 1
6711 1
6712 1
6713 1
6714 1
6715 1
6716 1
6717 2
6718 2
6719 2
6720 2
6721 1
6722 1
6723 2
6724 1
6725 1
6726 1
6727 2
6728 1
6729 1
6730 1
6731 1
6732 1
6733 2
6734 2
6735 1
6736 1
6737 1
6738 1
6739 1
6740 1
6741 1
6742 2
6743 2
6744 1
6745 1
6746 1
6747 2
6748 1
6749 1
6750 1
6751 1
6752 1
6753 1
6754 1
6755 2
6756 1
6757 1
6758 1
6759 2
6760 1
6761 1
6762 1
6763 2
6764 2
6765 2
6766 1
6767 1
6768 1
6769 2
6770 2
6771 2
6772 1
6773 1
6774 2
6775 1
6776 1
6777 1
6778 1
6779 1
6780 1
6781 1
6782 2
6783 1
6784 1
6785 1
6786 1
6787 1
6788 1
6789 1
6790 2
6791 1
6792 1
6793 1
6794 1
6795 3
6796 1
6797 2
6798 1
6799 1
6800 1
6801 1
6802 1
6803 1
6804 1
6805 1
6806 4
6807 2
6808 1
6809 1
6810 1
6811 1
6812 1
6813 1
6814 1
6815 2
6816 2
6817 1
6818 1
6819 2
6820 1
6821 2
6822 1
6823 1
6824 1
6825 2
6826 1
6827 2
6828 1
6829 3
6830 1
6831 1
6832 1
6833 1
6834 1
6835 2
6836 1
6837 1
6838 1
6839 1
6840 1
6841 1
6842 1
6843 1
6844 1
6845 1
6846 1
6847 1
6848 1
6849 3
6850 2
6851 2
6852 1
6853 2
6854 1
6855 1
6856 1
6857 2
6858 1
6859 1
6860 1
6861 1
6862 2
6863 1
6864 1
6865 1
6866 1
6867 1
6868 1
6869 2
6870 2
6871 1
6872 1
6873 2
6874 1
6875 2
6876 3
6877 1
6878 1
6879 1
6880 2
6881 1
6882 1
6883 2
6884 1
6885 1
6886 1
6887 2
6888 1
6889 1
6890 1
6891 1
6892 1
6893 2
6894 1
6895 1
6896 1
6897 1
6898 2
6899 1
6900 1
6901 1
6902 1
6903 1
6904 3
6905 2
6906 1
6907 1
6908 1
6909 1
6910 2
6911 1
6912 1
6913 1
6914 1
6915 1
6916 2
6917 2
6918 1
6919 1
6920 1
6921 1
6922 1
6923 2
6924 1
6925 2
6926 1
6927 1
6928 1
6929 1
6930 1
6931 1
6932 1
6933 1
6934 1
6935 2
6936 1
6937 1
6938 1
6939 1
6940 1
6941 2
6942 2
6943 1
6944 1
6945 1
6946 1
6947 2
6948 1
6949 2
6950 1
6951 1
6952 1
6953 1
6954 2
6955 1
6956 1
6957 1
6958 1
6959 1
6960 1
6961 1
6962 1
6963 1
6964 1
6965 2
6966 2
6967 2
6968 1
6969 1
6970 2
6971 1
6972 1
6973 1
6974 2
6975 1
6976 1
6977 2
6978 1
6979 2
6980 1
6981 1
6982 1
6983 2
6984 2
6985 1
6986 2
6987 1
6988 1
6989 3
6990 1
6991 1
6992 1
6993 1
6994 1
6995 1
6996 3
6997 2
6998 2
6999 1
7000 2
7001 1
7002 1
7003 1
7004 1
7005 1
7006 1
7007 1
7008 1
7009 1
7010 1
7011 1
7012 1
7013 1
7014 1
7015 1
7016 2
7017 1
7018 1
7019 2
7020 1
7021 1
7022 1
7023 1
7024 1
7025 1
7026 1
7027 2
7028 1
7029 1
7030 1
7031 1
7032 1
7033 1
7034 1
7035 1
7036 1
7037 1
7038 1
7039 2
7040 1
7041 1
7042 1
7043 3
7044 1
7045 3
7046 1
7047 1
7048 2
7049 1
7050 1
7051 1
7052 1
7053 1
7054 1
7055 1
7056 1
7057 1
7058 1
7059 2
7060 2
7061 2
7062 1
7063 1
7064 1
7065 1
7066 1
7067 1
7068 2
7069 2
7070 1
7071 1
7072 2
7073 1
7074 1
7075 1
7076 1
7077 1
7078 1
7079 3
7080 1
7081 1
7082 1
7083 1
7084 2
7085 1
7086 1
7087 1
7088 1
7089 1
7090 1
7091 1
7092 1
7093 1
7094 1
7095 2
7096 2
7097 1
7098 2
7099 1
7100 2
7101 1
7102 2
7103 1
7104 1
7105 1
7106 1
7107 5
7108 1
7109 1
7110 1
7111 2
7112 1
7113 3
7114 1
7115 1
7116 1
7117 1
7118 1
7119 1
7120 1
7121 1
7122 1
7123 1
7124 1
7125 1
7126 1
7127 1
7128 2
7129 1
7130 1
7131 1
7132 1
7133 2
7134 1
7135 1
7136 2
7137 1
7138 1
7139 2
7140 2
7141 1
7142 1
7143 1
7144 1
7145 1
7146 1
7147 1
7148 2
7149 1
7150 1
7151 2
7152 1
7153 1
7154 1
7155 1
7156 1
7157 1
7158 1
7159 1
7160 1
7161 1
7162 2
7163 2
7164 1
7165 1
7166 1
7167 1
7168 1
7169 1
7170 1
7171 1
7172 3
7173 1
7174 1
7175 1
7176 1
7177 1
7178 1
7179 1
7180 2
7181 1
7182 2
7183 1
7184 1
7185 1
7186 1
7187 2
7188 2
7189 1
7190 1
7191 1
7192 1
7193 1
7194 1
7195 3
7196 1
7197 1
7198 2
7199 1
7200 1
7201 1
7202 2
7203 1
7204 1
7205 1
7206 1
7207 1
7208 2
7209 1
7210 1
7211 2
7212 1
7213 4
7214 1
7215 1
7216 1
7217 1
7218 1
7219 1
7220 1
7221 2
7222 3
7223 1
7224 1
7225 2
7226 1
7227 1
7228 2
7229 3
7230 1
7231 1
7232 1
7233 1
7234 1
7235 1
7236 1
7237 1
7238 1
7239 1
7240 1
7241 1
7242 1
7243 1
7244 1
7245 1
7246 1
7247 2
7248 1
7249 1
7250 1
7251 1
7252 1
7253 1
7254 1
7255 1
7256 1
7257 1
7258 1
7259 3
7260 1
7261 1
7262 1
7263 2
7264 1
7265 2
7266 1
7267 1
7268 1
7269 2
7270 1
7271 1
7272 1
7273 1
7274 1
7275 2
7276 1
7277 1
7278 1
7279 1
7280 2
7281 1
7282 1
7283 1
7284 1
7285 1
7286 2
7287 1
7288 1
7289 1
7290 1
7291 1
7292 1
7293 1
7294 1
7295 1
7296 1
7297 1
7298 1
7299 1
7300 1
7301 1
7302 1
7303 1
7304 1
7305 1
7306 1
7307 1
7308 1
7309 1
7310 1
7311 1
7312 1
7313 1
7314 2
7315 2
7316 1
7317 1
7318 1
7319 1
7320 1
7321 1
7322 2
7323 1
7324 3
7325 1
7326 1
7327 2
7328 1
7329 1
7330 1
7331 1
7332 1
7333 1
7334 2
7335 1
7336 1
7337 2
7338 2
7339 1
7340 4
7341 1
7342 1
7343 1
7344 1
7345 1
7346 1
7347 1
7348 1
7349 1
7350 1
7351 1
7352 1
7353 2
7354 1
7355 3
7356 1
7357 1
7358 1
7359 1
7360 1
7361 2
7362 1
7363 1
7364 1
7365 1
7366 1
7367 1
7368 1
7369 1
7370 1
7371 1
7372 2
7373 1
7374 2
7375 1
7376 1
7377 1
7378 1
7379 1
7380 1
7381 1
7382 1
7383 1
7384 2
7385 1
7386 1
7387 1
7388 1
7389 1
7390 1
7391 1
7392 2
7393 1
7394 1
7395 1
7396 1
7397 1
7398 1
7399 1
7400 2
7401 1
7402 1
7403 2
7404 2
7405 1
7406 1
7407 1
7408 1
7409 3
7410 1
7411 1
7412 1
7413 2
7414 1
7415 1
7416 1
7417 1
7418 1
7419 1
7420 1
7421 1
7422 2
7423 2
7424 1
7425 1
7426 1
7427 1
7428 1
7429 2
7430 2
7431 2
7432 1
7433 1
7434 1
7435 1
7436 1
7437 1
7438 1
7439 1
7440 3
7441 1
7442 1
7443 1
7444 2
7445 1
7446 1
7447 1
7448 1
7449 1
7450 1
7451 1
7452 1
7453 1
7454 1
7455 1
7456 1
7457 1
7458 1
7459 1
7460 1
7461 1
7462 1
7463 1
7464 1
7465 1
7466 1
7467 1
7468 1
7469 1
7470 1
7471 2
7472 2
7473 1
7474 1
7475 1
7476 2
7477 1
7478 1
7479 1
7480 1
7481 2
7482 1
7483 2
7484 1
7485 1
7486 1
7487 1
7488 2
7489 1
7490 2
7491 1
7492 1
7493 1
7494 2
7495 1
7496 2
7497 1
7498 1
7499 1
7500 1
7501 2
7502 1
7503 1
7504 1
7505 1
7506 1
7507 1
7508 1
7509 1
7510 2
7511 1
7512 1
7513 1
7514 1
7515 1
7516 1
7517 1
7518 2
7519 2
7520 1
7521 1
7522 2
7523 2
7524 1
7525 1
7526 1
7527 1
7528 1
7529 1
7530 1
7531 3
7532 1
7533 1
7534 1
7535 1
7536 1
7537 1
7538 1
7539 1
7540 1
7541 1
7542 1
7543 1
7544 2
7545 2
7546 1
7547 1
7548 1
7549 2
7550 1
7551 1
7552 1
7553 1
7554 2
7555 1
7556 1
7557 1
7558 1
7559 1
7560 1
7561 1
7562 5
7563 1
7564 1
7565 1
7566 1
7567 1
7568 1
7569 1
7570 1
7571 1
7572 1
7573 1
7574 1
7575 1
7576 1
7577 1
7578 1
7579 1
7580 1
7581 1
7582 1
7583 1
7584 1
7585 1
7586 1
7587 1
7588 1
7589 1
7590 1
7591 1
7592 1
7593 1
7594 1
7595 1
7596 1
7597 1
7598 1
7599 2
7600 1
7601 2
7602 2
7603 1
7604 1
7605 1
7606 1
7607 2
7608 2
7609 1
7610 1
7611 2
7612 1
7613 1
7614 1
7615 1
7616 2
7617 2
7618 1
7619 1
7620 2
7621 1
7622 1
7623 1
7624 2
7625 2
7626 1
7627 1
7628 1
7629 1
7630 1
7631 2
7632 1
7633 1
7634 1
7635 1
7636 1
7637 1
7638 2
7639 1
7640 1
7641 2
7642 1
7643 1
7644 1
7645 1
7646 2
7647 2
7648 1
7649 1
7650 2
7651 1
7652 1
7653 1
7654 1
7655 1
7656 1
7657 1
7658 2
7659 1
7660 1
7661 1
7662 1
7663 1
7664 1
7665 1
7666 2
7667 1
7668 1
7669 1
7670 1
7671 1
7672 1
7673 1
7674 1
7675 2
7676 1
7677 1
7678 1
7679 1
7680 2
7681 2
7682 1
7683 2
7684 1
7685 1
7686 1
7687 1
7688 1
7689 1
7690 1
7691 1
7692 1
7693 2
7694 1
7695 1
7696 2
7697 1
7698 1
7699 1
7700 1
7701 2
7702 1
7703 2
7704 1
7705 1
7706 2
7707 1
7708 1
7709 1
7710 1
7711 1
7712 2
7713 1
7714 1
7715 1
7716 1
7717 1
7718 1
7719 1
7720 1
7721 1
7722 1
7723 1
7724 1
7725 1
7726 1
7727 1
7728 1
7729 1
7730 2
7731 1
7732 1
7733 1
7734 1
7735 1
7736 2
7737 1
7738 1
7739 1
7740 1
7741 1
7742 1
7743 1
7744 2
7745 1
7746 1
7747 1
7748 1
7749 1
7750 1
7751 2
7752 1
7753 1
7754 1
7755 1
7756 1
7757 1
7758 1
7759 1
7760 1
7761 1
7762 1
7763 1
7764 1
7765 1
7766 1
7767 1
7768 1
7769 1
7770 1
7771 1
7772 2
7773 3
7774 1
7775 1
7776 1
7777 1
7778 1
7779 1
7780 1
7781 1
7782 1
7783 2
7784 1
7785 3
7786 1
7787 1
7788 1
7789 1
7790 1
7791 1
7792 1
7793 1
7794 1
7795 1
7796 2
7797 1
7798 2
7799 2
7800 1
7801 1
7802 1
7803 1
7804 2
7805 1
7806 1
7807 1
7808 1
7809 1
7810 1
7811 1
7812 2
7813 2
7814 1
7815 1
7816 1
7817 1
7818 1
7819 1
7820 1
7821 1
7822 1
7823 1
7824 1
7825 1
7826 1
7827 1
7828 1
7829 1
7830 1
7831 1
7832 1
7833 1
7834 1
7835 1
7836 2
7837 1
7838 1
7839 1
7840 2
7841 1
7842 1
7843 1
7844 1
7845 1
7846 1
7847 1
7848 1
7849 1
7850 1
7851 1
7852 1
7853 1
7854 2
7855 1
7856 1
7857 1
7858 2
7859 1
7860 1
7861 1
7862 2
7863 1
7864 1
7865 1
7866 1
7867 1
7868 2
7869 1
7870 1
7871 1
7872 1
7873 1
7874 2
7875 1
7876 2
7877 1
7878 1
7879 1
7880 2
7881 1
7882 1
7883 1
7884 1
7885 2
7886 1
7887 1
7888 2
7889 1
7890 2
7891 1
7892 2
7893 1
7894 1
7895 1
7896 2
7897 1
7898 2
7899 1
7900 1
7901 1
7902 1
7903 1
7904 1
7905 1
7906 1
7907 1
7908 1
7909 1
7910 1
7911 2
7912 1
7913 1
7914 1
7915 2
7916 1
7917 1
7918 1
7919 1
7920 1
7921 2
7922 1
7923 1
7924 1
7925 1
7926 1
7927 1
7928 1
7929 1
7930 1
7931 1
7932 1
7933 1
7934 1
7935 1
7936 1
7937 1
7938 2
7939 1
7940 2
7941 1
7942 2
7943 2
7944 2
7945 1
7946 1
7947 1
7948 1
7949 1
7950 1
7951 1
7952 1
7953 1
7954 1
7955 1
7956 1
7957 1
7958 1
7959 1
7960 1
7961 1
7962 2
7963 2
7964 1
7965 1
7966 1
7967 2
7968 1
7969 1
7970 1
7971 1
7972 1
7973 1
7974 1
7975 1
7976 1
7977 1
7978 1
7979 1
7980 1
7981 1
7982 1
7983 1
7984 1
7985 1
7986 1
7987 1
7988 1
7989 1
7990 1
7991 1
7992 1
7993 1
7994 1
7995 1
7996 1
7997 1
7998 1
7999 1
8000 1
8001 1
8002 1
8003 1
8004 1
8005 1
8006 1
8007 1
8008 1
8009 1
8010 1
8011 3
8012 1
8013 1
8014 1
8015 1
8016 1
8017 1
8018 1
8019 1
8020 1
8021 2
8022 1
8023 1
8024 1
8025 1
8026 1
8027 1
8028 1
8029 2
8030 1
8031 2
8032 1
8033 2
8034 1
8035 1
8036 1
8037 1
8038 1
8039 1
8040 1
8041 1
8042 1
8043 1
8044 1
8045 1
8046 1
8047 1
8048 1
8049 1
8050 1
8051 2
8052 2
8053 1
8054 1
8055 1
8056 1
8057 2
8058 1
8059 1
8060 2
8061 1
8062 1
8063 1
8064 1
8065 1
8066 1
8067 1
8068 1
8069 1
8070 1
8071 1
8072 1
8073 1
8074 1
8075 1
8076 1
8077 1
8078 1
8079 1
8080 1
8081 1
8082 1
8083 1
8084 1
8085 1
8086 1
8087 1
8088 1
8089 1
8090 1
8091 1
8092 1
8093 1
8094 1
8095 1
8096 1
8097 1
8098 1
8099 1
8100 1
8101 1
8102 1
8103 1
8104 1
8105 3
8106 1
8107 1
8108 1
8109 1
8110 2
8111 2
8112 1
8113 2
8114 1
8115 1
8116 2
8117 1
8118 1
8119 1
8120 1
8121 1
8122 1
8123 1
8124 2
8125 1
8126 2
8127 1
8128 1
8129 1
8130 1
8131 1
8132 1
8133 1
8134 1
8135 1
8136 1
8137 1
8138 1
8139 1
8140 2
8141 1
8142 1
8143 1
8144 1
8145 2
8146 1
8147 1
8148 1
8149 1
8150 2
8151 1
8152 1
8153 1
8154 1
8155 1
8156 1
8157 1
8158 1
8159 1
8160 1
8161 1
8162 1
8163 1
8164 1
8165 1
8166 1
8167 1
8168 1
8169 1
8170 2
8171 1
8172 1
8173 1
8174 1
8175 1
8176 1
8177 1
8178 1
8179 1
8180 1
8181 1
8182 1
8183 1
8184 1
8185 1
8186 1
8187 1
8188 1
8189 1
8190 2
8191 1
8192 1
8193 1
8194 1
8195 1
8196 1
8197 1
8198 1
8199 1
8200 1
8201 1
8202 1
8203 1
8204 1
8205 1
8206 1
8207 1
8208 1
8209 1
8210 2
8211 1
8212 1
8213 1
8214 1
8215 1
8216 1
8217 2
8218 1
8219 2
8220 1
8221 1
8222 3
8223 1
8224 1
8225 1
8226 1
8227 3
8228 1
8229 1
8230 1
8231 2
8232 1
8233 2
8234 1
8235 1
8236 1
8237 3
8238 1
8239 2
8240 1
8241 1
8242 1
8243 1
8244 1
8245 1
8246 1
8247 1
8248 1
8249 2
8250 1
8251 1
8252 1
8253 1
8254 1
8255 2
8256 1
8257 2
8258 1
8259 1
8260 1
8261 1
8262 1
8263 1
8264 2
8265 1
8266 2
8267 1
8268 1
8269 2
8270 1
8271 1
8272 1
8273 1
8274 1
8275 1
8276 1
8277 1
8278 1
8279 1
8280 1
8281 1
8282 1
8283 1
8284 1
8285 1
8286 2
8287 1
8288 1
8289 1
8290 1
8291 1
8292 1
8293 1
8294 1
8295 1
8296 1
8297 1
8298 1
8299 1
8300 1
8301 1
8302 2
8303 1
8304 2
8305 1
8306 1
8307 1
8308 1
8309 1
8310 1
8311 1
8312 1
8313 1
8314 1
8315 1
8316 1
8317 1
8318 1
8319 1
8320 1
8321 1
8322 1
8323 1
8324 1
8325 1
8326 1
8327 2
8328 1
8329 1
8330 1
8331 1
8332 2
8333 2
8334 4
8335 1
8336 1
8337 2
8338 1
8339 1
8340 1
8341 1
8342 1
8343 1
8344 1
8345 1
8346 1
8347 1
8348 1
8349 1
8350 1
8351 1
8352 1
8353 1
8354 1
8355 1
8356 1
8357 2
8358 1
8359 1
8360 1
8361 1
8362 1
8363 2
8364 1
8365 1
8366 1
8367 1
8368 1
8369 1
8370 1
8371 1
8372 1
8373 1
8374 1
8375 1
8376 1
8377 1
8378 1
8379 1
8380 1
8381 2
8382 1
8383 1
8384 2
8385 1
8386 1
8387 1
8388 1
8389 1
8390 1
8391 1
8392 1
8393 1
8394 1
8395 1
8396 1
8397 1
8398 1
8399 1
8400 1
8401 1
8402 1
8403 1
8404 2
8405 1
8406 1
8407 2
8408 1
8409 1
8410 1
8411 1
8412 2
8413 1
8414 1
8415 1
8416 1
8417 2
8418 1
8419 1
8420 1
8421 1
8422 1
8423 1
8424 1
8425 1
8426 1
8427 1
8428 1
8429 1
8430 1
8431 1
8432 1
8433 1
8434 1
8435 1
8436 1
8437 1
8438 1
8439 1
8440 1
8441 1
8442 1
8443 1
8444 1
8445 1
8446 1
8447 1
8448 1
8449 2
8450 1
8451 1
8452 1
8453 1
8454 2
8455 1
8456 1
8457 1
8458 1
8459 1
8460 1
8461 1
8462 1
8463 1
8464 1
8465 1
8466 1
8467 1
8468 1
8469 1
8470 1
8471 1
8472 1
8473 1
8474 1
8475 1
8476 1
8477 1
8478 1
8479 1
8480 1
8481 3
8482 1
8483 1
8484 1
8485 1
8486 1
8487 1
8488 1
8489 1
8490 1
8491 2
8492 1
8493 1
8494 1
8495 1
8496 1
8497 1
8498 1
8499 1
8500 2
8501 1
8502 1
8503 1
8504 1
8505 1
8506 1
8507 1
8508 1
8509 1
8510 1
8511 1
8512 1
8513 1
8514 1
8515 1
8516 1
8517 1
8518 1
8519 1
8520 1
8521 1
8522 1
8523 1
8524 1
8525 1
8526 1
8527 1
8528 2
8529 2
8530 1
8531 1
8532 1
8533 1
8534 1
8535 2
8536 1
8537 1
8538 1
8539 1
8540 1
8541 1
8542 1
8543 1
8544 1
8545 1
8546 1
8547 2
8548 1
8549 2
8550 1
8551 1
8552 1
8553 1
8554 1
8555 1
8556 1
8557 1
8558 1
8559 1
8560 1
8561 1
8562 1
8563 1
8564 1
8565 1
8566 1
8567 1
8568 1
8569 2
8570 1
8571 1
8572 2
8573 2
8574 1
8575 1
8576 1
8577 1
8578 2
8579 1
8580 1
8581 1
8582 2
8583 1
8584 1
8585 1
8586 1
8587 1
8588 2
8589 2
8590 1
8591 1
8592 1
8593 1
8594 1
8595 1
8596 1
8597 1
8598 1
8599 1
8600 1
8601 1
8602 1
8603 2
8604 2
8605 1
8606 1
8607 1
8608 1
8609 2
8610 3
8611 1
8612 3
8613 1
8614 1
8615 1
8616 1
8617 1
8618 2
8619 1
8620 1
8621 1
8622 1
8623 1
8624 1
8625 1
8626 1
8627 1
8628 1
8629 1
8630 1
8631 1
8632 1
8633 1
8634 1
8635 1
8636 1
8637 1
8638 1
8639 1
8640 1
8641 1
8642 1
8643 1
8644 1
8645 1
8646 1
8647 1
8648 1
8649 1
8650 1
8651 2
8652 1
8653 1
8654 1
8655 1
8656 1
8657 1
8658 1
8659 1
8660 1
8661 1
8662 1
8663 1
8664 1
8665 1
8666 2
8667 1
8668 1
8669 2
8670 1
8671 1
8672 2
8673 1
8674 1
8675 1
8676 1
8677 1
8678 1
8679 2
8680 1
8681 1
8682 1
8683 1
8684 1
8685 1
8686 2
8687 1
8688 1
8689 1
8690 1
8691 1
8692 2
8693 1
8694 1
8695 1
8696 1
8697 1
8698 1
8699 2
8700 1
8701 1
8702 1
8703 1
8704 1
8705 1
8706 1
8707 2
8708 1
8709 1
8710 1
8711 1
8712 1
8713 1
8714 1
8715 1
8716 2
8717 1
8718 1
8719 1
8720 1
8721 2
8722 1
8723 2
8724 1
8725 1
8726 1
8727 1
8728 1
8729 1
8730 1
8731 1
8732 1
8733 1
8734 1
8735 1
8736 1
8737 1
8738 1
8739 1
8740 1
8741 1
8742 1
8743 1
8744 1
8745 1
8746 1
8747 1
8748 1
8749 1
8750 1
8751 1
8752 1
8753 1
8754 1
8755 2
8756 1
8757 1
8758 2
8759 1
8760 1
8761 1
8762 2
8763 1
8764 1
8765 1
8766 1
8767 1
8768 1
8769 1
8770 1
8771 1
8772 1
8773 2
8774 1
8775 1
8776 1
8777 2
8778 1
8779 1
8780 1
8781 1
8782 1
8783 1
8784 1
8785 1
8786 1
8787 1
8788 1
8789 1
8790 1
8791 1
8792 1
8793 1
8794 1
8795 1
8796 1
8797 1
8798 1
8799 1
8800 1
8801 1
8802 1
8803 1
8804 1
8805 1
8806 1
8807 1
8808 1
8809 1
8810 1
8811 1
8812 1
8813 1
8814 1
8815 1
8816 2
8817 1
8818 1
8819 1
8820 1
8821 1
8822 1
8823 1
8824 2
8825 1
8826 1
8827 1
8828 1
8829 1
8830 1
8831 1
8832 1
8833 1
8834 1
8835 1
8836 1
8837 1
8838 1
8839 1
8840 1
8841 1
8842 1
8843 1
8844 1
8845 1
8846 1
8847 1
8848 1
8849 1
8850 1
8851 1
8852 1
8853 1
8854 1
8855 1
8856 1
8857 1
8858 1
8859 2
8860 1
8861 1
8862 1
8863 1
8864 1
8865 1
8866 1
8867 1
8868 1
8869 1
8870 1
8871 1
8872 1
8873 1
8874 1
8875 2
8876 1
8877 1
8878 1
8879 1
8880 1
8881 1
8882 1
8883 1
8884 1
8885 1
8886 1
8887 1
8888 1
8889 1
8890 1
8891 1
8892 1
8893 2
8894 1
8895 1
8896 1
8897 1
8898 1
8899 1
8900 1
8901 1
8902 1
8903 1
8904 1
8905 1
8906 1
8907 1
8908 1
8909 1
8910 1
8911 1
8912 1
8913 1
8914 1
8915 1
8916 1
8917 1
8918 1
8919 1
8920 1
8921 1
8922 1
8923 1
8924 1
8925 2
8926 1
8927 1
8928 1
8929 1
8930 1
8931 2
8932 2
8933 1
8934 1
8935 1
8936 1
8937 1
8938 1
8939 1
8940 1
8941 1
8942 1
8943 1
8944 1
8945 2
8946 1
8947 1
8948 1
8949 1
8950 1
8951 1
8952 1
8953 1
8954 1
8955 1
8956 1
8957 1
8958 1
8959 1
8960 1
8961 1
8962 1
8963 1
8964 1
8965 2
8966 1
8967 1
8968 1
8969 1
8970 1
8971 1
8972 1
8973 1
8974 1
8975 1
8976 1
8977 1
8978 1
8979 1
8980 3
8981 1
8982 1
8983 1
8984 1
8985 1
8986 1
8987 1
8988 1
8989 1
8990 1
8991 1
8992 1
8993 1
8994 1
8995 1
8996 1
8997 1
8998 1
8999 1
9000 1
9001 1
9002 1
9003 1
9004 1
9005 1
9006 1
9007 1
9008 1
9009 1
9010 1
9011 1
9012 1
9013 1
9014 1
9015 1
9016 2
9017 1
9018 1
9019 1
9020 1
9021 1
9022 1
9023 1
9024 1
9025 1
9026 1
9027 1
9028 1
9029 1
9030 2
9031 1
9032 1
9033 1
9034 1
9035 1
9036 1
9037 1
9038 1
9039 1
9040 1
9041 1
9042 1
9043 1
9044 1
9045 1
9046 1
9047 1
9048 1
9049 1
9050 1
9051 1
9052 1
9053 1
9054 1
9055 2
9056 1
9057 1
9058 1
9059 1
9060 1
9061 1
9062 1
9063 1
9064 1
9065 1
9066 1
9067 1
9068 1
9069 1
9070 1
9071 1
9072 1
9073 1
9074 1
9075 1
9076 1
9077 1
9078 1
9079 1
9080 1
9081 1
9082 1
9083 1
9084 1
9085 1
9086 1
9087 1
9088 1
9089 1
9090 1
9091 1
9092 1
9093 1
9094 1
9095 1
9096 1
9097 1
9098 1
9099 1
9100 1
9101 1
9102 1
9103 1
9104 1
9105 2
9106 1
9107 1
9108 1
9109 1
9110 1
9111 1
9112 1
9113 1
9114 1
9115 1
9116 1
9117 1
9118 1
9119 1
9120 1
9121 1
9122 1
9123 1
9124 1
9125 1
9126 1
9127 1
9128 1
9129 1
9130 1
9131 1
9132 1
9133 1
9134 1
9135 1
9136 1
9137 1
9138 1
9139 1
9140 1
9141 1
9142 1
9143 2
9144 1
9145 2
9146 2
9147 1
9148 1
9149 1
9150 1
9151 1
9152 1
9153 2
9154 1
9155 1
9156 1
9157 1
9158 1
9159 1
9160 1
9161 1
9162 1
9163 1
9164 1
9165 1
9166 1
9167 1
9168 1
9169 1
9170 1
9171 1
9172 1
9173 2
9174 1
9175 1
9176 2
9177 1
9178 1
9179 1
9180 1
9181 1
9182 1
9183 1
9184 1
9185 1
9186 1
9187 1
9188 1
9189 1
9190 2
9191 1
9192 1
9193 1
9194 1
9195 1
9196 1
9197 1
9198 1
9199 1
9200 1
9201 1
9202 1
9203 1
9204 1
9205 1
9206 1
9207 1
9208 1
9209 1
9210 1
9211 1
9212 1
9213 1
9214 1
9215 1
9216 1
9217 1
9218 1
9219 1
9220 1
9221 1
9222 1
9223 1
9224 1
9225 1
9226 1
9227 1
9228 1
9229 1
9230 1
9231 1
9232 1
9233 1
9234 1
9235 1
9236 1
9237 1
9238 1
9239 1
9240 1
9241 1
9242 1
9243 1
9244 1
9245 1
9246 1
9247 1
9248 1
9249 1
9250 1
9251 1
9252 1
9253 1
9254 1
9255 1
9256 1
9257 3
9258 2
9259 1
9260 1
9261 2
9262 1
9263 1
9264 1
9265 1
9266 1
9267 1
9268 1
9269 1
9270 1
9271 1
9272 1
9273 1
9274 1
9275 1
9276 1
9277 1
9278 2
9279 1
9280 1
9281 1
9282 1
9283 1
9284 1
9285 1
9286 1
9287 1
9288 1
9289 1
9290 1
9291 1
9292 1
9293 1
9294 1
9295 1
9296 1
9297 2
9298 1
9299 1
9300 1
9301 1
9302 1
9303 1
9304 1
9305 1
9306 1
9307 1
9308 1
9309 1
9310 1
9311 1
9312 1
9313 1
9314 1
9315 1
9316 1
9317 1
9318 1
9319 1
9320 1
9321 1
9322 1
9323 1
9324 1
9325 1
9326 1
9327 1
9328 1
9329 1
9330 1
9331 1
9332 1
9333 1
9334 1
9335 2
9336 1
9337 1
9338 1
9339 1
9340 1
9341 1
9342 1
9343 1
9344 1
9345 1
9346 1
9347 1
9348 1
9349 1
9350 1
9351 1
9352 1
9353 1
9354 1
9355 2
9356 1
9357 1
9358 1
9359 1
9360 1
9361 1
9362 2
9363 1
9364 1
9365 1
9366 1
9367 1
9368 1
9369 1
9370 1
9371 1
9372 1
9373 1
9374 1
9375 1
9376 1
9377 1
9378 1
9379 1
9380 1
9381 1
9382 1
9383 1
9384 1
9385 1
9386 1
9387 1
9388 1
9389 1
9390 1
9391 1
9392 1
9393 1
9394 1
9395 1
9396 1
9397 1
9398 1
9399 1
9400 1
9401 1
9402 2
9403 1
9404 1
9405 1
9406 1
9407 1
9408 1
9409 1
9410 1
9411 1
9412 1
9413 1
9414 1
9415 1
9416 1
9417 1
9418 1
9419 1
9420 1
9421 1
9422 1
9423 1
9424 1
9425 1
9426 1
9427 1
9428 1
9429 1
9430 1
9431 1
9432 1
9433 1
9434 1
9435 1
9436 1
9437 1
9438 1
9439 1
9440 1
9441 2
9442 1
9443 1
9444 1
9445 2
9446 1
9447 1
9448 1
9449 1
9450 1
9451 1
9452 1
9453 1
9454 1
9455 1
9456 1
9457 2
9458 1
9459 1
9460 1
9461 2
9462 1
9463 1
9464 1
9465 1
9466 1
9467 1
9468 1
9469 1
9470 1
9471 1
9472 1
9473 1
9474 1
9475 1
9476 1
9477 1
9478 1
9479 1
9480 2
9481 1
9482 1
9483 1
9484 1
9485 1
9486 1
9487 1
9488 1
9489 1
9490 1
9491 1
9492 1
9493 1
9494 1
9495 1
9496 1
9497 1
9498 1
9499 1
9500 1
9501 1
9502 1
9503 1
9504 1
9505 1
9506 1
9507 1
9508 1
9509 1
9510 1
9511 1
9512 1
9513 1
9514 1
9515 1
9516 1
9517 1
9518 1
9519 1
9520 1
9521 1
9522 1
9523 1
9524 1
9525 1
9526 1
9527 1
9528 1
9529 1
9530 1
9531 1
9532 1
9533 1
9534 1
9535 1
9536 1
9537 1
9538 1
9539 1
9540 1
9541 1
9542 1
9543 2
9544 1
9545 1
9546 1
9547 1
9548 1
9549 1
9550 1
9551 1
9552 1
9553 1
9554 1
9555 1
9556 1
9557 1
9558 2
9559 1
9560 1
9561 1
9562 1
9563 1
9564 1
9565 1
9566 1
9567 1
9568 1
9569 1
9570 1
9571 1
9572 1
9573 1
9574 1
9575 1
9576 1
9577 1
9578 1
9579 1
9580 1
9581 1
9582 1
9583 1
9584 1
9585 1
9586 1
9587 1
9588 1
9589 1
9590 1
9591 1
9592 1
9593 1
9594 1
9595 1
9596 1
9597 1
9598 1
9599 1
9600 1
9601 1
9602 1
9603 1
9604 1
9605 1
9606 1
9607 1
9608 1
9609 1
9610 1
9611 1
9612 1
9613 1
9614 1
9615 1
9616 1
9617 1
9618 1
9619 1
9620 1
9621 1
9622 1
9623 1
9624 1
9625 1
9626 1
9627 1
9628 1
9629 1
9630 1
9631 1
9632 1
9633 1
9634 1
9635 1
9636 1
9637 1
9638 2
9639 1
9640 1
9641 1
9642 1
9643 1
9644 1
9645 1
9646 1
9647 1
9648 1
9649 1
9650 1
9651 1
9652 1
9653 1
9654 1
9655 1
9656 1
9657 1
9658 1
9659 1
9660 1
9661 1
9662 1
9663 1
9664 1
9665 1
9666 1
9667 1
9668 1
9669 1
9670 1
9671 1
9672 1
9673 1
9674 1
9675 1
9676 1
9677 1
9678 1
9679 1
9680 1
9681 1
9682 1
9683 1
9684 1
9685 1
9686 1
9687 1
9688 1
9689 1
9690 1
9691 1
9692 1
9693 1
9694 1
9695 1
9696 1
9697 1
9698 1
9699 1
9700 1
9701 1
9702 1
9703 1
9704 1
9705 2
9706 1
9707 1
9708 1
9709 1
9710 1
9711 1
9712 1
9713 1
9714 1
9715 1
9716 1
9717 1
9718 1
9719 1
9720 1
9721 1
9722 1
9723 1
9724 1
9725 1
9726 1
9727 1
9728 1
9729 1
9730 1
9731 1
9732 1
9733 1
9734 1
9735 1
9736 1
9737 1
9738 1
9739 1
9740 1
9741 1
9742 1
9743 1
9744 1
9745 1
9746 1
9747 1
9748 1
9749 1
9750 1
9751 1
9752 1
9753 1
9754 2
9755 1
9756 1
9757 1
9758 1
9759 1
9760 1
9761 1
9762 1
9763 1
9764 1
9765 1
9766 1
9767 1
9768 1
9769 1
9770 1
9771 1
9772 1
9773 1
9774 1
9775 1
9776 1
9777 1
9778 1
9779 1
9780 1
9781 1
9782 1
9783 1
9784 1
9785 1
9786 1
9787 1
9788 1
9789 2
9790 1
9791 1
9792 1
9793 1
9794 1
9795 1
9796 1
9797 1
9798 1
9799 1
9800 1
9801 1
9802 1
9803 1
9804 1
9805 1
9806 1
9807 1
9808 1
9809 1
9810 1
9811 1
9812 1
9813 1
9814 1
9815 1
9816 1
9817 1
9818 1
9819 1
9820 1
9821 1
9822 1
9823 1
9824 1
9825 1
9826 1
9827 1
9828 1
9829 1
9830 1
9831 1
9832 1
9833 1
9834 1
9835 1
9836 1
9837 1
9838 1
9839 1
9840 1
9841 1
9842 1
9843 1
9844 1
9845 1
9846 1
9847 1
9848 1
9849 1
9850 1
9851 1
9852 1
9853 1
9854 1
9855 1
9856 1
9857 1
9858 1
9859 1
9860 1
9861 1
9862 2
9863 1
9864 1
9865 1
9866 1
9867 1
9868 1
9869 1
9870 1
9871 1
9872 1
9873 1
9874 1
9875 1
9876 1
9877 1
9878 2
9879 1
9880 1
9881 1
9882 1
9883 1
9884 1
9885 1
9886 1
9887 1
9888 1
9889 1
9890 1
9891 1
9892 1
9893 1
9894 1
9895 1
9896 1
9897 1
9898 1
9899 1
9900 1
9901 1
9902 1
9903 1
9904 1
9905 1
9906 1
9907 1
9908 1
9909 1
9910 1
9911 1
9912 1
9913 1
9914 1
9915 1
9916 1
9917 1
9918 1
9919 1
9920 1
9921 1
9922 1
9923 1
9924 1
9925 1
9926 1
9927 1
9928 1
9929 1
9930 1
9931 1
9932 1
9933 1
9934 1
9935 1
9936 1
9937 1
9938 1
9939 1
9940 1
9941 1
9942 1
9943 1
9944 1
9945 1
9946 1
9947 1
9948 1
9949 1
9950 1
9951 1
9952 1
9953 1
9954 1
9955 1
9956 1
9957 1
9958 1
9959 1
9960 1
9961 1
9962 1
9963 1
9964 1
9965 1
9966 1
9967 1
9968 1
9969 1
9970 1
9971 1
9972 1
9973 1
9974 1
9975 1
9976 1
9977 1
9978 1
9979 1
9980 1
9981 1
9982 1
9983 1
9984 1
9985 1
9986 1
9987 1
9988 1
9989 1
9990 1
9991 1
9992 1
9993 1
9994 1
9995 1
9996 1
9997 1
9998 1
9999 1
10000 1
