0 50
1 24
2 20
3 12
4 16
5 9
6 39
7 24
8 16
9 2
10 5
11 30
12 2
13 4
14 56
15 23
16 5
17 8
18 5
19 15
20 18
21 18
22 23
23 18
24 5
25 33
26 2
27 25
28 9
29 11
30 12
31 29
32 5
33 37
34 8
35 2
36 36
37 5
38 10
39 3
40 6
41 12
42 8
43 4
44 3
45 9
46 21
47 4
48 9
49 6
50 6
51 7
52 11
53 20
54 16
55 12
56 4
57 6
58 5
59 7
60 1
61 19
62 4
63 9
64 16
65 14
66 13
67 6
68 8
69 22
70 12
71 14
72 16
73 4
74 4
75 14
76 6
77 1
78 14
79 6
80 21
81 8
82 12
83 4
84 11
85 1
86 20
87 4
88 1
89 7
90 11
91 1
92 2
93 10
94 5
95 1
96 5
97 14
98 8
99 4
100 5
101 3
102 20
103 13
104 3
105 13
106 3
107 27
108 2
109 16
110 3
111 22
112 3
113 6
114 1
115 3
116 12
117 7
118 7
119 3
120 5
121 3
122 5
123 5
124 17
125 15
126 3
127 4
128 7
129 4
130 6
131 6
132 11
133 12
134 16
135 7
136 32
137 11
138 1
139 2
140 4
141 7
142 15
143 10
144 9
145 2
146 8
147 5
148 15
149 15
150 13
151 8
152 12
153 3
154 24
155 7
156 7
157 12
158 2
159 7
160 1
161 7
162 5
163 1
164 6
165 10
166 10
167 10
168 4
169 15
170 11
171 12
172 9
173 2
174 6
175 2
176 3
177 3
178 6
179 19
180 9
181 6
182 2
183 2
184 4
185 3
186 3
187 2
188 1
189 2
190 23
191 8
192 2
193 4
194 9
195 5
196 1
197 3
198 5
199 11
200 2
201 10
202 3
203 2
204 7
205 8
206 13
207 3
208 10
209 4
210 3
211 8
212 4
213 6
214 8
215 1
216 10
217 11
218 13
219 3
220 26
221 1
222 3
223 1
224 12
225 2
226 4
227 4
228 6
229 17
230 3
231 3
232 12
233 7
234 3
235 4
236 6
237 5
238 4
239 10
240 4
241 2
242 6
243 7
244 1
245 8
246 7
247 8
248 2
249 4
250 2
251 4
252 1
253 7
254 6
255 5
256 3
257 17
258 2
259 2
260 6
261 3
262 2
263 17
264 7
265 5
266 3
267 2
268 9
269 8
270 2
271 9
272 5
273 3
274 1
275 13
276 5
277 11
278 11
279 3
280 2
281 8
282 6
283 8
284 9
285 5
286 6
287 4
288 8
289 7
290 10
291 2
292 1
293 8
294 14
295 11
296 2
297 3
298 10
299 4
300 8
301 3
302 4
303 5
304 8
305 1
306 1
307 2
308 1
309 3
310 3
311 11
312 4
313 1
314 10
315 6
316 11
317 4
318 15
319 4
320 7
321 2
322 7
323 1
324 4
325 2
326 3
327 2
328 4
329 2
330 1
331 1
332 7
333 7
334 3
335 4
336 1
337 1
338 12
339 2
340 3
341 8
342 6
343 3
344 8
345 2
346 3
347 11
348 1
349 2
350 9
351 3
352 2
353 7
354 2
355 1
356 5
357 6
358 8
359 5
360 1
361 7
362 1
363 1
364 9
365 11
366 6
367 6
368 17
369 21
370 2
371 4
372 7
373 4
374 8
375 6
376 10
377 1
378 11
379 3
380 10
381 2
382 1
383 4
384 4
385 4
386 1
387 1
388 1
389 2
390 1
391 6
392 2
393 4
394 10
395 9
396 4
397 5
398 5
399 2
400 7
401 10
402 3
403 3
404 10
405 7
406 6
407 6
408 2
409 5
410 1
411 11
412 1
413 9
414 5
415 7
416 3
417 5
418 2
419 2
420 2
421 3
422 10
423 4
424 3
425 8
426 4
427 6
428 6
429 1
430 6
431 2
432 2
433 1
434 12
435 3
436 3
437 2
438 4
439 10
440 2
441 7
442 7
443 3
444 1
445 4
446 1
447 5
448 1
449 2
450 1
451 4
452 4
453 1
454 3
455 1
456 3
457 4
458 2
459 3
460 1
461 9
462 4
463 4
464 4
465 3
466 3
467 3
468 2
469 1
470 3
471 4
472 6
473 12
474 3
475 7
476 4
477 2
478 6
479 2
480 4
481 16
482 1
483 4
484 6
485 1
486 2
487 2
488 1
489 5
490 6
491 7
492 3
493 10
494 11
495 3
496 5
497 2
498 5
499 7
500 17
501 9
502 4
503 6
504 2
505 3
506 2
507 2
508 6
509 2
510 4
511 2
512 5
513 4
514 1
515 1
516 2
517 6
518 7
519 9
520 14
521 5
522 4
523 2
524 11
525 8
526 5
527 6
528 8
529 4
530 4
531 1
532 2
533 2
534 1
535 7
536 3
537 3
538 2
539 1
540 6
541 11
542 9
543 5
544 2
545 2
546 11
547 6
548 6
549 3
550 10
551 3
552 1
553 1
554 2
555 4
556 5
557 1
558 3
559 9
560 1
561 4
562 7
563 1
564 3
565 9
566 6
567 4
568 6
569 7
570 12
571 7
572 10
573 1
574 9
575 2
576 1
577 5
578 5
579 9
580 1
581 6
582 1
583 2
584 2
585 6
586 2
587 5
588 6
589 5
590 2
591 4
592 2
593 6
594 4
595 5
596 10
597 5
598 8
599 2
600 15
601 3
602 1
603 1
604 4
605 7
606 2
607 6
608 3
609 3
610 7
611 3
612 3
613 5
614 1
615 5
616 5
617 3
618 3
619 15
620 2
621 4
622 6
623 3
624 5
625 5
626 4
627 6
628 5
629 3
630 6
631 1
632 7
633 11
634 5
635 4
636 1
637 5
638 3
639 1
640 7
641 2
642 8
643 2
644 4
645 5
646 7
647 4
648 6
649 5
650 3
651 2
652 6
653 1
654 5
655 2
656 2
657 7
658 9
659 4
660 1
661 4
662 4
663 6
664 2
665 7
666 7
667 1
668 2
669 4
670 3
671 3
672 2
673 6
674 2
675 8
676 2
677 3
678 11
679 2
680 7
681 2
682 3
683 4
684 4
685 4
686 1
687 3
688 5
689 8
690 6
691 8
692 1
693 2
694 2
695 6
696 2
697 1
698 5
699 10
700 3
701 1
702 2
703 6
704 8
705 5
706 6
707 3
708 1
709 1
710 4
711 3
712 5
713 6
714 3
715 1
716 2
717 7
718 3
719 1
720 2
721 3
722 2
723 7
724 2
725 4
726 1
727 7
728 6
729 5
730 6
731 4
732 6
733 6
734 2
735 1
736 5
737 3
738 2
739 4
740 1
741 12
742 3
743 3
744 2
745 4
746 2
747 4
748 1
749 1
750 3
751 3
752 3
753 1
754 3
755 7
756 2
757 1
758 4
759 9
760 3
761 1
762 2
763 3
764 1
765 3
766 2
767 3
768 3
769 2
770 4
771 2
772 1
773 3
774 7
775 3
776 7
777 3
778 7
779 1
780 2
781 3
782 3
783 4
784 1
785 1
786 5
787 1
788 1
789 1
790 10
791 10
792 2
793 3
794 4
795 8
796 1
797 2
798 4
799 4
800 8
801 9
802 4
803 4
804 6
805 2
806 1
807 3
808 3
809 2
810 2
811 6
812 3
813 2
814 3
815 4
816 1
817 3
818 3
819 1
820 8
821 2
822 2
823 4
824 3
825 2
826 5
827 5
828 15
829 2
830 8
831 1
832 1
833 5
834 2
835 6
836 2
837 2
838 1
839 1
840 4
841 3
842 1
843 2
844 1
845 1
846 4
847 5
848 5
849 1
850 1
851 6
852 1
853 4
854 2
855 2
856 2
857 2
858 4
859 1
860 2
861 1
862 1
863 4
864 4
865 2
866 2
867 2
868 6
869 1
870 3
871 3
872 7
873 4
874 9
875 5
876 5
877 2
878 5
879 1
880 2
881 4
882 2
883 4
884 4
885 3
886 1
887 1
888 1
889 4
890 2
891 2
892 4
893 1
894 3
895 3
896 4
897 3
898 7
899 2
900 2
901 7
902 3
903 1
904 1
905 7
906 1
907 1
908 2
909 2
910 2
911 3
912 2
913 4
914 5
915 3
916 4
917 1
918 4
919 3
920 3
921 2
922 11
923 3
924 1
925 1
926 11
927 5
928 1
929 5
930 4
931 5
932 2
933 2
934 5
935 1
936 2
937 4
938 1
939 11
940 1
941 5
942 1
943 2
944 2
945 1
946 7
947 2
948 2
949 4
950 5
951 3
952 2
953 2
954 1
955 4
956 4
957 2
958 6
959 7
960 2
961 7
962 6
963 3
964 3
965 4
966 7
967 2
968 5
969 6
970 2
971 2
972 4
973 5
974 3
975 2
976 3
977 3
978 4
979 3
980 1
981 4
982 3
983 5
984 7
985 2
986 5
987 2
988 2
989 2
990 3
991 3
992 6
993 5
994 1
995 2
996 4
997 2
998 3
999 4
1000 2
1001 2
1002 6
1003 2
1004 2
1005 1
1006 2
1007 3
1008 2
1009 5
1010 2
1011 4
1012 1
1013 7
1014 3
1015 3
1016 3
1017 3
1018 5
1019 1
1020 1
1021 3
1022 1
1023 7
1024 1
1025 2
1026 2
1027 3
1028 1
1029 5
1030 1
1031 3
1032 5
1033 1
1034 6
1035 4
1036 4
1037 5
1038 1
1039 1
1040 3
1041 2
1042 1
1043 1
1044 6
1045 2
1046 3
1047 1
1048 3
1049 2
1050 2
1051 3
1052 2
1053 4
1054 2
1055 1
1056 1
1057 1
1058 2
1059 1
1060 2
1061 7
1062 3
1063 3
1064 1
1065 2
1066 1
1067 5
1068 8
1069 5
1070 2
1071 2
1072 4
1073 4
1074 2
1075 7
1076 2
1077 3
1078 6
1079 1
1080 2
1081 2
1082 8
1083 2
1084 1
1085 1
1086 8
1087 1
1088 2
1089 2
1090 8
1091 3
1092 1
1093 1
1094 10
1095 5
1096 1
1097 4
1098 3
1099 1
1100 2
1101 4
1102 5
1103 4
1104 7
1105 4
1106 6
1107 2
1108 3
1109 6
1110 2
1111 2
1112 1
1113 2
1114 2
1115 1
1116 7
1117 2
1118 3
1119 3
1120 13
1121 2
1122 3
1123 2
1124 1
1125 3
1126 3
1127 8
1128 3
1129 1
1130 1
1131 2
1132 2
1133 2
1134 5
1135 2
1136 3
1137 6
1138 4
1139 4
1140 6
1141 4
1142 4
1143 3
1144 3
1145 2
1146 4
1147 1
1148 4
1149 2
1150 1
1151 9
1152 4
1153 7
1154 6
1155 1
1156 2
1157 2
1158 5
1159 2
1160 6
1161 5
1162 4
1163 1
1164 2
1165 2
1166 2
1167 6
1168 1
1169 6
1170 3
1171 3
1172 1
1173 2
1174 2
1175 1
1176 5
1177 3
1178 1
1179 3
1180 1
1181 1
1182 4
1183 2
1184 2
1185 5
1186 3
1187 1
1188 1
1189 1
1190 3
1191 5
1192 2
1193 5
1194 2
1195 2
1196 3
1197 3
1198 4
1199 4
1200 7
1201 1
1202 5
1203 4
1204 3
1205 2
1206 3
1207 2
1208 8
1209 4
1210 4
1211 3
1212 2
1213 2
1214 3
1215 1
1216 3
1217 3
1218 7
1219 6
1220 3
1221 1
1222 3
1223 1
1224 1
1225 2
1226 4
1227 6
1228 3
1229 3
1230 5
1231 1
1232 3
1233 2
1234 2
1235 1
1236 5
1237 10
1238 7
1239 3
1240 2
1241 1
1242 1
1243 1
1244 3
1245 2
1246 3
1247 1
1248 3
1249 3
1250 3
1251 7
1252 1
1253 1
1254 2
1255 2
1256 2
1257 1
1258 8
1259 2
1260 2
1261 2
1262 1
1263 5
1264 3
1265 1
1266 4
1267 7
1268 2
1269 5
1270 4
1271 8
1272 4
1273 5
1274 2
1275 3
1276 2
1277 2
1278 1
1279 3
1280 3
1281 4
1282 3
1283 1
1284 6
1285 4
1286 1
1287 1
1288 1
1289 1
1290 1
1291 2
1292 5
1293 2
1294 4
1295 4
1296 6
1297 4
1298 1
1299 5
1300 1
1301 2
1302 2
1303 3
1304 5
1305 3
1306 5
1307 1
1308 1
1309 3
1310 2
1311 5
1312 2
1313 1
1314 4
1315 2
1316 3
1317 3
1318 6
1319 1
1320 4
1321 7
1322 2
1323 1
1324 1
1325 1
1326 6
1327 5
1328 3
1329 2
1330 5
1331 3
1332 4
1333 2
1334 1
1335 3
1336 4
1337 3
1338 4
1339 3
1340 2
1341 2
1342 1
1343 2
1344 1
1345 4
1346 3
1347 2
1348 5
1349 2
1350 2
1351 2
1352 3
1353 1
1354 1
1355 3
1356 7
1357 4
1358 1
1359 3
1360 8
1361 2
1362 2
1363 2
1364 2
1365 6
1366 6
1367 2
1368 1
1369 3
1370 5
1371 4
1372 7
1373 4
1374 4
1375 4
1376 3
1377 5
1378 5
1379 2
1380 2
1381 1
1382 3
1383 3
1384 2
1385 2
1386 2
1387 2
1388 1
1389 6
1390 1
1391 3
1392 6
1393 5
1394 2
1395 7
1396 1
1397 3
1398 4
1399 1
1400 2
1401 2
1402 3
1403 1
1404 4
1405 2
1406 10
1407 3
1408 3
1409 3
1410 4
1411 2
1412 1
1413 1
1414 1
1415 10
1416 1
1417 1
1418 1
1419 2
1420 1
1421 3
1422 1
1423 1
1424 4
1425 3
1426 3
1427 1
1428 1
1429 3
1430 4
1431 4
1432 2
1433 2
1434 4
1435 1
1436 3
1437 1
1438 1
1439 3
1440 5
1441 5
1442 5
1443 5
1444 2
1445 1
1446 3
1447 1
1448 1
1449 3
1450 2
1451 1
1452 1
1453 1
1454 2
1455 3
1456 1
1457 2
1458 2
1459 2
1460 6
1461 1
1462 1
1463 2
1464 3
1465 2
1466 2
1467 1
1468 1
1469 7
1470 2
1471 3
1472 2
1473 3
1474 2
1475 1
1476 4
1477 1
1478 1
1479 1
1480 1
1481 1
1482 2
1483 3
1484 2
1485 5
1486 1
1487 1
1488 3
1489 1
1490 2
1491 1
1492 4
1493 1
1494 1
1495 3
1496 1
1497 3
1498 2
1499 1
1500 2
1501 3
1502 4
1503 1
1504 8
1505 7
1506 4
1507 3
1508 6
1509 2
1510 1
1511 3
1512 2
1513 1
1514 3
1515 3
1516 1
1517 7
1518 3
1519 2
1520 3
1521 4
1522 3
1523 2
1524 2
1525 2
1526 2
1527 1
1528 8
1529 7
1530 1
1531 3
1532 1
1533 2
1534 3
1535 4
1536 2
1537 3
1538 2
1539 2
1540 3
1541 2
1542 2
1543 2
1544 1
1545 2
1546 2
1547 2
1548 3
1549 3
1550 2
1551 4
1552 2
1553 1
1554 2
1555 1
1556 4
1557 2
1558 1
1559 3
1560 2
1561 6
1562 5
1563 3
1564 5
1565 1
1566 2
1567 1
1568 1
1569 1
1570 2
1571 1
1572 3
1573 3
1574 1
1575 1
1576 4
1577 4
1578 2
1579 1
1580 4
1581 2
1582 6
1583 5
1584 4
1585 1
1586 4
1587 3
1588 4
1589 2
1590 4
1591 6
1592 1
1593 2
1594 5
1595 4
1596 1
1597 1
1598 5
1599 4
1600 3
1601 2
1602 3
1603 3
1604 2
1605 2
1606 1
1607 6
1608 1
1609 1
1610 3
1611 2
1612 3
1613 2
1614 5
1615 2
1616 2
1617 1
1618 1
1619 4
1620 1
1621 2
1622 6
1623 2
1624 2
1625 5
1626 1
1627 2
1628 1
1629 1
1630 1
1631 1
1632 3
1633 3
1634 2
1635 1
1636 1
1637 1
1638 7
1639 5
1640 1
1641 4
1642 3
1643 2
1644 1
1645 1
1646 4
1647 1
1648 4
1649 2
1650 2
1651 2
1652 3
1653 1
1654 1
1655 3
1656 7
1657 1
1658 2
1659 1
1660 2
1661 1
1662 2
1663 1
1664 1
1665 1
1666 6
1667 3
1668 1
1669 3
1670 2
1671 2
1672 3
1673 3
1674 1
1675 3
1676 2
1677 3
1678 1
1679 3
1680 3
1681 3
1682 3
1683 2
1684 1
1685 1
1686 3
1687 1
1688 3
1689 4
1690 2
1691 6
1692 1
1693 2
1694 2
1695 3
1696 3
1697 2
1698 1
1699 1
1700 1
1701 1
1702 2
1703 1
1704 1
1705 1
1706 5
1707 2
1708 1
1709 5
1710 1
1711 8
1712 1
1713 1
1714 1
1715 2
1716 4
1717 1
1718 2
1719 1
1720 1
1721 3
1722 1
1723 7
1724 2
1725 1
1726 2
1727 3
1728 2
1729 1
1730 1
1731 4
1732 2
1733 2
1734 1
1735 4
1736 5
1737 2
1738 4
1739 2
1740 1
1741 1
1742 1
1743 2
1744 1
1745 2
1746 2
1747 1
1748 3
1749 3
1750 1
1751 4
1752 2
1753 2
1754 4
1755 1
1756 4
1757 1
1758 4
1759 3
1760 3
1761 2
1762 3
1763 3
1764 1
1765 2
1766 3
1767 2
1768 1
1769 4
1770 1
1771 1
1772 1
1773 2
1774 7
1775 2
1776 3
1777 1
1778 2
1779 1
1780 2
1781 1
1782 2
1783 5
1784 1
1785 1
1786 2
1787 1
1788 1
1789 1
1790 4
1791 1
1792 3
1793 1
1794 2
1795 6
1796 2
1797 3
1798 2
1799 8
1800 1
1801 1
1802 3
1803 1
1804 3
1805 1
1806 2
1807 1
1808 1
1809 2
1810 3
1811 1
1812 5
1813 1
1814 1
1815 6
1816 2
1817 1
1818 3
1819 1
1820 2
1821 5
1822 2
1823 1
1824 2
1825 1
1826 6
1827 2
1828 5
1829 3
1830 2
1831 4
1832 5
1833 3
1834 7
1835 2
1836 6
1837 1
1838 2
1839 1
1840 2
1841 3
1842 2
1843 1
1844 2
1845 1
1846 1
1847 8
1848 1
1849 2
1850 2
1851 2
1852 2
1853 4
1854 2
1855 3
1856 2
1857 1
1858 4
1859 1
1860 1
1861 2
1862 1
1863 2
1864 1
1865 7
1866 2
1867 2
1868 1
1869 1
1870 2
1871 2
1872 2
1873 2
1874 1
1875 1
1876 6
1877 2
1878 4
1879 1
1880 5
1881 2
1882 7
1883 5
1884 2
1885 1
1886 2
1887 3
1888 1
1889 5
1890 2
1891 3
1892 5
1893 2
1894 1
1895 3
1896 4
1897 3
1898 3
1899 5
1900 4
1901 1
1902 4
1903 1
1904 1
1905 2
1906 1
1907 1
1908 2
1909 1
1910 3
1911 4
1912 3
1913 2
1914 1
1915 1
1916 2
1917 3
1918 2
1919 1
1920 1
1921 1
1922 2
1923 1
1924 1
1925 3
1926 6
1927 2
1928 4
1929 2
1930 5
1931 1
1932 3
1933 1
1934 5
1935 3
1936 2
1937 2
1938 2
1939 4
1940 1
1941 2
1942 1
1943 2
1944 7
1945 6
1946 1
1947 1
1948 2
1949 1
1950 4
1951 2
1952 1
1953 1
1954 2
1955 4
1956 1
1957 2
1958 3
1959 2
1960 1
1961 1
1962 5
1963 1
1964 2
1965 1
1966 5
1967 1
1968 1
1969 4
1970 1
1971 3
1972 4
1973 2
1974 2
1975 4
1976 1
1977 2
1978 1
1979 1
1980 2
1981 1
1982 2
1983 2
1984 1
1985 1
1986 2
1987 3
1988 4
1989 2
1990 5
1991 1
1992 2
1993 1
1994 1
1995 1
1996 3
1997 2
1998 5
1999 1
2000 3
2001 1
2002 1
2003 4
2004 2
2005 7
2006 2
2007 4
2008 2
2009 1
2010 1
2011 1
2012 1
2013 1
2014 4
2015 4
2016 1
2017 1
2018 1
2019 3
2020 3
2021 1
2022 5
2023 1
2024 1
2025 5
2026 3
2027 3
2028 2
2029 4
2030 2
2031 3
2032 2
2033 3
2034 2
2035 2
2036 3
2037 1
2038 2
2039 1
2040 2
2041 2
2042 1
2043 4
2044 1
2045 2
2046 2
2047 3
2048 6
2049 3
2050 1
2051 3
2052 1
2053 4
2054 2
2055 1
2056 1
2057 1
2058 1
2059 9
2060 1
2061 1
2062 1
2063 2
2064 1
2065 1
2066 2
2067 1
2068 1
2069 1
2070 3
2071 3
2072 7
2073 1
2074 1
2075 4
2076 3
2077 1
2078 2
2079 1
2080 2
2081 1
2082 1
2083 4
2084 4
2085 1
2086 1
2087 3
2088 2
2089 1
2090 2
2091 2
2092 12
2093 1
2094 4
2095 3
2096 5
2097 2
2098 5
2099 4
2100 8
2101 3
2102 4
2103 1
2104 2
2105 3
2106 1
2107 1
2108 2
2109 1
2110 1
2111 1
2112 4
2113 3
2114 1
2115 1
2116 1
2117 3
2118 2
2119 2
2120 1
2121 2
2122 2
2123 3
2124 7
2125 2
2126 1
2127 2
2128 1
2129 2
2130 2
2131 3
2132 6
2133 7
2134 7
2135 1
2136 2
2137 3
2138 2
2139 4
2140 2
2141 1
2142 2
2143 2
2144 1
2145 1
2146 1
2147 2
2148 1
2149 3
2150 1
2151 1
2152 4
2153 2
2154 4
2155 2
2156 2
2157 5
2158 2
2159 1
2160 1
2161 3
2162 2
2163 3
2164 3
2165 1
2166 1
2167 2
2168 5
2169 3
2170 1
2171 5
2172 2
2173 4
2174 2
2175 1
2176 1
2177 1
2178 4
2179 5
2180 2
2181 1
2182 1
2183 1
2184 1
2185 2
2186 1
2187 1
2188 2
2189 2
2190 1
2191 6
2192 1
2193 1
2194 2
2195 4
2196 3
2197 3
2198 2
2199 2
2200 1
2201 1
2202 5
2203 1
2204 3
2205 1
2206 1
2207 4
2208 5
2209 2
2210 1
2211 3
2212 2
2213 1
2214 3
2215 2
2216 1
2217 2
2218 1
2219 5
2220 1
2221 2
2222 1
2223 5
2224 2
2225 1
2226 1
2227 2
2228 2
2229 3
2230 2
2231 3
2232 6
2233 2
2234 1
2235 2
2236 7
2237 1
2238 2
2239 1
2240 1
2241 2
2242 3
2243 1
2244 1
2245 2
2246 1
2247 2
2248 1
2249 5
2250 2
2251 1
2252 7
2253 2
2254 2
2255 2
2256 1
2257 3
2258 1
2259 2
2260 1
2261 1
2262 2
2263 1
2264 2
2265 2
2266 1
2267 3
2268 5
2269 3
2270 2
2271 2
2272 1
2273 4
2274 2
2275 2
2276 1
2277 2
2278 1
2279 6
2280 2
2281 6
2282 1
2283 3
2284 2
2285 1
2286 3
2287 1
2288 1
2289 2
2290 4
2291 2
2292 1
2293 1
2294 2
2295 2
2296 3
2297 2
2298 2
2299 1
2300 2
2301 3
2302 1
2303 2
2304 1
2305 6
2306 1
2307 1
2308 3
2309 4
2310 3
2311 5
2312 2
2313 3
2314 2
2315 2
2316 2
2317 2
2318 1
2319 1
2320 6
2321 1
2322 5
2323 2
2324 3
2325 5
2326 6
2327 6
2328 5
2329 1
2330 2
2331 2
2332 1
2333 4
2334 4
2335 2
2336 2
2337 1
2338 3
2339 1
2340 1
2341 2
2342 1
2343 4
2344 3
2345 6
2346 1
2347 4
2348 4
2349 3
2350 6
2351 1
2352 2
2353 2
2354 1
2355 6
2356 1
2357 6
2358 2
2359 1
2360 4
2361 2
2362 1
2363 3
2364 1
2365 3
2366 7
2367 2
2368 3
2369 7
2370 3
2371 3
2372 2
2373 4
2374 1
2375 1
2376 1
2377 4
2378 3
2379 2
2380 3
2381 3
2382 1
2383 4
2384 6
2385 1
2386 1
2387 2
2388 4
2389 3
2390 2
2391 4
2392 6
2393 4
2394 2
2395 1
2396 1
2397 1
2398 4
2399 1
2400 4
2401 1
2402 1
2403 2
2404 2
2405 3
2406 1
2407 2
2408 1
2409 2
2410 1
2411 3
2412 2
2413 1
2414 2
2415 3
2416 3
2417 2
2418 1
2419 3
2420 2
2421 1
2422 4
2423 3
2424 5
2425 1
2426 1
2427 1
2428 2
2429 3
2430 3
2431 2
2432 1
2433 2
2434 5
2435 1
2436 3
2437 2
2438 1
2439 1
2440 8
2441 6
2442 1
2443 2
2444 2
2445 3
2446 1
2447 6
2448 2
2449 1
2450 1
2451 3
2452 6
2453 1
2454 2
2455 3
2456 1
2457 1
2458 1
2459 1
2460 3
2461 1
2462 3
2463 3
2464 1
2465 2
2466 4
2467 1
2468 1
2469 4
2470 5
2471 2
2472 4
2473 1
2474 3
2475 3
2476 2
2477 1
2478 2
2479 2
2480 6
2481 1
2482 1
2483 3
2484 3
2485 1
2486 1
2487 1
2488 1
2489 2
2490 4
2491 1
2492 1
2493 1
2494 2
2495 3
2496 1
2497 2
2498 3
2499 1
2500 2
2501 1
2502 4
2503 2
2504 4
2505 1
2506 2
2507 1
2508 4
2509 2
2510 1
2511 1
2512 2
2513 2
2514 1
2515 3
2516 3
2517 1
2518 2
2519 1
2520 2
2521 1
2522 1
2523 2
2524 6
2525 3
2526 6
2527 3
2528 1
2529 1
2530 5
2531 1
2532 6
2533 1
2534 3
2535 5
2536 4
2537 2
2538 3
2539 1
2540 5
2541 2
2542 1
2543 1
2544 2
2545 3
2546 2
2547 2
2548 1
2549 6
2550 2
2551 1
2552 1
2553 3
2554 1
2555 1
2556 3
2557 1
2558 1
2559 2
2560 1
2561 1
2562 2
2563 3
2564 1
2565 1
2566 1
2567 2
2568 1
2569 3
2570 5
2571 3
2572 2
2573 5
2574 5
2575 1
2576 3
2577 3
2578 1
2579 3
2580 3
2581 1
2582 3
2583 2
2584 3
2585 2
2586 2
2587 2
2588 1
2589 4
2590 2
2591 4
2592 1
2593 3
2594 1
2595 3
2596 3
2597 7
2598 2
2599 1
2600 1
2601 1
2602 2
2603 1
2604 3
2605 3
2606 2
2607 2
2608 1
2609 1
2610 2
2611 2
2612 1
2613 2
2614 1
2615 1
2616 2
2617 1
2618 3
2619 1
2620 2
2621 3
2622 1
2623 5
2624 2
2625 2
2626 3
2627 2
2628 5
2629 2
2630 3
2631 2
2632 1
2633 1
2634 1
2635 1
2636 1
2637 3
2638 2
2639 5
2640 1
2641 1
2642 2
2643 1
2644 2
2645 3
2646 1
2647 2
2648 3
2649 2
2650 3
2651 2
2652 1
2653 3
2654 1
2655 2
2656 1
2657 2
2658 5
2659 2
2660 2
2661 2
2662 6
2663 3
2664 4
2665 1
2666 2
2667 1
2668 2
2669 1
2670 1
2671 1
2672 4
2673 2
2674 2
2675 1
2676 3
2677 1
2678 2
2679 2
2680 3
2681 1
2682 4
2683 6
2684 2
2685 2
2686 3
2687 1
2688 5
2689 1
2690 2
2691 4
2692 3
2693 1
2694 6
2695 1
2696 3
2697 2
2698 1
2699 1
2700 4
2701 1
2702 3
2703 4
2704 4
2705 2
2706 2
2707 2
2708 2
2709 3
2710 2
2711 1
2712 3
2713 1
2714 1
2715 3
2716 3
2717 4
2718 2
2719 2
2720 1
2721 3
2722 8
2723 1
2724 4
2725 4
2726 2
2727 2
2728 1
2729 3
2730 2
2731 2
2732 1
2733 2
2734 1
2735 2
2736 2
2737 1
2738 1
2739 3
2740 1
2741 2
2742 2
2743 5
2744 2
2745 1
2746 1
2747 1
2748 2
2749 1
2750 2
2751 1
2752 2
2753 3
2754 1
2755 2
2756 3
2757 1
2758 1
2759 1
2760 2
2761 1
2762 3
2763 3
2764 3
2765 5
2766 1
2767 5
2768 1
2769 1
2770 1
2771 2
2772 1
2773 2
2774 5
2775 2
2776 1
2777 1
2778 4
2779 3
2780 2
2781 3
2782 1
2783 4
2784 2
2785 4
2786 2
2787 1
2788 2
2789 1
2790 2
2791 2
2792 1
2793 3
2794 1
2795 1
2796 1
2797 7
2798 1
2799 6
2800 1
2801 2
2802 2
2803 2
2804 2
2805 3
2806 1
2807 1
2808 1
2809 2
2810 1
2811 2
2812 1
2813 2
2814 1
2815 1
2816 1
2817 4
2818 4
2819 2
2820 1
2821 2
2822 1
2823 2
2824 5
2825 2
2826 2
2827 2
2828 1
2829 2
2830 1
2831 1
2832 5
2833 2
2834 2
2835 5
2836 2
2837 2
2838 1
2839 2
2840 1
2841 3
2842 4
2843 3
2844 1
2845 4
2846 5
2847 1
2848 1
2849 3
2850 4
2851 1
2852 1
2853 2
2854 3
2855 2
2856 2
2857 1
2858 1
2859 2
2860 1
2861 1
2862 2
2863 1
2864 1
2865 2
2866 5
2867 3
2868 1
2869 1
2870 1
2871 1
2872 2
2873 2
2874 1
2875 2
2876 1
2877 1
2878 3
2879 1
2880 2
2881 1
2882 1
2883 1
2884 1
2885 4
2886 3
2887 2
2888 3
2889 2
2890 3
2891 3
2892 1
2893 3
2894 1
2895 4
2896 4
2897 3
2898 1
2899 2
2900 1
2901 3
2902 1
2903 5
2904 1
2905 2
2906 3
2907 2
2908 1
2909 2
2910 2
2911 2
2912 3
2913 1
2914 4
2915 2
2916 1
2917 2
2918 1
2919 7
2920 1
2921 1
2922 2
2923 1
2924 1
2925 3
2926 2
2927 1
2928 3
2929 1
2930 1
2931 6
2932 1
2933 2
2934 2
2935 3
2936 1
2937 1
2938 2
2939 4
2940 2
2941 4
2942 2
2943 1
2944 3
2945 2
2946 2
2947 2
2948 4
2949 1
2950 2
2951 2
2952 3
2953 2
2954 3
2955 1
2956 1
2957 1
2958 1
2959 1
2960 2
2961 3
2962 3
2963 1
2964 3
2965 3
2966 1
2967 1
2968 2
2969 6
2970 2
2971 2
2972 3
2973 2
2974 4
2975 2
2976 1
2977 5
2978 1
2979 2
2980 2
2981 1
2982 2
2983 1
2984 3
2985 1
2986 1
2987 2
2988 1
2989 2
2990 1
2991 3
2992 2
2993 3
2994 4
2995 1
2996 2
2997 3
2998 2
2999 1
3000 5
3001 3
3002 1
3003 1
3004 3
3005 2
3006 2
3007 1
3008 2
3009 4
3010 1
3011 5
3012 3
3013 1
3014 3
3015 3
3016 3
3017 2
3018 3
3019 2
3020 3
3021 2
3022 1
3023 1
3024 3
3025 4
3026 1
3027 3
3028 1
3029 9
3030 1
3031 3
3032 1
3033 3
3034 1
3035 2
3036 1
3037 2
3038 8
3039 1
3040 2
3041 1
3042 2
3043 1
3044 1
3045 1
3046 2
3047 4
3048 1
3049 3
3050 2
3051 1
3052 2
3053 3
3054 3
3055 4
3056 1
3057 3
3058 3
3059 4
3060 1
3061 2
3062 2
3063 3
3064 1
3065 1
3066 1
3067 4
3068 3
3069 1
3070 1
3071 1
3072 2
3073 3
3074 2
3075 1
3076 2
3077 1
3078 1
3079 1
3080 2
3081 2
3082 3
3083 1
3084 1
3085 2
3086 1
3087 4
3088 1
3089 1
3090 2
3091 1
3092 1
3093 5
3094 1
3095 2
3096 2
3097 2
3098 2
3099 1
3100 2
3101 2
3102 1
3103 2
3104 2
3105 4
3106 1
3107 1
3108 2
3109 4
3110 2
3111 1
3112 2
3113 1
3114 2
3115 3
3116 2
3117 2
3118 1
3119 3
3120 2
3121 1
3122 2
3123 2
3124 2
3125 1
3126 2
3127 2
3128 1
3129 3
3130 3
3131 1
3132 2
3133 3
3134 2
3135 1
3136 1
3137 2
3138 1
3139 4
3140 1
3141 2
3142 3
3143 1
3144 1
3145 1
3146 1
3147 2
3148 1
3149 2
3150 3
3151 1
3152 3
3153 1
3154 1
3155 4
3156 3
3157 1
3158 2
3159 2
3160 1
3161 2
3162 3
3163 1
3164 2
3165 2
3166 1
3167 1
3168 1
3169 2
3170 2
3171 2
3172 4
3173 1
3174 1
3175 1
3176 1
3177 2
3178 2
3179 2
3180 2
3181 1
3182 4
3183 1
3184 3
3185 2
3186 2
3187 1
3188 1
3189 2
3190 1
3191 9
3192 2
3193 2
3194 2
3195 1
3196 2
3197 1
3198 1
3199 1
3200 1
3201 1
3202 1
3203 2
3204 1
3205 2
3206 1
3207 1
3208 1
3209 1
3210 1
3211 1
3212 4
3213 2
3214 3
3215 2
3216 1
3217 2
3218 2
3219 2
3220 2
3221 5
3222 4
3223 1
3224 1
3225 1
3226 1
3227 4
3228 2
3229 3
3230 1
3231 1
3232 3
3233 3
3234 2
3235 1
3236 1
3237 2
3238 2
3239 4
3240 3
3241 1
3242 3
3243 2
3244 1
3245 1
3246 1
3247 3
3248 3
3249 2
3250 1
3251 1
3252 3
3253 2
3254 1
3255 3
3256 3
3257 3
3258 2
3259 2
3260 2
3261 1
3262 1
3263 3
3264 1
3265 1
3266 3
3267 3
3268 1
3269 4
3270 1
3271 1
3272 5
3273 1
3274 1
3275 1
3276 1
3277 1
3278 2
3279 2
3280 3
3281 1
3282 3
3283 2
3284 6
3285 2
3286 2
3287 4
3288 1
3289 1
3290 2
3291 1
3292 2
3293 3
3294 2
3295 2
3296 2
3297 1
3298 1
3299 1
3300 3
3301 3
3302 1
3303 2
3304 2
3305 1
3306 3
3307 3
3308 4
3309 1
3310 1
3311 4
3312 1
3313 1
3314 3
3315 1
3316 4
3317 2
3318 3
3319 2
3320 2
3321 1
3322 2
3323 1
3324 2
3325 2
3326 2
3327 1
3328 1
3329 1
3330 1
3331 1
3332 2
3333 2
3334 3
3335 5
3336 3
3337 2
3338 1
3339 5
3340 1
3341 2
3342 2
3343 1
3344 1
3345 2
3346 1
3347 1
3348 2
3349 1
3350 2
3351 2
3352 4
3353 1
3354 1
3355 3
3356 2
3357 1
3358 2
3359 1
3360 4
3361 1
3362 1
3363 1
3364 1
3365 2
3366 2
3367 1
3368 2
3369 4
3370 1
3371 2
3372 2
3373 2
3374 1
3375 1
3376 1
3377 2
3378 3
3379 1
3380 2
3381 2
3382 1
3383 2
3384 2
3385 3
3386 1
3387 2
3388 3
3389 4
3390 2
3391 1
3392 1
3393 5
3394 4
3395 2
3396 1
3397 1
3398 1
3399 1
3400 1
3401 1
3402 1
3403 3
3404 2
3405 1
3406 1
3407 2
3408 1
3409 2
3410 1
3411 1
3412 2
3413 1
3414 1
3415 4
3416 2
3417 1
3418 6
3419 2
3420 1
3421 3
3422 2
3423 1
3424 1
3425 3
3426 5
3427 2
3428 2
3429 1
3430 2
3431 2
3432 2
3433 1
3434 3
3435 2
3436 3
3437 3
3438 1
3439 4
3440 2
3441 1
3442 1
3443 1
3444 1
3445 1
3446 4
3447 1
3448 1
3449 2
3450 2
3451 1
3452 1
3453 1
3454 1
3455 3
3456 1
3457 3
3458 2
3459 4
3460 2
3461 1
3462 1
3463 1
3464 4
3465 1
3466 1
3467 2
3468 1
3469 2
3470 1
3471 1
3472 1
3473 1
3474 1
3475 1
3476 1
3477 3
3478 1
3479 1
3480 2
3481 1
3482 3
3483 1
3484 2
3485 1
3486 3
3487 2
3488 1
3489 1
3490 4
3491 5
3492 1
3493 1
3494 1
3495 1
3496 1
3497 2
3498 1
3499 1
3500 2
3501 1
3502 1
3503 1
3504 3
3505 1
3506 2
3507 3
3508 1
3509 1
3510 3
3511 1
3512 1
3513 2
3514 3
3515 3
3516 2
3517 1
3518 3
3519 2
3520 1
3521 2
3522 1
3523 2
3524 1
3525 1
3526 1
3527 1
3528 1
3529 3
3530 2
3531 3
3532 1
3533 1
3534 1
3535 1
3536 1
3537 1
3538 2
3539 1
3540 2
3541 2
3542 1
3543 1
3544 1
3545 2
3546 1
3547 1
3548 1
3549 2
3550 4
3551 1
3552 2
3553 2
3554 1
3555 2
3556 1
3557 1
3558 1
3559 2
3560 3
3561 2
3562 2
3563 1
3564 3
3565 2
3566 1
3567 2
3568 1
3569 1
3570 1
3571 1
3572 2
3573 1
3574 1
3575 3
3576 1
3577 2
3578 1
3579 1
3580 2
3581 1
3582 1
3583 4
3584 2
3585 1
3586 6
3587 2
3588 1
3589 1
3590 2
3591 1
3592 1
3593 2
3594 1
3595 1
3596 2
3597 2
3598 1
3599 2
3600 2
3601 3
3602 2
3603 1
3604 1
3605 2
3606 3
3607 2
3608 1
3609 2
3610 2
3611 3
3612 1
3613 6
3614 2
3615 1
3616 1
3617 4
3618 1
3619 2
3620 1
3621 2
3622 3
3623 2
3624 1
3625 1
3626 1
3627 1
3628 4
3629 1
3630 1
3631 1
3632 1
3633 1
3634 2
3635 1
3636 2
3637 1
3638 1
3639 3
3640 1
3641 1
3642 1
3643 1
3644 3
3645 1
3646 2
3647 1
3648 2
3649 1
3650 2
3651 1
3652 1
3653 1
3654 1
3655 1
3656 3
3657 2
3658 3
3659 1
3660 2
3661 2
3662 1
3663 1
3664 1
3665 3
3666 2
3667 1
3668 2
3669 1
3670 3
3671 1
3672 3
3673 1
3674 1
3675 2
3676 2
3677 1
3678 2
3679 3
3680 1
3681 1
3682 2
3683 3
3684 4
3685 4
3686 1
3687 3
3688 1
3689 3
3690 1
3691 3
3692 1
3693 1
3694 3
3695 2
3696 1
3697 2
3698 1
3699 1
3700 2
3701 2
3702 1
3703 2
3704 1
3705 3
3706 1
3707 2
3708 2
3709 1
3710 1
3711 2
3712 1
3713 1
3714 2
3715 1
3716 5
3717 1
3718 2
3719 3
3720 1
3721 2
3722 2
3723 2
3724 1
3725 2
3726 5
3727 2
3728 1
3729 1
3730 1
3731 2
3732 1
3733 2
3734 1
3735 2
3736 3
3737 1
3738 2
3739 2
3740 2
3741 4
3742 1
3743 1
3744 1
3745 1
3746 2
3747 1
3748 1
3749 1
3750 1
3751 1
3752 3
3753 3
3754 2
3755 2
3756 3
3757 1
3758 2
3759 2
3760 2
3761 2
3762 1
3763 3
3764 1
3765 2
3766 2
3767 1
3768 3
3769 1
3770 1
3771 1
3772 1
3773 1
3774 1
3775 4
3776 1
3777 2
3778 1
3779 1
3780 1
3781 1
3782 1
3783 2
3784 4
3785 1
3786 2
3787 1
3788 5
3789 5
3790 2
3791 1
3792 1
3793 2
3794 1
3795 1
3796 1
3797 1
3798 2
3799 2
3800 2
3801 2
3802 2
3803 2
3804 2
3805 2
3806 1
3807 1
3808 1
3809 1
3810 2
3811 1
3812 1
3813 3
3814 1
3815 2
3816 2
3817 3
3818 1
3819 1
3820 2
3821 2
3822 1
3823 5
3824 1
3825 3
3826 1
3827 2
3828 1
3829 3
3830 2
3831 1
3832 3
3833 2
3834 3
3835 3
3836 2
3837 2
3838 1
3839 1
3840 7
3841 2
3842 1
3843 1
3844 1
3845 1
3846 4
3847 1
3848 2
3849 1
3850 2
3851 3
3852 2
3853 1
3854 1
3855 1
3856 1
3857 3
3858 4
3859 1
3860 1
3861 1
3862 1
3863 1
3864 3
3865 1
3866 1
3867 3
3868 1
3869 5
3870 1
3871 3
3872 1
3873 1
3874 2
3875 5
3876 1
3877 1
3878 2
3879 1
3880 1
3881 1
3882 2
3883 3
3884 2
3885 1
3886 1
3887 2
3888 2
3889 3
3890 1
3891 1
3892 1
3893 1
3894 1
3895 1
3896 1
3897 2
3898 2
3899 2
3900 1
3901 1
3902 2
3903 2
3904 3
3905 1
3906 2
3907 5
3908 2
3909 1
3910 1
3911 1
3912 4
3913 1
3914 3
3915 1
3916 2
3917 2
3918 1
3919 1
3920 3
3921 2
3922 1
3923 2
3924 1
3925 1
3926 1
3927 1
3928 2
3929 4
3930 1
3931 1
3932 1
3933 1
3934 1
3935 1
3936 1
3937 1
3938 2
3939 2
3940 1
3941 2
3942 1
3943 1
3944 1
3945 2
3946 2
3947 2
3948 2
3949 2
3950 1
3951 1
3952 2
3953 5
3954 1
3955 3
3956 6
3957 1
3958 2
3959 1
3960 2
3961 2
3962 1
3963 3
3964 5
3965 1
3966 1
3967 2
3968 2
3969 1
3970 1
3971 2
3972 1
3973 2
3974 1
3975 2
3976 1
3977 1
3978 1
3979 1
3980 2
3981 1
3982 5
3983 1
3984 1
3985 2
3986 3
3987 1
3988 1
3989 1
3990 1
3991 1
3992 1
3993 1
3994 1
3995 4
3996 1
3997 1
3998 2
3999 1
4000 2
4001 4
4002 1
4003 2
4004 1
4005 1
4006 1
4007 1
4008 2
4009 1
4010 4
4011 1
4012 3
4013 1
4014 1
4015 2
4016 1
4017 3
4018 1
4019 1
4020 2
4021 1
4022 2
4023 3
4024 1
4025 1
4026 2
4027 2
4028 2
4029 2
4030 2
4031 1
4032 1
4033 1
4034 1
4035 1
4036 1
4037 3
4038 2
4039 1
4040 3
4041 1
4042 4
4043 1
4044 2
4045 2
4046 2
4047 2
4048 1
4049 2
4050 1
4051 1
4052 3
4053 1
4054 5
4055 3
4056 1
4057 1
4058 2
4059 1
4060 1
4061 3
4062 1
4063 2
4064 2
4065 1
4066 2
4067 2
4068 1
4069 1
4070 1
4071 1
4072 3
4073 3
4074 3
4075 1
4076 1
4077 2
4078 1
4079 1
4080 1
4081 1
4082 2
4083 1
4084 3
4085 1
4086 1
4087 4
4088 1
4089 2
4090 2
4091 1
4092 2
4093 2
4094 2
4095 1
4096 1
4097 1
4098 3
4099 2
4100 1
4101 2
4102 1
4103 2
4104 1
4105 5
4106 2
4107 1
4108 1
4109 4
4110 2
4111 1
4112 4
4113 1
4114 3
4115 3
4116 1
4117 3
4118 1
4119 4
4120 1
4121 3
4122 2
4123 4
4124 1
4125 2
4126 1
4127 3
4128 3
4129 3
4130 2
4131 2
4132 1
4133 1
4134 2
4135 2
4136 2
4137 3
4138 1
4139 3
4140 1
4141 1
4142 1
4143 2
4144 1
4145 2
4146 5
4147 1
4148 1
4149 2
4150 5
4151 1
4152 1
4153 2
4154 1
4155 1
4156 1
4157 3
4158 2
4159 1
4160 2
4161 3
4162 1
4163 2
4164 2
4165 1
4166 4
4167 3
4168 3
4169 2
4170 4
4171 3
4172 1
4173 2
4174 2
4175 1
4176 4
4177 1
4178 1
4179 1
4180 1
4181 1
4182 2
4183 1
4184 1
4185 3
4186 2
4187 1
4188 1
4189 4
4190 1
4191 2
4192 3
4193 1
4194 1
4195 1
4196 1
4197 2
4198 2
4199 1
4200 1
4201 1
4202 1
4203 1
4204 3
4205 3
4206 1
4207 4
4208 2
4209 1
4210 2
4211 1
4212 1
4213 1
4214 1
4215 2
4216 2
4217 1
4218 1
4219 1
4220 2
4221 2
4222 1
4223 1
4224 4
4225 2
4226 1
4227 1
4228 1
4229 1
4230 1
4231 1
4232 2
4233 1
4234 2
4235 2
4236 1
4237 3
4238 1
4239 1
4240 1
4241 2
4242 1
4243 1
4244 1
4245 3
4246 1
4247 1
4248 4
4249 2
4250 1
4251 1
4252 3
4253 1
4254 2
4255 1
4256 2
4257 1
4258 3
4259 2
4260 2
4261 1
4262 3
4263 2
4264 2
4265 2
4266 1
4267 1
4268 4
4269 1
4270 1
4271 4
4272 1
4273 1
4274 1
4275 1
4276 1
4277 1
4278 1
4279 3
4280 1
4281 1
4282 1
4283 1
4284 2
4285 1
4286 3
4287 2
4288 4
4289 1
4290 3
4291 1
4292 2
4293 1
4294 3
4295 2
4296 2
4297 1
4298 1
4299 1
4300 2
4301 1
4302 1
4303 2
4304 3
4305 1
4306 3
4307 1
4308 1
4309 4
4310 1
4311 1
4312 1
4313 2
4314 3
4315 1
4316 1
4317 5
4318 1
4319 1
4320 1
4321 1
4322 3
4323 1
4324 3
4325 1
4326 5
4327 3
4328 1
4329 1
4330 3
4331 1
4332 1
4333 1
4334 1
4335 2
4336 1
4337 1
4338 3
4339 2
4340 2
4341 1
4342 1
4343 1
4344 1
4345 1
4346 3
4347 1
4348 2
4349 3
4350 4
4351 1
4352 2
4353 3
4354 1
4355 1
4356 1
4357 1
4358 2
4359 2
4360 1
4361 1
4362 1
4363 2
4364 2
4365 2
4366 1
4367 1
4368 2
4369 2
4370 1
4371 2
4372 2
4373 1
4374 1
4375 1
4376 2
4377 2
4378 3
4379 1
4380 2
4381 3
4382 1
4383 1
4384 1
4385 2
4386 1
4387 1
4388 1
4389 2
4390 1
4391 2
4392 1
4393 2
4394 1
4395 2
4396 3
4397 2
4398 2
4399 5
4400 1
4401 2
4402 1
4403 1
4404 2
4405 1
4406 1
4407 1
4408 2
4409 3
4410 2
4411 1
4412 3
4413 1
4414 1
4415 1
4416 2
4417 1
4418 1
4419 3
4420 1
4421 3
4422 1
4423 4
4424 2
4425 2
4426 1
4427 2
4428 1
4429 2
4430 2
4431 3
4432 1
4433 1
4434 3
4435 1
4436 1
4437 2
4438 2
4439 2
4440 1
4441 3
4442 2
4443 1
4444 2
4445 1
4446 1
4447 3
4448 1
4449 2
4450 3
4451 1
4452 2
4453 2
4454 2
4455 2
4456 4
4457 4
4458 3
4459 2
4460 1
4461 1
4462 1
4463 1
4464 1
4465 1
4466 1
4467 1
4468 2
4469 1
4470 1
4471 1
4472 1
4473 2
4474 1
4475 4
4476 1
4477 1
4478 2
4479 1
4480 5
4481 2
4482 1
4483 2
4484 1
4485 1
4486 1
4487 1
4488 1
4489 2
4490 1
4491 2
4492 2
4493 4
4494 1
4495 1
4496 1
4497 2
4498 1
4499 2
4500 1
4501 1
4502 8
4503 2
4504 1
4505 2
4506 1
4507 1
4508 2
4509 3
4510 1
4511 1
4512 1
4513 1
4514 1
4515 2
4516 1
4517 2
4518 1
4519 1
4520 2
4521 2
4522 2
4523 1
4524 3
4525 1
4526 1
4527 1
4528 1
4529 1
4530 1
4531 2
4532 1
4533 3
4534 1
4535 3
4536 1
4537 2
4538 1
4539 1
4540 1
4541 1
4542 3
4543 2
4544 1
4545 1
4546 2
4547 1
4548 1
4549 1
4550 2
4551 2
4552 4
4553 1
4554 3
4555 1
4556 3
4557 1
4558 2
4559 2
4560 2
4561 1
4562 2
4563 1
4564 1
4565 7
4566 2
4567 1
4568 1
4569 1
4570 1
4571 1
4572 1
4573 1
4574 1
4575 1
4576 2
4577 1
4578 3
4579 3
4580 1
4581 2
4582 1
4583 3
4584 1
4585 2
4586 1
4587 2
4588 3
4589 1
4590 1
4591 1
4592 1
4593 1
4594 2
4595 2
4596 1
4597 1
4598 1
4599 1
4600 1
4601 1
4602 2
4603 1
4604 2
4605 1
4606 3
4607 2
4608 1
4609 2
4610 1
4611 2
4612 1
4613 1
4614 1
4615 1
4616 2
4617 1
4618 1
4619 2
4620 2
4621 1
4622 2
4623 1
4624 1
4625 1
4626 1
4627 1
4628 1
4629 3
4630 3
4631 1
4632 2
4633 1
4634 2
4635 2
4636 1
4637 1
4638 1
4639 1
4640 1
4641 2
4642 1
4643 1
4644 3
4645 1
4646 1
4647 1
4648 4
4649 1
4650 2
4651 1
4652 1
4653 3
4654 1
4655 1
4656 2
4657 1
4658 3
4659 2
4660 2
4661 1
4662 4
4663 5
4664 1
4665 2
4666 1
4667 2
4668 1
4669 2
4670 2
4671 3
4672 2
4673 1
4674 2
4675 1
4676 1
4677 1
4678 1
4679 2
4680 2
4681 1
4682 1
4683 2
4684 1
4685 1
4686 2
4687 1
4688 4
4689 1
4690 2
4691 1
4692 3
4693 1
4694 1
4695 3
4696 1
4697 1
4698 3
4699 2
4700 2
4701 2
4702 2
4703 2
4704 1
4705 1
4706 1
4707 1
4708 1
4709 1
4710 1
4711 1
4712 1
4713 2
4714 3
4715 1
4716 1
4717 1
4718 1
4719 2
4720 1
4721 1
4722 1
4723 2
4724 1
4725 1
4726 3
4727 1
4728 3
4729 1
4730 1
4731 2
4732 1
4733 4
4734 2
4735 1
4736 1
4737 1
4738 2
4739 1
4740 2
4741 1
4742 1
4743 1
4744 1
4745 1
4746 2
4747 1
4748 1
4749 1
4750 1
4751 2
4752 2
4753 4
4754 2
4755 1
4756 3
4757 1
4758 1
4759 1
4760 2
4761 1
4762 1
4763 1
4764 1
4765 2
4766 2
4767 1
4768 1
4769 1
4770 2
4771 1
4772 1
4773 2
4774 1
4775 3
4776 1
4777 2
4778 1
4779 1
4780 1
4781 2
4782 1
4783 1
4784 1
4785 1
4786 2
4787 4
4788 4
4789 1
4790 2
4791 2
4792 2
4793 2
4794 1
4795 1
4796 2
4797 1
4798 2
4799 1
4800 1
4801 2
4802 1
4803 1
4804 2
4805 1
4806 1
4807 1
4808 1
4809 1
4810 1
4811 1
4812 2
4813 2
4814 1
4815 1
4816 1
4817 2
4818 2
4819 1
4820 1
4821 2
4822 1
4823 3
4824 2
4825 3
4826 2
4827 3
4828 1
4829 1
4830 1
4831 3
4832 2
4833 3
4834 2
4835 1
4836 2
4837 1
4838 1
4839 2
4840 1
4841 1
4842 1
4843 1
4844 1
4845 1
4846 3
4847 1
4848 2
4849 2
4850 2
4851 1
4852 1
4853 2
4854 1
4855 1
4856 1
4857 1
4858 3
4859 2
4860 1
4861 1
4862 3
4863 1
4864 1
4865 2
4866 1
4867 6
4868 1
4869 1
4870 1
4871 1
4872 2
4873 2
4874 1
4875 2
4876 1
4877 1
4878 1
4879 1
4880 1
4881 1
4882 2
4883 1
4884 1
4885 1
4886 2
4887 1
4888 1
4889 1
4890 1
4891 1
4892 1
4893 1
4894 1
4895 1
4896 1
4897 1
4898 2
4899 1
4900 2
4901 4
4902 1
4903 1
4904 4
4905 1
4906 4
4907 1
4908 1
4909 4
4910 1
4911 1
4912 1
4913 1
4914 2
4915 1
4916 3
4917 1
4918 2
4919 1
4920 3
4921 2
4922 1
4923 1
4924 2
4925 1
4926 1
4927 1
4928 1
4929 2
4930 2
4931 2
4932 3
4933 1
4934 2
4935 2
4936 2
4937 2
4938 1
4939 1
4940 1
4941 2
4942 5
4943 2
4944 4
4945 2
4946 1
4947 1
4948 1
4949 1
4950 1
4951 1
4952 2
4953 1
4954 2
4955 6
4956 1
4957 1
4958 1
4959 2
4960 1
4961 1
4962 1
4963 2
4964 3
4965 2
4966 1
4967 1
4968 2
4969 1
4970 1
4971 3
4972 1
4973 1
4974 4
4975 2
4976 1
4977 1
4978 1
4979 1
4980 1
4981 2
4982 2
4983 1
4984 1
4985 1
4986 1
4987 3
4988 1
4989 2
4990 1
4991 1
4992 1
4993 1
4994 1
4995 2
4996 3
4997 1
4998 3
4999 1
5000 1
5001 2
5002 1
5003 2
5004 1
5005 2
5006 1
5007 1
5008 2
5009 3
5010 1
5011 1
5012 1
5013 1
5014 1
5015 2
5016 1
5017 2
5018 5
5019 1
5020 1
5021 1
5022 3
5023 1
5024 2
5025 1
5026 3
5027 1
5028 2
5029 1
5030 1
5031 3
5032 1
5033 2
5034 2
5035 1
5036 1
5037 2
5038 1
5039 2
5040 1
5041 1
5042 4
5043 2
5044 2
5045 1
5046 3
5047 1
5048 2
5049 1
5050 2
5051 1
5052 2
5053 2
5054 1
5055 1
5056 1
5057 1
5058 2
5059 4
5060 1
5061 1
5062 1
5063 1
5064 1
5065 1
5066 2
5067 3
5068 1
5069 1
5070 1
5071 2
5072 2
5073 1
5074 1
5075 1
5076 1
5077 1
5078 2
5079 1
5080 1
5081 1
5082 1
5083 1
5084 1
5085 2
5086 2
5087 2
5088 1
5089 3
5090 1
5091 1
5092 1
5093 3
5094 3
5095 2
5096 1
5097 3
5098 1
5099 1
5100 2
5101 1
5102 1
5103 1
5104 1
5105 1
5106 1
5107 2
5108 2
5109 2
5110 1
5111 1
5112 2
5113 3
5114 1
5115 3
5116 2
5117 1
5118 1
5119 1
5120 3
5121 1
5122 2
5123 1
5124 1
5125 1
5126 1
5127 2
5128 3
5129 2
5130 1
5131 1
5132 1
5133 1
5134 1
5135 1
5136 1
5137 1
5138 1
5139 1
5140 1
5141 1
5142 1
5143 1
5144 2
5145 3
5146 4
5147 1
5148 2
5149 1
5150 1
5151 1
5152 1
5153 2
5154 3
5155 1
5156 2
5157 1
5158 1
5159 1
5160 5
5161 1
5162 2
5163 1
5164 1
5165 2
5166 1
5167 1
5168 1
5169 3
5170 1
5171 2
5172 1
5173 4
5174 1
5175 1
5176 1
5177 2
5178 1
5179 1
5180 1
5181 3
5182 2
5183 2
5184 3
5185 3
5186 1
5187 2
5188 1
5189 2
5190 1
5191 2
5192 1
5193 1
5194 2
5195 1
5196 1
5197 1
5198 1
5199 4
5200 1
5201 1
5202 1
5203 1
5204 2
5205 4
5206 1
5207 1
5208 2
5209 1
5210 1
5211 3
5212 1
5213 1
5214 1
5215 4
5216 1
5217 1
5218 3
5219 2
5220 4
5221 4
5222 1
5223 1
5224 2
5225 1
5226 1
5227 2
5228 1
5229 1
5230 3
5231 1
5232 5
5233 3
5234 1
5235 1
5236 1
5237 2
5238 1
5239 1
5240 2
5241 2
5242 1
5243 1
5244 1
5245 1
5246 2
5247 1
5248 1
5249 1
5250 1
5251 1
5252 1
5253 1
5254 1
5255 1
5256 1
5257 1
5258 1
5259 1
5260 1
5261 1
5262 1
5263 2
5264 1
5265 2
5266 2
5267 1
5268 1
5269 1
5270 1
5271 1
5272 1
5273 1
5274 1
5275 1
5276 1
5277 1
5278 2
5279 1
5280 1
5281 2
5282 5
5283 1
5284 1
5285 1
5286 1
5287 2
5288 1
5289 2
5290 1
5291 1
5292 1
5293 2
5294 2
5295 1
5296 2
5297 1
5298 3
5299 1
5300 1
5301 1
5302 1
5303 1
5304 2
5305 1
5306 1
5307 3
5308 1
5309 1
5310 1
5311 1
5312 2
5313 1
5314 1
5315 2
5316 4
5317 1
5318 1
5319 3
5320 1
5321 3
5322 1
5323 2
5324 1
5325 1
5326 2
5327 2
5328 2
5329 1
5330 1
5331 1
5332 1
5333 1
5334 1
5335 1
5336 1
5337 1
5338 1
5339 1
5340 2
5341 2
5342 1
5343 1
5344 1
5345 2
5346 1
5347 1
5348 1
5349 2
5350 1
5351 1
5352 1
5353 2
5354 2
5355 1
5356 2
5357 1
5358 2
5359 2
5360 2
5361 1
5362 1
5363 1
5364 2
5365 2
5366 2
5367 1
5368 2
5369 1
5370 2
5371 2
5372 2
5373 2
5374 1
5375 2
5376 1
5377 2
5378 1
5379 2
5380 1
5381 1
5382 3
5383 2
5384 1
5385 2
5386 2
5387 5
5388 1
5389 2
5390 1
5391 1
5392 1
5393 3
5394 1
5395 1
5396 1
5397 2
5398 1
5399 1
5400 1
5401 1
5402 1
5403 1
5404 1
5405 2
5406 1
5407 1
5408 1
5409 2
5410 1
5411 1
5412 2
5413 1
5414 2
5415 1
5416 1
5417 1
5418 1
5419 1
5420 1
5421 1
5422 1
5423 1
5424 1
5425 1
5426 1
5427 1
5428 1
5429 1
5430 2
5431 2
5432 1
5433 1
5434 1
5435 1
5436 1
5437 1
5438 2
5439 2
5440 1
5441 1
5442 2
5443 1
5444 1
5445 1
5446 1
5447 1
5448 3
5449 1
5450 1
5451 2
5452 2
5453 2
5454 1
5455 1
5456 1
5457 1
5458 5
5459 1
5460 2
5461 1
5462 1
5463 2
5464 1
5465 1
5466 1
5467 2
5468 2
5469 1
5470 2
5471 3
5472 3
5473 1
5474 2
5475 1
5476 1
5477 1
5478 1
5479 2
5480 1
5481 1
5482 2
5483 1
5484 1
5485 1
5486 3
5487 1
5488 1
5489 1
5490 1
5491 1
5492 1
5493 1
5494 1
5495 2
5496 2
5497 2
5498 1
5499 1
5500 1
5501 1
5502 1
5503 1
5504 2
5505 1
5506 1
5507 1
5508 1
5509 1
5510 1
5511 2
5512 2
5513 1
5514 2
5515 1
5516 1
5517 3
5518 3
5519 1
5520 1
5521 1
5522 1
5523 2
5524 1
5525 1
5526 3
5527 1
5528 2
5529 1
5530 1
5531 1
5532 1
5533 2
5534 2
5535 1
5536 1
5537 1
5538 1
5539 1
5540 1
5541 2
5542 2
5543 1
5544 2
5545 1
5546 1
5547 1
5548 1
5549 1
5550 2
5551 3
5552 1
5553 2
5554 4
5555 1
5556 2
5557 1
5558 1
5559 2
5560 4
5561 1
5562 1
5563 1
5564 1
5565 1
5566 2
5567 2
5568 1
5569 1
5570 1
5571 1
5572 1
5573 1
5574 1
5575 2
5576 1
5577 3
5578 1
5579 1
5580 1
5581 2
5582 5
5583 1
5584 1
5585 1
5586 1
5587 2
5588 2
5589 2
5590 2
5591 2
5592 1
5593 2
5594 1
5595 1
5596 1
5597 1
5598 1
5599 1
5600 3
5601 2
5602 2
5603 1
5604 1
5605 1
5606 2
5607 2
5608 2
5609 1
5610 1
5611 3
5612 2
5613 1
5614 1
5615 1
5616 2
5617 1
5618 1
5619 1
5620 1
5621 1
5622 1
5623 1
5624 2
5625 2
5626 1
5627 1
5628 1
5629 1
5630 1
5631 1
5632 1
5633 1
5634 1
5635 1
5636 1
5637 2
5638 2
5639 1
5640 1
5641 2
5642 1
5643 1
5644 1
5645 1
5646 2
5647 1
5648 3
5649 1
5650 1
5651 1
5652 1
5653 2
5654 2
5655 1
5656 1
5657 2
5658 1
5659 1
5660 1
5661 2
5662 2
5663 2
5664 1
5665 1
5666 3
5667 1
5668 1
5669 1
5670 1
5671 1
5672 1
5673 1
5674 1
5675 3
5676 2
5677 1
5678 2
5679 1
5680 1
5681 1
5682 1
5683 1
5684 1
5685 1
5686 1
5687 1
5688 1
5689 1
5690 1
5691 1
5692 1
5693 1
5694 1
5695 1
5696 1
5697 2
5698 2
5699 1
5700 2
5701 1
5702 1
5703 1
5704 1
5705 1
5706 3
5707 3
5708 1
5709 1
5710 1
5711 1
5712 1
5713 2
5714 2
5715 4
5716 1
5717 1
5718 1
5719 1
5720 1
5721 4
5722 1
5723 1
5724 2
5725 1
5726 1
5727 2
5728 1
5729 3
5730 1
5731 2
5732 1
5733 1
5734 2
5735 2
5736 1
5737 2
5738 1
5739 1
5740 1
5741 1
5742 2
5743 2
5744 1
5745 1
5746 1
5747 2
5748 1
5749 2
5750 1
5751 2
5752 1
5753 1
5754 1
5755 1
5756 1
5757 1
5758 1
5759 2
5760 1
5761 2
5762 1
5763 2
5764 2
5765 2
5766 1
5767 2
5768 2
5769 2
5770 2
5771 1
5772 1
5773 1
5774 1
5775 3
5776 2
5777 2
5778 1
5779 1
5780 1
5781 1
5782 1
5783 1
5784 1
5785 2
5786 1
5787 1
5788 1
5789 2
5790 1
5791 2
5792 1
5793 2
5794 1
5795 1
5796 1
5797 2
5798 2
5799 1
5800 2
5801 1
5802 2
5803 1
5804 3
5805 1
5806 1
5807 1
5808 2
5809 1
5810 1
5811 2
5812 1
5813 2
5814 1
5815 7
5816 2
5817 2
5818 1
5819 1
5820 1
5821 1
5822 2
5823 1
5824 1
5825 1
5826 1
5827 1
5828 1
5829 1
5830 1
5831 1
5832 1
5833 1
5834 1
5835 1
5836 1
5837 1
5838 1
5839 1
5840 2
5841 1
5842 2
5843 1
5844 1
5845 1
5846 1
5847 1
5848 1
5849 1
5850 2
5851 1
5852 1
5853 1
5854 1
5855 1
5856 1
5857 1
5858 1
5859 1
5860 1
5861 1
5862 1
5863 1
5864 1
5865 2
5866 3
5867 1
5868 1
5869 3
5870 1
5871 1
5872 1
5873 2
5874 1
5875 1
5876 1
5877 1
5878 1
5879 1
5880 1
5881 1
5882 1
5883 1
5884 1
5885 3
5886 1
5887 3
5888 1
5889 2
5890 1
5891 1
5892 1
5893 2
5894 1
5895 1
5896 1
5897 1
5898 2
5899 1
5900 1
5901 1
5902 1
5903 1
5904 1
5905 1
5906 1
5907 1
5908 1
5909 3
5910 1
5911 1
5912 2
5913 1
5914 2
5915 2
5916 1
5917 1
5918 2
5919 1
5920 1
5921 1
5922 1
5923 1
5924 2
5925 1
5926 2
5927 1
5928 2
5929 1
5930 1
5931 2
5932 1
5933 1
5934 2
5935 2
5936 1
5937 1
5938 1
5939 2
5940 2
5941 1
5942 1
5943 1
5944 1
5945 2
5946 1
5947 2
5948 1
5949 1
5950 1
5951 1
5952 1
5953 1
5954 1
5955 1
5956 1
5957 1
5958 1
5959 3
5960 2
5961 2
5962 1
5963 1
5964 2
5965 1
5966 1
5967 2
5968 1
5969 1
5970 1
5971 1
5972 1
5973 1
5974 1
5975 3
5976 1
5977 2
5978 2
5979 1
5980 1
5981 2
5982 3
5983 1
5984 1
5985 1
5986 1
5987 2
5988 1
5989 1
5990 1
5991 1
5992 1
5993 1
5994 1
5995 2
5996 1
5997 1
5998 1
5999 1
6000 1
6001 1
6002 2
6003 2
6004 1
6005 1
6006 1
6007 1
6008 1
6009 1
6010 1
6011 1
6012 2
6013 2
6014 1
6015 1
6016 1
6017 2
6018 3
6019 1
6020 1
6021 1
6022 1
6023 1
6024 1
6025 1
6026 1
6027 1
6028 1
6029 2
6030 3
6031 1
6032 2
6033 1
6034 1
6035 3
6036 1
6037 3
6038 1
6039 1
6040 1
6041 1
6042 1
6043 1
6044 1
6045 2
6046 1
6047 1
6048 2
6049 1
6050 1
6051 4
6052 1
6053 1
6054 2
6055 3
6056 2
6057 1
6058 1
6059 1
6060 1
6061 2
6062 1
6063 1
6064 1
6065 1
6066 2
6067 1
6068 1
6069 1
6070 1
6071 1
6072 1
6073 1
6074 3
6075 2
6076 1
6077 2
6078 2
6079 1
6080 2
6081 1
6082 1
6083 1
6084 1
6085 1
6086 2
6087 1
6088 4
6089 1
6090 2
6091 1
6092 1
6093 1
6094 1
6095 1
6096 1
6097 1
6098 1
6099 1
6100 1
6101 2
6102 1
6103 1
6104 1
6105 1
6106 2
6107 1
6108 1
6109 1
6110 1
6111 1
6112 1
6113 2
6114 1
6115 1
6116 2
6117 1
6118 2
6119 1
6120 1
6121 2
6122 1
6123 1
6124 3
6125 1
6126 1
6127 2
6128 2
6129 1
6130 1
6131 1
6132 1
6133 1
6134 2
6135 1
6136 1
6137 1
6138 1
6139 2
6140 1
6141 1
6142 1
6143 1
6144 2
6145 1
6146 1
6147 1
6148 1
6149 2
6150 1
6151 2
6152 1
6153 1
6154 1
6155 1
6156 1
6157 1
6158 1
6159 2
6160 1
6161 1
6162 3
6163 2
6164 1
6165 1
6166 1
6167 1
6168 3
6169 1
6170 1
6171 1
6172 1
6173 1
6174 1
6175 1
6176 4
6177 1
6178 2
6179 1
6180 1
6181 1
6182 1
6183 1
6184 2
6185 1
6186 2
6187 1
6188 1
6189 1
6190 2
6191 1
6192 2
6193 3
6194 2
6195 1
6196 1
6197 1
6198 1
6199 1
6200 2
6201 2
6202 1
6203 1
6204 2
6205 1
6206 1
6207 1
6208 1
6209 1
6210 2
6211 2
6212 1
6213 1
6214 1
6215 1
6216 1
6217 2
6218 1
6219 1
6220 1
6221 2
6222 1
6223 1
6224 1
6225 1
6226 1
6227 1
6228 2
6229 1
6230 1
6231 1
6232 1
6233 1
6234 1
6235 2
6236 2
6237 1
6238 2
6239 1
6240 1
6241 1
6242 1
6243 1
6244 2
6245 1
6246 1
6247 2
6248 1
6249 1
6250 1
6251 2
6252 2
6253 2
6254 1
6255 2
6256 2
6257 1
6258 1
6259 2
6260 1
6261 1
6262 1
6263 1
6264 1
6265 1
6266 2
6267 1
6268 1
6269 1
6270 1
6271 2
6272 1
6273 1
6274 2
6275 1
6276 1
6277 3
6278 1
6279 2
6280 1
6281 1
6282 1
6283 1
6284 1
6285 1
6286 1
6287 1
6288 1
6289 2
6290 1
6291 1
6292 1
6293 2
6294 2
6295 1
6296 1
6297 2
6298 2
6299 1
6300 2
6301 1
6302 1
6303 1
6304 1
6305 1
6306 1
6307 1
6308 2
6309 1
6310 1
6311 1
6312 1
6313 1
6314 2
6315 2
6316 1
6317 1
6318 2
6319 1
6320 1
6321 1
6322 2
6323 5
6324 1
6325 2
6326 1
6327 1
6328 1
6329 1
6330 1
6331 2
6332 1
6333 1
6334 2
6335 3
6336 2
6337 1
6338 1
6339 2
6340 2
6341 1
6342 1
6343 2
6344 2
6345 1
6346 1
6347 1
6348 1
6349 1
6350 1
6351 1
6352 1
6353 1
6354 1
6355 2
6356 1
6357 2
6358 1
6359 1
6360 1
6361 1
6362 2
6363 1
6364 1
6365 3
6366 1
6367 1
6368 1
6369 2
6370 1
6371 2
6372 1
6373 2
6374 1
6375 1
6376 2
6377 1
6378 1
6379 2
6380 1
6381 2
6382 1
6383 1
6384 1
6385 1
6386 1
6387 2
6388 1
6389 1
6390 1
6391 1
6392 1
6393 1
6394 1
6395 1
6396 2
6397 1
6398 1
6399 2
6400 2
6401 1
6402 1
6403 1
6404 1
6405 2
6406 1
6407 1
6408 1
6409 1
6410 1
6411 1
6412 1
6413 2
6414 1
6415 1
6416 2
6417 2
6418 2
6419 1
6420 1
6421 1
6422 1
6423 3
6424 1
6425 2
6426 1
6427 1
6428 1
6429 2
6430 1
6431 1
6432 1
6433 2
6434 1
6435 1
6436 1
6437 1
6438 2
6439 1
6440 1
6441 2
6442 1
6443 1
6444 1
6445 1
6446 1
6447 2
6448 2
6449 2
6450 1
6451 1
6452 1
6453 1
6454 2
6455 2
6456 1
6457 3
6458 2
6459 1
6460 3
6461 1
6462 1
6463 1
6464 1
6465 1
6466 2
6467 1
6468 2
6469 1
6470 1
6471 1
6472 1
6473 1
6474 2
6475 1
6476 2
6477 1
6478 1
6479 1
6480 1
6481 1
6482 1
6483 1
6484 1
6485 1
6486 1
6487 2
6488 2
6489 3
6490 3
6491 1
6492 2
6493 3
6494 1
6495 2
6496 1
6497 1
6498 1
6499 1
6500 2
6501 1
6502 1
6503 2
6504 1
6505 1
6506 2
6507 2
6508 1
6509 1
6510 1
6511 1
6512 1
6513 2
6514 1
6515 1
6516 1
6517 1
6518 1
6519 1
6520 1
6521 2
6522 1
6523 1
6524 1
6525 2
6526 1
6527 1
6528 1
6529 1
6530 1
6531 1
6532 1
6533 1
6534 2
6535 1
6536 2
6537 1
6538 2
6539 2
6540 1
6541 1
6542 1
6543 1
6544 1
6545 1
6546 1
6547 1
6548 1
6549 1
6550 1
6551 1
6552 2
6553 1
6554 1
6555 1
6556 1
6557 2
6558 2
6559 2
6560 3
6561 1
6562 1
6563 1
6564 1
6565 1
6566 1
6567 1
6568 2
6569 2
6570 1
6571 1
6572 1
6573 1
6574 1
6575 1
6576 1
6577 1
6578 1
6579 1
6580 2
6581 2
6582 1
6583 1
6584 1
6585 1
6586 1
6587 1
6588 2
6589 2
6590 2
6591 2
6592 1
6593 2
6594 1
6595 2
6596 1
6597 1
6598 1
6599 1
6600 1
6601 2
6602 2
6603 1
6604 1
6605 1
6606 2
6607 2
6608 2
6609 1
6610 1
6611 1
6612 1
6613 1
6614 1
6615 3
6616 1
6617 1
6618 1
6619 1
6620 1
6621 1
6622 2
6623 2
6624 1
6625 3
6626 1
6627 1
6628 1
6629 1
6630 1
6631 1
6632 1
6633 2
6634 2
6635 1
6636 1
6637 1
6638 3
6639 1
6640 1
6641 1
6642 1
6643 1
6644 2
6645 1
6646 1
6647 1
6648 2
6649 1
6650 1
6651 1
6652 1
6653 1
6654 1
6655 1
6656 1
6657 1
6658 2
6659 1
6660 1
6661 1
6662 1
6663 1
6664 1
6665 1
6666 1
6667 2
6668 1
6669 1
6670 1
6671 1
6672 1
6673 1
6674 2
6675 1
6676 2
6677 1
6678 1
6679 1
6680 1
6681 1
6682 1
6683 1
6684 1
6685 2
6686 1
6687 2
6688 1
6689 2
6690 1
6691 1
6692 1
6693 4
6694 1
6695 1
6696 1
6697 1
6698 2
6699 1
6700 1
6701 1
6702 2
6703 1
6704 2
6705 1
6706 1
6707 1
6708 1
6709 2
6710 1
6711 1
6712 1
6713 1
6714 1
6715 2
6716 2
6717 1
6718 1
6719 1
6720 1
6721 1
6722 1
6723 1
6724 1
6725 1
6726 1
6727 1
6728 2
6729 1
6730 1
6731 1
6732 1
6733 1
6734 2
6735 1
6736 1
6737 1
6738 1
6739 1
6740 2
6741 1
6742 1
6743 1
6744 1
6745 1
6746 1
6747 1
6748 1
6749 1
6750 1
6751 1
6752 1
6753 1
6754 1
6755 1
6756 1
6757 1
6758 2
6759 1
6760 1
6761 1
6762 1
6763 1
6764 1
6765 5
6766 1
6767 1
6768 1
6769 1
6770 1
6771 4
6772 1
6773 1
6774 1
6775 1
6776 2
6777 1
6778 1
6779 1
6780 1
6781 1
6782 1
6783 1
6784 2
6785 1
6786 1
6787 1
6788 1
6789 1
6790 2
6791 2
6792 1
6793 1
6794 2
6795 1
6796 1
6797 2
6798 2
6799 1
6800 1
6801 1
6802 1
6803 1
6804 1
6805 1
6806 1
6807 1
6808 1
6809 1
6810 2
6811 1
6812 1
6813 1
6814 3
6815 1
6816 1
6817 1
6818 1
6819 1
6820 1
6821 1
6822 2
6823 1
6824 1
6825 1
6826 1
6827 1
6828 1
6829 1
6830 2
6831 1
6832 1
6833 1
6834 1
6835 1
6836 1
6837 1
6838 1
6839 1
6840 1
6841 1
6842 1
6843 1
6844 2
6845 1
6846 1
6847 1
6848 1
6849 2
6850 1
6851 1
6852 1
6853 1
6854 2
6855 2
6856 1
6857 1
6858 1
6859 1
6860 1
6861 1
6862 1
6863 1
6864 2
6865 1
6866 1
6867 2
6868 3
6869 1
6870 1
6871 1
6872 1
6873 1
6874 1
6875 1
6876 1
6877 1
6878 1
6879 2
6880 1
6881 1
6882 1
6883 2
6884 1
6885 1
6886 1
6887 1
6888 1
6889 1
6890 1
6891 1
6892 1
6893 1
6894 1
6895 1
6896 2
6897 1
6898 3
6899 1
6900 1
6901 1
6902 2
6903 2
6904 1
6905 1
6906 1
6907 2
6908 1
6909 1
6910 1
6911 2
6912 1
6913 1
6914 1
6915 1
6916 1
6917 1
6918 1
6919 1
6920 1
6921 1
6922 2
6923 3
6924 1
6925 1
6926 1
6927 1
6928 2
6929 1
6930 2
6931 2
6932 1
6933 2
6934 1
6935 1
6936 1
6937 1
6938 1
6939 1
6940 1
6941 1
6942 1
6943 1
6944 1
6945 2
6946 1
6947 1
6948 1
6949 1
6950 1
6951 2
6952 1
6953 1
6954 2
6955 1
6956 2
6957 1
6958 1
6959 1
6960 1
6961 1
6962 1
6963 1
6964 2
6965 2
6966 2
6967 1
6968 1
6969 1
6970 1
6971 1
6972 1
6973 1
6974 1
6975 2
6976 1
6977 1
6978 2
6979 1
6980 2
6981 1
6982 2
6983 1
6984 1
6985 1
6986 1
6987 1
6988 1
6989 2
6990 1
6991 2
6992 1
6993 1
6994 1
6995 1
6996 1
6997 1
6998 1
6999 1
7000 1
7001 1
7002 1
7003 1
7004 1
7005 2
7006 3
7007 1
7008 2
7009 1
7010 1
7011 1
7012 2
7013 1
7014 1
7015 1
7016 2
7017 1
7018 1
7019 1
7020 1
7021 1
7022 2
7023 1
7024 1
7025 1
7026 1
7027 1
7028 1
7029 1
7030 1
7031 1
7032 2
7033 1
7034 1
7035 1
7036 1
7037 1
7038 1
7039 2
7040 1
7041 1
7042 1
7043 1
7044 1
7045 2
7046 1
7047 1
7048 1
7049 2
7050 1
7051 2
7052 2
7053 1
7054 1
7055 1
7056 1
7057 2
7058 1
7059 1
7060 1
7061 1
7062 1
7063 1
7064 1
7065 2
7066 1
7067 1
7068 1
7069 1
7070 1
7071 2
7072 2
7073 1
7074 1
7075 1
7076 2
7077 1
7078 1
7079 1
7080 1
7081 1
7082 3
7083 1
7084 1
7085 1
7086 1
7087 1
7088 1
7089 1
7090 1
7091 1
7092 1
7093 1
7094 1
7095 1
7096 1
7097 1
7098 1
7099 1
7100 1
7101 1
7102 1
7103 1
7104 2
7105 1
7106 1
7107 1
7108 1
7109 2
7110 1
7111 1
7112 1
7113 1
7114 1
7115 2
7116 1
7117 2
7118 1
7119 1
7120 1
7121 1
7122 1
7123 1
7124 2
7125 1
7126 1
7127 1
7128 1
7129 1
7130 1
7131 1
7132 2
7133 1
7134 1
7135 1
7136 1
7137 1
7138 1
7139 1
7140 1
7141 1
7142 2
7143 1
7144 1
7145 1
7146 2
7147 1
7148 1
7149 2
7150 1
7151 1
7152 1
7153 1
7154 1
7155 1
7156 2
7157 1
7158 1
7159 1
7160 1
7161 3
7162 2
7163 1
7164 1
7165 1
7166 1
7167 2
7168 1
7169 1
7170 2
7171 1
7172 2
7173 1
7174 1
7175 1
7176 1
7177 1
7178 1
7179 1
7180 1
7181 1
7182 3
7183 1
7184 2
7185 4
7186 1
7187 1
7188 1
7189 1
7190 2
7191 1
7192 1
7193 1
7194 2
7195 1
7196 1
7197 1
7198 1
7199 1
7200 1
7201 2
7202 1
7203 1
7204 1
7205 1
7206 1
7207 1
7208 1
7209 1
7210 1
7211 1
7212 1
7213 1
7214 1
7215 1
7216 1
7217 1
7218 1
7219 1
7220 1
7221 1
7222 1
7223 1
7224 1
7225 1
7226 1
7227 1
7228 1
7229 1
7230 1
7231 1
7232 1
7233 2
7234 1
7235 1
7236 1
7237 1
7238 1
7239 1
7240 1
7241 1
7242 1
7243 1
7244 1
7245 2
7246 1
7247 1
7248 2
7249 2
7250 1
7251 1
7252 1
7253 1
7254 1
7255 1
7256 1
7257 1
7258 1
7259 1
7260 1
7261 1
7262 1
7263 1
7264 1
7265 1
7266 1
7267 1
7268 1
7269 1
7270 1
7271 2
7272 2
7273 1
7274 4
7275 1
7276 1
7277 1
7278 1
7279 1
7280 5
7281 2
7282 1
7283 1
7284 1
7285 2
7286 2
7287 1
7288 2
7289 1
7290 1
7291 2
7292 1
7293 1
7294 2
7295 1
7296 1
7297 2
7298 1
7299 3
7300 1
7301 1
7302 1
7303 1
7304 1
7305 1
7306 1
7307 1
7308 1
7309 1
7310 1
7311 1
7312 1
7313 1
7314 1
7315 1
7316 1
7317 1
7318 1
7319 1
7320 1
7321 1
7322 3
7323 2
7324 1
7325 1
7326 1
7327 1
7328 1
7329 1
7330 1
7331 1
7332 2
7333 1
7334 1
7335 1
7336 1
7337 1
7338 1
7339 1
7340 1
7341 1
7342 1
7343 1
7344 2
7345 1
7346 2
7347 1
7348 1
7349 1
7350 1
7351 1
7352 1
7353 1
7354 1
7355 1
7356 1
7357 1
7358 1
7359 1
7360 1
7361 3
7362 1
7363 1
7364 1
7365 2
7366 1
7367 1
7368 2
7369 1
7370 1
7371 4
7372 1
7373 1
7374 1
7375 1
7376 1
7377 1
7378 1
7379 1
7380 2
7381 1
7382 1
7383 1
7384 1
7385 1
7386 1
7387 1
7388 2
7389 1
7390 1
7391 1
7392 1
7393 1
7394 1
7395 1
7396 1
7397 1
7398 1
7399 1
7400 1
7401 2
7402 1
7403 1
7404 1
7405 1
7406 1
7407 4
7408 1
7409 1
7410 1
7411 1
7412 1
7413 1
7414 1
7415 2
7416 3
7417 1
7418 1
7419 2
7420 2
7421 1
7422 1
7423 1
7424 1
7425 1
7426 1
7427 2
7428 3
7429 1
7430 1
7431 1
7432 1
7433 3
7434 1
7435 2
7436 1
7437 1
7438 1
7439 2
7440 1
7441 1
7442 1
7443 1
7444 1
7445 1
7446 1
7447 1
7448 1
7449 1
7450 1
7451 3
7452 2
7453 1
7454 1
7455 1
7456 1
7457 1
7458 1
7459 1
7460 1
7461 1
7462 1
7463 1
7464 2
7465 2
7466 1
7467 1
7468 1
7469 1
7470 1
7471 2
7472 1
7473 1
7474 1
7475 3
7476 1
7477 1
7478 1
7479 1
7480 3
7481 1
7482 1
7483 1
7484 1
7485 1
7486 1
7487 1
7488 1
7489 2
7490 1
7491 1
7492 1
7493 1
7494 1
7495 1
7496 1
7497 1
7498 1
7499 1
7500 2
7501 1
7502 1
7503 1
7504 1
7505 1
7506 1
7507 3
7508 2
7509 1
7510 3
7511 1
7512 1
7513 2
7514 1
7515 3
7516 1
7517 2
7518 1
7519 1
7520 1
7521 1
7522 1
7523 1
7524 1
7525 2
7526 1
7527 1
7528 1
7529 1
7530 1
7531 2
7532 1
7533 1
7534 1
7535 1
7536 1
7537 1
7538 1
7539 1
7540 1
7541 1
7542 2
7543 1
7544 1
7545 1
7546 1
7547 1
7548 1
7549 1
7550 1
7551 1
7552 1
7553 1
7554 1
7555 1
7556 1
7557 1
7558 1
7559 1
7560 1
7561 1
7562 1
7563 1
7564 1
7565 2
7566 2
7567 1
7568 2
7569 1
7570 1
7571 1
7572 1
7573 1
7574 1
7575 1
7576 1
7577 1
7578 1
7579 2
7580 1
7581 2
7582 1
7583 1
7584 1
7585 1
7586 1
7587 1
7588 1
7589 1
7590 1
7591 1
7592 1
7593 3
7594 1
7595 1
7596 1
7597 1
7598 1
7599 1
7600 1
7601 1
7602 1
7603 1
7604 1
7605 1
7606 2
7607 4
7608 1
7609 1
7610 1
7611 1
7612 1
7613 1
7614 1
7615 1
7616 1
7617 1
7618 1
7619 1
7620 1
7621 1
7622 1
7623 1
7624 1
7625 1
7626 1
7627 2
7628 1
7629 1
7630 1
7631 1
7632 1
7633 1
7634 3
7635 1
7636 1
7637 1
7638 2
7639 1
7640 1
7641 1
7642 2
7643 1
7644 1
7645 1
7646 1
7647 2
7648 1
7649 1
7650 1
7651 1
7652 1
7653 1
7654 1
7655 1
7656 1
7657 1
7658 2
7659 1
7660 1
7661 1
7662 1
7663 1
7664 1
7665 1
7666 1
7667 1
7668 2
7669 2
7670 1
7671 1
7672 1
7673 1
7674 3
7675 1
7676 1
7677 1
7678 1
7679 1
7680 1
7681 1
7682 1
7683 1
7684 1
7685 1
7686 1
7687 1
7688 1
7689 2
7690 1
7691 2
7692 2
7693 1
7694 1
7695 1
7696 1
7697 1
7698 1
7699 1
7700 1
7701 1
7702 1
7703 1
7704 1
7705 1
7706 2
7707 1
7708 1
7709 1
7710 2
7711 1
7712 1
7713 1
7714 1
7715 1
7716 1
7717 1
7718 1
7719 1
7720 1
7721 1
7722 3
7723 2
7724 2
7725 1
7726 1
7727 1
7728 2
7729 1
7730 1
7731 1
7732 1
7733 1
7734 1
7735 1
7736 1
7737 1
7738 1
7739 1
7740 1
7741 1
7742 2
7743 1
7744 3
7745 1
7746 1
7747 1
7748 2
7749 1
7750 1
7751 1
7752 1
7753 1
7754 1
7755 1
7756 1
7757 1
7758 1
7759 2
7760 1
7761 1
7762 1
7763 2
7764 1
7765 1
7766 2
7767 1
7768 1
7769 1
7770 1
7771 1
7772 1
7773 1
7774 1
7775 1
7776 1
7777 1
7778 1
7779 1
7780 1
7781 1
7782 1
7783 1
7784 1
7785 2
7786 2
7787 1
7788 1
7789 1
7790 1
7791 1
7792 3
7793 1
7794 1
7795 1
7796 1
7797 1
7798 1
7799 1
7800 1
7801 1
7802 1
7803 1
7804 1
7805 1
7806 1
7807 1
7808 1
7809 1
7810 1
7811 2
7812 1
7813 1
7814 1
7815 1
7816 1
7817 1
7818 1
7819 1
7820 1
7821 1
7822 1
7823 1
7824 1
7825 1
7826 2
7827 1
7828 1
7829 1
7830 1
7831 1
7832 1
7833 1
7834 1
7835 2
7836 1
7837 2
7838 1
7839 1
7840 1
7841 1
7842 1
7843 1
7844 1
7845 2
7846 1
7847 1
7848 1
7849 1
7850 1
7851 1
7852 1
7853 1
7854 1
7855 1
7856 1
7857 1
7858 2
7859 2
7860 2
7861 1
7862 2
7863 1
7864 3
7865 1
7866 2
7867 1
7868 1
7869 1
7870 2
7871 1
7872 1
7873 1
7874 1
7875 1
7876 1
7877 1
7878 2
7879 1
7880 2
7881 1
7882 1
7883 1
7884 1
7885 1
7886 1
7887 1
7888 1
7889 2
7890 1
7891 2
7892 1
7893 1
7894 1
7895 1
7896 1
7897 1
7898 1
7899 1
7900 1
7901 1
7902 1
7903 2
7904 1
7905 1
7906 1
7907 1
7908 1
7909 2
7910 1
7911 1
7912 1
7913 1
7914 1
7915 1
7916 2
7917 1
7918 1
7919 2
7920 2
7921 2
7922 1
7923 1
7924 1
7925 2
7926 1
7927 1
7928 1
7929 1
7930 1
7931 1
7932 1
7933 1
7934 1
7935 1
7936 1
7937 1
7938 1
7939 1
7940 1
7941 1
7942 1
7943 1
7944 1
7945 1
7946 1
7947 1
7948 1
7949 1
7950 1
7951 1
7952 1
7953 1
7954 1
7955 1
7956 1
7957 1
7958 1
7959 2
7960 1
7961 1
7962 1
7963 1
7964 1
7965 2
7966 2
7967 1
7968 1
7969 1
7970 1
7971 1
7972 2
7973 2
7974 1
7975 1
7976 1
7977 1
7978 1
7979 3
7980 1
7981 1
7982 1
7983 1
7984 1
7985 1
7986 1
7987 1
7988 1
7989 1
7990 1
7991 1
7992 1
7993 1
7994 1
7995 1
7996 1
7997 1
7998 1
7999 1
8000 1
8001 1
8002 1
8003 2
8004 1
8005 1
8006 1
8007 1
8008 2
8009 1
8010 1
8011 1
8012 1
8013 2
8014 3
8015 2
8016 2
8017 2
8018 1
8019 1
8020 1
8021 1
8022 1
8023 1
8024 1
8025 3
8026 1
8027 1
8028 1
8029 2
8030 1
8031 1
8032 1
8033 1
8034 1
8035 1
8036 1
8037 1
8038 2
8039 1
8040 1
8041 1
8042 1
8043 1
8044 1
8045 1
8046 1
8047 1
8048 1
8049 1
8050 1
8051 1
8052 1
8053 1
8054 1
8055 2
8056 2
8057 1
8058 1
8059 1
8060 1
8061 1
8062 1
8063 1
8064 1
8065 1
8066 2
8067 1
8068 1
8069 1
8070 1
8071 1
8072 1
8073 1
8074 1
8075 2
8076 1
8077 1
8078 1
8079 1
8080 1
8081 2
8082 1
8083 2
8084 2
8085 1
8086 1
8087 1
8088 2
8089 1
8090 1
8091 1
8092 1
8093 1
8094 2
8095 1
8096 1
8097 1
8098 1
8099 1
8100 1
8101 1
8102 1
8103 1
8104 1
8105 1
8106 1
8107 1
8108 1
8109 1
8110 1
8111 1
8112 1
8113 1
8114 2
8115 1
8116 2
8117 1
8118 1
8119 3
8120 1
8121 1
8122 1
8123 1
8124 1
8125 1
8126 1
8127 1
8128 1
8129 1
8130 1
8131 1
8132 1
8133 1
8134 2
8135 1
8136 1
8137 1
8138 1
8139 1
8140 1
8141 1
8142 1
8143 1
8144 1
8145 1
8146 1
8147 1
8148 1
8149 1
8150 1
8151 1
8152 1
8153 1
8154 1
8155 1
8156 1
8157 1
8158 1
8159 1
8160 1
8161 1
8162 1
8163 1
8164 1
8165 1
8166 1
8167 1
8168 1
8169 2
8170 1
8171 1
8172 2
8173 1
8174 1
8175 1
8176 1
8177 2
8178 1
8179 1
8180 1
8181 1
8182 1
8183 1
8184 2
8185 1
8186 1
8187 1
8188 1
8189 1
8190 1
8191 1
8192 1
8193 2
8194 1
8195 1
8196 1
8197 1
8198 1
8199 1
8200 1
8201 1
8202 1
8203 1
8204 1
8205 1
8206 2
8207 1
8208 1
8209 2
8210 3
8211 2
8212 1
8213 1
8214 1
8215 1
8216 2
8217 1
8218 1
8219 1
8220 2
8221 1
8222 1
8223 1
8224 1
8225 1
8226 1
8227 1
8228 1
8229 1
8230 1
8231 2
8232 1
8233 1
8234 1
8235 1
8236 1
8237 1
8238 1
8239 1
8240 1
8241 1
8242 1
8243 2
8244 1
8245 1
8246 2
8247 1
8248 1
8249 1
8250 1
8251 1
8252 1
8253 1
8254 1
8255 1
8256 1
8257 3
8258 2
8259 1
8260 1
8261 1
8262 1
8263 1
8264 1
8265 1
8266 1
8267 1
8268 1
8269 1
8270 1
8271 1
8272 2
8273 1
8274 1
8275 1
8276 1
8277 1
8278 1
8279 1
8280 2
8281 1
8282 1
8283 2
8284 1
8285 1
8286 1
8287 1
8288 1
8289 1
8290 1
8291 2
8292 2
8293 1
8294 1
8295 1
8296 1
8297 1
8298 2
8299 1
8300 1
8301 1
8302 1
8303 1
8304 1
8305 1
8306 1
8307 1
8308 3
8309 1
8310 2
8311 1
8312 1
8313 1
8314 1
8315 2
8316 2
8317 2
8318 2
8319 1
8320 1
8321 1
8322 1
8323 1
8324 1
8325 2
8326 1
8327 1
8328 1
8329 2
8330 1
8331 1
8332 1
8333 1
8334 1
8335 1
8336 1
8337 1
8338 1
8339 1
8340 1
8341 1
8342 1
8343 1
8344 1
8345 1
8346 1
8347 1
8348 1
8349 1
8350 1
8351 1
8352 1
8353 1
8354 1
8355 1
8356 1
8357 1
8358 1
8359 1
8360 1
8361 1
8362 1
8363 1
8364 1
8365 1
8366 1
8367 2
8368 1
8369 1
8370 1
8371 1
8372 2
8373 1
8374 1
8375 1
8376 1
8377 1
8378 1
8379 1
8380 1
8381 1
8382 1
8383 1
8384 1
8385 1
8386 1
8387 1
8388 1
8389 1
8390 1
8391 1
8392 1
8393 1
8394 1
8395 1
8396 1
8397 1
8398 1
8399 1
8400 1
8401 1
8402 1
8403 1
8404 1
8405 1
8406 1
8407 1
8408 1
8409 1
8410 1
8411 1
8412 1
8413 1
8414 1
8415 1
8416 1
8417 1
8418 1
8419 1
8420 1
8421 2
8422 1
8423 1
8424 1
8425 1
8426 1
8427 1
8428 2
8429 1
8430 1
8431 1
8432 1
8433 1
8434 1
8435 1
8436 1
8437 1
8438 2
8439 2
8440 1
8441 1
8442 1
8443 1
8444 1
8445 2
8446 1
8447 1
8448 1
8449 1
8450 1
8451 1
8452 1
8453 1
8454 1
8455 1
8456 1
8457 2
8458 1
8459 1
8460 1
8461 1
8462 1
8463 1
8464 1
8465 2
8466 1
8467 1
8468 1
8469 1
8470 1
8471 1
8472 1
8473 2
8474 1
8475 1
8476 1
8477 1
8478 1
8479 2
8480 3
8481 1
8482 1
8483 1
8484 1
8485 1
8486 1
8487 1
8488 1
8489 1
8490 1
8491 1
8492 1
8493 1
8494 1
8495 1
8496 1
8497 1
8498 1
8499 1
8500 1
8501 1
8502 2
8503 1
8504 1
8505 1
8506 1
8507 1
8508 1
8509 1
8510 1
8511 1
8512 1
8513 1
8514 2
8515 4
8516 2
8517 1
8518 1
8519 1
8520 1
8521 1
8522 2
8523 1
8524 1
8525 1
8526 1
8527 1
8528 1
8529 1
8530 1
8531 1
8532 1
8533 1
8534 1
8535 2
8536 1
8537 1
8538 1
8539 1
8540 1
8541 1
8542 1
8543 1
8544 1
8545 2
8546 3
8547 1
8548 1
8549 2
8550 1
8551 1
8552 2
8553 1
8554 2
8555 1
8556 1
8557 1
8558 1
8559 1
8560 3
8561 1
8562 1
8563 1
8564 1
8565 1
8566 1
8567 1
8568 1
8569 1
8570 1
8571 2
8572 1
8573 1
8574 1
8575 1
8576 1
8577 1
8578 1
8579 1
8580 1
8581 1
8582 1
8583 1
8584 1
8585 1
8586 1
8587 1
8588 1
8589 1
8590 1
8591 1
8592 1
8593 1
8594 1
8595 1
8596 1
8597 1
8598 1
8599 1
8600 1
8601 1
8602 1
8603 1
8604 1
8605 1
8606 1
8607 1
8608 1
8609 1
8610 1
8611 1
8612 1
8613 1
8614 1
8615 1
8616 1
8617 1
8618 1
8619 1
8620 1
8621 1
8622 1
8623 1
8624 1
8625 1
8626 1
8627 2
8628 1
8629 1
8630 1
8631 1
8632 1
8633 1
8634 1
8635 1
8636 1
8637 1
8638 1
8639 1
8640 1
8641 1
8642 1
8643 1
8644 1
8645 1
8646 1
8647 1
8648 1
8649 1
8650 1
8651 1
8652 1
8653 1
8654 1
8655 1
8656 1
8657 1
8658 1
8659 1
8660 1
8661 1
8662 1
8663 1
8664 1
8665 1
8666 1
8667 1
8668 1
8669 1
8670 1
8671 1
8672 1
8673 1
8674 1
8675 1
8676 1
8677 1
8678 2
8679 1
8680 1
8681 1
8682 1
8683 1
8684 1
8685 1
8686 1
8687 1
8688 1
8689 1
8690 1
8691 1
8692 1
8693 1
8694 1
8695 1
8696 2
8697 1
8698 1
8699 1
8700 1
8701 1
8702 1
8703 1
8704 1
8705 2
8706 1
8707 1
8708 1
8709 1
8710 1
8711 1
8712 1
8713 1
8714 2
8715 1
8716 1
8717 1
8718 1
8719 1
8720 1
8721 2
8722 1
8723 2
8724 1
8725 1
8726 2
8727 1
8728 1
8729 1
8730 1
8731 1
8732 1
8733 1
8734 1
8735 1
8736 1
8737 1
8738 1
8739 1
8740 1
8741 1
8742 1
8743 1
8744 1
8745 1
8746 1
8747 1
8748 1
8749 1
8750 1
8751 1
8752 1
8753 1
8754 1
8755 1
8756 1
8757 1
8758 1
8759 1
8760 1
8761 1
8762 1
8763 1
8764 1
8765 1
8766 1
8767 1
8768 1
8769 1
8770 1
8771 1
8772 1
8773 1
8774 1
8775 1
8776 1
8777 1
8778 1
8779 1
8780 1
8781 1
8782 1
8783 2
8784 1
8785 1
8786 1
8787 1
8788 1
8789 1
8790 1
8791 1
8792 1
8793 1
8794 1
8795 1
8796 1
8797 1
8798 1
8799 2
8800 1
8801 1
8802 1
8803 1
8804 1
8805 1
8806 1
8807 1
8808 1
8809 1
8810 1
8811 1
8812 1
8813 1
8814 1
8815 1
8816 1
8817 1
8818 1
8819 1
8820 1
8821 1
8822 2
8823 1
8824 1
8825 1
8826 1
8827 2
8828 1
8829 1
8830 1
8831 1
8832 1
8833 1
8834 1
8835 1
8836 1
8837 1
8838 1
8839 1
8840 1
8841 2
8842 1
8843 2
8844 1
8845 1
8846 2
8847 1
8848 1
8849 1
8850 1
8851 1
8852 1
8853 1
8854 1
8855 1
8856 1
8857 1
8858 1
8859 1
8860 1
8861 1
8862 1
8863 2
8864 1
8865 1
8866 2
8867 1
8868 1
8869 1
8870 1
8871 2
8872 1
8873 1
8874 1
8875 1
8876 1
8877 1
8878 2
8879 1
8880 1
8881 1
8882 1
8883 1
8884 1
8885 1
8886 3
8887 1
8888 1
8889 1
8890 1
8891 1
8892 1
8893 2
8894 1
8895 1
8896 1
8897 1
8898 1
8899 1
8900 1
8901 1
8902 1
8903 1
8904 1
8905 1
8906 2
8907 1
8908 1
8909 1
8910 1
8911 1
8912 2
8913 1
8914 1
8915 1
8916 1
8917 1
8918 1
8919 1
8920 1
8921 1
8922 1
8923 1
8924 1
8925 1
8926 1
8927 1
8928 1
8929 1
8930 1
8931 1
8932 1
8933 1
8934 1
8935 1
8936 1
8937 1
8938 1
8939 1
8940 1
8941 1
8942 1
8943 1
8944 1
8945 1
8946 1
8947 1
8948 1
8949 2
8950 1
8951 1
8952 1
8953 1
8954 1
8955 1
8956 1
8957 2
8958 1
8959 1
8960 1
8961 1
8962 1
8963 1
8964 1
8965 2
8966 1
8967 1
8968 1
8969 1
8970 1
8971 1
8972 1
8973 1
8974 1
8975 1
8976 2
8977 1
8978 1
8979 1
8980 1
8981 1
8982 1
8983 1
8984 1
8985 1
8986 1
8987 2
8988 1
8989 1
8990 1
8991 1
8992 1
8993 1
8994 1
8995 1
8996 1
8997 2
8998 1
8999 1
9000 1
9001 1
9002 1
9003 1
9004 1
9005 1
9006 1
9007 1
9008 1
9009 1
9010 1
9011 1
9012 1
9013 1
9014 1
9015 1
9016 1
9017 1
9018 1
9019 1
9020 1
9021 1
9022 1
9023 1
9024 1
9025 1
9026 1
9027 1
9028 1
9029 2
9030 1
9031 1
9032 1
9033 2
9034 1
9035 1
9036 1
9037 1
9038 1
9039 1
9040 1
9041 1
9042 2
9043 1
9044 1
9045 1
9046 1
9047 1
9048 1
9049 1
9050 1
9051 1
9052 1
9053 1
9054 1
9055 1
9056 1
9057 1
9058 1
9059 1
9060 1
9061 1
9062 1
9063 1
9064 1
9065 1
9066 1
9067 1
9068 1
9069 1
9070 1
9071 1
9072 1
9073 1
9074 1
9075 1
9076 1
9077 1
9078 1
9079 1
9080 1
9081 1
9082 1
9083 1
9084 2
9085 1
9086 1
9087 1
9088 2
9089 1
9090 1
9091 1
9092 1
9093 1
9094 1
9095 1
9096 1
9097 1
9098 1
9099 1
9100 1
9101 1
9102 1
9103 1
9104 1
9105 1
9106 1
9107 1
9108 1
9109 1
9110 1
9111 2
9112 1
9113 1
9114 1
9115 1
9116 2
9117 1
9118 1
9119 1
9120 1
9121 1
9122 1
9123 1
9124 1
9125 1
9126 1
9127 1
9128 1
9129 1
9130 1
9131 1
9132 1
9133 1
9134 1
9135 1
9136 1
9137 1
9138 1
9139 1
9140 1
9141 1
9142 1
9143 1
9144 1
9145 1
9146 1
9147 1
9148 1
9149 1
9150 1
9151 1
9152 1
9153 1
9154 1
9155 1
9156 1
9157 1
9158 1
9159 1
9160 1
9161 1
9162 1
9163 1
9164 1
9165 3
9166 1
9167 1
9168 1
9169 1
9170 1
9171 1
9172 2
9173 1
9174 1
9175 1
9176 1
9177 1
9178 1
9179 1
9180 1
9181 1
9182 1
9183 1
9184 2
9185 1
9186 1
9187 1
9188 1
9189 1
9190 1
9191 1
9192 1
9193 1
9194 1
9195 1
9196 1
9197 1
9198 1
9199 1
9200 1
9201 1
9202 1
9203 1
9204 1
9205 1
9206 1
9207 1
9208 1
9209 1
9210 1
9211 1
9212 1
9213 1
9214 1
9215 1
9216 1
9217 1
9218 1
9219 1
9220 1
9221 1
9222 1
9223 1
9224 1
9225 1
9226 1
9227 1
9228 1
9229 1
9230 1
9231 1
9232 1
9233 1
9234 1
9235 1
9236 1
9237 1
9238 1
9239 1
9240 1
9241 1
9242 1
9243 1
9244 1
9245 1
9246 1
9247 1
9248 1
9249 1
9250 1
9251 1
9252 1
9253 1
9254 1
9255 1
9256 1
9257 1
9258 1
9259 1
9260 2
9261 1
9262 1
9263 1
9264 1
9265 1
9266 1
9267 1
9268 1
9269 1
9270 1
9271 1
9272 1
9273 1
9274 1
9275 1
9276 1
9277 1
9278 1
9279 1
9280 1
9281 1
9282 1
9283 1
9284 1
9285 1
9286 1
9287 1
9288 1
9289 1
9290 1
9291 1
9292 1
9293 1
9294 1
9295 1
9296 1
9297 1
9298 1
9299 2
9300 1
9301 1
9302 1
9303 2
9304 1
9305 1
9306 1
9307 1
9308 1
9309 1
9310 1
9311 1
9312 1
9313 1
9314 1
9315 1
9316 1
9317 1
9318 1
9319 1
9320 1
9321 1
9322 1
9323 1
9324 1
9325 1
9326 1
9327 1
9328 1
9329 1
9330 1
9331 1
9332 1
9333 1
9334 1
9335 1
9336 1
9337 1
9338 1
9339 1
9340 1
9341 1
9342 1
9343 1
9344 1
9345 1
9346 1
9347 1
9348 1
9349 1
9350 1
9351 1
9352 1
9353 1
9354 1
9355 1
9356 1
9357 1
9358 1
9359 1
9360 1
9361 1
9362 1
9363 1
9364 1
9365 1
9366 1
9367 1
9368 2
9369 1
9370 1
9371 1
9372 1
9373 1
9374 1
9375 1
9376 1
9377 1
9378 1
9379 1
9380 1
9381 1
9382 1
9383 2
9384 1
9385 1
9386 1
9387 1
9388 1
9389 1
9390 1
9391 1
9392 1
9393 2
9394 1
9395 1
9396 1
9397 1
9398 1
9399 1
9400 1
9401 1
9402 1
9403 1
9404 1
9405 1
9406 1
9407 1
9408 1
9409 1
9410 1
9411 1
9412 1
9413 1
9414 1
9415 1
9416 1
9417 1
9418 1
9419 2
9420 1
9421 1
9422 2
9423 1
9424 1
9425 1
9426 1
9427 1
9428 1
9429 1
9430 1
9431 1
9432 2
9433 1
9434 1
9435 1
9436 1
9437 1
9438 1
9439 1
9440 1
9441 1
9442 1
9443 1
9444 1
9445 1
9446 1
9447 1
9448 1
9449 1
9450 1
9451 1
9452 1
9453 1
9454 1
9455 1
9456 1
9457 1
9458 2
9459 1
9460 1
9461 1
9462 1
9463 1
9464 1
9465 1
9466 1
9467 1
9468 1
9469 1
9470 1
9471 1
9472 1
9473 1
9474 1
9475 1
9476 1
9477 1
9478 1
9479 1
9480 1
9481 1
9482 1
9483 1
9484 1
9485 1
9486 1
9487 1
9488 1
9489 1
9490 1
9491 1
9492 1
9493 1
9494 1
9495 1
9496 1
9497 1
9498 1
9499 1
9500 1
9501 1
9502 2
9503 1
9504 1
9505 1
9506 1
9507 1
9508 1
9509 1
9510 1
9511 1
9512 1
9513 1
9514 1
9515 1
9516 1
9517 1
9518 1
9519 1
9520 1
9521 1
9522 1
9523 1
9524 1
9525 1
9526 1
9527 1
9528 1
9529 1
9530 1
9531 1
9532 1
9533 1
9534 1
9535 1
9536 1
9537 1
9538 1
9539 1
9540 1
9541 1
9542 1
9543 1
9544 1
9545 1
9546 1
9547 1
9548 1
9549 1
9550 1
9551 1
9552 1
9553 1
9554 1
9555 1
9556 1
9557 2
9558 1
9559 1
9560 1
9561 1
9562 1
9563 1
9564 1
9565 1
9566 1
9567 1
9568 1
9569 1
9570 1
9571 1
9572 1
9573 1
9574 1
9575 1
9576 1
9577 1
9578 1
9579 1
9580 1
9581 1
9582 1
9583 1
9584 1
9585 1
9586 1
9587 1
9588 1
9589 1
9590 1
9591 1
9592 1
9593 1
9594 1
9595 1
9596 1
9597 1
9598 1
9599 1
9600 1
9601 1
9602 1
9603 1
9604 1
9605 1
9606 1
9607 1
9608 1
9609 1
9610 1
9611 1
9612 1
9613 1
9614 1
9615 1
9616 1
9617 1
9618 1
9619 1
9620 1
9621 1
9622 1
9623 1
9624 1
9625 1
9626 1
9627 1
9628 1
9629 1
9630 1
9631 1
9632 1
9633 1
9634 1
9635 1
9636 1
9637 1
9638 1
9639 1
9640 1
9641 1
9642 1
9643 1
9644 1
9645 1
9646 1
9647 1
9648 1
9649 1
9650 1
9651 1
9652 1
9653 1
9654 1
9655 1
9656 1
9657 1
9658 1
9659 1
9660 1
9661 1
9662 1
9663 1
9664 1
9665 1
9666 1
9667 2
9668 1
9669 1
9670 1
9671 1
9672 1
9673 1
9674 1
9675 1
9676 1
9677 1
9678 1
9679 1
9680 1
9681 1
9682 1
9683 1
9684 1
9685 1
9686 1
9687 1
9688 1
9689 1
9690 1
9691 1
9692 1
9693 1
9694 1
9695 1
9696 1
9697 1
9698 1
9699 1
9700 1
9701 1
9702 1
9703 1
9704 1
9705 1
9706 1
9707 1
9708 1
9709 1
9710 1
9711 1
9712 1
9713 1
9714 1
9715 1
9716 1
9717 1
9718 1
9719 1
9720 1
9721 1
9722 1
9723 1
9724 1
9725 1
9726 1
9727 1
9728 1
9729 1
9730 1
9731 1
9732 1
9733 1
9734 1
9735 1
9736 1
9737 1
9738 1
9739 1
9740 1
9741 1
9742 1
9743 1
9744 1
9745 1
9746 1
9747 1
9748 1
9749 1
9750 1
9751 1
9752 1
9753 1
9754 1
9755 1
9756 1
9757 1
9758 1
9759 1
9760 1
9761 1
9762 1
9763 1
9764 1
9765 1
9766 1
9767 1
9768 1
9769 1
9770 1
9771 1
9772 1
9773 1
9774 1
9775 1
9776 1
9777 1
9778 1
9779 1
9780 1
9781 1
9782 1
9783 1
9784 1
9785 1
9786 1
9787 1
9788 1
9789 1
9790 1
9791 1
9792 1
9793 1
9794 1
9795 1
9796 1
9797 1
9798 1
9799 1
9800 1
9801 1
9802 1
9803 1
9804 1
9805 1
9806 1
9807 1
9808 1
9809 1
9810 1
9811 1
9812 1
9813 1
9814 1
9815 1
9816 1
9817 1
9818 1
9819 1
9820 1
9821 1
9822 1
9823 1
9824 1
9825 1
9826 1
9827 1
9828 1
9829 1
9830 1
9831 1
9832 1
9833 1
9834 1
9835 1
9836 1
9837 1
9838 1
9839 1
9840 1
9841 1
9842 1
9843 1
9844 1
9845 1
9846 1
9847 1
9848 1
9849 1
9850 1
9851 1
9852 1
9853 1
9854 1
9855 1
9856 1
9857 1
9858 1
9859 1
9860 1
9861 1
9862 1
9863 1
9864 1
9865 1
9866 1
9867 1
9868 1
9869 1
9870 1
9871 1
9872 1
9873 1
9874 1
9875 1
9876 1
9877 1
9878 1
9879 1
9880 1
9881 1
9882 1
9883 1
9884 1
9885 1
9886 1
9887 1
9888 1
9889 1
9890 1
9891 1
9892 1
9893 1
9894 1
9895 1
9896 1
9897 1
9898 1
9899 1
9900 1
9901 1
9902 1
9903 1
9904 1
9905 1
9906 1
9907 1
9908 1
9909 1
9910 1
9911 1
9912 1
9913 1
9914 1
9915 1
9916 1
9917 1
9918 1
9919 1
9920 1
9921 1
9922 1
9923 1
9924 1
9925 1
9926 1
9927 1
9928 1
9929 1
9930 1
9931 1
9932 1
9933 1
9934 1
9935 1
9936 1
9937 1
9938 1
9939 1
9940 1
9941 1
9942 1
9943 1
9944 1
9945 1
9946 1
9947 1
9948 1
9949 1
9950 1
9951 1
9952 1
9953 1
9954 1
9955 1
9956 1
9957 1
9958 1
9959 1
9960 1
9961 1
9962 1
9963 1
9964 1
9965 1
9966 1
9967 1
9968 1
9969 1
9970 1
9971 1
9972 1
9973 1
9974 1
9975 1
9976 1
9977 1
9978 1
9979 1
9980 1
9981 1
9982 1
9983 1
9984 1
9985 1
9986 1
9987 1
9988 1
9989 1
9990 1
9991 1
9992 1
9993 1
9994 1
9995 1
9996 1
9997 1
9998 1
9999 1
10000 1
