100 1
101 1
102 1
103 1
104 1
105 1
106 1
107 1
108 1
109 1
110 1
111 1
112 1
113 1
114 1
115 1
116 1
117 1
118 1
119 1
120 1
121 1
122 1
123 1
124 1
125 1
126 1
127 1
128 1
129 1
130 1
131 1
132 1
133 2
134 2
135 2
136 2
137 2
138 2
139 2
140 2
141 2
142 2
143 2
144 2
145 2
146 2
147 2
148 2
149 2
150 2
151 2
152 2
153 2
154 2
155 2
156 2
157 2
158 2
159 2
160 2
161 2
162 2
163 2
164 2
165 2
166 2
167 2
168 2
169 2
170 2
171 2
172 2
173 2
174 2
175 2
176 2
177 2
178 2
179 2
180 2
181 2
182 2
183 2
184 2
185 2
186 2
187 2
188 2
189 2
190 2
191 2
192 2
193 2
194 2
195 2
196 2
197 2
198 2
199 2
200 2
201 2
202 2
203 2
204 2
205 2
206 2
207 2
208 2
209 2
210 2
211 2
212 2
213 2
214 2
215 2
216 2
217 2
218 2
219 2
220 2
221 2
222 2
223 2
224 2
225 2
226 2
227 2
228 2
229 2
230 2
231 2
232 2
233 2
234 2
235 2
236 2
237 2
238 2
239 2
240 2
241 2
242 2
243 2
244 2
245 2
246 2
247 2
248 2
249 2
250 2
251 2
252 3
253 3
254 3
255 3
256 3
257 3
258 3
259 3
260 3
261 3
262 3
263 3
264 4
265 4
266 4
267 4
268 4
269 4
270 4
271 4
272 4
273 4
274 4
275 4
276 4
277 4
278 4
279 4
280 4
281 4
282 4
283 4
284 4
285 4
286 4
287 4
288 4
289 4
290 4
291 4
292 4
293 4
294 4
295 4
296 4
297 4
298 4
299 4
300 4
301 4
302 4
303 4
304 4
305 4
306 4
307 4
308 4
309 4
310 4
311 4
312 4
313 4
314 4
315 4
316 4
317 4
318 4
319 4
320 4
321 4
322 4
323 4
324 4
325 4
326 4
327 4
328 4
329 4
330 4
331 4
332 4
333 4
334 4
335 4
336 4
337 4
338 4
339 4
340 4
341 4
342 4
343 4
344 4
345 4
346 4
347 4
348 4
349 4
350 4
351 4
352 4
353 4
354 4
355 4
356 4
357 4
358 4
359 4
360 4
361 4
362 4
363 4
364 4
365 4
366 4
367 4
368 4
369 4
370 4
371 4
372 4
373 4
374 4
375 4
376 4
377 4
378 4
379 4
380 4
381 4
382 4
383 4
384 4
385 4
386 4
387 4
388 4
389 4
390 4
391 4
392 4
393 4
394 4
395 4
396 5
397 5
398 5
399 5
400 5
401 5
402 5
403 5
404 5
405 5
406 5
407 5
408 5
409 5
410 5
411 5
412 5
413 5
414 5
415 5
416 5
417 5
418 5
419 5
420 5
421 5
422 5
423 5
424 5
425 5
426 5
427 5
428 5
429 5
430 5
431 5
432 5
433 5
434 5
435 5
436 5
437 5
438 5
439 5
440 5
441 5
442 5
443 5
444 5
445 5
446 5
447 5
448 5
449 5
450 5
451 5
452 5
453 5
454 5
455 5
456 5
457 5
458 5
459 5
460 5
461 5
462 5
463 5
464 5
465 5
466 5
467 5
468 5
469 5
470 5
471 5
472 5
473 5
474 5
475 5
476 5
477 5
478 5
479 5
480 5
481 5
482 5
483 5
484 5
485 5
486 5
487 5
488 5
489 5
490 5
491 5
492 5
493 5
494 5
495 5
496 5
497 5
498 5
499 5
500 6
501 6
502 6
503 6
504 6
505 6
506 6
507 6
508 6
509 6
510 6
511 6
512 6
513 6
514 6
515 6
516 6
517 6
518 6
519 6
520 6
521 6
522 6
523 6
524 6
525 6
526 6
527 6
528 6
529 6
530 6
531 6
532 6
533 6
534 6
535 6
536 6
537 6
538 6
539 6
540 6
541 6
542 6
543 6
544 6
545 6
546 6
547 6
548 6
549 6
550 6
551 6
552 6
553 6
554 6
555 6
556 6
557 6
558 6
559 6
560 6
561 6
562 6
563 6
564 6
565 6
566 6
567 6
568 6
569 6
570 6
571 6
572 6
573 6
574 6
575 6
576 6
577 6
578 6
579 6
580 6
581 6
582 6
583 6
584 6
585 6
586 6
587 6
588 6
589 6
590 6
591 6
592 6
593 6
594 6
595 6
596 6
597 6
598 6
599 6
600 6
601 6
602 6
603 6
604 6
605 6
606 6
607 6
608 6
609 6
610 6
611 6
612 6
613 6
614 6
615 6
616 6
617 6
618 6
619 6
620 6
621 6
622 6
623 6
624 6
625 6
626 6
627 6
628 6
629 6
630 6
631 6
632 6
633 6
634 6
635 6
636 6
637 6
638 6
639 6
640 6
641 6
642 6
643 6
644 6
645 6
646 6
647 6
648 6
649 6
650 6
651 6
652 6
653 6
654 6
655 6
656 6
657 6
658 6
659 6
660 6
661 6
662 6
663 6
664 6
665 6
666 6
667 6
668 6
669 6
670 6
671 6
672 6
673 6
674 6
675 6
676 6
677 6
678 6
679 6
680 6
681 6
682 6
683 6
684 6
685 6
686 6
687 6
688 6
689 6
690 6
691 6
692 6
693 6
694 6
695 6
696 6
697 6
698 6
699 6
700 6
701 6
702 6
703 6
704 6
705 6
706 6
707 6
708 6
709 6
710 6
711 6
712 6
713 6
714 6
715 6
716 6
717 6
718 6
719 6
720 6
721 6
722 6
723 6
724 6
725 6
726 6
727 6
728 6
729 6
730 6
731 6
732 6
733 6
734 6
735 6
736 6
737 6
738 6
739 6
740 6
741 6
742 6
743 6
744 6
745 6
746 6
747 6
748 6
749 6
750 6
751 6
752 6
753 6
754 6
755 6
756 6
757 6
758 6
759 6
760 6
761 6
762 6
763 6
764 6
765 6
766 6
767 6
768 6
769 6
770 6
771 6
772 6
773 6
774 6
775 6
776 6
777 6
778 6
779 6
780 6
781 6
782 6
783 6
784 6
785 6
786 6
787 6
788 6
789 6
790 6
791 6
792 6
793 6
794 6
795 6
796 6
797 6
798 6
799 6
800 6
801 6
802 6
803 6
804 6
805 6
806 6
807 6
808 6
809 6
810 6
811 6
812 6
813 6
814 6
815 6
816 6
817 6
818 6
819 6
820 6
821 6
822 6
823 6
824 6
825 6
826 6
827 6
828 6
829 6
830 6
831 6
832 6
833 6
834 6
835 6
836 6
837 6
838 6
839 6
840 6
841 6
842 6
843 6
844 6
845 6
846 6
847 6
848 6
849 6
850 6
851 6
852 6
853 6
854 6
855 6
856 6
857 6
858 6
859 6
860 6
861 6
862 6
863 6
864 6
865 6
866 6
867 6
868 6
869 6
870 6
871 6
872 6
873 6
874 6
875 6
876 6
877 6
878 6
879 6
880 6
881 6
882 6
883 6
884 6
885 6
886 6
887 6
888 6
889 6
890 6
891 6
892 6
893 6
894 6
895 6
896 6
897 6
898 6
899 6
900 6
901 6
902 6
903 6
904 6
905 6
906 6
907 6
908 6
909 6
910 6
911 6
912 6
913 6
914 6
915 6
916 6
917 6
918 6
919 6
920 6
921 6
922 6
923 6
924 6
925 6
926 6
927 6
928 6
929 6
930 6
931 6
932 6
933 6
934 6
935 6
936 6
937 6
938 6
939 6
940 6
941 6
942 6
943 6
944 6
945 6
946 6
947 6
948 6
949 6
950 6
951 6
952 6
953 6
954 6
955 6
956 6
957 6
958 6
959 6
960 6
961 6
962 6
963 6
964 6
965 6
966 6
967 6
968 6
969 6
970 6
971 6
972 6
973 6
974 6
975 6
976 6
977 6
978 6
979 6
980 6
981 6
982 6
983 6
984 6
985 6
986 6
987 6
988 6
989 6
990 6
991 6
992 6
993 6
994 6
995 6
996 6
997 6
998 6
999 6
1000 6
1001 6
1002 6
1003 6
1004 6
1005 6
1006 6
1007 6
1008 6
1009 6
1010 6
1011 6
1012 6
1013 6
1014 6
1015 6
1016 6
1017 6
1018 6
1019 6
1020 6
1021 6
1022 6
1023 6
1024 6
1025 6
1026 6
1027 6
1028 6
1029 6
1030 6
1031 6
1032 6
1033 6
1034 6
1035 6
1036 6
1037 6
1038 6
1039 6
1040 6
1041 6
1042 6
1043 6
1044 6
1045 6
1046 6
1047 6
1048 6
1049 7
1050 7
1051 7
1052 7
1053 7
1054 7
1055 7
1056 7
1057 7
1058 7
1059 7
1060 7
1061 7
1062 7
1063 7
1064 7
1065 7
1066 7
1067 7
1068 7
1069 7
1070 7
1071 7
1072 7
1073 7
1074 7
1075 7
1076 7
1077 7
1078 7
1079 7
1080 7
1081 7
1082 7
1083 7
1084 7
1085 7
1086 7
1087 7
1088 7
1089 7
1090 7
1091 7
1092 7
1093 7
1094 7
1095 7
1096 7
1097 7
1098 7
1099 7
1100 7
1101 7
1102 7
1103 7
1104 7
1105 7
1106 7
1107 7
1108 7
1109 7
1110 7
1111 7
1112 7
1113 7
1114 7
1115 7
1116 7
1117 7
1118 7
1119 7
1120 7
1121 7
1122 7
1123 7
1124 7
1125 7
1126 7
1127 7
1128 7
1129 7
1130 7
1131 7
1132 7
1133 7
1134 7
1135 7
1136 7
1137 7
1138 7
1139 7
1140 7
1141 7
1142 7
1143 7
1144 7
1145 7
1146 7
1147 7
1148 7
1149 7
1150 7
1151 7
1152 7
1153 7
1154 7
1155 7
1156 8
1157 8
1158 8
1159 8
1160 8
1161 8
1162 8
1163 8
1164 8
1165 8
1166 8
1167 8
1168 8
1169 8
1170 8
1171 8
1172 8
1173 8
1174 8
1175 8
1176 8
1177 8
1178 8
1179 8
1180 8
1181 8
1182 8
1183 8
1184 8
1185 8
1186 8
1187 8
1188 8
1189 8
1190 8
1191 8
1192 8
1193 8
1194 8
1195 8
1196 8
1197 8
1198 8
1199 8
1200 8
1201 8
1202 8
1203 8
1204 8
1205 8
1206 8
1207 8
1208 8
1209 8
1210 8
1211 8
1212 8
1213 8
1214 8
1215 8
1216 8
1217 8
1218 8
1219 8
1220 8
1221 8
1222 8
1223 8
1224 8
1225 8
1226 8
1227 8
1228 8
1229 8
1230 8
1231 8
1232 8
1233 8
1234 8
1235 8
1236 8
1237 8
1238 8
1239 8
1240 8
1241 8
1242 8
1243 8
1244 8
1245 8
1246 8
1247 8
1248 8
1249 8
1250 8
1251 8
1252 8
1253 8
1254 8
1255 8
1256 8
1257 8
1258 8
1259 8
1260 8
1261 8
1262 8
1263 8
1264 8
1265 8
1266 8
1267 8
1268 8
1269 8
1270 8
1271 8
1272 8
1273 8
1274 8
1275 8
1276 8
1277 8
1278 8
1279 8
1280 8
1281 8
1282 8
1283 8
1284 8
1285 8
1286 8
1287 8
1288 8
1289 8
1290 8
1291 8
1292 8
1293 8
1294 8
1295 8
1296 8
1297 8
1298 8
1299 8
1300 8
1301 8
1302 8
1303 8
1304 8
1305 8
1306 8
1307 8
1308 8
1309 8
1310 8
1311 8
1312 8
1313 8
1314 8
1315 8
1316 8
1317 8
1318 8
1319 8
1320 8
1321 8
1322 8
1323 8
1324 8
1325 8
1326 8
1327 8
1328 8
1329 8
1330 8
1331 8
1332 8
1333 8
1334 8
1335 8
1336 8
1337 8
1338 8
1339 8
1340 8
1341 8
1342 8
1343 8
1344 8
1345 8
1346 8
1347 8
1348 8
1349 8
1350 8
1351 8
1352 8
1353 8
1354 8
1355 8
1356 8
1357 8
1358 8
1359 8
1360 8
1361 8
1362 8
1363 8
1364 8
1365 8
1366 8
1367 8
1368 8
1369 8
1370 8
1371 8
1372 8
1373 8
1374 8
1375 8
1376 8
1377 8
1378 8
1379 8
1380 8
1381 8
1382 8
1383 8
1384 8
1385 8
1386 8
1387 8
1388 8
1389 8
1390 8
1391 8
1392 8
1393 8
1394 8
1395 8
1396 8
1397 8
1398 8
1399 8
1400 8
1401 8
1402 8
1403 8
1404 8
1405 8
1406 8
1407 8
1408 8
1409 8
1410 8
1411 8
1412 8
1413 8
1414 8
1415 8
1416 8
1417 8
1418 8
1419 8
1420 8
1421 8
1422 8
1423 8
1424 8
1425 8
1426 8
1427 8
1428 8
1429 8
1430 8
1431 8
1432 8
1433 8
1434 8
1435 8
1436 8
1437 8
1438 8
1439 8
1440 8
1441 8
1442 8
1443 8
1444 8
1445 8
1446 8
1447 8
1448 8
1449 8
1450 8
1451 8
1452 8
1453 8
1454 8
1455 8
1456 8
1457 8
1458 8
1459 8
1460 8
1461 8
1462 8
1463 8
1464 8
1465 8
1466 8
1467 8
1468 8
1469 8
1470 8
1471 8
1472 8
1473 8
1474 8
1475 8
1476 8
1477 8
1478 8
1479 8
1480 8
1481 8
1482 8
1483 8
1484 8
1485 8
1486 8
1487 8
1488 8
1489 8
1490 8
1491 8
1492 8
1493 8
1494 8
1495 8
1496 8
1497 8
1498 8
1499 8
1500 8
1501 8
1502 8
1503 8
1504 8
1505 8
1506 8
1507 8
1508 8
1509 8
1510 8
1511 8
1512 8
1513 8
1514 8
1515 8
1516 8
1517 8
1518 8
1519 8
1520 8
1521 8
1522 8
1523 8
1524 8
1525 8
1526 8
1527 8
1528 8
1529 8
1530 8
1531 8
1532 8
1533 8
1534 8
1535 8
1536 8
1537 8
1538 8
1539 8
1540 8
1541 8
1542 8
1543 8
1544 8
1545 8
1546 8
1547 8
1548 8
1549 8
1550 8
1551 8
1552 8
1553 8
1554 8
1555 8
1556 8
1557 8
1558 8
1559 8
1560 8
1561 8
1562 8
1563 8
1564 8
1565 8
1566 8
1567 8
1568 8
1569 8
1570 8
1571 8
1572 8
1573 8
1574 8
1575 8
1576 8
1577 8
1578 8
1579 8
1580 8
1581 8
1582 8
1583 8
1584 8
1585 8
1586 8
1587 8
1588 8
1589 8
1590 8
1591 8
1592 8
1593 8
1594 8
1595 8
1596 8
1597 8
1598 8
1599 8
1600 8
1601 8
1602 8
1603 8
1604 8
1605 8
1606 8
1607 8
1608 8
1609 8
1610 8
1611 8
1612 8
1613 8
1614 8
1615 8
1616 8
1617 8
1618 8
1619 8
1620 8
1621 8
1622 8
1623 8
1624 8
1625 8
1626 9
1627 9
1628 9
1629 9
1630 9
1631 9
1632 9
1633 9
1634 9
1635 9
1636 9
1637 9
1638 9
1639 9
1640 9
1641 9
1642 9
1643 9
1644 9
1645 9
1646 9
1647 9
1648 9
1649 9
1650 9
1651 9
1652 9
1653 9
1654 9
1655 9
1656 9
1657 9
1658 9
1659 9
1660 9
1661 9
1662 9
1663 9
1664 9
1665 9
1666 9
1667 9
1668 9
1669 9
1670 9
1671 9
1672 9
1673 9
1674 9
1675 9
1676 9
1677 9
1678 9
1679 9
1680 9
1681 9
1682 9
1683 9
1684 9
1685 9
1686 9
1687 9
1688 9
1689 9
1690 9
1691 9
1692 9
1693 9
1694 9
1695 9
1696 9
1697 9
1698 9
1699 9
1700 9
1701 9
1702 9
1703 9
1704 9
1705 9
1706 9
1707 9
1708 9
1709 9
1710 9
1711 9
1712 9
1713 9
1714 9
1715 9
1716 9
1717 9
1718 9
1719 9
1720 9
1721 9
1722 9
1723 9
1724 9
1725 9
1726 9
1727 9
1728 9
1729 9
1730 9
1731 9
1732 9
1733 9
1734 9
1735 9
1736 9
1737 9
1738 9
1739 9
1740 10
1741 10
1742 10
1743 10
1744 10
1745 10
1746 10
1747 10
1748 10
1749 10
1750 10
1751 10
1752 10
1753 10
1754 10
1755 10
1756 10
1757 10
1758 10
1759 10
1760 10
1761 10
1762 10
1763 10
1764 10
1765 10
1766 10
1767 10
1768 10
1769 10
1770 10
1771 10
1772 10
1773 10
1774 10
1775 10
1776 10
1777 10
1778 10
1779 10
1780 10
1781 10
1782 10
1783 10
1784 10
1785 10
1786 10
1787 10
1788 10
1789 10
1790 10
1791 10
1792 10
1793 10
1794 10
1795 10
1796 10
1797 10
1798 10
1799 10
1800 10
1801 10
1802 10
1803 10
1804 10
1805 10
1806 10
1807 10
1808 10
1809 10
1810 10
1811 10
1812 10
1813 10
1814 10
1815 10
1816 10
1817 10
1818 10
1819 10
1820 10
1821 10
1822 10
1823 10
1824 10
1825 10
1826 10
1827 10
1828 10
1829 10
1830 10
1831 10
1832 10
1833 10
1834 10
1835 10
1836 10
1837 10
1838 10
1839 10
1840 10
1841 10
1842 10
1843 10
1844 10
1845 10
1846 10
1847 10
1848 10
1849 10
1850 10
1851 10
1852 10
1853 10
1854 10
1855 10
1856 10
1857 10
1858 10
1859 10
1860 10
1861 10
1862 10
1863 10
1864 10
1865 10
1866 10
1867 10
1868 10
1869 10
1870 10
1871 10
1872 10
1873 10
1874 10
1875 10
1876 10
1877 10
1878 10
1879 10
1880 10
1881 10
1882 10
1883 10
1884 10
1885 10
1886 10
1887 10
1888 10
1889 10
1890 10
1891 10
1892 10
1893 10
1894 10
1895 10
1896 10
1897 10
1898 10
1899 10
1900 10
1901 10
1902 10
1903 10
1904 10
1905 10
1906 10
1907 10
1908 10
1909 10
1910 10
1911 10
1912 10
1913 10
1914 10
1915 10
1916 10
1917 10
1918 10
1919 10
1920 10
1921 10
1922 10
1923 10
1924 10
1925 10
1926 10
1927 10
1928 10
1929 10
1930 10
1931 10
1932 10
1933 10
1934 10
1935 10
1936 10
1937 10
1938 10
1939 10
1940 10
1941 10
1942 10
1943 10
1944 10
1945 10
1946 10
1947 10
1948 10
1949 10
1950 10
1951 10
1952 10
1953 10
1954 10
1955 10
1956 10
1957 10
1958 10
1959 10
1960 10
1961 10
1962 10
1963 10
1964 10
1965 10
1966 10
1967 10
1968 10
1969 10
1970 10
1971 10
1972 10
1973 10
1974 10
1975 10
1976 10
1977 10
1978 10
1979 10
1980 10
1981 10
1982 10
1983 10
1984 10
1985 10
1986 10
1987 10
1988 10
1989 10
1990 10
1991 10
1992 10
1993 10
1994 10
1995 10
1996 10
1997 10
1998 10
1999 10
2000 10
2001 10
2002 10
2003 10
2004 10
2005 10
2006 10
2007 10
2008 10
2009 10
2010 10
2011 10
2012 10
2013 10
2014 10
2015 10
2016 10
2017 10
2018 10
2019 10
2020 10
2021 10
2022 10
2023 10
2024 10
2025 10
2026 10
2027 10
2028 10
2029 10
2030 10
2031 10
2032 10
2033 10
2034 10
2035 10
2036 10
2037 10
2038 10
2039 10
2040 10
2041 10
2042 10
2043 10
2044 10
2045 10
2046 10
2047 10
2048 10
2049 10
2050 10
2051 10
2052 10
2053 10
2054 10
2055 10
2056 10
2057 10
2058 10
2059 10
2060 10
2061 10
2062 10
2063 10
2064 10
2065 10
2066 10
2067 10
2068 10
2069 10
2070 10
2071 10
2072 10
2073 10
2074 10
2075 10
2076 10
2077 10
2078 10
2079 10
2080 10
2081 10
2082 10
2083 10
2084 10
2085 10
2086 10
2087 10
2088 10
2089 10
2090 10
2091 10
2092 10
2093 10
2094 10
2095 10
2096 10
2097 10
2098 10
2099 10
2100 10
2101 10
2102 10
2103 10
2104 10
2105 10
2106 10
2107 10
2108 10
2109 10
2110 10
2111 10
2112 10
2113 10
2114 10
2115 10
2116 10
2117 10
2118 10
2119 10
2120 10
2121 10
2122 10
2123 10
2124 10
2125 10
2126 10
2127 10
2128 10
2129 10
2130 10
2131 10
2132 10
2133 10
2134 10
2135 10
2136 10
2137 10
2138 10
2139 10
2140 10
2141 10
2142 10
2143 10
2144 10
2145 10
2146 10
2147 10
2148 10
2149 10
2150 10
2151 10
2152 10
2153 10
2154 10
2155 10
2156 10
2157 10
2158 10
2159 10
2160 10
2161 10
2162 10
2163 10
2164 10
2165 10
2166 10
2167 10
2168 10
2169 10
2170 10
2171 10
2172 10
2173 10
2174 10
2175 10
2176 10
2177 10
2178 10
2179 10
2180 10
2181 10
2182 10
2183 10
2184 10
2185 10
2186 10
2187 10
2188 10
2189 10
2190 10
2191 10
2192 10
2193 10
2194 10
2195 10
2196 10
2197 10
2198 10
2199 10
2200 10
2201 10
2202 10
2203 10
2204 10
2205 10
2206 10
2207 10
2208 10
2209 10
2210 10
2211 10
2212 10
2213 10
2214 10
2215 10
2216 10
2217 10
2218 10
2219 10
2220 10
2221 10
2222 10
2223 10
2224 10
2225 10
2226 10
2227 10
2228 10
2229 10
2230 10
2231 10
2232 10
2233 10
2234 10
2235 10
2236 10
2237 10
2238 10
2239 10
2240 10
2241 10
2242 10
2243 10
2244 10
2245 10
2246 10
2247 10
2248 10
2249 10
2250 10
2251 10
2252 10
2253 10
2254 10
2255 10
2256 10
2257 10
2258 10
2259 10
2260 10
2261 10
2262 10
2263 10
2264 10
2265 10
2266 10
2267 10
2268 10
2269 10
2270 10
2271 10
2272 10
2273 10
2274 10
2275 10
2276 10
2277 10
2278 10
2279 10
2280 10
2281 10
2282 10
2283 10
2284 10
2285 10
2286 10
2287 10
2288 10
2289 10
2290 10
2291 10
2292 10
2293 10
2294 10
2295 10
2296 10
2297 10
2298 10
2299 10
2300 10
2301 10
2302 10
2303 10
2304 10
2305 10
2306 10
2307 10
2308 10
2309 10
2310 10
2311 10
2312 10
2313 10
2314 10
2315 10
2316 10
2317 10
2318 10
2319 10
2320 10
2321 10
2322 10
2323 10
2324 10
2325 10
2326 10
2327 10
2328 10
2329 10
2330 10
2331 10
2332 10
2333 10
2334 10
2335 10
2336 10
2337 10
2338 10
2339 10
2340 10
2341 10
2342 10
2343 10
2344 10
2345 10
2346 10
2347 10
2348 10
2349 10
2350 10
2351 10
2352 10
2353 10
2354 10
2355 10
2356 10
2357 10
2358 10
2359 10
2360 10
2361 10
2362 10
2363 10
2364 10
2365 10
2366 10
2367 10
2368 10
2369 10
2370 10
2371 10
2372 10
2373 10
2374 10
2375 10
2376 10
2377 10
2378 10
2379 10
2380 10
2381 10
2382 10
2383 10
2384 10
2385 10
2386 10
2387 10
2388 10
2389 10
2390 10
2391 10
2392 10
2393 10
2394 10
2395 10
2396 10
2397 10
2398 10
2399 10
2400 10
2401 10
2402 10
2403 10
2404 10
2405 10
2406 10
2407 10
2408 10
2409 10
2410 10
2411 10
2412 10
2413 10
2414 10
2415 10
2416 10
2417 10
2418 10
2419 10
2420 10
2421 10
2422 10
2423 10
2424 10
2425 10
2426 10
2427 10
2428 10
2429 10
2430 10
2431 10
2432 10
2433 10
2434 10
2435 10
2436 10
2437 10
2438 10
2439 10
2440 10
2441 10
2442 10
2443 10
2444 10
2445 10
2446 10
2447 10
2448 10
2449 10
2450 10
2451 10
2452 10
2453 10
2454 10
2455 10
2456 10
2457 10
2458 10
2459 10
2460 10
2461 10
2462 10
2463 10
2464 10
2465 10
2466 10
2467 10
2468 10
2469 10
2470 10
2471 10
2472 10
2473 10
2474 10
2475 10
2476 10
2477 10
2478 10
2479 10
2480 10
2481 10
2482 10
2483 10
2484 10
2485 10
2486 10
2487 10
2488 10
2489 10
2490 10
2491 10
2492 10
2493 10
2494 10
2495 10
2496 10
2497 10
2498 10
2499 10
2500 10
2501 10
2502 10
2503 10
2504 10
2505 10
2506 10
2507 10
2508 10
2509 10
2510 10
2511 10
2512 10
2513 10
2514 10
2515 10
2516 10
2517 10
2518 10
2519 10
2520 10
2521 10
2522 10
2523 10
2524 10
2525 10
2526 10
2527 10
2528 10
2529 10
2530 10
2531 10
2532 10
2533 10
2534 10
2535 10
2536 10
2537 10
2538 10
2539 10
2540 10
2541 10
2542 10
2543 10
2544 10
2545 10
2546 10
2547 10
2548 10
2549 10
2550 10
2551 10
2552 10
2553 10
2554 10
2555 10
2556 10
2557 10
2558 10
2559 10
2560 10
2561 10
2562 10
2563 10
2564 10
2565 10
2566 10
2567 10
2568 10
2569 10
2570 10
2571 10
2572 10
2573 10
2574 10
2575 10
2576 10
2577 10
2578 10
2579 10
2580 10
2581 10
2582 10
2583 10
2584 10
2585 10
2586 10
2587 10
2588 10
2589 10
2590 10
2591 10
2592 10
2593 10
2594 10
2595 10
2596 10
2597 10
2598 10
2599 10
2600 10
2601 10
2602 10
2603 10
2604 10
2605 10
2606 10
2607 10
2608 10
2609 10
2610 10
2611 10
2612 10
2613 10
2614 10
2615 10
2616 10
2617 10
2618 10
2619 10
2620 10
2621 10
2622 10
2623 10
2624 10
2625 10
2626 10
2627 10
2628 10
2629 10
2630 10
2631 10
2632 10
2633 10
2634 10
2635 10
2636 10
2637 10
2638 10
2639 10
2640 10
2641 10
2642 10
2643 10
2644 10
2645 10
2646 10
2647 10
2648 10
2649 10
2650 10
2651 10
2652 10
2653 10
2654 10
2655 10
2656 10
2657 10
2658 10
2659 10
2660 10
2661 10
2662 10
2663 10
2664 10
2665 10
2666 10
2667 10
2668 10
2669 10
2670 10
2671 10
2672 10
2673 10
2674 10
2675 10
2676 10
2677 10
2678 10
2679 10
2680 10
2681 10
2682 10
2683 10
2684 10
2685 10
2686 10
2687 10
2688 10
2689 10
2690 10
2691 10
2692 10
2693 11
2694 11
2695 11
2696 11
2697 11
2698 11
2699 11
2700 11
2701 11
2702 11
2703 11
2704 11
2705 11
2706 11
2707 11
2708 11
2709 11
2710 11
2711 11
2712 11
2713 11
2714 11
2715 11
2716 11
2717 11
2718 11
2719 11
2720 11
2721 11
2722 11
2723 11
2724 11
2725 11
2726 11
2727 11
2728 11
2729 11
2730 11
2731 11
2732 11
2733 11
2734 11
2735 11
2736 11
2737 11
2738 11
2739 11
2740 11
2741 11
2742 11
2743 11
2744 11
2745 11
2746 11
2747 11
2748 11
2749 11
2750 11
2751 11
2752 11
2753 11
2754 11
2755 11
2756 11
2757 11
2758 11
2759 11
2760 11
2761 11
2762 11
2763 11
2764 11
2765 11
2766 11
2767 11
2768 11
2769 11
2770 11
2771 11
2772 11
2773 11
2774 11
2775 11
2776 11
2777 11
2778 11
2779 11
2780 11
2781 11
2782 11
2783 11
2784 11
2785 11
2786 11
2787 11
2788 11
2789 11
2790 11
2791 11
2792 11
2793 11
2794 11
2795 11
2796 11
2797 11
2798 11
2799 11
2800 11
2801 11
2802 11
2803 11
2804 11
2805 11
2806 11
2807 11
2808 11
2809 11
2810 11
2811 11
2812 11
2813 11
2814 11
2815 11
2816 11
2817 11
2818 11
2819 11
2820 11
2821 11
2822 11
2823 11
2824 11
2825 11
2826 11
2827 11
2828 11
2829 11
2830 11
2831 11
2832 11
2833 11
2834 11
2835 11
2836 11
2837 11
2838 11
2839 11
2840 11
2841 11
2842 11
2843 11
2844 11
2845 11
2846 11
2847 11
2848 11
2849 11
2850 11
2851 11
2852 11
2853 11
2854 11
2855 11
2856 11
2857 11
2858 11
2859 11
2860 11
2861 11
2862 11
2863 11
2864 11
2865 11
2866 11
2867 11
2868 11
2869 11
2870 11
2871 11
2872 11
2873 11
2874 11
2875 11
2876 11
2877 11
2878 11
2879 11
2880 11
2881 11
2882 11
2883 11
2884 11
2885 11
2886 11
2887 11
2888 11
2889 11
2890 11
2891 11
2892 11
2893 11
2894 11
2895 11
2896 11
2897 11
2898 11
2899 11
2900 11
2901 11
2902 11
2903 11
2904 11
2905 11
2906 11
2907 11
2908 11
2909 11
2910 11
2911 11
2912 11
2913 11
2914 11
2915 11
2916 11
2917 11
2918 11
2919 11
2920 11
2921 11
2922 11
2923 11
2924 11
2925 11
2926 11
2927 11
2928 11
2929 11
2930 11
2931 11
2932 11
2933 11
2934 11
2935 11
2936 11
2937 11
2938 11
2939 11
2940 11
2941 11
2942 11
2943 11
2944 11
2945 11
2946 11
2947 11
2948 11
2949 11
2950 11
2951 11
2952 11
2953 11
2954 11
2955 11
2956 11
2957 11
2958 11
2959 11
2960 11
2961 11
2962 11
2963 11
2964 11
2965 11
2966 11
2967 11
2968 11
2969 11
2970 11
2971 11
2972 11
2973 11
2974 11
2975 11
2976 11
2977 11
2978 11
2979 11
2980 11
2981 11
2982 11
2983 11
2984 11
2985 11
2986 11
2987 11
2988 11
2989 11
2990 11
2991 11
2992 11
2993 11
2994 11
2995 11
2996 11
2997 11
2998 11
2999 11
3000 11
3001 11
3002 11
3003 11
3004 11
3005 11
3006 11
3007 11
3008 11
3009 11
3010 11
3011 11
3012 11
3013 11
3014 11
3015 11
3016 11
3017 11
3018 11
3019 11
3020 11
3021 11
3022 11
3023 11
3024 11
3025 11
3026 11
3027 11
3028 11
3029 11
3030 11
3031 11
3032 11
3033 11
3034 11
3035 11
3036 11
3037 11
3038 11
3039 11
3040 11
3041 11
3042 11
3043 11
3044 11
3045 11
3046 11
3047 11
3048 11
3049 11
3050 11
3051 11
3052 11
3053 11
3054 11
3055 11
3056 11
3057 11
3058 11
3059 11
3060 11
3061 11
3062 11
3063 11
3064 11
3065 11
3066 11
3067 11
3068 11
3069 11
3070 11
3071 11
3072 11
3073 11
3074 11
3075 11
3076 11
3077 11
3078 11
3079 11
3080 11
3081 11
3082 11
3083 11
3084 11
3085 11
3086 11
3087 11
3088 11
3089 11
3090 11
3091 11
3092 11
3093 11
3094 11
3095 11
3096 11
3097 11
3098 11
3099 11
3100 11
3101 11
3102 11
3103 11
3104 11
3105 11
3106 11
3107 11
3108 11
3109 11
3110 11
3111 11
3112 11
3113 11
3114 11
3115 11
3116 11
3117 11
3118 11
3119 11
3120 11
3121 11
3122 11
3123 11
3124 11
3125 11
3126 11
3127 11
3128 11
3129 11
3130 11
3131 11
3132 11
3133 11
3134 11
3135 11
3136 11
3137 11
3138 11
3139 11
3140 11
3141 11
3142 11
3143 11
3144 11
3145 11
3146 11
3147 11
3148 11
3149 11
3150 11
3151 11
3152 11
3153 11
3154 11
3155 11
3156 11
3157 11
3158 11
3159 11
3160 11
3161 11
3162 11
3163 11
3164 11
3165 11
3166 11
3167 11
3168 11
3169 11
3170 11
3171 11
3172 11
3173 11
3174 11
3175 11
3176 11
3177 11
3178 11
3179 11
3180 11
3181 11
3182 11
3183 11
3184 11
3185 11
3186 11
3187 11
3188 11
3189 11
3190 11
3191 11
3192 11
3193 11
3194 11
3195 11
3196 11
3197 11
3198 11
3199 11
3200 11
3201 11
3202 11
3203 11
3204 11
3205 11
3206 11
3207 11
3208 11
3209 11
3210 11
3211 11
3212 11
3213 11
3214 11
3215 11
3216 11
3217 11
3218 11
3219 11
3220 11
3221 11
3222 11
3223 11
3224 11
3225 11
3226 11
3227 11
3228 11
3229 11
3230 11
3231 11
3232 11
3233 11
3234 11
3235 11
3236 11
3237 11
3238 11
3239 11
3240 11
3241 11
3242 11
3243 11
3244 11
3245 11
3246 11
3247 11
3248 11
3249 11
3250 11
3251 11
3252 11
3253 11
3254 11
3255 11
3256 11
3257 11
3258 11
3259 11
3260 11
3261 11
3262 11
3263 11
3264 11
3265 11
3266 11
3267 11
3268 11
3269 11
3270 11
3271 11
3272 11
3273 11
3274 11
3275 11
3276 11
3277 11
3278 11
3279 11
3280 11
3281 11
3282 11
3283 11
3284 11
3285 11
3286 11
3287 11
3288 11
3289 11
3290 11
3291 11
3292 11
3293 11
3294 11
3295 11
3296 11
3297 11
3298 11
3299 11
3300 11
3301 11
3302 11
3303 11
3304 11
3305 11
3306 11
3307 11
3308 11
3309 11
3310 11
3311 11
3312 11
3313 11
3314 11
3315 11
3316 11
3317 11
3318 11
3319 11
3320 11
3321 11
3322 11
3323 11
3324 11
3325 11
3326 11
3327 11
3328 11
3329 11
3330 11
3331 11
3332 11
3333 11
3334 11
3335 11
3336 11
3337 11
3338 11
3339 11
3340 11
3341 11
3342 11
3343 11
3344 11
3345 11
3346 11
3347 11
3348 11
3349 11
3350 11
3351 11
3352 11
3353 11
3354 11
3355 11
3356 11
3357 11
3358 11
3359 11
3360 11
3361 11
3362 11
3363 11
3364 11
3365 11
3366 11
3367 11
3368 11
3369 11
3370 11
3371 11
3372 11
3373 11
3374 11
3375 11
3376 11
3377 11
3378 11
3379 11
3380 11
3381 11
3382 11
3383 11
3384 11
3385 11
3386 11
3387 11
3388 11
3389 11
3390 11
3391 11
3392 11
3393 11
3394 11
3395 11
3396 11
3397 11
3398 11
3399 11
3400 11
3401 11
3402 11
3403 11
3404 11
3405 11
3406 11
3407 11
3408 11
3409 11
3410 11
3411 11
3412 11
3413 11
3414 11
3415 11
3416 11
3417 11
3418 11
3419 11
3420 11
3421 11
3422 11
3423 11
3424 11
3425 11
3426 11
3427 11
3428 11
3429 11
3430 11
3431 11
3432 11
3433 11
3434 11
3435 11
3436 11
3437 11
3438 11
3439 11
3440 11
3441 11
3442 11
3443 11
3444 11
3445 11
3446 11
3447 11
3448 11
3449 11
3450 11
3451 11
3452 11
3453 11
3454 11
3455 11
3456 11
3457 11
3458 11
3459 11
3460 11
3461 11
3462 11
3463 11
3464 11
3465 11
3466 11
3467 11
3468 11
3469 11
3470 11
3471 11
3472 11
3473 11
3474 11
3475 11
3476 11
3477 11
3478 11
3479 11
3480 11
3481 11
3482 11
3483 11
3484 11
3485 11
3486 11
3487 11
3488 11
3489 11
3490 11
3491 11
3492 11
3493 11
3494 11
3495 11
3496 11
3497 11
3498 11
3499 11
3500 11
3501 11
3502 11
3503 11
3504 11
3505 11
3506 11
3507 11
3508 11
3509 11
3510 11
3511 11
3512 11
3513 11
3514 11
3515 11
3516 11
3517 11
3518 11
3519 11
3520 11
3521 11
3522 11
3523 11
3524 11
3525 11
3526 11
3527 11
3528 11
3529 11
3530 11
3531 11
3532 11
3533 11
3534 11
3535 11
3536 11
3537 11
3538 11
3539 11
3540 11
3541 11
3542 11
3543 11
3544 11
3545 11
3546 11
3547 11
3548 11
3549 11
3550 11
3551 11
3552 11
3553 11
3554 11
3555 11
3556 11
3557 11
3558 11
3559 11
3560 11
3561 11
3562 11
3563 11
3564 11
3565 11
3566 11
3567 11
3568 11
3569 11
3570 11
3571 11
3572 11
3573 11
3574 11
3575 11
3576 11
3577 11
3578 11
3579 11
3580 11
3581 11
3582 11
3583 11
3584 11
3585 11
3586 11
3587 11
3588 11
3589 11
3590 11
3591 11
3592 11
3593 11
3594 11
3595 11
3596 11
3597 11
3598 11
3599 11
3600 11
3601 11
3602 11
3603 11
3604 11
3605 11
3606 11
3607 11
3608 11
3609 11
3610 11
3611 11
3612 11
3613 11
3614 11
3615 11
3616 11
3617 11
3618 11
3619 11
3620 11
3621 11
3622 11
3623 11
3624 11
3625 11
3626 11
3627 11
3628 11
3629 11
3630 11
3631 11
3632 11
3633 11
3634 11
3635 11
3636 11
3637 11
3638 11
3639 11
3640 11
3641 11
3642 11
3643 11
3644 11
3645 11
3646 11
3647 11
3648 11
3649 11
3650 11
3651 11
3652 11
3653 11
3654 11
3655 11
3656 11
3657 11
3658 11
3659 11
3660 11
3661 11
3662 11
3663 11
3664 11
3665 11
3666 11
3667 11
3668 11
3669 11
3670 11
3671 11
3672 11
3673 11
3674 11
3675 11
3676 11
3677 11
3678 11
3679 11
3680 11
3681 11
3682 11
3683 11
3684 11
3685 11
3686 11
3687 11
3688 11
3689 11
3690 11
3691 11
3692 11
3693 11
3694 11
3695 11
3696 11
3697 11
3698 11
3699 11
3700 11
3701 11
3702 11
3703 11
3704 11
3705 11
3706 11
3707 11
3708 11
3709 11
3710 11
3711 11
3712 11
3713 11
3714 11
3715 11
3716 11
3717 11
3718 11
3719 11
3720 11
3721 11
3722 11
3723 11
3724 11
3725 11
3726 11
3727 11
3728 11
3729 11
3730 11
3731 11
3732 11
3733 11
3734 11
3735 11
3736 11
3737 11
3738 11
3739 11
3740 11
3741 11
3742 11
3743 11
3744 11
3745 11
3746 11
3747 11
3748 11
3749 11
3750 11
3751 11
3752 11
3753 11
3754 11
3755 11
3756 11
3757 11
3758 11
3759 11
3760 11
3761 11
3762 11
3763 11
3764 11
3765 11
3766 11
3767 11
3768 11
3769 11
3770 11
3771 11
3772 11
3773 11
3774 11
3775 11
3776 11
3777 11
3778 11
3779 11
3780 11
3781 11
3782 11
3783 11
3784 11
3785 11
3786 11
3787 11
3788 11
3789 11
3790 11
3791 11
3792 11
3793 11
3794 11
3795 11
3796 11
3797 11
3798 11
3799 11
3800 11
3801 11
3802 11
3803 11
3804 11
3805 11
3806 11
3807 11
3808 11
3809 11
3810 11
3811 11
3812 11
3813 11
3814 11
3815 11
3816 11
3817 11
3818 11
3819 11
3820 11
3821 11
3822 11
3823 11
3824 11
3825 11
3826 11
3827 11
3828 11
3829 11
3830 11
3831 11
3832 11
3833 11
3834 11
3835 11
3836 11
3837 11
3838 11
3839 11
3840 11
3841 11
3842 11
3843 11
3844 11
3845 11
3846 11
3847 11
3848 11
3849 11
3850 11
3851 11
3852 11
3853 11
3854 11
3855 11
3856 11
3857 11
3858 11
3859 11
3860 11
3861 11
3862 11
3863 11
3864 11
3865 11
3866 11
3867 11
3868 11
3869 11
3870 11
3871 11
3872 11
3873 11
3874 11
3875 11
3876 11
3877 11
3878 11
3879 11
3880 11
3881 11
3882 11
3883 11
3884 11
3885 11
3886 11
3887 11
3888 11
3889 11
3890 11
3891 11
3892 11
3893 11
3894 11
3895 11
3896 11
3897 11
3898 11
3899 11
3900 11
3901 11
3902 11
3903 11
3904 11
3905 11
3906 11
3907 11
3908 11
3909 11
3910 11
3911 11
3912 11
3913 11
3914 11
3915 11
3916 11
3917 11
3918 11
3919 11
3920 11
3921 11
3922 11
3923 11
3924 11
3925 11
3926 11
3927 11
3928 11
3929 11
3930 11
3931 11
3932 11
3933 11
3934 11
3935 11
3936 11
3937 11
3938 11
3939 11
3940 11
3941 11
3942 11
3943 11
3944 11
3945 11
3946 11
3947 11
3948 11
3949 11
3950 11
3951 11
3952 11
3953 11
3954 11
3955 11
3956 11
3957 11
3958 11
3959 11
3960 11
3961 11
3962 11
3963 11
3964 11
3965 11
3966 11
3967 11
3968 11
3969 11
3970 11
3971 11
3972 11
3973 11
3974 11
3975 11
3976 11
3977 11
3978 11
3979 11
3980 11
3981 11
3982 11
3983 11
3984 11
3985 11
3986 11
3987 11
3988 11
3989 11
3990 11
3991 11
3992 11
3993 11
3994 11
3995 11
3996 11
3997 11
3998 11
3999 11
4000 11
4001 11
4002 11
4003 11
4004 11
4005 11
4006 11
4007 11
4008 11
4009 11
4010 11
4011 11
4012 11
4013 11
4014 11
4015 11
4016 11
4017 11
4018 11
4019 11
4020 11
4021 11
4022 11
4023 11
4024 11
4025 11
4026 11
4027 11
4028 11
4029 11
4030 11
4031 11
4032 11
4033 11
4034 11
4035 11
4036 11
4037 11
4038 11
4039 11
4040 11
4041 11
4042 11
4043 11
4044 11
4045 11
4046 11
4047 11
4048 11
4049 11
4050 11
4051 11
4052 11
4053 11
4054 11
4055 11
4056 11
4057 11
4058 11
4059 11
4060 11
4061 11
4062 11
4063 11
4064 11
4065 11
4066 11
4067 11
4068 11
4069 11
4070 11
4071 11
4072 11
4073 11
4074 11
4075 11
4076 11
4077 11
4078 11
4079 11
4080 11
4081 11
4082 11
4083 11
4084 11
4085 11
4086 11
4087 11
4088 11
4089 11
4090 11
4091 11
4092 11
4093 11
4094 11
4095 11
4096 11
4097 11
4098 11
4099 11
4100 11
4101 11
4102 11
4103 11
4104 11
4105 11
4106 11
4107 11
4108 11
4109 11
4110 11
4111 11
4112 11
4113 11
4114 11
4115 11
4116 11
4117 11
4118 11
4119 11
4120 11
4121 11
4122 11
4123 11
4124 11
4125 11
4126 11
4127 11
4128 11
4129 11
4130 11
4131 11
4132 11
4133 11
4134 11
4135 11
4136 11
4137 11
4138 11
4139 11
4140 11
4141 11
4142 11
4143 11
4144 11
4145 11
4146 11
4147 11
4148 11
4149 11
4150 11
4151 11
4152 11
4153 11
4154 11
4155 11
4156 11
4157 11
4158 11
4159 11
4160 11
4161 11
4162 11
4163 11
4164 11
4165 11
4166 11
4167 11
4168 11
4169 11
4170 11
4171 11
4172 11
4173 11
4174 11
4175 11
4176 11
4177 11
4178 11
4179 11
4180 11
4181 11
4182 11
4183 11
4184 11
4185 11
4186 11
4187 11
4188 11
4189 11
4190 11
4191 11
4192 11
4193 11
4194 11
4195 11
4196 11
4197 11
4198 11
4199 11
4200 11
4201 11
4202 11
4203 11
4204 11
4205 11
4206 11
4207 11
4208 11
4209 11
4210 11
4211 11
4212 11
4213 11
4214 11
4215 11
4216 11
4217 11
4218 11
4219 11
4220 11
4221 11
4222 11
4223 11
4224 11
4225 11
4226 11
4227 11
4228 11
4229 11
4230 11
4231 11
4232 11
4233 11
4234 11
4235 11
4236 11
4237 11
4238 11
4239 11
4240 11
4241 11
4242 11
4243 11
4244 11
4245 11
4246 11
4247 11
4248 11
4249 11
4250 11
4251 11
4252 11
4253 11
4254 11
4255 11
4256 11
4257 11
4258 11
4259 11
4260 11
4261 11
4262 11
4263 11
4264 11
4265 11
4266 11
4267 11
4268 11
4269 11
4270 11
4271 11
4272 11
4273 11
4274 11
4275 11
4276 11
4277 11
4278 11
4279 11
4280 11
4281 11
4282 11
4283 11
4284 11
4285 11
4286 11
4287 11
4288 11
4289 11
4290 11
4291 11
4292 11
4293 11
4294 11
4295 11
4296 11
4297 11
4298 11
4299 11
4300 11
4301 11
4302 11
4303 11
4304 11
4305 11
4306 11
4307 11
4308 11
4309 11
4310 11
4311 11
4312 11
4313 11
4314 11
4315 11
4316 11
4317 11
4318 11
4319 11
4320 11
4321 11
4322 11
4323 11
4324 11
4325 11
4326 11
4327 11
4328 11
4329 11
4330 11
4331 11
4332 11
4333 11
4334 11
4335 11
4336 11
4337 11
4338 11
4339 11
4340 11
4341 11
4342 11
4343 11
4344 11
4345 11
4346 11
4347 11
4348 11
4349 11
4350 11
4351 11
4352 11
4353 11
4354 11
4355 11
4356 11
4357 11
4358 11
4359 11
4360 11
4361 11
4362 11
4363 11
4364 11
4365 11
4366 11
4367 11
4368 11
4369 11
4370 11
4371 11
4372 11
4373 11
4374 11
4375 11
4376 11
4377 11
4378 11
4379 11
4380 11
4381 11
4382 11
4383 11
4384 11
4385 11
4386 11
4387 11
4388 11
4389 11
4390 11
4391 11
4392 11
4393 11
4394 11
4395 11
4396 11
4397 11
4398 11
4399 11
4400 11
4401 11
4402 11
4403 11
4404 11
4405 11
4406 11
4407 11
4408 11
4409 11
4410 11
4411 11
4412 11
4413 11
4414 12
4415 12
4416 12
4417 12
4418 12
4419 12
4420 12
4421 12
4422 12
4423 12
4424 12
4425 12
4426 12
4427 12
4428 12
4429 12
4430 12
4431 12
4432 12
4433 12
4434 12
4435 12
4436 12
4437 12
4438 12
4439 12
4440 12
4441 12
4442 12
4443 12
4444 12
4445 12
4446 12
4447 12
4448 12
4449 12
4450 12
4451 12
4452 12
4453 12
4454 12
4455 12
4456 12
4457 12
4458 12
4459 12
4460 12
4461 12
4462 12
4463 12
4464 12
4465 12
4466 12
4467 12
4468 12
4469 12
4470 12
4471 12
4472 12
4473 12
4474 12
4475 12
4476 12
4477 12
4478 12
4479 12
4480 12
4481 12
4482 12
4483 12
4484 12
4485 12
4486 12
4487 12
4488 12
4489 12
4490 12
4491 12
4492 12
4493 12
4494 12
4495 12
4496 12
4497 12
4498 12
4499 12
4500 12
4501 12
4502 12
4503 12
4504 12
4505 12
4506 12
4507 12
4508 12
4509 12
4510 12
4511 12
4512 12
4513 12
4514 12
4515 12
4516 12
4517 12
4518 12
4519 12
4520 12
4521 12
4522 12
4523 12
4524 12
4525 12
4526 12
4527 12
4528 12
4529 12
4530 12
4531 12
4532 12
4533 12
4534 12
4535 12
4536 12
4537 12
4538 12
4539 12
4540 12
4541 12
4542 12
4543 12
4544 12
4545 12
4546 12
4547 12
4548 12
4549 12
4550 12
4551 12
4552 12
4553 12
4554 12
4555 12
4556 12
4557 12
4558 12
4559 12
4560 12
4561 12
4562 12
4563 12
4564 12
4565 12
4566 12
4567 12
4568 12
4569 12
4570 12
4571 12
4572 12
4573 12
4574 12
4575 12
4576 12
4577 12
4578 12
4579 12
4580 12
4581 12
4582 12
4583 12
4584 12
4585 12
4586 12
4587 12
4588 12
4589 12
4590 12
4591 12
4592 12
4593 12
4594 12
4595 12
4596 12
4597 12
4598 12
4599 12
4600 12
4601 12
4602 12
4603 12
4604 12
4605 12
4606 12
4607 12
4608 12
4609 12
4610 12
4611 12
4612 12
4613 12
4614 12
4615 12
4616 12
4617 12
4618 12
4619 12
4620 12
4621 12
4622 12
4623 12
4624 12
4625 12
4626 12
4627 12
4628 12
4629 12
4630 12
4631 12
4632 12
4633 12
4634 12
4635 12
4636 12
4637 12
4638 12
4639 12
4640 12
4641 12
4642 12
4643 12
4644 12
4645 12
4646 12
4647 12
4648 12
4649 12
4650 12
4651 12
4652 12
4653 12
4654 12
4655 12
4656 12
4657 12
4658 12
4659 12
4660 12
4661 12
4662 12
4663 12
4664 12
4665 12
4666 12
4667 12
4668 12
4669 12
4670 12
4671 12
4672 12
4673 12
4674 12
4675 12
4676 12
4677 12
4678 12
4679 12
4680 12
4681 12
4682 12
4683 12
4684 12
4685 12
4686 12
4687 12
4688 12
4689 12
4690 12
4691 12
4692 12
4693 12
4694 12
4695 12
4696 12
4697 12
4698 12
4699 12
4700 12
4701 12
4702 12
4703 12
4704 12
4705 12
4706 12
4707 12
4708 13
4709 13
4710 13
4711 13
4712 13
4713 13
4714 13
4715 13
4716 13
4717 13
4718 13
4719 13
4720 13
4721 13
4722 13
4723 13
4724 13
4725 13
4726 13
4727 13
4728 13
4729 13
4730 13
4731 13
4732 13
4733 13
4734 13
4735 13
4736 13
4737 13
4738 13
4739 13
4740 13
4741 13
4742 13
4743 13
4744 13
4745 13
4746 13
4747 13
4748 13
4749 13
4750 13
4751 13
4752 13
4753 13
4754 13
4755 13
4756 13
4757 13
4758 13
4759 13
4760 13
4761 13
4762 13
4763 13
4764 13
4765 13
4766 13
4767 13
4768 13
4769 13
4770 13
4771 13
4772 13
4773 13
4774 13
4775 13
4776 13
4777 13
4778 13
4779 13
4780 13
4781 13
4782 13
4783 13
4784 13
4785 13
4786 13
4787 13
4788 13
4789 13
4790 13
4791 13
4792 13
4793 13
4794 13
4795 13
4796 13
4797 13
4798 13
4799 13
4800 13
4801 13
4802 13
4803 13
4804 13
4805 13
4806 13
4807 13
4808 13
4809 13
4810 13
4811 13
4812 13
4813 13
4814 13
4815 13
4816 13
4817 13
4818 13
4819 13
4820 13
4821 13
4822 13
4823 13
4824 13
4825 13
4826 13
4827 13
4828 13
4829 13
4830 13
4831 13
4832 13
4833 13
4834 13
4835 13
4836 13
4837 13
4838 13
4839 13
4840 13
4841 13
4842 13
4843 13
4844 13
4845 13
4846 13
4847 13
4848 13
4849 13
4850 13
4851 13
4852 13
4853 13
4854 13
4855 13
4856 13
4857 13
4858 13
4859 13
4860 13
4861 13
4862 13
4863 13
4864 13
4865 13
4866 13
4867 13
4868 13
4869 13
4870 13
4871 13
4872 13
4873 13
4874 13
4875 13
4876 13
4877 13
4878 13
4879 13
4880 13
4881 13
4882 13
4883 13
4884 13
4885 13
4886 13
4887 13
4888 13
4889 13
4890 13
4891 13
4892 13
4893 13
4894 13
4895 13
4896 13
4897 13
4898 13
4899 13
4900 13
4901 13
4902 13
4903 13
4904 13
4905 13
4906 13
4907 13
4908 13
4909 13
4910 13
4911 13
4912 13
4913 13
4914 13
4915 13
4916 13
4917 13
4918 13
4919 13
4920 13
4921 13
4922 13
4923 13
4924 13
4925 13
4926 13
4927 13
4928 13
4929 13
4930 13
4931 13
4932 13
4933 13
4934 13
4935 13
4936 13
4937 13
4938 13
4939 13
4940 13
4941 13
4942 13
4943 13
4944 13
4945 13
4946 13
4947 13
4948 13
4949 13
4950 13
4951 13
4952 13
4953 13
4954 13
4955 13
4956 13
4957 13
4958 13
4959 13
4960 13
4961 13
4962 13
4963 13
4964 13
4965 13
4966 13
4967 13
4968 13
4969 13
4970 13
4971 13
4972 13
4973 13
4974 13
4975 13
4976 13
4977 13
4978 13
4979 13
4980 13
4981 13
4982 13
4983 13
4984 13
4985 13
4986 13
4987 13
4988 13
4989 13
4990 13
4991 13
4992 13
4993 13
4994 13
4995 13
4996 13
4997 13
4998 13
4999 13
5000 13
5001 13
5002 13
5003 13
5004 13
5005 13
5006 13
5007 13
5008 13
5009 13
5010 13
5011 13
5012 13
5013 13
5014 13
5015 13
5016 13
5017 13
5018 13
5019 13
5020 13
5021 13
5022 13
5023 13
5024 13
5025 13
5026 13
5027 13
5028 13
5029 13
5030 13
5031 13
5032 13
5033 13
5034 13
5035 13
5036 13
5037 13
5038 13
5039 13
5040 13
5041 13
5042 13
5043 13
5044 13
5045 13
5046 13
5047 13
5048 13
5049 13
5050 13
5051 13
5052 13
5053 13
5054 13
5055 13
5056 13
5057 13
5058 13
5059 13
5060 13
5061 13
5062 13
5063 13
5064 13
5065 13
5066 13
5067 13
5068 13
5069 13
5070 13
5071 13
5072 13
5073 13
5074 13
5075 13
5076 13
5077 13
5078 13
5079 13
5080 13
5081 13
5082 13
5083 13
5084 13
5085 13
5086 13
5087 13
5088 13
5089 13
5090 13
5091 13
5092 13
5093 13
5094 13
5095 13
5096 13
5097 13
5098 13
5099 13
5100 13
5101 13
5102 13
5103 13
5104 13
5105 13
5106 13
5107 13
5108 13
5109 13
5110 13
5111 13
5112 13
5113 13
5114 13
5115 13
5116 13
5117 13
5118 13
5119 13
5120 13
5121 13
5122 13
5123 13
5124 13
5125 13
5126 13
5127 13
5128 13
5129 13
5130 13
5131 13
5132 13
5133 13
5134 13
5135 13
5136 13
5137 13
5138 13
5139 13
5140 13
5141 13
5142 13
5143 13
5144 13
5145 13
5146 13
5147 13
5148 13
5149 13
5150 13
5151 13
5152 13
5153 13
5154 13
5155 13
5156 13
5157 13
5158 13
5159 13
5160 13
5161 13
5162 13
5163 13
5164 13
5165 13
5166 13
5167 13
5168 13
5169 13
5170 13
5171 13
5172 13
5173 13
5174 13
5175 13
5176 13
5177 13
5178 13
5179 13
5180 13
5181 13
5182 13
5183 13
5184 13
5185 13
5186 13
5187 13
5188 13
5189 13
5190 13
5191 13
5192 13
5193 13
5194 13
5195 13
5196 13
5197 13
5198 13
5199 13
5200 13
5201 13
5202 13
5203 13
5204 13
5205 13
5206 13
5207 13
5208 13
5209 13
5210 13
5211 13
5212 13
5213 13
5214 13
5215 13
5216 13
5217 13
5218 13
5219 13
5220 13
5221 13
5222 13
5223 13
5224 13
5225 13
5226 13
5227 13
5228 13
5229 13
5230 13
5231 13
5232 13
5233 13
5234 13
5235 13
5236 13
5237 13
5238 13
5239 13
5240 13
5241 13
5242 13
5243 13
5244 13
5245 13
5246 13
5247 13
5248 13
5249 13
5250 13
5251 13
5252 13
5253 13
5254 13
5255 13
5256 13
5257 13
5258 13
5259 13
5260 13
5261 13
5262 13
5263 13
5264 13
5265 13
5266 13
5267 13
5268 13
5269 13
5270 13
5271 13
5272 13
5273 13
5274 13
5275 13
5276 13
5277 13
5278 13
5279 13
5280 13
5281 13
5282 13
5283 13
5284 13
5285 13
5286 13
5287 13
5288 13
5289 13
5290 13
5291 13
5292 13
5293 13
5294 13
5295 13
5296 13
5297 13
5298 13
5299 13
5300 13
5301 13
5302 13
5303 13
5304 13
5305 13
5306 13
5307 13
5308 13
5309 13
5310 13
5311 13
5312 13
5313 13
5314 13
5315 13
5316 13
5317 13
5318 13
5319 13
5320 13
5321 13
5322 13
5323 13
5324 13
5325 13
5326 13
5327 13
5328 13
5329 13
5330 13
5331 13
5332 13
5333 13
5334 13
5335 13
5336 13
5337 13
5338 13
5339 13
5340 13
5341 13
5342 13
5343 13
5344 13
5345 13
5346 13
5347 13
5348 13
5349 13
5350 13
5351 13
5352 13
5353 13
5354 13
5355 13
5356 13
5357 13
5358 13
5359 13
5360 13
5361 13
5362 13
5363 13
5364 13
5365 13
5366 13
5367 13
5368 13
5369 13
5370 13
5371 13
5372 13
5373 13
5374 13
5375 13
5376 13
5377 13
5378 13
5379 13
5380 13
5381 13
5382 13
5383 13
5384 13
5385 13
5386 13
5387 13
5388 13
5389 13
5390 13
5391 13
5392 13
5393 13
5394 13
5395 13
5396 13
5397 13
5398 13
5399 13
5400 13
5401 13
5402 13
5403 13
5404 13
5405 13
5406 13
5407 13
5408 13
5409 13
5410 13
5411 13
5412 13
5413 13
5414 13
5415 13
5416 13
5417 13
5418 13
5419 13
5420 13
5421 13
5422 13
5423 13
5424 13
5425 13
5426 13
5427 13
5428 13
5429 13
5430 13
5431 13
5432 13
5433 13
5434 13
5435 13
5436 13
5437 13
5438 13
5439 13
5440 13
5441 13
5442 13
5443 13
5444 13
5445 13
5446 13
5447 13
5448 13
5449 13
5450 13
5451 13
5452 13
5453 13
5454 13
5455 13
5456 13
5457 13
5458 13
5459 13
5460 13
5461 13
5462 13
5463 13
5464 13
5465 13
5466 13
5467 13
5468 13
5469 13
5470 13
5471 13
5472 13
5473 13
5474 13
5475 13
5476 13
5477 13
5478 13
5479 13
5480 13
5481 13
5482 13
5483 13
5484 13
5485 13
5486 13
5487 13
5488 13
5489 13
5490 13
5491 13
5492 13
5493 13
5494 13
5495 13
5496 13
5497 13
5498 13
5499 13
5500 13
5501 13
5502 13
5503 13
5504 13
5505 13
5506 13
5507 13
5508 13
5509 13
5510 13
5511 13
5512 13
5513 13
5514 13
5515 13
5516 13
5517 13
5518 13
5519 13
5520 13
5521 13
5522 13
5523 13
5524 13
5525 13
5526 13
5527 13
5528 13
5529 13
5530 13
5531 13
5532 13
5533 13
5534 13
5535 13
5536 13
5537 13
5538 13
5539 13
5540 13
5541 13
5542 13
5543 13
5544 13
5545 13
5546 13
5547 13
5548 13
5549 13
5550 13
5551 13
5552 13
5553 13
5554 13
5555 13
5556 13
5557 13
5558 13
5559 13
5560 13
5561 13
5562 13
5563 13
5564 13
5565 13
5566 13
5567 13
5568 13
5569 13
5570 13
5571 13
5572 13
5573 13
5574 13
5575 13
5576 13
5577 13
5578 13
5579 13
5580 13
5581 13
5582 13
5583 13
5584 13
5585 13
5586 13
5587 13
5588 13
5589 13
5590 13
5591 13
5592 13
5593 13
5594 13
5595 13
5596 13
5597 13
5598 13
5599 13
5600 13
5601 13
5602 13
5603 13
5604 13
5605 13
5606 13
5607 13
5608 13
5609 13
5610 13
5611 13
5612 13
5613 13
5614 13
5615 13
5616 13
5617 13
5618 13
5619 13
5620 13
5621 13
5622 13
5623 13
5624 13
5625 13
5626 13
5627 13
5628 13
5629 13
5630 13
5631 13
5632 13
5633 13
5634 13
5635 13
5636 13
5637 13
5638 13
5639 13
5640 13
5641 13
5642 13
5643 13
5644 13
5645 13
5646 13
5647 13
5648 13
5649 13
5650 13
5651 13
5652 13
5653 13
5654 13
5655 13
5656 13
5657 13
5658 13
5659 13
5660 13
5661 13
5662 13
5663 13
5664 13
5665 13
5666 13
5667 13
5668 13
5669 13
5670 13
5671 13
5672 13
5673 13
5674 13
5675 13
5676 13
5677 13
5678 13
5679 13
5680 13
5681 13
5682 13
5683 13
5684 13
5685 13
5686 13
5687 13
5688 13
5689 13
5690 13
5691 13
5692 13
5693 13
5694 13
5695 13
5696 13
5697 13
5698 13
5699 13
5700 13
5701 13
5702 13
5703 13
5704 13
5705 13
5706 13
5707 13
5708 13
5709 13
5710 13
5711 13
5712 13
5713 13
5714 13
5715 13
5716 13
5717 13
5718 13
5719 13
5720 13
5721 13
5722 13
5723 13
5724 13
5725 13
5726 13
5727 13
5728 13
5729 13
5730 13
5731 13
5732 13
5733 13
5734 13
5735 13
5736 13
5737 13
5738 13
5739 13
5740 13
5741 13
5742 13
5743 13
5744 13
5745 13
5746 13
5747 13
5748 13
5749 13
5750 13
5751 13
5752 13
5753 13
5754 13
5755 13
5756 13
5757 13
5758 13
5759 13
5760 13
5761 13
5762 13
5763 13
5764 13
5765 13
5766 13
5767 13
5768 13
5769 13
5770 13
5771 13
5772 13
5773 13
5774 13
5775 13
5776 13
5777 13
5778 13
5779 13
5780 13
5781 13
5782 13
5783 13
5784 13
5785 13
5786 13
5787 13
5788 13
5789 13
5790 13
5791 13
5792 13
5793 13
5794 13
5795 13
5796 13
5797 13
5798 13
5799 13
5800 13
5801 13
5802 13
5803 13
5804 13
5805 13
5806 13
5807 13
5808 13
5809 13
5810 13
5811 13
5812 13
5813 13
5814 13
5815 13
5816 13
5817 13
5818 13
5819 13
5820 13
5821 13
5822 13
5823 13
5824 13
5825 13
5826 13
5827 13
5828 13
5829 13
5830 13
5831 13
5832 13
5833 13
5834 13
5835 13
5836 13
5837 13
5838 13
5839 13
5840 13
5841 13
5842 13
5843 13
5844 13
5845 13
5846 13
5847 13
5848 13
5849 13
5850 13
5851 13
5852 13
5853 13
5854 13
5855 13
5856 13
5857 13
5858 13
5859 13
5860 13
5861 13
5862 13
5863 13
5864 13
5865 13
5866 13
5867 13
5868 13
5869 13
5870 13
5871 13
5872 13
5873 13
5874 13
5875 13
5876 13
5877 13
5878 13
5879 13
5880 13
5881 13
5882 13
5883 13
5884 13
5885 13
5886 13
5887 13
5888 13
5889 13
5890 13
5891 13
5892 14
5893 14
5894 14
5895 14
5896 14
5897 14
5898 14
5899 14
5900 14
5901 14
5902 14
5903 14
5904 14
5905 14
5906 14
5907 14
5908 14
5909 14
5910 14
5911 14
5912 14
5913 14
5914 14
5915 14
5916 14
5917 14
5918 14
5919 14
5920 14
5921 14
5922 14
5923 14
5924 14
5925 14
5926 14
5927 14
5928 14
5929 14
5930 14
5931 14
5932 14
5933 14
5934 14
5935 14
5936 14
5937 14
5938 14
5939 14
5940 14
5941 14
5942 14
5943 14
5944 14
5945 14
5946 14
5947 14
5948 14
5949 14
5950 14
5951 14
5952 14
5953 14
5954 14
5955 14
5956 14
5957 14
5958 14
5959 14
5960 14
5961 14
5962 14
5963 14
5964 14
5965 14
5966 14
5967 14
5968 14
5969 14
5970 14
5971 14
5972 14
5973 14
5974 14
5975 14
5976 14
5977 14
5978 14
5979 14
5980 14
5981 14
5982 14
5983 14
5984 14
5985 14
5986 14
5987 14
5988 14
5989 14
5990 14
5991 14
5992 14
5993 14
5994 14
5995 14
5996 14
5997 14
5998 14
5999 14
6000 14
6001 14
6002 14
6003 14
6004 14
6005 14
6006 14
6007 14
6008 14
6009 14
6010 14
6011 14
6012 14
6013 14
6014 14
6015 14
6016 14
6017 14
6018 14
6019 14
6020 14
6021 14
6022 14
6023 14
6024 14
6025 14
6026 14
6027 14
6028 14
6029 14
6030 14
6031 14
6032 14
6033 14
6034 14
6035 14
6036 14
6037 14
6038 14
6039 14
6040 14
6041 14
6042 14
6043 14
6044 14
6045 14
6046 14
6047 14
6048 14
6049 14
6050 14
6051 14
6052 14
6053 14
6054 14
6055 14
6056 14
6057 14
6058 14
6059 14
6060 14
6061 14
6062 14
6063 14
6064 14
6065 14
6066 14
6067 14
6068 14
6069 14
6070 14
6071 14
6072 14
6073 14
6074 14
6075 14
6076 14
6077 14
6078 14
6079 14
6080 14
6081 14
6082 14
6083 14
6084 14
6085 14
6086 14
6087 14
6088 14
6089 14
6090 14
6091 14
6092 14
6093 14
6094 14
6095 14
6096 14
6097 14
6098 14
6099 14
6100 14
6101 14
6102 14
6103 14
6104 14
6105 14
6106 14
6107 14
6108 14
6109 14
6110 14
6111 14
6112 14
6113 14
6114 14
6115 14
6116 14
6117 14
6118 14
6119 14
6120 14
6121 14
6122 14
6123 14
6124 14
6125 14
6126 14
6127 14
6128 14
6129 14
6130 14
6131 14
6132 14
6133 14
6134 14
6135 14
6136 14
6137 14
6138 14
6139 14
6140 14
6141 14
6142 14
6143 14
6144 14
6145 14
6146 14
6147 14
6148 14
6149 14
6150 14
6151 14
6152 14
6153 14
6154 14
6155 14
6156 14
6157 14
6158 14
6159 14
6160 14
6161 14
6162 14
6163 14
6164 14
6165 14
6166 14
6167 14
6168 14
6169 14
6170 14
6171 14
6172 14
6173 14
6174 14
6175 14
6176 14
6177 14
6178 14
6179 14
6180 14
6181 14
6182 14
6183 14
6184 14
6185 14
6186 14
6187 14
6188 14
6189 14
6190 14
6191 14
6192 14
6193 14
6194 14
6195 14
6196 14
6197 14
6198 14
6199 14
6200 14
6201 14
6202 14
6203 14
6204 14
6205 14
6206 14
6207 14
6208 14
6209 14
6210 14
6211 14
6212 14
6213 14
6214 14
6215 14
6216 14
6217 14
6218 14
6219 14
6220 14
6221 14
6222 14
6223 14
6224 14
6225 14
6226 14
6227 14
6228 14
6229 14
6230 14
6231 14
6232 14
6233 14
6234 14
6235 14
6236 14
6237 14
6238 14
6239 14
6240 14
6241 14
6242 14
6243 14
6244 14
6245 14
6246 14
6247 15
6248 15
6249 15
6250 15
6251 15
6252 15
6253 15
6254 15
6255 15
6256 15
6257 15
6258 15
6259 15
6260 15
6261 15
6262 15
6263 15
6264 15
6265 15
6266 15
6267 15
6268 15
6269 15
6270 15
6271 15
6272 15
6273 15
6274 15
6275 15
6276 15
6277 15
6278 15
6279 15
6280 15
6281 15
6282 15
6283 15
6284 15
6285 15
6286 15
6287 15
6288 15
6289 15
6290 15
6291 15
6292 15
6293 15
6294 15
6295 15
6296 15
6297 15
6298 15
6299 15
6300 15
6301 15
6302 15
6303 15
6304 15
6305 15
6306 15
6307 15
6308 15
6309 15
6310 15
6311 15
6312 15
6313 15
6314 15
6315 15
6316 15
6317 15
6318 15
6319 15
6320 15
6321 15
6322 15
6323 15
6324 15
6325 15
6326 15
6327 15
6328 15
6329 15
6330 15
6331 15
6332 15
6333 15
6334 15
6335 15
6336 15
6337 15
6338 15
6339 15
6340 15
6341 15
6342 15
6343 15
6344 15
6345 15
6346 15
6347 15
6348 15
6349 15
6350 15
6351 15
6352 15
6353 15
6354 15
6355 15
6356 15
6357 15
6358 15
6359 15
6360 15
6361 15
6362 15
6363 15
6364 15
6365 15
6366 15
6367 15
6368 15
6369 15
6370 15
6371 15
6372 15
6373 15
6374 15
6375 15
6376 15
6377 15
6378 15
6379 15
6380 15
6381 15
6382 15
6383 15
6384 15
6385 15
6386 15
6387 15
6388 15
6389 15
6390 15
6391 15
6392 15
6393 15
6394 15
6395 15
6396 15
6397 15
6398 15
6399 15
6400 15
6401 15
6402 15
6403 15
6404 15
6405 15
6406 15
6407 15
6408 15
6409 15
6410 15
6411 15
6412 15
6413 15
6414 15
6415 15
6416 15
6417 15
6418 15
6419 15
6420 15
6421 15
6422 15
6423 15
6424 15
6425 15
6426 15
6427 15
6428 15
6429 15
6430 15
6431 15
6432 15
6433 15
6434 15
6435 15
6436 15
6437 15
6438 15
6439 15
6440 15
6441 15
6442 15
6443 15
6444 15
6445 15
6446 15
6447 15
6448 15
6449 15
6450 15
6451 15
6452 15
6453 15
6454 15
6455 15
6456 15
6457 15
6458 15
6459 15
6460 15
6461 15
6462 15
6463 15
6464 15
6465 15
6466 15
6467 15
6468 15
6469 15
6470 15
6471 15
6472 15
6473 15
6474 15
6475 15
6476 15
6477 15
6478 15
6479 15
6480 15
6481 15
6482 15
6483 15
6484 15
6485 15
6486 15
6487 15
6488 15
6489 15
6490 15
6491 15
6492 15
6493 15
6494 15
6495 15
6496 15
6497 15
6498 15
6499 15
6500 15
6501 15
6502 15
6503 15
6504 15
6505 15
6506 15
6507 15
6508 15
6509 15
6510 15
6511 15
6512 15
6513 15
6514 15
6515 15
6516 15
6517 15
6518 15
6519 15
6520 15
6521 15
6522 15
6523 15
6524 15
6525 15
6526 15
6527 15
6528 15
6529 15
6530 15
6531 15
6532 15
6533 15
6534 15
6535 15
6536 15
6537 15
6538 15
6539 15
6540 15
6541 15
6542 15
6543 15
6544 15
6545 15
6546 15
6547 15
6548 15
6549 15
6550 15
6551 15
6552 15
6553 15
6554 15
6555 15
6556 15
6557 15
6558 15
6559 15
6560 15
6561 15
6562 15
6563 15
6564 15
6565 15
6566 15
6567 15
6568 15
6569 15
6570 15
6571 15
6572 15
6573 15
6574 15
6575 15
6576 15
6577 15
6578 15
6579 15
6580 15
6581 15
6582 15
6583 15
6584 15
6585 15
6586 15
6587 15
6588 15
6589 15
6590 15
6591 15
6592 15
6593 15
6594 15
6595 15
6596 15
6597 15
6598 15
6599 15
6600 15
6601 15
6602 15
6603 15
6604 15
6605 15
6606 15
6607 15
6608 15
6609 15
6610 15
6611 15
6612 15
6613 15
6614 15
6615 15
6616 15
6617 15
6618 15
6619 15
6620 15
6621 15
6622 15
6623 15
6624 15
6625 15
6626 15
6627 15
6628 15
6629 15
6630 15
6631 15
6632 15
6633 15
6634 15
6635 15
6636 15
6637 15
6638 15
6639 15
6640 15
6641 15
6642 15
6643 15
6644 15
6645 15
6646 15
6647 15
6648 15
6649 15
6650 15
6651 15
6652 15
6653 15
6654 15
6655 15
6656 15
6657 15
6658 15
6659 15
6660 15
6661 15
6662 15
6663 15
6664 15
6665 15
6666 15
6667 15
6668 15
6669 15
6670 15
6671 15
6672 15
6673 15
6674 15
6675 15
6676 15
6677 15
6678 15
6679 15
6680 15
6681 15
6682 15
6683 15
6684 15
6685 15
6686 15
6687 15
6688 15
6689 15
6690 15
6691 15
6692 15
6693 15
6694 15
6695 15
6696 15
6697 15
6698 15
6699 15
6700 15
6701 15
6702 15
6703 15
6704 15
6705 15
6706 15
6707 15
6708 15
6709 15
6710 15
6711 15
6712 15
6713 15
6714 15
6715 15
6716 15
6717 15
6718 15
6719 15
6720 15
6721 15
6722 15
6723 15
6724 15
6725 15
6726 15
6727 15
6728 15
6729 15
6730 15
6731 15
6732 15
6733 15
6734 15
6735 15
6736 15
6737 15
6738 15
6739 15
6740 15
6741 15
6742 15
6743 15
6744 15
6745 15
6746 15
6747 15
6748 15
6749 15
6750 15
6751 15
6752 15
6753 15
6754 15
6755 15
6756 15
6757 15
6758 15
6759 15
6760 15
6761 15
6762 15
6763 15
6764 15
6765 15
6766 15
6767 15
6768 15
6769 15
6770 15
6771 15
6772 15
6773 15
6774 15
6775 15
6776 15
6777 15
6778 15
6779 15
6780 15
6781 15
6782 15
6783 15
6784 15
6785 15
6786 15
6787 15
6788 15
6789 15
6790 15
6791 15
6792 15
6793 15
6794 15
6795 15
6796 15
6797 15
6798 15
6799 15
6800 15
6801 15
6802 15
6803 15
6804 15
6805 15
6806 15
6807 15
6808 15
6809 15
6810 15
6811 15
6812 15
6813 15
6814 15
6815 15
6816 15
6817 15
6818 15
6819 15
6820 15
6821 15
6822 15
6823 15
6824 15
6825 15
6826 15
6827 15
6828 15
6829 15
6830 15
6831 15
6832 15
6833 15
6834 15
6835 15
6836 15
6837 15
6838 15
6839 15
6840 15
6841 15
6842 15
6843 15
6844 15
6845 15
6846 15
6847 15
6848 15
6849 15
6850 15
6851 15
6852 15
6853 15
6854 15
6855 15
6856 15
6857 15
6858 15
6859 15
6860 15
6861 15
6862 15
6863 15
6864 15
6865 15
6866 15
6867 15
6868 15
6869 15
6870 15
6871 15
6872 15
6873 15
6874 15
6875 15
6876 15
6877 15
6878 15
6879 15
6880 15
6881 15
6882 15
6883 15
6884 15
6885 15
6886 15
6887 15
6888 15
6889 15
6890 15
6891 15
6892 15
6893 15
6894 15
6895 15
6896 15
6897 15
6898 15
6899 15
6900 15
6901 15
6902 15
6903 15
6904 15
6905 15
6906 15
6907 15
6908 15
6909 15
6910 15
6911 15
6912 15
6913 15
6914 15
6915 15
6916 15
6917 15
6918 15
6919 15
6920 15
6921 15
6922 15
6923 15
6924 15
6925 15
6926 15
6927 15
6928 15
6929 15
6930 15
6931 15
6932 15
6933 15
6934 15
6935 15
6936 15
6937 15
6938 15
6939 15
6940 15
6941 15
6942 15
6943 15
6944 15
6945 15
6946 15
6947 15
6948 15
6949 15
6950 15
6951 15
6952 15
6953 15
6954 15
6955 15
6956 15
6957 15
6958 15
6959 15
6960 15
6961 15
6962 15
6963 15
6964 15
6965 15
6966 15
6967 15
6968 15
6969 15
6970 15
6971 15
6972 15
6973 15
6974 15
6975 15
6976 15
6977 15
6978 15
6979 15
6980 15
6981 15
6982 15
6983 15
6984 15
6985 15
6986 15
6987 15
6988 15
6989 15
6990 15
6991 15
6992 15
6993 15
6994 15
6995 15
6996 15
6997 15
6998 15
6999 15
7000 15
7001 15
7002 15
7003 15
7004 15
7005 15
7006 15
7007 15
7008 15
7009 15
7010 15
7011 15
7012 15
7013 15
7014 15
7015 15
7016 15
7017 15
7018 15
7019 15
7020 15
7021 15
7022 15
7023 15
7024 15
7025 15
7026 15
7027 15
7028 15
7029 15
7030 15
7031 15
7032 15
7033 15
7034 15
7035 15
7036 15
7037 15
7038 15
7039 15
7040 15
7041 15
7042 15
7043 15
7044 15
7045 15
7046 15
7047 15
7048 15
7049 15
7050 15
7051 15
7052 15
7053 15
7054 15
7055 15
7056 15
7057 15
7058 15
7059 15
7060 15
7061 15
7062 15
7063 15
7064 15
7065 15
7066 15
7067 15
7068 15
7069 15
7070 15
7071 15
7072 15
7073 15
7074 15
7075 15
7076 15
7077 15
7078 15
7079 15
7080 15
7081 15
7082 15
7083 15
7084 15
7085 15
7086 15
7087 15
7088 15
7089 15
7090 15
7091 15
7092 15
7093 15
7094 15
7095 15
7096 15
7097 15
7098 15
7099 15
7100 15
7101 15
7102 15
7103 15
7104 15
7105 15
7106 15
7107 15
7108 15
7109 15
7110 15
7111 15
7112 15
7113 15
7114 15
7115 15
7116 15
7117 15
7118 15
7119 15
7120 15
7121 15
7122 15
7123 15
7124 15
7125 15
7126 15
7127 15
7128 15
7129 15
7130 15
7131 15
7132 15
7133 15
7134 15
7135 15
7136 15
7137 15
7138 15
7139 15
7140 15
7141 15
7142 15
7143 15
7144 15
7145 15
7146 15
7147 15
7148 15
7149 15
7150 15
7151 15
7152 15
7153 15
7154 15
7155 15
7156 15
7157 15
7158 15
7159 15
7160 15
7161 15
7162 15
7163 15
7164 15
7165 15
7166 15
7167 15
7168 15
7169 15
7170 15
7171 15
7172 15
7173 15
7174 15
7175 15
7176 15
7177 15
7178 15
7179 15
7180 15
7181 15
7182 15
7183 15
7184 15
7185 15
7186 15
7187 15
7188 15
7189 15
7190 15
7191 15
7192 15
7193 15
7194 15
7195 15
7196 15
7197 15
7198 15
7199 15
7200 15
7201 15
7202 15
7203 15
7204 15
7205 15
7206 15
7207 15
7208 15
7209 15
7210 15
7211 15
7212 15
7213 15
7214 15
7215 15
7216 15
7217 15
7218 15
7219 15
7220 15
7221 15
7222 15
7223 15
7224 15
7225 15
7226 15
7227 15
7228 15
7229 15
7230 15
7231 15
7232 15
7233 15
7234 15
7235 15
7236 15
7237 15
7238 15
7239 15
7240 15
7241 15
7242 15
7243 15
7244 15
7245 15
7246 15
7247 15
7248 15
7249 15
7250 15
7251 15
7252 15
7253 15
7254 15
7255 15
7256 15
7257 15
7258 15
7259 15
7260 15
7261 15
7262 15
7263 15
7264 15
7265 15
7266 15
7267 15
7268 15
7269 15
7270 15
7271 15
7272 15
7273 15
7274 15
7275 15
7276 15
7277 15
7278 15
7279 15
7280 15
7281 15
7282 15
7283 15
7284 15
7285 15
7286 15
7287 15
7288 15
7289 15
7290 15
7291 15
7292 15
7293 15
7294 15
7295 15
7296 15
7297 15
7298 15
7299 15
7300 15
7301 15
7302 15
7303 15
7304 15
7305 15
7306 15
7307 15
7308 15
7309 15
7310 15
7311 15
7312 15
7313 15
7314 15
7315 15
7316 15
7317 15
7318 15
7319 15
7320 15
7321 15
7322 15
7323 15
7324 15
7325 15
7326 15
7327 15
7328 15
7329 15
7330 15
7331 15
7332 15
7333 15
7334 15
7335 15
7336 15
7337 15
7338 15
7339 15
7340 15
7341 15
7342 15
7343 15
7344 15
7345 15
7346 15
7347 15
7348 15
7349 15
7350 15
7351 15
7352 15
7353 15
7354 15
7355 15
7356 15
7357 15
7358 15
7359 15
7360 15
7361 15
7362 15
7363 15
7364 15
7365 15
7366 15
7367 15
7368 15
7369 15
7370 15
7371 15
7372 15
7373 15
7374 15
7375 15
7376 15
7377 15
7378 15
7379 15
7380 15
7381 15
7382 15
7383 15
7384 15
7385 15
7386 15
7387 15
7388 15
7389 15
7390 15
7391 15
7392 15
7393 15
7394 15
7395 15
7396 15
7397 15
7398 15
7399 15
7400 15
7401 15
7402 15
7403 15
7404 15
7405 15
7406 15
7407 15
7408 15
7409 15
7410 15
7411 15
7412 15
7413 15
7414 15
7415 15
7416 15
7417 15
7418 15
7419 15
7420 15
7421 15
7422 15
7423 15
7424 15
7425 15
7426 15
7427 15
7428 15
7429 15
7430 15
7431 15
7432 15
7433 15
7434 15
7435 15
7436 15
7437 15
7438 15
7439 15
7440 15
7441 15
7442 15
7443 15
7444 15
7445 15
7446 15
7447 15
7448 15
7449 15
7450 15
7451 15
7452 15
7453 15
7454 15
7455 15
7456 15
7457 15
7458 15
7459 15
7460 15
7461 15
7462 15
7463 15
7464 15
7465 15
7466 15
7467 15
7468 15
7469 15
7470 15
7471 15
7472 15
7473 15
7474 15
7475 15
7476 15
7477 15
7478 15
7479 15
7480 15
7481 15
7482 15
7483 15
7484 15
7485 15
7486 15
7487 15
7488 15
7489 15
7490 15
7491 15
7492 15
7493 15
7494 15
7495 15
7496 15
7497 15
7498 15
7499 15
7500 15
7501 15
7502 15
7503 15
7504 15
7505 15
7506 15
7507 15
7508 15
7509 15
7510 15
7511 15
7512 15
7513 15
7514 15
7515 15
7516 15
7517 15
7518 15
7519 15
7520 15
7521 15
7522 15
7523 15
7524 15
7525 15
7526 15
7527 15
7528 15
7529 15
7530 15
7531 15
7532 15
7533 15
7534 15
7535 15
7536 15
7537 15
7538 15
7539 15
7540 15
7541 15
7542 15
7543 15
7544 15
7545 15
7546 15
7547 15
7548 15
7549 15
7550 15
7551 15
7552 15
7553 15
7554 15
7555 15
7556 15
7557 15
7558 15
7559 15
7560 15
7561 15
7562 15
7563 15
7564 15
7565 15
7566 15
7567 15
7568 15
7569 15
7570 15
7571 15
7572 15
7573 15
7574 15
7575 15
7576 15
7577 15
7578 15
7579 15
7580 15
7581 15
7582 15
7583 15
7584 15
7585 15
7586 15
7587 15
7588 15
7589 15
7590 15
7591 15
7592 15
7593 15
7594 15
7595 15
7596 15
7597 15
7598 15
7599 15
7600 15
7601 15
7602 15
7603 15
7604 15
7605 15
7606 15
7607 15
7608 15
7609 15
7610 15
7611 15
7612 15
7613 15
7614 15
7615 15
7616 15
7617 15
7618 15
7619 15
7620 15
7621 15
7622 15
7623 15
7624 15
7625 15
7626 15
7627 15
7628 15
7629 15
7630 15
7631 15
7632 15
7633 15
7634 15
7635 15
7636 15
7637 15
7638 15
7639 15
7640 15
7641 15
7642 15
7643 15
7644 15
7645 15
7646 15
7647 15
7648 15
7649 15
7650 15
7651 15
7652 15
7653 15
7654 15
7655 15
7656 15
7657 15
7658 15
7659 15
7660 15
7661 15
7662 15
7663 15
7664 15
7665 15
7666 15
7667 15
7668 15
7669 15
7670 15
7671 15
7672 15
7673 15
7674 15
7675 15
7676 15
7677 15
7678 15
7679 15
7680 15
7681 15
7682 15
7683 15
7684 15
7685 15
7686 15
7687 15
7688 15
7689 15
7690 15
7691 15
7692 15
7693 15
7694 15
7695 15
7696 15
7697 15
7698 15
7699 15
7700 15
7701 15
7702 15
7703 15
7704 15
7705 15
7706 15
7707 15
7708 15
7709 15
7710 15
7711 15
7712 15
7713 15
7714 15
7715 15
7716 15
7717 15
7718 15
7719 15
7720 15
7721 15
7722 15
7723 15
7724 15
7725 15
7726 15
7727 15
7728 15
7729 15
7730 15
7731 15
7732 15
7733 15
7734 15
7735 15
7736 15
7737 15
7738 15
7739 15
7740 15
7741 15
7742 15
7743 15
7744 15
7745 15
7746 15
7747 15
7748 15
7749 15
7750 15
7751 15
7752 15
7753 15
7754 15
7755 15
7756 15
7757 15
7758 15
7759 15
7760 15
7761 15
7762 15
7763 15
7764 15
7765 15
7766 15
7767 15
7768 15
7769 15
7770 15
7771 15
7772 15
7773 15
7774 15
7775 15
7776 15
7777 15
7778 15
7779 15
7780 15
7781 15
7782 15
7783 15
7784 15
7785 15
7786 15
7787 15
7788 15
7789 15
7790 15
7791 15
7792 15
7793 15
7794 15
7795 15
7796 15
7797 15
7798 15
7799 15
7800 15
7801 15
7802 15
7803 15
7804 15
7805 15
7806 15
7807 15
7808 15
7809 15
7810 15
7811 15
7812 15
7813 15
7814 15
7815 15
7816 15
7817 15
7818 15
7819 15
7820 15
7821 15
7822 15
7823 15
7824 15
7825 15
7826 15
7827 15
7828 15
7829 15
7830 15
7831 15
7832 15
7833 15
7834 15
7835 15
7836 15
7837 15
7838 15
7839 15
7840 15
7841 15
7842 15
7843 15
7844 15
7845 15
7846 15
7847 15
7848 15
7849 15
7850 15
7851 15
7852 15
7853 15
7854 15
7855 15
7856 15
7857 15
7858 15
7859 15
7860 15
7861 15
7862 15
7863 15
7864 15
7865 15
7866 15
7867 15
7868 15
7869 15
7870 15
7871 15
7872 15
7873 15
7874 15
7875 15
7876 15
7877 15
7878 15
7879 15
7880 15
7881 15
7882 15
7883 15
7884 15
7885 15
7886 15
7887 15
7888 15
7889 15
7890 15
7891 15
7892 15
7893 15
7894 15
7895 15
7896 15
7897 15
7898 15
7899 15
7900 15
7901 15
7902 15
7903 15
7904 15
7905 15
7906 15
7907 15
7908 15
7909 15
7910 15
7911 15
7912 15
7913 15
7914 15
7915 15
7916 15
7917 15
7918 15
7919 15
7920 15
7921 15
7922 15
7923 15
7924 15
7925 15
7926 15
7927 15
7928 15
7929 15
7930 15
7931 15
7932 15
7933 15
7934 15
7935 15
7936 15
7937 15
7938 15
7939 15
7940 15
7941 15
7942 15
7943 15
7944 15
7945 15
7946 15
7947 15
7948 15
7949 15
7950 15
7951 15
7952 15
7953 15
7954 15
7955 15
7956 15
7957 15
7958 15
7959 15
7960 15
7961 15
7962 15
7963 15
7964 15
7965 15
7966 15
7967 15
7968 15
7969 15
7970 15
7971 15
7972 15
7973 15
7974 15
7975 15
7976 15
7977 15
7978 15
7979 15
7980 15
7981 15
7982 15
7983 15
7984 15
7985 15
7986 15
7987 15
7988 15
7989 15
7990 15
7991 15
7992 15
7993 15
7994 15
7995 15
7996 15
7997 15
7998 15
7999 15
8000 15
8001 15
8002 15
8003 15
8004 15
8005 15
8006 15
8007 15
8008 15
8009 15
8010 15
8011 15
8012 15
8013 15
8014 15
8015 15
8016 15
8017 15
8018 15
8019 15
8020 15
8021 15
8022 15
8023 15
8024 15
8025 15
8026 15
8027 15
8028 15
8029 15
8030 15
8031 15
8032 15
8033 15
8034 15
8035 15
8036 15
8037 15
8038 15
8039 15
8040 15
8041 15
8042 15
8043 15
8044 15
8045 15
8046 15
8047 15
8048 15
8049 15
8050 15
8051 15
8052 15
8053 15
8054 15
8055 15
8056 16
8057 16
8058 16
8059 16
8060 16
8061 16
8062 16
8063 16
8064 16
8065 16
8066 16
8067 16
8068 16
8069 16
8070 16
8071 16
8072 16
8073 16
8074 16
8075 16
8076 16
8077 16
8078 16
8079 16
8080 16
8081 16
8082 16
8083 16
8084 16
8085 16
8086 16
8087 16
8088 16
8089 16
8090 16
8091 16
8092 16
8093 16
8094 16
8095 16
8096 16
8097 16
8098 16
8099 16
8100 16
8101 16
8102 16
8103 16
8104 16
8105 16
8106 16
8107 16
8108 16
8109 16
8110 16
8111 16
8112 16
8113 16
8114 16
8115 16
8116 16
8117 16
8118 16
8119 16
8120 16
8121 16
8122 16
8123 16
8124 16
8125 16
8126 16
8127 16
8128 16
8129 16
8130 16
8131 16
8132 16
8133 16
8134 16
8135 16
8136 16
8137 16
8138 16
8139 16
8140 16
8141 16
8142 16
8143 16
8144 16
8145 16
8146 16
8147 16
8148 16
8149 16
8150 16
8151 16
8152 16
8153 16
8154 16
8155 16
8156 16
8157 16
8158 16
8159 16
8160 16
8161 16
8162 16
8163 16
8164 16
8165 16
8166 16
8167 16
8168 16
8169 16
8170 16
8171 16
8172 16
8173 16
8174 16
8175 17
8176 17
8177 17
8178 17
8179 17
8180 17
8181 17
8182 17
8183 17
8184 17
8185 17
8186 17
8187 17
8188 17
8189 17
8190 17
8191 17
8192 17
8193 17
8194 17
8195 17
8196 17
8197 17
8198 17
8199 17
8200 17
8201 17
8202 17
8203 17
8204 17
8205 17
8206 17
8207 17
8208 17
8209 17
8210 17
8211 17
8212 17
8213 17
8214 17
8215 17
8216 17
8217 17
8218 17
8219 17
8220 17
8221 17
8222 17
8223 17
8224 17
8225 17
8226 17
8227 17
8228 17
8229 17
8230 17
8231 17
8232 17
8233 17
8234 17
8235 17
8236 17
8237 17
8238 17
8239 17
8240 17
8241 17
8242 17
8243 17
8244 17
8245 17
8246 17
8247 17
8248 17
8249 17
8250 17
8251 17
8252 17
8253 17
8254 17
8255 17
8256 17
8257 17
8258 17
8259 17
8260 17
8261 17
8262 17
8263 17
8264 17
8265 17
8266 17
8267 17
8268 17
8269 17
8270 17
8271 17
8272 17
8273 17
8274 17
8275 17
8276 17
8277 17
8278 17
8279 17
8280 17
8281 17
8282 17
8283 17
8284 17
8285 17
8286 17
8287 17
8288 17
8289 17
8290 17
8291 17
8292 17
8293 17
8294 17
8295 17
8296 17
8297 17
8298 17
8299 17
8300 17
8301 17
8302 17
8303 17
8304 17
8305 17
8306 17
8307 17
8308 17
8309 17
8310 17
8311 17
8312 17
8313 17
8314 17
8315 17
8316 17
8317 17
8318 17
8319 17
8320 17
8321 17
8322 17
8323 17
8324 17
8325 17
8326 17
8327 17
8328 17
8329 17
8330 17
8331 17
8332 17
8333 17
8334 17
8335 17
8336 17
8337 17
8338 17
8339 17
8340 17
8341 17
8342 17
8343 17
8344 17
8345 17
8346 17
8347 17
8348 17
8349 17
8350 17
8351 17
8352 17
8353 17
8354 17
8355 17
8356 17
8357 17
8358 17
8359 17
8360 17
8361 17
8362 17
8363 17
8364 17
8365 17
8366 17
8367 17
8368 17
8369 17
8370 17
8371 17
8372 17
8373 17
8374 17
8375 17
8376 17
8377 17
8378 17
8379 17
8380 17
8381 17
8382 17
8383 17
8384 17
8385 17
8386 17
8387 17
8388 17
8389 17
8390 17
8391 17
8392 17
8393 17
8394 17
8395 17
8396 17
8397 17
8398 17
8399 17
8400 17
8401 17
8402 17
8403 17
8404 17
8405 17
8406 17
8407 17
8408 17
8409 17
8410 17
8411 17
8412 17
8413 17
8414 17
8415 17
8416 17
8417 17
8418 17
8419 17
8420 17
8421 17
8422 17
8423 17
8424 17
8425 17
8426 17
8427 17
8428 17
8429 17
8430 17
8431 17
8432 17
8433 17
8434 17
8435 17
8436 17
8437 17
8438 17
8439 17
8440 17
8441 17
8442 17
8443 17
8444 17
8445 17
8446 17
8447 17
8448 17
8449 17
8450 17
8451 17
8452 17
8453 17
8454 17
8455 17
8456 17
8457 17
8458 17
8459 17
8460 17
8461 17
8462 17
8463 17
8464 17
8465 17
8466 17
8467 17
8468 17
8469 17
8470 17
8471 17
8472 17
8473 17
8474 17
8475 17
8476 17
8477 17
8478 17
8479 17
8480 17
8481 17
8482 17
8483 17
8484 17
8485 17
8486 17
8487 17
8488 17
8489 17
8490 17
8491 17
8492 17
8493 17
8494 17
8495 17
8496 17
8497 17
8498 17
8499 17
8500 17
8501 17
8502 17
8503 17
8504 17
8505 17
8506 17
8507 17
8508 17
8509 17
8510 17
8511 17
8512 17
8513 17
8514 17
8515 17
8516 17
8517 17
8518 17
8519 17
8520 17
8521 17
8522 17
8523 17
8524 17
8525 17
8526 17
8527 17
8528 17
8529 17
8530 17
8531 17
8532 17
8533 17
8534 17
8535 17
8536 17
8537 17
8538 17
8539 17
8540 17
8541 17
8542 17
8543 17
8544 17
8545 17
8546 17
8547 17
8548 17
8549 17
8550 17
8551 17
8552 17
8553 17
8554 17
8555 17
8556 17
8557 17
8558 17
8559 17
8560 17
8561 17
8562 17
8563 17
8564 17
8565 17
8566 17
8567 17
8568 17
8569 17
8570 17
8571 17
8572 17
8573 17
8574 17
8575 17
8576 17
8577 17
8578 17
8579 17
8580 17
8581 17
8582 17
8583 17
8584 17
8585 17
8586 17
8587 17
8588 17
8589 17
8590 17
8591 17
8592 17
8593 17
8594 17
8595 17
8596 17
8597 17
8598 17
8599 17
8600 17
8601 17
8602 17
8603 17
8604 17
8605 17
8606 17
8607 17
8608 17
8609 17
8610 17
8611 17
8612 17
8613 17
8614 17
8615 17
8616 17
8617 17
8618 17
8619 17
8620 17
8621 17
8622 17
8623 17
8624 17
8625 17
8626 17
8627 17
8628 17
8629 17
8630 17
8631 17
8632 17
8633 17
8634 17
8635 17
8636 17
8637 17
8638 17
8639 17
8640 17
8641 17
8642 17
8643 17
8644 17
8645 17
8646 17
8647 17
8648 17
8649 17
8650 17
8651 17
8652 17
8653 17
8654 17
8655 17
8656 17
8657 17
8658 17
8659 17
8660 17
8661 17
8662 17
8663 17
8664 17
8665 17
8666 17
8667 17
8668 17
8669 17
8670 17
8671 17
8672 17
8673 17
8674 17
8675 17
8676 17
8677 17
8678 17
8679 17
8680 17
8681 17
8682 17
8683 17
8684 17
8685 17
8686 17
8687 17
8688 17
8689 17
8690 17
8691 17
8692 17
8693 17
8694 17
8695 17
8696 17
8697 17
8698 17
8699 17
8700 17
8701 17
8702 17
8703 17
8704 17
8705 17
8706 17
8707 17
8708 17
8709 17
8710 17
8711 17
8712 17
8713 17
8714 17
8715 17
8716 17
8717 17
8718 17
8719 17
8720 17
8721 17
8722 17
8723 17
8724 17
8725 17
8726 17
8727 17
8728 17
8729 17
8730 17
8731 17
8732 17
8733 17
8734 17
8735 17
8736 17
8737 17
8738 17
8739 17
8740 17
8741 17
8742 17
8743 17
8744 17
8745 17
8746 17
8747 17
8748 17
8749 17
8750 17
8751 17
8752 17
8753 17
8754 17
8755 17
8756 17
8757 17
8758 17
8759 17
8760 17
8761 17
8762 17
8763 17
8764 17
8765 17
8766 17
8767 17
8768 17
8769 17
8770 17
8771 17
8772 17
8773 17
8774 17
8775 17
8776 17
8777 17
8778 17
8779 17
8780 17
8781 17
8782 17
8783 17
8784 17
8785 17
8786 17
8787 17
8788 17
8789 17
8790 17
8791 17
8792 17
8793 17
8794 17
8795 17
8796 17
8797 17
8798 17
8799 17
8800 17
8801 17
8802 17
8803 17
8804 17
8805 17
8806 17
8807 17
8808 17
8809 17
8810 17
8811 17
8812 17
8813 17
8814 17
8815 17
8816 17
8817 17
8818 17
8819 17
8820 17
8821 17
8822 17
8823 17
8824 17
8825 17
8826 17
8827 17
8828 17
8829 17
8830 17
8831 17
8832 17
8833 17
8834 17
8835 17
8836 17
8837 17
8838 17
8839 17
8840 17
8841 17
8842 17
8843 17
8844 17
8845 17
8846 17
8847 17
8848 17
8849 17
8850 17
8851 17
8852 17
8853 17
8854 17
8855 17
8856 17
8857 17
8858 17
8859 17
8860 17
8861 17
8862 17
8863 17
8864 17
8865 17
8866 17
8867 17
8868 17
8869 17
8870 17
8871 17
8872 17
8873 17
8874 17
8875 17
8876 17
8877 17
8878 17
8879 17
8880 17
8881 17
8882 17
8883 17
8884 17
8885 17
8886 18
8887 18
8888 18
8889 18
8890 18
8891 18
8892 18
8893 18
8894 18
8895 18
8896 18
8897 18
8898 18
8899 18
8900 18
8901 18
8902 18
8903 18
8904 18
8905 18
8906 18
8907 18
8908 18
8909 18
8910 18
8911 18
8912 18
8913 18
8914 18
8915 18
8916 18
8917 18
8918 18
8919 18
8920 18
8921 18
8922 18
8923 18
8924 18
8925 18
8926 18
8927 18
8928 18
8929 18
8930 18
8931 18
8932 18
8933 18
8934 18
8935 18
8936 18
8937 18
8938 18
8939 18
8940 18
8941 18
8942 18
8943 18
8944 18
8945 18
8946 18
8947 18
8948 18
8949 18
8950 18
8951 18
8952 18
8953 18
8954 18
8955 18
8956 18
8957 18
8958 18
8959 18
8960 18
8961 18
8962 18
8963 18
8964 18
8965 18
8966 18
8967 18
8968 18
8969 18
8970 18
8971 18
8972 18
8973 18
8974 18
8975 18
8976 18
8977 18
8978 18
8979 18
8980 18
8981 18
8982 18
8983 18
8984 18
8985 18
8986 18
8987 18
8988 18
8989 18
8990 18
8991 18
8992 18
8993 18
8994 18
8995 18
8996 18
8997 18
8998 18
8999 18
9000 18
9001 18
9002 18
9003 18
9004 18
9005 18
9006 18
9007 18
9008 18
9009 18
9010 18
9011 18
9012 18
9013 18
9014 18
9015 18
9016 18
9017 18
9018 18
9019 18
9020 18
9021 18
9022 18
9023 18
9024 18
9025 18
9026 18
9027 18
9028 18
9029 18
9030 18
9031 18
9032 18
9033 18
9034 18
9035 18
9036 18
9037 18
9038 18
9039 18
9040 18
9041 18
9042 18
9043 18
9044 18
9045 18
9046 18
9047 18
9048 18
9049 18
9050 18
9051 18
9052 18
9053 18
9054 18
9055 18
9056 18
9057 18
9058 18
9059 18
9060 18
9061 18
9062 18
9063 18
9064 18
9065 18
9066 18
9067 18
9068 18
9069 18
9070 18
9071 18
9072 18
9073 18
9074 18
9075 18
9076 18
9077 18
9078 18
9079 18
9080 18
9081 18
9082 18
9083 18
9084 18
9085 18
9086 18
9087 18
9088 18
9089 18
9090 18
9091 18
9092 18
9093 18
9094 18
9095 18
9096 18
9097 18
9098 18
9099 18
9100 18
9101 18
9102 18
9103 18
9104 18
9105 18
9106 18
9107 18
9108 18
9109 18
9110 18
9111 18
9112 18
9113 18
9114 18
9115 18
9116 18
9117 18
9118 18
9119 18
9120 18
9121 18
9122 18
9123 18
9124 18
9125 18
9126 18
9127 18
9128 18
9129 18
9130 18
9131 18
9132 18
9133 18
9134 18
9135 18
9136 18
9137 18
9138 18
9139 18
9140 18
9141 18
9142 18
9143 18
9144 18
9145 18
9146 18
9147 18
9148 18
9149 18
9150 18
9151 18
9152 18
9153 18
9154 18
9155 18
9156 18
9157 18
9158 18
9159 18
9160 18
9161 18
9162 18
9163 18
9164 18
9165 18
9166 18
9167 18
9168 18
9169 18
9170 18
9171 18
9172 18
9173 18
9174 18
9175 18
9176 18
9177 19
9178 19
9179 19
9180 19
9181 19
9182 19
9183 19
9184 19
9185 19
9186 19
9187 19
9188 19
9189 19
9190 19
9191 19
9192 19
9193 19
9194 19
9195 19
9196 19
9197 19
9198 19
9199 19
9200 19
9201 19
9202 19
9203 19
9204 19
9205 19
9206 19
9207 19
9208 19
9209 19
9210 19
9211 19
9212 19
9213 19
9214 19
9215 19
9216 19
9217 19
9218 19
9219 19
9220 19
9221 19
9222 19
9223 19
9224 19
9225 19
9226 19
9227 19
9228 19
9229 19
9230 19
9231 19
9232 19
9233 19
9234 19
9235 19
9236 19
9237 19
9238 19
9239 19
9240 19
9241 19
9242 19
9243 19
9244 19
9245 19
9246 19
9247 19
9248 19
9249 19
9250 19
9251 19
9252 19
9253 19
9254 19
9255 19
9256 19
9257 19
9258 19
9259 19
9260 19
9261 19
9262 19
9263 19
9264 19
9265 19
9266 19
9267 19
9268 19
9269 19
9270 19
9271 19
9272 19
9273 19
9274 19
9275 19
9276 19
9277 19
9278 19
9279 19
9280 19
9281 19
9282 19
9283 19
9284 19
9285 19
9286 19
9287 19
9288 19
9289 19
9290 19
9291 19
9292 19
9293 19
9294 19
9295 19
9296 19
9297 19
9298 19
9299 19
9300 19
9301 19
9302 19
9303 19
9304 19
9305 19
9306 19
9307 19
9308 19
9309 19
9310 19
9311 19
9312 19
9313 19
9314 19
9315 19
9316 19
9317 19
9318 19
9319 19
9320 19
9321 19
9322 19
9323 19
9324 19
9325 19
9326 19
9327 19
9328 19
9329 19
9330 19
9331 19
9332 19
9333 19
9334 19
9335 19
9336 19
9337 19
9338 19
9339 19
9340 19
9341 19
9342 19
9343 19
9344 19
9345 19
9346 19
9347 19
9348 19
9349 19
9350 19
9351 19
9352 19
9353 19
9354 19
9355 19
9356 19
9357 19
9358 19
9359 19
9360 19
9361 19
9362 19
9363 19
9364 19
9365 19
9366 19
9367 19
9368 19
9369 19
9370 19
9371 19
9372 19
9373 19
9374 19
9375 19
9376 19
9377 19
9378 19
9379 19
9380 19
9381 19
9382 19
9383 19
9384 19
9385 19
9386 19
9387 19
9388 19
9389 19
9390 19
9391 19
9392 19
9393 19
9394 19
9395 19
9396 19
9397 19
9398 19
9399 19
9400 19
9401 19
9402 19
9403 19
9404 19
9405 19
9406 19
9407 19
9408 19
9409 19
9410 19
9411 19
9412 19
9413 19
9414 19
9415 19
9416 19
9417 19
9418 19
9419 19
9420 19
9421 19
9422 19
9423 19
9424 19
9425 19
9426 19
9427 19
9428 19
9429 19
9430 19
9431 19
9432 19
9433 19
9434 19
9435 19
9436 19
9437 19
9438 19
9439 19
9440 19
9441 19
9442 19
9443 19
9444 19
9445 19
9446 19
9447 19
9448 19
9449 19
9450 19
9451 19
9452 19
9453 19
9454 19
9455 19
9456 19
9457 19
9458 19
9459 19
9460 19
9461 19
9462 19
9463 19
9464 19
9465 19
9466 19
9467 19
9468 19
9469 19
9470 19
9471 19
9472 19
9473 19
9474 19
9475 19
9476 19
9477 19
9478 19
9479 19
9480 19
9481 19
9482 19
9483 19
9484 19
9485 19
9486 19
9487 19
9488 19
9489 19
9490 19
9491 19
9492 19
9493 19
9494 19
9495 19
9496 19
9497 19
9498 19
9499 19
9500 19
9501 19
9502 19
9503 19
9504 19
9505 19
9506 19
9507 19
9508 19
9509 19
9510 19
9511 19
9512 19
9513 19
9514 19
9515 19
9516 19
9517 19
9518 19
9519 19
9520 19
9521 19
9522 19
9523 19
9524 19
9525 19
9526 19
9527 19
9528 19
9529 19
9530 19
9531 19
9532 19
9533 19
9534 19
9535 19
9536 19
9537 19
9538 19
9539 19
9540 19
9541 19
9542 19
9543 19
9544 19
9545 19
9546 19
9547 19
9548 19
9549 19
9550 19
9551 19
9552 19
9553 19
9554 19
9555 19
9556 19
9557 19
9558 19
9559 19
9560 19
9561 19
9562 19
9563 19
9564 19
9565 19
9566 19
9567 19
9568 19
9569 19
9570 19
9571 19
9572 19
9573 19
9574 19
9575 19
9576 19
9577 19
9578 19
9579 19
9580 19
9581 19
9582 19
9583 19
9584 19
9585 19
9586 19
9587 19
9588 19
9589 19
9590 19
9591 19
9592 19
9593 19
9594 19
9595 19
9596 19
9597 19
9598 19
9599 19
9600 19
9601 19
9602 19
9603 19
9604 19
9605 19
9606 19
9607 19
9608 19
9609 19
9610 19
9611 19
9612 19
9613 19
9614 19
9615 19
9616 19
9617 19
9618 19
9619 19
9620 19
9621 19
9622 19
9623 19
9624 19
9625 19
9626 19
9627 19
9628 19
9629 19
9630 19
9631 19
9632 19
9633 19
9634 19
9635 19
9636 19
9637 19
9638 19
9639 19
9640 19
9641 19
9642 19
9643 19
9644 19
9645 19
9646 19
9647 19
9648 19
9649 19
9650 19
9651 19
9652 19
9653 19
9654 19
9655 19
9656 19
9657 19
9658 19
9659 19
9660 19
9661 19
9662 19
9663 19
9664 19
9665 19
9666 19
9667 19
9668 19
9669 19
9670 19
9671 19
9672 19
9673 19
9674 19
9675 19
9676 19
9677 19
9678 19
9679 19
9680 19
9681 19
9682 19
9683 19
9684 19
9685 19
9686 19
9687 19
9688 19
9689 19
9690 19
9691 19
9692 19
9693 19
9694 19
9695 19
9696 19
9697 19
9698 19
9699 19
9700 19
9701 19
9702 19
9703 19
9704 19
9705 19
9706 19
9707 19
9708 19
9709 19
9710 19
9711 19
9712 19
9713 19
9714 19
9715 19
9716 19
9717 19
9718 19
9719 19
9720 19
9721 19
9722 19
9723 19
9724 19
9725 19
9726 19
9727 19
9728 19
9729 19
9730 19
9731 19
9732 19
9733 19
9734 19
9735 19
9736 19
9737 19
9738 19
9739 19
9740 19
9741 19
9742 19
9743 19
9744 19
9745 19
9746 19
9747 19
9748 19
9749 19
9750 19
9751 19
9752 19
9753 19
9754 19
9755 19
9756 19
9757 19
9758 19
9759 19
9760 19
9761 19
9762 19
9763 19
9764 19
9765 19
9766 19
9767 19
9768 19
9769 19
9770 19
9771 19
9772 19
9773 19
9774 19
9775 19
9776 19
9777 19
9778 19
9779 19
9780 19
9781 19
9782 19
9783 19
9784 19
9785 19
9786 19
9787 19
9788 19
9789 19
9790 19
9791 19
9792 19
9793 19
9794 19
9795 19
9796 19
9797 19
9798 19
9799 19
9800 19
9801 19
9802 19
9803 19
9804 19
9805 19
9806 19
9807 19
9808 19
9809 19
9810 19
9811 19
9812 19
9813 19
9814 19
9815 19
9816 19
9817 19
9818 19
9819 19
9820 19
9821 19
9822 19
9823 19
9824 19
9825 19
9826 19
9827 19
9828 19
9829 19
9830 19
9831 19
9832 19
9833 19
9834 19
9835 19
9836 19
9837 19
9838 19
9839 19
9840 19
9841 19
9842 19
9843 19
9844 19
9845 19
9846 19
9847 19
9848 19
9849 19
9850 19
9851 19
9852 19
9853 19
9854 19
9855 19
9856 19
9857 19
9858 19
9859 19
9860 19
9861 19
9862 19
9863 19
9864 19
9865 19
9866 19
9867 19
9868 19
9869 19
9870 19
9871 19
9872 19
9873 19
9874 19
9875 19
9876 19
9877 19
9878 19
9879 19
9880 19
9881 19
9882 19
9883 19
9884 19
9885 19
9886 19
9887 19
9888 19
9889 19
9890 19
9891 19
9892 19
9893 19
9894 19
9895 19
9896 19
9897 19
9898 19
9899 19
9900 19
9901 19
9902 19
9903 19
9904 19
9905 19
9906 19
9907 19
9908 19
9909 19
9910 19
9911 19
9912 19
9913 19
9914 19
9915 19
9916 19
9917 19
9918 19
9919 19
9920 19
9921 19
9922 19
9923 19
9924 19
9925 19
9926 19
9927 19
9928 19
9929 19
9930 19
9931 19
9932 19
9933 19
9934 19
9935 19
9936 19
9937 19
9938 19
9939 19
9940 19
9941 19
9942 19
9943 19
9944 19
9945 19
9946 19
9947 19
9948 19
9949 19
9950 19
9951 19
9952 19
9953 19
9954 19
9955 19
9956 19
9957 19
9958 19
9959 19
9960 19
9961 19
9962 19
9963 19
9964 19
9965 19
9966 19
9967 19
9968 19
9969 19
9970 19
9971 19
9972 19
9973 19
9974 19
9975 19
9976 19
9977 19
9978 19
9979 19
9980 19
9981 19
9982 19
9983 19
9984 19
9985 19
9986 19
9987 19
9988 19
9989 19
9990 19
9991 19
9992 19
9993 19
9994 19
9995 19
9996 19
9997 19
9998 19
9999 19
10000 19
