10 1
11 1
12 1
13 1
14 1
15 1
16 1
17 1
18 1
19 1
20 1
21 1
22 1
23 1
24 1
25 1
26 1
27 1
28 1
29 1
30 1
31 1
32 1
33 1
34 1
35 1
36 1
37 1
38 1
39 1
40 1
41 1
42 1
43 1
44 1
45 1
46 1
47 1
48 1
49 1
50 1
51 1
52 1
53 1
54 1
55 1
56 1
57 1
58 1
59 1
60 1
61 1
62 1
63 1
64 1
65 1
66 1
67 1
68 1
69 1
70 1
71 1
72 1
73 1
74 1
75 1
76 1
77 1
78 1
79 1
80 1
81 1
82 1
83 1
84 1
85 1
86 1
87 1
88 1
89 1
90 1
91 1
92 1
93 1
94 1
95 1
96 1
97 1
98 1
99 1
100 1
101 1
102 1
103 1
104 1
105 1
106 1
107 1
108 1
109 1
110 1
111 1
112 1
113 1
114 1
115 1
116 1
117 1
118 1
119 1
120 1
121 1
122 1
123 1
124 1
125 1
126 1
127 1
128 1
129 1
130 1
131 1
132 1
133 1
134 1
135 1
136 1
137 1
138 1
139 1
140 1
141 1
142 1
143 1
144 1
145 1
146 1
147 1
148 1
149 1
150 1
151 1
152 1
153 1
154 1
155 1
156 1
157 1
158 1
159 1
160 1
161 1
162 1
163 1
164 1
165 1
166 1
167 1
168 1
169 1
170 1
171 1
172 1
173 1
174 1
175 1
176 1
177 1
178 1
179 1
180 1
181 1
182 1
183 1
184 1
185 1
186 1
187 1
188 1
189 1
190 1
191 1
192 1
193 1
194 1
195 1
196 1
197 1
198 1
199 1
200 1
201 1
202 1
203 1
204 1
205 1
206 1
207 1
208 1
209 1
210 1
211 1
212 1
213 1
214 1
215 1
216 1
217 1
218 1
219 1
220 1
221 1
222 1
223 1
224 1
225 1
226 1
227 1
228 1
229 1
230 1
231 1
232 1
233 1
234 1
235 1
236 1
237 1
238 1
239 1
240 1
241 1
242 1
243 1
244 1
245 1
246 2
247 2
248 2
249 2
250 2
251 2
252 2
253 2
254 2
255 2
256 2
257 2
258 2
259 2
260 2
261 2
262 2
263 2
264 2
265 2
266 2
267 2
268 2
269 2
270 2
271 2
272 3
273 3
274 3
275 3
276 3
277 3
278 3
279 3
280 3
281 3
282 3
283 3
284 3
285 3
286 3
287 3
288 3
289 3
290 3
291 3
292 3
293 3
294 3
295 3
296 3
297 3
298 3
299 3
300 3
301 3
302 3
303 3
304 3
305 3
306 3
307 3
308 3
309 3
310 4
311 4
312 4
313 4
314 4
315 4
316 4
317 4
318 4
319 4
320 4
321 4
322 4
323 4
324 4
325 4
326 4
327 4
328 4
329 4
330 4
331 4
332 4
333 4
334 4
335 4
336 4
337 4
338 4
339 4
340 4
341 4
342 4
343 4
344 4
345 4
346 4
347 4
348 4
349 4
350 4
351 4
352 4
353 4
354 4
355 4
356 4
357 4
358 4
359 4
360 4
361 4
362 4
363 4
364 4
365 4
366 4
367 4
368 4
369 4
370 4
371 4
372 4
373 4
374 4
375 4
376 4
377 4
378 4
379 4
380 4
381 4
382 4
383 4
384 4
385 4
386 4
387 4
388 4
389 4
390 4
391 4
392 4
393 4
394 4
395 4
396 4
397 4
398 4
399 4
400 4
401 4
402 4
403 4
404 4
405 4
406 4
407 4
408 4
409 4
410 4
411 4
412 4
413 4
414 4
415 4
416 4
417 4
418 4
419 4
420 4
421 4
422 4
423 4
424 4
425 4
426 4
427 4
428 4
429 4
430 4
431 4
432 4
433 4
434 4
435 4
436 4
437 4
438 4
439 4
440 4
441 4
442 4
443 4
444 4
445 4
446 4
447 4
448 4
449 4
450 4
451 4
452 4
453 4
454 4
455 4
456 4
457 4
458 4
459 4
460 4
461 4
462 4
463 4
464 4
465 4
466 4
467 4
468 4
469 4
470 4
471 4
472 4
473 4
474 4
475 4
476 4
477 4
478 4
479 4
480 4
481 4
482 4
483 4
484 4
485 4
486 4
487 4
488 4
489 4
490 4
491 4
492 4
493 4
494 4
495 4
496 4
497 4
498 4
499 4
500 4
501 4
502 4
503 4
504 4
505 4
506 4
507 4
508 4
509 4
510 4
511 4
512 4
513 4
514 4
515 4
516 4
517 4
518 4
519 4
520 4
521 4
522 4
523 4
524 4
525 4
526 4
527 4
528 4
529 4
530 4
531 4
532 4
533 4
534 4
535 4
536 4
537 4
538 4
539 4
540 4
541 4
542 4
543 4
544 4
545 4
546 4
547 4
548 4
549 4
550 4
551 4
552 4
553 4
554 4
555 4
556 4
557 4
558 4
559 4
560 4
561 4
562 4
563 4
564 4
565 4
566 4
567 4
568 4
569 4
570 4
571 4
572 4
573 4
574 4
575 4
576 4
577 4
578 4
579 4
580 4
581 4
582 4
583 4
584 4
585 4
586 4
587 4
588 4
589 4
590 4
591 4
592 4
593 4
594 4
595 4
596 4
597 4
598 4
599 4
600 4
601 4
602 4
603 4
604 4
605 5
606 5
607 5
608 5
609 5
610 5
611 5
612 5
613 5
614 5
615 5
616 5
617 5
618 5
619 5
620 5
621 5
622 5
623 5
624 5
625 5
626 5
627 5
628 5
629 5
630 5
631 5
632 5
633 5
634 5
635 5
636 5
637 5
638 5
639 5
640 5
641 5
642 5
643 5
644 5
645 5
646 5
647 5
648 5
649 5
650 5
651 5
652 5
653 5
654 5
655 5
656 5
657 5
658 5
659 5
660 5
661 5
662 5
663 5
664 5
665 5
666 5
667 5
668 5
669 5
670 5
671 5
672 5
673 5
674 5
675 5
676 5
677 5
678 5
679 5
680 5
681 5
682 5
683 5
684 5
685 5
686 5
687 5
688 5
689 5
690 5
691 5
692 5
693 5
694 5
695 5
696 5
697 5
698 5
699 5
700 5
701 5
702 5
703 5
704 5
705 5
706 5
707 5
708 5
709 5
710 5
711 5
712 5
713 5
714 5
715 5
716 5
717 5
718 5
719 5
720 5
721 5
722 5
723 5
724 5
725 6
726 6
727 6
728 6
729 6
730 6
731 6
732 6
733 6
734 6
735 6
736 6
737 6
738 6
739 6
740 6
741 6
742 6
743 6
744 6
745 6
746 6
747 6
748 6
749 6
750 6
751 6
752 6
753 6
754 6
755 6
756 6
757 6
758 6
759 6
760 6
761 6
762 6
763 6
764 6
765 6
766 6
767 6
768 6
769 6
770 6
771 6
772 6
773 6
774 6
775 6
776 6
777 6
778 6
779 6
780 6
781 6
782 6
783 6
784 6
785 6
786 6
787 6
788 6
789 6
790 6
791 6
792 6
793 6
794 6
795 6
796 6
797 6
798 6
799 6
800 6
801 6
802 6
803 6
804 6
805 6
806 6
807 6
808 6
809 6
810 6
811 6
812 6
813 6
814 6
815 6
816 6
817 6
818 6
819 6
820 6
821 6
822 6
823 6
824 6
825 6
826 6
827 6
828 6
829 6
830 6
831 6
832 6
833 6
834 6
835 6
836 6
837 6
838 6
839 6
840 6
841 6
842 6
843 6
844 6
845 6
846 6
847 6
848 6
849 6
850 6
851 6
852 6
853 6
854 6
855 6
856 6
857 6
858 6
859 6
860 6
861 6
862 6
863 6
864 6
865 6
866 6
867 6
868 6
869 6
870 6
871 6
872 6
873 6
874 6
875 6
876 6
877 6
878 6
879 6
880 6
881 6
882 6
883 6
884 6
885 6
886 6
887 6
888 6
889 6
890 6
891 6
892 6
893 6
894 6
895 6
896 6
897 6
898 6
899 6
900 6
901 6
902 6
903 6
904 6
905 6
906 6
907 6
908 6
909 6
910 6
911 6
912 6
913 6
914 6
915 6
916 6
917 6
918 6
919 6
920 6
921 7
922 7
923 7
924 7
925 7
926 7
927 7
928 7
929 7
930 7
931 7
932 7
933 7
934 7
935 7
936 7
937 7
938 7
939 7
940 7
941 7
942 7
943 7
944 7
945 7
946 7
947 7
948 7
949 7
950 7
951 7
952 7
953 7
954 7
955 7
956 7
957 7
958 7
959 7
960 7
961 7
962 7
963 7
964 7
965 7
966 7
967 7
968 7
969 7
970 7
971 7
972 7
973 7
974 7
975 7
976 7
977 7
978 7
979 7
980 7
981 7
982 7
983 7
984 7
985 7
986 7
987 7
988 7
989 7
990 7
991 7
992 7
993 7
994 7
995 7
996 7
997 7
998 7
999 7
1000 7
1001 7
1002 7
1003 7
1004 7
1005 7
1006 7
1007 7
1008 7
1009 7
1010 7
1011 7
1012 7
1013 7
1014 7
1015 7
1016 7
1017 7
1018 7
1019 7
1020 7
1021 7
1022 7
1023 7
1024 7
1025 7
1026 7
1027 7
1028 7
1029 7
1030 7
1031 7
1032 7
1033 7
1034 7
1035 7
1036 7
1037 7
1038 7
1039 7
1040 7
1041 7
1042 7
1043 7
1044 7
1045 7
1046 7
1047 7
1048 7
1049 7
1050 7
1051 7
1052 7
1053 7
1054 7
1055 7
1056 7
1057 7
1058 7
1059 7
1060 7
1061 7
1062 7
1063 7
1064 7
1065 7
1066 7
1067 7
1068 7
1069 7
1070 7
1071 7
1072 7
1073 7
1074 7
1075 7
1076 7
1077 7
1078 7
1079 7
1080 7
1081 7
1082 7
1083 7
1084 7
1085 7
1086 7
1087 7
1088 7
1089 7
1090 7
1091 7
1092 7
1093 7
1094 7
1095 7
1096 7
1097 7
1098 7
1099 7
1100 7
1101 7
1102 7
1103 7
1104 7
1105 7
1106 7
1107 7
1108 7
1109 7
1110 7
1111 7
1112 7
1113 7
1114 7
1115 7
1116 7
1117 7
1118 7
1119 7
1120 7
1121 7
1122 7
1123 7
1124 7
1125 7
1126 7
1127 7
1128 7
1129 7
1130 7
1131 7
1132 7
1133 7
1134 7
1135 7
1136 7
1137 7
1138 7
1139 7
1140 7
1141 7
1142 7
1143 7
1144 7
1145 7
1146 7
1147 7
1148 7
1149 7
1150 7
1151 7
1152 7
1153 7
1154 7
1155 7
1156 7
1157 7
1158 7
1159 7
1160 7
1161 7
1162 7
1163 7
1164 7
1165 7
1166 7
1167 7
1168 7
1169 7
1170 7
1171 7
1172 7
1173 7
1174 7
1175 7
1176 7
1177 7
1178 7
1179 7
1180 7
1181 7
1182 7
1183 7
1184 7
1185 7
1186 7
1187 7
1188 7
1189 7
1190 7
1191 7
1192 7
1193 7
1194 7
1195 7
1196 7
1197 7
1198 7
1199 7
1200 7
1201 7
1202 7
1203 7
1204 7
1205 7
1206 7
1207 7
1208 7
1209 7
1210 7
1211 7
1212 7
1213 7
1214 7
1215 7
1216 7
1217 7
1218 7
1219 7
1220 7
1221 7
1222 7
1223 7
1224 7
1225 7
1226 7
1227 7
1228 7
1229 7
1230 7
1231 7
1232 7
1233 7
1234 7
1235 7
1236 7
1237 7
1238 7
1239 7
1240 7
1241 7
1242 7
1243 7
1244 7
1245 7
1246 7
1247 7
1248 7
1249 7
1250 7
1251 7
1252 7
1253 7
1254 7
1255 7
1256 7
1257 7
1258 7
1259 7
1260 7
1261 7
1262 7
1263 7
1264 7
1265 7
1266 7
1267 7
1268 7
1269 7
1270 7
1271 7
1272 7
1273 7
1274 7
1275 7
1276 7
1277 7
1278 7
1279 7
1280 7
1281 7
1282 7
1283 7
1284 7
1285 7
1286 7
1287 7
1288 7
1289 7
1290 7
1291 7
1292 7
1293 7
1294 7
1295 7
1296 7
1297 7
1298 7
1299 7
1300 7
1301 7
1302 7
1303 7
1304 7
1305 7
1306 7
1307 7
1308 7
1309 7
1310 7
1311 7
1312 7
1313 7
1314 7
1315 7
1316 7
1317 7
1318 7
1319 7
1320 7
1321 7
1322 7
1323 7
1324 7
1325 7
1326 7
1327 7
1328 7
1329 7
1330 7
1331 7
1332 7
1333 7
1334 7
1335 7
1336 7
1337 7
1338 7
1339 8
1340 8
1341 8
1342 8
1343 8
1344 8
1345 8
1346 8
1347 8
1348 8
1349 8
1350 8
1351 8
1352 8
1353 8
1354 8
1355 8
1356 8
1357 8
1358 8
1359 8
1360 8
1361 8
1362 8
1363 8
1364 8
1365 8
1366 8
1367 8
1368 8
1369 8
1370 8
1371 8
1372 8
1373 8
1374 8
1375 8
1376 8
1377 8
1378 8
1379 8
1380 8
1381 8
1382 8
1383 8
1384 8
1385 8
1386 8
1387 8
1388 8
1389 8
1390 8
1391 8
1392 8
1393 8
1394 8
1395 8
1396 8
1397 8
1398 8
1399 8
1400 8
1401 8
1402 8
1403 8
1404 8
1405 8
1406 8
1407 8
1408 8
1409 8
1410 8
1411 8
1412 8
1413 8
1414 8
1415 8
1416 8
1417 8
1418 8
1419 8
1420 8
1421 8
1422 8
1423 8
1424 8
1425 8
1426 8
1427 8
1428 8
1429 8
1430 8
1431 8
1432 8
1433 8
1434 8
1435 8
1436 8
1437 8
1438 8
1439 8
1440 8
1441 8
1442 8
1443 8
1444 8
1445 8
1446 8
1447 8
1448 8
1449 8
1450 8
1451 8
1452 8
1453 8
1454 8
1455 8
1456 8
1457 8
1458 8
1459 8
1460 8
1461 8
1462 8
1463 8
1464 8
1465 8
1466 8
1467 8
1468 8
1469 8
1470 8
1471 8
1472 8
1473 8
1474 8
1475 8
1476 8
1477 8
1478 8
1479 8
1480 8
1481 8
1482 8
1483 8
1484 8
1485 8
1486 8
1487 8
1488 8
1489 8
1490 8
1491 8
1492 8
1493 8
1494 8
1495 8
1496 8
1497 8
1498 8
1499 8
1500 8
1501 8
1502 8
1503 8
1504 8
1505 8
1506 8
1507 8
1508 8
1509 8
1510 8
1511 8
1512 8
1513 8
1514 8
1515 8
1516 8
1517 8
1518 8
1519 8
1520 8
1521 8
1522 8
1523 8
1524 8
1525 8
1526 8
1527 8
1528 8
1529 8
1530 8
1531 8
1532 8
1533 8
1534 8
1535 8
1536 8
1537 8
1538 8
1539 8
1540 8
1541 8
1542 8
1543 8
1544 8
1545 8
1546 8
1547 8
1548 8
1549 8
1550 8
1551 8
1552 8
1553 8
1554 8
1555 8
1556 8
1557 8
1558 8
1559 8
1560 8
1561 8
1562 8
1563 8
1564 8
1565 8
1566 8
1567 8
1568 8
1569 8
1570 8
1571 8
1572 8
1573 8
1574 8
1575 8
1576 8
1577 8
1578 8
1579 8
1580 8
1581 8
1582 8
1583 8
1584 8
1585 8
1586 8
1587 8
1588 8
1589 8
1590 8
1591 8
1592 8
1593 8
1594 8
1595 8
1596 8
1597 8
1598 8
1599 8
1600 8
1601 8
1602 8
1603 8
1604 8
1605 8
1606 8
1607 8
1608 8
1609 8
1610 8
1611 8
1612 8
1613 8
1614 8
1615 8
1616 8
1617 8
1618 8
1619 8
1620 8
1621 8
1622 8
1623 8
1624 8
1625 8
1626 8
1627 8
1628 8
1629 8
1630 8
1631 8
1632 8
1633 8
1634 8
1635 8
1636 8
1637 8
1638 8
1639 8
1640 8
1641 8
1642 8
1643 8
1644 8
1645 8
1646 8
1647 8
1648 8
1649 8
1650 8
1651 8
1652 8
1653 8
1654 8
1655 8
1656 8
1657 8
1658 8
1659 8
1660 8
1661 8
1662 8
1663 8
1664 8
1665 8
1666 8
1667 8
1668 8
1669 8
1670 8
1671 8
1672 8
1673 8
1674 8
1675 8
1676 8
1677 8
1678 8
1679 8
1680 8
1681 8
1682 8
1683 8
1684 8
1685 8
1686 8
1687 8
1688 8
1689 8
1690 8
1691 8
1692 8
1693 8
1694 8
1695 8
1696 8
1697 8
1698 8
1699 8
1700 8
1701 8
1702 8
1703 8
1704 8
1705 8
1706 8
1707 8
1708 8
1709 8
1710 8
1711 8
1712 8
1713 8
1714 8
1715 8
1716 8
1717 8
1718 8
1719 8
1720 8
1721 8
1722 8
1723 8
1724 8
1725 8
1726 8
1727 8
1728 8
1729 8
1730 8
1731 8
1732 8
1733 8
1734 8
1735 8
1736 8
1737 8
1738 8
1739 8
1740 8
1741 8
1742 8
1743 8
1744 8
1745 8
1746 8
1747 8
1748 8
1749 8
1750 8
1751 8
1752 8
1753 8
1754 8
1755 8
1756 8
1757 8
1758 8
1759 8
1760 8
1761 8
1762 8
1763 8
1764 8
1765 8
1766 8
1767 8
1768 8
1769 8
1770 8
1771 8
1772 8
1773 8
1774 8
1775 8
1776 8
1777 8
1778 8
1779 8
1780 8
1781 8
1782 8
1783 8
1784 8
1785 8
1786 8
1787 8
1788 8
1789 8
1790 8
1791 8
1792 8
1793 8
1794 8
1795 8
1796 8
1797 8
1798 8
1799 8
1800 8
1801 8
1802 8
1803 8
1804 8
1805 8
1806 8
1807 8
1808 8
1809 8
1810 8
1811 8
1812 8
1813 8
1814 8
1815 8
1816 8
1817 8
1818 8
1819 8
1820 8
1821 8
1822 8
1823 8
1824 8
1825 8
1826 8
1827 8
1828 8
1829 8
1830 8
1831 8
1832 8
1833 8
1834 8
1835 8
1836 8
1837 8
1838 8
1839 8
1840 8
1841 8
1842 8
1843 8
1844 8
1845 8
1846 8
1847 8
1848 8
1849 8
1850 8
1851 8
1852 8
1853 8
1854 8
1855 8
1856 8
1857 8
1858 8
1859 8
1860 8
1861 8
1862 8
1863 8
1864 8
1865 8
1866 8
1867 8
1868 8
1869 8
1870 8
1871 8
1872 8
1873 8
1874 8
1875 8
1876 8
1877 8
1878 8
1879 8
1880 8
1881 8
1882 8
1883 8
1884 8
1885 8
1886 8
1887 8
1888 8
1889 8
1890 8
1891 8
1892 8
1893 8
1894 8
1895 8
1896 8
1897 8
1898 8
1899 8
1900 8
1901 8
1902 8
1903 8
1904 8
1905 8
1906 8
1907 8
1908 8
1909 8
1910 8
1911 8
1912 8
1913 8
1914 8
1915 8
1916 8
1917 8
1918 8
1919 8
1920 8
1921 8
1922 8
1923 8
1924 8
1925 8
1926 8
1927 8
1928 8
1929 8
1930 8
1931 8
1932 8
1933 8
1934 8
1935 8
1936 8
1937 8
1938 8
1939 8
1940 8
1941 8
1942 8
1943 8
1944 8
1945 8
1946 8
1947 8
1948 8
1949 8
1950 8
1951 8
1952 8
1953 8
1954 8
1955 8
1956 8
1957 8
1958 8
1959 8
1960 8
1961 8
1962 8
1963 8
1964 8
1965 8
1966 8
1967 8
1968 8
1969 8
1970 8
1971 8
1972 8
1973 8
1974 8
1975 8
1976 8
1977 8
1978 8
1979 8
1980 8
1981 8
1982 8
1983 8
1984 8
1985 8
1986 8
1987 8
1988 8
1989 8
1990 8
1991 8
1992 8
1993 8
1994 8
1995 8
1996 8
1997 8
1998 8
1999 8
2000 8
2001 8
2002 8
2003 8
2004 8
2005 8
2006 8
2007 8
2008 8
2009 8
2010 8
2011 8
2012 8
2013 8
2014 8
2015 8
2016 8
2017 8
2018 8
2019 8
2020 8
2021 8
2022 8
2023 8
2024 8
2025 8
2026 8
2027 8
2028 8
2029 8
2030 8
2031 8
2032 8
2033 8
2034 8
2035 8
2036 8
2037 8
2038 8
2039 8
2040 8
2041 8
2042 8
2043 8
2044 8
2045 8
2046 8
2047 8
2048 8
2049 8
2050 8
2051 8
2052 8
2053 8
2054 8
2055 8
2056 8
2057 8
2058 8
2059 8
2060 8
2061 8
2062 8
2063 8
2064 8
2065 8
2066 8
2067 8
2068 8
2069 8
2070 8
2071 8
2072 8
2073 8
2074 8
2075 8
2076 8
2077 8
2078 8
2079 8
2080 8
2081 8
2082 8
2083 8
2084 8
2085 8
2086 8
2087 8
2088 8
2089 8
2090 8
2091 8
2092 8
2093 8
2094 8
2095 8
2096 8
2097 8
2098 8
2099 8
2100 8
2101 8
2102 8
2103 8
2104 8
2105 8
2106 8
2107 8
2108 8
2109 8
2110 8
2111 8
2112 8
2113 8
2114 8
2115 8
2116 8
2117 8
2118 8
2119 8
2120 8
2121 8
2122 8
2123 8
2124 8
2125 8
2126 8
2127 8
2128 8
2129 8
2130 8
2131 8
2132 8
2133 8
2134 8
2135 8
2136 8
2137 8
2138 8
2139 8
2140 8
2141 8
2142 8
2143 8
2144 8
2145 8
2146 8
2147 8
2148 8
2149 8
2150 8
2151 8
2152 8
2153 8
2154 8
2155 8
2156 8
2157 8
2158 8
2159 8
2160 8
2161 8
2162 8
2163 8
2164 8
2165 8
2166 8
2167 8
2168 8
2169 8
2170 8
2171 8
2172 8
2173 8
2174 8
2175 8
2176 8
2177 8
2178 8
2179 8
2180 8
2181 8
2182 8
2183 8
2184 8
2185 8
2186 8
2187 8
2188 8
2189 8
2190 8
2191 8
2192 8
2193 8
2194 8
2195 8
2196 8
2197 8
2198 8
2199 8
2200 8
2201 8
2202 8
2203 8
2204 8
2205 8
2206 8
2207 8
2208 8
2209 8
2210 8
2211 8
2212 8
2213 8
2214 8
2215 8
2216 8
2217 8
2218 8
2219 8
2220 8
2221 8
2222 8
2223 8
2224 8
2225 8
2226 8
2227 8
2228 8
2229 8
2230 8
2231 8
2232 8
2233 8
2234 8
2235 8
2236 8
2237 8
2238 8
2239 8
2240 8
2241 8
2242 8
2243 8
2244 8
2245 8
2246 8
2247 8
2248 8
2249 8
2250 8
2251 8
2252 8
2253 8
2254 8
2255 8
2256 8
2257 8
2258 8
2259 8
2260 8
2261 8
2262 8
2263 8
2264 8
2265 8
2266 8
2267 8
2268 8
2269 8
2270 8
2271 8
2272 8
2273 8
2274 8
2275 8
2276 8
2277 8
2278 8
2279 8
2280 8
2281 8
2282 8
2283 8
2284 8
2285 8
2286 8
2287 8
2288 8
2289 8
2290 8
2291 8
2292 8
2293 8
2294 8
2295 8
2296 8
2297 8
2298 8
2299 8
2300 8
2301 8
2302 8
2303 8
2304 8
2305 8
2306 8
2307 8
2308 8
2309 8
2310 8
2311 8
2312 8
2313 8
2314 8
2315 8
2316 8
2317 8
2318 8
2319 8
2320 8
2321 8
2322 8
2323 8
2324 8
2325 8
2326 8
2327 8
2328 8
2329 8
2330 8
2331 8
2332 8
2333 8
2334 8
2335 8
2336 8
2337 8
2338 8
2339 8
2340 8
2341 8
2342 8
2343 8
2344 8
2345 8
2346 8
2347 8
2348 8
2349 8
2350 8
2351 8
2352 8
2353 8
2354 8
2355 8
2356 8
2357 8
2358 8
2359 8
2360 8
2361 8
2362 8
2363 8
2364 8
2365 8
2366 8
2367 8
2368 8
2369 8
2370 8
2371 8
2372 8
2373 8
2374 8
2375 8
2376 8
2377 8
2378 8
2379 8
2380 8
2381 8
2382 8
2383 8
2384 8
2385 8
2386 8
2387 8
2388 8
2389 8
2390 8
2391 8
2392 8
2393 8
2394 8
2395 8
2396 8
2397 8
2398 8
2399 8
2400 8
2401 8
2402 8
2403 8
2404 8
2405 8
2406 8
2407 8
2408 8
2409 8
2410 8
2411 8
2412 8
2413 8
2414 8
2415 8
2416 8
2417 8
2418 8
2419 8
2420 8
2421 8
2422 8
2423 8
2424 8
2425 8
2426 8
2427 8
2428 8
2429 8
2430 8
2431 8
2432 8
2433 8
2434 8
2435 8
2436 8
2437 8
2438 8
2439 8
2440 8
2441 8
2442 8
2443 8
2444 8
2445 8
2446 8
2447 8
2448 8
2449 8
2450 8
2451 8
2452 8
2453 8
2454 8
2455 8
2456 8
2457 8
2458 8
2459 8
2460 8
2461 8
2462 8
2463 8
2464 8
2465 8
2466 8
2467 8
2468 8
2469 8
2470 8
2471 8
2472 8
2473 8
2474 8
2475 8
2476 8
2477 8
2478 8
2479 8
2480 8
2481 8
2482 8
2483 8
2484 8
2485 8
2486 8
2487 8
2488 8
2489 8
2490 8
2491 8
2492 8
2493 8
2494 8
2495 8
2496 8
2497 8
2498 8
2499 8
2500 8
2501 8
2502 8
2503 8
2504 8
2505 8
2506 8
2507 8
2508 8
2509 8
2510 8
2511 8
2512 8
2513 8
2514 8
2515 8
2516 8
2517 8
2518 8
2519 8
2520 8
2521 8
2522 8
2523 8
2524 8
2525 8
2526 8
2527 8
2528 8
2529 8
2530 8
2531 8
2532 8
2533 8
2534 8
2535 8
2536 8
2537 8
2538 8
2539 8
2540 8
2541 8
2542 8
2543 8
2544 8
2545 8
2546 8
2547 8
2548 8
2549 8
2550 8
2551 8
2552 8
2553 8
2554 8
2555 8
2556 8
2557 8
2558 8
2559 8
2560 8
2561 8
2562 8
2563 8
2564 8
2565 8
2566 8
2567 8
2568 8
2569 8
2570 8
2571 8
2572 8
2573 8
2574 8
2575 8
2576 8
2577 8
2578 8
2579 8
2580 8
2581 8
2582 8
2583 8
2584 8
2585 8
2586 8
2587 8
2588 8
2589 8
2590 8
2591 8
2592 8
2593 8
2594 8
2595 8
2596 8
2597 8
2598 8
2599 8
2600 8
2601 8
2602 8
2603 8
2604 8
2605 8
2606 8
2607 8
2608 8
2609 8
2610 8
2611 8
2612 8
2613 8
2614 8
2615 8
2616 8
2617 8
2618 8
2619 8
2620 8
2621 8
2622 8
2623 8
2624 8
2625 8
2626 8
2627 8
2628 8
2629 8
2630 8
2631 8
2632 8
2633 8
2634 8
2635 8
2636 8
2637 8
2638 8
2639 8
2640 8
2641 8
2642 8
2643 8
2644 8
2645 8
2646 8
2647 8
2648 8
2649 8
2650 8
2651 8
2652 8
2653 8
2654 8
2655 8
2656 8
2657 8
2658 8
2659 8
2660 8
2661 8
2662 8
2663 8
2664 8
2665 8
2666 8
2667 8
2668 8
2669 8
2670 8
2671 8
2672 8
2673 8
2674 8
2675 8
2676 8
2677 8
2678 8
2679 8
2680 8
2681 8
2682 8
2683 8
2684 8
2685 8
2686 8
2687 8
2688 8
2689 8
2690 8
2691 8
2692 8
2693 8
2694 8
2695 8
2696 8
2697 8
2698 8
2699 8
2700 8
2701 8
2702 8
2703 8
2704 8
2705 8
2706 8
2707 8
2708 8
2709 8
2710 8
2711 8
2712 8
2713 8
2714 8
2715 8
2716 8
2717 8
2718 8
2719 8
2720 8
2721 8
2722 8
2723 8
2724 8
2725 8
2726 8
2727 8
2728 8
2729 8
2730 8
2731 8
2732 8
2733 8
2734 8
2735 8
2736 8
2737 8
2738 8
2739 8
2740 8
2741 8
2742 8
2743 8
2744 8
2745 8
2746 8
2747 8
2748 8
2749 8
2750 8
2751 8
2752 8
2753 8
2754 8
2755 8
2756 8
2757 8
2758 8
2759 8
2760 8
2761 8
2762 8
2763 8
2764 8
2765 8
2766 8
2767 8
2768 8
2769 8
2770 8
2771 8
2772 8
2773 8
2774 8
2775 8
2776 8
2777 8
2778 8
2779 8
2780 8
2781 8
2782 8
2783 8
2784 8
2785 8
2786 8
2787 8
2788 8
2789 8
2790 8
2791 8
2792 8
2793 8
2794 8
2795 8
2796 8
2797 8
2798 8
2799 8
2800 8
2801 8
2802 8
2803 8
2804 8
2805 8
2806 8
2807 8
2808 8
2809 8
2810 8
2811 8
2812 8
2813 8
2814 8
2815 8
2816 8
2817 8
2818 8
2819 8
2820 8
2821 8
2822 8
2823 8
2824 8
2825 8
2826 8
2827 8
2828 8
2829 8
2830 8
2831 8
2832 8
2833 8
2834 8
2835 8
2836 8
2837 8
2838 8
2839 8
2840 8
2841 8
2842 8
2843 8
2844 8
2845 8
2846 8
2847 8
2848 8
2849 8
2850 8
2851 8
2852 8
2853 8
2854 8
2855 8
2856 8
2857 8
2858 8
2859 8
2860 8
2861 8
2862 8
2863 8
2864 8
2865 8
2866 8
2867 8
2868 8
2869 8
2870 8
2871 8
2872 8
2873 8
2874 8
2875 8
2876 8
2877 8
2878 8
2879 8
2880 8
2881 8
2882 8
2883 8
2884 8
2885 8
2886 8
2887 8
2888 8
2889 8
2890 8
2891 8
2892 8
2893 8
2894 8
2895 8
2896 8
2897 8
2898 8
2899 8
2900 8
2901 8
2902 8
2903 8
2904 8
2905 8
2906 8
2907 8
2908 8
2909 8
2910 8
2911 8
2912 8
2913 8
2914 8
2915 8
2916 8
2917 8
2918 8
2919 8
2920 8
2921 8
2922 8
2923 8
2924 8
2925 8
2926 8
2927 8
2928 8
2929 8
2930 8
2931 8
2932 8
2933 8
2934 8
2935 8
2936 8
2937 8
2938 8
2939 8
2940 8
2941 8
2942 8
2943 8
2944 8
2945 8
2946 8
2947 8
2948 8
2949 8
2950 8
2951 8
2952 8
2953 8
2954 8
2955 8
2956 8
2957 8
2958 8
2959 8
2960 8
2961 8
2962 8
2963 8
2964 8
2965 8
2966 8
2967 8
2968 8
2969 8
2970 8
2971 8
2972 8
2973 8
2974 8
2975 8
2976 8
2977 8
2978 8
2979 8
2980 8
2981 8
2982 8
2983 8
2984 8
2985 8
2986 8
2987 8
2988 8
2989 8
2990 8
2991 8
2992 8
2993 8
2994 8
2995 8
2996 8
2997 8
2998 8
2999 8
3000 8
3001 8
3002 8
3003 8
3004 8
3005 8
3006 8
3007 8
3008 8
3009 8
3010 8
3011 8
3012 8
3013 8
3014 8
3015 8
3016 8
3017 8
3018 8
3019 8
3020 8
3021 8
3022 8
3023 8
3024 8
3025 8
3026 8
3027 8
3028 8
3029 8
3030 8
3031 8
3032 8
3033 8
3034 8
3035 8
3036 8
3037 8
3038 8
3039 8
3040 8
3041 8
3042 8
3043 8
3044 8
3045 8
3046 8
3047 8
3048 8
3049 8
3050 8
3051 8
3052 8
3053 8
3054 8
3055 8
3056 8
3057 8
3058 8
3059 8
3060 8
3061 8
3062 8
3063 8
3064 8
3065 8
3066 8
3067 8
3068 8
3069 8
3070 8
3071 8
3072 8
3073 8
3074 8
3075 8
3076 8
3077 8
3078 8
3079 8
3080 8
3081 8
3082 8
3083 8
3084 8
3085 8
3086 8
3087 8
3088 8
3089 8
3090 8
3091 8
3092 8
3093 8
3094 8
3095 8
3096 8
3097 8
3098 8
3099 8
3100 8
3101 8
3102 8
3103 8
3104 8
3105 8
3106 8
3107 8
3108 8
3109 8
3110 8
3111 8
3112 8
3113 8
3114 8
3115 8
3116 8
3117 8
3118 8
3119 8
3120 8
3121 8
3122 8
3123 8
3124 8
3125 8
3126 8
3127 8
3128 8
3129 8
3130 8
3131 8
3132 8
3133 8
3134 8
3135 8
3136 8
3137 8
3138 8
3139 8
3140 8
3141 8
3142 8
3143 8
3144 8
3145 8
3146 8
3147 8
3148 8
3149 8
3150 8
3151 8
3152 8
3153 8
3154 8
3155 8
3156 8
3157 8
3158 8
3159 8
3160 8
3161 8
3162 8
3163 8
3164 8
3165 8
3166 8
3167 8
3168 8
3169 8
3170 8
3171 8
3172 8
3173 8
3174 8
3175 8
3176 8
3177 8
3178 8
3179 8
3180 8
3181 8
3182 8
3183 8
3184 8
3185 8
3186 8
3187 8
3188 8
3189 8
3190 8
3191 8
3192 8
3193 8
3194 8
3195 8
3196 8
3197 8
3198 8
3199 8
3200 8
3201 8
3202 8
3203 8
3204 8
3205 8
3206 8
3207 8
3208 8
3209 8
3210 8
3211 8
3212 8
3213 8
3214 8
3215 8
3216 8
3217 8
3218 8
3219 8
3220 8
3221 8
3222 8
3223 8
3224 8
3225 8
3226 8
3227 8
3228 8
3229 8
3230 8
3231 8
3232 8
3233 8
3234 8
3235 8
3236 8
3237 8
3238 8
3239 8
3240 8
3241 8
3242 8
3243 8
3244 8
3245 8
3246 8
3247 8
3248 8
3249 8
3250 8
3251 8
3252 8
3253 8
3254 8
3255 8
3256 8
3257 8
3258 8
3259 8
3260 8
3261 8
3262 8
3263 8
3264 8
3265 8
3266 8
3267 8
3268 8
3269 8
3270 8
3271 8
3272 8
3273 8
3274 8
3275 8
3276 8
3277 8
3278 8
3279 8
3280 8
3281 8
3282 8
3283 8
3284 8
3285 8
3286 8
3287 8
3288 8
3289 8
3290 8
3291 8
3292 8
3293 8
3294 8
3295 8
3296 8
3297 8
3298 8
3299 8
3300 8
3301 8
3302 8
3303 8
3304 8
3305 8
3306 8
3307 8
3308 8
3309 8
3310 8
3311 8
3312 8
3313 8
3314 8
3315 8
3316 8
3317 8
3318 8
3319 8
3320 8
3321 8
3322 8
3323 8
3324 8
3325 8
3326 8
3327 8
3328 8
3329 8
3330 8
3331 8
3332 8
3333 8
3334 8
3335 8
3336 8
3337 8
3338 8
3339 8
3340 8
3341 8
3342 8
3343 8
3344 8
3345 8
3346 8
3347 8
3348 8
3349 8
3350 8
3351 8
3352 8
3353 8
3354 8
3355 8
3356 8
3357 8
3358 8
3359 8
3360 8
3361 8
3362 8
3363 8
3364 8
3365 8
3366 8
3367 8
3368 8
3369 8
3370 8
3371 8
3372 8
3373 8
3374 8
3375 8
3376 8
3377 8
3378 8
3379 8
3380 8
3381 8
3382 8
3383 8
3384 8
3385 8
3386 8
3387 8
3388 8
3389 8
3390 8
3391 8
3392 8
3393 8
3394 8
3395 8
3396 8
3397 8
3398 8
3399 8
3400 8
3401 8
3402 8
3403 8
3404 8
3405 8
3406 8
3407 8
3408 8
3409 8
3410 8
3411 8
3412 8
3413 8
3414 8
3415 8
3416 8
3417 8
3418 8
3419 8
3420 8
3421 8
3422 8
3423 8
3424 8
3425 8
3426 8
3427 8
3428 8
3429 8
3430 8
3431 8
3432 8
3433 8
3434 8
3435 8
3436 8
3437 8
3438 8
3439 8
3440 8
3441 8
3442 8
3443 8
3444 8
3445 8
3446 8
3447 8
3448 8
3449 8
3450 8
3451 8
3452 8
3453 8
3454 8
3455 8
3456 8
3457 8
3458 8
3459 8
3460 8
3461 8
3462 8
3463 8
3464 8
3465 8
3466 8
3467 8
3468 8
3469 8
3470 8
3471 8
3472 8
3473 8
3474 8
3475 8
3476 8
3477 8
3478 8
3479 8
3480 8
3481 8
3482 8
3483 8
3484 8
3485 8
3486 8
3487 8
3488 8
3489 8
3490 8
3491 8
3492 8
3493 8
3494 8
3495 8
3496 8
3497 8
3498 8
3499 8
3500 8
3501 8
3502 8
3503 8
3504 8
3505 8
3506 8
3507 8
3508 8
3509 8
3510 8
3511 8
3512 8
3513 8
3514 8
3515 8
3516 8
3517 8
3518 8
3519 8
3520 8
3521 8
3522 8
3523 8
3524 8
3525 8
3526 8
3527 8
3528 8
3529 8
3530 8
3531 8
3532 8
3533 8
3534 8
3535 8
3536 8
3537 8
3538 8
3539 8
3540 8
3541 8
3542 8
3543 8
3544 8
3545 8
3546 8
3547 8
3548 8
3549 8
3550 8
3551 8
3552 8
3553 8
3554 8
3555 8
3556 8
3557 8
3558 8
3559 8
3560 8
3561 8
3562 8
3563 8
3564 8
3565 8
3566 8
3567 8
3568 8
3569 8
3570 8
3571 8
3572 8
3573 8
3574 8
3575 8
3576 8
3577 8
3578 8
3579 8
3580 8
3581 8
3582 8
3583 8
3584 8
3585 8
3586 8
3587 8
3588 8
3589 8
3590 8
3591 8
3592 8
3593 8
3594 8
3595 8
3596 8
3597 8
3598 8
3599 8
3600 8
3601 8
3602 8
3603 8
3604 8
3605 8
3606 8
3607 8
3608 8
3609 8
3610 8
3611 8
3612 8
3613 8
3614 8
3615 8
3616 8
3617 8
3618 8
3619 8
3620 8
3621 8
3622 8
3623 8
3624 8
3625 8
3626 8
3627 8
3628 8
3629 8
3630 8
3631 8
3632 8
3633 8
3634 8
3635 8
3636 8
3637 8
3638 8
3639 8
3640 8
3641 8
3642 8
3643 8
3644 8
3645 8
3646 8
3647 8
3648 8
3649 8
3650 8
3651 8
3652 8
3653 8
3654 8
3655 8
3656 8
3657 8
3658 8
3659 8
3660 8
3661 8
3662 8
3663 8
3664 8
3665 8
3666 8
3667 8
3668 8
3669 8
3670 8
3671 8
3672 8
3673 8
3674 8
3675 8
3676 8
3677 8
3678 8
3679 8
3680 8
3681 8
3682 8
3683 8
3684 8
3685 8
3686 8
3687 8
3688 8
3689 8
3690 8
3691 8
3692 8
3693 8
3694 8
3695 8
3696 8
3697 8
3698 8
3699 8
3700 8
3701 8
3702 8
3703 8
3704 8
3705 8
3706 8
3707 8
3708 8
3709 8
3710 8
3711 8
3712 8
3713 8
3714 8
3715 8
3716 8
3717 8
3718 8
3719 8
3720 8
3721 8
3722 8
3723 8
3724 8
3725 8
3726 8
3727 8
3728 8
3729 8
3730 8
3731 8
3732 8
3733 8
3734 8
3735 8
3736 8
3737 8
3738 8
3739 8
3740 8
3741 8
3742 8
3743 8
3744 8
3745 8
3746 8
3747 8
3748 8
3749 8
3750 8
3751 8
3752 8
3753 8
3754 8
3755 8
3756 8
3757 8
3758 8
3759 8
3760 8
3761 8
3762 8
3763 8
3764 8
3765 8
3766 8
3767 8
3768 8
3769 8
3770 8
3771 8
3772 8
3773 8
3774 8
3775 8
3776 8
3777 8
3778 8
3779 8
3780 8
3781 8
3782 8
3783 8
3784 8
3785 8
3786 8
3787 8
3788 8
3789 8
3790 8
3791 8
3792 8
3793 8
3794 8
3795 8
3796 8
3797 8
3798 8
3799 8
3800 8
3801 8
3802 8
3803 8
3804 8
3805 8
3806 8
3807 8
3808 8
3809 8
3810 8
3811 8
3812 8
3813 8
3814 8
3815 8
3816 8
3817 8
3818 8
3819 8
3820 8
3821 8
3822 8
3823 8
3824 8
3825 8
3826 8
3827 8
3828 8
3829 8
3830 8
3831 8
3832 8
3833 8
3834 8
3835 8
3836 8
3837 8
3838 8
3839 8
3840 8
3841 8
3842 8
3843 8
3844 8
3845 8
3846 8
3847 8
3848 8
3849 8
3850 8
3851 8
3852 8
3853 8
3854 8
3855 8
3856 8
3857 8
3858 8
3859 8
3860 8
3861 8
3862 8
3863 8
3864 8
3865 8
3866 8
3867 8
3868 8
3869 8
3870 8
3871 8
3872 8
3873 8
3874 8
3875 8
3876 8
3877 8
3878 8
3879 8
3880 8
3881 8
3882 8
3883 8
3884 8
3885 8
3886 8
3887 8
3888 8
3889 8
3890 8
3891 8
3892 8
3893 8
3894 8
3895 8
3896 8
3897 8
3898 8
3899 8
3900 8
3901 8
3902 8
3903 8
3904 8
3905 8
3906 8
3907 8
3908 8
3909 8
3910 8
3911 8
3912 8
3913 8
3914 8
3915 8
3916 8
3917 8
3918 8
3919 8
3920 8
3921 8
3922 8
3923 8
3924 8
3925 8
3926 8
3927 8
3928 8
3929 8
3930 8
3931 8
3932 8
3933 8
3934 8
3935 8
3936 8
3937 8
3938 8
3939 8
3940 8
3941 8
3942 8
3943 8
3944 8
3945 8
3946 8
3947 8
3948 8
3949 8
3950 8
3951 8
3952 8
3953 8
3954 8
3955 8
3956 8
3957 8
3958 8
3959 8
3960 8
3961 8
3962 8
3963 8
3964 8
3965 8
3966 8
3967 8
3968 8
3969 8
3970 8
3971 8
3972 8
3973 8
3974 8
3975 8
3976 8
3977 8
3978 8
3979 8
3980 8
3981 8
3982 8
3983 8
3984 8
3985 8
3986 8
3987 8
3988 8
3989 8
3990 8
3991 8
3992 8
3993 8
3994 8
3995 8
3996 8
3997 8
3998 8
3999 8
4000 8
4001 8
4002 8
4003 8
4004 8
4005 8
4006 8
4007 8
4008 8
4009 8
4010 8
4011 8
4012 8
4013 8
4014 8
4015 8
4016 8
4017 8
4018 8
4019 8
4020 8
4021 8
4022 8
4023 8
4024 8
4025 8
4026 8
4027 8
4028 8
4029 8
4030 8
4031 8
4032 8
4033 8
4034 8
4035 8
4036 8
4037 8
4038 8
4039 8
4040 8
4041 8
4042 8
4043 8
4044 8
4045 8
4046 8
4047 8
4048 8
4049 8
4050 8
4051 8
4052 8
4053 8
4054 8
4055 8
4056 8
4057 8
4058 8
4059 8
4060 8
4061 8
4062 8
4063 8
4064 8
4065 8
4066 8
4067 8
4068 8
4069 8
4070 8
4071 8
4072 8
4073 8
4074 8
4075 8
4076 8
4077 8
4078 8
4079 8
4080 8
4081 8
4082 8
4083 8
4084 8
4085 8
4086 8
4087 8
4088 8
4089 8
4090 8
4091 8
4092 8
4093 8
4094 8
4095 8
4096 8
4097 8
4098 8
4099 8
4100 8
4101 8
4102 8
4103 8
4104 8
4105 8
4106 8
4107 8
4108 8
4109 8
4110 8
4111 8
4112 8
4113 8
4114 8
4115 8
4116 8
4117 8
4118 8
4119 8
4120 8
4121 8
4122 8
4123 8
4124 8
4125 8
4126 8
4127 8
4128 8
4129 8
4130 8
4131 8
4132 8
4133 8
4134 8
4135 8
4136 8
4137 8
4138 8
4139 8
4140 8
4141 8
4142 8
4143 8
4144 8
4145 8
4146 8
4147 8
4148 8
4149 8
4150 8
4151 8
4152 8
4153 8
4154 8
4155 8
4156 8
4157 8
4158 8
4159 8
4160 8
4161 8
4162 8
4163 8
4164 8
4165 8
4166 8
4167 8
4168 8
4169 8
4170 8
4171 8
4172 8
4173 8
4174 8
4175 8
4176 8
4177 8
4178 8
4179 8
4180 8
4181 8
4182 8
4183 8
4184 8
4185 8
4186 8
4187 8
4188 8
4189 8
4190 8
4191 8
4192 8
4193 8
4194 8
4195 8
4196 8
4197 8
4198 8
4199 8
4200 8
4201 8
4202 8
4203 8
4204 8
4205 8
4206 8
4207 8
4208 8
4209 8
4210 8
4211 8
4212 8
4213 8
4214 8
4215 8
4216 8
4217 8
4218 8
4219 8
4220 8
4221 8
4222 8
4223 8
4224 8
4225 8
4226 8
4227 8
4228 8
4229 8
4230 8
4231 8
4232 8
4233 8
4234 8
4235 8
4236 8
4237 8
4238 8
4239 8
4240 8
4241 8
4242 8
4243 8
4244 8
4245 8
4246 8
4247 8
4248 8
4249 8
4250 8
4251 8
4252 8
4253 8
4254 8
4255 8
4256 8
4257 8
4258 8
4259 8
4260 8
4261 8
4262 8
4263 8
4264 8
4265 8
4266 8
4267 8
4268 8
4269 8
4270 8
4271 8
4272 8
4273 8
4274 8
4275 8
4276 8
4277 8
4278 8
4279 8
4280 8
4281 8
4282 8
4283 8
4284 8
4285 8
4286 8
4287 8
4288 8
4289 8
4290 8
4291 8
4292 8
4293 8
4294 8
4295 8
4296 8
4297 8
4298 8
4299 8
4300 8
4301 8
4302 8
4303 8
4304 8
4305 8
4306 8
4307 8
4308 8
4309 8
4310 8
4311 8
4312 8
4313 8
4314 8
4315 8
4316 8
4317 8
4318 8
4319 8
4320 8
4321 8
4322 8
4323 8
4324 8
4325 8
4326 8
4327 8
4328 8
4329 8
4330 8
4331 8
4332 8
4333 8
4334 8
4335 8
4336 8
4337 8
4338 8
4339 8
4340 8
4341 8
4342 8
4343 8
4344 8
4345 8
4346 8
4347 8
4348 8
4349 8
4350 8
4351 8
4352 8
4353 8
4354 8
4355 8
4356 8
4357 8
4358 8
4359 8
4360 8
4361 8
4362 8
4363 8
4364 8
4365 8
4366 8
4367 8
4368 8
4369 8
4370 8
4371 8
4372 8
4373 8
4374 8
4375 8
4376 8
4377 8
4378 8
4379 8
4380 8
4381 8
4382 8
4383 8
4384 8
4385 8
4386 8
4387 8
4388 8
4389 8
4390 8
4391 8
4392 8
4393 8
4394 8
4395 8
4396 8
4397 8
4398 8
4399 8
4400 8
4401 8
4402 8
4403 8
4404 8
4405 8
4406 8
4407 8
4408 8
4409 8
4410 8
4411 8
4412 8
4413 8
4414 8
4415 8
4416 8
4417 8
4418 8
4419 8
4420 8
4421 8
4422 8
4423 8
4424 8
4425 8
4426 8
4427 8
4428 8
4429 8
4430 8
4431 8
4432 8
4433 8
4434 8
4435 8
4436 8
4437 8
4438 8
4439 8
4440 8
4441 8
4442 8
4443 8
4444 8
4445 8
4446 8
4447 8
4448 8
4449 8
4450 8
4451 8
4452 8
4453 8
4454 8
4455 8
4456 8
4457 8
4458 8
4459 8
4460 8
4461 8
4462 8
4463 8
4464 8
4465 8
4466 8
4467 8
4468 8
4469 8
4470 8
4471 8
4472 8
4473 8
4474 8
4475 8
4476 8
4477 8
4478 8
4479 8
4480 8
4481 8
4482 8
4483 8
4484 8
4485 8
4486 8
4487 8
4488 8
4489 8
4490 8
4491 8
4492 8
4493 8
4494 8
4495 8
4496 8
4497 8
4498 8
4499 8
4500 8
4501 8
4502 8
4503 8
4504 8
4505 8
4506 8
4507 8
4508 8
4509 8
4510 8
4511 8
4512 8
4513 8
4514 8
4515 8
4516 8
4517 8
4518 8
4519 8
4520 8
4521 8
4522 8
4523 8
4524 8
4525 8
4526 8
4527 8
4528 8
4529 8
4530 8
4531 8
4532 8
4533 8
4534 8
4535 8
4536 8
4537 8
4538 8
4539 8
4540 8
4541 8
4542 8
4543 8
4544 8
4545 8
4546 8
4547 8
4548 8
4549 8
4550 8
4551 8
4552 8
4553 8
4554 8
4555 8
4556 8
4557 8
4558 8
4559 8
4560 8
4561 8
4562 8
4563 8
4564 8
4565 8
4566 8
4567 8
4568 8
4569 8
4570 8
4571 8
4572 8
4573 8
4574 8
4575 8
4576 8
4577 8
4578 8
4579 8
4580 8
4581 8
4582 8
4583 8
4584 8
4585 8
4586 8
4587 8
4588 8
4589 8
4590 8
4591 8
4592 8
4593 8
4594 8
4595 8
4596 8
4597 8
4598 8
4599 8
4600 8
4601 8
4602 8
4603 8
4604 8
4605 8
4606 8
4607 8
4608 8
4609 8
4610 8
4611 8
4612 8
4613 8
4614 8
4615 8
4616 8
4617 8
4618 8
4619 8
4620 8
4621 8
4622 8
4623 8
4624 8
4625 8
4626 8
4627 8
4628 8
4629 8
4630 8
4631 8
4632 8
4633 8
4634 8
4635 8
4636 9
4637 9
4638 9
4639 9
4640 9
4641 9
4642 9
4643 9
4644 9
4645 9
4646 9
4647 9
4648 9
4649 9
4650 9
4651 9
4652 9
4653 9
4654 9
4655 9
4656 9
4657 9
4658 9
4659 9
4660 9
4661 9
4662 9
4663 9
4664 9
4665 9
4666 9
4667 9
4668 9
4669 9
4670 9
4671 9
4672 9
4673 9
4674 9
4675 9
4676 9
4677 9
4678 9
4679 9
4680 9
4681 9
4682 9
4683 9
4684 9
4685 9
4686 9
4687 9
4688 9
4689 9
4690 9
4691 9
4692 9
4693 9
4694 9
4695 9
4696 9
4697 9
4698 9
4699 9
4700 9
4701 9
4702 9
4703 9
4704 9
4705 9
4706 9
4707 9
4708 9
4709 9
4710 9
4711 9
4712 9
4713 9
4714 9
4715 9
4716 9
4717 9
4718 9
4719 9
4720 9
4721 9
4722 9
4723 9
4724 9
4725 9
4726 9
4727 9
4728 9
4729 9
4730 9
4731 9
4732 9
4733 9
4734 9
4735 9
4736 9
4737 9
4738 9
4739 9
4740 9
4741 9
4742 9
4743 9
4744 9
4745 9
4746 9
4747 9
4748 9
4749 9
4750 9
4751 9
4752 9
4753 9
4754 9
4755 9
4756 9
4757 9
4758 9
4759 9
4760 9
4761 9
4762 9
4763 9
4764 9
4765 9
4766 9
4767 9
4768 9
4769 9
4770 9
4771 9
4772 9
4773 9
4774 9
4775 9
4776 9
4777 9
4778 9
4779 9
4780 9
4781 9
4782 9
4783 9
4784 9
4785 9
4786 9
4787 9
4788 9
4789 9
4790 9
4791 9
4792 9
4793 9
4794 9
4795 9
4796 9
4797 9
4798 9
4799 9
4800 9
4801 9
4802 9
4803 9
4804 9
4805 9
4806 9
4807 9
4808 9
4809 9
4810 9
4811 9
4812 9
4813 9
4814 9
4815 9
4816 9
4817 9
4818 9
4819 9
4820 9
4821 9
4822 9
4823 9
4824 9
4825 9
4826 9
4827 9
4828 9
4829 9
4830 9
4831 9
4832 9
4833 9
4834 9
4835 9
4836 9
4837 9
4838 9
4839 9
4840 9
4841 9
4842 9
4843 9
4844 9
4845 9
4846 9
4847 9
4848 9
4849 9
4850 9
4851 9
4852 9
4853 9
4854 9
4855 9
4856 9
4857 9
4858 9
4859 9
4860 9
4861 9
4862 9
4863 9
4864 9
4865 9
4866 9
4867 9
4868 9
4869 9
4870 9
4871 9
4872 9
4873 9
4874 9
4875 9
4876 9
4877 9
4878 9
4879 9
4880 9
4881 9
4882 9
4883 9
4884 9
4885 9
4886 9
4887 9
4888 9
4889 9
4890 9
4891 9
4892 9
4893 9
4894 9
4895 9
4896 9
4897 9
4898 9
4899 9
4900 9
4901 9
4902 9
4903 9
4904 9
4905 9
4906 9
4907 9
4908 9
4909 9
4910 9
4911 9
4912 9
4913 9
4914 9
4915 9
4916 9
4917 9
4918 9
4919 9
4920 9
4921 9
4922 9
4923 9
4924 9
4925 9
4926 9
4927 9
4928 9
4929 9
4930 9
4931 9
4932 9
4933 9
4934 9
4935 9
4936 9
4937 9
4938 9
4939 9
4940 9
4941 9
4942 9
4943 9
4944 9
4945 9
4946 9
4947 9
4948 9
4949 9
4950 9
4951 9
4952 9
4953 9
4954 9
4955 9
4956 9
4957 9
4958 9
4959 9
4960 9
4961 9
4962 9
4963 9
4964 9
4965 9
4966 9
4967 9
4968 9
4969 9
4970 9
4971 9
4972 9
4973 9
4974 9
4975 9
4976 9
4977 9
4978 9
4979 9
4980 9
4981 9
4982 9
4983 9
4984 9
4985 9
4986 9
4987 9
4988 9
4989 9
4990 9
4991 9
4992 9
4993 9
4994 9
4995 9
4996 9
4997 9
4998 9
4999 9
5000 9
5001 9
5002 9
5003 9
5004 9
5005 9
5006 9
5007 9
5008 9
5009 9
5010 9
5011 9
5012 9
5013 9
5014 9
5015 9
5016 9
5017 9
5018 9
5019 9
5020 9
5021 9
5022 9
5023 9
5024 9
5025 9
5026 9
5027 9
5028 9
5029 9
5030 9
5031 9
5032 9
5033 9
5034 9
5035 9
5036 9
5037 9
5038 9
5039 9
5040 9
5041 9
5042 9
5043 9
5044 9
5045 9
5046 9
5047 9
5048 9
5049 9
5050 9
5051 9
5052 9
5053 9
5054 9
5055 9
5056 9
5057 9
5058 9
5059 9
5060 9
5061 9
5062 9
5063 9
5064 9
5065 9
5066 9
5067 9
5068 9
5069 9
5070 9
5071 9
5072 9
5073 9
5074 9
5075 9
5076 9
5077 9
5078 9
5079 9
5080 9
5081 9
5082 9
5083 9
5084 9
5085 9
5086 9
5087 9
5088 9
5089 9
5090 9
5091 9
5092 9
5093 9
5094 9
5095 9
5096 9
5097 9
5098 9
5099 9
5100 9
5101 9
5102 9
5103 9
5104 9
5105 9
5106 9
5107 9
5108 9
5109 9
5110 9
5111 9
5112 9
5113 9
5114 9
5115 9
5116 9
5117 9
5118 9
5119 9
5120 9
5121 9
5122 9
5123 9
5124 9
5125 9
5126 9
5127 9
5128 9
5129 9
5130 9
5131 9
5132 9
5133 9
5134 9
5135 9
5136 9
5137 9
5138 9
5139 9
5140 9
5141 9
5142 9
5143 9
5144 9
5145 9
5146 9
5147 9
5148 9
5149 9
5150 9
5151 9
5152 9
5153 9
5154 9
5155 9
5156 9
5157 9
5158 9
5159 9
5160 9
5161 9
5162 9
5163 9
5164 9
5165 9
5166 9
5167 9
5168 9
5169 9
5170 9
5171 9
5172 9
5173 9
5174 9
5175 9
5176 9
5177 9
5178 9
5179 9
5180 9
5181 9
5182 9
5183 9
5184 9
5185 9
5186 9
5187 9
5188 9
5189 9
5190 9
5191 9
5192 9
5193 9
5194 9
5195 9
5196 9
5197 9
5198 9
5199 9
5200 9
5201 9
5202 9
5203 9
5204 9
5205 9
5206 9
5207 9
5208 9
5209 9
5210 9
5211 9
5212 9
5213 9
5214 9
5215 9
5216 9
5217 9
5218 9
5219 9
5220 9
5221 9
5222 9
5223 9
5224 9
5225 9
5226 9
5227 9
5228 9
5229 9
5230 9
5231 9
5232 9
5233 9
5234 9
5235 9
5236 9
5237 9
5238 9
5239 9
5240 9
5241 9
5242 9
5243 9
5244 9
5245 9
5246 9
5247 9
5248 9
5249 9
5250 9
5251 9
5252 9
5253 9
5254 9
5255 9
5256 9
5257 9
5258 9
5259 9
5260 9
5261 9
5262 9
5263 9
5264 9
5265 9
5266 9
5267 9
5268 9
5269 9
5270 9
5271 9
5272 9
5273 9
5274 9
5275 9
5276 9
5277 9
5278 9
5279 9
5280 9
5281 9
5282 9
5283 9
5284 9
5285 9
5286 9
5287 9
5288 9
5289 9
5290 9
5291 9
5292 9
5293 9
5294 9
5295 9
5296 9
5297 9
5298 9
5299 9
5300 9
5301 9
5302 9
5303 9
5304 9
5305 9
5306 9
5307 9
5308 9
5309 9
5310 9
5311 9
5312 9
5313 9
5314 9
5315 9
5316 9
5317 9
5318 9
5319 9
5320 9
5321 9
5322 9
5323 9
5324 9
5325 9
5326 9
5327 9
5328 9
5329 9
5330 9
5331 9
5332 9
5333 9
5334 9
5335 9
5336 9
5337 9
5338 9
5339 9
5340 9
5341 9
5342 9
5343 9
5344 9
5345 9
5346 9
5347 9
5348 9
5349 9
5350 9
5351 9
5352 9
5353 9
5354 9
5355 9
5356 9
5357 9
5358 9
5359 9
5360 9
5361 9
5362 9
5363 9
5364 9
5365 9
5366 9
5367 9
5368 9
5369 9
5370 9
5371 9
5372 9
5373 9
5374 9
5375 9
5376 9
5377 9
5378 9
5379 9
5380 9
5381 9
5382 9
5383 9
5384 9
5385 9
5386 9
5387 9
5388 9
5389 9
5390 9
5391 9
5392 9
5393 9
5394 9
5395 9
5396 9
5397 9
5398 9
5399 9
5400 9
5401 9
5402 9
5403 9
5404 9
5405 9
5406 9
5407 9
5408 9
5409 9
5410 9
5411 9
5412 9
5413 9
5414 9
5415 9
5416 9
5417 9
5418 9
5419 9
5420 9
5421 9
5422 9
5423 9
5424 9
5425 9
5426 9
5427 9
5428 9
5429 9
5430 9
5431 9
5432 9
5433 9
5434 9
5435 9
5436 9
5437 9
5438 9
5439 9
5440 9
5441 9
5442 9
5443 9
5444 9
5445 9
5446 9
5447 9
5448 9
5449 9
5450 9
5451 9
5452 9
5453 9
5454 9
5455 9
5456 9
5457 9
5458 9
5459 9
5460 9
5461 9
5462 9
5463 9
5464 9
5465 9
5466 9
5467 9
5468 9
5469 9
5470 9
5471 9
5472 9
5473 9
5474 9
5475 9
5476 9
5477 9
5478 9
5479 9
5480 9
5481 9
5482 9
5483 9
5484 9
5485 9
5486 9
5487 9
5488 9
5489 9
5490 9
5491 9
5492 9
5493 9
5494 9
5495 9
5496 9
5497 9
5498 9
5499 9
5500 9
5501 9
5502 9
5503 9
5504 9
5505 9
5506 9
5507 9
5508 9
5509 9
5510 9
5511 9
5512 9
5513 9
5514 9
5515 9
5516 9
5517 9
5518 9
5519 9
5520 9
5521 9
5522 9
5523 9
5524 9
5525 9
5526 9
5527 9
5528 9
5529 9
5530 9
5531 9
5532 9
5533 9
5534 9
5535 9
5536 9
5537 9
5538 9
5539 9
5540 9
5541 9
5542 9
5543 9
5544 9
5545 9
5546 9
5547 9
5548 9
5549 9
5550 9
5551 9
5552 9
5553 9
5554 9
5555 9
5556 9
5557 9
5558 9
5559 9
5560 9
5561 9
5562 9
5563 9
5564 9
5565 9
5566 9
5567 9
5568 9
5569 9
5570 9
5571 9
5572 9
5573 9
5574 9
5575 9
5576 9
5577 9
5578 9
5579 9
5580 9
5581 9
5582 9
5583 9
5584 9
5585 9
5586 9
5587 9
5588 9
5589 9
5590 9
5591 9
5592 9
5593 9
5594 9
5595 9
5596 9
5597 9
5598 9
5599 9
5600 9
5601 9
5602 9
5603 9
5604 9
5605 9
5606 9
5607 9
5608 9
5609 9
5610 9
5611 9
5612 9
5613 9
5614 9
5615 9
5616 9
5617 9
5618 9
5619 9
5620 9
5621 9
5622 9
5623 9
5624 9
5625 9
5626 9
5627 9
5628 9
5629 9
5630 9
5631 9
5632 9
5633 9
5634 9
5635 9
5636 9
5637 9
5638 9
5639 9
5640 9
5641 9
5642 9
5643 9
5644 9
5645 9
5646 9
5647 9
5648 9
5649 9
5650 9
5651 9
5652 9
5653 9
5654 9
5655 9
5656 9
5657 9
5658 9
5659 9
5660 9
5661 9
5662 9
5663 9
5664 9
5665 9
5666 9
5667 9
5668 9
5669 9
5670 9
5671 9
5672 9
5673 9
5674 9
5675 9
5676 9
5677 9
5678 9
5679 9
5680 9
5681 9
5682 9
5683 9
5684 9
5685 9
5686 9
5687 9
5688 9
5689 9
5690 9
5691 9
5692 9
5693 9
5694 9
5695 9
5696 9
5697 9
5698 9
5699 9
5700 9
5701 9
5702 9
5703 9
5704 9
5705 9
5706 9
5707 9
5708 9
5709 9
5710 9
5711 9
5712 9
5713 9
5714 9
5715 9
5716 9
5717 9
5718 9
5719 9
5720 9
5721 9
5722 9
5723 9
5724 9
5725 9
5726 9
5727 9
5728 9
5729 9
5730 9
5731 9
5732 9
5733 9
5734 9
5735 9
5736 9
5737 9
5738 9
5739 9
5740 9
5741 9
5742 9
5743 9
5744 9
5745 9
5746 9
5747 9
5748 9
5749 9
5750 9
5751 9
5752 9
5753 9
5754 9
5755 9
5756 9
5757 9
5758 9
5759 9
5760 9
5761 9
5762 9
5763 9
5764 9
5765 9
5766 9
5767 9
5768 9
5769 9
5770 9
5771 9
5772 9
5773 9
5774 9
5775 9
5776 9
5777 9
5778 9
5779 9
5780 9
5781 9
5782 9
5783 9
5784 9
5785 9
5786 9
5787 9
5788 9
5789 9
5790 9
5791 9
5792 9
5793 9
5794 9
5795 9
5796 9
5797 9
5798 9
5799 9
5800 9
5801 9
5802 9
5803 9
5804 9
5805 9
5806 9
5807 9
5808 9
5809 9
5810 9
5811 9
5812 9
5813 9
5814 9
5815 9
5816 9
5817 9
5818 9
5819 9
5820 9
5821 9
5822 9
5823 9
5824 9
5825 9
5826 9
5827 9
5828 9
5829 9
5830 9
5831 9
5832 9
5833 9
5834 9
5835 9
5836 9
5837 9
5838 9
5839 9
5840 9
5841 9
5842 9
5843 9
5844 9
5845 9
5846 9
5847 9
5848 9
5849 9
5850 9
5851 9
5852 9
5853 9
5854 9
5855 9
5856 9
5857 9
5858 9
5859 9
5860 9
5861 9
5862 9
5863 9
5864 9
5865 9
5866 9
5867 9
5868 9
5869 9
5870 9
5871 9
5872 9
5873 9
5874 9
5875 9
5876 9
5877 9
5878 9
5879 9
5880 9
5881 9
5882 9
5883 9
5884 9
5885 9
5886 9
5887 9
5888 9
5889 9
5890 9
5891 9
5892 9
5893 9
5894 9
5895 9
5896 9
5897 9
5898 9
5899 9
5900 9
5901 9
5902 9
5903 9
5904 9
5905 9
5906 9
5907 9
5908 9
5909 9
5910 9
5911 9
5912 9
5913 9
5914 9
5915 9
5916 9
5917 9
5918 9
5919 9
5920 9
5921 9
5922 9
5923 9
5924 9
5925 9
5926 9
5927 9
5928 9
5929 9
5930 9
5931 9
5932 9
5933 9
5934 9
5935 9
5936 9
5937 9
5938 9
5939 9
5940 9
5941 9
5942 9
5943 9
5944 9
5945 9
5946 9
5947 9
5948 9
5949 9
5950 9
5951 9
5952 9
5953 9
5954 9
5955 9
5956 9
5957 9
5958 9
5959 9
5960 9
5961 9
5962 9
5963 9
5964 9
5965 9
5966 9
5967 9
5968 9
5969 9
5970 9
5971 9
5972 9
5973 9
5974 9
5975 9
5976 9
5977 9
5978 9
5979 9
5980 9
5981 9
5982 9
5983 9
5984 9
5985 9
5986 9
5987 9
5988 9
5989 9
5990 9
5991 9
5992 9
5993 9
5994 9
5995 9
5996 9
5997 9
5998 9
5999 9
6000 9
6001 9
6002 9
6003 9
6004 9
6005 9
6006 9
6007 9
6008 9
6009 9
6010 9
6011 9
6012 9
6013 9
6014 9
6015 9
6016 9
6017 9
6018 9
6019 9
6020 9
6021 9
6022 9
6023 9
6024 9
6025 9
6026 9
6027 9
6028 9
6029 9
6030 9
6031 9
6032 9
6033 9
6034 9
6035 9
6036 9
6037 9
6038 9
6039 9
6040 9
6041 9
6042 9
6043 9
6044 9
6045 9
6046 9
6047 9
6048 9
6049 9
6050 9
6051 9
6052 9
6053 9
6054 9
6055 9
6056 9
6057 9
6058 9
6059 9
6060 9
6061 9
6062 9
6063 9
6064 9
6065 9
6066 9
6067 9
6068 9
6069 9
6070 9
6071 9
6072 9
6073 9
6074 9
6075 9
6076 9
6077 9
6078 9
6079 9
6080 9
6081 9
6082 9
6083 9
6084 9
6085 9
6086 9
6087 9
6088 9
6089 9
6090 9
6091 9
6092 9
6093 9
6094 9
6095 9
6096 9
6097 9
6098 9
6099 9
6100 9
6101 9
6102 9
6103 9
6104 9
6105 9
6106 9
6107 9
6108 9
6109 9
6110 9
6111 9
6112 9
6113 9
6114 9
6115 9
6116 9
6117 9
6118 9
6119 9
6120 9
6121 9
6122 9
6123 9
6124 9
6125 9
6126 9
6127 9
6128 9
6129 9
6130 9
6131 9
6132 9
6133 9
6134 9
6135 9
6136 9
6137 9
6138 9
6139 9
6140 9
6141 9
6142 9
6143 9
6144 9
6145 9
6146 9
6147 9
6148 9
6149 9
6150 9
6151 9
6152 9
6153 9
6154 9
6155 9
6156 9
6157 9
6158 9
6159 9
6160 9
6161 9
6162 9
6163 9
6164 9
6165 9
6166 9
6167 9
6168 9
6169 9
6170 9
6171 9
6172 9
6173 9
6174 9
6175 9
6176 9
6177 9
6178 9
6179 9
6180 9
6181 9
6182 9
6183 9
6184 9
6185 9
6186 9
6187 9
6188 9
6189 10
6190 10
6191 10
6192 10
6193 10
6194 10
6195 10
6196 10
6197 10
6198 10
6199 10
6200 10
6201 10
6202 10
6203 10
6204 10
6205 10
6206 10
6207 10
6208 10
6209 10
6210 10
6211 10
6212 10
6213 10
6214 10
6215 10
6216 10
6217 10
6218 10
6219 10
6220 10
6221 10
6222 10
6223 10
6224 10
6225 10
6226 10
6227 10
6228 10
6229 10
6230 10
6231 10
6232 10
6233 10
6234 10
6235 10
6236 10
6237 10
6238 10
6239 10
6240 10
6241 10
6242 10
6243 10
6244 10
6245 10
6246 10
6247 10
6248 10
6249 10
6250 10
6251 10
6252 10
6253 10
6254 10
6255 10
6256 10
6257 10
6258 10
6259 10
6260 10
6261 10
6262 10
6263 10
6264 10
6265 10
6266 10
6267 10
6268 10
6269 10
6270 10
6271 10
6272 10
6273 10
6274 10
6275 10
6276 10
6277 10
6278 10
6279 10
6280 10
6281 10
6282 10
6283 10
6284 10
6285 10
6286 10
6287 10
6288 10
6289 10
6290 10
6291 10
6292 10
6293 10
6294 10
6295 10
6296 10
6297 10
6298 10
6299 10
6300 10
6301 10
6302 10
6303 10
6304 10
6305 10
6306 10
6307 10
6308 10
6309 10
6310 10
6311 10
6312 10
6313 10
6314 10
6315 10
6316 10
6317 10
6318 10
6319 10
6320 10
6321 10
6322 10
6323 10
6324 10
6325 10
6326 10
6327 10
6328 10
6329 10
6330 10
6331 10
6332 10
6333 10
6334 10
6335 10
6336 10
6337 10
6338 10
6339 10
6340 10
6341 10
6342 10
6343 10
6344 10
6345 10
6346 10
6347 10
6348 10
6349 10
6350 10
6351 10
6352 10
6353 10
6354 10
6355 10
6356 10
6357 10
6358 10
6359 10
6360 10
6361 10
6362 10
6363 10
6364 10
6365 10
6366 10
6367 10
6368 10
6369 10
6370 10
6371 10
6372 10
6373 10
6374 10
6375 10
6376 10
6377 10
6378 10
6379 10
6380 10
6381 10
6382 10
6383 10
6384 10
6385 10
6386 10
6387 10
6388 10
6389 10
6390 10
6391 10
6392 10
6393 10
6394 10
6395 10
6396 10
6397 10
6398 10
6399 10
6400 10
6401 10
6402 10
6403 10
6404 10
6405 10
6406 10
6407 10
6408 10
6409 10
6410 10
6411 10
6412 10
6413 10
6414 10
6415 10
6416 10
6417 10
6418 10
6419 10
6420 10
6421 10
6422 10
6423 10
6424 10
6425 10
6426 10
6427 10
6428 10
6429 10
6430 10
6431 10
6432 10
6433 10
6434 10
6435 10
6436 10
6437 10
6438 10
6439 10
6440 10
6441 10
6442 10
6443 10
6444 10
6445 10
6446 10
6447 10
6448 10
6449 10
6450 10
6451 10
6452 10
6453 10
6454 10
6455 10
6456 10
6457 10
6458 10
6459 10
6460 10
6461 10
6462 10
6463 10
6464 10
6465 10
6466 10
6467 10
6468 10
6469 10
6470 10
6471 10
6472 10
6473 10
6474 10
6475 10
6476 10
6477 10
6478 10
6479 10
6480 10
6481 10
6482 10
6483 10
6484 10
6485 10
6486 10
6487 10
6488 10
6489 10
6490 10
6491 10
6492 10
6493 10
6494 10
6495 10
6496 10
6497 10
6498 10
6499 10
6500 10
6501 10
6502 10
6503 10
6504 10
6505 10
6506 10
6507 10
6508 10
6509 10
6510 10
6511 10
6512 10
6513 10
6514 10
6515 10
6516 10
6517 10
6518 10
6519 10
6520 10
6521 10
6522 10
6523 10
6524 10
6525 10
6526 10
6527 10
6528 10
6529 10
6530 10
6531 10
6532 10
6533 10
6534 10
6535 10
6536 10
6537 10
6538 10
6539 10
6540 10
6541 10
6542 10
6543 10
6544 10
6545 10
6546 10
6547 10
6548 10
6549 10
6550 10
6551 10
6552 10
6553 10
6554 10
6555 10
6556 10
6557 10
6558 10
6559 10
6560 10
6561 10
6562 10
6563 10
6564 10
6565 10
6566 10
6567 10
6568 10
6569 10
6570 10
6571 10
6572 10
6573 10
6574 10
6575 10
6576 10
6577 10
6578 10
6579 10
6580 10
6581 10
6582 10
6583 10
6584 10
6585 10
6586 10
6587 10
6588 10
6589 10
6590 10
6591 10
6592 10
6593 10
6594 10
6595 10
6596 10
6597 10
6598 10
6599 10
6600 10
6601 10
6602 10
6603 10
6604 10
6605 10
6606 10
6607 10
6608 10
6609 10
6610 10
6611 10
6612 10
6613 10
6614 10
6615 10
6616 10
6617 10
6618 10
6619 10
6620 10
6621 10
6622 10
6623 10
6624 10
6625 10
6626 10
6627 10
6628 10
6629 10
6630 10
6631 10
6632 10
6633 10
6634 10
6635 10
6636 10
6637 10
6638 10
6639 10
6640 10
6641 10
6642 10
6643 10
6644 10
6645 10
6646 10
6647 10
6648 10
6649 10
6650 10
6651 10
6652 10
6653 10
6654 10
6655 10
6656 10
6657 10
6658 10
6659 10
6660 10
6661 10
6662 10
6663 10
6664 10
6665 10
6666 10
6667 10
6668 10
6669 10
6670 10
6671 10
6672 10
6673 10
6674 10
6675 10
6676 10
6677 10
6678 10
6679 10
6680 10
6681 10
6682 10
6683 10
6684 10
6685 10
6686 10
6687 10
6688 10
6689 10
6690 10
6691 10
6692 10
6693 10
6694 10
6695 11
6696 11
6697 11
6698 11
6699 11
6700 11
6701 11
6702 11
6703 11
6704 11
6705 11
6706 11
6707 11
6708 11
6709 11
6710 11
6711 11
6712 11
6713 11
6714 11
6715 11
6716 11
6717 11
6718 11
6719 11
6720 11
6721 11
6722 11
6723 11
6724 11
6725 11
6726 11
6727 11
6728 11
6729 11
6730 11
6731 11
6732 11
6733 11
6734 11
6735 11
6736 11
6737 11
6738 11
6739 11
6740 11
6741 11
6742 11
6743 11
6744 11
6745 11
6746 11
6747 11
6748 11
6749 11
6750 11
6751 11
6752 11
6753 11
6754 11
6755 11
6756 11
6757 11
6758 11
6759 11
6760 11
6761 11
6762 11
6763 11
6764 11
6765 11
6766 11
6767 11
6768 11
6769 11
6770 11
6771 11
6772 11
6773 11
6774 11
6775 11
6776 11
6777 11
6778 11
6779 11
6780 11
6781 11
6782 11
6783 11
6784 11
6785 11
6786 11
6787 11
6788 11
6789 11
6790 11
6791 11
6792 11
6793 11
6794 11
6795 11
6796 11
6797 11
6798 11
6799 11
6800 11
6801 11
6802 11
6803 11
6804 11
6805 11
6806 11
6807 11
6808 11
6809 11
6810 11
6811 11
6812 11
6813 11
6814 11
6815 11
6816 11
6817 11
6818 11
6819 11
6820 11
6821 11
6822 11
6823 11
6824 11
6825 11
6826 11
6827 11
6828 11
6829 11
6830 11
6831 11
6832 11
6833 11
6834 11
6835 11
6836 11
6837 11
6838 11
6839 11
6840 11
6841 11
6842 11
6843 11
6844 11
6845 11
6846 11
6847 11
6848 11
6849 11
6850 11
6851 11
6852 11
6853 11
6854 11
6855 11
6856 11
6857 11
6858 11
6859 11
6860 11
6861 11
6862 11
6863 11
6864 11
6865 11
6866 11
6867 11
6868 11
6869 11
6870 11
6871 11
6872 11
6873 11
6874 11
6875 11
6876 11
6877 11
6878 11
6879 11
6880 11
6881 11
6882 11
6883 11
6884 11
6885 11
6886 11
6887 11
6888 11
6889 11
6890 11
6891 11
6892 11
6893 11
6894 11
6895 11
6896 11
6897 11
6898 11
6899 11
6900 11
6901 11
6902 11
6903 11
6904 11
6905 11
6906 11
6907 11
6908 11
6909 11
6910 11
6911 11
6912 11
6913 11
6914 11
6915 11
6916 11
6917 11
6918 11
6919 11
6920 11
6921 11
6922 11
6923 11
6924 11
6925 11
6926 11
6927 11
6928 11
6929 11
6930 11
6931 11
6932 11
6933 11
6934 11
6935 11
6936 11
6937 11
6938 11
6939 11
6940 11
6941 11
6942 11
6943 11
6944 11
6945 11
6946 11
6947 11
6948 11
6949 11
6950 11
6951 11
6952 11
6953 11
6954 11
6955 11
6956 11
6957 11
6958 11
6959 11
6960 11
6961 11
6962 11
6963 11
6964 11
6965 11
6966 11
6967 11
6968 11
6969 11
6970 11
6971 11
6972 11
6973 11
6974 11
6975 11
6976 11
6977 11
6978 11
6979 11
6980 11
6981 11
6982 11
6983 11
6984 11
6985 11
6986 11
6987 11
6988 11
6989 11
6990 11
6991 11
6992 11
6993 11
6994 11
6995 11
6996 11
6997 11
6998 11
6999 11
7000 11
7001 11
7002 11
7003 11
7004 11
7005 11
7006 11
7007 11
7008 11
7009 11
7010 11
7011 11
7012 11
7013 11
7014 11
7015 11
7016 11
7017 11
7018 11
7019 11
7020 11
7021 11
7022 11
7023 11
7024 11
7025 11
7026 11
7027 11
7028 11
7029 11
7030 11
7031 11
7032 11
7033 11
7034 11
7035 11
7036 11
7037 11
7038 11
7039 11
7040 11
7041 11
7042 11
7043 11
7044 11
7045 11
7046 11
7047 11
7048 11
7049 11
7050 11
7051 11
7052 11
7053 11
7054 11
7055 11
7056 11
7057 11
7058 11
7059 11
7060 11
7061 11
7062 11
7063 11
7064 11
7065 11
7066 11
7067 11
7068 11
7069 11
7070 11
7071 11
7072 11
7073 11
7074 11
7075 11
7076 11
7077 11
7078 11
7079 11
7080 11
7081 11
7082 11
7083 11
7084 11
7085 11
7086 11
7087 11
7088 11
7089 11
7090 11
7091 11
7092 11
7093 11
7094 11
7095 11
7096 11
7097 11
7098 11
7099 11
7100 11
7101 11
7102 11
7103 11
7104 11
7105 11
7106 11
7107 11
7108 11
7109 11
7110 11
7111 11
7112 11
7113 11
7114 11
7115 11
7116 11
7117 11
7118 11
7119 11
7120 11
7121 11
7122 11
7123 11
7124 11
7125 11
7126 11
7127 11
7128 11
7129 11
7130 11
7131 11
7132 11
7133 11
7134 11
7135 11
7136 11
7137 11
7138 11
7139 11
7140 11
7141 11
7142 11
7143 11
7144 11
7145 11
7146 11
7147 11
7148 11
7149 11
7150 11
7151 11
7152 11
7153 11
7154 11
7155 11
7156 11
7157 11
7158 11
7159 11
7160 11
7161 11
7162 11
7163 11
7164 11
7165 11
7166 11
7167 11
7168 11
7169 11
7170 11
7171 11
7172 11
7173 11
7174 11
7175 11
7176 11
7177 11
7178 11
7179 11
7180 11
7181 11
7182 11
7183 11
7184 11
7185 11
7186 11
7187 11
7188 11
7189 11
7190 11
7191 11
7192 11
7193 11
7194 11
7195 11
7196 11
7197 11
7198 11
7199 11
7200 11
7201 11
7202 11
7203 11
7204 11
7205 11
7206 11
7207 11
7208 11
7209 11
7210 11
7211 11
7212 11
7213 11
7214 11
7215 11
7216 11
7217 11
7218 11
7219 11
7220 11
7221 11
7222 11
7223 11
7224 11
7225 11
7226 11
7227 11
7228 11
7229 11
7230 11
7231 11
7232 11
7233 11
7234 11
7235 11
7236 11
7237 11
7238 11
7239 11
7240 11
7241 11
7242 11
7243 11
7244 11
7245 11
7246 11
7247 11
7248 11
7249 11
7250 11
7251 11
7252 11
7253 11
7254 11
7255 11
7256 11
7257 11
7258 11
7259 11
7260 11
7261 11
7262 11
7263 11
7264 11
7265 11
7266 11
7267 11
7268 11
7269 11
7270 11
7271 11
7272 11
7273 11
7274 11
7275 11
7276 11
7277 11
7278 11
7279 11
7280 11
7281 11
7282 11
7283 11
7284 11
7285 11
7286 11
7287 11
7288 11
7289 11
7290 11
7291 11
7292 11
7293 11
7294 11
7295 11
7296 11
7297 11
7298 11
7299 11
7300 11
7301 11
7302 11
7303 11
7304 11
7305 11
7306 11
7307 11
7308 11
7309 11
7310 11
7311 11
7312 11
7313 11
7314 11
7315 11
7316 11
7317 11
7318 11
7319 11
7320 11
7321 11
7322 11
7323 11
7324 11
7325 11
7326 11
7327 11
7328 11
7329 11
7330 11
7331 11
7332 11
7333 11
7334 11
7335 11
7336 11
7337 11
7338 11
7339 11
7340 11
7341 11
7342 11
7343 11
7344 11
7345 11
7346 11
7347 11
7348 11
7349 11
7350 11
7351 11
7352 11
7353 11
7354 11
7355 11
7356 11
7357 11
7358 11
7359 11
7360 11
7361 11
7362 11
7363 11
7364 11
7365 11
7366 11
7367 11
7368 11
7369 11
7370 11
7371 11
7372 11
7373 11
7374 11
7375 11
7376 11
7377 11
7378 11
7379 11
7380 11
7381 11
7382 11
7383 11
7384 11
7385 11
7386 11
7387 11
7388 11
7389 11
7390 11
7391 11
7392 11
7393 11
7394 11
7395 11
7396 11
7397 11
7398 11
7399 11
7400 11
7401 11
7402 11
7403 11
7404 11
7405 11
7406 11
7407 11
7408 11
7409 11
7410 11
7411 11
7412 11
7413 11
7414 11
7415 11
7416 11
7417 11
7418 11
7419 11
7420 11
7421 11
7422 11
7423 11
7424 11
7425 11
7426 11
7427 11
7428 11
7429 11
7430 11
7431 11
7432 11
7433 11
7434 11
7435 11
7436 11
7437 11
7438 11
7439 11
7440 11
7441 11
7442 11
7443 11
7444 11
7445 11
7446 11
7447 11
7448 11
7449 11
7450 11
7451 11
7452 11
7453 11
7454 11
7455 11
7456 11
7457 11
7458 11
7459 11
7460 11
7461 11
7462 11
7463 11
7464 11
7465 11
7466 11
7467 11
7468 11
7469 11
7470 11
7471 11
7472 11
7473 11
7474 11
7475 11
7476 11
7477 11
7478 11
7479 11
7480 11
7481 11
7482 11
7483 11
7484 11
7485 11
7486 11
7487 11
7488 11
7489 11
7490 11
7491 11
7492 11
7493 11
7494 11
7495 11
7496 11
7497 11
7498 11
7499 11
7500 11
7501 11
7502 11
7503 11
7504 11
7505 11
7506 11
7507 11
7508 11
7509 11
7510 11
7511 11
7512 11
7513 11
7514 11
7515 11
7516 11
7517 11
7518 11
7519 11
7520 11
7521 11
7522 11
7523 11
7524 11
7525 11
7526 11
7527 11
7528 11
7529 11
7530 11
7531 11
7532 11
7533 11
7534 11
7535 11
7536 11
7537 11
7538 11
7539 11
7540 11
7541 11
7542 11
7543 11
7544 11
7545 11
7546 11
7547 11
7548 11
7549 11
7550 11
7551 11
7552 11
7553 11
7554 11
7555 11
7556 11
7557 11
7558 11
7559 11
7560 11
7561 11
7562 11
7563 11
7564 11
7565 11
7566 11
7567 11
7568 11
7569 11
7570 11
7571 11
7572 11
7573 11
7574 11
7575 11
7576 11
7577 11
7578 11
7579 11
7580 11
7581 11
7582 11
7583 11
7584 11
7585 11
7586 11
7587 11
7588 11
7589 11
7590 11
7591 11
7592 11
7593 11
7594 11
7595 11
7596 11
7597 11
7598 11
7599 11
7600 11
7601 11
7602 11
7603 11
7604 11
7605 11
7606 11
7607 11
7608 11
7609 11
7610 11
7611 11
7612 11
7613 11
7614 11
7615 11
7616 11
7617 11
7618 11
7619 11
7620 11
7621 11
7622 11
7623 11
7624 11
7625 11
7626 11
7627 11
7628 11
7629 11
7630 11
7631 11
7632 11
7633 11
7634 11
7635 11
7636 11
7637 11
7638 11
7639 11
7640 11
7641 11
7642 11
7643 11
7644 11
7645 11
7646 11
7647 11
7648 11
7649 11
7650 11
7651 11
7652 11
7653 11
7654 11
7655 11
7656 11
7657 11
7658 11
7659 11
7660 11
7661 11
7662 11
7663 11
7664 11
7665 11
7666 11
7667 11
7668 11
7669 11
7670 11
7671 11
7672 11
7673 11
7674 11
7675 11
7676 11
7677 11
7678 11
7679 11
7680 11
7681 11
7682 11
7683 11
7684 11
7685 11
7686 11
7687 11
7688 11
7689 11
7690 11
7691 11
7692 11
7693 11
7694 11
7695 11
7696 11
7697 11
7698 11
7699 11
7700 11
7701 11
7702 11
7703 11
7704 11
7705 11
7706 11
7707 11
7708 11
7709 11
7710 11
7711 11
7712 11
7713 11
7714 11
7715 11
7716 11
7717 11
7718 11
7719 11
7720 11
7721 11
7722 11
7723 11
7724 11
7725 11
7726 11
7727 11
7728 11
7729 11
7730 11
7731 11
7732 11
7733 11
7734 11
7735 11
7736 11
7737 11
7738 11
7739 11
7740 11
7741 11
7742 11
7743 11
7744 11
7745 11
7746 11
7747 11
7748 11
7749 11
7750 11
7751 11
7752 11
7753 11
7754 11
7755 11
7756 11
7757 11
7758 11
7759 11
7760 11
7761 11
7762 11
7763 11
7764 11
7765 11
7766 11
7767 11
7768 11
7769 11
7770 11
7771 11
7772 11
7773 11
7774 11
7775 11
7776 11
7777 11
7778 11
7779 11
7780 11
7781 11
7782 11
7783 11
7784 11
7785 11
7786 11
7787 11
7788 11
7789 11
7790 11
7791 11
7792 11
7793 11
7794 11
7795 11
7796 11
7797 11
7798 11
7799 11
7800 11
7801 11
7802 11
7803 11
7804 11
7805 11
7806 11
7807 11
7808 11
7809 11
7810 11
7811 11
7812 11
7813 11
7814 11
7815 11
7816 11
7817 11
7818 11
7819 11
7820 11
7821 11
7822 11
7823 11
7824 11
7825 11
7826 11
7827 11
7828 11
7829 11
7830 11
7831 11
7832 11
7833 11
7834 11
7835 11
7836 11
7837 11
7838 11
7839 11
7840 11
7841 11
7842 11
7843 11
7844 11
7845 11
7846 11
7847 11
7848 11
7849 11
7850 11
7851 11
7852 11
7853 11
7854 11
7855 11
7856 11
7857 11
7858 11
7859 11
7860 11
7861 11
7862 11
7863 11
7864 11
7865 11
7866 11
7867 11
7868 11
7869 11
7870 11
7871 11
7872 11
7873 11
7874 11
7875 11
7876 11
7877 11
7878 11
7879 11
7880 11
7881 11
7882 11
7883 11
7884 11
7885 11
7886 11
7887 11
7888 11
7889 11
7890 11
7891 11
7892 11
7893 11
7894 11
7895 11
7896 11
7897 11
7898 11
7899 11
7900 11
7901 11
7902 11
7903 11
7904 11
7905 11
7906 11
7907 11
7908 11
7909 11
7910 11
7911 11
7912 11
7913 11
7914 11
7915 11
7916 11
7917 11
7918 11
7919 11
7920 11
7921 11
7922 11
7923 11
7924 11
7925 11
7926 11
7927 11
7928 11
7929 11
7930 11
7931 11
7932 11
7933 11
7934 11
7935 11
7936 11
7937 11
7938 11
7939 11
7940 11
7941 11
7942 11
7943 11
7944 11
7945 11
7946 11
7947 11
7948 11
7949 11
7950 11
7951 11
7952 11
7953 11
7954 11
7955 11
7956 11
7957 11
7958 11
7959 11
7960 11
7961 11
7962 11
7963 11
7964 11
7965 11
7966 11
7967 11
7968 11
7969 11
7970 11
7971 11
7972 11
7973 11
7974 11
7975 11
7976 11
7977 11
7978 11
7979 11
7980 11
7981 11
7982 11
7983 11
7984 11
7985 11
7986 11
7987 11
7988 11
7989 11
7990 11
7991 11
7992 11
7993 11
7994 11
7995 11
7996 11
7997 11
7998 11
7999 11
8000 11
8001 11
8002 11
8003 11
8004 11
8005 11
8006 11
8007 11
8008 11
8009 11
8010 11
8011 11
8012 11
8013 11
8014 11
8015 11
8016 11
8017 11
8018 11
8019 11
8020 11
8021 11
8022 11
8023 11
8024 11
8025 11
8026 11
8027 11
8028 11
8029 11
8030 11
8031 11
8032 11
8033 11
8034 11
8035 11
8036 11
8037 11
8038 11
8039 11
8040 11
8041 11
8042 11
8043 11
8044 11
8045 11
8046 11
8047 11
8048 11
8049 11
8050 11
8051 11
8052 11
8053 11
8054 11
8055 11
8056 11
8057 11
8058 11
8059 11
8060 11
8061 11
8062 11
8063 11
8064 11
8065 11
8066 11
8067 11
8068 11
8069 11
8070 11
8071 11
8072 11
8073 11
8074 11
8075 11
8076 11
8077 11
8078 11
8079 11
8080 11
8081 11
8082 11
8083 11
8084 11
8085 11
8086 11
8087 11
8088 11
8089 11
8090 11
8091 11
8092 11
8093 11
8094 11
8095 11
8096 11
8097 11
8098 11
8099 11
8100 11
8101 11
8102 11
8103 11
8104 11
8105 11
8106 11
8107 11
8108 11
8109 11
8110 11
8111 11
8112 11
8113 11
8114 11
8115 11
8116 11
8117 11
8118 11
8119 11
8120 11
8121 11
8122 11
8123 11
8124 11
8125 11
8126 11
8127 11
8128 11
8129 11
8130 11
8131 11
8132 11
8133 11
8134 11
8135 11
8136 11
8137 11
8138 11
8139 11
8140 11
8141 11
8142 11
8143 11
8144 11
8145 11
8146 11
8147 11
8148 11
8149 11
8150 11
8151 11
8152 11
8153 11
8154 11
8155 11
8156 11
8157 11
8158 11
8159 11
8160 11
8161 11
8162 11
8163 11
8164 11
8165 11
8166 11
8167 11
8168 11
8169 11
8170 11
8171 11
8172 11
8173 11
8174 11
8175 11
8176 11
8177 11
8178 11
8179 11
8180 11
8181 11
8182 11
8183 11
8184 11
8185 11
8186 11
8187 11
8188 11
8189 11
8190 11
8191 11
8192 11
8193 11
8194 11
8195 11
8196 11
8197 11
8198 11
8199 11
8200 11
8201 11
8202 11
8203 11
8204 11
8205 11
8206 11
8207 11
8208 11
8209 11
8210 11
8211 11
8212 11
8213 11
8214 11
8215 11
8216 11
8217 11
8218 11
8219 11
8220 11
8221 11
8222 11
8223 11
8224 11
8225 11
8226 11
8227 11
8228 11
8229 11
8230 11
8231 11
8232 11
8233 11
8234 11
8235 11
8236 11
8237 11
8238 11
8239 11
8240 11
8241 11
8242 11
8243 11
8244 11
8245 11
8246 11
8247 11
8248 11
8249 11
8250 11
8251 11
8252 11
8253 11
8254 11
8255 11
8256 11
8257 11
8258 11
8259 11
8260 11
8261 11
8262 11
8263 11
8264 11
8265 11
8266 11
8267 11
8268 11
8269 11
8270 11
8271 11
8272 11
8273 11
8274 11
8275 11
8276 11
8277 11
8278 11
8279 11
8280 11
8281 11
8282 11
8283 11
8284 11
8285 11
8286 11
8287 11
8288 11
8289 11
8290 11
8291 11
8292 11
8293 11
8294 11
8295 11
8296 11
8297 11
8298 11
8299 11
8300 11
8301 11
8302 11
8303 11
8304 11
8305 11
8306 11
8307 11
8308 11
8309 11
8310 11
8311 11
8312 11
8313 11
8314 11
8315 11
8316 11
8317 11
8318 11
8319 11
8320 11
8321 11
8322 11
8323 11
8324 11
8325 11
8326 11
8327 11
8328 11
8329 11
8330 11
8331 11
8332 11
8333 11
8334 11
8335 11
8336 11
8337 11
8338 11
8339 11
8340 11
8341 11
8342 11
8343 11
8344 11
8345 11
8346 11
8347 11
8348 11
8349 11
8350 11
8351 11
8352 11
8353 11
8354 11
8355 11
8356 11
8357 11
8358 11
8359 11
8360 11
8361 11
8362 11
8363 11
8364 11
8365 11
8366 11
8367 11
8368 11
8369 11
8370 11
8371 11
8372 11
8373 11
8374 11
8375 11
8376 11
8377 11
8378 11
8379 11
8380 11
8381 11
8382 11
8383 11
8384 11
8385 11
8386 11
8387 11
8388 11
8389 11
8390 11
8391 11
8392 11
8393 11
8394 11
8395 11
8396 11
8397 11
8398 11
8399 11
8400 11
8401 11
8402 11
8403 11
8404 11
8405 11
8406 11
8407 11
8408 11
8409 11
8410 11
8411 11
8412 11
8413 11
8414 11
8415 11
8416 11
8417 11
8418 11
8419 11
8420 11
8421 11
8422 11
8423 11
8424 11
8425 11
8426 11
8427 11
8428 11
8429 11
8430 11
8431 11
8432 11
8433 11
8434 11
8435 11
8436 11
8437 11
8438 11
8439 11
8440 11
8441 11
8442 11
8443 11
8444 11
8445 11
8446 11
8447 11
8448 11
8449 11
8450 11
8451 11
8452 11
8453 11
8454 11
8455 11
8456 11
8457 11
8458 11
8459 11
8460 11
8461 11
8462 11
8463 11
8464 11
8465 11
8466 11
8467 11
8468 11
8469 11
8470 11
8471 11
8472 11
8473 11
8474 11
8475 11
8476 11
8477 11
8478 11
8479 11
8480 11
8481 11
8482 11
8483 11
8484 11
8485 11
8486 11
8487 11
8488 11
8489 11
8490 11
8491 11
8492 11
8493 11
8494 11
8495 11
8496 11
8497 11
8498 11
8499 11
8500 11
8501 11
8502 11
8503 11
8504 11
8505 11
8506 11
8507 11
8508 11
8509 11
8510 11
8511 11
8512 11
8513 11
8514 11
8515 11
8516 11
8517 11
8518 11
8519 11
8520 11
8521 11
8522 11
8523 11
8524 11
8525 11
8526 11
8527 11
8528 11
8529 11
8530 11
8531 11
8532 11
8533 11
8534 11
8535 11
8536 11
8537 11
8538 11
8539 11
8540 11
8541 11
8542 11
8543 11
8544 11
8545 11
8546 11
8547 11
8548 11
8549 11
8550 11
8551 11
8552 11
8553 11
8554 11
8555 11
8556 11
8557 11
8558 11
8559 11
8560 11
8561 11
8562 11
8563 11
8564 11
8565 11
8566 11
8567 11
8568 11
8569 11
8570 11
8571 11
8572 11
8573 11
8574 11
8575 11
8576 11
8577 11
8578 11
8579 11
8580 11
8581 11
8582 11
8583 11
8584 11
8585 11
8586 11
8587 11
8588 11
8589 11
8590 11
8591 11
8592 11
8593 11
8594 11
8595 11
8596 11
8597 11
8598 11
8599 11
8600 11
8601 11
8602 11
8603 11
8604 11
8605 11
8606 11
8607 11
8608 11
8609 11
8610 11
8611 11
8612 11
8613 11
8614 11
8615 11
8616 11
8617 11
8618 11
8619 11
8620 11
8621 11
8622 11
8623 11
8624 11
8625 11
8626 11
8627 11
8628 11
8629 11
8630 11
8631 11
8632 11
8633 11
8634 11
8635 11
8636 11
8637 11
8638 11
8639 11
8640 11
8641 11
8642 11
8643 11
8644 11
8645 11
8646 11
8647 11
8648 11
8649 11
8650 11
8651 11
8652 11
8653 11
8654 11
8655 11
8656 11
8657 11
8658 11
8659 11
8660 11
8661 11
8662 11
8663 11
8664 11
8665 11
8666 11
8667 11
8668 11
8669 11
8670 11
8671 11
8672 11
8673 11
8674 11
8675 11
8676 11
8677 11
8678 11
8679 11
8680 11
8681 11
8682 11
8683 11
8684 11
8685 11
8686 11
8687 11
8688 11
8689 11
8690 11
8691 11
8692 11
8693 11
8694 11
8695 11
8696 11
8697 11
8698 11
8699 11
8700 11
8701 11
8702 11
8703 11
8704 11
8705 11
8706 11
8707 11
8708 11
8709 11
8710 11
8711 11
8712 11
8713 11
8714 11
8715 11
8716 11
8717 11
8718 11
8719 11
8720 11
8721 11
8722 11
8723 11
8724 11
8725 11
8726 11
8727 11
8728 11
8729 11
8730 11
8731 11
8732 11
8733 11
8734 11
8735 11
8736 11
8737 11
8738 11
8739 11
8740 11
8741 11
8742 11
8743 11
8744 11
8745 11
8746 11
8747 11
8748 11
8749 11
8750 11
8751 11
8752 11
8753 11
8754 11
8755 11
8756 11
8757 11
8758 11
8759 11
8760 11
8761 11
8762 11
8763 11
8764 11
8765 11
8766 11
8767 11
8768 11
8769 11
8770 11
8771 11
8772 11
8773 11
8774 11
8775 11
8776 11
8777 11
8778 11
8779 11
8780 11
8781 11
8782 11
8783 11
8784 11
8785 11
8786 11
8787 11
8788 11
8789 11
8790 11
8791 11
8792 11
8793 11
8794 11
8795 11
8796 11
8797 11
8798 11
8799 11
8800 11
8801 11
8802 11
8803 11
8804 11
8805 11
8806 11
8807 11
8808 11
8809 11
8810 11
8811 11
8812 11
8813 11
8814 11
8815 11
8816 11
8817 11
8818 11
8819 11
8820 11
8821 11
8822 11
8823 11
8824 11
8825 11
8826 11
8827 11
8828 11
8829 11
8830 11
8831 11
8832 11
8833 11
8834 11
8835 11
8836 11
8837 11
8838 11
8839 11
8840 11
8841 11
8842 11
8843 11
8844 11
8845 11
8846 11
8847 11
8848 11
8849 11
8850 11
8851 11
8852 11
8853 11
8854 11
8855 11
8856 11
8857 11
8858 11
8859 11
8860 11
8861 11
8862 11
8863 11
8864 11
8865 11
8866 11
8867 11
8868 11
8869 11
8870 11
8871 11
8872 11
8873 11
8874 11
8875 11
8876 11
8877 11
8878 11
8879 11
8880 11
8881 11
8882 11
8883 11
8884 11
8885 11
8886 11
8887 11
8888 11
8889 11
8890 11
8891 11
8892 11
8893 11
8894 11
8895 11
8896 11
8897 11
8898 11
8899 11
8900 11
8901 11
8902 11
8903 11
8904 11
8905 11
8906 11
8907 11
8908 11
8909 11
8910 11
8911 11
8912 11
8913 11
8914 11
8915 11
8916 11
8917 11
8918 11
8919 11
8920 11
8921 11
8922 11
8923 11
8924 11
8925 11
8926 11
8927 11
8928 11
8929 11
8930 11
8931 11
8932 11
8933 11
8934 11
8935 11
8936 11
8937 11
8938 11
8939 11
8940 11
8941 11
8942 11
8943 11
8944 11
8945 11
8946 11
8947 11
8948 11
8949 11
8950 11
8951 11
8952 11
8953 11
8954 11
8955 11
8956 11
8957 11
8958 11
8959 11
8960 11
8961 11
8962 11
8963 11
8964 11
8965 11
8966 11
8967 11
8968 11
8969 11
8970 11
8971 11
8972 11
8973 11
8974 11
8975 11
8976 11
8977 11
8978 11
8979 11
8980 11
8981 11
8982 11
8983 11
8984 11
8985 11
8986 11
8987 11
8988 11
8989 11
8990 11
8991 11
8992 11
8993 11
8994 11
8995 11
8996 11
8997 11
8998 11
8999 11
9000 11
9001 11
9002 11
9003 11
9004 11
9005 11
9006 11
9007 11
9008 11
9009 11
9010 11
9011 11
9012 11
9013 11
9014 11
9015 11
9016 11
9017 11
9018 11
9019 11
9020 11
9021 11
9022 11
9023 11
9024 11
9025 11
9026 11
9027 11
9028 11
9029 11
9030 11
9031 11
9032 11
9033 11
9034 11
9035 11
9036 11
9037 11
9038 11
9039 11
9040 11
9041 11
9042 11
9043 11
9044 11
9045 11
9046 11
9047 11
9048 11
9049 11
9050 11
9051 11
9052 11
9053 11
9054 11
9055 11
9056 11
9057 11
9058 11
9059 11
9060 11
9061 11
9062 11
9063 11
9064 11
9065 11
9066 11
9067 11
9068 11
9069 11
9070 11
9071 11
9072 11
9073 11
9074 11
9075 11
9076 11
9077 11
9078 11
9079 11
9080 11
9081 11
9082 11
9083 11
9084 11
9085 11
9086 11
9087 11
9088 11
9089 11
9090 11
9091 11
9092 11
9093 11
9094 11
9095 11
9096 11
9097 11
9098 11
9099 11
9100 11
9101 11
9102 11
9103 11
9104 11
9105 11
9106 11
9107 11
9108 11
9109 11
9110 11
9111 11
9112 11
9113 11
9114 11
9115 11
9116 11
9117 11
9118 11
9119 11
9120 11
9121 11
9122 11
9123 11
9124 11
9125 11
9126 11
9127 11
9128 11
9129 11
9130 11
9131 11
9132 11
9133 11
9134 11
9135 11
9136 11
9137 11
9138 11
9139 11
9140 11
9141 11
9142 11
9143 11
9144 11
9145 11
9146 11
9147 11
9148 11
9149 11
9150 11
9151 11
9152 11
9153 11
9154 11
9155 11
9156 11
9157 11
9158 11
9159 11
9160 11
9161 11
9162 11
9163 11
9164 11
9165 11
9166 11
9167 11
9168 11
9169 11
9170 11
9171 11
9172 11
9173 11
9174 11
9175 11
9176 11
9177 11
9178 11
9179 11
9180 11
9181 11
9182 11
9183 11
9184 11
9185 11
9186 11
9187 11
9188 11
9189 11
9190 11
9191 11
9192 11
9193 11
9194 11
9195 11
9196 11
9197 11
9198 11
9199 11
9200 11
9201 11
9202 11
9203 11
9204 11
9205 11
9206 11
9207 11
9208 11
9209 11
9210 11
9211 11
9212 11
9213 11
9214 11
9215 11
9216 11
9217 11
9218 11
9219 11
9220 11
9221 11
9222 11
9223 11
9224 11
9225 11
9226 11
9227 11
9228 11
9229 11
9230 11
9231 11
9232 11
9233 11
9234 11
9235 11
9236 11
9237 11
9238 11
9239 11
9240 11
9241 11
9242 11
9243 11
9244 11
9245 11
9246 11
9247 11
9248 11
9249 11
9250 11
9251 11
9252 11
9253 11
9254 11
9255 11
9256 11
9257 11
9258 11
9259 11
9260 11
9261 11
9262 11
9263 11
9264 11
9265 11
9266 11
9267 11
9268 11
9269 11
9270 11
9271 11
9272 11
9273 11
9274 11
9275 11
9276 11
9277 11
9278 11
9279 11
9280 11
9281 11
9282 11
9283 11
9284 11
9285 11
9286 11
9287 11
9288 11
9289 11
9290 11
9291 11
9292 11
9293 11
9294 11
9295 11
9296 11
9297 11
9298 11
9299 11
9300 11
9301 11
9302 11
9303 11
9304 11
9305 11
9306 11
9307 11
9308 11
9309 11
9310 11
9311 11
9312 11
9313 11
9314 11
9315 11
9316 11
9317 11
9318 11
9319 11
9320 11
9321 11
9322 11
9323 11
9324 11
9325 11
9326 11
9327 11
9328 11
9329 11
9330 11
9331 11
9332 11
9333 11
9334 11
9335 11
9336 11
9337 11
9338 11
9339 11
9340 11
9341 11
9342 11
9343 11
9344 11
9345 11
9346 11
9347 11
9348 11
9349 11
9350 11
9351 11
9352 11
9353 11
9354 11
9355 11
9356 11
9357 11
9358 11
9359 11
9360 11
9361 11
9362 11
9363 11
9364 11
9365 11
9366 11
9367 11
9368 11
9369 11
9370 11
9371 11
9372 11
9373 11
9374 11
9375 11
9376 11
9377 11
9378 11
9379 11
9380 11
9381 11
9382 11
9383 11
9384 11
9385 11
9386 11
9387 11
9388 11
9389 11
9390 11
9391 11
9392 11
9393 11
9394 11
9395 11
9396 11
9397 11
9398 11
9399 11
9400 11
9401 11
9402 11
9403 11
9404 11
9405 11
9406 11
9407 11
9408 11
9409 11
9410 11
9411 11
9412 11
9413 11
9414 11
9415 11
9416 11
9417 11
9418 11
9419 11
9420 11
9421 11
9422 11
9423 11
9424 11
9425 11
9426 11
9427 11
9428 11
9429 11
9430 11
9431 11
9432 11
9433 11
9434 11
9435 11
9436 11
9437 11
9438 11
9439 11
9440 11
9441 11
9442 11
9443 11
9444 11
9445 11
9446 11
9447 11
9448 11
9449 11
9450 11
9451 11
9452 11
9453 11
9454 11
9455 11
9456 11
9457 11
9458 11
9459 11
9460 11
9461 11
9462 11
9463 11
9464 11
9465 11
9466 11
9467 11
9468 11
9469 11
9470 11
9471 11
9472 11
9473 11
9474 11
9475 11
9476 11
9477 11
9478 11
9479 11
9480 11
9481 11
9482 11
9483 11
9484 11
9485 11
9486 11
9487 11
9488 11
9489 11
9490 11
9491 11
9492 11
9493 11
9494 11
9495 11
9496 11
9497 11
9498 11
9499 11
9500 11
9501 11
9502 11
9503 11
9504 11
9505 11
9506 11
9507 11
9508 11
9509 11
9510 11
9511 11
9512 11
9513 11
9514 11
9515 11
9516 11
9517 11
9518 11
9519 11
9520 11
9521 11
9522 11
9523 11
9524 11
9525 11
9526 11
9527 11
9528 11
9529 11
9530 11
9531 11
9532 11
9533 12
9534 12
9535 12
9536 12
9537 12
9538 12
9539 12
9540 12
9541 12
9542 12
9543 12
9544 12
9545 12
9546 12
9547 12
9548 12
9549 12
9550 12
9551 12
9552 12
9553 12
9554 12
9555 12
9556 12
9557 12
9558 12
9559 12
9560 12
9561 12
9562 12
9563 12
9564 12
9565 12
9566 12
9567 12
9568 12
9569 12
9570 12
9571 12
9572 12
9573 12
9574 12
9575 12
9576 12
9577 12
9578 12
9579 12
9580 12
9581 12
9582 12
9583 12
9584 12
9585 12
9586 12
9587 12
9588 12
9589 12
9590 12
9591 12
9592 12
9593 12
9594 12
9595 12
9596 12
9597 12
9598 12
9599 12
9600 12
9601 12
9602 12
9603 12
9604 12
9605 12
9606 12
9607 12
9608 12
9609 12
9610 12
9611 12
9612 12
9613 12
9614 12
9615 12
9616 12
9617 12
9618 12
9619 12
9620 12
9621 12
9622 12
9623 12
9624 12
9625 12
9626 12
9627 12
9628 12
9629 12
9630 12
9631 12
9632 12
9633 12
9634 12
9635 12
9636 12
9637 12
9638 12
9639 12
9640 12
9641 12
9642 12
9643 12
9644 12
9645 12
9646 12
9647 12
9648 12
9649 12
9650 12
9651 12
9652 12
9653 12
9654 12
9655 12
9656 12
9657 12
9658 12
9659 12
9660 12
9661 12
9662 12
9663 12
9664 12
9665 12
9666 12
9667 12
9668 12
9669 12
9670 12
9671 12
9672 12
9673 12
9674 12
9675 12
9676 12
9677 12
9678 12
9679 12
9680 12
9681 12
9682 12
9683 12
9684 12
9685 12
9686 12
9687 12
9688 12
9689 12
9690 12
9691 12
9692 12
9693 12
9694 12
9695 12
9696 12
9697 12
9698 12
9699 12
9700 12
9701 12
9702 12
9703 12
9704 12
9705 12
9706 12
9707 12
9708 12
9709 12
9710 12
9711 12
9712 12
9713 12
9714 12
9715 12
9716 12
9717 12
9718 12
9719 12
9720 12
9721 12
9722 12
9723 12
9724 12
9725 12
9726 12
9727 12
9728 12
9729 12
9730 12
9731 12
9732 12
9733 12
9734 12
9735 12
9736 12
9737 12
9738 12
9739 12
9740 12
9741 12
9742 12
9743 12
9744 12
9745 12
9746 12
9747 12
9748 12
9749 12
9750 12
9751 12
9752 12
9753 12
9754 12
9755 12
9756 12
9757 12
9758 12
9759 12
9760 12
9761 12
9762 12
9763 12
9764 12
9765 12
9766 12
9767 12
9768 12
9769 12
9770 12
9771 12
9772 12
9773 12
9774 12
9775 12
9776 12
9777 12
9778 12
9779 12
9780 12
9781 12
9782 12
9783 12
9784 12
9785 12
9786 12
9787 12
9788 12
9789 12
9790 12
9791 12
9792 12
9793 12
9794 12
9795 12
9796 12
9797 12
9798 12
9799 12
9800 12
9801 12
9802 12
9803 12
9804 12
9805 12
9806 12
9807 12
9808 12
9809 12
9810 12
9811 12
9812 12
9813 12
9814 12
9815 12
9816 12
9817 12
9818 12
9819 12
9820 12
9821 12
9822 12
9823 12
9824 12
9825 12
9826 12
9827 12
9828 12
9829 12
9830 12
9831 12
9832 12
9833 12
9834 12
9835 12
9836 12
9837 12
9838 12
9839 12
9840 12
9841 12
9842 12
9843 12
9844 12
9845 12
9846 12
9847 12
9848 12
9849 12
9850 12
9851 12
9852 12
9853 12
9854 12
9855 12
9856 12
9857 12
9858 12
9859 12
9860 12
9861 12
9862 12
9863 12
9864 12
9865 12
9866 12
9867 12
9868 12
9869 12
9870 12
9871 12
9872 12
9873 12
9874 12
9875 12
9876 12
9877 12
9878 12
9879 12
9880 12
9881 12
9882 12
9883 12
9884 12
9885 12
9886 12
9887 12
9888 12
9889 12
9890 12
9891 12
9892 12
9893 12
9894 12
9895 12
9896 12
9897 12
9898 12
9899 12
9900 12
9901 12
9902 12
9903 12
9904 12
9905 12
9906 12
9907 12
9908 12
9909 12
9910 12
9911 12
9912 12
9913 12
9914 12
9915 12
9916 12
9917 12
9918 12
9919 12
9920 12
9921 12
9922 12
9923 12
9924 12
9925 12
9926 12
9927 12
9928 12
9929 12
9930 12
9931 12
9932 12
9933 12
9934 12
9935 12
9936 12
9937 12
9938 12
9939 12
9940 12
9941 12
9942 12
9943 12
9944 12
9945 12
9946 12
9947 12
9948 12
9949 12
9950 12
9951 12
9952 12
9953 12
9954 12
9955 12
9956 12
9957 12
9958 12
9959 12
9960 12
9961 12
9962 12
9963 12
9964 12
9965 12
9966 12
9967 12
9968 12
9969 12
9970 12
9971 12
9972 12
9973 12
9974 12
9975 12
9976 12
9977 12
9978 12
9979 12
9980 12
9981 12
9982 12
9983 12
9984 12
9985 12
9986 12
9987 12
9988 12
9989 12
9990 12
9991 12
9992 12
9993 12
9994 12
9995 12
9996 12
9997 12
9998 12
9999 12
10000 12
