10 1
11 1
12 1
13 1
14 1
15 1
16 1
17 1
18 1
19 1
20 1
21 1
22 1
23 1
24 1
25 1
26 1
27 1
28 1
29 2
30 2
31 2
32 2
33 2
34 2
35 2
36 2
37 2
38 2
39 2
40 2
41 2
42 2
43 2
44 2
45 2
46 2
47 2
48 2
49 2
50 2
51 2
52 2
53 2
54 2
55 2
56 2
57 2
58 2
59 2
60 2
61 2
62 2
63 2
64 2
65 2
66 2
67 2
68 2
69 2
70 2
71 2
72 2
73 2
74 2
75 2
76 2
77 2
78 2
79 2
80 2
81 2
82 2
83 2
84 2
85 2
86 2
87 2
88 2
89 2
90 2
91 2
92 2
93 2
94 2
95 2
96 2
97 2
98 3
99 3
100 3
101 3
102 3
103 3
104 3
105 3
106 3
107 3
108 3
109 3
110 3
111 3
112 3
113 3
114 3
115 3
116 3
117 3
118 3
119 3
120 3
121 3
122 3
123 3
124 3
125 3
126 3
127 3
128 3
129 3
130 3
131 3
132 3
133 3
134 3
135 3
136 3
137 3
138 3
139 3
140 3
141 3
142 3
143 3
144 3
145 3
146 3
147 3
148 3
149 3
150 3
151 3
152 3
153 3
154 3
155 3
156 3
157 3
158 3
159 3
160 3
161 3
162 3
163 3
164 3
165 3
166 3
167 3
168 3
169 3
170 3
171 3
172 3
173 3
174 3
175 3
176 3
177 3
178 3
179 3
180 3
181 3
182 3
183 3
184 3
185 3
186 3
187 3
188 3
189 3
190 3
191 3
192 3
193 3
194 3
195 3
196 3
197 3
198 3
199 3
200 3
201 3
202 3
203 3
204 3
205 3
206 3
207 3
208 3
209 3
210 4
211 4
212 4
213 4
214 4
215 4
216 4
217 4
218 4
219 4
220 4
221 4
222 4
223 4
224 4
225 4
226 4
227 4
228 4
229 4
230 4
231 4
232 4
233 4
234 4
235 4
236 4
237 4
238 4
239 4
240 4
241 4
242 4
243 4
244 4
245 4
246 4
247 4
248 4
249 4
250 4
251 4
252 4
253 4
254 4
255 4
256 4
257 4
258 4
259 4
260 4
261 4
262 4
263 4
264 4
265 4
266 4
267 4
268 4
269 4
270 4
271 4
272 4
273 4
274 4
275 4
276 4
277 4
278 4
279 4
280 4
281 4
282 4
283 4
284 4
285 4
286 4
287 4
288 4
289 4
290 4
291 4
292 4
293 4
294 4
295 4
296 4
297 4
298 4
299 4
300 4
301 4
302 4
303 4
304 4
305 4
306 4
307 4
308 4
309 4
310 4
311 4
312 4
313 4
314 4
315 4
316 4
317 4
318 4
319 4
320 4
321 4
322 4
323 4
324 4
325 4
326 4
327 4
328 4
329 4
330 4
331 4
332 4
333 4
334 4
335 4
336 4
337 4
338 4
339 4
340 4
341 4
342 4
343 4
344 4
345 4
346 4
347 4
348 4
349 4
350 4
351 4
352 4
353 4
354 4
355 4
356 4
357 4
358 4
359 4
360 4
361 4
362 4
363 4
364 4
365 4
366 4
367 4
368 4
369 4
370 4
371 4
372 4
373 4
374 4
375 4
376 4
377 4
378 4
379 4
380 4
381 4
382 4
383 4
384 4
385 4
386 4
387 4
388 4
389 4
390 4
391 4
392 4
393 4
394 4
395 4
396 4
397 4
398 4
399 4
400 4
401 4
402 4
403 4
404 4
405 4
406 4
407 4
408 4
409 4
410 4
411 4
412 4
413 4
414 4
415 4
416 4
417 4
418 4
419 4
420 4
421 4
422 4
423 4
424 4
425 4
426 4
427 4
428 4
429 4
430 4
431 4
432 4
433 5
434 5
435 5
436 5
437 5
438 5
439 5
440 5
441 5
442 5
443 5
444 5
445 5
446 5
447 5
448 5
449 5
450 5
451 5
452 5
453 5
454 5
455 5
456 5
457 5
458 5
459 5
460 5
461 5
462 5
463 5
464 5
465 5
466 5
467 5
468 5
469 5
470 5
471 5
472 5
473 5
474 5
475 5
476 5
477 5
478 5
479 5
480 5
481 5
482 5
483 5
484 5
485 5
486 5
487 5
488 5
489 5
490 5
491 5
492 5
493 5
494 5
495 5
496 5
497 5
498 5
499 5
500 5
501 5
502 5
503 5
504 5
505 5
506 5
507 5
508 5
509 5
510 5
511 5
512 5
513 5
514 5
515 5
516 5
517 6
518 6
519 6
520 6
521 6
522 6
523 6
524 6
525 6
526 6
527 6
528 6
529 6
530 6
531 6
532 6
533 6
534 6
535 6
536 6
537 6
538 6
539 6
540 6
541 6
542 6
543 6
544 6
545 6
546 6
547 6
548 6
549 6
550 6
551 6
552 6
553 6
554 6
555 6
556 6
557 6
558 6
559 6
560 6
561 6
562 6
563 6
564 6
565 6
566 6
567 6
568 6
569 6
570 6
571 6
572 6
573 6
574 6
575 6
576 6
577 6
578 6
579 6
580 6
581 6
582 6
583 6
584 6
585 6
586 6
587 6
588 6
589 6
590 6
591 6
592 6
593 6
594 6
595 6
596 6
597 6
598 6
599 6
600 6
601 6
602 6
603 6
604 6
605 6
606 6
607 6
608 6
609 6
610 6
611 6
612 6
613 6
614 6
615 6
616 6
617 6
618 6
619 6
620 6
621 6
622 6
623 6
624 6
625 6
626 6
627 6
628 6
629 6
630 6
631 6
632 6
633 6
634 6
635 6
636 6
637 6
638 6
639 6
640 6
641 6
642 6
643 6
644 6
645 6
646 6
647 6
648 6
649 6
650 6
651 6
652 6
653 6
654 6
655 6
656 6
657 6
658 6
659 6
660 6
661 6
662 6
663 6
664 6
665 6
666 6
667 6
668 6
669 6
670 6
671 6
672 6
673 6
674 6
675 6
676 6
677 6
678 6
679 6
680 6
681 6
682 6
683 6
684 6
685 6
686 6
687 6
688 6
689 6
690 6
691 6
692 6
693 6
694 6
695 6
696 6
697 6
698 6
699 6
700 6
701 6
702 6
703 6
704 6
705 6
706 6
707 6
708 6
709 6
710 6
711 6
712 6
713 6
714 6
715 6
716 6
717 6
718 6
719 6
720 6
721 6
722 6
723 6
724 6
725 6
726 6
727 6
728 6
729 6
730 6
731 6
732 6
733 6
734 6
735 6
736 6
737 6
738 6
739 6
740 6
741 6
742 6
743 6
744 6
745 6
746 6
747 6
748 6
749 6
750 6
751 6
752 6
753 6
754 6
755 6
756 6
757 6
758 6
759 6
760 6
761 6
762 6
763 6
764 6
765 6
766 6
767 6
768 6
769 6
770 6
771 6
772 6
773 6
774 6
775 6
776 6
777 6
778 6
779 6
780 6
781 6
782 6
783 6
784 6
785 6
786 6
787 6
788 6
789 6
790 6
791 6
792 6
793 6
794 6
795 6
796 6
797 6
798 6
799 6
800 6
801 6
802 6
803 6
804 6
805 6
806 6
807 6
808 6
809 6
810 6
811 6
812 6
813 6
814 6
815 6
816 6
817 6
818 6
819 6
820 6
821 6
822 6
823 6
824 6
825 6
826 6
827 6
828 6
829 6
830 6
831 6
832 6
833 6
834 6
835 6
836 6
837 6
838 6
839 6
840 6
841 6
842 6
843 6
844 6
845 6
846 6
847 6
848 6
849 6
850 6
851 6
852 6
853 6
854 6
855 6
856 6
857 6
858 6
859 6
860 6
861 6
862 6
863 6
864 6
865 6
866 6
867 6
868 6
869 6
870 6
871 6
872 6
873 6
874 6
875 6
876 6
877 6
878 6
879 6
880 7
881 7
882 7
883 7
884 7
885 7
886 7
887 7
888 7
889 7
890 7
891 7
892 7
893 7
894 7
895 7
896 7
897 7
898 7
899 7
900 7
901 7
902 7
903 7
904 7
905 7
906 7
907 7
908 7
909 7
910 7
911 7
912 7
913 7
914 7
915 7
916 7
917 7
918 7
919 7
920 7
921 7
922 7
923 7
924 7
925 7
926 7
927 7
928 7
929 7
930 7
931 7
932 7
933 7
934 7
935 7
936 7
937 7
938 7
939 7
940 7
941 7
942 7
943 7
944 7
945 7
946 7
947 7
948 7
949 7
950 7
951 7
952 7
953 7
954 7
955 7
956 7
957 7
958 7
959 7
960 7
961 7
962 7
963 7
964 7
965 7
966 7
967 7
968 7
969 7
970 7
971 7
972 7
973 7
974 7
975 7
976 7
977 7
978 7
979 7
980 7
981 7
982 7
983 7
984 7
985 7
986 7
987 7
988 7
989 7
990 7
991 7
992 7
993 7
994 7
995 7
996 7
997 7
998 7
999 7
1000 7
1001 7
1002 7
1003 7
1004 7
1005 7
1006 7
1007 7
1008 7
1009 7
1010 7
1011 7
1012 7
1013 7
1014 7
1015 7
1016 7
1017 7
1018 7
1019 7
1020 7
1021 7
1022 7
1023 7
1024 7
1025 8
1026 8
1027 8
1028 8
1029 8
1030 8
1031 8
1032 8
1033 8
1034 8
1035 8
1036 8
1037 8
1038 8
1039 8
1040 8
1041 8
1042 8
1043 8
1044 8
1045 8
1046 8
1047 8
1048 8
1049 9
1050 9
1051 9
1052 9
1053 9
1054 9
1055 9
1056 9
1057 9
1058 9
1059 9
1060 9
1061 9
1062 9
1063 9
1064 9
1065 9
1066 9
1067 9
1068 9
1069 9
1070 9
1071 9
1072 9
1073 9
1074 9
1075 9
1076 9
1077 9
1078 9
1079 9
1080 9
1081 9
1082 9
1083 9
1084 9
1085 9
1086 9
1087 9
1088 9
1089 9
1090 9
1091 9
1092 9
1093 9
1094 9
1095 9
1096 9
1097 9
1098 9
1099 9
1100 9
1101 9
1102 9
1103 9
1104 9
1105 9
1106 9
1107 9
1108 9
1109 9
1110 9
1111 9
1112 9
1113 9
1114 9
1115 9
1116 9
1117 9
1118 9
1119 9
1120 9
1121 9
1122 9
1123 9
1124 9
1125 9
1126 9
1127 9
1128 9
1129 9
1130 9
1131 9
1132 9
1133 9
1134 9
1135 9
1136 9
1137 9
1138 9
1139 9
1140 9
1141 9
1142 9
1143 9
1144 9
1145 9
1146 9
1147 9
1148 9
1149 9
1150 9
1151 9
1152 9
1153 9
1154 9
1155 9
1156 9
1157 9
1158 9
1159 9
1160 9
1161 9
1162 9
1163 9
1164 9
1165 9
1166 9
1167 9
1168 9
1169 9
1170 9
1171 9
1172 9
1173 9
1174 9
1175 9
1176 9
1177 9
1178 9
1179 9
1180 9
1181 9
1182 9
1183 9
1184 9
1185 9
1186 9
1187 9
1188 9
1189 9
1190 9
1191 9
1192 9
1193 9
1194 9
1195 9
1196 9
1197 9
1198 9
1199 9
1200 9
1201 9
1202 9
1203 9
1204 9
1205 9
1206 9
1207 9
1208 9
1209 9
1210 9
1211 9
1212 9
1213 9
1214 9
1215 9
1216 9
1217 9
1218 9
1219 9
1220 9
1221 9
1222 9
1223 9
1224 9
1225 9
1226 9
1227 9
1228 9
1229 9
1230 9
1231 9
1232 9
1233 9
1234 9
1235 9
1236 9
1237 9
1238 9
1239 9
1240 9
1241 9
1242 9
1243 9
1244 9
1245 9
1246 9
1247 9
1248 9
1249 9
1250 9
1251 9
1252 9
1253 9
1254 9
1255 9
1256 9
1257 9
1258 9
1259 9
1260 9
1261 9
1262 9
1263 9
1264 9
1265 9
1266 9
1267 9
1268 9
1269 9
1270 9
1271 9
1272 9
1273 9
1274 9
1275 9
1276 9
1277 9
1278 9
1279 9
1280 9
1281 9
1282 9
1283 9
1284 9
1285 9
1286 9
1287 9
1288 9
1289 9
1290 9
1291 9
1292 9
1293 9
1294 9
1295 9
1296 9
1297 9
1298 9
1299 9
1300 9
1301 9
1302 9
1303 9
1304 9
1305 9
1306 9
1307 9
1308 9
1309 9
1310 9
1311 9
1312 9
1313 9
1314 9
1315 9
1316 9
1317 9
1318 9
1319 9
1320 9
1321 9
1322 9
1323 9
1324 9
1325 9
1326 9
1327 9
1328 9
1329 9
1330 9
1331 9
1332 9
1333 9
1334 9
1335 9
1336 9
1337 9
1338 9
1339 9
1340 9
1341 9
1342 9
1343 9
1344 9
1345 9
1346 9
1347 10
1348 10
1349 10
1350 10
1351 10
1352 10
1353 10
1354 10
1355 10
1356 10
1357 10
1358 10
1359 10
1360 10
1361 10
1362 10
1363 10
1364 10
1365 10
1366 10
1367 10
1368 10
1369 10
1370 10
1371 10
1372 10
1373 10
1374 10
1375 10
1376 10
1377 10
1378 10
1379 10
1380 10
1381 10
1382 10
1383 10
1384 10
1385 10
1386 10
1387 10
1388 10
1389 10
1390 10
1391 10
1392 10
1393 10
1394 10
1395 10
1396 10
1397 10
1398 10
1399 10
1400 10
1401 10
1402 10
1403 10
1404 10
1405 10
1406 10
1407 10
1408 10
1409 10
1410 10
1411 10
1412 10
1413 10
1414 10
1415 10
1416 10
1417 10
1418 10
1419 10
1420 10
1421 10
1422 10
1423 10
1424 10
1425 10
1426 10
1427 10
1428 10
1429 10
1430 10
1431 10
1432 10
1433 10
1434 10
1435 10
1436 10
1437 10
1438 10
1439 10
1440 10
1441 10
1442 10
1443 10
1444 10
1445 10
1446 10
1447 10
1448 10
1449 10
1450 10
1451 10
1452 10
1453 10
1454 10
1455 10
1456 10
1457 10
1458 10
1459 10
1460 10
1461 10
1462 10
1463 10
1464 10
1465 10
1466 10
1467 10
1468 10
1469 10
1470 10
1471 10
1472 10
1473 10
1474 10
1475 10
1476 10
1477 10
1478 10
1479 10
1480 10
1481 10
1482 10
1483 10
1484 11
1485 11
1486 11
1487 11
1488 11
1489 11
1490 11
1491 11
1492 11
1493 11
1494 11
1495 11
1496 11
1497 11
1498 11
1499 11
1500 11
1501 11
1502 11
1503 11
1504 11
1505 11
1506 11
1507 11
1508 11
1509 11
1510 11
1511 11
1512 11
1513 11
1514 11
1515 11
1516 11
1517 11
1518 11
1519 11
1520 11
1521 11
1522 11
1523 11
1524 11
1525 11
1526 11
1527 11
1528 11
1529 11
1530 11
1531 11
1532 11
1533 11
1534 11
1535 11
1536 11
1537 11
1538 11
1539 11
1540 11
1541 11
1542 11
1543 11
1544 11
1545 11
1546 11
1547 11
1548 11
1549 11
1550 11
1551 11
1552 11
1553 11
1554 11
1555 11
1556 11
1557 11
1558 11
1559 11
1560 11
1561 11
1562 11
1563 11
1564 11
1565 11
1566 11
1567 11
1568 11
1569 11
1570 11
1571 11
1572 11
1573 11
1574 11
1575 11
1576 11
1577 11
1578 11
1579 11
1580 11
1581 11
1582 11
1583 11
1584 11
1585 11
1586 11
1587 11
1588 11
1589 11
1590 11
1591 11
1592 11
1593 11
1594 11
1595 11
1596 11
1597 11
1598 11
1599 11
1600 11
1601 11
1602 11
1603 11
1604 11
1605 11
1606 11
1607 11
1608 11
1609 11
1610 11
1611 11
1612 11
1613 11
1614 11
1615 11
1616 11
1617 11
1618 11
1619 11
1620 11
1621 11
1622 11
1623 11
1624 11
1625 11
1626 11
1627 11
1628 11
1629 11
1630 11
1631 11
1632 11
1633 11
1634 11
1635 11
1636 11
1637 11
1638 11
1639 11
1640 11
1641 11
1642 11
1643 11
1644 11
1645 11
1646 11
1647 11
1648 11
1649 11
1650 11
1651 11
1652 11
1653 11
1654 11
1655 11
1656 11
1657 11
1658 11
1659 11
1660 11
1661 11
1662 11
1663 11
1664 11
1665 11
1666 11
1667 11
1668 11
1669 11
1670 11
1671 11
1672 11
1673 11
1674 11
1675 11
1676 11
1677 11
1678 11
1679 11
1680 11
1681 11
1682 11
1683 11
1684 11
1685 11
1686 11
1687 11
1688 11
1689 11
1690 11
1691 11
1692 11
1693 11
1694 11
1695 11
1696 11
1697 11
1698 11
1699 11
1700 11
1701 11
1702 11
1703 11
1704 11
1705 11
1706 11
1707 11
1708 11
1709 11
1710 11
1711 11
1712 11
1713 11
1714 11
1715 11
1716 11
1717 11
1718 11
1719 11
1720 11
1721 11
1722 11
1723 11
1724 11
1725 11
1726 11
1727 11
1728 11
1729 11
1730 11
1731 11
1732 11
1733 11
1734 11
1735 11
1736 11
1737 11
1738 11
1739 11
1740 11
1741 11
1742 11
1743 11
1744 11
1745 11
1746 11
1747 11
1748 11
1749 11
1750 11
1751 11
1752 11
1753 11
1754 11
1755 11
1756 11
1757 11
1758 12
1759 12
1760 12
1761 12
1762 12
1763 12
1764 12
1765 12
1766 12
1767 12
1768 12
1769 12
1770 12
1771 12
1772 12
1773 12
1774 12
1775 12
1776 12
1777 12
1778 12
1779 12
1780 12
1781 12
1782 12
1783 12
1784 12
1785 12
1786 12
1787 12
1788 12
1789 12
1790 12
1791 12
1792 12
1793 12
1794 12
1795 12
1796 12
1797 12
1798 12
1799 12
1800 12
1801 12
1802 12
1803 12
1804 12
1805 12
1806 12
1807 12
1808 12
1809 12
1810 12
1811 12
1812 12
1813 12
1814 12
1815 12
1816 12
1817 12
1818 12
1819 12
1820 12
1821 12
1822 12
1823 12
1824 12
1825 12
1826 12
1827 12
1828 12
1829 12
1830 12
1831 12
1832 12
1833 12
1834 12
1835 12
1836 12
1837 12
1838 12
1839 12
1840 12
1841 12
1842 12
1843 12
1844 12
1845 13
1846 13
1847 13
1848 13
1849 13
1850 13
1851 13
1852 13
1853 13
1854 13
1855 13
1856 13
1857 14
1858 14
1859 14
1860 14
1861 14
1862 14
1863 14
1864 14
1865 14
1866 14
1867 14
1868 14
1869 14
1870 14
1871 14
1872 14
1873 14
1874 14
1875 14
1876 14
1877 14
1878 14
1879 14
1880 14
1881 14
1882 15
1883 15
1884 15
1885 15
1886 15
1887 15
1888 15
1889 15
1890 15
1891 15
1892 15
1893 15
1894 15
1895 15
1896 15
1897 15
1898 15
1899 15
1900 15
1901 15
1902 15
1903 15
1904 15
1905 15
1906 15
1907 15
1908 15
1909 15
1910 15
1911 15
1912 15
1913 15
1914 15
1915 15
1916 15
1917 15
1918 15
1919 15
1920 15
1921 15
1922 15
1923 15
1924 15
1925 15
1926 15
1927 15
1928 15
1929 15
1930 15
1931 15
1932 15
1933 15
1934 15
1935 15
1936 15
1937 15
1938 15
1939 15
1940 15
1941 15
1942 15
1943 15
1944 15
1945 15
1946 15
1947 15
1948 15
1949 15
1950 15
1951 15
1952 15
1953 15
1954 15
1955 15
1956 15
1957 15
1958 15
1959 15
1960 15
1961 15
1962 15
1963 15
1964 15
1965 15
1966 15
1967 15
1968 15
1969 15
1970 15
1971 15
1972 15
1973 15
1974 15
1975 15
1976 15
1977 15
1978 15
1979 15
1980 15
1981 15
1982 15
1983 15
1984 15
1985 15
1986 15
1987 15
1988 15
1989 15
1990 15
1991 15
1992 15
1993 15
1994 15
1995 15
1996 15
1997 15
1998 15
1999 15
2000 15
2001 15
2002 15
2003 15
2004 15
2005 15
2006 15
2007 15
2008 15
2009 15
2010 15
2011 15
2012 15
2013 15
2014 15
2015 15
2016 15
2017 15
2018 15
2019 15
2020 15
2021 15
2022 15
2023 15
2024 15
2025 15
2026 15
2027 15
2028 15
2029 15
2030 15
2031 15
2032 15
2033 15
2034 15
2035 15
2036 15
2037 15
2038 15
2039 15
2040 15
2041 15
2042 15
2043 15
2044 15
2045 15
2046 15
2047 15
2048 15
2049 15
2050 15
2051 15
2052 15
2053 15
2054 15
2055 15
2056 15
2057 15
2058 15
2059 15
2060 15
2061 15
2062 15
2063 15
2064 15
2065 15
2066 15
2067 15
2068 15
2069 15
2070 15
2071 15
2072 15
2073 15
2074 15
2075 15
2076 15
2077 15
2078 15
2079 15
2080 15
2081 15
2082 15
2083 15
2084 15
2085 15
2086 15
2087 15
2088 15
2089 15
2090 15
2091 15
2092 15
2093 15
2094 15
2095 15
2096 15
2097 15
2098 15
2099 15
2100 15
2101 15
2102 15
2103 15
2104 15
2105 15
2106 15
2107 15
2108 15
2109 15
2110 15
2111 15
2112 15
2113 15
2114 15
2115 15
2116 15
2117 15
2118 15
2119 15
2120 15
2121 15
2122 15
2123 15
2124 15
2125 15
2126 15
2127 15
2128 15
2129 15
2130 15
2131 15
2132 15
2133 15
2134 15
2135 15
2136 15
2137 15
2138 15
2139 15
2140 15
2141 15
2142 15
2143 15
2144 15
2145 15
2146 15
2147 15
2148 15
2149 15
2150 15
2151 15
2152 15
2153 15
2154 15
2155 15
2156 15
2157 15
2158 15
2159 15
2160 15
2161 15
2162 15
2163 15
2164 15
2165 15
2166 15
2167 15
2168 15
2169 15
2170 15
2171 15
2172 15
2173 15
2174 15
2175 15
2176 15
2177 15
2178 15
2179 15
2180 15
2181 15
2182 15
2183 15
2184 15
2185 15
2186 15
2187 15
2188 15
2189 15
2190 15
2191 15
2192 15
2193 15
2194 15
2195 15
2196 15
2197 15
2198 15
2199 15
2200 15
2201 15
2202 15
2203 15
2204 15
2205 15
2206 15
2207 15
2208 15
2209 15
2210 15
2211 15
2212 15
2213 15
2214 15
2215 15
2216 15
2217 15
2218 15
2219 15
2220 15
2221 15
2222 15
2223 15
2224 15
2225 15
2226 15
2227 15
2228 15
2229 15
2230 15
2231 15
2232 15
2233 15
2234 15
2235 15
2236 15
2237 15
2238 15
2239 15
2240 15
2241 15
2242 15
2243 15
2244 15
2245 15
2246 15
2247 15
2248 15
2249 15
2250 15
2251 15
2252 15
2253 15
2254 15
2255 15
2256 15
2257 15
2258 15
2259 15
2260 15
2261 15
2262 15
2263 15
2264 15
2265 15
2266 15
2267 15
2268 15
2269 15
2270 15
2271 15
2272 15
2273 15
2274 15
2275 15
2276 15
2277 15
2278 15
2279 15
2280 15
2281 15
2282 15
2283 15
2284 15
2285 15
2286 15
2287 15
2288 15
2289 15
2290 15
2291 15
2292 15
2293 15
2294 15
2295 15
2296 15
2297 15
2298 15
2299 15
2300 15
2301 15
2302 15
2303 15
2304 15
2305 15
2306 15
2307 15
2308 15
2309 15
2310 15
2311 15
2312 15
2313 15
2314 15
2315 15
2316 15
2317 15
2318 15
2319 15
2320 15
2321 15
2322 15
2323 15
2324 15
2325 15
2326 15
2327 15
2328 15
2329 15
2330 15
2331 15
2332 15
2333 15
2334 15
2335 15
2336 15
2337 15
2338 15
2339 15
2340 15
2341 15
2342 15
2343 15
2344 15
2345 15
2346 15
2347 15
2348 15
2349 15
2350 15
2351 15
2352 15
2353 15
2354 15
2355 15
2356 15
2357 15
2358 15
2359 15
2360 15
2361 15
2362 15
2363 15
2364 15
2365 15
2366 15
2367 15
2368 15
2369 15
2370 15
2371 15
2372 15
2373 15
2374 15
2375 15
2376 15
2377 15
2378 15
2379 15
2380 15
2381 15
2382 15
2383 15
2384 15
2385 15
2386 15
2387 15
2388 15
2389 15
2390 15
2391 15
2392 15
2393 15
2394 15
2395 15
2396 15
2397 15
2398 15
2399 15
2400 15
2401 15
2402 15
2403 15
2404 15
2405 15
2406 15
2407 15
2408 15
2409 15
2410 15
2411 15
2412 15
2413 15
2414 15
2415 15
2416 15
2417 15
2418 15
2419 15
2420 15
2421 15
2422 15
2423 15
2424 15
2425 15
2426 15
2427 15
2428 15
2429 15
2430 15
2431 15
2432 15
2433 15
2434 15
2435 15
2436 15
2437 15
2438 15
2439 15
2440 15
2441 15
2442 15
2443 15
2444 15
2445 15
2446 15
2447 15
2448 15
2449 15
2450 15
2451 15
2452 15
2453 15
2454 15
2455 15
2456 15
2457 15
2458 15
2459 15
2460 15
2461 15
2462 15
2463 15
2464 15
2465 15
2466 15
2467 15
2468 15
2469 15
2470 15
2471 15
2472 15
2473 15
2474 15
2475 15
2476 15
2477 15
2478 15
2479 15
2480 15
2481 15
2482 15
2483 15
2484 15
2485 15
2486 15
2487 15
2488 15
2489 15
2490 15
2491 15
2492 15
2493 15
2494 15
2495 15
2496 15
2497 15
2498 15
2499 15
2500 15
2501 15
2502 15
2503 15
2504 15
2505 15
2506 15
2507 15
2508 15
2509 15
2510 15
2511 15
2512 15
2513 15
2514 15
2515 15
2516 15
2517 15
2518 15
2519 15
2520 15
2521 15
2522 15
2523 15
2524 15
2525 15
2526 15
2527 15
2528 15
2529 15
2530 15
2531 15
2532 15
2533 15
2534 15
2535 15
2536 15
2537 15
2538 15
2539 15
2540 15
2541 15
2542 15
2543 15
2544 15
2545 15
2546 15
2547 15
2548 15
2549 15
2550 15
2551 15
2552 15
2553 15
2554 15
2555 15
2556 15
2557 15
2558 15
2559 15
2560 15
2561 15
2562 15
2563 15
2564 15
2565 15
2566 15
2567 15
2568 15
2569 15
2570 15
2571 15
2572 15
2573 15
2574 15
2575 15
2576 15
2577 15
2578 15
2579 15
2580 15
2581 15
2582 15
2583 15
2584 15
2585 15
2586 15
2587 15
2588 15
2589 15
2590 15
2591 15
2592 15
2593 15
2594 15
2595 15
2596 15
2597 15
2598 15
2599 15
2600 15
2601 15
2602 15
2603 15
2604 15
2605 15
2606 15
2607 15
2608 15
2609 15
2610 15
2611 15
2612 15
2613 15
2614 15
2615 15
2616 15
2617 15
2618 15
2619 15
2620 15
2621 15
2622 15
2623 15
2624 15
2625 15
2626 15
2627 15
2628 15
2629 15
2630 15
2631 15
2632 15
2633 15
2634 15
2635 15
2636 15
2637 15
2638 15
2639 15
2640 15
2641 15
2642 15
2643 15
2644 15
2645 15
2646 15
2647 15
2648 15
2649 15
2650 15
2651 15
2652 15
2653 15
2654 15
2655 15
2656 15
2657 15
2658 15
2659 15
2660 15
2661 15
2662 15
2663 15
2664 15
2665 15
2666 15
2667 15
2668 15
2669 15
2670 15
2671 15
2672 15
2673 15
2674 15
2675 15
2676 15
2677 15
2678 15
2679 15
2680 15
2681 15
2682 15
2683 15
2684 15
2685 15
2686 15
2687 15
2688 15
2689 15
2690 15
2691 15
2692 15
2693 15
2694 15
2695 15
2696 15
2697 15
2698 15
2699 15
2700 15
2701 15
2702 15
2703 15
2704 15
2705 15
2706 15
2707 15
2708 15
2709 15
2710 15
2711 15
2712 15
2713 15
2714 15
2715 15
2716 15
2717 15
2718 15
2719 15
2720 15
2721 15
2722 15
2723 15
2724 15
2725 15
2726 15
2727 15
2728 15
2729 15
2730 15
2731 15
2732 15
2733 15
2734 15
2735 15
2736 15
2737 15
2738 15
2739 15
2740 15
2741 15
2742 15
2743 15
2744 15
2745 15
2746 15
2747 15
2748 15
2749 15
2750 15
2751 15
2752 15
2753 15
2754 15
2755 15
2756 15
2757 15
2758 15
2759 15
2760 15
2761 15
2762 15
2763 15
2764 15
2765 15
2766 15
2767 15
2768 15
2769 15
2770 15
2771 15
2772 15
2773 15
2774 15
2775 15
2776 15
2777 15
2778 15
2779 15
2780 15
2781 15
2782 15
2783 15
2784 15
2785 15
2786 15
2787 15
2788 15
2789 15
2790 15
2791 15
2792 15
2793 15
2794 15
2795 15
2796 15
2797 15
2798 15
2799 15
2800 15
2801 15
2802 15
2803 15
2804 15
2805 15
2806 15
2807 15
2808 15
2809 15
2810 15
2811 15
2812 15
2813 15
2814 15
2815 15
2816 15
2817 16
2818 16
2819 16
2820 16
2821 16
2822 16
2823 16
2824 16
2825 16
2826 16
2827 16
2828 16
2829 16
2830 16
2831 16
2832 16
2833 16
2834 16
2835 16
2836 16
2837 16
2838 16
2839 16
2840 16
2841 16
2842 16
2843 16
2844 16
2845 16
2846 16
2847 16
2848 16
2849 16
2850 16
2851 16
2852 16
2853 16
2854 16
2855 16
2856 16
2857 16
2858 16
2859 16
2860 16
2861 16
2862 16
2863 16
2864 16
2865 16
2866 16
2867 16
2868 16
2869 16
2870 16
2871 16
2872 16
2873 16
2874 16
2875 16
2876 16
2877 16
2878 16
2879 16
2880 16
2881 16
2882 16
2883 16
2884 16
2885 16
2886 16
2887 16
2888 16
2889 16
2890 16
2891 16
2892 16
2893 16
2894 16
2895 16
2896 16
2897 16
2898 16
2899 16
2900 16
2901 16
2902 16
2903 16
2904 16
2905 16
2906 16
2907 16
2908 16
2909 16
2910 16
2911 16
2912 16
2913 16
2914 16
2915 16
2916 16
2917 16
2918 16
2919 16
2920 16
2921 16
2922 16
2923 16
2924 16
2925 16
2926 16
2927 16
2928 16
2929 16
2930 16
2931 16
2932 16
2933 16
2934 16
2935 16
2936 16
2937 16
2938 16
2939 16
2940 16
2941 16
2942 16
2943 16
2944 16
2945 16
2946 16
2947 16
2948 16
2949 16
2950 16
2951 16
2952 16
2953 16
2954 16
2955 16
2956 16
2957 16
2958 16
2959 16
2960 16
2961 16
2962 16
2963 16
2964 16
2965 16
2966 16
2967 16
2968 16
2969 16
2970 16
2971 16
2972 16
2973 16
2974 16
2975 16
2976 16
2977 16
2978 16
2979 16
2980 16
2981 16
2982 16
2983 16
2984 16
2985 16
2986 16
2987 16
2988 16
2989 16
2990 16
2991 16
2992 16
2993 16
2994 16
2995 16
2996 16
2997 16
2998 16
2999 16
3000 16
3001 16
3002 16
3003 16
3004 16
3005 16
3006 16
3007 16
3008 16
3009 16
3010 16
3011 16
3012 16
3013 16
3014 16
3015 16
3016 16
3017 16
3018 16
3019 16
3020 16
3021 16
3022 16
3023 16
3024 16
3025 16
3026 16
3027 16
3028 16
3029 16
3030 16
3031 16
3032 16
3033 16
3034 16
3035 16
3036 16
3037 16
3038 16
3039 16
3040 16
3041 16
3042 16
3043 16
3044 16
3045 16
3046 16
3047 16
3048 16
3049 16
3050 16
3051 16
3052 16
3053 16
3054 16
3055 16
3056 16
3057 16
3058 16
3059 16
3060 16
3061 16
3062 16
3063 16
3064 16
3065 16
3066 16
3067 16
3068 16
3069 16
3070 16
3071 16
3072 16
3073 16
3074 16
3075 16
3076 16
3077 16
3078 16
3079 16
3080 16
3081 16
3082 16
3083 16
3084 16
3085 16
3086 16
3087 16
3088 16
3089 16
3090 16
3091 16
3092 16
3093 16
3094 16
3095 16
3096 16
3097 16
3098 16
3099 16
3100 16
3101 16
3102 16
3103 16
3104 16
3105 16
3106 16
3107 16
3108 16
3109 16
3110 16
3111 16
3112 16
3113 16
3114 16
3115 16
3116 16
3117 16
3118 16
3119 16
3120 16
3121 16
3122 16
3123 16
3124 16
3125 16
3126 16
3127 16
3128 16
3129 16
3130 16
3131 16
3132 16
3133 16
3134 16
3135 16
3136 16
3137 16
3138 16
3139 16
3140 16
3141 16
3142 16
3143 16
3144 16
3145 16
3146 16
3147 16
3148 16
3149 16
3150 16
3151 16
3152 16
3153 16
3154 16
3155 16
3156 16
3157 16
3158 16
3159 16
3160 16
3161 16
3162 16
3163 16
3164 16
3165 16
3166 16
3167 16
3168 16
3169 16
3170 16
3171 16
3172 16
3173 16
3174 16
3175 16
3176 16
3177 16
3178 16
3179 16
3180 16
3181 16
3182 16
3183 16
3184 16
3185 16
3186 16
3187 16
3188 16
3189 16
3190 16
3191 16
3192 16
3193 16
3194 16
3195 16
3196 16
3197 16
3198 16
3199 16
3200 16
3201 16
3202 16
3203 16
3204 16
3205 16
3206 16
3207 16
3208 16
3209 16
3210 16
3211 16
3212 16
3213 16
3214 16
3215 16
3216 16
3217 16
3218 16
3219 16
3220 16
3221 16
3222 16
3223 16
3224 16
3225 16
3226 16
3227 16
3228 16
3229 16
3230 16
3231 16
3232 16
3233 16
3234 16
3235 16
3236 16
3237 16
3238 16
3239 16
3240 16
3241 16
3242 16
3243 16
3244 16
3245 16
3246 16
3247 16
3248 16
3249 16
3250 16
3251 16
3252 16
3253 16
3254 16
3255 16
3256 16
3257 16
3258 16
3259 16
3260 16
3261 16
3262 16
3263 16
3264 16
3265 16
3266 16
3267 16
3268 16
3269 16
3270 16
3271 16
3272 16
3273 16
3274 16
3275 16
3276 16
3277 16
3278 16
3279 16
3280 16
3281 16
3282 16
3283 16
3284 16
3285 16
3286 16
3287 16
3288 16
3289 16
3290 16
3291 16
3292 16
3293 16
3294 16
3295 16
3296 16
3297 16
3298 16
3299 16
3300 16
3301 16
3302 16
3303 16
3304 16
3305 16
3306 16
3307 16
3308 16
3309 16
3310 16
3311 16
3312 16
3313 16
3314 16
3315 16
3316 16
3317 16
3318 16
3319 16
3320 16
3321 16
3322 16
3323 16
3324 16
3325 16
3326 16
3327 16
3328 16
3329 16
3330 16
3331 16
3332 16
3333 16
3334 16
3335 16
3336 16
3337 16
3338 16
3339 16
3340 16
3341 16
3342 16
3343 16
3344 16
3345 17
3346 17
3347 17
3348 17
3349 17
3350 17
3351 17
3352 17
3353 17
3354 17
3355 17
3356 17
3357 17
3358 17
3359 17
3360 17
3361 17
3362 17
3363 17
3364 17
3365 17
3366 17
3367 17
3368 17
3369 17
3370 17
3371 17
3372 17
3373 17
3374 17
3375 17
3376 17
3377 17
3378 17
3379 17
3380 17
3381 17
3382 17
3383 17
3384 17
3385 17
3386 17
3387 17
3388 17
3389 17
3390 17
3391 17
3392 17
3393 17
3394 17
3395 17
3396 17
3397 17
3398 17
3399 17
3400 17
3401 17
3402 17
3403 17
3404 17
3405 17
3406 17
3407 17
3408 17
3409 17
3410 17
3411 17
3412 17
3413 17
3414 17
3415 17
3416 17
3417 17
3418 17
3419 17
3420 17
3421 17
3422 17
3423 17
3424 17
3425 17
3426 17
3427 17
3428 17
3429 17
3430 17
3431 17
3432 17
3433 17
3434 17
3435 17
3436 17
3437 17
3438 17
3439 17
3440 17
3441 17
3442 17
3443 17
3444 17
3445 17
3446 17
3447 17
3448 17
3449 17
3450 17
3451 17
3452 17
3453 17
3454 17
3455 17
3456 17
3457 17
3458 17
3459 17
3460 17
3461 17
3462 17
3463 17
3464 17
3465 17
3466 17
3467 17
3468 17
3469 17
3470 17
3471 17
3472 17
3473 17
3474 17
3475 17
3476 17
3477 17
3478 17
3479 17
3480 17
3481 17
3482 17
3483 17
3484 17
3485 17
3486 17
3487 17
3488 17
3489 17
3490 17
3491 17
3492 17
3493 17
3494 17
3495 17
3496 17
3497 17
3498 17
3499 17
3500 17
3501 17
3502 17
3503 17
3504 17
3505 17
3506 17
3507 17
3508 17
3509 17
3510 17
3511 17
3512 17
3513 17
3514 17
3515 17
3516 17
3517 17
3518 17
3519 17
3520 17
3521 17
3522 17
3523 17
3524 17
3525 17
3526 17
3527 17
3528 17
3529 17
3530 17
3531 17
3532 17
3533 17
3534 17
3535 17
3536 17
3537 17
3538 17
3539 17
3540 17
3541 17
3542 17
3543 17
3544 17
3545 17
3546 17
3547 17
3548 17
3549 17
3550 17
3551 17
3552 17
3553 17
3554 17
3555 17
3556 17
3557 17
3558 17
3559 17
3560 17
3561 17
3562 17
3563 17
3564 17
3565 17
3566 17
3567 17
3568 17
3569 17
3570 17
3571 17
3572 17
3573 17
3574 17
3575 17
3576 17
3577 17
3578 17
3579 17
3580 17
3581 17
3582 17
3583 17
3584 17
3585 17
3586 17
3587 17
3588 17
3589 17
3590 17
3591 17
3592 17
3593 17
3594 17
3595 17
3596 17
3597 17
3598 17
3599 17
3600 17
3601 17
3602 17
3603 17
3604 17
3605 17
3606 17
3607 17
3608 17
3609 17
3610 17
3611 17
3612 17
3613 17
3614 17
3615 17
3616 17
3617 17
3618 17
3619 17
3620 17
3621 17
3622 17
3623 17
3624 17
3625 17
3626 17
3627 17
3628 17
3629 17
3630 17
3631 17
3632 17
3633 17
3634 17
3635 17
3636 17
3637 17
3638 17
3639 17
3640 17
3641 17
3642 17
3643 17
3644 17
3645 17
3646 17
3647 17
3648 17
3649 17
3650 17
3651 17
3652 17
3653 17
3654 17
3655 17
3656 17
3657 17
3658 17
3659 17
3660 17
3661 17
3662 17
3663 17
3664 17
3665 17
3666 17
3667 17
3668 17
3669 17
3670 17
3671 17
3672 17
3673 17
3674 17
3675 17
3676 17
3677 17
3678 17
3679 17
3680 17
3681 17
3682 17
3683 17
3684 17
3685 17
3686 17
3687 17
3688 17
3689 17
3690 17
3691 17
3692 17
3693 17
3694 17
3695 17
3696 17
3697 17
3698 17
3699 17
3700 17
3701 17
3702 17
3703 17
3704 17
3705 17
3706 17
3707 17
3708 17
3709 17
3710 17
3711 17
3712 17
3713 17
3714 17
3715 17
3716 17
3717 17
3718 17
3719 17
3720 17
3721 17
3722 17
3723 17
3724 17
3725 17
3726 17
3727 17
3728 17
3729 17
3730 17
3731 17
3732 17
3733 17
3734 17
3735 17
3736 17
3737 17
3738 17
3739 17
3740 17
3741 17
3742 17
3743 17
3744 17
3745 17
3746 17
3747 17
3748 17
3749 17
3750 17
3751 17
3752 17
3753 17
3754 17
3755 17
3756 17
3757 17
3758 17
3759 17
3760 17
3761 17
3762 17
3763 17
3764 17
3765 17
3766 17
3767 17
3768 17
3769 17
3770 17
3771 17
3772 17
3773 17
3774 17
3775 17
3776 17
3777 17
3778 17
3779 17
3780 17
3781 17
3782 17
3783 17
3784 17
3785 17
3786 17
3787 17
3788 17
3789 17
3790 17
3791 17
3792 17
3793 17
3794 17
3795 17
3796 17
3797 17
3798 17
3799 17
3800 17
3801 17
3802 17
3803 17
3804 17
3805 17
3806 17
3807 17
3808 17
3809 17
3810 17
3811 17
3812 17
3813 17
3814 17
3815 17
3816 17
3817 17
3818 17
3819 17
3820 17
3821 17
3822 17
3823 17
3824 17
3825 17
3826 17
3827 17
3828 17
3829 17
3830 17
3831 17
3832 17
3833 17
3834 17
3835 17
3836 17
3837 17
3838 17
3839 17
3840 17
3841 17
3842 17
3843 17
3844 17
3845 17
3846 17
3847 17
3848 17
3849 17
3850 17
3851 17
3852 17
3853 17
3854 17
3855 17
3856 17
3857 17
3858 17
3859 17
3860 17
3861 17
3862 17
3863 17
3864 17
3865 17
3866 17
3867 17
3868 17
3869 17
3870 17
3871 17
3872 17
3873 17
3874 17
3875 17
3876 17
3877 17
3878 17
3879 17
3880 17
3881 17
3882 17
3883 17
3884 18
3885 18
3886 18
3887 18
3888 18
3889 18
3890 18
3891 18
3892 18
3893 18
3894 18
3895 18
3896 18
3897 18
3898 18
3899 18
3900 18
3901 18
3902 18
3903 18
3904 18
3905 18
3906 18
3907 18
3908 18
3909 18
3910 18
3911 18
3912 18
3913 18
3914 18
3915 18
3916 18
3917 18
3918 18
3919 18
3920 18
3921 18
3922 18
3923 18
3924 18
3925 18
3926 18
3927 18
3928 18
3929 18
3930 18
3931 18
3932 18
3933 18
3934 18
3935 18
3936 18
3937 18
3938 18
3939 18
3940 18
3941 18
3942 18
3943 18
3944 18
3945 18
3946 18
3947 18
3948 18
3949 18
3950 18
3951 18
3952 18
3953 18
3954 18
3955 18
3956 18
3957 18
3958 18
3959 18
3960 18
3961 18
3962 18
3963 18
3964 18
3965 18
3966 18
3967 18
3968 18
3969 18
3970 18
3971 18
3972 18
3973 18
3974 18
3975 18
3976 18
3977 18
3978 18
3979 18
3980 18
3981 18
3982 18
3983 18
3984 18
3985 18
3986 18
3987 18
3988 18
3989 18
3990 18
3991 18
3992 18
3993 18
3994 18
3995 18
3996 18
3997 18
3998 18
3999 18
4000 18
4001 18
4002 18
4003 18
4004 18
4005 18
4006 18
4007 18
4008 18
4009 18
4010 18
4011 18
4012 18
4013 18
4014 18
4015 18
4016 18
4017 18
4018 18
4019 18
4020 18
4021 18
4022 18
4023 18
4024 18
4025 18
4026 18
4027 18
4028 18
4029 18
4030 18
4031 18
4032 18
4033 18
4034 18
4035 18
4036 18
4037 18
4038 18
4039 18
4040 18
4041 18
4042 18
4043 18
4044 18
4045 18
4046 18
4047 18
4048 18
4049 18
4050 18
4051 18
4052 18
4053 18
4054 18
4055 18
4056 18
4057 18
4058 18
4059 18
4060 18
4061 18
4062 18
4063 18
4064 18
4065 18
4066 18
4067 18
4068 18
4069 18
4070 18
4071 18
4072 18
4073 18
4074 18
4075 18
4076 18
4077 18
4078 19
4079 19
4080 19
4081 19
4082 19
4083 19
4084 19
4085 19
4086 19
4087 19
4088 19
4089 19
4090 19
4091 19
4092 19
4093 19
4094 19
4095 19
4096 19
4097 19
4098 19
4099 19
4100 19
4101 19
4102 19
4103 19
4104 19
4105 19
4106 19
4107 19
4108 19
4109 19
4110 19
4111 19
4112 19
4113 19
4114 19
4115 19
4116 19
4117 19
4118 19
4119 19
4120 19
4121 19
4122 19
4123 19
4124 19
4125 19
4126 19
4127 19
4128 19
4129 19
4130 19
4131 19
4132 19
4133 19
4134 19
4135 19
4136 19
4137 19
4138 19
4139 19
4140 19
4141 19
4142 19
4143 19
4144 19
4145 19
4146 19
4147 19
4148 19
4149 19
4150 19
4151 19
4152 19
4153 19
4154 19
4155 19
4156 19
4157 19
4158 19
4159 19
4160 19
4161 19
4162 19
4163 19
4164 19
4165 19
4166 19
4167 19
4168 19
4169 19
4170 19
4171 19
4172 19
4173 19
4174 19
4175 19
4176 19
4177 19
4178 19
4179 19
4180 19
4181 19
4182 19
4183 19
4184 19
4185 19
4186 19
4187 19
4188 19
4189 19
4190 19
4191 19
4192 19
4193 19
4194 19
4195 19
4196 19
4197 19
4198 19
4199 19
4200 19
4201 19
4202 19
4203 19
4204 19
4205 19
4206 19
4207 19
4208 19
4209 19
4210 19
4211 19
4212 19
4213 19
4214 19
4215 19
4216 19
4217 19
4218 19
4219 19
4220 19
4221 19
4222 19
4223 19
4224 19
4225 19
4226 19
4227 19
4228 19
4229 19
4230 19
4231 19
4232 19
4233 19
4234 19
4235 19
4236 19
4237 19
4238 19
4239 19
4240 19
4241 19
4242 19
4243 19
4244 19
4245 19
4246 19
4247 19
4248 19
4249 19
4250 19
4251 19
4252 19
4253 19
4254 19
4255 19
4256 19
4257 19
4258 19
4259 19
4260 19
4261 19
4262 19
4263 19
4264 19
4265 19
4266 19
4267 19
4268 19
4269 19
4270 19
4271 19
4272 19
4273 19
4274 19
4275 19
4276 19
4277 19
4278 19
4279 19
4280 19
4281 19
4282 19
4283 19
4284 19
4285 19
4286 19
4287 19
4288 19
4289 19
4290 19
4291 19
4292 19
4293 19
4294 19
4295 19
4296 19
4297 19
4298 19
4299 19
4300 19
4301 19
4302 19
4303 19
4304 19
4305 19
4306 19
4307 19
4308 19
4309 19
4310 19
4311 19
4312 19
4313 19
4314 19
4315 19
4316 19
4317 19
4318 19
4319 19
4320 19
4321 19
4322 19
4323 19
4324 19
4325 19
4326 19
4327 19
4328 19
4329 19
4330 19
4331 19
4332 19
4333 19
4334 19
4335 19
4336 19
4337 19
4338 19
4339 19
4340 19
4341 19
4342 19
4343 19
4344 19
4345 19
4346 19
4347 19
4348 19
4349 19
4350 19
4351 19
4352 19
4353 19
4354 19
4355 19
4356 19
4357 19
4358 19
4359 19
4360 19
4361 19
4362 19
4363 19
4364 19
4365 19
4366 19
4367 19
4368 19
4369 19
4370 19
4371 19
4372 19
4373 19
4374 19
4375 19
4376 19
4377 19
4378 19
4379 19
4380 19
4381 19
4382 19
4383 19
4384 19
4385 19
4386 19
4387 19
4388 19
4389 19
4390 19
4391 19
4392 19
4393 19
4394 19
4395 19
4396 19
4397 19
4398 19
4399 19
4400 19
4401 19
4402 19
4403 19
4404 19
4405 19
4406 19
4407 19
4408 19
4409 19
4410 19
4411 19
4412 19
4413 19
4414 19
4415 19
4416 19
4417 19
4418 19
4419 19
4420 19
4421 19
4422 19
4423 19
4424 19
4425 19
4426 19
4427 19
4428 19
4429 19
4430 19
4431 19
4432 19
4433 19
4434 19
4435 19
4436 19
4437 19
4438 19
4439 19
4440 19
4441 19
4442 19
4443 19
4444 19
4445 19
4446 19
4447 19
4448 19
4449 19
4450 19
4451 19
4452 19
4453 19
4454 19
4455 19
4456 19
4457 19
4458 19
4459 19
4460 19
4461 19
4462 19
4463 19
4464 19
4465 19
4466 19
4467 19
4468 19
4469 19
4470 19
4471 19
4472 19
4473 19
4474 19
4475 19
4476 19
4477 19
4478 19
4479 19
4480 19
4481 19
4482 19
4483 19
4484 19
4485 19
4486 19
4487 19
4488 19
4489 19
4490 19
4491 19
4492 19
4493 19
4494 19
4495 19
4496 19
4497 19
4498 19
4499 19
4500 19
4501 19
4502 19
4503 19
4504 19
4505 19
4506 19
4507 19
4508 19
4509 19
4510 19
4511 19
4512 19
4513 19
4514 19
4515 19
4516 19
4517 19
4518 19
4519 19
4520 19
4521 19
4522 19
4523 19
4524 19
4525 19
4526 19
4527 19
4528 19
4529 19
4530 19
4531 19
4532 19
4533 19
4534 19
4535 19
4536 19
4537 19
4538 19
4539 19
4540 19
4541 19
4542 19
4543 19
4544 19
4545 19
4546 19
4547 19
4548 19
4549 19
4550 19
4551 19
4552 19
4553 19
4554 19
4555 19
4556 19
4557 19
4558 19
4559 19
4560 19
4561 19
4562 19
4563 19
4564 19
4565 19
4566 19
4567 19
4568 19
4569 19
4570 19
4571 19
4572 19
4573 19
4574 19
4575 19
4576 19
4577 19
4578 19
4579 19
4580 19
4581 19
4582 19
4583 19
4584 19
4585 19
4586 19
4587 19
4588 19
4589 19
4590 19
4591 19
4592 19
4593 19
4594 19
4595 19
4596 19
4597 19
4598 19
4599 19
4600 19
4601 19
4602 19
4603 19
4604 19
4605 19
4606 19
4607 19
4608 19
4609 19
4610 19
4611 19
4612 19
4613 19
4614 19
4615 19
4616 19
4617 19
4618 19
4619 19
4620 19
4621 19
4622 19
4623 19
4624 19
4625 19
4626 19
4627 19
4628 19
4629 19
4630 19
4631 19
4632 19
4633 19
4634 19
4635 19
4636 19
4637 19
4638 19
4639 19
4640 19
4641 19
4642 19
4643 19
4644 19
4645 19
4646 19
4647 19
4648 19
4649 19
4650 19
4651 19
4652 19
4653 19
4654 19
4655 19
4656 19
4657 19
4658 19
4659 19
4660 19
4661 19
4662 19
4663 19
4664 19
4665 19
4666 19
4667 19
4668 19
4669 19
4670 19
4671 19
4672 19
4673 19
4674 19
4675 19
4676 19
4677 19
4678 19
4679 19
4680 19
4681 19
4682 19
4683 19
4684 19
4685 19
4686 19
4687 19
4688 19
4689 19
4690 19
4691 19
4692 19
4693 19
4694 19
4695 19
4696 19
4697 19
4698 19
4699 19
4700 19
4701 19
4702 19
4703 19
4704 19
4705 19
4706 19
4707 19
4708 19
4709 19
4710 19
4711 19
4712 19
4713 19
4714 19
4715 19
4716 19
4717 19
4718 19
4719 19
4720 19
4721 19
4722 19
4723 19
4724 19
4725 19
4726 19
4727 19
4728 19
4729 19
4730 19
4731 19
4732 19
4733 19
4734 19
4735 19
4736 19
4737 19
4738 19
4739 19
4740 19
4741 19
4742 19
4743 19
4744 19
4745 19
4746 19
4747 19
4748 19
4749 19
4750 19
4751 19
4752 19
4753 19
4754 19
4755 19
4756 19
4757 19
4758 19
4759 19
4760 19
4761 19
4762 19
4763 19
4764 19
4765 19
4766 19
4767 19
4768 19
4769 19
4770 19
4771 19
4772 19
4773 19
4774 19
4775 19
4776 19
4777 19
4778 19
4779 19
4780 19
4781 19
4782 19
4783 19
4784 19
4785 19
4786 19
4787 19
4788 19
4789 19
4790 19
4791 19
4792 19
4793 19
4794 19
4795 19
4796 19
4797 19
4798 19
4799 19
4800 19
4801 19
4802 19
4803 19
4804 19
4805 19
4806 19
4807 19
4808 19
4809 19
4810 19
4811 19
4812 19
4813 19
4814 19
4815 19
4816 19
4817 19
4818 19
4819 19
4820 19
4821 19
4822 19
4823 19
4824 19
4825 19
4826 19
4827 19
4828 19
4829 19
4830 19
4831 19
4832 19
4833 19
4834 19
4835 19
4836 19
4837 19
4838 19
4839 19
4840 19
4841 19
4842 19
4843 19
4844 19
4845 19
4846 19
4847 19
4848 19
4849 19
4850 19
4851 19
4852 19
4853 19
4854 19
4855 19
4856 19
4857 19
4858 19
4859 19
4860 19
4861 19
4862 19
4863 19
4864 19
4865 19
4866 19
4867 19
4868 19
4869 19
4870 19
4871 19
4872 19
4873 19
4874 19
4875 19
4876 19
4877 19
4878 19
4879 19
4880 19
4881 19
4882 19
4883 19
4884 19
4885 19
4886 19
4887 19
4888 19
4889 19
4890 19
4891 19
4892 19
4893 19
4894 19
4895 19
4896 19
4897 19
4898 19
4899 19
4900 19
4901 19
4902 19
4903 19
4904 19
4905 19
4906 19
4907 19
4908 19
4909 19
4910 19
4911 19
4912 19
4913 19
4914 19
4915 19
4916 19
4917 19
4918 19
4919 19
4920 19
4921 19
4922 19
4923 19
4924 19
4925 19
4926 19
4927 19
4928 19
4929 19
4930 19
4931 19
4932 19
4933 19
4934 19
4935 19
4936 19
4937 19
4938 19
4939 19
4940 19
4941 19
4942 19
4943 19
4944 19
4945 19
4946 19
4947 19
4948 19
4949 19
4950 19
4951 19
4952 19
4953 19
4954 19
4955 19
4956 19
4957 19
4958 19
4959 19
4960 19
4961 19
4962 19
4963 19
4964 19
4965 19
4966 19
4967 19
4968 19
4969 19
4970 19
4971 19
4972 19
4973 19
4974 19
4975 19
4976 19
4977 19
4978 19
4979 19
4980 19
4981 19
4982 19
4983 19
4984 19
4985 19
4986 19
4987 19
4988 19
4989 19
4990 19
4991 19
4992 19
4993 19
4994 19
4995 19
4996 19
4997 19
4998 19
4999 19
5000 19
5001 19
5002 19
5003 19
5004 19
5005 19
5006 19
5007 19
5008 19
5009 19
5010 19
5011 19
5012 19
5013 19
5014 19
5015 19
5016 19
5017 19
5018 19
5019 19
5020 19
5021 19
5022 19
5023 19
5024 19
5025 19
5026 19
5027 19
5028 19
5029 19
5030 19
5031 19
5032 19
5033 19
5034 19
5035 19
5036 19
5037 19
5038 19
5039 19
5040 19
5041 19
5042 19
5043 19
5044 19
5045 19
5046 19
5047 19
5048 19
5049 19
5050 19
5051 19
5052 19
5053 19
5054 19
5055 19
5056 19
5057 19
5058 19
5059 19
5060 19
5061 19
5062 19
5063 19
5064 19
5065 19
5066 19
5067 19
5068 19
5069 19
5070 19
5071 19
5072 19
5073 19
5074 19
5075 19
5076 19
5077 19
5078 19
5079 19
5080 19
5081 19
5082 19
5083 19
5084 19
5085 19
5086 19
5087 19
5088 19
5089 19
5090 19
5091 19
5092 19
5093 19
5094 19
5095 19
5096 19
5097 19
5098 19
5099 19
5100 19
5101 19
5102 19
5103 19
5104 19
5105 19
5106 19
5107 19
5108 19
5109 19
5110 19
5111 19
5112 19
5113 19
5114 19
5115 19
5116 19
5117 19
5118 19
5119 19
5120 19
5121 19
5122 19
5123 19
5124 19
5125 19
5126 19
5127 19
5128 19
5129 19
5130 19
5131 19
5132 19
5133 19
5134 19
5135 19
5136 19
5137 19
5138 19
5139 19
5140 19
5141 19
5142 19
5143 19
5144 19
5145 19
5146 19
5147 19
5148 19
5149 19
5150 19
5151 19
5152 19
5153 19
5154 19
5155 19
5156 19
5157 19
5158 19
5159 19
5160 19
5161 19
5162 19
5163 19
5164 19
5165 19
5166 19
5167 19
5168 19
5169 19
5170 19
5171 19
5172 19
5173 19
5174 19
5175 19
5176 19
5177 19
5178 19
5179 19
5180 19
5181 19
5182 19
5183 19
5184 19
5185 19
5186 19
5187 19
5188 19
5189 19
5190 19
5191 19
5192 19
5193 19
5194 19
5195 19
5196 19
5197 19
5198 19
5199 19
5200 19
5201 19
5202 19
5203 19
5204 19
5205 19
5206 19
5207 19
5208 19
5209 19
5210 19
5211 19
5212 19
5213 19
5214 19
5215 19
5216 19
5217 19
5218 19
5219 19
5220 19
5221 19
5222 19
5223 19
5224 19
5225 19
5226 19
5227 19
5228 19
5229 19
5230 19
5231 19
5232 19
5233 19
5234 19
5235 19
5236 19
5237 19
5238 19
5239 19
5240 19
5241 19
5242 19
5243 19
5244 19
5245 19
5246 19
5247 19
5248 19
5249 19
5250 19
5251 19
5252 19
5253 19
5254 19
5255 19
5256 19
5257 19
5258 19
5259 19
5260 19
5261 19
5262 19
5263 19
5264 19
5265 19
5266 19
5267 19
5268 19
5269 19
5270 19
5271 19
5272 19
5273 19
5274 19
5275 19
5276 19
5277 19
5278 19
5279 19
5280 19
5281 19
5282 19
5283 19
5284 19
5285 19
5286 19
5287 19
5288 19
5289 19
5290 19
5291 19
5292 19
5293 19
5294 19
5295 19
5296 19
5297 19
5298 19
5299 19
5300 19
5301 19
5302 19
5303 19
5304 19
5305 19
5306 19
5307 19
5308 19
5309 19
5310 19
5311 19
5312 19
5313 19
5314 19
5315 19
5316 19
5317 19
5318 19
5319 19
5320 19
5321 19
5322 19
5323 19
5324 19
5325 19
5326 19
5327 19
5328 19
5329 19
5330 19
5331 19
5332 19
5333 19
5334 19
5335 19
5336 19
5337 19
5338 19
5339 19
5340 19
5341 19
5342 19
5343 19
5344 19
5345 19
5346 20
5347 20
5348 20
5349 20
5350 20
5351 20
5352 20
5353 20
5354 20
5355 20
5356 20
5357 20
5358 20
5359 20
5360 20
5361 20
5362 20
5363 20
5364 20
5365 20
5366 20
5367 20
5368 20
5369 20
5370 20
5371 20
5372 20
5373 20
5374 20
5375 20
5376 20
5377 20
5378 20
5379 20
5380 20
5381 20
5382 20
5383 20
5384 20
5385 20
5386 20
5387 20
5388 20
5389 20
5390 20
5391 20
5392 20
5393 20
5394 20
5395 20
5396 20
5397 20
5398 20
5399 20
5400 20
5401 20
5402 20
5403 20
5404 20
5405 20
5406 20
5407 20
5408 20
5409 20
5410 20
5411 20
5412 20
5413 20
5414 20
5415 20
5416 20
5417 20
5418 20
5419 20
5420 20
5421 20
5422 20
5423 20
5424 20
5425 20
5426 20
5427 20
5428 20
5429 20
5430 20
5431 20
5432 20
5433 20
5434 20
5435 20
5436 20
5437 20
5438 20
5439 20
5440 20
5441 20
5442 20
5443 20
5444 20
5445 20
5446 20
5447 20
5448 20
5449 20
5450 20
5451 20
5452 20
5453 20
5454 20
5455 20
5456 20
5457 20
5458 20
5459 20
5460 20
5461 20
5462 20
5463 20
5464 20
5465 20
5466 20
5467 20
5468 20
5469 20
5470 20
5471 20
5472 20
5473 20
5474 20
5475 20
5476 20
5477 20
5478 20
5479 20
5480 20
5481 20
5482 20
5483 20
5484 20
5485 20
5486 20
5487 20
5488 20
5489 20
5490 20
5491 20
5492 20
5493 20
5494 20
5495 20
5496 20
5497 20
5498 20
5499 20
5500 20
5501 20
5502 20
5503 20
5504 20
5505 20
5506 20
5507 20
5508 20
5509 20
5510 20
5511 20
5512 20
5513 20
5514 20
5515 20
5516 20
5517 20
5518 20
5519 20
5520 20
5521 20
5522 20
5523 20
5524 20
5525 20
5526 20
5527 20
5528 20
5529 20
5530 20
5531 20
5532 20
5533 20
5534 20
5535 20
5536 20
5537 20
5538 20
5539 20
5540 20
5541 20
5542 20
5543 20
5544 20
5545 20
5546 20
5547 20
5548 20
5549 20
5550 20
5551 20
5552 20
5553 20
5554 20
5555 20
5556 20
5557 20
5558 20
5559 20
5560 20
5561 20
5562 20
5563 20
5564 20
5565 20
5566 20
5567 20
5568 20
5569 20
5570 20
5571 20
5572 20
5573 20
5574 20
5575 20
5576 20
5577 20
5578 20
5579 20
5580 20
5581 20
5582 20
5583 20
5584 20
5585 20
5586 20
5587 20
5588 20
5589 20
5590 20
5591 20
5592 20
5593 20
5594 20
5595 20
5596 20
5597 20
5598 20
5599 20
5600 20
5601 20
5602 20
5603 20
5604 20
5605 20
5606 20
5607 20
5608 20
5609 20
5610 20
5611 20
5612 20
5613 20
5614 20
5615 20
5616 20
5617 20
5618 20
5619 20
5620 20
5621 20
5622 20
5623 20
5624 20
5625 20
5626 20
5627 20
5628 20
5629 20
5630 20
5631 20
5632 20
5633 20
5634 20
5635 20
5636 20
5637 20
5638 20
5639 20
5640 20
5641 20
5642 20
5643 20
5644 20
5645 20
5646 20
5647 20
5648 20
5649 20
5650 20
5651 20
5652 20
5653 20
5654 20
5655 20
5656 20
5657 20
5658 20
5659 20
5660 20
5661 20
5662 20
5663 20
5664 20
5665 20
5666 20
5667 20
5668 20
5669 20
5670 20
5671 20
5672 20
5673 20
5674 20
5675 20
5676 20
5677 20
5678 20
5679 20
5680 20
5681 20
5682 20
5683 20
5684 20
5685 20
5686 20
5687 20
5688 20
5689 20
5690 20
5691 20
5692 20
5693 20
5694 20
5695 20
5696 20
5697 20
5698 20
5699 20
5700 20
5701 20
5702 20
5703 20
5704 20
5705 20
5706 20
5707 20
5708 20
5709 20
5710 20
5711 20
5712 20
5713 20
5714 20
5715 20
5716 20
5717 20
5718 20
5719 20
5720 20
5721 20
5722 20
5723 20
5724 20
5725 20
5726 20
5727 20
5728 20
5729 20
5730 20
5731 20
5732 20
5733 20
5734 20
5735 20
5736 20
5737 20
5738 20
5739 20
5740 20
5741 20
5742 20
5743 20
5744 20
5745 20
5746 20
5747 20
5748 20
5749 20
5750 20
5751 20
5752 20
5753 20
5754 20
5755 20
5756 20
5757 20
5758 20
5759 20
5760 20
5761 20
5762 20
5763 20
5764 20
5765 20
5766 20
5767 20
5768 20
5769 20
5770 20
5771 20
5772 20
5773 20
5774 20
5775 20
5776 20
5777 20
5778 20
5779 20
5780 20
5781 20
5782 20
5783 20
5784 20
5785 20
5786 20
5787 20
5788 20
5789 20
5790 20
5791 20
5792 20
5793 20
5794 20
5795 20
5796 20
5797 20
5798 20
5799 20
5800 20
5801 20
5802 20
5803 20
5804 20
5805 20
5806 20
5807 20
5808 20
5809 20
5810 20
5811 20
5812 20
5813 20
5814 20
5815 20
5816 20
5817 20
5818 20
5819 20
5820 20
5821 20
5822 20
5823 21
5824 21
5825 21
5826 21
5827 21
5828 21
5829 21
5830 21
5831 21
5832 21
5833 21
5834 21
5835 21
5836 21
5837 21
5838 21
5839 21
5840 21
5841 21
5842 21
5843 21
5844 21
5845 21
5846 21
5847 21
5848 21
5849 21
5850 21
5851 21
5852 21
5853 21
5854 21
5855 21
5856 21
5857 21
5858 21
5859 21
5860 21
5861 21
5862 21
5863 21
5864 21
5865 21
5866 21
5867 21
5868 21
5869 21
5870 21
5871 21
5872 21
5873 21
5874 21
5875 21
5876 21
5877 21
5878 21
5879 21
5880 21
5881 21
5882 21
5883 21
5884 21
5885 21
5886 21
5887 21
5888 21
5889 21
5890 21
5891 21
5892 21
5893 21
5894 21
5895 21
5896 21
5897 21
5898 21
5899 21
5900 21
5901 21
5902 21
5903 21
5904 21
5905 21
5906 21
5907 21
5908 21
5909 21
5910 21
5911 21
5912 21
5913 21
5914 21
5915 21
5916 21
5917 21
5918 21
5919 21
5920 21
5921 21
5922 21
5923 21
5924 21
5925 21
5926 21
5927 21
5928 21
5929 21
5930 21
5931 21
5932 21
5933 21
5934 21
5935 21
5936 21
5937 21
5938 21
5939 21
5940 21
5941 21
5942 21
5943 21
5944 21
5945 21
5946 21
5947 21
5948 21
5949 21
5950 21
5951 21
5952 21
5953 21
5954 21
5955 21
5956 21
5957 21
5958 21
5959 21
5960 21
5961 21
5962 21
5963 21
5964 21
5965 21
5966 21
5967 21
5968 21
5969 21
5970 21
5971 21
5972 21
5973 21
5974 21
5975 21
5976 21
5977 21
5978 21
5979 21
5980 21
5981 21
5982 21
5983 21
5984 21
5985 21
5986 21
5987 21
5988 21
5989 21
5990 21
5991 21
5992 21
5993 21
5994 21
5995 21
5996 21
5997 21
5998 21
5999 21
6000 21
6001 21
6002 21
6003 21
6004 21
6005 21
6006 21
6007 21
6008 21
6009 21
6010 21
6011 21
6012 21
6013 21
6014 21
6015 21
6016 21
6017 21
6018 21
6019 21
6020 21
6021 21
6022 21
6023 21
6024 21
6025 21
6026 21
6027 21
6028 21
6029 21
6030 21
6031 21
6032 21
6033 21
6034 21
6035 21
6036 21
6037 21
6038 21
6039 21
6040 21
6041 21
6042 21
6043 21
6044 21
6045 21
6046 21
6047 21
6048 21
6049 21
6050 21
6051 21
6052 21
6053 21
6054 21
6055 21
6056 21
6057 21
6058 21
6059 21
6060 21
6061 21
6062 21
6063 21
6064 21
6065 21
6066 21
6067 21
6068 21
6069 21
6070 21
6071 21
6072 21
6073 21
6074 21
6075 21
6076 21
6077 21
6078 21
6079 21
6080 21
6081 21
6082 21
6083 21
6084 21
6085 21
6086 21
6087 21
6088 21
6089 21
6090 21
6091 21
6092 21
6093 21
6094 21
6095 21
6096 21
6097 21
6098 21
6099 21
6100 21
6101 21
6102 21
6103 21
6104 21
6105 21
6106 21
6107 21
6108 21
6109 21
6110 21
6111 21
6112 21
6113 21
6114 21
6115 21
6116 21
6117 21
6118 21
6119 21
6120 21
6121 21
6122 21
6123 21
6124 21
6125 21
6126 21
6127 21
6128 21
6129 21
6130 21
6131 21
6132 21
6133 21
6134 21
6135 21
6136 21
6137 21
6138 21
6139 21
6140 21
6141 21
6142 21
6143 21
6144 21
6145 21
6146 21
6147 21
6148 21
6149 21
6150 21
6151 21
6152 21
6153 21
6154 21
6155 21
6156 21
6157 21
6158 21
6159 21
6160 21
6161 21
6162 21
6163 21
6164 21
6165 21
6166 21
6167 21
6168 21
6169 21
6170 21
6171 21
6172 21
6173 21
6174 21
6175 21
6176 21
6177 21
6178 21
6179 21
6180 21
6181 21
6182 21
6183 21
6184 21
6185 21
6186 21
6187 21
6188 21
6189 21
6190 21
6191 21
6192 21
6193 21
6194 21
6195 21
6196 21
6197 21
6198 21
6199 21
6200 21
6201 21
6202 21
6203 21
6204 21
6205 21
6206 21
6207 21
6208 21
6209 21
6210 21
6211 21
6212 21
6213 21
6214 21
6215 21
6216 21
6217 21
6218 21
6219 21
6220 21
6221 21
6222 21
6223 21
6224 21
6225 21
6226 21
6227 21
6228 21
6229 21
6230 21
6231 21
6232 21
6233 21
6234 21
6235 21
6236 21
6237 21
6238 21
6239 21
6240 21
6241 21
6242 21
6243 21
6244 21
6245 21
6246 21
6247 21
6248 21
6249 21
6250 21
6251 21
6252 21
6253 21
6254 21
6255 21
6256 21
6257 21
6258 21
6259 21
6260 21
6261 21
6262 21
6263 21
6264 21
6265 21
6266 21
6267 21
6268 21
6269 21
6270 21
6271 21
6272 21
6273 21
6274 21
6275 21
6276 21
6277 21
6278 21
6279 21
6280 21
6281 21
6282 21
6283 21
6284 21
6285 21
6286 21
6287 21
6288 21
6289 21
6290 21
6291 21
6292 21
6293 21
6294 21
6295 21
6296 21
6297 21
6298 21
6299 21
6300 21
6301 21
6302 21
6303 21
6304 21
6305 21
6306 21
6307 21
6308 21
6309 21
6310 21
6311 21
6312 21
6313 21
6314 21
6315 21
6316 21
6317 21
6318 21
6319 21
6320 21
6321 21
6322 21
6323 21
6324 21
6325 21
6326 21
6327 21
6328 21
6329 21
6330 21
6331 21
6332 21
6333 21
6334 21
6335 21
6336 21
6337 21
6338 21
6339 21
6340 21
6341 21
6342 21
6343 21
6344 21
6345 21
6346 21
6347 21
6348 21
6349 21
6350 21
6351 21
6352 21
6353 21
6354 21
6355 21
6356 21
6357 21
6358 21
6359 21
6360 21
6361 21
6362 21
6363 21
6364 21
6365 21
6366 21
6367 21
6368 21
6369 21
6370 21
6371 21
6372 21
6373 21
6374 21
6375 21
6376 21
6377 21
6378 21
6379 21
6380 21
6381 21
6382 21
6383 21
6384 21
6385 21
6386 21
6387 21
6388 21
6389 21
6390 21
6391 21
6392 21
6393 21
6394 21
6395 21
6396 21
6397 21
6398 21
6399 21
6400 21
6401 21
6402 21
6403 21
6404 21
6405 21
6406 21
6407 21
6408 21
6409 21
6410 21
6411 21
6412 21
6413 21
6414 21
6415 21
6416 21
6417 21
6418 21
6419 21
6420 21
6421 21
6422 21
6423 21
6424 21
6425 21
6426 21
6427 21
6428 21
6429 21
6430 21
6431 21
6432 21
6433 21
6434 21
6435 21
6436 21
6437 21
6438 21
6439 21
6440 21
6441 21
6442 21
6443 21
6444 21
6445 21
6446 21
6447 21
6448 21
6449 21
6450 21
6451 21
6452 21
6453 21
6454 21
6455 21
6456 21
6457 21
6458 21
6459 21
6460 21
6461 21
6462 21
6463 21
6464 21
6465 21
6466 21
6467 21
6468 21
6469 21
6470 21
6471 21
6472 21
6473 21
6474 21
6475 21
6476 21
6477 21
6478 21
6479 21
6480 21
6481 21
6482 21
6483 21
6484 21
6485 21
6486 21
6487 21
6488 21
6489 21
6490 21
6491 21
6492 21
6493 21
6494 21
6495 21
6496 21
6497 21
6498 21
6499 21
6500 21
6501 21
6502 21
6503 21
6504 21
6505 21
6506 21
6507 21
6508 21
6509 21
6510 21
6511 21
6512 21
6513 21
6514 21
6515 21
6516 21
6517 21
6518 21
6519 21
6520 21
6521 21
6522 21
6523 21
6524 21
6525 21
6526 21
6527 21
6528 21
6529 21
6530 21
6531 21
6532 21
6533 21
6534 21
6535 21
6536 21
6537 21
6538 21
6539 21
6540 21
6541 21
6542 21
6543 21
6544 21
6545 21
6546 21
6547 21
6548 21
6549 21
6550 21
6551 21
6552 21
6553 21
6554 21
6555 21
6556 21
6557 21
6558 21
6559 21
6560 21
6561 21
6562 21
6563 21
6564 21
6565 21
6566 21
6567 21
6568 21
6569 21
6570 21
6571 21
6572 21
6573 21
6574 21
6575 21
6576 21
6577 21
6578 21
6579 21
6580 21
6581 21
6582 21
6583 21
6584 21
6585 21
6586 21
6587 21
6588 21
6589 21
6590 21
6591 21
6592 21
6593 21
6594 21
6595 21
6596 21
6597 21
6598 21
6599 21
6600 21
6601 21
6602 21
6603 21
6604 21
6605 21
6606 21
6607 21
6608 21
6609 21
6610 21
6611 21
6612 21
6613 21
6614 21
6615 21
6616 21
6617 21
6618 21
6619 21
6620 21
6621 21
6622 21
6623 21
6624 21
6625 21
6626 21
6627 21
6628 21
6629 21
6630 21
6631 21
6632 21
6633 21
6634 21
6635 21
6636 21
6637 21
6638 21
6639 21
6640 21
6641 21
6642 21
6643 21
6644 21
6645 21
6646 21
6647 21
6648 21
6649 21
6650 21
6651 21
6652 21
6653 21
6654 21
6655 21
6656 21
6657 21
6658 21
6659 21
6660 21
6661 21
6662 21
6663 21
6664 21
6665 21
6666 21
6667 21
6668 21
6669 21
6670 21
6671 21
6672 21
6673 21
6674 21
6675 21
6676 21
6677 21
6678 21
6679 21
6680 21
6681 21
6682 21
6683 21
6684 21
6685 21
6686 21
6687 21
6688 21
6689 21
6690 21
6691 21
6692 21
6693 21
6694 21
6695 21
6696 21
6697 21
6698 21
6699 21
6700 21
6701 21
6702 21
6703 21
6704 21
6705 21
6706 21
6707 21
6708 21
6709 21
6710 21
6711 21
6712 21
6713 21
6714 21
6715 21
6716 21
6717 21
6718 21
6719 21
6720 21
6721 21
6722 21
6723 21
6724 21
6725 21
6726 21
6727 21
6728 21
6729 21
6730 21
6731 21
6732 21
6733 21
6734 21
6735 21
6736 21
6737 21
6738 21
6739 21
6740 21
6741 21
6742 21
6743 21
6744 21
6745 21
6746 21
6747 21
6748 21
6749 21
6750 21
6751 21
6752 21
6753 21
6754 21
6755 21
6756 21
6757 21
6758 21
6759 21
6760 21
6761 21
6762 21
6763 21
6764 21
6765 21
6766 21
6767 21
6768 21
6769 21
6770 21
6771 21
6772 21
6773 21
6774 21
6775 21
6776 21
6777 21
6778 21
6779 21
6780 21
6781 21
6782 21
6783 21
6784 21
6785 21
6786 21
6787 21
6788 21
6789 21
6790 21
6791 21
6792 21
6793 21
6794 21
6795 21
6796 21
6797 21
6798 21
6799 21
6800 21
6801 21
6802 21
6803 21
6804 21
6805 21
6806 21
6807 21
6808 21
6809 21
6810 21
6811 21
6812 21
6813 21
6814 21
6815 21
6816 21
6817 21
6818 21
6819 21
6820 21
6821 21
6822 21
6823 21
6824 21
6825 21
6826 21
6827 21
6828 21
6829 21
6830 21
6831 21
6832 21
6833 21
6834 21
6835 21
6836 21
6837 21
6838 21
6839 21
6840 21
6841 21
6842 21
6843 21
6844 21
6845 21
6846 21
6847 21
6848 21
6849 21
6850 21
6851 21
6852 21
6853 21
6854 21
6855 21
6856 21
6857 21
6858 21
6859 21
6860 21
6861 21
6862 21
6863 22
6864 22
6865 22
6866 22
6867 22
6868 22
6869 22
6870 22
6871 22
6872 22
6873 22
6874 22
6875 22
6876 22
6877 22
6878 22
6879 22
6880 22
6881 22
6882 22
6883 22
6884 22
6885 22
6886 22
6887 22
6888 22
6889 22
6890 22
6891 22
6892 22
6893 22
6894 22
6895 22
6896 22
6897 22
6898 22
6899 22
6900 22
6901 22
6902 22
6903 22
6904 22
6905 22
6906 22
6907 22
6908 22
6909 22
6910 22
6911 22
6912 22
6913 22
6914 22
6915 22
6916 22
6917 22
6918 22
6919 22
6920 22
6921 22
6922 22
6923 22
6924 22
6925 22
6926 22
6927 22
6928 22
6929 22
6930 22
6931 22
6932 22
6933 22
6934 22
6935 22
6936 22
6937 22
6938 22
6939 22
6940 22
6941 22
6942 22
6943 22
6944 22
6945 22
6946 22
6947 22
6948 22
6949 22
6950 22
6951 22
6952 22
6953 22
6954 22
6955 22
6956 22
6957 22
6958 22
6959 22
6960 22
6961 22
6962 22
6963 22
6964 22
6965 22
6966 22
6967 22
6968 22
6969 22
6970 22
6971 22
6972 22
6973 22
6974 22
6975 22
6976 22
6977 22
6978 22
6979 22
6980 22
6981 22
6982 22
6983 22
6984 22
6985 22
6986 22
6987 22
6988 22
6989 22
6990 22
6991 22
6992 22
6993 22
6994 22
6995 22
6996 22
6997 22
6998 22
6999 22
7000 22
7001 22
7002 22
7003 22
7004 22
7005 22
7006 22
7007 22
7008 22
7009 22
7010 22
7011 22
7012 22
7013 22
7014 22
7015 22
7016 22
7017 22
7018 22
7019 22
7020 22
7021 22
7022 22
7023 22
7024 22
7025 22
7026 22
7027 22
7028 22
7029 22
7030 22
7031 22
7032 22
7033 22
7034 22
7035 22
7036 22
7037 22
7038 22
7039 22
7040 22
7041 22
7042 22
7043 22
7044 22
7045 22
7046 22
7047 22
7048 22
7049 22
7050 22
7051 22
7052 22
7053 22
7054 22
7055 22
7056 22
7057 22
7058 22
7059 22
7060 22
7061 22
7062 22
7063 22
7064 22
7065 22
7066 22
7067 22
7068 22
7069 22
7070 22
7071 22
7072 22
7073 22
7074 22
7075 22
7076 22
7077 22
7078 22
7079 22
7080 22
7081 22
7082 22
7083 22
7084 22
7085 22
7086 22
7087 22
7088 22
7089 22
7090 22
7091 22
7092 22
7093 22
7094 22
7095 22
7096 22
7097 22
7098 22
7099 22
7100 22
7101 22
7102 22
7103 22
7104 22
7105 22
7106 22
7107 22
7108 22
7109 22
7110 22
7111 22
7112 22
7113 22
7114 22
7115 22
7116 22
7117 22
7118 22
7119 22
7120 22
7121 22
7122 22
7123 22
7124 22
7125 22
7126 22
7127 22
7128 22
7129 22
7130 22
7131 22
7132 22
7133 22
7134 22
7135 22
7136 22
7137 22
7138 22
7139 22
7140 22
7141 22
7142 22
7143 22
7144 22
7145 22
7146 22
7147 22
7148 22
7149 22
7150 22
7151 22
7152 22
7153 22
7154 22
7155 22
7156 22
7157 22
7158 22
7159 22
7160 22
7161 22
7162 22
7163 22
7164 22
7165 22
7166 22
7167 22
7168 22
7169 22
7170 22
7171 22
7172 22
7173 22
7174 22
7175 22
7176 22
7177 22
7178 22
7179 22
7180 22
7181 22
7182 22
7183 22
7184 22
7185 22
7186 22
7187 22
7188 22
7189 22
7190 22
7191 22
7192 22
7193 22
7194 22
7195 22
7196 22
7197 22
7198 22
7199 22
7200 22
7201 22
7202 22
7203 22
7204 22
7205 22
7206 22
7207 22
7208 22
7209 22
7210 22
7211 22
7212 22
7213 22
7214 22
7215 22
7216 22
7217 22
7218 22
7219 22
7220 22
7221 22
7222 22
7223 22
7224 22
7225 22
7226 22
7227 22
7228 22
7229 22
7230 22
7231 22
7232 22
7233 22
7234 22
7235 22
7236 22
7237 22
7238 22
7239 22
7240 22
7241 22
7242 22
7243 22
7244 22
7245 22
7246 22
7247 22
7248 22
7249 22
7250 22
7251 22
7252 22
7253 22
7254 22
7255 22
7256 22
7257 22
7258 22
7259 22
7260 22
7261 22
7262 22
7263 22
7264 22
7265 22
7266 22
7267 22
7268 22
7269 22
7270 22
7271 22
7272 22
7273 22
7274 22
7275 22
7276 22
7277 22
7278 22
7279 22
7280 22
7281 22
7282 22
7283 22
7284 22
7285 22
7286 22
7287 22
7288 22
7289 22
7290 22
7291 22
7292 22
7293 22
7294 22
7295 22
7296 22
7297 22
7298 22
7299 22
7300 22
7301 22
7302 22
7303 22
7304 22
7305 22
7306 22
7307 22
7308 22
7309 22
7310 22
7311 22
7312 22
7313 22
7314 22
7315 22
7316 22
7317 22
7318 22
7319 22
7320 22
7321 22
7322 22
7323 22
7324 22
7325 22
7326 22
7327 22
7328 22
7329 22
7330 22
7331 22
7332 22
7333 22
7334 22
7335 22
7336 22
7337 22
7338 22
7339 22
7340 22
7341 22
7342 22
7343 22
7344 22
7345 22
7346 22
7347 22
7348 22
7349 22
7350 22
7351 22
7352 22
7353 22
7354 22
7355 22
7356 22
7357 22
7358 22
7359 22
7360 22
7361 22
7362 22
7363 22
7364 22
7365 22
7366 22
7367 22
7368 22
7369 22
7370 22
7371 22
7372 22
7373 22
7374 22
7375 22
7376 22
7377 22
7378 22
7379 22
7380 22
7381 22
7382 22
7383 22
7384 22
7385 22
7386 22
7387 22
7388 22
7389 22
7390 22
7391 22
7392 22
7393 22
7394 22
7395 22
7396 22
7397 22
7398 22
7399 22
7400 22
7401 22
7402 22
7403 22
7404 22
7405 22
7406 22
7407 22
7408 22
7409 22
7410 22
7411 22
7412 22
7413 22
7414 22
7415 22
7416 22
7417 22
7418 22
7419 22
7420 22
7421 22
7422 22
7423 22
7424 22
7425 22
7426 22
7427 22
7428 22
7429 22
7430 22
7431 22
7432 22
7433 22
7434 22
7435 22
7436 22
7437 22
7438 22
7439 22
7440 22
7441 22
7442 22
7443 22
7444 22
7445 22
7446 22
7447 22
7448 22
7449 22
7450 22
7451 22
7452 22
7453 22
7454 22
7455 22
7456 22
7457 22
7458 22
7459 22
7460 22
7461 22
7462 22
7463 22
7464 22
7465 22
7466 22
7467 22
7468 22
7469 22
7470 22
7471 22
7472 22
7473 22
7474 22
7475 22
7476 22
7477 22
7478 22
7479 22
7480 22
7481 22
7482 22
7483 22
7484 22
7485 22
7486 22
7487 22
7488 22
7489 22
7490 22
7491 22
7492 22
7493 22
7494 22
7495 22
7496 22
7497 22
7498 22
7499 22
7500 22
7501 22
7502 22
7503 22
7504 22
7505 22
7506 22
7507 22
7508 22
7509 22
7510 22
7511 22
7512 22
7513 22
7514 22
7515 22
7516 22
7517 22
7518 22
7519 22
7520 22
7521 22
7522 22
7523 22
7524 22
7525 22
7526 22
7527 22
7528 22
7529 22
7530 22
7531 22
7532 22
7533 22
7534 22
7535 22
7536 22
7537 22
7538 22
7539 22
7540 22
7541 22
7542 22
7543 22
7544 22
7545 22
7546 22
7547 22
7548 22
7549 22
7550 22
7551 22
7552 22
7553 22
7554 22
7555 22
7556 22
7557 22
7558 22
7559 22
7560 22
7561 22
7562 22
7563 22
7564 22
7565 22
7566 22
7567 22
7568 22
7569 22
7570 22
7571 22
7572 22
7573 22
7574 22
7575 22
7576 22
7577 22
7578 22
7579 22
7580 22
7581 22
7582 22
7583 22
7584 22
7585 22
7586 22
7587 22
7588 22
7589 22
7590 22
7591 22
7592 22
7593 22
7594 22
7595 22
7596 22
7597 22
7598 22
7599 22
7600 22
7601 22
7602 22
7603 22
7604 22
7605 22
7606 22
7607 22
7608 22
7609 22
7610 22
7611 22
7612 22
7613 22
7614 22
7615 22
7616 22
7617 22
7618 22
7619 22
7620 22
7621 22
7622 23
7623 23
7624 23
7625 23
7626 23
7627 23
7628 23
7629 23
7630 23
7631 23
7632 23
7633 23
7634 23
7635 23
7636 23
7637 23
7638 23
7639 23
7640 23
7641 23
7642 23
7643 23
7644 23
7645 23
7646 23
7647 23
7648 23
7649 23
7650 23
7651 23
7652 23
7653 23
7654 23
7655 23
7656 23
7657 23
7658 23
7659 23
7660 23
7661 23
7662 23
7663 23
7664 23
7665 23
7666 23
7667 23
7668 23
7669 23
7670 23
7671 23
7672 23
7673 23
7674 23
7675 23
7676 23
7677 23
7678 23
7679 23
7680 23
7681 23
7682 23
7683 23
7684 23
7685 23
7686 23
7687 23
7688 23
7689 23
7690 23
7691 23
7692 23
7693 23
7694 23
7695 23
7696 23
7697 23
7698 23
7699 23
7700 23
7701 23
7702 23
7703 23
7704 23
7705 23
7706 23
7707 23
7708 23
7709 23
7710 23
7711 23
7712 23
7713 23
7714 23
7715 23
7716 23
7717 23
7718 23
7719 23
7720 23
7721 23
7722 23
7723 23
7724 23
7725 23
7726 23
7727 23
7728 23
7729 23
7730 23
7731 23
7732 23
7733 23
7734 23
7735 23
7736 23
7737 23
7738 23
7739 23
7740 23
7741 23
7742 23
7743 23
7744 23
7745 23
7746 23
7747 23
7748 23
7749 23
7750 23
7751 23
7752 23
7753 23
7754 23
7755 23
7756 23
7757 23
7758 23
7759 23
7760 23
7761 23
7762 23
7763 23
7764 23
7765 23
7766 23
7767 23
7768 23
7769 23
7770 23
7771 23
7772 23
7773 23
7774 23
7775 23
7776 23
7777 23
7778 23
7779 23
7780 23
7781 23
7782 23
7783 23
7784 23
7785 23
7786 23
7787 23
7788 23
7789 23
7790 23
7791 23
7792 23
7793 23
7794 23
7795 23
7796 23
7797 23
7798 23
7799 23
7800 23
7801 23
7802 23
7803 23
7804 23
7805 23
7806 23
7807 23
7808 23
7809 23
7810 23
7811 23
7812 23
7813 23
7814 23
7815 23
7816 23
7817 23
7818 23
7819 23
7820 23
7821 23
7822 23
7823 23
7824 23
7825 23
7826 23
7827 23
7828 23
7829 23
7830 23
7831 23
7832 23
7833 23
7834 23
7835 23
7836 23
7837 23
7838 23
7839 23
7840 23
7841 23
7842 23
7843 23
7844 23
7845 23
7846 23
7847 23
7848 23
7849 23
7850 23
7851 23
7852 23
7853 23
7854 23
7855 23
7856 23
7857 23
7858 23
7859 23
7860 23
7861 23
7862 23
7863 23
7864 23
7865 23
7866 23
7867 23
7868 23
7869 23
7870 23
7871 23
7872 23
7873 23
7874 23
7875 23
7876 23
7877 23
7878 23
7879 23
7880 23
7881 23
7882 23
7883 23
7884 23
7885 23
7886 23
7887 23
7888 23
7889 23
7890 23
7891 23
7892 23
7893 23
7894 23
7895 23
7896 23
7897 23
7898 23
7899 23
7900 23
7901 23
7902 23
7903 23
7904 23
7905 23
7906 23
7907 23
7908 23
7909 23
7910 23
7911 23
7912 23
7913 23
7914 23
7915 23
7916 23
7917 23
7918 23
7919 23
7920 23
7921 23
7922 23
7923 23
7924 23
7925 23
7926 23
7927 23
7928 23
7929 23
7930 23
7931 23
7932 23
7933 23
7934 23
7935 23
7936 23
7937 23
7938 23
7939 23
7940 23
7941 23
7942 23
7943 23
7944 23
7945 23
7946 23
7947 23
7948 23
7949 23
7950 23
7951 23
7952 23
7953 23
7954 23
7955 23
7956 23
7957 23
7958 23
7959 23
7960 23
7961 23
7962 23
7963 23
7964 23
7965 23
7966 23
7967 23
7968 23
7969 23
7970 23
7971 23
7972 23
7973 23
7974 23
7975 23
7976 23
7977 23
7978 23
7979 23
7980 23
7981 23
7982 23
7983 23
7984 23
7985 23
7986 23
7987 23
7988 23
7989 23
7990 23
7991 23
7992 23
7993 23
7994 23
7995 23
7996 23
7997 23
7998 23
7999 23
8000 23
8001 23
8002 23
8003 23
8004 23
8005 23
8006 23
8007 23
8008 23
8009 23
8010 23
8011 23
8012 23
8013 23
8014 23
8015 23
8016 23
8017 23
8018 23
8019 23
8020 23
8021 23
8022 23
8023 23
8024 23
8025 23
8026 23
8027 23
8028 23
8029 23
8030 23
8031 23
8032 23
8033 23
8034 23
8035 23
8036 23
8037 23
8038 23
8039 23
8040 23
8041 23
8042 23
8043 23
8044 23
8045 23
8046 23
8047 23
8048 23
8049 23
8050 24
8051 24
8052 24
8053 24
8054 24
8055 24
8056 24
8057 24
8058 24
8059 24
8060 24
8061 24
8062 24
8063 24
8064 24
8065 24
8066 24
8067 24
8068 24
8069 24
8070 24
8071 24
8072 24
8073 24
8074 24
8075 24
8076 24
8077 24
8078 24
8079 24
8080 24
8081 24
8082 24
8083 24
8084 24
8085 24
8086 24
8087 24
8088 24
8089 24
8090 24
8091 24
8092 24
8093 24
8094 24
8095 24
8096 24
8097 24
8098 24
8099 24
8100 24
8101 24
8102 24
8103 24
8104 24
8105 24
8106 24
8107 24
8108 24
8109 24
8110 24
8111 24
8112 24
8113 24
8114 25
8115 25
8116 25
8117 25
8118 25
8119 25
8120 25
8121 25
8122 25
8123 25
8124 25
8125 25
8126 25
8127 25
8128 25
8129 25
8130 25
8131 25
8132 25
8133 25
8134 25
8135 25
8136 25
8137 25
8138 25
8139 25
8140 25
8141 25
8142 25
8143 25
8144 25
8145 25
8146 25
8147 25
8148 25
8149 25
8150 25
8151 25
8152 25
8153 25
8154 25
8155 25
8156 25
8157 25
8158 25
8159 25
8160 25
8161 25
8162 25
8163 25
8164 25
8165 25
8166 25
8167 25
8168 25
8169 25
8170 25
8171 25
8172 25
8173 25
8174 25
8175 25
8176 25
8177 25
8178 25
8179 25
8180 25
8181 25
8182 25
8183 25
8184 25
8185 25
8186 25
8187 25
8188 25
8189 25
8190 25
8191 25
8192 25
8193 25
8194 25
8195 25
8196 25
8197 25
8198 25
8199 25
8200 25
8201 25
8202 25
8203 25
8204 25
8205 25
8206 25
8207 25
8208 25
8209 25
8210 25
8211 25
8212 25
8213 25
8214 25
8215 25
8216 25
8217 25
8218 25
8219 25
8220 25
8221 25
8222 25
8223 25
8224 25
8225 25
8226 25
8227 25
8228 25
8229 25
8230 25
8231 25
8232 25
8233 25
8234 25
8235 25
8236 25
8237 25
8238 25
8239 25
8240 25
8241 25
8242 25
8243 25
8244 25
8245 25
8246 25
8247 25
8248 25
8249 25
8250 25
8251 25
8252 25
8253 25
8254 25
8255 25
8256 25
8257 25
8258 25
8259 25
8260 25
8261 25
8262 25
8263 25
8264 25
8265 25
8266 25
8267 25
8268 25
8269 25
8270 25
8271 25
8272 25
8273 25
8274 25
8275 25
8276 25
8277 25
8278 25
8279 25
8280 25
8281 25
8282 25
8283 25
8284 25
8285 25
8286 25
8287 25
8288 25
8289 25
8290 25
8291 25
8292 25
8293 25
8294 25
8295 25
8296 25
8297 25
8298 25
8299 25
8300 25
8301 25
8302 25
8303 25
8304 25
8305 25
8306 25
8307 25
8308 25
8309 25
8310 25
8311 25
8312 25
8313 25
8314 25
8315 25
8316 25
8317 25
8318 25
8319 25
8320 25
8321 25
8322 25
8323 25
8324 25
8325 25
8326 25
8327 25
8328 25
8329 25
8330 25
8331 25
8332 25
8333 25
8334 25
8335 25
8336 25
8337 25
8338 25
8339 25
8340 25
8341 25
8342 25
8343 25
8344 25
8345 25
8346 25
8347 25
8348 25
8349 25
8350 25
8351 25
8352 25
8353 25
8354 25
8355 25
8356 25
8357 25
8358 25
8359 25
8360 25
8361 25
8362 25
8363 25
8364 25
8365 25
8366 25
8367 25
8368 25
8369 25
8370 25
8371 25
8372 25
8373 25
8374 25
8375 25
8376 25
8377 25
8378 25
8379 25
8380 25
8381 25
8382 25
8383 25
8384 25
8385 25
8386 25
8387 25
8388 25
8389 25
8390 25
8391 25
8392 25
8393 25
8394 25
8395 25
8396 25
8397 25
8398 25
8399 25
8400 25
8401 25
8402 25
8403 25
8404 25
8405 25
8406 25
8407 25
8408 25
8409 25
8410 25
8411 25
8412 25
8413 25
8414 25
8415 25
8416 25
8417 25
8418 25
8419 25
8420 25
8421 25
8422 25
8423 25
8424 25
8425 25
8426 25
8427 25
8428 25
8429 25
8430 25
8431 25
8432 25
8433 25
8434 25
8435 25
8436 25
8437 25
8438 25
8439 25
8440 25
8441 25
8442 25
8443 25
8444 25
8445 25
8446 25
8447 25
8448 25
8449 25
8450 25
8451 25
8452 25
8453 25
8454 25
8455 25
8456 25
8457 25
8458 25
8459 25
8460 25
8461 25
8462 25
8463 25
8464 25
8465 25
8466 25
8467 25
8468 25
8469 25
8470 25
8471 25
8472 25
8473 25
8474 25
8475 25
8476 25
8477 25
8478 25
8479 25
8480 25
8481 25
8482 25
8483 25
8484 25
8485 25
8486 25
8487 25
8488 25
8489 25
8490 25
8491 25
8492 25
8493 25
8494 25
8495 25
8496 25
8497 25
8498 25
8499 25
8500 25
8501 25
8502 25
8503 25
8504 25
8505 25
8506 25
8507 25
8508 25
8509 25
8510 25
8511 25
8512 25
8513 25
8514 25
8515 25
8516 25
8517 25
8518 25
8519 25
8520 25
8521 25
8522 25
8523 25
8524 25
8525 25
8526 25
8527 25
8528 25
8529 25
8530 25
8531 25
8532 25
8533 25
8534 25
8535 25
8536 25
8537 25
8538 25
8539 25
8540 25
8541 25
8542 25
8543 25
8544 25
8545 25
8546 25
8547 25
8548 25
8549 25
8550 25
8551 25
8552 25
8553 25
8554 25
8555 25
8556 25
8557 25
8558 25
8559 25
8560 25
8561 25
8562 25
8563 25
8564 25
8565 25
8566 25
8567 25
8568 25
8569 25
8570 25
8571 25
8572 25
8573 25
8574 25
8575 25
8576 25
8577 25
8578 25
8579 25
8580 25
8581 25
8582 25
8583 25
8584 25
8585 25
8586 25
8587 25
8588 25
8589 25
8590 25
8591 25
8592 25
8593 25
8594 25
8595 25
8596 25
8597 25
8598 25
8599 25
8600 25
8601 25
8602 25
8603 25
8604 25
8605 25
8606 25
8607 25
8608 25
8609 25
8610 25
8611 25
8612 25
8613 25
8614 25
8615 25
8616 25
8617 25
8618 25
8619 25
8620 25
8621 25
8622 25
8623 25
8624 25
8625 25
8626 25
8627 25
8628 25
8629 25
8630 25
8631 25
8632 25
8633 25
8634 25
8635 25
8636 25
8637 25
8638 25
8639 25
8640 25
8641 25
8642 25
8643 25
8644 25
8645 25
8646 25
8647 25
8648 25
8649 25
8650 25
8651 25
8652 25
8653 25
8654 25
8655 25
8656 25
8657 25
8658 25
8659 25
8660 25
8661 25
8662 25
8663 25
8664 25
8665 25
8666 25
8667 25
8668 25
8669 25
8670 25
8671 25
8672 25
8673 25
8674 25
8675 25
8676 25
8677 25
8678 25
8679 25
8680 25
8681 25
8682 25
8683 25
8684 25
8685 25
8686 25
8687 25
8688 25
8689 25
8690 25
8691 25
8692 25
8693 25
8694 25
8695 25
8696 25
8697 25
8698 25
8699 25
8700 25
8701 25
8702 25
8703 25
8704 25
8705 25
8706 25
8707 25
8708 25
8709 25
8710 25
8711 25
8712 25
8713 25
8714 25
8715 25
8716 25
8717 25
8718 25
8719 25
8720 25
8721 25
8722 25
8723 25
8724 25
8725 25
8726 25
8727 25
8728 25
8729 25
8730 25
8731 25
8732 25
8733 25
8734 25
8735 25
8736 25
8737 25
8738 25
8739 25
8740 25
8741 25
8742 25
8743 25
8744 25
8745 25
8746 25
8747 25
8748 25
8749 25
8750 25
8751 25
8752 25
8753 25
8754 25
8755 25
8756 25
8757 25
8758 25
8759 25
8760 25
8761 25
8762 25
8763 25
8764 25
8765 25
8766 25
8767 25
8768 25
8769 25
8770 25
8771 25
8772 25
8773 25
8774 25
8775 25
8776 25
8777 25
8778 25
8779 25
8780 25
8781 25
8782 25
8783 25
8784 25
8785 25
8786 25
8787 25
8788 25
8789 25
8790 25
8791 25
8792 25
8793 25
8794 25
8795 25
8796 25
8797 25
8798 25
8799 25
8800 25
8801 25
8802 25
8803 25
8804 25
8805 25
8806 25
8807 25
8808 25
8809 25
8810 25
8811 25
8812 25
8813 25
8814 25
8815 25
8816 25
8817 25
8818 25
8819 25
8820 25
8821 25
8822 25
8823 25
8824 25
8825 25
8826 25
8827 25
8828 25
8829 25
8830 25
8831 25
8832 25
8833 25
8834 25
8835 25
8836 25
8837 25
8838 25
8839 25
8840 25
8841 25
8842 25
8843 25
8844 25
8845 25
8846 25
8847 25
8848 25
8849 25
8850 25
8851 25
8852 25
8853 25
8854 25
8855 25
8856 25
8857 25
8858 25
8859 25
8860 25
8861 25
8862 25
8863 25
8864 25
8865 25
8866 25
8867 25
8868 25
8869 25
8870 25
8871 25
8872 25
8873 25
8874 25
8875 25
8876 25
8877 25
8878 25
8879 25
8880 25
8881 25
8882 25
8883 25
8884 25
8885 25
8886 25
8887 25
8888 25
8889 25
8890 25
8891 25
8892 25
8893 25
8894 25
8895 25
8896 25
8897 25
8898 25
8899 25
8900 25
8901 25
8902 25
8903 25
8904 25
8905 25
8906 25
8907 25
8908 25
8909 25
8910 25
8911 25
8912 25
8913 25
8914 25
8915 25
8916 25
8917 25
8918 25
8919 25
8920 25
8921 25
8922 25
8923 25
8924 25
8925 25
8926 25
8927 25
8928 25
8929 25
8930 25
8931 25
8932 25
8933 25
8934 25
8935 25
8936 25
8937 25
8938 25
8939 25
8940 25
8941 25
8942 25
8943 25
8944 25
8945 25
8946 25
8947 25
8948 25
8949 25
8950 25
8951 25
8952 25
8953 25
8954 25
8955 25
8956 25
8957 25
8958 25
8959 25
8960 25
8961 25
8962 25
8963 25
8964 25
8965 25
8966 25
8967 25
8968 25
8969 25
8970 25
8971 25
8972 25
8973 25
8974 25
8975 25
8976 25
8977 25
8978 25
8979 25
8980 25
8981 25
8982 25
8983 25
8984 25
8985 25
8986 25
8987 25
8988 25
8989 25
8990 25
8991 25
8992 25
8993 25
8994 25
8995 25
8996 25
8997 25
8998 25
8999 25
9000 25
9001 25
9002 25
9003 25
9004 25
9005 25
9006 25
9007 25
9008 25
9009 25
9010 25
9011 25
9012 25
9013 25
9014 25
9015 25
9016 25
9017 25
9018 25
9019 25
9020 25
9021 25
9022 25
9023 25
9024 25
9025 25
9026 25
9027 25
9028 25
9029 25
9030 25
9031 25
9032 25
9033 25
9034 25
9035 25
9036 25
9037 25
9038 25
9039 25
9040 25
9041 25
9042 25
9043 25
9044 25
9045 25
9046 25
9047 25
9048 25
9049 25
9050 25
9051 25
9052 25
9053 25
9054 25
9055 25
9056 25
9057 25
9058 25
9059 25
9060 25
9061 25
9062 25
9063 25
9064 25
9065 25
9066 25
9067 25
9068 25
9069 25
9070 25
9071 25
9072 25
9073 25
9074 25
9075 25
9076 25
9077 25
9078 25
9079 25
9080 25
9081 25
9082 25
9083 25
9084 25
9085 25
9086 25
9087 25
9088 25
9089 25
9090 25
9091 25
9092 25
9093 25
9094 25
9095 25
9096 25
9097 25
9098 25
9099 25
9100 25
9101 25
9102 25
9103 25
9104 25
9105 25
9106 25
9107 25
9108 25
9109 25
9110 25
9111 25
9112 25
9113 25
9114 25
9115 25
9116 25
9117 25
9118 25
9119 25
9120 25
9121 25
9122 25
9123 25
9124 25
9125 25
9126 25
9127 25
9128 25
9129 25
9130 25
9131 25
9132 25
9133 25
9134 25
9135 25
9136 25
9137 25
9138 25
9139 25
9140 25
9141 25
9142 25
9143 25
9144 25
9145 25
9146 25
9147 25
9148 25
9149 25
9150 25
9151 25
9152 25
9153 25
9154 25
9155 25
9156 25
9157 25
9158 25
9159 25
9160 25
9161 25
9162 25
9163 25
9164 25
9165 25
9166 25
9167 25
9168 25
9169 25
9170 25
9171 25
9172 25
9173 25
9174 25
9175 25
9176 25
9177 25
9178 25
9179 25
9180 25
9181 25
9182 25
9183 25
9184 25
9185 25
9186 25
9187 25
9188 25
9189 25
9190 25
9191 25
9192 25
9193 25
9194 25
9195 25
9196 25
9197 25
9198 25
9199 25
9200 25
9201 25
9202 25
9203 25
9204 25
9205 25
9206 25
9207 25
9208 25
9209 25
9210 25
9211 26
9212 26
9213 26
9214 26
9215 26
9216 26
9217 26
9218 26
9219 26
9220 26
9221 26
9222 26
9223 26
9224 26
9225 26
9226 26
9227 26
9228 26
9229 26
9230 26
9231 26
9232 26
9233 26
9234 26
9235 26
9236 26
9237 26
9238 26
9239 26
9240 26
9241 26
9242 26
9243 26
9244 26
9245 26
9246 26
9247 26
9248 26
9249 26
9250 26
9251 26
9252 26
9253 26
9254 26
9255 26
9256 26
9257 26
9258 26
9259 26
9260 26
9261 26
9262 26
9263 26
9264 26
9265 26
9266 26
9267 26
9268 26
9269 26
9270 26
9271 26
9272 26
9273 26
9274 26
9275 26
9276 26
9277 26
9278 26
9279 26
9280 26
9281 26
9282 26
9283 26
9284 26
9285 26
9286 26
9287 26
9288 26
9289 26
9290 26
9291 26
9292 26
9293 26
9294 26
9295 26
9296 26
9297 26
9298 26
9299 26
9300 26
9301 26
9302 26
9303 26
9304 26
9305 26
9306 26
9307 26
9308 26
9309 26
9310 26
9311 26
9312 26
9313 26
9314 26
9315 26
9316 26
9317 26
9318 26
9319 26
9320 26
9321 26
9322 26
9323 26
9324 26
9325 26
9326 26
9327 26
9328 26
9329 26
9330 26
9331 26
9332 26
9333 26
9334 26
9335 26
9336 26
9337 26
9338 26
9339 26
9340 26
9341 26
9342 26
9343 26
9344 26
9345 26
9346 26
9347 26
9348 26
9349 26
9350 26
9351 26
9352 26
9353 26
9354 26
9355 26
9356 26
9357 26
9358 26
9359 26
9360 26
9361 26
9362 26
9363 26
9364 26
9365 26
9366 26
9367 26
9368 26
9369 26
9370 26
9371 26
9372 26
9373 26
9374 26
9375 26
9376 26
9377 26
9378 26
9379 26
9380 26
9381 26
9382 26
9383 26
9384 26
9385 26
9386 26
9387 26
9388 26
9389 26
9390 26
9391 26
9392 26
9393 26
9394 26
9395 26
9396 26
9397 26
9398 26
9399 26
9400 26
9401 26
9402 26
9403 26
9404 26
9405 26
9406 26
9407 26
9408 26
9409 26
9410 26
9411 26
9412 26
9413 26
9414 26
9415 26
9416 26
9417 26
9418 26
9419 26
9420 26
9421 26
9422 26
9423 26
9424 26
9425 26
9426 26
9427 26
9428 26
9429 26
9430 26
9431 26
9432 26
9433 26
9434 26
9435 26
9436 26
9437 26
9438 26
9439 26
9440 26
9441 26
9442 26
9443 26
9444 26
9445 26
9446 26
9447 26
9448 26
9449 26
9450 26
9451 26
9452 26
9453 26
9454 26
9455 26
9456 26
9457 26
9458 26
9459 26
9460 26
9461 26
9462 26
9463 26
9464 26
9465 26
9466 26
9467 26
9468 26
9469 26
9470 26
9471 26
9472 26
9473 26
9474 26
9475 26
9476 26
9477 26
9478 26
9479 26
9480 26
9481 26
9482 26
9483 26
9484 26
9485 26
9486 26
9487 26
9488 26
9489 26
9490 26
9491 26
9492 26
9493 26
9494 26
9495 26
9496 26
9497 26
9498 26
9499 26
9500 26
9501 26
9502 26
9503 26
9504 26
9505 26
9506 26
9507 26
9508 26
9509 26
9510 26
9511 26
9512 26
9513 26
9514 26
9515 26
9516 26
9517 26
9518 26
9519 26
9520 26
9521 26
9522 26
9523 26
9524 26
9525 26
9526 26
9527 26
9528 26
9529 26
9530 26
9531 26
9532 26
9533 26
9534 26
9535 26
9536 26
9537 26
9538 26
9539 26
9540 26
9541 26
9542 26
9543 26
9544 26
9545 26
9546 26
9547 26
9548 26
9549 26
9550 26
9551 26
9552 26
9553 26
9554 26
9555 26
9556 26
9557 26
9558 26
9559 26
9560 26
9561 26
9562 26
9563 26
9564 26
9565 26
9566 26
9567 26
9568 26
9569 26
9570 26
9571 26
9572 26
9573 26
9574 26
9575 26
9576 26
9577 26
9578 26
9579 26
9580 26
9581 26
9582 26
9583 26
9584 26
9585 26
9586 26
9587 26
9588 26
9589 26
9590 26
9591 26
9592 26
9593 26
9594 26
9595 26
9596 26
9597 26
9598 26
9599 26
9600 26
9601 26
9602 26
9603 26
9604 26
9605 26
9606 26
9607 26
9608 26
9609 26
9610 26
9611 26
9612 26
9613 26
9614 26
9615 26
9616 26
9617 26
9618 26
9619 26
9620 26
9621 26
9622 26
9623 26
9624 26
9625 26
9626 26
9627 26
9628 26
9629 26
9630 26
9631 26
9632 26
9633 26
9634 26
9635 26
9636 26
9637 26
9638 26
9639 26
9640 26
9641 26
9642 26
9643 26
9644 26
9645 26
9646 26
9647 26
9648 26
9649 26
9650 26
9651 26
9652 26
9653 26
9654 26
9655 26
9656 26
9657 26
9658 26
9659 26
9660 26
9661 26
9662 26
9663 26
9664 26
9665 26
9666 26
9667 26
9668 26
9669 26
9670 26
9671 26
9672 26
9673 26
9674 26
9675 26
9676 26
9677 26
9678 26
9679 26
9680 26
9681 26
9682 26
9683 26
9684 26
9685 26
9686 26
9687 26
9688 26
9689 26
9690 26
9691 26
9692 26
9693 26
9694 26
9695 26
9696 26
9697 26
9698 26
9699 26
9700 26
9701 26
9702 26
9703 26
9704 26
9705 26
9706 26
9707 26
9708 26
9709 26
9710 26
9711 26
9712 26
9713 26
9714 26
9715 26
9716 26
9717 26
9718 26
9719 26
9720 26
9721 26
9722 26
9723 26
9724 26
9725 26
9726 26
9727 26
9728 26
9729 26
9730 26
9731 26
9732 26
9733 26
9734 26
9735 26
9736 26
9737 26
9738 26
9739 26
9740 26
9741 26
9742 26
9743 26
9744 26
9745 26
9746 26
9747 26
9748 26
9749 26
9750 26
9751 26
9752 26
9753 26
9754 26
9755 26
9756 26
9757 26
9758 26
9759 26
9760 26
9761 26
9762 26
9763 26
9764 26
9765 26
9766 26
9767 26
9768 26
9769 26
9770 26
9771 26
9772 26
9773 26
9774 26
9775 26
9776 26
9777 27
9778 27
9779 27
9780 27
9781 27
9782 27
9783 27
9784 27
9785 27
9786 27
9787 27
9788 27
9789 27
9790 27
9791 27
9792 27
9793 27
9794 27
9795 27
9796 27
9797 27
9798 27
9799 27
9800 27
9801 27
9802 27
9803 27
9804 27
9805 27
9806 27
9807 27
9808 27
9809 27
9810 27
9811 27
9812 27
9813 27
9814 27
9815 27
9816 27
9817 27
9818 27
9819 27
9820 27
9821 27
9822 27
9823 27
9824 27
9825 27
9826 27
9827 27
9828 27
9829 27
9830 27
9831 27
9832 27
9833 27
9834 27
9835 27
9836 27
9837 27
9838 27
9839 27
9840 27
9841 27
9842 27
9843 27
9844 27
9845 27
9846 27
9847 27
9848 27
9849 27
9850 27
9851 27
9852 27
9853 27
9854 27
9855 27
9856 27
9857 27
9858 27
9859 27
9860 27
9861 27
9862 27
9863 27
9864 27
9865 27
9866 27
9867 27
9868 27
9869 27
9870 27
9871 27
9872 27
9873 27
9874 27
9875 27
9876 27
9877 27
9878 27
9879 27
9880 27
9881 27
9882 27
9883 27
9884 27
9885 27
9886 27
9887 27
9888 27
9889 27
9890 27
9891 27
9892 27
9893 27
9894 27
9895 27
9896 27
9897 27
9898 27
9899 27
9900 27
9901 27
9902 27
9903 27
9904 27
9905 27
9906 27
9907 27
9908 27
9909 27
9910 27
9911 27
9912 27
9913 27
9914 27
9915 27
9916 27
9917 27
9918 27
9919 27
9920 27
9921 27
9922 27
9923 27
9924 27
9925 27
9926 27
9927 27
9928 28
9929 28
9930 28
9931 28
9932 28
9933 28
9934 28
9935 28
9936 28
9937 28
9938 28
9939 28
9940 28
9941 28
9942 28
9943 28
9944 28
9945 28
9946 28
9947 28
9948 28
9949 28
9950 28
9951 28
9952 28
9953 28
9954 28
9955 28
9956 28
9957 28
9958 28
9959 28
9960 28
9961 28
9962 28
9963 28
9964 28
9965 28
9966 28
9967 28
9968 28
9969 28
9970 28
9971 28
9972 28
9973 28
9974 28
9975 28
9976 28
9977 28
9978 28
9979 28
9980 28
9981 28
9982 28
9983 28
9984 28
9985 28
9986 28
9987 28
9988 28
9989 28
9990 28
9991 28
9992 28
9993 28
9994 28
9995 28
9996 28
9997 28
9998 28
9999 28
10000 28
