10 1
11 1
12 2
13 2
14 2
15 2
16 2
17 2
18 2
19 2
20 2
21 2
22 2
23 2
24 2
25 2
26 2
27 2
28 2
29 2
30 2
31 2
32 2
33 2
34 2
35 2
36 2
37 2
38 2
39 2
40 2
41 2
42 2
43 2
44 2
45 2
46 2
47 2
48 2
49 2
50 2
51 2
52 2
53 2
54 2
55 2
56 2
57 2
58 2
59 2
60 2
61 2
62 2
63 2
64 2
65 2
66 2
67 2
68 2
69 2
70 2
71 2
72 2
73 2
74 2
75 2
76 2
77 2
78 2
79 2
80 2
81 2
82 2
83 2
84 2
85 2
86 2
87 2
88 2
89 2
90 2
91 2
92 2
93 2
94 2
95 2
96 2
97 2
98 2
99 2
100 2
101 2
102 2
103 2
104 2
105 2
106 2
107 2
108 2
109 2
110 2
111 2
112 2
113 2
114 2
115 2
116 2
117 2
118 2
119 2
120 2
121 2
122 2
123 2
124 2
125 2
126 2
127 2
128 2
129 2
130 2
131 2
132 2
133 2
134 2
135 2
136 2
137 2
138 2
139 2
140 2
141 2
142 2
143 2
144 2
145 2
146 2
147 2
148 2
149 2
150 2
151 2
152 2
153 2
154 2
155 2
156 2
157 2
158 2
159 2
160 2
161 2
162 2
163 2
164 2
165 2
166 2
167 2
168 2
169 2
170 2
171 2
172 2
173 2
174 2
175 2
176 2
177 2
178 2
179 2
180 2
181 2
182 2
183 2
184 2
185 2
186 2
187 2
188 2
189 2
190 2
191 2
192 2
193 2
194 2
195 2
196 2
197 2
198 2
199 2
200 2
201 2
202 2
203 2
204 2
205 2
206 2
207 2
208 2
209 2
210 2
211 2
212 2
213 2
214 2
215 2
216 2
217 2
218 2
219 2
220 2
221 2
222 2
223 2
224 2
225 2
226 2
227 2
228 2
229 2
230 2
231 2
232 2
233 2
234 2
235 2
236 2
237 2
238 2
239 2
240 2
241 2
242 2
243 2
244 2
245 2
246 2
247 2
248 2
249 2
250 2
251 2
252 2
253 2
254 2
255 2
256 2
257 2
258 2
259 2
260 2
261 2
262 2
263 2
264 2
265 2
266 2
267 2
268 2
269 2
270 2
271 2
272 2
273 2
274 2
275 2
276 2
277 2
278 2
279 2
280 2
281 2
282 2
283 2
284 2
285 2
286 2
287 2
288 2
289 2
290 2
291 2
292 2
293 2
294 2
295 2
296 2
297 2
298 2
299 2
300 2
301 2
302 2
303 2
304 2
305 2
306 2
307 2
308 2
309 2
310 2
311 2
312 2
313 2
314 2
315 2
316 2
317 2
318 2
319 2
320 2
321 2
322 2
323 2
324 2
325 2
326 2
327 2
328 2
329 2
330 2
331 2
332 2
333 2
334 2
335 2
336 2
337 2
338 2
339 2
340 2
341 2
342 2
343 2
344 2
345 2
346 2
347 2
348 2
349 2
350 2
351 2
352 2
353 2
354 2
355 2
356 2
357 2
358 2
359 2
360 2
361 2
362 2
363 2
364 2
365 2
366 2
367 2
368 2
369 2
370 2
371 2
372 2
373 2
374 2
375 2
376 2
377 2
378 2
379 2
380 2
381 2
382 2
383 2
384 2
385 2
386 2
387 2
388 2
389 2
390 2
391 2
392 2
393 2
394 2
395 2
396 2
397 2
398 2
399 2
400 2
401 2
402 2
403 2
404 2
405 2
406 2
407 2
408 2
409 2
410 2
411 2
412 2
413 2
414 2
415 2
416 2
417 2
418 2
419 2
420 2
421 2
422 2
423 2
424 2
425 2
426 2
427 2
428 2
429 2
430 2
431 2
432 2
433 2
434 2
435 2
436 2
437 2
438 2
439 2
440 2
441 2
442 2
443 2
444 2
445 2
446 2
447 2
448 2
449 2
450 2
451 2
452 2
453 2
454 2
455 2
456 2
457 2
458 2
459 2
460 2
461 2
462 2
463 2
464 2
465 2
466 2
467 2
468 2
469 2
470 2
471 2
472 2
473 2
474 2
475 2
476 2
477 2
478 2
479 2
480 2
481 2
482 2
483 2
484 2
485 2
486 2
487 2
488 2
489 2
490 2
491 2
492 2
493 2
494 2
495 2
496 2
497 2
498 2
499 2
500 2
501 2
502 2
503 2
504 2
505 2
506 2
507 2
508 2
509 2
510 2
511 2
512 2
513 2
514 2
515 2
516 2
517 2
518 2
519 2
520 2
521 2
522 2
523 2
524 2
525 2
526 2
527 2
528 2
529 2
530 2
531 2
532 2
533 2
534 2
535 2
536 2
537 2
538 2
539 2
540 2
541 2
542 2
543 2
544 2
545 2
546 2
547 2
548 2
549 2
550 2
551 2
552 2
553 2
554 2
555 2
556 2
557 2
558 2
559 2
560 2
561 2
562 2
563 2
564 2
565 2
566 2
567 2
568 2
569 2
570 2
571 2
572 2
573 2
574 2
575 2
576 2
577 2
578 2
579 2
580 2
581 2
582 2
583 2
584 2
585 2
586 2
587 2
588 2
589 2
590 2
591 2
592 2
593 2
594 2
595 2
596 2
597 2
598 2
599 2
600 2
601 2
602 2
603 2
604 2
605 2
606 2
607 2
608 2
609 2
610 2
611 2
612 2
613 2
614 2
615 2
616 2
617 2
618 2
619 2
620 2
621 2
622 2
623 2
624 2
625 2
626 2
627 2
628 2
629 2
630 2
631 2
632 2
633 2
634 2
635 2
636 2
637 2
638 2
639 2
640 2
641 2
642 2
643 2
644 2
645 2
646 2
647 2
648 2
649 2
650 2
651 2
652 2
653 2
654 2
655 2
656 2
657 2
658 2
659 2
660 2
661 2
662 2
663 2
664 2
665 2
666 2
667 2
668 2
669 2
670 2
671 2
672 2
673 2
674 2
675 2
676 2
677 2
678 2
679 2
680 2
681 2
682 2
683 2
684 2
685 2
686 2
687 2
688 2
689 2
690 2
691 2
692 2
693 2
694 2
695 2
696 2
697 2
698 2
699 2
700 2
701 2
702 2
703 2
704 2
705 2
706 2
707 2
708 2
709 2
710 2
711 2
712 2
713 2
714 2
715 2
716 2
717 2
718 2
719 2
720 2
721 2
722 2
723 2
724 2
725 2
726 2
727 2
728 2
729 2
730 2
731 2
732 2
733 2
734 2
735 2
736 2
737 2
738 2
739 2
740 2
741 2
742 2
743 2
744 2
745 2
746 2
747 2
748 2
749 2
750 2
751 2
752 2
753 2
754 2
755 2
756 2
757 2
758 2
759 2
760 2
761 2
762 2
763 2
764 2
765 2
766 2
767 2
768 2
769 2
770 2
771 2
772 2
773 2
774 2
775 2
776 2
777 2
778 2
779 2
780 2
781 2
782 2
783 2
784 2
785 2
786 2
787 2
788 2
789 2
790 2
791 2
792 2
793 2
794 2
795 2
796 2
797 2
798 2
799 2
800 2
801 2
802 2
803 2
804 2
805 2
806 2
807 2
808 2
809 2
810 2
811 2
812 2
813 2
814 2
815 2
816 2
817 2
818 2
819 2
820 2
821 2
822 2
823 2
824 2
825 2
826 2
827 2
828 2
829 2
830 2
831 2
832 2
833 2
834 2
835 2
836 2
837 2
838 2
839 2
840 2
841 2
842 2
843 2
844 2
845 2
846 2
847 2
848 2
849 2
850 2
851 2
852 2
853 2
854 2
855 2
856 2
857 2
858 2
859 2
860 2
861 2
862 2
863 2
864 2
865 2
866 2
867 2
868 2
869 2
870 2
871 2
872 2
873 2
874 2
875 2
876 2
877 2
878 2
879 2
880 2
881 2
882 2
883 2
884 2
885 2
886 2
887 2
888 2
889 2
890 2
891 2
892 2
893 2
894 2
895 2
896 2
897 2
898 2
899 2
900 2
901 2
902 2
903 2
904 2
905 2
906 2
907 2
908 2
909 2
910 2
911 2
912 2
913 2
914 2
915 2
916 2
917 2
918 2
919 2
920 2
921 2
922 2
923 2
924 2
925 2
926 2
927 2
928 2
929 2
930 2
931 2
932 2
933 2
934 2
935 2
936 2
937 2
938 2
939 2
940 2
941 2
942 2
943 2
944 2
945 2
946 2
947 2
948 2
949 2
950 2
951 2
952 2
953 2
954 2
955 2
956 2
957 2
958 2
959 2
960 2
961 2
962 2
963 2
964 2
965 2
966 2
967 2
968 2
969 2
970 2
971 2
972 2
973 2
974 2
975 2
976 2
977 2
978 2
979 2
980 2
981 2
982 2
983 2
984 2
985 2
986 2
987 2
988 2
989 2
990 2
991 2
992 2
993 2
994 2
995 2
996 2
997 2
998 2
999 2
1000 2
1001 2
1002 2
1003 2
1004 2
1005 2
1006 2
1007 2
1008 2
1009 2
1010 2
1011 2
1012 2
1013 2
1014 2
1015 2
1016 2
1017 2
1018 2
1019 2
1020 2
1021 2
1022 2
1023 2
1024 2
1025 2
1026 2
1027 2
1028 2
1029 2
1030 2
1031 2
1032 2
1033 2
1034 2
1035 2
1036 2
1037 2
1038 2
1039 2
1040 2
1041 2
1042 2
1043 2
1044 2
1045 2
1046 2
1047 2
1048 2
1049 2
1050 2
1051 2
1052 2
1053 2
1054 2
1055 2
1056 2
1057 2
1058 2
1059 2
1060 2
1061 2
1062 2
1063 2
1064 2
1065 2
1066 2
1067 2
1068 2
1069 2
1070 2
1071 2
1072 2
1073 2
1074 2
1075 2
1076 2
1077 2
1078 2
1079 2
1080 2
1081 2
1082 2
1083 2
1084 2
1085 2
1086 2
1087 2
1088 2
1089 2
1090 2
1091 2
1092 2
1093 2
1094 2
1095 2
1096 2
1097 2
1098 2
1099 2
1100 2
1101 2
1102 2
1103 2
1104 2
1105 2
1106 2
1107 2
1108 2
1109 2
1110 2
1111 2
1112 2
1113 2
1114 2
1115 2
1116 2
1117 2
1118 2
1119 2
1120 2
1121 2
1122 2
1123 2
1124 2
1125 2
1126 2
1127 2
1128 2
1129 2
1130 2
1131 2
1132 2
1133 2
1134 2
1135 2
1136 2
1137 2
1138 2
1139 2
1140 2
1141 2
1142 2
1143 2
1144 2
1145 2
1146 2
1147 2
1148 2
1149 2
1150 2
1151 2
1152 2
1153 2
1154 2
1155 2
1156 2
1157 2
1158 2
1159 2
1160 2
1161 2
1162 2
1163 2
1164 2
1165 2
1166 2
1167 2
1168 2
1169 2
1170 2
1171 2
1172 2
1173 2
1174 2
1175 2
1176 2
1177 2
1178 2
1179 2
1180 2
1181 2
1182 2
1183 2
1184 2
1185 2
1186 2
1187 2
1188 2
1189 2
1190 2
1191 2
1192 2
1193 2
1194 2
1195 2
1196 2
1197 2
1198 2
1199 2
1200 2
1201 2
1202 2
1203 2
1204 2
1205 2
1206 2
1207 2
1208 2
1209 2
1210 2
1211 2
1212 2
1213 2
1214 2
1215 2
1216 2
1217 2
1218 2
1219 2
1220 2
1221 2
1222 2
1223 2
1224 2
1225 2
1226 2
1227 2
1228 2
1229 2
1230 2
1231 2
1232 2
1233 2
1234 2
1235 2
1236 2
1237 2
1238 2
1239 2
1240 2
1241 2
1242 2
1243 2
1244 2
1245 2
1246 2
1247 2
1248 2
1249 2
1250 2
1251 2
1252 2
1253 2
1254 2
1255 2
1256 2
1257 2
1258 2
1259 2
1260 2
1261 2
1262 2
1263 2
1264 2
1265 2
1266 2
1267 2
1268 2
1269 2
1270 2
1271 2
1272 2
1273 2
1274 2
1275 2
1276 2
1277 2
1278 2
1279 2
1280 2
1281 2
1282 2
1283 2
1284 2
1285 2
1286 2
1287 2
1288 2
1289 2
1290 2
1291 2
1292 2
1293 2
1294 2
1295 2
1296 2
1297 2
1298 2
1299 2
1300 2
1301 2
1302 2
1303 2
1304 2
1305 2
1306 2
1307 2
1308 2
1309 2
1310 2
1311 2
1312 2
1313 2
1314 2
1315 2
1316 2
1317 2
1318 2
1319 2
1320 2
1321 2
1322 2
1323 2
1324 2
1325 2
1326 2
1327 2
1328 2
1329 2
1330 2
1331 2
1332 2
1333 2
1334 2
1335 2
1336 2
1337 2
1338 2
1339 2
1340 2
1341 2
1342 2
1343 2
1344 2
1345 2
1346 2
1347 2
1348 2
1349 2
1350 2
1351 2
1352 2
1353 2
1354 2
1355 2
1356 2
1357 2
1358 2
1359 2
1360 2
1361 2
1362 2
1363 2
1364 2
1365 2
1366 2
1367 2
1368 2
1369 2
1370 2
1371 2
1372 2
1373 2
1374 2
1375 2
1376 2
1377 2
1378 2
1379 2
1380 2
1381 2
1382 2
1383 2
1384 2
1385 2
1386 2
1387 2
1388 2
1389 2
1390 2
1391 2
1392 2
1393 2
1394 2
1395 2
1396 2
1397 2
1398 2
1399 2
1400 2
1401 2
1402 2
1403 2
1404 2
1405 2
1406 2
1407 2
1408 2
1409 2
1410 2
1411 2
1412 2
1413 2
1414 2
1415 2
1416 2
1417 2
1418 2
1419 2
1420 2
1421 2
1422 2
1423 2
1424 2
1425 2
1426 2
1427 2
1428 2
1429 2
1430 2
1431 2
1432 2
1433 2
1434 2
1435 2
1436 2
1437 2
1438 2
1439 2
1440 2
1441 2
1442 2
1443 2
1444 2
1445 2
1446 2
1447 2
1448 2
1449 2
1450 2
1451 2
1452 2
1453 2
1454 2
1455 2
1456 2
1457 2
1458 2
1459 2
1460 2
1461 2
1462 2
1463 2
1464 2
1465 2
1466 2
1467 2
1468 2
1469 2
1470 2
1471 2
1472 2
1473 2
1474 2
1475 2
1476 2
1477 2
1478 2
1479 2
1480 2
1481 2
1482 2
1483 2
1484 2
1485 2
1486 2
1487 2
1488 2
1489 2
1490 2
1491 2
1492 2
1493 2
1494 2
1495 2
1496 2
1497 2
1498 2
1499 2
1500 2
1501 2
1502 2
1503 2
1504 2
1505 2
1506 2
1507 2
1508 2
1509 2
1510 2
1511 2
1512 2
1513 2
1514 2
1515 2
1516 2
1517 2
1518 2
1519 2
1520 2
1521 2
1522 2
1523 2
1524 2
1525 2
1526 2
1527 2
1528 2
1529 2
1530 2
1531 2
1532 2
1533 2
1534 2
1535 2
1536 2
1537 2
1538 2
1539 2
1540 2
1541 2
1542 2
1543 2
1544 2
1545 2
1546 2
1547 2
1548 2
1549 2
1550 2
1551 2
1552 2
1553 2
1554 2
1555 2
1556 2
1557 2
1558 2
1559 2
1560 2
1561 2
1562 2
1563 2
1564 2
1565 2
1566 2
1567 2
1568 2
1569 2
1570 2
1571 2
1572 2
1573 2
1574 2
1575 2
1576 3
1577 3
1578 3
1579 3
1580 3
1581 3
1582 3
1583 3
1584 3
1585 3
1586 3
1587 3
1588 3
1589 3
1590 3
1591 3
1592 3
1593 3
1594 3
1595 3
1596 3
1597 3
1598 3
1599 3
1600 3
1601 3
1602 3
1603 3
1604 3
1605 3
1606 3
1607 3
1608 3
1609 3
1610 3
1611 3
1612 3
1613 3
1614 3
1615 3
1616 3
1617 3
1618 3
1619 3
1620 3
1621 3
1622 3
1623 3
1624 3
1625 3
1626 3
1627 3
1628 3
1629 3
1630 3
1631 3
1632 3
1633 3
1634 3
1635 3
1636 3
1637 3
1638 3
1639 3
1640 3
1641 3
1642 3
1643 3
1644 3
1645 3
1646 3
1647 3
1648 3
1649 3
1650 3
1651 3
1652 3
1653 3
1654 3
1655 3
1656 3
1657 3
1658 3
1659 3
1660 3
1661 3
1662 3
1663 3
1664 3
1665 3
1666 3
1667 3
1668 3
1669 3
1670 3
1671 3
1672 3
1673 3
1674 3
1675 3
1676 3
1677 3
1678 3
1679 3
1680 3
1681 3
1682 3
1683 3
1684 3
1685 3
1686 3
1687 3
1688 3
1689 3
1690 3
1691 3
1692 3
1693 3
1694 3
1695 3
1696 3
1697 3
1698 3
1699 3
1700 3
1701 3
1702 3
1703 3
1704 3
1705 3
1706 3
1707 3
1708 3
1709 3
1710 3
1711 3
1712 3
1713 3
1714 3
1715 3
1716 3
1717 3
1718 3
1719 3
1720 3
1721 3
1722 3
1723 3
1724 3
1725 3
1726 3
1727 3
1728 3
1729 3
1730 3
1731 3
1732 3
1733 3
1734 3
1735 3
1736 3
1737 3
1738 3
1739 3
1740 3
1741 3
1742 3
1743 3
1744 3
1745 3
1746 3
1747 3
1748 3
1749 3
1750 3
1751 3
1752 3
1753 3
1754 3
1755 3
1756 3
1757 3
1758 3
1759 3
1760 3
1761 3
1762 3
1763 3
1764 3
1765 3
1766 3
1767 3
1768 3
1769 3
1770 3
1771 3
1772 3
1773 3
1774 3
1775 3
1776 3
1777 3
1778 3
1779 3
1780 3
1781 3
1782 3
1783 3
1784 3
1785 3
1786 3
1787 3
1788 3
1789 3
1790 3
1791 3
1792 3
1793 3
1794 3
1795 3
1796 3
1797 3
1798 3
1799 3
1800 3
1801 3
1802 3
1803 3
1804 3
1805 3
1806 3
1807 3
1808 3
1809 3
1810 3
1811 3
1812 3
1813 3
1814 3
1815 3
1816 3
1817 3
1818 3
1819 3
1820 3
1821 3
1822 3
1823 3
1824 3
1825 3
1826 3
1827 3
1828 3
1829 3
1830 3
1831 3
1832 3
1833 3
1834 3
1835 3
1836 3
1837 3
1838 3
1839 3
1840 3
1841 3
1842 3
1843 3
1844 3
1845 3
1846 3
1847 3
1848 3
1849 3
1850 3
1851 3
1852 3
1853 3
1854 3
1855 3
1856 3
1857 3
1858 3
1859 3
1860 3
1861 3
1862 3
1863 3
1864 3
1865 3
1866 3
1867 3
1868 3
1869 3
1870 3
1871 3
1872 3
1873 3
1874 3
1875 3
1876 3
1877 3
1878 3
1879 3
1880 3
1881 3
1882 3
1883 3
1884 3
1885 3
1886 3
1887 3
1888 3
1889 3
1890 3
1891 3
1892 3
1893 3
1894 3
1895 3
1896 3
1897 3
1898 3
1899 3
1900 3
1901 3
1902 3
1903 3
1904 3
1905 3
1906 3
1907 3
1908 3
1909 3
1910 3
1911 3
1912 3
1913 3
1914 3
1915 3
1916 3
1917 3
1918 3
1919 3
1920 3
1921 3
1922 3
1923 3
1924 3
1925 3
1926 3
1927 3
1928 3
1929 3
1930 3
1931 3
1932 3
1933 3
1934 3
1935 3
1936 3
1937 3
1938 3
1939 3
1940 3
1941 3
1942 3
1943 3
1944 3
1945 3
1946 3
1947 3
1948 3
1949 3
1950 3
1951 3
1952 3
1953 3
1954 3
1955 3
1956 3
1957 3
1958 3
1959 3
1960 3
1961 3
1962 3
1963 3
1964 3
1965 3
1966 3
1967 3
1968 3
1969 3
1970 3
1971 3
1972 3
1973 3
1974 3
1975 3
1976 3
1977 3
1978 3
1979 3
1980 3
1981 3
1982 3
1983 3
1984 3
1985 3
1986 3
1987 3
1988 3
1989 3
1990 3
1991 3
1992 3
1993 3
1994 3
1995 3
1996 3
1997 3
1998 3
1999 3
2000 3
2001 3
2002 3
2003 3
2004 3
2005 3
2006 3
2007 3
2008 3
2009 3
2010 3
2011 3
2012 3
2013 3
2014 3
2015 3
2016 3
2017 3
2018 3
2019 3
2020 3
2021 3
2022 3
2023 3
2024 3
2025 3
2026 3
2027 3
2028 3
2029 3
2030 3
2031 3
2032 3
2033 3
2034 3
2035 3
2036 3
2037 3
2038 3
2039 3
2040 3
2041 3
2042 3
2043 3
2044 3
2045 3
2046 3
2047 3
2048 3
2049 3
2050 3
2051 3
2052 3
2053 3
2054 3
2055 3
2056 3
2057 3
2058 3
2059 3
2060 3
2061 3
2062 3
2063 3
2064 3
2065 3
2066 3
2067 3
2068 3
2069 3
2070 3
2071 3
2072 3
2073 3
2074 3
2075 3
2076 3
2077 3
2078 3
2079 3
2080 3
2081 3
2082 3
2083 3
2084 3
2085 3
2086 3
2087 3
2088 3
2089 3
2090 3
2091 3
2092 3
2093 3
2094 3
2095 3
2096 3
2097 3
2098 3
2099 3
2100 3
2101 3
2102 3
2103 3
2104 3
2105 3
2106 3
2107 3
2108 3
2109 3
2110 3
2111 3
2112 3
2113 3
2114 3
2115 3
2116 3
2117 3
2118 3
2119 3
2120 3
2121 3
2122 3
2123 3
2124 3
2125 3
2126 3
2127 3
2128 3
2129 3
2130 3
2131 3
2132 3
2133 3
2134 3
2135 3
2136 3
2137 3
2138 3
2139 3
2140 3
2141 3
2142 3
2143 3
2144 3
2145 3
2146 3
2147 3
2148 3
2149 3
2150 3
2151 3
2152 3
2153 3
2154 3
2155 3
2156 3
2157 3
2158 3
2159 3
2160 3
2161 3
2162 3
2163 3
2164 3
2165 3
2166 3
2167 3
2168 3
2169 3
2170 3
2171 3
2172 3
2173 3
2174 3
2175 3
2176 3
2177 3
2178 3
2179 3
2180 3
2181 3
2182 3
2183 3
2184 3
2185 3
2186 3
2187 3
2188 3
2189 3
2190 3
2191 3
2192 3
2193 3
2194 3
2195 3
2196 3
2197 3
2198 3
2199 3
2200 3
2201 3
2202 3
2203 3
2204 3
2205 3
2206 3
2207 3
2208 3
2209 3
2210 3
2211 3
2212 3
2213 3
2214 3
2215 3
2216 3
2217 3
2218 3
2219 3
2220 3
2221 3
2222 3
2223 3
2224 3
2225 3
2226 3
2227 3
2228 3
2229 3
2230 3
2231 3
2232 3
2233 3
2234 3
2235 3
2236 3
2237 3
2238 3
2239 3
2240 3
2241 3
2242 3
2243 3
2244 3
2245 3
2246 3
2247 3
2248 3
2249 3
2250 3
2251 3
2252 3
2253 3
2254 3
2255 3
2256 3
2257 3
2258 3
2259 3
2260 3
2261 3
2262 3
2263 3
2264 3
2265 3
2266 3
2267 3
2268 3
2269 3
2270 3
2271 3
2272 3
2273 3
2274 3
2275 3
2276 3
2277 3
2278 3
2279 3
2280 3
2281 3
2282 3
2283 3
2284 3
2285 3
2286 3
2287 3
2288 3
2289 3
2290 3
2291 3
2292 3
2293 3
2294 3
2295 3
2296 3
2297 3
2298 3
2299 3
2300 3
2301 3
2302 3
2303 3
2304 3
2305 3
2306 3
2307 3
2308 3
2309 3
2310 3
2311 3
2312 3
2313 3
2314 3
2315 3
2316 3
2317 3
2318 3
2319 3
2320 3
2321 3
2322 3
2323 3
2324 3
2325 3
2326 3
2327 3
2328 3
2329 3
2330 3
2331 3
2332 3
2333 3
2334 3
2335 3
2336 3
2337 3
2338 3
2339 3
2340 3
2341 3
2342 3
2343 3
2344 3
2345 3
2346 3
2347 3
2348 3
2349 3
2350 3
2351 3
2352 3
2353 3
2354 3
2355 3
2356 3
2357 3
2358 3
2359 3
2360 3
2361 3
2362 3
2363 3
2364 3
2365 3
2366 3
2367 3
2368 3
2369 3
2370 3
2371 3
2372 3
2373 3
2374 3
2375 3
2376 3
2377 3
2378 3
2379 3
2380 3
2381 3
2382 3
2383 3
2384 3
2385 3
2386 3
2387 3
2388 3
2389 3
2390 3
2391 3
2392 3
2393 3
2394 3
2395 3
2396 3
2397 3
2398 3
2399 3
2400 3
2401 3
2402 3
2403 3
2404 3
2405 3
2406 3
2407 3
2408 3
2409 3
2410 3
2411 3
2412 3
2413 3
2414 3
2415 3
2416 3
2417 3
2418 3
2419 3
2420 3
2421 3
2422 3
2423 3
2424 3
2425 3
2426 3
2427 3
2428 3
2429 3
2430 3
2431 3
2432 3
2433 3
2434 3
2435 3
2436 3
2437 3
2438 3
2439 3
2440 3
2441 3
2442 3
2443 3
2444 3
2445 3
2446 3
2447 3
2448 3
2449 3
2450 3
2451 3
2452 3
2453 3
2454 3
2455 3
2456 3
2457 3
2458 3
2459 3
2460 3
2461 3
2462 3
2463 3
2464 3
2465 3
2466 3
2467 3
2468 3
2469 3
2470 3
2471 3
2472 3
2473 3
2474 3
2475 3
2476 3
2477 3
2478 3
2479 3
2480 3
2481 3
2482 3
2483 3
2484 3
2485 3
2486 3
2487 3
2488 3
2489 3
2490 3
2491 3
2492 3
2493 3
2494 3
2495 3
2496 3
2497 3
2498 3
2499 3
2500 3
2501 3
2502 3
2503 3
2504 3
2505 3
2506 3
2507 3
2508 3
2509 3
2510 3
2511 3
2512 3
2513 3
2514 3
2515 3
2516 3
2517 3
2518 3
2519 3
2520 3
2521 3
2522 3
2523 3
2524 3
2525 3
2526 3
2527 3
2528 3
2529 3
2530 3
2531 3
2532 3
2533 3
2534 3
2535 3
2536 3
2537 3
2538 3
2539 3
2540 3
2541 3
2542 3
2543 3
2544 3
2545 3
2546 3
2547 3
2548 3
2549 3
2550 3
2551 3
2552 3
2553 3
2554 3
2555 3
2556 3
2557 3
2558 3
2559 3
2560 3
2561 3
2562 3
2563 3
2564 3
2565 3
2566 3
2567 3
2568 3
2569 3
2570 3
2571 3
2572 3
2573 3
2574 3
2575 3
2576 3
2577 3
2578 3
2579 3
2580 4
2581 4
2582 4
2583 4
2584 4
2585 4
2586 4
2587 4
2588 4
2589 4
2590 4
2591 4
2592 4
2593 4
2594 4
2595 4
2596 4
2597 4
2598 4
2599 4
2600 4
2601 4
2602 4
2603 4
2604 4
2605 4
2606 4
2607 4
2608 4
2609 4
2610 4
2611 4
2612 4
2613 4
2614 4
2615 4
2616 4
2617 4
2618 4
2619 4
2620 4
2621 4
2622 4
2623 4
2624 4
2625 4
2626 4
2627 4
2628 4
2629 4
2630 4
2631 4
2632 4
2633 4
2634 4
2635 4
2636 4
2637 4
2638 4
2639 4
2640 4
2641 4
2642 4
2643 4
2644 4
2645 4
2646 4
2647 4
2648 4
2649 4
2650 4
2651 4
2652 4
2653 4
2654 4
2655 4
2656 4
2657 4
2658 4
2659 4
2660 4
2661 4
2662 4
2663 4
2664 4
2665 4
2666 4
2667 4
2668 4
2669 4
2670 4
2671 4
2672 4
2673 4
2674 4
2675 4
2676 4
2677 4
2678 4
2679 4
2680 4
2681 4
2682 4
2683 4
2684 4
2685 4
2686 4
2687 4
2688 4
2689 4
2690 4
2691 4
2692 4
2693 4
2694 4
2695 4
2696 4
2697 4
2698 4
2699 4
2700 4
2701 4
2702 4
2703 4
2704 4
2705 4
2706 4
2707 4
2708 4
2709 4
2710 4
2711 4
2712 4
2713 4
2714 4
2715 4
2716 4
2717 4
2718 4
2719 4
2720 4
2721 4
2722 4
2723 4
2724 4
2725 4
2726 4
2727 4
2728 4
2729 4
2730 4
2731 4
2732 4
2733 4
2734 4
2735 4
2736 4
2737 4
2738 4
2739 4
2740 4
2741 4
2742 4
2743 4
2744 4
2745 4
2746 4
2747 4
2748 4
2749 4
2750 4
2751 4
2752 4
2753 4
2754 4
2755 4
2756 4
2757 4
2758 4
2759 4
2760 4
2761 4
2762 4
2763 4
2764 4
2765 4
2766 4
2767 4
2768 4
2769 4
2770 4
2771 4
2772 4
2773 4
2774 4
2775 4
2776 4
2777 4
2778 4
2779 4
2780 4
2781 4
2782 4
2783 4
2784 4
2785 4
2786 4
2787 4
2788 4
2789 4
2790 4
2791 4
2792 4
2793 4
2794 4
2795 4
2796 4
2797 4
2798 4
2799 4
2800 4
2801 4
2802 4
2803 4
2804 4
2805 4
2806 4
2807 4
2808 4
2809 4
2810 4
2811 4
2812 4
2813 4
2814 4
2815 4
2816 4
2817 4
2818 4
2819 4
2820 4
2821 4
2822 4
2823 4
2824 4
2825 4
2826 4
2827 4
2828 4
2829 4
2830 4
2831 4
2832 4
2833 4
2834 4
2835 4
2836 4
2837 4
2838 4
2839 4
2840 4
2841 4
2842 4
2843 4
2844 4
2845 4
2846 4
2847 4
2848 4
2849 4
2850 4
2851 4
2852 4
2853 4
2854 4
2855 4
2856 4
2857 4
2858 4
2859 4
2860 4
2861 4
2862 4
2863 4
2864 4
2865 4
2866 4
2867 4
2868 4
2869 4
2870 4
2871 4
2872 4
2873 4
2874 4
2875 4
2876 4
2877 4
2878 4
2879 4
2880 4
2881 4
2882 4
2883 4
2884 4
2885 4
2886 4
2887 4
2888 4
2889 4
2890 4
2891 4
2892 4
2893 4
2894 4
2895 4
2896 4
2897 4
2898 4
2899 4
2900 4
2901 4
2902 4
2903 4
2904 4
2905 4
2906 4
2907 4
2908 4
2909 4
2910 4
2911 4
2912 4
2913 4
2914 4
2915 4
2916 4
2917 4
2918 4
2919 4
2920 4
2921 4
2922 4
2923 4
2924 4
2925 4
2926 4
2927 4
2928 4
2929 4
2930 4
2931 4
2932 4
2933 4
2934 4
2935 4
2936 4
2937 4
2938 4
2939 4
2940 4
2941 4
2942 4
2943 4
2944 4
2945 4
2946 4
2947 4
2948 4
2949 4
2950 4
2951 4
2952 4
2953 4
2954 4
2955 4
2956 4
2957 4
2958 4
2959 4
2960 4
2961 4
2962 4
2963 4
2964 4
2965 4
2966 4
2967 4
2968 4
2969 4
2970 4
2971 4
2972 4
2973 4
2974 4
2975 4
2976 4
2977 4
2978 4
2979 4
2980 4
2981 4
2982 4
2983 4
2984 4
2985 4
2986 4
2987 4
2988 4
2989 4
2990 4
2991 4
2992 4
2993 4
2994 4
2995 4
2996 4
2997 4
2998 4
2999 4
3000 4
3001 4
3002 4
3003 4
3004 4
3005 4
3006 4
3007 4
3008 4
3009 4
3010 4
3011 4
3012 4
3013 4
3014 4
3015 4
3016 4
3017 4
3018 4
3019 4
3020 4
3021 4
3022 4
3023 4
3024 4
3025 4
3026 4
3027 4
3028 4
3029 4
3030 4
3031 4
3032 4
3033 4
3034 4
3035 4
3036 4
3037 4
3038 4
3039 4
3040 4
3041 4
3042 4
3043 4
3044 4
3045 4
3046 4
3047 4
3048 4
3049 4
3050 4
3051 4
3052 4
3053 4
3054 4
3055 4
3056 4
3057 4
3058 4
3059 4
3060 4
3061 4
3062 4
3063 4
3064 4
3065 4
3066 4
3067 4
3068 4
3069 4
3070 4
3071 4
3072 4
3073 4
3074 4
3075 4
3076 4
3077 4
3078 4
3079 4
3080 4
3081 4
3082 4
3083 4
3084 4
3085 4
3086 4
3087 4
3088 4
3089 4
3090 4
3091 4
3092 4
3093 4
3094 4
3095 4
3096 4
3097 4
3098 4
3099 4
3100 4
3101 4
3102 4
3103 4
3104 4
3105 4
3106 4
3107 4
3108 4
3109 4
3110 4
3111 4
3112 4
3113 4
3114 4
3115 4
3116 4
3117 4
3118 4
3119 4
3120 4
3121 4
3122 4
3123 4
3124 4
3125 4
3126 4
3127 4
3128 4
3129 4
3130 4
3131 4
3132 4
3133 4
3134 4
3135 4
3136 4
3137 4
3138 4
3139 4
3140 4
3141 4
3142 4
3143 4
3144 4
3145 4
3146 4
3147 4
3148 4
3149 4
3150 4
3151 4
3152 4
3153 4
3154 4
3155 4
3156 4
3157 4
3158 4
3159 4
3160 4
3161 4
3162 4
3163 4
3164 4
3165 4
3166 4
3167 4
3168 4
3169 4
3170 4
3171 4
3172 4
3173 4
3174 4
3175 4
3176 4
3177 4
3178 4
3179 4
3180 4
3181 4
3182 4
3183 4
3184 4
3185 4
3186 4
3187 4
3188 4
3189 4
3190 4
3191 4
3192 4
3193 4
3194 4
3195 4
3196 4
3197 4
3198 4
3199 4
3200 4
3201 4
3202 4
3203 4
3204 4
3205 4
3206 4
3207 4
3208 4
3209 4
3210 4
3211 4
3212 4
3213 4
3214 4
3215 4
3216 4
3217 4
3218 4
3219 4
3220 4
3221 4
3222 4
3223 4
3224 4
3225 4
3226 4
3227 4
3228 4
3229 4
3230 4
3231 4
3232 4
3233 4
3234 4
3235 4
3236 4
3237 4
3238 4
3239 4
3240 4
3241 4
3242 4
3243 4
3244 4
3245 4
3246 4
3247 4
3248 4
3249 4
3250 4
3251 4
3252 4
3253 4
3254 4
3255 4
3256 4
3257 4
3258 4
3259 4
3260 4
3261 4
3262 4
3263 4
3264 4
3265 4
3266 4
3267 4
3268 4
3269 4
3270 4
3271 4
3272 4
3273 4
3274 4
3275 4
3276 4
3277 4
3278 4
3279 4
3280 4
3281 4
3282 4
3283 4
3284 4
3285 4
3286 4
3287 4
3288 4
3289 4
3290 4
3291 4
3292 4
3293 4
3294 4
3295 4
3296 4
3297 4
3298 4
3299 4
3300 4
3301 4
3302 4
3303 4
3304 4
3305 4
3306 4
3307 4
3308 4
3309 4
3310 4
3311 4
3312 4
3313 4
3314 4
3315 4
3316 4
3317 4
3318 4
3319 4
3320 4
3321 4
3322 4
3323 4
3324 4
3325 4
3326 4
3327 4
3328 4
3329 4
3330 4
3331 4
3332 4
3333 4
3334 4
3335 4
3336 4
3337 4
3338 4
3339 4
3340 4
3341 4
3342 4
3343 4
3344 4
3345 4
3346 4
3347 4
3348 4
3349 4
3350 4
3351 4
3352 4
3353 4
3354 4
3355 4
3356 4
3357 4
3358 4
3359 4
3360 4
3361 4
3362 4
3363 4
3364 4
3365 4
3366 4
3367 4
3368 4
3369 4
3370 4
3371 4
3372 4
3373 4
3374 4
3375 4
3376 4
3377 4
3378 4
3379 4
3380 4
3381 4
3382 4
3383 4
3384 4
3385 4
3386 4
3387 4
3388 4
3389 4
3390 4
3391 4
3392 4
3393 4
3394 4
3395 4
3396 4
3397 4
3398 4
3399 4
3400 4
3401 4
3402 4
3403 4
3404 4
3405 4
3406 4
3407 4
3408 4
3409 4
3410 4
3411 4
3412 4
3413 4
3414 4
3415 4
3416 4
3417 4
3418 4
3419 4
3420 4
3421 4
3422 4
3423 4
3424 4
3425 4
3426 4
3427 4
3428 4
3429 4
3430 4
3431 4
3432 4
3433 4
3434 4
3435 4
3436 4
3437 4
3438 4
3439 4
3440 4
3441 4
3442 4
3443 4
3444 4
3445 4
3446 4
3447 4
3448 4
3449 4
3450 4
3451 4
3452 4
3453 4
3454 4
3455 4
3456 4
3457 4
3458 4
3459 4
3460 4
3461 4
3462 4
3463 4
3464 4
3465 4
3466 4
3467 4
3468 4
3469 4
3470 4
3471 4
3472 4
3473 4
3474 4
3475 4
3476 4
3477 4
3478 4
3479 4
3480 4
3481 4
3482 4
3483 4
3484 4
3485 4
3486 4
3487 4
3488 4
3489 4
3490 4
3491 4
3492 4
3493 4
3494 4
3495 4
3496 4
3497 4
3498 4
3499 4
3500 4
3501 4
3502 4
3503 4
3504 4
3505 4
3506 4
3507 4
3508 4
3509 4
3510 4
3511 4
3512 4
3513 4
3514 4
3515 4
3516 4
3517 4
3518 4
3519 4
3520 4
3521 4
3522 4
3523 4
3524 4
3525 4
3526 4
3527 4
3528 4
3529 4
3530 4
3531 4
3532 4
3533 4
3534 4
3535 4
3536 4
3537 4
3538 4
3539 4
3540 4
3541 4
3542 4
3543 4
3544 4
3545 4
3546 4
3547 4
3548 4
3549 4
3550 4
3551 4
3552 4
3553 4
3554 4
3555 4
3556 4
3557 4
3558 4
3559 4
3560 4
3561 4
3562 4
3563 4
3564 4
3565 4
3566 4
3567 4
3568 4
3569 4
3570 4
3571 4
3572 4
3573 4
3574 4
3575 4
3576 4
3577 4
3578 4
3579 4
3580 4
3581 4
3582 4
3583 4
3584 4
3585 4
3586 4
3587 4
3588 4
3589 4
3590 4
3591 4
3592 4
3593 4
3594 4
3595 4
3596 4
3597 4
3598 4
3599 4
3600 4
3601 4
3602 4
3603 4
3604 4
3605 4
3606 4
3607 4
3608 4
3609 4
3610 4
3611 4
3612 4
3613 4
3614 4
3615 4
3616 4
3617 4
3618 4
3619 4
3620 4
3621 4
3622 4
3623 4
3624 4
3625 4
3626 4
3627 4
3628 4
3629 4
3630 4
3631 4
3632 4
3633 4
3634 4
3635 4
3636 4
3637 4
3638 4
3639 4
3640 4
3641 4
3642 4
3643 4
3644 4
3645 4
3646 4
3647 4
3648 4
3649 4
3650 4
3651 4
3652 4
3653 4
3654 4
3655 4
3656 4
3657 4
3658 4
3659 4
3660 4
3661 4
3662 4
3663 4
3664 4
3665 4
3666 4
3667 4
3668 4
3669 4
3670 4
3671 4
3672 4
3673 4
3674 4
3675 4
3676 4
3677 4
3678 4
3679 4
3680 4
3681 4
3682 4
3683 4
3684 4
3685 4
3686 4
3687 4
3688 4
3689 4
3690 4
3691 4
3692 4
3693 4
3694 4
3695 4
3696 4
3697 4
3698 4
3699 4
3700 4
3701 4
3702 4
3703 4
3704 4
3705 4
3706 4
3707 4
3708 4
3709 4
3710 4
3711 4
3712 4
3713 4
3714 4
3715 4
3716 4
3717 4
3718 4
3719 4
3720 4
3721 4
3722 4
3723 4
3724 4
3725 4
3726 4
3727 4
3728 4
3729 4
3730 4
3731 4
3732 4
3733 4
3734 4
3735 4
3736 4
3737 4
3738 4
3739 4
3740 4
3741 4
3742 4
3743 4
3744 4
3745 4
3746 4
3747 4
3748 4
3749 4
3750 4
3751 4
3752 4
3753 4
3754 4
3755 4
3756 4
3757 4
3758 4
3759 4
3760 4
3761 4
3762 4
3763 4
3764 4
3765 4
3766 4
3767 4
3768 4
3769 4
3770 4
3771 4
3772 4
3773 4
3774 4
3775 4
3776 4
3777 4
3778 4
3779 4
3780 4
3781 4
3782 4
3783 4
3784 4
3785 4
3786 4
3787 4
3788 4
3789 4
3790 4
3791 4
3792 4
3793 4
3794 4
3795 4
3796 4
3797 4
3798 4
3799 4
3800 4
3801 4
3802 4
3803 4
3804 4
3805 4
3806 4
3807 4
3808 4
3809 4
3810 4
3811 4
3812 4
3813 4
3814 4
3815 4
3816 4
3817 4
3818 4
3819 4
3820 4
3821 4
3822 4
3823 4
3824 4
3825 4
3826 4
3827 4
3828 4
3829 4
3830 4
3831 4
3832 4
3833 4
3834 4
3835 4
3836 4
3837 4
3838 4
3839 4
3840 4
3841 4
3842 4
3843 4
3844 4
3845 4
3846 4
3847 4
3848 4
3849 4
3850 4
3851 4
3852 4
3853 4
3854 4
3855 4
3856 4
3857 4
3858 4
3859 4
3860 4
3861 4
3862 4
3863 4
3864 4
3865 4
3866 4
3867 4
3868 4
3869 4
3870 4
3871 4
3872 4
3873 4
3874 4
3875 4
3876 4
3877 4
3878 4
3879 4
3880 4
3881 4
3882 4
3883 4
3884 4
3885 4
3886 4
3887 4
3888 4
3889 4
3890 4
3891 4
3892 4
3893 4
3894 4
3895 4
3896 4
3897 4
3898 4
3899 4
3900 4
3901 4
3902 4
3903 4
3904 4
3905 4
3906 4
3907 4
3908 4
3909 4
3910 4
3911 4
3912 4
3913 4
3914 4
3915 4
3916 4
3917 4
3918 4
3919 4
3920 4
3921 4
3922 4
3923 4
3924 4
3925 4
3926 4
3927 4
3928 4
3929 4
3930 4
3931 4
3932 4
3933 4
3934 4
3935 4
3936 4
3937 4
3938 4
3939 4
3940 4
3941 4
3942 4
3943 4
3944 4
3945 4
3946 4
3947 4
3948 4
3949 4
3950 4
3951 4
3952 4
3953 4
3954 4
3955 4
3956 4
3957 4
3958 4
3959 4
3960 4
3961 4
3962 4
3963 4
3964 4
3965 4
3966 4
3967 4
3968 4
3969 4
3970 4
3971 4
3972 4
3973 4
3974 4
3975 4
3976 4
3977 4
3978 4
3979 4
3980 4
3981 4
3982 4
3983 4
3984 4
3985 4
3986 4
3987 4
3988 4
3989 4
3990 4
3991 4
3992 4
3993 4
3994 4
3995 4
3996 4
3997 4
3998 4
3999 4
4000 4
4001 4
4002 4
4003 4
4004 4
4005 4
4006 4
4007 4
4008 4
4009 4
4010 4
4011 4
4012 4
4013 4
4014 4
4015 4
4016 4
4017 4
4018 4
4019 4
4020 4
4021 4
4022 4
4023 4
4024 4
4025 4
4026 4
4027 4
4028 4
4029 4
4030 4
4031 4
4032 4
4033 4
4034 4
4035 4
4036 4
4037 4
4038 4
4039 4
4040 4
4041 4
4042 4
4043 4
4044 4
4045 4
4046 4
4047 4
4048 4
4049 4
4050 4
4051 4
4052 4
4053 4
4054 4
4055 4
4056 4
4057 4
4058 4
4059 4
4060 4
4061 4
4062 4
4063 4
4064 4
4065 4
4066 4
4067 4
4068 4
4069 4
4070 4
4071 4
4072 4
4073 4
4074 4
4075 4
4076 4
4077 4
4078 4
4079 4
4080 4
4081 4
4082 4
4083 4
4084 4
4085 4
4086 4
4087 4
4088 4
4089 4
4090 4
4091 4
4092 4
4093 4
4094 4
4095 4
4096 4
4097 4
4098 4
4099 4
4100 4
4101 4
4102 4
4103 4
4104 4
4105 4
4106 4
4107 4
4108 4
4109 4
4110 4
4111 4
4112 4
4113 4
4114 4
4115 4
4116 4
4117 4
4118 4
4119 4
4120 4
4121 4
4122 4
4123 4
4124 4
4125 4
4126 4
4127 4
4128 4
4129 4
4130 4
4131 4
4132 4
4133 4
4134 4
4135 4
4136 4
4137 4
4138 4
4139 4
4140 4
4141 4
4142 4
4143 4
4144 4
4145 4
4146 4
4147 4
4148 4
4149 4
4150 4
4151 4
4152 4
4153 4
4154 4
4155 4
4156 4
4157 4
4158 4
4159 4
4160 4
4161 4
4162 4
4163 4
4164 4
4165 4
4166 4
4167 4
4168 4
4169 4
4170 4
4171 4
4172 4
4173 4
4174 4
4175 4
4176 4
4177 4
4178 4
4179 4
4180 4
4181 4
4182 4
4183 4
4184 4
4185 4
4186 4
4187 4
4188 4
4189 4
4190 4
4191 4
4192 4
4193 4
4194 4
4195 4
4196 4
4197 4
4198 4
4199 4
4200 4
4201 4
4202 4
4203 4
4204 4
4205 4
4206 4
4207 4
4208 4
4209 4
4210 4
4211 4
4212 4
4213 4
4214 4
4215 4
4216 4
4217 4
4218 4
4219 4
4220 4
4221 4
4222 4
4223 4
4224 4
4225 4
4226 4
4227 4
4228 4
4229 4
4230 4
4231 4
4232 4
4233 4
4234 4
4235 4
4236 4
4237 4
4238 4
4239 4
4240 4
4241 4
4242 4
4243 4
4244 4
4245 4
4246 4
4247 4
4248 4
4249 4
4250 4
4251 4
4252 4
4253 4
4254 4
4255 4
4256 4
4257 4
4258 4
4259 4
4260 4
4261 4
4262 4
4263 4
4264 4
4265 4
4266 4
4267 4
4268 4
4269 4
4270 4
4271 4
4272 4
4273 4
4274 4
4275 4
4276 4
4277 4
4278 4
4279 4
4280 4
4281 4
4282 4
4283 4
4284 4
4285 4
4286 4
4287 4
4288 4
4289 4
4290 4
4291 4
4292 4
4293 4
4294 4
4295 4
4296 4
4297 4
4298 4
4299 4
4300 4
4301 4
4302 4
4303 4
4304 4
4305 4
4306 4
4307 4
4308 4
4309 4
4310 4
4311 4
4312 4
4313 4
4314 4
4315 4
4316 4
4317 4
4318 4
4319 4
4320 4
4321 4
4322 4
4323 4
4324 4
4325 4
4326 4
4327 4
4328 4
4329 4
4330 4
4331 4
4332 4
4333 4
4334 4
4335 4
4336 4
4337 4
4338 4
4339 4
4340 4
4341 4
4342 4
4343 4
4344 4
4345 4
4346 4
4347 4
4348 4
4349 4
4350 4
4351 4
4352 4
4353 4
4354 4
4355 4
4356 4
4357 4
4358 4
4359 4
4360 4
4361 4
4362 4
4363 4
4364 4
4365 4
4366 4
4367 4
4368 4
4369 4
4370 4
4371 4
4372 4
4373 4
4374 4
4375 4
4376 4
4377 4
4378 4
4379 4
4380 4
4381 4
4382 4
4383 4
4384 4
4385 4
4386 4
4387 4
4388 4
4389 4
4390 4
4391 4
4392 4
4393 4
4394 4
4395 4
4396 4
4397 4
4398 4
4399 4
4400 4
4401 4
4402 4
4403 4
4404 4
4405 4
4406 4
4407 4
4408 4
4409 4
4410 4
4411 4
4412 4
4413 4
4414 4
4415 4
4416 4
4417 4
4418 4
4419 4
4420 4
4421 4
4422 4
4423 4
4424 4
4425 4
4426 4
4427 4
4428 4
4429 4
4430 4
4431 4
4432 4
4433 4
4434 4
4435 4
4436 4
4437 4
4438 4
4439 4
4440 4
4441 4
4442 4
4443 4
4444 4
4445 4
4446 4
4447 4
4448 4
4449 4
4450 4
4451 4
4452 4
4453 4
4454 4
4455 4
4456 4
4457 4
4458 4
4459 4
4460 4
4461 4
4462 4
4463 4
4464 4
4465 4
4466 4
4467 4
4468 4
4469 4
4470 4
4471 4
4472 4
4473 4
4474 4
4475 4
4476 4
4477 4
4478 4
4479 4
4480 4
4481 4
4482 4
4483 4
4484 4
4485 4
4486 4
4487 4
4488 4
4489 4
4490 4
4491 4
4492 4
4493 4
4494 4
4495 4
4496 4
4497 4
4498 4
4499 4
4500 4
4501 4
4502 4
4503 4
4504 4
4505 4
4506 4
4507 4
4508 4
4509 4
4510 4
4511 4
4512 4
4513 4
4514 4
4515 4
4516 4
4517 4
4518 4
4519 4
4520 4
4521 4
4522 4
4523 4
4524 4
4525 4
4526 4
4527 4
4528 4
4529 4
4530 4
4531 4
4532 4
4533 4
4534 4
4535 4
4536 4
4537 4
4538 4
4539 4
4540 4
4541 4
4542 4
4543 4
4544 4
4545 4
4546 4
4547 4
4548 4
4549 4
4550 4
4551 4
4552 4
4553 4
4554 4
4555 4
4556 4
4557 4
4558 4
4559 4
4560 4
4561 4
4562 4
4563 4
4564 4
4565 4
4566 4
4567 4
4568 4
4569 4
4570 4
4571 4
4572 4
4573 4
4574 4
4575 4
4576 4
4577 4
4578 4
4579 4
4580 4
4581 4
4582 4
4583 4
4584 4
4585 4
4586 4
4587 4
4588 4
4589 4
4590 4
4591 4
4592 4
4593 4
4594 4
4595 4
4596 4
4597 4
4598 4
4599 4
4600 4
4601 4
4602 4
4603 4
4604 4
4605 4
4606 4
4607 4
4608 4
4609 4
4610 4
4611 4
4612 4
4613 4
4614 4
4615 4
4616 4
4617 4
4618 4
4619 4
4620 4
4621 4
4622 4
4623 4
4624 4
4625 4
4626 4
4627 4
4628 4
4629 4
4630 4
4631 4
4632 4
4633 4
4634 4
4635 4
4636 4
4637 4
4638 4
4639 4
4640 4
4641 4
4642 4
4643 4
4644 4
4645 4
4646 4
4647 4
4648 4
4649 4
4650 4
4651 4
4652 4
4653 4
4654 4
4655 4
4656 4
4657 4
4658 4
4659 4
4660 4
4661 4
4662 4
4663 4
4664 4
4665 4
4666 4
4667 4
4668 4
4669 4
4670 4
4671 4
4672 4
4673 4
4674 4
4675 4
4676 4
4677 4
4678 4
4679 4
4680 4
4681 4
4682 4
4683 4
4684 4
4685 4
4686 4
4687 4
4688 4
4689 4
4690 4
4691 4
4692 4
4693 4
4694 4
4695 4
4696 4
4697 4
4698 4
4699 4
4700 4
4701 4
4702 4
4703 4
4704 4
4705 4
4706 4
4707 4
4708 4
4709 4
4710 4
4711 4
4712 4
4713 4
4714 4
4715 4
4716 4
4717 4
4718 4
4719 4
4720 4
4721 4
4722 4
4723 4
4724 4
4725 4
4726 4
4727 4
4728 4
4729 4
4730 4
4731 4
4732 4
4733 4
4734 4
4735 4
4736 4
4737 4
4738 4
4739 4
4740 4
4741 4
4742 4
4743 4
4744 4
4745 4
4746 4
4747 4
4748 4
4749 4
4750 4
4751 4
4752 4
4753 4
4754 4
4755 4
4756 4
4757 4
4758 4
4759 4
4760 4
4761 4
4762 4
4763 4
4764 4
4765 4
4766 4
4767 4
4768 4
4769 4
4770 4
4771 4
4772 4
4773 4
4774 4
4775 4
4776 4
4777 4
4778 4
4779 4
4780 4
4781 4
4782 4
4783 4
4784 4
4785 4
4786 4
4787 4
4788 4
4789 4
4790 4
4791 4
4792 4
4793 4
4794 4
4795 4
4796 4
4797 4
4798 4
4799 4
4800 4
4801 4
4802 4
4803 4
4804 4
4805 4
4806 4
4807 4
4808 4
4809 4
4810 4
4811 4
4812 4
4813 4
4814 4
4815 4
4816 4
4817 4
4818 4
4819 4
4820 4
4821 4
4822 4
4823 4
4824 4
4825 4
4826 4
4827 4
4828 4
4829 4
4830 4
4831 4
4832 4
4833 4
4834 4
4835 4
4836 4
4837 4
4838 4
4839 4
4840 4
4841 4
4842 4
4843 4
4844 4
4845 4
4846 4
4847 4
4848 4
4849 4
4850 4
4851 4
4852 4
4853 4
4854 4
4855 4
4856 4
4857 4
4858 4
4859 4
4860 4
4861 4
4862 4
4863 4
4864 4
4865 4
4866 4
4867 4
4868 4
4869 4
4870 4
4871 4
4872 4
4873 4
4874 4
4875 4
4876 4
4877 4
4878 4
4879 4
4880 4
4881 4
4882 4
4883 4
4884 4
4885 4
4886 4
4887 4
4888 4
4889 4
4890 4
4891 4
4892 4
4893 4
4894 4
4895 4
4896 4
4897 4
4898 4
4899 4
4900 4
4901 4
4902 4
4903 4
4904 4
4905 4
4906 4
4907 4
4908 4
4909 4
4910 4
4911 4
4912 4
4913 4
4914 4
4915 4
4916 4
4917 4
4918 4
4919 4
4920 4
4921 4
4922 4
4923 4
4924 4
4925 4
4926 4
4927 4
4928 4
4929 4
4930 4
4931 4
4932 4
4933 4
4934 4
4935 4
4936 4
4937 4
4938 4
4939 4
4940 4
4941 4
4942 4
4943 4
4944 4
4945 4
4946 4
4947 4
4948 4
4949 4
4950 4
4951 4
4952 4
4953 4
4954 4
4955 4
4956 4
4957 4
4958 4
4959 4
4960 4
4961 4
4962 4
4963 4
4964 4
4965 4
4966 4
4967 4
4968 4
4969 4
4970 4
4971 4
4972 4
4973 4
4974 4
4975 4
4976 4
4977 4
4978 4
4979 4
4980 4
4981 4
4982 4
4983 4
4984 4
4985 4
4986 4
4987 4
4988 4
4989 4
4990 4
4991 4
4992 4
4993 4
4994 4
4995 4
4996 4
4997 4
4998 4
4999 4
5000 4
5001 4
5002 4
5003 4
5004 4
5005 4
5006 4
5007 4
5008 4
5009 4
5010 4
5011 4
5012 4
5013 4
5014 4
5015 4
5016 4
5017 4
5018 4
5019 4
5020 4
5021 4
5022 4
5023 4
5024 4
5025 4
5026 4
5027 4
5028 4
5029 4
5030 4
5031 4
5032 4
5033 4
5034 4
5035 4
5036 4
5037 4
5038 4
5039 4
5040 4
5041 4
5042 4
5043 4
5044 4
5045 4
5046 4
5047 4
5048 4
5049 4
5050 4
5051 4
5052 4
5053 4
5054 4
5055 4
5056 4
5057 4
5058 4
5059 4
5060 4
5061 4
5062 4
5063 4
5064 4
5065 4
5066 4
5067 4
5068 4
5069 4
5070 4
5071 4
5072 4
5073 4
5074 4
5075 4
5076 4
5077 4
5078 4
5079 4
5080 4
5081 4
5082 4
5083 4
5084 4
5085 4
5086 4
5087 4
5088 4
5089 4
5090 4
5091 4
5092 4
5093 4
5094 4
5095 4
5096 4
5097 4
5098 4
5099 4
5100 4
5101 4
5102 4
5103 4
5104 4
5105 4
5106 4
5107 4
5108 4
5109 4
5110 4
5111 4
5112 4
5113 4
5114 4
5115 4
5116 4
5117 4
5118 4
5119 4
5120 4
5121 4
5122 4
5123 4
5124 4
5125 4
5126 4
5127 4
5128 4
5129 4
5130 4
5131 4
5132 4
5133 4
5134 4
5135 4
5136 4
5137 4
5138 4
5139 4
5140 4
5141 4
5142 4
5143 4
5144 4
5145 4
5146 4
5147 4
5148 4
5149 4
5150 4
5151 4
5152 4
5153 4
5154 4
5155 4
5156 4
5157 4
5158 4
5159 4
5160 4
5161 4
5162 4
5163 4
5164 4
5165 4
5166 4
5167 4
5168 4
5169 4
5170 4
5171 4
5172 4
5173 4
5174 4
5175 4
5176 4
5177 4
5178 4
5179 4
5180 4
5181 4
5182 4
5183 4
5184 4
5185 4
5186 4
5187 4
5188 4
5189 4
5190 4
5191 4
5192 4
5193 4
5194 4
5195 4
5196 4
5197 4
5198 4
5199 4
5200 4
5201 4
5202 4
5203 4
5204 4
5205 4
5206 4
5207 4
5208 4
5209 4
5210 4
5211 4
5212 4
5213 4
5214 4
5215 4
5216 4
5217 4
5218 4
5219 4
5220 4
5221 4
5222 4
5223 4
5224 4
5225 4
5226 4
5227 4
5228 4
5229 4
5230 4
5231 4
5232 4
5233 4
5234 4
5235 4
5236 4
5237 4
5238 4
5239 4
5240 4
5241 4
5242 4
5243 4
5244 4
5245 4
5246 4
5247 4
5248 4
5249 4
5250 4
5251 4
5252 4
5253 4
5254 4
5255 4
5256 4
5257 4
5258 4
5259 4
5260 4
5261 4
5262 4
5263 4
5264 4
5265 4
5266 4
5267 4
5268 4
5269 4
5270 4
5271 4
5272 4
5273 4
5274 4
5275 4
5276 4
5277 4
5278 4
5279 4
5280 4
5281 4
5282 4
5283 4
5284 4
5285 4
5286 4
5287 4
5288 4
5289 4
5290 4
5291 4
5292 4
5293 4
5294 4
5295 4
5296 4
5297 4
5298 4
5299 4
5300 4
5301 4
5302 4
5303 4
5304 4
5305 4
5306 4
5307 4
5308 4
5309 4
5310 4
5311 4
5312 4
5313 4
5314 4
5315 4
5316 4
5317 4
5318 4
5319 4
5320 4
5321 4
5322 4
5323 4
5324 4
5325 4
5326 4
5327 4
5328 4
5329 4
5330 4
5331 4
5332 4
5333 4
5334 4
5335 4
5336 4
5337 4
5338 4
5339 4
5340 4
5341 4
5342 4
5343 4
5344 4
5345 4
5346 4
5347 4
5348 4
5349 4
5350 4
5351 4
5352 4
5353 4
5354 4
5355 4
5356 4
5357 4
5358 4
5359 4
5360 4
5361 4
5362 4
5363 4
5364 4
5365 4
5366 4
5367 4
5368 4
5369 4
5370 4
5371 4
5372 4
5373 4
5374 4
5375 4
5376 4
5377 4
5378 4
5379 4
5380 4
5381 4
5382 4
5383 4
5384 4
5385 4
5386 4
5387 4
5388 4
5389 4
5390 4
5391 4
5392 4
5393 4
5394 4
5395 4
5396 4
5397 4
5398 4
5399 4
5400 4
5401 4
5402 4
5403 4
5404 4
5405 4
5406 4
5407 4
5408 4
5409 4
5410 4
5411 4
5412 4
5413 4
5414 4
5415 4
5416 4
5417 4
5418 4
5419 4
5420 4
5421 4
5422 4
5423 4
5424 4
5425 4
5426 4
5427 4
5428 4
5429 4
5430 4
5431 4
5432 4
5433 4
5434 4
5435 4
5436 4
5437 4
5438 4
5439 4
5440 4
5441 4
5442 4
5443 4
5444 4
5445 4
5446 4
5447 4
5448 4
5449 4
5450 4
5451 4
5452 4
5453 4
5454 4
5455 4
5456 4
5457 4
5458 4
5459 4
5460 4
5461 4
5462 4
5463 4
5464 4
5465 4
5466 4
5467 4
5468 4
5469 4
5470 4
5471 4
5472 4
5473 4
5474 4
5475 4
5476 4
5477 4
5478 4
5479 4
5480 4
5481 4
5482 4
5483 4
5484 4
5485 4
5486 4
5487 4
5488 4
5489 4
5490 4
5491 4
5492 4
5493 4
5494 4
5495 4
5496 4
5497 4
5498 4
5499 4
5500 4
5501 4
5502 4
5503 4
5504 4
5505 4
5506 4
5507 4
5508 4
5509 4
5510 4
5511 4
5512 4
5513 4
5514 4
5515 4
5516 4
5517 4
5518 4
5519 4
5520 4
5521 4
5522 4
5523 4
5524 4
5525 4
5526 4
5527 4
5528 4
5529 4
5530 4
5531 4
5532 4
5533 4
5534 4
5535 4
5536 4
5537 4
5538 4
5539 4
5540 4
5541 4
5542 4
5543 4
5544 4
5545 4
5546 4
5547 4
5548 4
5549 4
5550 4
5551 4
5552 4
5553 4
5554 4
5555 4
5556 4
5557 4
5558 4
5559 4
5560 4
5561 4
5562 4
5563 4
5564 4
5565 4
5566 4
5567 4
5568 4
5569 4
5570 4
5571 4
5572 4
5573 4
5574 4
5575 4
5576 4
5577 4
5578 4
5579 4
5580 4
5581 4
5582 4
5583 4
5584 4
5585 4
5586 4
5587 4
5588 4
5589 4
5590 4
5591 4
5592 4
5593 4
5594 4
5595 4
5596 4
5597 4
5598 4
5599 4
5600 4
5601 4
5602 4
5603 4
5604 4
5605 4
5606 4
5607 4
5608 4
5609 4
5610 4
5611 4
5612 4
5613 4
5614 4
5615 4
5616 4
5617 4
5618 4
5619 4
5620 4
5621 4
5622 4
5623 4
5624 4
5625 4
5626 4
5627 4
5628 4
5629 4
5630 4
5631 4
5632 4
5633 4
5634 4
5635 4
5636 4
5637 4
5638 4
5639 4
5640 4
5641 4
5642 4
5643 4
5644 4
5645 4
5646 4
5647 4
5648 4
5649 4
5650 4
5651 4
5652 4
5653 4
5654 4
5655 4
5656 4
5657 4
5658 4
5659 4
5660 4
5661 4
5662 4
5663 4
5664 4
5665 4
5666 4
5667 4
5668 4
5669 4
5670 4
5671 4
5672 4
5673 4
5674 4
5675 4
5676 4
5677 4
5678 4
5679 4
5680 4
5681 4
5682 4
5683 4
5684 4
5685 4
5686 4
5687 4
5688 4
5689 4
5690 4
5691 4
5692 4
5693 4
5694 4
5695 4
5696 4
5697 4
5698 4
5699 4
5700 4
5701 4
5702 4
5703 4
5704 4
5705 4
5706 4
5707 4
5708 4
5709 4
5710 4
5711 4
5712 4
5713 4
5714 4
5715 4
5716 4
5717 4
5718 4
5719 4
5720 4
5721 4
5722 4
5723 4
5724 4
5725 4
5726 4
5727 4
5728 4
5729 4
5730 4
5731 4
5732 4
5733 4
5734 4
5735 4
5736 4
5737 4
5738 4
5739 4
5740 4
5741 4
5742 4
5743 4
5744 4
5745 4
5746 4
5747 4
5748 4
5749 4
5750 4
5751 4
5752 4
5753 4
5754 4
5755 4
5756 4
5757 4
5758 4
5759 4
5760 4
5761 4
5762 4
5763 4
5764 4
5765 4
5766 4
5767 4
5768 4
5769 4
5770 4
5771 4
5772 4
5773 4
5774 4
5775 4
5776 4
5777 4
5778 4
5779 4
5780 4
5781 4
5782 4
5783 4
5784 4
5785 4
5786 4
5787 4
5788 4
5789 4
5790 4
5791 4
5792 4
5793 4
5794 4
5795 4
5796 4
5797 4
5798 4
5799 4
5800 4
5801 4
5802 4
5803 4
5804 4
5805 4
5806 4
5807 4
5808 4
5809 4
5810 4
5811 4
5812 4
5813 4
5814 4
5815 4
5816 4
5817 4
5818 4
5819 4
5820 4
5821 4
5822 4
5823 4
5824 4
5825 4
5826 4
5827 4
5828 4
5829 4
5830 4
5831 4
5832 4
5833 4
5834 4
5835 4
5836 4
5837 4
5838 4
5839 4
5840 4
5841 4
5842 4
5843 4
5844 4
5845 4
5846 4
5847 4
5848 4
5849 4
5850 4
5851 4
5852 4
5853 4
5854 4
5855 4
5856 4
5857 4
5858 4
5859 4
5860 4
5861 4
5862 4
5863 4
5864 4
5865 4
5866 4
5867 4
5868 4
5869 4
5870 4
5871 4
5872 4
5873 4
5874 4
5875 4
5876 4
5877 4
5878 4
5879 4
5880 4
5881 4
5882 4
5883 4
5884 4
5885 4
5886 4
5887 4
5888 4
5889 4
5890 4
5891 4
5892 4
5893 4
5894 4
5895 4
5896 4
5897 4
5898 4
5899 4
5900 4
5901 4
5902 4
5903 4
5904 4
5905 4
5906 4
5907 4
5908 4
5909 4
5910 4
5911 4
5912 4
5913 4
5914 4
5915 4
5916 4
5917 4
5918 4
5919 4
5920 4
5921 4
5922 4
5923 4
5924 4
5925 4
5926 4
5927 4
5928 4
5929 4
5930 4
5931 4
5932 4
5933 4
5934 4
5935 4
5936 4
5937 4
5938 4
5939 4
5940 4
5941 4
5942 4
5943 4
5944 4
5945 4
5946 4
5947 4
5948 4
5949 4
5950 4
5951 4
5952 4
5953 4
5954 4
5955 4
5956 4
5957 4
5958 4
5959 4
5960 4
5961 4
5962 4
5963 4
5964 4
5965 4
5966 4
5967 4
5968 4
5969 4
5970 4
5971 4
5972 4
5973 4
5974 4
5975 4
5976 4
5977 4
5978 4
5979 4
5980 4
5981 4
5982 4
5983 4
5984 4
5985 4
5986 4
5987 4
5988 4
5989 4
5990 4
5991 4
5992 4
5993 4
5994 4
5995 4
5996 4
5997 4
5998 4
5999 4
6000 4
6001 4
6002 4
6003 4
6004 4
6005 4
6006 4
6007 4
6008 4
6009 4
6010 4
6011 4
6012 4
6013 4
6014 4
6015 4
6016 4
6017 4
6018 4
6019 4
6020 4
6021 4
6022 4
6023 4
6024 4
6025 4
6026 4
6027 4
6028 4
6029 4
6030 4
6031 4
6032 4
6033 4
6034 4
6035 4
6036 4
6037 4
6038 4
6039 4
6040 4
6041 4
6042 4
6043 4
6044 4
6045 4
6046 4
6047 4
6048 4
6049 4
6050 4
6051 4
6052 4
6053 4
6054 4
6055 4
6056 4
6057 4
6058 4
6059 4
6060 4
6061 4
6062 4
6063 4
6064 4
6065 4
6066 4
6067 4
6068 4
6069 4
6070 4
6071 4
6072 4
6073 4
6074 4
6075 4
6076 4
6077 4
6078 4
6079 4
6080 4
6081 4
6082 4
6083 4
6084 4
6085 4
6086 4
6087 4
6088 4
6089 4
6090 4
6091 4
6092 4
6093 4
6094 4
6095 4
6096 4
6097 4
6098 4
6099 4
6100 4
6101 4
6102 4
6103 4
6104 4
6105 4
6106 4
6107 4
6108 4
6109 4
6110 4
6111 4
6112 4
6113 4
6114 4
6115 4
6116 4
6117 4
6118 4
6119 4
6120 4
6121 4
6122 4
6123 4
6124 4
6125 4
6126 4
6127 4
6128 4
6129 4
6130 4
6131 4
6132 4
6133 4
6134 4
6135 4
6136 4
6137 4
6138 4
6139 4
6140 4
6141 4
6142 4
6143 4
6144 4
6145 4
6146 4
6147 4
6148 4
6149 4
6150 4
6151 4
6152 4
6153 4
6154 4
6155 4
6156 4
6157 4
6158 4
6159 4
6160 4
6161 4
6162 4
6163 4
6164 4
6165 4
6166 4
6167 4
6168 4
6169 4
6170 4
6171 4
6172 4
6173 4
6174 4
6175 4
6176 4
6177 4
6178 4
6179 4
6180 4
6181 4
6182 4
6183 4
6184 4
6185 4
6186 4
6187 4
6188 4
6189 4
6190 4
6191 4
6192 4
6193 4
6194 4
6195 4
6196 4
6197 4
6198 4
6199 4
6200 4
6201 4
6202 4
6203 4
6204 4
6205 4
6206 4
6207 4
6208 4
6209 4
6210 4
6211 4
6212 4
6213 4
6214 4
6215 4
6216 4
6217 4
6218 4
6219 4
6220 4
6221 4
6222 4
6223 4
6224 4
6225 4
6226 4
6227 4
6228 4
6229 4
6230 4
6231 4
6232 4
6233 4
6234 4
6235 4
6236 4
6237 4
6238 4
6239 4
6240 4
6241 4
6242 4
6243 4
6244 4
6245 4
6246 4
6247 4
6248 4
6249 4
6250 4
6251 4
6252 4
6253 4
6254 4
6255 4
6256 4
6257 4
6258 4
6259 4
6260 4
6261 4
6262 4
6263 4
6264 4
6265 4
6266 4
6267 4
6268 4
6269 4
6270 4
6271 4
6272 4
6273 4
6274 4
6275 4
6276 4
6277 4
6278 4
6279 4
6280 4
6281 4
6282 4
6283 4
6284 4
6285 4
6286 4
6287 4
6288 4
6289 4
6290 4
6291 4
6292 4
6293 4
6294 4
6295 4
6296 4
6297 4
6298 4
6299 4
6300 4
6301 4
6302 4
6303 4
6304 4
6305 4
6306 4
6307 4
6308 4
6309 4
6310 4
6311 4
6312 4
6313 4
6314 4
6315 4
6316 4
6317 4
6318 4
6319 4
6320 4
6321 4
6322 4
6323 4
6324 4
6325 4
6326 4
6327 4
6328 4
6329 4
6330 4
6331 4
6332 4
6333 4
6334 4
6335 4
6336 4
6337 4
6338 4
6339 4
6340 4
6341 4
6342 4
6343 4
6344 4
6345 4
6346 4
6347 4
6348 4
6349 4
6350 4
6351 4
6352 4
6353 4
6354 4
6355 4
6356 4
6357 4
6358 4
6359 4
6360 4
6361 4
6362 4
6363 4
6364 4
6365 4
6366 4
6367 4
6368 4
6369 4
6370 4
6371 4
6372 4
6373 4
6374 4
6375 4
6376 4
6377 4
6378 4
6379 4
6380 4
6381 4
6382 4
6383 4
6384 4
6385 4
6386 4
6387 4
6388 4
6389 4
6390 4
6391 4
6392 4
6393 4
6394 4
6395 4
6396 4
6397 4
6398 4
6399 4
6400 4
6401 4
6402 4
6403 4
6404 4
6405 4
6406 4
6407 4
6408 4
6409 4
6410 4
6411 4
6412 4
6413 4
6414 4
6415 4
6416 4
6417 4
6418 4
6419 4
6420 4
6421 4
6422 4
6423 4
6424 4
6425 4
6426 4
6427 4
6428 4
6429 4
6430 4
6431 4
6432 4
6433 4
6434 4
6435 4
6436 4
6437 4
6438 4
6439 4
6440 4
6441 4
6442 4
6443 4
6444 4
6445 4
6446 4
6447 4
6448 4
6449 4
6450 4
6451 4
6452 4
6453 4
6454 4
6455 4
6456 4
6457 4
6458 4
6459 4
6460 4
6461 4
6462 4
6463 4
6464 4
6465 4
6466 4
6467 4
6468 4
6469 4
6470 4
6471 4
6472 4
6473 4
6474 4
6475 4
6476 4
6477 4
6478 4
6479 4
6480 4
6481 4
6482 4
6483 4
6484 4
6485 4
6486 4
6487 4
6488 4
6489 4
6490 4
6491 4
6492 4
6493 4
6494 4
6495 4
6496 4
6497 4
6498 4
6499 4
6500 4
6501 4
6502 4
6503 4
6504 4
6505 4
6506 4
6507 4
6508 4
6509 4
6510 4
6511 4
6512 4
6513 4
6514 4
6515 4
6516 4
6517 4
6518 4
6519 4
6520 4
6521 4
6522 4
6523 4
6524 4
6525 4
6526 4
6527 4
6528 4
6529 4
6530 4
6531 4
6532 4
6533 4
6534 4
6535 4
6536 4
6537 4
6538 4
6539 4
6540 4
6541 4
6542 4
6543 4
6544 4
6545 4
6546 4
6547 4
6548 4
6549 4
6550 4
6551 4
6552 4
6553 4
6554 4
6555 4
6556 4
6557 4
6558 4
6559 4
6560 4
6561 4
6562 4
6563 4
6564 4
6565 4
6566 4
6567 4
6568 4
6569 4
6570 4
6571 4
6572 4
6573 4
6574 4
6575 4
6576 4
6577 4
6578 4
6579 4
6580 4
6581 4
6582 4
6583 4
6584 4
6585 4
6586 4
6587 4
6588 4
6589 4
6590 4
6591 4
6592 4
6593 4
6594 4
6595 4
6596 4
6597 4
6598 4
6599 4
6600 4
6601 4
6602 4
6603 4
6604 4
6605 4
6606 4
6607 4
6608 4
6609 4
6610 4
6611 4
6612 4
6613 4
6614 4
6615 4
6616 4
6617 4
6618 4
6619 4
6620 4
6621 4
6622 4
6623 4
6624 4
6625 4
6626 4
6627 4
6628 4
6629 4
6630 4
6631 4
6632 4
6633 4
6634 4
6635 4
6636 4
6637 4
6638 4
6639 4
6640 4
6641 4
6642 4
6643 4
6644 4
6645 4
6646 4
6647 4
6648 4
6649 4
6650 4
6651 4
6652 4
6653 4
6654 4
6655 4
6656 4
6657 4
6658 4
6659 4
6660 4
6661 4
6662 4
6663 4
6664 4
6665 4
6666 4
6667 4
6668 4
6669 4
6670 4
6671 4
6672 4
6673 4
6674 4
6675 4
6676 4
6677 4
6678 4
6679 4
6680 4
6681 4
6682 4
6683 4
6684 4
6685 4
6686 4
6687 4
6688 4
6689 4
6690 4
6691 4
6692 4
6693 4
6694 4
6695 4
6696 4
6697 4
6698 4
6699 4
6700 4
6701 4
6702 4
6703 4
6704 4
6705 4
6706 4
6707 4
6708 4
6709 4
6710 4
6711 4
6712 4
6713 4
6714 4
6715 4
6716 4
6717 4
6718 4
6719 4
6720 4
6721 4
6722 4
6723 4
6724 4
6725 4
6726 4
6727 4
6728 4
6729 4
6730 4
6731 4
6732 4
6733 4
6734 4
6735 4
6736 4
6737 4
6738 4
6739 4
6740 4
6741 4
6742 4
6743 4
6744 4
6745 4
6746 4
6747 4
6748 4
6749 4
6750 4
6751 4
6752 4
6753 4
6754 4
6755 4
6756 4
6757 4
6758 4
6759 4
6760 4
6761 4
6762 4
6763 4
6764 4
6765 4
6766 4
6767 4
6768 4
6769 4
6770 4
6771 4
6772 4
6773 4
6774 4
6775 4
6776 4
6777 4
6778 4
6779 4
6780 4
6781 4
6782 4
6783 4
6784 4
6785 4
6786 4
6787 4
6788 4
6789 4
6790 4
6791 4
6792 4
6793 4
6794 4
6795 4
6796 4
6797 4
6798 4
6799 4
6800 4
6801 4
6802 4
6803 4
6804 4
6805 4
6806 4
6807 4
6808 4
6809 4
6810 4
6811 4
6812 4
6813 4
6814 4
6815 4
6816 4
6817 4
6818 4
6819 4
6820 4
6821 4
6822 4
6823 4
6824 4
6825 4
6826 4
6827 4
6828 4
6829 4
6830 4
6831 4
6832 4
6833 4
6834 4
6835 4
6836 4
6837 4
6838 4
6839 4
6840 4
6841 4
6842 4
6843 4
6844 4
6845 4
6846 4
6847 4
6848 4
6849 4
6850 4
6851 4
6852 4
6853 4
6854 4
6855 4
6856 4
6857 4
6858 4
6859 4
6860 4
6861 4
6862 4
6863 4
6864 4
6865 4
6866 4
6867 4
6868 4
6869 4
6870 4
6871 4
6872 4
6873 4
6874 4
6875 4
6876 4
6877 4
6878 4
6879 4
6880 4
6881 4
6882 4
6883 4
6884 4
6885 4
6886 4
6887 4
6888 4
6889 4
6890 4
6891 4
6892 4
6893 4
6894 4
6895 4
6896 4
6897 4
6898 4
6899 4
6900 4
6901 4
6902 4
6903 4
6904 4
6905 4
6906 4
6907 4
6908 4
6909 4
6910 4
6911 4
6912 4
6913 4
6914 4
6915 4
6916 4
6917 4
6918 4
6919 4
6920 4
6921 4
6922 4
6923 4
6924 4
6925 4
6926 4
6927 4
6928 4
6929 4
6930 4
6931 4
6932 4
6933 4
6934 4
6935 4
6936 4
6937 4
6938 4
6939 4
6940 4
6941 4
6942 4
6943 4
6944 4
6945 4
6946 4
6947 4
6948 4
6949 4
6950 4
6951 4
6952 4
6953 4
6954 4
6955 4
6956 4
6957 4
6958 4
6959 4
6960 4
6961 4
6962 4
6963 4
6964 4
6965 4
6966 4
6967 4
6968 4
6969 4
6970 4
6971 4
6972 4
6973 4
6974 4
6975 4
6976 4
6977 4
6978 4
6979 4
6980 4
6981 4
6982 4
6983 4
6984 4
6985 4
6986 4
6987 4
6988 4
6989 4
6990 4
6991 4
6992 4
6993 4
6994 4
6995 4
6996 4
6997 4
6998 4
6999 4
7000 4
7001 4
7002 4
7003 4
7004 4
7005 4
7006 4
7007 4
7008 4
7009 4
7010 4
7011 4
7012 4
7013 4
7014 4
7015 4
7016 4
7017 4
7018 4
7019 4
7020 4
7021 4
7022 4
7023 4
7024 4
7025 4
7026 4
7027 4
7028 4
7029 4
7030 4
7031 4
7032 4
7033 4
7034 4
7035 4
7036 4
7037 4
7038 4
7039 4
7040 4
7041 4
7042 4
7043 4
7044 4
7045 4
7046 4
7047 4
7048 4
7049 4
7050 4
7051 4
7052 4
7053 4
7054 4
7055 4
7056 4
7057 4
7058 4
7059 4
7060 4
7061 4
7062 4
7063 4
7064 4
7065 4
7066 4
7067 4
7068 4
7069 4
7070 4
7071 4
7072 4
7073 4
7074 4
7075 4
7076 4
7077 4
7078 4
7079 4
7080 4
7081 4
7082 4
7083 4
7084 4
7085 4
7086 4
7087 4
7088 4
7089 4
7090 4
7091 4
7092 4
7093 4
7094 4
7095 4
7096 4
7097 4
7098 4
7099 4
7100 4
7101 4
7102 4
7103 4
7104 4
7105 4
7106 4
7107 4
7108 4
7109 4
7110 4
7111 4
7112 4
7113 4
7114 4
7115 4
7116 4
7117 4
7118 4
7119 4
7120 4
7121 4
7122 4
7123 4
7124 4
7125 4
7126 4
7127 4
7128 4
7129 4
7130 4
7131 4
7132 4
7133 4
7134 4
7135 4
7136 4
7137 4
7138 4
7139 4
7140 4
7141 4
7142 4
7143 4
7144 4
7145 4
7146 4
7147 4
7148 4
7149 4
7150 4
7151 4
7152 4
7153 4
7154 4
7155 4
7156 4
7157 4
7158 4
7159 4
7160 4
7161 4
7162 4
7163 4
7164 4
7165 4
7166 4
7167 4
7168 4
7169 4
7170 4
7171 4
7172 4
7173 4
7174 4
7175 4
7176 4
7177 4
7178 4
7179 4
7180 4
7181 4
7182 4
7183 4
7184 4
7185 4
7186 4
7187 4
7188 4
7189 4
7190 4
7191 4
7192 4
7193 4
7194 4
7195 4
7196 4
7197 4
7198 4
7199 4
7200 4
7201 4
7202 4
7203 4
7204 4
7205 4
7206 4
7207 4
7208 4
7209 4
7210 4
7211 4
7212 4
7213 4
7214 4
7215 4
7216 4
7217 4
7218 4
7219 4
7220 4
7221 4
7222 4
7223 4
7224 4
7225 4
7226 4
7227 4
7228 4
7229 4
7230 4
7231 4
7232 4
7233 4
7234 4
7235 4
7236 4
7237 4
7238 4
7239 4
7240 4
7241 4
7242 4
7243 4
7244 4
7245 4
7246 4
7247 4
7248 4
7249 4
7250 4
7251 4
7252 4
7253 4
7254 4
7255 4
7256 4
7257 4
7258 4
7259 4
7260 4
7261 4
7262 4
7263 4
7264 4
7265 4
7266 4
7267 4
7268 4
7269 4
7270 4
7271 4
7272 4
7273 4
7274 4
7275 4
7276 4
7277 4
7278 4
7279 4
7280 4
7281 4
7282 4
7283 4
7284 4
7285 4
7286 4
7287 4
7288 4
7289 4
7290 4
7291 4
7292 4
7293 4
7294 4
7295 4
7296 4
7297 4
7298 4
7299 4
7300 4
7301 4
7302 4
7303 4
7304 4
7305 4
7306 4
7307 4
7308 4
7309 4
7310 4
7311 4
7312 4
7313 4
7314 4
7315 4
7316 4
7317 4
7318 4
7319 4
7320 4
7321 4
7322 4
7323 4
7324 4
7325 4
7326 4
7327 4
7328 4
7329 4
7330 4
7331 4
7332 4
7333 4
7334 4
7335 4
7336 4
7337 4
7338 4
7339 4
7340 4
7341 4
7342 4
7343 4
7344 4
7345 4
7346 4
7347 4
7348 4
7349 4
7350 4
7351 4
7352 4
7353 4
7354 4
7355 4
7356 4
7357 4
7358 4
7359 4
7360 4
7361 4
7362 4
7363 4
7364 4
7365 4
7366 4
7367 4
7368 4
7369 4
7370 4
7371 4
7372 4
7373 4
7374 4
7375 4
7376 4
7377 4
7378 4
7379 4
7380 4
7381 4
7382 4
7383 4
7384 4
7385 4
7386 4
7387 4
7388 4
7389 4
7390 4
7391 4
7392 4
7393 4
7394 4
7395 4
7396 4
7397 4
7398 4
7399 4
7400 4
7401 4
7402 4
7403 4
7404 4
7405 4
7406 4
7407 4
7408 4
7409 4
7410 4
7411 4
7412 4
7413 4
7414 4
7415 4
7416 4
7417 4
7418 4
7419 4
7420 4
7421 4
7422 4
7423 4
7424 4
7425 4
7426 4
7427 4
7428 4
7429 4
7430 4
7431 4
7432 4
7433 4
7434 4
7435 4
7436 4
7437 4
7438 4
7439 4
7440 4
7441 4
7442 4
7443 4
7444 4
7445 4
7446 4
7447 4
7448 4
7449 4
7450 4
7451 4
7452 4
7453 4
7454 4
7455 4
7456 4
7457 4
7458 4
7459 4
7460 4
7461 4
7462 4
7463 4
7464 4
7465 4
7466 4
7467 4
7468 4
7469 4
7470 4
7471 4
7472 4
7473 4
7474 4
7475 4
7476 4
7477 4
7478 4
7479 4
7480 4
7481 4
7482 4
7483 4
7484 4
7485 4
7486 4
7487 4
7488 4
7489 4
7490 4
7491 4
7492 4
7493 4
7494 4
7495 4
7496 4
7497 4
7498 4
7499 4
7500 4
7501 4
7502 4
7503 4
7504 4
7505 4
7506 4
7507 4
7508 4
7509 4
7510 4
7511 4
7512 4
7513 4
7514 4
7515 4
7516 4
7517 4
7518 4
7519 4
7520 4
7521 4
7522 4
7523 4
7524 4
7525 4
7526 4
7527 4
7528 4
7529 4
7530 4
7531 4
7532 4
7533 4
7534 4
7535 4
7536 4
7537 4
7538 4
7539 4
7540 4
7541 4
7542 4
7543 4
7544 4
7545 4
7546 4
7547 4
7548 4
7549 4
7550 4
7551 4
7552 4
7553 4
7554 4
7555 4
7556 4
7557 4
7558 4
7559 4
7560 4
7561 4
7562 4
7563 4
7564 4
7565 4
7566 4
7567 4
7568 4
7569 4
7570 4
7571 4
7572 4
7573 4
7574 4
7575 4
7576 4
7577 4
7578 4
7579 4
7580 4
7581 4
7582 4
7583 4
7584 4
7585 4
7586 4
7587 4
7588 4
7589 4
7590 4
7591 4
7592 4
7593 4
7594 4
7595 4
7596 4
7597 4
7598 4
7599 4
7600 4
7601 4
7602 4
7603 4
7604 4
7605 4
7606 4
7607 4
7608 4
7609 4
7610 4
7611 4
7612 4
7613 4
7614 4
7615 4
7616 4
7617 4
7618 4
7619 4
7620 4
7621 4
7622 4
7623 4
7624 4
7625 4
7626 4
7627 4
7628 4
7629 4
7630 4
7631 4
7632 4
7633 4
7634 4
7635 4
7636 4
7637 4
7638 4
7639 4
7640 4
7641 4
7642 4
7643 4
7644 4
7645 4
7646 4
7647 4
7648 4
7649 4
7650 4
7651 4
7652 4
7653 4
7654 4
7655 4
7656 4
7657 4
7658 4
7659 4
7660 4
7661 4
7662 4
7663 4
7664 4
7665 4
7666 4
7667 4
7668 4
7669 4
7670 4
7671 4
7672 4
7673 4
7674 4
7675 4
7676 4
7677 4
7678 4
7679 4
7680 4
7681 4
7682 4
7683 4
7684 4
7685 4
7686 4
7687 4
7688 4
7689 4
7690 4
7691 4
7692 4
7693 4
7694 4
7695 4
7696 4
7697 4
7698 4
7699 4
7700 4
7701 4
7702 4
7703 4
7704 4
7705 4
7706 4
7707 4
7708 4
7709 4
7710 4
7711 4
7712 4
7713 4
7714 4
7715 4
7716 4
7717 4
7718 4
7719 4
7720 4
7721 4
7722 4
7723 4
7724 4
7725 4
7726 4
7727 4
7728 4
7729 4
7730 4
7731 4
7732 4
7733 4
7734 4
7735 4
7736 4
7737 4
7738 4
7739 4
7740 4
7741 4
7742 4
7743 4
7744 4
7745 4
7746 4
7747 4
7748 4
7749 4
7750 4
7751 4
7752 4
7753 4
7754 4
7755 4
7756 4
7757 4
7758 4
7759 4
7760 4
7761 4
7762 4
7763 4
7764 4
7765 4
7766 4
7767 4
7768 4
7769 4
7770 4
7771 4
7772 4
7773 4
7774 4
7775 4
7776 4
7777 4
7778 4
7779 4
7780 4
7781 4
7782 4
7783 4
7784 4
7785 4
7786 4
7787 4
7788 4
7789 4
7790 4
7791 4
7792 4
7793 4
7794 4
7795 4
7796 4
7797 4
7798 4
7799 4
7800 4
7801 4
7802 4
7803 4
7804 4
7805 4
7806 4
7807 4
7808 4
7809 4
7810 4
7811 4
7812 4
7813 4
7814 4
7815 4
7816 4
7817 4
7818 4
7819 4
7820 4
7821 4
7822 4
7823 4
7824 4
7825 4
7826 4
7827 4
7828 4
7829 4
7830 4
7831 4
7832 4
7833 4
7834 4
7835 4
7836 4
7837 4
7838 4
7839 4
7840 4
7841 4
7842 5
7843 5
7844 5
7845 5
7846 5
7847 5
7848 5
7849 5
7850 5
7851 5
7852 5
7853 5
7854 5
7855 5
7856 5
7857 5
7858 5
7859 5
7860 5
7861 5
7862 5
7863 5
7864 5
7865 5
7866 5
7867 5
7868 5
7869 5
7870 5
7871 5
7872 5
7873 5
7874 5
7875 5
7876 5
7877 5
7878 5
7879 5
7880 5
7881 5
7882 5
7883 5
7884 5
7885 5
7886 5
7887 5
7888 5
7889 5
7890 5
7891 5
7892 5
7893 5
7894 5
7895 5
7896 5
7897 5
7898 5
7899 5
7900 5
7901 5
7902 5
7903 5
7904 5
7905 5
7906 5
7907 5
7908 5
7909 5
7910 5
7911 5
7912 5
7913 5
7914 5
7915 5
7916 5
7917 5
7918 5
7919 5
7920 5
7921 5
7922 5
7923 5
7924 5
7925 5
7926 5
7927 5
7928 5
7929 5
7930 5
7931 5
7932 5
7933 5
7934 5
7935 5
7936 5
7937 5
7938 5
7939 5
7940 5
7941 5
7942 5
7943 5
7944 5
7945 5
7946 5
7947 5
7948 5
7949 5
7950 5
7951 5
7952 5
7953 5
7954 5
7955 5
7956 5
7957 5
7958 5
7959 5
7960 5
7961 5
7962 5
7963 5
7964 5
7965 5
7966 5
7967 5
7968 5
7969 5
7970 5
7971 5
7972 5
7973 5
7974 5
7975 5
7976 5
7977 5
7978 5
7979 5
7980 5
7981 5
7982 5
7983 5
7984 5
7985 5
7986 5
7987 5
7988 5
7989 5
7990 5
7991 5
7992 5
7993 5
7994 5
7995 5
7996 5
7997 5
7998 5
7999 5
8000 5
8001 5
8002 5
8003 5
8004 5
8005 5
8006 5
8007 5
8008 5
8009 5
8010 5
8011 5
8012 5
8013 5
8014 5
8015 5
8016 5
8017 5
8018 5
8019 5
8020 5
8021 5
8022 5
8023 5
8024 5
8025 5
8026 5
8027 5
8028 5
8029 5
8030 5
8031 5
8032 5
8033 5
8034 5
8035 5
8036 5
8037 5
8038 5
8039 5
8040 5
8041 5
8042 5
8043 5
8044 5
8045 5
8046 5
8047 5
8048 5
8049 5
8050 5
8051 5
8052 5
8053 5
8054 5
8055 5
8056 5
8057 5
8058 5
8059 5
8060 5
8061 5
8062 5
8063 5
8064 5
8065 5
8066 5
8067 5
8068 5
8069 5
8070 5
8071 5
8072 5
8073 5
8074 5
8075 5
8076 5
8077 5
8078 5
8079 5
8080 5
8081 5
8082 5
8083 5
8084 5
8085 5
8086 5
8087 5
8088 5
8089 5
8090 5
8091 5
8092 5
8093 5
8094 5
8095 5
8096 5
8097 5
8098 5
8099 5
8100 5
8101 5
8102 5
8103 5
8104 5
8105 5
8106 5
8107 5
8108 5
8109 5
8110 5
8111 5
8112 5
8113 5
8114 5
8115 5
8116 5
8117 5
8118 5
8119 5
8120 5
8121 5
8122 5
8123 5
8124 5
8125 5
8126 5
8127 5
8128 5
8129 5
8130 5
8131 5
8132 5
8133 5
8134 5
8135 5
8136 5
8137 5
8138 5
8139 5
8140 5
8141 5
8142 5
8143 5
8144 5
8145 5
8146 5
8147 5
8148 5
8149 5
8150 5
8151 5
8152 5
8153 5
8154 5
8155 5
8156 5
8157 5
8158 5
8159 5
8160 5
8161 5
8162 5
8163 5
8164 5
8165 5
8166 5
8167 5
8168 5
8169 5
8170 5
8171 5
8172 5
8173 5
8174 5
8175 5
8176 5
8177 5
8178 5
8179 5
8180 5
8181 5
8182 5
8183 5
8184 5
8185 5
8186 5
8187 5
8188 5
8189 5
8190 5
8191 5
8192 5
8193 5
8194 5
8195 5
8196 5
8197 5
8198 5
8199 5
8200 5
8201 5
8202 5
8203 5
8204 5
8205 5
8206 5
8207 5
8208 5
8209 5
8210 5
8211 5
8212 5
8213 5
8214 5
8215 5
8216 5
8217 5
8218 5
8219 5
8220 5
8221 5
8222 5
8223 5
8224 5
8225 5
8226 5
8227 5
8228 5
8229 5
8230 5
8231 5
8232 5
8233 5
8234 5
8235 5
8236 5
8237 5
8238 5
8239 5
8240 5
8241 5
8242 5
8243 5
8244 5
8245 5
8246 5
8247 5
8248 5
8249 5
8250 5
8251 5
8252 5
8253 5
8254 5
8255 5
8256 5
8257 5
8258 5
8259 5
8260 5
8261 5
8262 5
8263 5
8264 5
8265 5
8266 5
8267 5
8268 5
8269 5
8270 5
8271 5
8272 5
8273 5
8274 5
8275 5
8276 5
8277 5
8278 5
8279 5
8280 5
8281 5
8282 5
8283 5
8284 5
8285 5
8286 5
8287 5
8288 5
8289 5
8290 5
8291 5
8292 5
8293 5
8294 5
8295 5
8296 5
8297 5
8298 5
8299 5
8300 5
8301 5
8302 5
8303 5
8304 5
8305 5
8306 5
8307 5
8308 5
8309 5
8310 5
8311 5
8312 5
8313 5
8314 5
8315 5
8316 5
8317 5
8318 5
8319 5
8320 5
8321 5
8322 5
8323 5
8324 5
8325 5
8326 5
8327 5
8328 5
8329 5
8330 5
8331 5
8332 5
8333 5
8334 5
8335 5
8336 5
8337 5
8338 5
8339 5
8340 5
8341 5
8342 5
8343 5
8344 5
8345 5
8346 5
8347 5
8348 5
8349 5
8350 5
8351 5
8352 5
8353 5
8354 5
8355 5
8356 5
8357 5
8358 5
8359 5
8360 5
8361 5
8362 5
8363 5
8364 5
8365 5
8366 5
8367 5
8368 5
8369 5
8370 5
8371 5
8372 5
8373 5
8374 5
8375 5
8376 5
8377 5
8378 5
8379 5
8380 5
8381 5
8382 5
8383 5
8384 5
8385 5
8386 5
8387 5
8388 5
8389 5
8390 5
8391 5
8392 5
8393 5
8394 5
8395 5
8396 5
8397 5
8398 5
8399 5
8400 5
8401 5
8402 5
8403 5
8404 5
8405 5
8406 5
8407 5
8408 5
8409 5
8410 5
8411 5
8412 5
8413 5
8414 5
8415 5
8416 5
8417 5
8418 5
8419 5
8420 5
8421 5
8422 5
8423 5
8424 5
8425 5
8426 5
8427 5
8428 5
8429 5
8430 5
8431 5
8432 5
8433 5
8434 5
8435 5
8436 5
8437 5
8438 5
8439 5
8440 5
8441 5
8442 5
8443 5
8444 5
8445 5
8446 5
8447 5
8448 5
8449 5
8450 5
8451 5
8452 5
8453 5
8454 5
8455 5
8456 5
8457 5
8458 5
8459 5
8460 5
8461 5
8462 5
8463 5
8464 5
8465 5
8466 5
8467 5
8468 5
8469 5
8470 5
8471 5
8472 5
8473 5
8474 5
8475 5
8476 5
8477 5
8478 5
8479 5
8480 5
8481 5
8482 5
8483 5
8484 5
8485 5
8486 5
8487 5
8488 5
8489 5
8490 5
8491 5
8492 5
8493 5
8494 5
8495 5
8496 5
8497 5
8498 5
8499 5
8500 5
8501 5
8502 5
8503 5
8504 5
8505 5
8506 5
8507 5
8508 5
8509 5
8510 5
8511 5
8512 5
8513 5
8514 5
8515 5
8516 5
8517 5
8518 5
8519 5
8520 5
8521 5
8522 5
8523 5
8524 5
8525 5
8526 5
8527 5
8528 5
8529 5
8530 5
8531 5
8532 5
8533 5
8534 5
8535 5
8536 5
8537 5
8538 5
8539 5
8540 5
8541 5
8542 5
8543 5
8544 5
8545 5
8546 5
8547 5
8548 5
8549 5
8550 5
8551 5
8552 5
8553 5
8554 5
8555 5
8556 5
8557 5
8558 5
8559 5
8560 5
8561 5
8562 5
8563 5
8564 5
8565 5
8566 5
8567 5
8568 5
8569 5
8570 5
8571 5
8572 5
8573 5
8574 5
8575 5
8576 5
8577 5
8578 5
8579 5
8580 5
8581 5
8582 5
8583 5
8584 5
8585 5
8586 5
8587 5
8588 5
8589 5
8590 5
8591 5
8592 5
8593 5
8594 5
8595 5
8596 5
8597 5
8598 5
8599 5
8600 5
8601 5
8602 5
8603 5
8604 5
8605 5
8606 5
8607 5
8608 5
8609 5
8610 5
8611 5
8612 5
8613 5
8614 5
8615 5
8616 5
8617 5
8618 5
8619 5
8620 5
8621 5
8622 5
8623 5
8624 5
8625 5
8626 5
8627 5
8628 5
8629 5
8630 5
8631 5
8632 5
8633 5
8634 5
8635 5
8636 5
8637 5
8638 5
8639 5
8640 5
8641 5
8642 5
8643 5
8644 5
8645 5
8646 5
8647 5
8648 5
8649 5
8650 5
8651 5
8652 5
8653 5
8654 5
8655 5
8656 5
8657 5
8658 5
8659 5
8660 5
8661 5
8662 5
8663 5
8664 5
8665 5
8666 5
8667 5
8668 5
8669 5
8670 5
8671 5
8672 5
8673 5
8674 5
8675 5
8676 5
8677 5
8678 5
8679 5
8680 5
8681 5
8682 5
8683 5
8684 5
8685 5
8686 5
8687 5
8688 5
8689 5
8690 5
8691 5
8692 5
8693 5
8694 5
8695 5
8696 5
8697 5
8698 5
8699 5
8700 5
8701 5
8702 5
8703 5
8704 5
8705 5
8706 5
8707 5
8708 5
8709 5
8710 5
8711 5
8712 5
8713 5
8714 5
8715 5
8716 5
8717 5
8718 5
8719 5
8720 5
8721 5
8722 5
8723 5
8724 5
8725 5
8726 5
8727 5
8728 5
8729 5
8730 5
8731 5
8732 5
8733 5
8734 5
8735 5
8736 5
8737 5
8738 5
8739 5
8740 5
8741 5
8742 5
8743 5
8744 5
8745 5
8746 5
8747 5
8748 5
8749 5
8750 5
8751 5
8752 5
8753 5
8754 5
8755 5
8756 5
8757 5
8758 5
8759 5
8760 5
8761 5
8762 5
8763 5
8764 5
8765 5
8766 5
8767 5
8768 5
8769 5
8770 5
8771 5
8772 5
8773 5
8774 5
8775 5
8776 5
8777 5
8778 5
8779 5
8780 5
8781 5
8782 5
8783 5
8784 5
8785 5
8786 5
8787 5
8788 5
8789 5
8790 5
8791 5
8792 5
8793 5
8794 5
8795 5
8796 5
8797 5
8798 5
8799 5
8800 5
8801 5
8802 5
8803 5
8804 5
8805 5
8806 5
8807 5
8808 5
8809 5
8810 5
8811 5
8812 5
8813 5
8814 5
8815 5
8816 5
8817 5
8818 5
8819 5
8820 5
8821 5
8822 5
8823 5
8824 5
8825 5
8826 5
8827 5
8828 5
8829 5
8830 5
8831 5
8832 5
8833 5
8834 5
8835 5
8836 5
8837 5
8838 5
8839 5
8840 5
8841 5
8842 5
8843 5
8844 5
8845 5
8846 5
8847 5
8848 5
8849 5
8850 5
8851 5
8852 5
8853 5
8854 5
8855 5
8856 5
8857 5
8858 5
8859 5
8860 5
8861 5
8862 5
8863 5
8864 5
8865 5
8866 5
8867 5
8868 5
8869 5
8870 5
8871 5
8872 5
8873 5
8874 5
8875 5
8876 5
8877 5
8878 5
8879 5
8880 5
8881 5
8882 5
8883 5
8884 5
8885 5
8886 5
8887 5
8888 5
8889 5
8890 5
8891 5
8892 5
8893 5
8894 5
8895 5
8896 5
8897 5
8898 5
8899 5
8900 5
8901 5
8902 5
8903 5
8904 5
8905 5
8906 5
8907 5
8908 5
8909 5
8910 5
8911 5
8912 5
8913 5
8914 5
8915 5
8916 5
8917 5
8918 5
8919 5
8920 5
8921 5
8922 5
8923 5
8924 5
8925 5
8926 5
8927 5
8928 5
8929 5
8930 5
8931 5
8932 5
8933 5
8934 5
8935 5
8936 5
8937 5
8938 5
8939 5
8940 5
8941 5
8942 5
8943 5
8944 5
8945 5
8946 5
8947 5
8948 5
8949 5
8950 5
8951 5
8952 5
8953 5
8954 5
8955 5
8956 5
8957 5
8958 5
8959 5
8960 5
8961 5
8962 5
8963 5
8964 5
8965 5
8966 5
8967 5
8968 5
8969 5
8970 5
8971 5
8972 5
8973 5
8974 5
8975 5
8976 5
8977 5
8978 5
8979 5
8980 5
8981 5
8982 5
8983 5
8984 5
8985 5
8986 5
8987 5
8988 5
8989 5
8990 5
8991 5
8992 5
8993 5
8994 5
8995 5
8996 5
8997 5
8998 5
8999 5
9000 5
9001 5
9002 5
9003 5
9004 5
9005 5
9006 5
9007 5
9008 5
9009 5
9010 5
9011 5
9012 5
9013 5
9014 5
9015 5
9016 5
9017 5
9018 5
9019 5
9020 5
9021 5
9022 5
9023 5
9024 5
9025 5
9026 5
9027 5
9028 5
9029 5
9030 5
9031 5
9032 5
9033 5
9034 5
9035 5
9036 5
9037 5
9038 5
9039 5
9040 5
9041 5
9042 5
9043 5
9044 5
9045 5
9046 5
9047 5
9048 5
9049 5
9050 5
9051 5
9052 5
9053 5
9054 5
9055 5
9056 5
9057 5
9058 5
9059 5
9060 5
9061 5
9062 5
9063 5
9064 5
9065 5
9066 5
9067 5
9068 5
9069 5
9070 5
9071 5
9072 5
9073 5
9074 5
9075 5
9076 5
9077 5
9078 5
9079 5
9080 5
9081 5
9082 5
9083 5
9084 5
9085 5
9086 5
9087 5
9088 5
9089 5
9090 5
9091 5
9092 5
9093 5
9094 5
9095 5
9096 5
9097 5
9098 5
9099 5
9100 5
9101 5
9102 5
9103 5
9104 5
9105 5
9106 5
9107 5
9108 5
9109 5
9110 5
9111 5
9112 5
9113 5
9114 5
9115 5
9116 5
9117 5
9118 5
9119 5
9120 5
9121 5
9122 5
9123 5
9124 5
9125 5
9126 5
9127 5
9128 5
9129 5
9130 5
9131 5
9132 5
9133 5
9134 5
9135 5
9136 5
9137 5
9138 5
9139 5
9140 5
9141 5
9142 5
9143 5
9144 5
9145 5
9146 5
9147 5
9148 5
9149 5
9150 5
9151 5
9152 5
9153 5
9154 5
9155 5
9156 5
9157 5
9158 5
9159 5
9160 5
9161 5
9162 5
9163 5
9164 5
9165 5
9166 5
9167 5
9168 5
9169 5
9170 5
9171 5
9172 5
9173 5
9174 5
9175 5
9176 5
9177 5
9178 5
9179 5
9180 5
9181 5
9182 5
9183 5
9184 5
9185 5
9186 5
9187 5
9188 5
9189 5
9190 5
9191 5
9192 5
9193 5
9194 5
9195 5
9196 5
9197 5
9198 5
9199 5
9200 5
9201 5
9202 5
9203 5
9204 5
9205 5
9206 5
9207 5
9208 5
9209 5
9210 5
9211 5
9212 5
9213 5
9214 5
9215 5
9216 5
9217 5
9218 5
9219 5
9220 5
9221 5
9222 5
9223 5
9224 5
9225 5
9226 5
9227 5
9228 5
9229 5
9230 5
9231 5
9232 5
9233 5
9234 5
9235 5
9236 5
9237 5
9238 5
9239 5
9240 5
9241 5
9242 5
9243 5
9244 5
9245 5
9246 5
9247 5
9248 5
9249 5
9250 5
9251 5
9252 5
9253 5
9254 5
9255 5
9256 5
9257 5
9258 5
9259 5
9260 5
9261 5
9262 5
9263 5
9264 5
9265 5
9266 5
9267 5
9268 5
9269 5
9270 5
9271 5
9272 5
9273 5
9274 5
9275 5
9276 5
9277 5
9278 5
9279 5
9280 5
9281 5
9282 5
9283 5
9284 5
9285 5
9286 5
9287 5
9288 5
9289 5
9290 5
9291 5
9292 5
9293 5
9294 5
9295 5
9296 5
9297 5
9298 5
9299 5
9300 5
9301 5
9302 5
9303 5
9304 5
9305 5
9306 5
9307 5
9308 5
9309 5
9310 5
9311 5
9312 5
9313 5
9314 5
9315 5
9316 5
9317 5
9318 5
9319 5
9320 5
9321 5
9322 5
9323 5
9324 5
9325 5
9326 5
9327 5
9328 5
9329 5
9330 5
9331 5
9332 5
9333 5
9334 5
9335 5
9336 5
9337 5
9338 5
9339 5
9340 5
9341 5
9342 5
9343 5
9344 5
9345 5
9346 5
9347 5
9348 5
9349 5
9350 5
9351 5
9352 5
9353 5
9354 5
9355 5
9356 5
9357 5
9358 5
9359 5
9360 5
9361 5
9362 5
9363 5
9364 5
9365 5
9366 5
9367 5
9368 5
9369 5
9370 5
9371 5
9372 5
9373 5
9374 5
9375 5
9376 5
9377 5
9378 5
9379 5
9380 5
9381 5
9382 5
9383 5
9384 5
9385 5
9386 5
9387 5
9388 5
9389 5
9390 5
9391 5
9392 5
9393 5
9394 5
9395 5
9396 5
9397 5
9398 5
9399 5
9400 5
9401 5
9402 5
9403 5
9404 5
9405 5
9406 5
9407 5
9408 5
9409 5
9410 5
9411 5
9412 5
9413 5
9414 5
9415 5
9416 5
9417 5
9418 5
9419 5
9420 5
9421 5
9422 5
9423 5
9424 5
9425 5
9426 5
9427 5
9428 5
9429 5
9430 5
9431 5
9432 5
9433 5
9434 5
9435 5
9436 5
9437 5
9438 5
9439 5
9440 5
9441 5
9442 5
9443 5
9444 5
9445 5
9446 5
9447 5
9448 5
9449 5
9450 5
9451 5
9452 5
9453 5
9454 5
9455 5
9456 5
9457 5
9458 5
9459 5
9460 5
9461 5
9462 5
9463 5
9464 5
9465 5
9466 5
9467 5
9468 5
9469 5
9470 5
9471 5
9472 5
9473 5
9474 5
9475 5
9476 5
9477 5
9478 5
9479 5
9480 5
9481 5
9482 5
9483 5
9484 5
9485 5
9486 5
9487 5
9488 5
9489 5
9490 5
9491 5
9492 5
9493 5
9494 5
9495 5
9496 5
9497 5
9498 5
9499 5
9500 5
9501 5
9502 5
9503 5
9504 5
9505 5
9506 5
9507 5
9508 5
9509 5
9510 5
9511 5
9512 5
9513 5
9514 5
9515 5
9516 5
9517 5
9518 5
9519 5
9520 5
9521 5
9522 5
9523 5
9524 5
9525 5
9526 5
9527 5
9528 5
9529 5
9530 5
9531 5
9532 5
9533 5
9534 5
9535 5
9536 5
9537 5
9538 5
9539 5
9540 5
9541 5
9542 5
9543 5
9544 5
9545 5
9546 5
9547 5
9548 5
9549 5
9550 5
9551 5
9552 5
9553 5
9554 5
9555 5
9556 5
9557 5
9558 5
9559 5
9560 5
9561 5
9562 5
9563 5
9564 5
9565 5
9566 5
9567 5
9568 5
9569 5
9570 5
9571 5
9572 5
9573 5
9574 5
9575 5
9576 5
9577 5
9578 5
9579 5
9580 5
9581 5
9582 5
9583 5
9584 5
9585 5
9586 5
9587 5
9588 5
9589 5
9590 5
9591 5
9592 5
9593 5
9594 5
9595 5
9596 5
9597 5
9598 5
9599 5
9600 5
9601 5
9602 5
9603 5
9604 5
9605 5
9606 5
9607 5
9608 5
9609 5
9610 5
9611 5
9612 5
9613 5
9614 5
9615 5
9616 5
9617 5
9618 5
9619 5
9620 5
9621 5
9622 5
9623 5
9624 5
9625 5
9626 5
9627 5
9628 5
9629 5
9630 5
9631 5
9632 5
9633 5
9634 5
9635 5
9636 5
9637 5
9638 5
9639 5
9640 5
9641 5
9642 5
9643 5
9644 5
9645 5
9646 5
9647 5
9648 5
9649 5
9650 5
9651 5
9652 5
9653 5
9654 5
9655 5
9656 5
9657 5
9658 5
9659 5
9660 5
9661 5
9662 5
9663 5
9664 5
9665 5
9666 5
9667 5
9668 5
9669 5
9670 5
9671 5
9672 5
9673 5
9674 5
9675 5
9676 5
9677 5
9678 5
9679 5
9680 5
9681 5
9682 5
9683 5
9684 5
9685 5
9686 5
9687 5
9688 5
9689 5
9690 5
9691 5
9692 5
9693 5
9694 5
9695 5
9696 5
9697 5
9698 5
9699 5
9700 5
9701 5
9702 5
9703 5
9704 5
9705 5
9706 5
9707 5
9708 5
9709 5
9710 5
9711 5
9712 5
9713 5
9714 5
9715 5
9716 5
9717 5
9718 5
9719 5
9720 5
9721 5
9722 5
9723 5
9724 5
9725 5
9726 5
9727 5
9728 5
9729 5
9730 5
9731 5
9732 5
9733 5
9734 5
9735 5
9736 5
9737 5
9738 5
9739 5
9740 5
9741 5
9742 5
9743 5
9744 5
9745 5
9746 5
9747 5
9748 5
9749 5
9750 5
9751 5
9752 5
9753 5
9754 5
9755 5
9756 5
9757 5
9758 5
9759 5
9760 5
9761 5
9762 5
9763 5
9764 5
9765 5
9766 5
9767 5
9768 5
9769 5
9770 5
9771 5
9772 5
9773 5
9774 5
9775 5
9776 5
9777 5
9778 5
9779 5
9780 5
9781 5
9782 5
9783 5
9784 5
9785 5
9786 5
9787 5
9788 5
9789 5
9790 5
9791 5
9792 5
9793 5
9794 5
9795 5
9796 5
9797 5
9798 5
9799 5
9800 5
9801 5
9802 5
9803 5
9804 5
9805 5
9806 5
9807 5
9808 5
9809 5
9810 5
9811 5
9812 5
9813 5
9814 5
9815 5
9816 5
9817 5
9818 5
9819 5
9820 5
9821 5
9822 5
9823 5
9824 5
9825 5
9826 5
9827 5
9828 5
9829 5
9830 5
9831 5
9832 5
9833 5
9834 5
9835 5
9836 5
9837 5
9838 5
9839 5
9840 5
9841 5
9842 5
9843 5
9844 5
9845 5
9846 5
9847 5
9848 5
9849 5
9850 5
9851 5
9852 5
9853 5
9854 5
9855 5
9856 5
9857 5
9858 5
9859 5
9860 5
9861 5
9862 5
9863 5
9864 5
9865 5
9866 5
9867 5
9868 5
9869 5
9870 5
9871 5
9872 5
9873 5
9874 5
9875 5
9876 5
9877 5
9878 5
9879 5
9880 5
9881 5
9882 5
9883 5
9884 5
9885 5
9886 5
9887 5
9888 5
9889 5
9890 5
9891 5
9892 5
9893 5
9894 5
9895 5
9896 5
9897 5
9898 5
9899 5
9900 5
9901 5
9902 5
9903 5
9904 5
9905 5
9906 5
9907 5
9908 5
9909 5
9910 5
9911 5
9912 5
9913 5
9914 5
9915 5
9916 5
9917 5
9918 5
9919 5
9920 5
9921 5
9922 5
9923 5
9924 5
9925 5
9926 5
9927 5
9928 5
9929 5
9930 5
9931 5
9932 5
9933 5
9934 5
9935 5
9936 5
9937 5
9938 5
9939 5
9940 5
9941 5
9942 5
9943 5
9944 5
9945 5
9946 5
9947 5
9948 5
9949 5
9950 5
9951 5
9952 5
9953 5
9954 5
9955 5
9956 5
9957 5
9958 5
9959 5
9960 5
9961 5
9962 5
9963 5
9964 5
9965 5
9966 5
9967 5
9968 5
9969 5
9970 5
9971 5
9972 5
9973 5
9974 5
9975 5
9976 5
9977 5
9978 5
9979 5
9980 5
9981 5
9982 5
9983 5
9984 5
9985 5
9986 5
9987 5
9988 5
9989 5
9990 5
9991 5
9992 5
9993 5
9994 5
9995 5
9996 5
9997 5
9998 5
9999 5
10000 5
