100 1
101 1
102 1
103 1
104 1
105 1
106 1
107 1
108 1
109 1
110 1
111 1
112 1
113 1
114 1
115 1
116 1
117 1
118 1
119 1
120 1
121 1
122 1
123 1
124 1
125 1
126 1
127 1
128 1
129 1
130 1
131 1
132 1
133 1
134 1
135 1
136 1
137 1
138 1
139 1
140 1
141 1
142 1
143 1
144 1
145 1
146 1
147 1
148 1
149 1
150 2
151 2
152 2
153 2
154 2
155 2
156 2
157 2
158 2
159 2
160 2
161 2
162 2
163 2
164 2
165 2
166 2
167 2
168 2
169 2
170 2
171 2
172 2
173 2
174 2
175 2
176 2
177 2
178 2
179 2
180 2
181 2
182 2
183 2
184 2
185 2
186 2
187 2
188 2
189 2
190 2
191 2
192 2
193 2
194 2
195 2
196 2
197 2
198 2
199 2
200 2
201 2
202 2
203 2
204 2
205 2
206 2
207 2
208 2
209 2
210 2
211 2
212 2
213 2
214 2
215 2
216 2
217 2
218 2
219 2
220 2
221 2
222 2
223 2
224 2
225 2
226 2
227 2
228 2
229 2
230 2
231 2
232 2
233 2
234 2
235 2
236 2
237 2
238 2
239 2
240 2
241 2
242 2
243 2
244 2
245 2
246 2
247 2
248 2
249 2
250 2
251 2
252 2
253 2
254 2
255 2
256 2
257 2
258 2
259 2
260 2
261 2
262 2
263 2
264 2
265 2
266 2
267 2
268 2
269 2
270 2
271 2
272 2
273 2
274 2
275 2
276 2
277 2
278 2
279 2
280 2
281 2
282 2
283 2
284 2
285 2
286 2
287 2
288 2
289 2
290 2
291 2
292 2
293 2
294 2
295 2
296 2
297 2
298 2
299 2
300 2
301 2
302 2
303 2
304 2
305 2
306 2
307 2
308 2
309 2
310 2
311 2
312 2
313 2
314 2
315 2
316 2
317 2
318 2
319 2
320 2
321 2
322 2
323 2
324 2
325 2
326 2
327 2
328 2
329 2
330 2
331 2
332 2
333 2
334 2
335 2
336 2
337 2
338 2
339 2
340 2
341 2
342 2
343 2
344 2
345 2
346 2
347 2
348 2
349 2
350 2
351 2
352 2
353 2
354 2
355 2
356 2
357 2
358 2
359 2
360 2
361 2
362 2
363 2
364 2
365 2
366 2
367 2
368 2
369 2
370 2
371 2
372 2
373 2
374 2
375 2
376 2
377 2
378 2
379 2
380 2
381 2
382 2
383 2
384 2
385 2
386 2
387 2
388 2
389 2
390 2
391 2
392 2
393 2
394 2
395 2
396 2
397 2
398 2
399 2
400 2
401 2
402 2
403 2
404 2
405 2
406 2
407 2
408 2
409 2
410 2
411 2
412 2
413 2
414 2
415 2
416 2
417 2
418 2
419 2
420 2
421 2
422 2
423 2
424 2
425 2
426 2
427 2
428 2
429 2
430 2
431 2
432 2
433 2
434 2
435 2
436 2
437 2
438 2
439 2
440 2
441 2
442 2
443 2
444 2
445 2
446 2
447 2
448 2
449 2
450 2
451 2
452 2
453 2
454 2
455 2
456 2
457 2
458 2
459 2
460 2
461 2
462 2
463 2
464 2
465 2
466 2
467 2
468 2
469 2
470 2
471 2
472 2
473 2
474 2
475 2
476 2
477 2
478 2
479 2
480 2
481 2
482 2
483 2
484 2
485 2
486 2
487 2
488 2
489 2
490 2
491 2
492 2
493 2
494 2
495 2
496 2
497 2
498 2
499 2
500 2
501 2
502 2
503 2
504 2
505 2
506 2
507 2
508 2
509 2
510 2
511 2
512 2
513 2
514 2
515 2
516 2
517 2
518 2
519 2
520 2
521 2
522 2
523 2
524 2
525 2
526 2
527 2
528 2
529 2
530 2
531 2
532 2
533 2
534 2
535 2
536 2
537 2
538 2
539 2
540 2
541 2
542 2
543 2
544 2
545 2
546 2
547 2
548 2
549 2
550 2
551 2
552 2
553 2
554 2
555 2
556 2
557 2
558 2
559 2
560 2
561 2
562 2
563 2
564 2
565 2
566 2
567 2
568 2
569 2
570 2
571 2
572 2
573 2
574 2
575 2
576 2
577 2
578 2
579 2
580 2
581 2
582 2
583 2
584 2
585 3
586 3
587 3
588 3
589 3
590 3
591 3
592 3
593 3
594 3
595 3
596 3
597 3
598 3
599 3
600 3
601 3
602 3
603 3
604 3
605 3
606 3
607 3
608 3
609 3
610 3
611 3
612 3
613 3
614 3
615 3
616 3
617 3
618 3
619 3
620 3
621 3
622 3
623 3
624 3
625 3
626 3
627 3
628 3
629 3
630 3
631 3
632 3
633 3
634 3
635 3
636 3
637 3
638 3
639 3
640 3
641 3
642 3
643 3
644 3
645 3
646 3
647 3
648 3
649 3
650 3
651 3
652 3
653 3
654 3
655 3
656 3
657 3
658 3
659 3
660 3
661 3
662 3
663 3
664 3
665 3
666 3
667 3
668 3
669 3
670 3
671 3
672 3
673 3
674 3
675 3
676 3
677 3
678 3
679 3
680 3
681 3
682 3
683 3
684 3
685 3
686 3
687 3
688 3
689 3
690 3
691 3
692 3
693 3
694 3
695 3
696 3
697 3
698 3
699 3
700 3
701 3
702 3
703 3
704 3
705 3
706 3
707 3
708 3
709 3
710 3
711 3
712 3
713 3
714 3
715 3
716 3
717 3
718 3
719 3
720 3
721 3
722 3
723 3
724 3
725 3
726 3
727 3
728 3
729 3
730 3
731 3
732 3
733 3
734 3
735 3
736 3
737 3
738 3
739 3
740 3
741 3
742 3
743 3
744 3
745 3
746 3
747 3
748 3
749 3
750 3
751 3
752 3
753 3
754 3
755 3
756 3
757 3
758 3
759 3
760 3
761 3
762 3
763 3
764 3
765 3
766 3
767 3
768 3
769 3
770 3
771 3
772 3
773 3
774 3
775 3
776 3
777 3
778 3
779 3
780 3
781 3
782 3
783 3
784 3
785 3
786 3
787 3
788 3
789 3
790 3
791 3
792 3
793 3
794 3
795 3
796 3
797 3
798 3
799 3
800 3
801 3
802 3
803 3
804 3
805 3
806 3
807 3
808 3
809 3
810 3
811 3
812 3
813 3
814 3
815 3
816 3
817 3
818 3
819 3
820 3
821 3
822 3
823 3
824 3
825 3
826 3
827 3
828 3
829 3
830 3
831 3
832 3
833 3
834 3
835 3
836 3
837 3
838 3
839 3
840 3
841 3
842 3
843 3
844 3
845 3
846 3
847 3
848 3
849 3
850 3
851 3
852 3
853 3
854 3
855 3
856 3
857 3
858 3
859 3
860 3
861 3
862 3
863 3
864 3
865 3
866 3
867 3
868 3
869 3
870 3
871 3
872 3
873 3
874 3
875 3
876 3
877 3
878 3
879 3
880 3
881 3
882 3
883 3
884 3
885 3
886 3
887 3
888 3
889 3
890 3
891 3
892 3
893 3
894 3
895 3
896 3
897 3
898 3
899 3
900 3
901 3
902 3
903 3
904 3
905 3
906 3
907 3
908 3
909 3
910 3
911 3
912 3
913 3
914 3
915 3
916 3
917 3
918 3
919 3
920 3
921 3
922 3
923 3
924 3
925 3
926 3
927 3
928 3
929 3
930 3
931 3
932 3
933 3
934 3
935 3
936 3
937 3
938 3
939 3
940 3
941 3
942 3
943 3
944 3
945 3
946 3
947 3
948 3
949 3
950 3
951 3
952 3
953 3
954 3
955 3
956 3
957 3
958 3
959 3
960 3
961 3
962 3
963 3
964 3
965 3
966 3
967 3
968 3
969 3
970 3
971 3
972 3
973 3
974 3
975 3
976 3
977 3
978 3
979 3
980 3
981 3
982 3
983 3
984 3
985 3
986 3
987 3
988 3
989 3
990 3
991 3
992 3
993 3
994 3
995 3
996 3
997 3
998 3
999 3
1000 3
1001 3
1002 3
1003 3
1004 3
1005 3
1006 3
1007 3
1008 3
1009 3
1010 3
1011 3
1012 3
1013 3
1014 3
1015 3
1016 3
1017 3
1018 3
1019 3
1020 3
1021 3
1022 3
1023 3
1024 3
1025 3
1026 3
1027 3
1028 3
1029 3
1030 3
1031 3
1032 3
1033 3
1034 3
1035 3
1036 3
1037 3
1038 3
1039 3
1040 3
1041 3
1042 3
1043 3
1044 3
1045 4
1046 4
1047 4
1048 4
1049 4
1050 4
1051 4
1052 4
1053 4
1054 4
1055 4
1056 4
1057 4
1058 4
1059 4
1060 4
1061 4
1062 4
1063 4
1064 4
1065 4
1066 4
1067 4
1068 4
1069 4
1070 4
1071 4
1072 4
1073 4
1074 4
1075 4
1076 4
1077 4
1078 4
1079 4
1080 4
1081 4
1082 4
1083 4
1084 4
1085 4
1086 4
1087 4
1088 4
1089 4
1090 4
1091 4
1092 4
1093 4
1094 4
1095 4
1096 4
1097 4
1098 4
1099 4
1100 4
1101 4
1102 4
1103 4
1104 4
1105 4
1106 4
1107 4
1108 4
1109 4
1110 4
1111 4
1112 4
1113 4
1114 4
1115 4
1116 4
1117 4
1118 4
1119 4
1120 4
1121 4
1122 4
1123 4
1124 4
1125 4
1126 4
1127 4
1128 4
1129 4
1130 4
1131 4
1132 4
1133 4
1134 4
1135 4
1136 4
1137 4
1138 4
1139 4
1140 4
1141 4
1142 4
1143 4
1144 4
1145 4
1146 4
1147 4
1148 4
1149 4
1150 4
1151 4
1152 4
1153 4
1154 4
1155 4
1156 4
1157 4
1158 4
1159 4
1160 4
1161 4
1162 4
1163 4
1164 4
1165 4
1166 4
1167 4
1168 4
1169 4
1170 4
1171 4
1172 4
1173 4
1174 4
1175 4
1176 4
1177 4
1178 4
1179 4
1180 4
1181 4
1182 4
1183 4
1184 4
1185 4
1186 4
1187 4
1188 4
1189 4
1190 4
1191 4
1192 4
1193 4
1194 4
1195 4
1196 4
1197 4
1198 4
1199 4
1200 4
1201 4
1202 4
1203 4
1204 4
1205 4
1206 4
1207 4
1208 4
1209 4
1210 4
1211 4
1212 4
1213 4
1214 4
1215 4
1216 4
1217 4
1218 4
1219 4
1220 4
1221 4
1222 4
1223 4
1224 4
1225 4
1226 4
1227 4
1228 4
1229 4
1230 4
1231 4
1232 4
1233 4
1234 4
1235 4
1236 4
1237 4
1238 4
1239 4
1240 4
1241 4
1242 4
1243 4
1244 4
1245 4
1246 4
1247 4
1248 4
1249 4
1250 4
1251 4
1252 4
1253 4
1254 4
1255 4
1256 4
1257 4
1258 4
1259 4
1260 4
1261 4
1262 4
1263 4
1264 4
1265 4
1266 4
1267 4
1268 4
1269 4
1270 4
1271 4
1272 4
1273 4
1274 4
1275 4
1276 4
1277 4
1278 4
1279 4
1280 4
1281 4
1282 4
1283 4
1284 4
1285 4
1286 4
1287 4
1288 4
1289 4
1290 4
1291 4
1292 4
1293 4
1294 4
1295 4
1296 4
1297 4
1298 4
1299 4
1300 4
1301 4
1302 4
1303 4
1304 4
1305 4
1306 4
1307 4
1308 4
1309 4
1310 4
1311 4
1312 4
1313 4
1314 4
1315 4
1316 4
1317 4
1318 4
1319 4
1320 4
1321 4
1322 4
1323 4
1324 4
1325 4
1326 4
1327 4
1328 4
1329 4
1330 4
1331 4
1332 4
1333 4
1334 4
1335 4
1336 4
1337 4
1338 4
1339 4
1340 4
1341 4
1342 4
1343 4
1344 4
1345 4
1346 4
1347 4
1348 4
1349 4
1350 4
1351 4
1352 4
1353 4
1354 4
1355 4
1356 4
1357 4
1358 4
1359 4
1360 4
1361 4
1362 4
1363 4
1364 4
1365 4
1366 4
1367 4
1368 4
1369 4
1370 4
1371 4
1372 4
1373 4
1374 4
1375 4
1376 4
1377 4
1378 4
1379 4
1380 4
1381 4
1382 4
1383 4
1384 4
1385 4
1386 4
1387 4
1388 4
1389 4
1390 4
1391 4
1392 4
1393 4
1394 4
1395 4
1396 4
1397 4
1398 4
1399 4
1400 4
1401 4
1402 4
1403 4
1404 4
1405 4
1406 4
1407 4
1408 4
1409 4
1410 4
1411 4
1412 4
1413 4
1414 4
1415 4
1416 4
1417 4
1418 4
1419 4
1420 4
1421 4
1422 4
1423 4
1424 4
1425 4
1426 4
1427 4
1428 4
1429 4
1430 4
1431 4
1432 4
1433 4
1434 4
1435 4
1436 4
1437 4
1438 4
1439 4
1440 4
1441 4
1442 4
1443 4
1444 4
1445 4
1446 4
1447 4
1448 4
1449 4
1450 4
1451 4
1452 4
1453 4
1454 4
1455 4
1456 4
1457 4
1458 4
1459 4
1460 4
1461 4
1462 4
1463 4
1464 4
1465 4
1466 4
1467 4
1468 4
1469 4
1470 4
1471 4
1472 4
1473 4
1474 4
1475 4
1476 4
1477 4
1478 4
1479 4
1480 4
1481 4
1482 4
1483 4
1484 4
1485 4
1486 4
1487 4
1488 4
1489 4
1490 4
1491 4
1492 4
1493 4
1494 4
1495 4
1496 4
1497 4
1498 4
1499 4
1500 4
1501 4
1502 4
1503 4
1504 4
1505 4
1506 4
1507 4
1508 4
1509 4
1510 4
1511 4
1512 4
1513 4
1514 4
1515 4
1516 4
1517 4
1518 4
1519 4
1520 4
1521 4
1522 4
1523 4
1524 4
1525 4
1526 4
1527 4
1528 4
1529 4
1530 4
1531 4
1532 4
1533 4
1534 4
1535 4
1536 4
1537 4
1538 4
1539 4
1540 4
1541 4
1542 4
1543 4
1544 4
1545 4
1546 4
1547 4
1548 4
1549 4
1550 4
1551 4
1552 4
1553 4
1554 4
1555 4
1556 4
1557 4
1558 4
1559 4
1560 4
1561 4
1562 4
1563 4
1564 4
1565 4
1566 4
1567 4
1568 4
1569 4
1570 4
1571 4
1572 4
1573 4
1574 4
1575 4
1576 4
1577 4
1578 4
1579 4
1580 4
1581 4
1582 4
1583 4
1584 4
1585 4
1586 4
1587 4
1588 4
1589 4
1590 4
1591 4
1592 4
1593 4
1594 4
1595 4
1596 4
1597 4
1598 4
1599 4
1600 4
1601 4
1602 4
1603 4
1604 4
1605 4
1606 4
1607 4
1608 4
1609 4
1610 4
1611 4
1612 4
1613 4
1614 4
1615 4
1616 4
1617 4
1618 4
1619 4
1620 4
1621 4
1622 4
1623 4
1624 4
1625 4
1626 4
1627 4
1628 4
1629 4
1630 4
1631 4
1632 4
1633 4
1634 4
1635 4
1636 4
1637 4
1638 4
1639 4
1640 4
1641 4
1642 4
1643 4
1644 4
1645 4
1646 4
1647 4
1648 4
1649 4
1650 4
1651 4
1652 4
1653 4
1654 4
1655 4
1656 4
1657 4
1658 4
1659 4
1660 4
1661 4
1662 4
1663 4
1664 4
1665 4
1666 4
1667 4
1668 4
1669 4
1670 4
1671 4
1672 4
1673 4
1674 4
1675 4
1676 4
1677 4
1678 4
1679 4
1680 4
1681 4
1682 4
1683 4
1684 4
1685 4
1686 4
1687 4
1688 4
1689 4
1690 4
1691 4
1692 4
1693 4
1694 4
1695 4
1696 4
1697 4
1698 4
1699 4
1700 4
1701 4
1702 4
1703 4
1704 4
1705 4
1706 4
1707 4
1708 4
1709 4
1710 4
1711 4
1712 4
1713 4
1714 4
1715 4
1716 4
1717 4
1718 4
1719 4
1720 4
1721 4
1722 4
1723 4
1724 4
1725 4
1726 4
1727 4
1728 4
1729 4
1730 4
1731 4
1732 4
1733 4
1734 4
1735 4
1736 4
1737 4
1738 4
1739 4
1740 4
1741 4
1742 4
1743 4
1744 4
1745 4
1746 4
1747 4
1748 4
1749 4
1750 4
1751 4
1752 4
1753 4
1754 4
1755 4
1756 4
1757 4
1758 4
1759 4
1760 4
1761 4
1762 4
1763 4
1764 4
1765 4
1766 4
1767 4
1768 4
1769 4
1770 4
1771 4
1772 4
1773 4
1774 4
1775 4
1776 4
1777 4
1778 4
1779 4
1780 4
1781 4
1782 4
1783 4
1784 4
1785 4
1786 4
1787 4
1788 4
1789 4
1790 4
1791 4
1792 4
1793 4
1794 4
1795 4
1796 4
1797 4
1798 4
1799 4
1800 4
1801 4
1802 4
1803 4
1804 4
1805 4
1806 4
1807 4
1808 4
1809 4
1810 4
1811 4
1812 4
1813 4
1814 4
1815 4
1816 4
1817 4
1818 4
1819 4
1820 4
1821 4
1822 4
1823 4
1824 4
1825 4
1826 4
1827 4
1828 4
1829 4
1830 4
1831 4
1832 4
1833 4
1834 4
1835 4
1836 4
1837 4
1838 4
1839 4
1840 4
1841 4
1842 4
1843 4
1844 4
1845 4
1846 4
1847 4
1848 4
1849 4
1850 4
1851 4
1852 4
1853 4
1854 4
1855 4
1856 4
1857 4
1858 4
1859 4
1860 4
1861 4
1862 4
1863 4
1864 4
1865 4
1866 4
1867 4
1868 4
1869 4
1870 4
1871 4
1872 4
1873 4
1874 4
1875 4
1876 4
1877 4
1878 4
1879 4
1880 4
1881 4
1882 4
1883 4
1884 4
1885 4
1886 4
1887 4
1888 4
1889 4
1890 4
1891 4
1892 4
1893 4
1894 4
1895 4
1896 4
1897 4
1898 4
1899 4
1900 4
1901 4
1902 4
1903 4
1904 4
1905 4
1906 4
1907 4
1908 4
1909 4
1910 4
1911 4
1912 4
1913 4
1914 4
1915 4
1916 4
1917 4
1918 4
1919 4
1920 4
1921 4
1922 4
1923 4
1924 4
1925 4
1926 4
1927 4
1928 4
1929 4
1930 4
1931 4
1932 4
1933 4
1934 4
1935 4
1936 4
1937 4
1938 4
1939 4
1940 4
1941 4
1942 4
1943 4
1944 4
1945 4
1946 4
1947 4
1948 4
1949 4
1950 4
1951 4
1952 4
1953 4
1954 4
1955 4
1956 4
1957 4
1958 4
1959 4
1960 4
1961 4
1962 4
1963 4
1964 4
1965 4
1966 4
1967 4
1968 4
1969 4
1970 4
1971 4
1972 4
1973 4
1974 4
1975 4
1976 4
1977 4
1978 4
1979 4
1980 4
1981 4
1982 4
1983 4
1984 4
1985 4
1986 4
1987 4
1988 4
1989 4
1990 4
1991 4
1992 4
1993 4
1994 4
1995 4
1996 4
1997 4
1998 4
1999 4
2000 4
2001 4
2002 4
2003 4
2004 4
2005 4
2006 4
2007 4
2008 4
2009 4
2010 4
2011 4
2012 4
2013 4
2014 4
2015 4
2016 4
2017 4
2018 4
2019 4
2020 4
2021 4
2022 4
2023 4
2024 4
2025 4
2026 4
2027 4
2028 4
2029 4
2030 4
2031 4
2032 4
2033 4
2034 4
2035 4
2036 4
2037 4
2038 4
2039 4
2040 4
2041 4
2042 4
2043 4
2044 4
2045 4
2046 4
2047 4
2048 4
2049 4
2050 4
2051 4
2052 4
2053 4
2054 4
2055 4
2056 4
2057 4
2058 4
2059 4
2060 4
2061 4
2062 4
2063 4
2064 4
2065 4
2066 4
2067 4
2068 4
2069 4
2070 4
2071 4
2072 4
2073 4
2074 4
2075 4
2076 4
2077 4
2078 4
2079 4
2080 4
2081 4
2082 4
2083 4
2084 4
2085 4
2086 4
2087 4
2088 4
2089 4
2090 4
2091 4
2092 4
2093 4
2094 4
2095 4
2096 4
2097 4
2098 4
2099 4
2100 4
2101 4
2102 4
2103 4
2104 4
2105 4
2106 4
2107 4
2108 4
2109 4
2110 4
2111 4
2112 4
2113 4
2114 4
2115 4
2116 4
2117 4
2118 4
2119 4
2120 4
2121 4
2122 4
2123 4
2124 4
2125 4
2126 4
2127 4
2128 4
2129 4
2130 4
2131 4
2132 4
2133 4
2134 4
2135 4
2136 4
2137 4
2138 4
2139 4
2140 4
2141 4
2142 4
2143 4
2144 4
2145 4
2146 4
2147 4
2148 4
2149 4
2150 4
2151 4
2152 4
2153 4
2154 4
2155 4
2156 4
2157 4
2158 4
2159 4
2160 4
2161 4
2162 4
2163 4
2164 4
2165 4
2166 4
2167 4
2168 4
2169 4
2170 4
2171 4
2172 4
2173 4
2174 4
2175 4
2176 4
2177 4
2178 4
2179 4
2180 4
2181 4
2182 4
2183 4
2184 4
2185 4
2186 4
2187 4
2188 4
2189 4
2190 4
2191 4
2192 4
2193 4
2194 4
2195 4
2196 4
2197 4
2198 4
2199 4
2200 4
2201 4
2202 4
2203 4
2204 4
2205 4
2206 4
2207 4
2208 4
2209 4
2210 4
2211 4
2212 4
2213 4
2214 4
2215 4
2216 4
2217 4
2218 4
2219 4
2220 4
2221 4
2222 4
2223 4
2224 4
2225 4
2226 4
2227 4
2228 4
2229 4
2230 4
2231 4
2232 4
2233 4
2234 4
2235 4
2236 4
2237 4
2238 4
2239 4
2240 4
2241 4
2242 4
2243 4
2244 4
2245 4
2246 4
2247 4
2248 4
2249 4
2250 4
2251 4
2252 4
2253 4
2254 4
2255 4
2256 4
2257 4
2258 4
2259 4
2260 4
2261 4
2262 4
2263 4
2264 4
2265 4
2266 4
2267 4
2268 4
2269 4
2270 4
2271 4
2272 4
2273 4
2274 4
2275 4
2276 4
2277 4
2278 4
2279 4
2280 4
2281 4
2282 4
2283 4
2284 4
2285 4
2286 4
2287 4
2288 4
2289 4
2290 4
2291 4
2292 4
2293 4
2294 4
2295 4
2296 4
2297 4
2298 4
2299 4
2300 4
2301 4
2302 4
2303 4
2304 4
2305 4
2306 4
2307 4
2308 4
2309 4
2310 4
2311 4
2312 4
2313 4
2314 4
2315 4
2316 4
2317 4
2318 4
2319 4
2320 4
2321 4
2322 4
2323 4
2324 4
2325 4
2326 4
2327 4
2328 4
2329 4
2330 4
2331 4
2332 4
2333 4
2334 4
2335 4
2336 4
2337 4
2338 4
2339 4
2340 4
2341 4
2342 4
2343 4
2344 4
2345 4
2346 4
2347 4
2348 4
2349 4
2350 4
2351 4
2352 4
2353 4
2354 4
2355 4
2356 4
2357 4
2358 4
2359 4
2360 4
2361 4
2362 4
2363 4
2364 4
2365 4
2366 4
2367 4
2368 4
2369 4
2370 4
2371 4
2372 4
2373 4
2374 4
2375 4
2376 4
2377 4
2378 4
2379 4
2380 4
2381 4
2382 4
2383 4
2384 4
2385 4
2386 4
2387 4
2388 4
2389 4
2390 4
2391 4
2392 4
2393 4
2394 4
2395 4
2396 4
2397 4
2398 4
2399 4
2400 4
2401 4
2402 4
2403 4
2404 4
2405 4
2406 4
2407 4
2408 4
2409 4
2410 4
2411 4
2412 4
2413 4
2414 4
2415 4
2416 4
2417 4
2418 4
2419 4
2420 4
2421 4
2422 4
2423 4
2424 4
2425 4
2426 4
2427 4
2428 4
2429 4
2430 4
2431 4
2432 4
2433 4
2434 4
2435 4
2436 4
2437 4
2438 4
2439 4
2440 4
2441 4
2442 4
2443 4
2444 4
2445 4
2446 4
2447 4
2448 4
2449 4
2450 4
2451 4
2452 4
2453 4
2454 4
2455 4
2456 4
2457 4
2458 4
2459 4
2460 4
2461 4
2462 4
2463 4
2464 4
2465 4
2466 4
2467 4
2468 4
2469 4
2470 4
2471 4
2472 4
2473 4
2474 4
2475 4
2476 4
2477 4
2478 4
2479 4
2480 4
2481 4
2482 4
2483 4
2484 4
2485 4
2486 4
2487 4
2488 4
2489 4
2490 4
2491 4
2492 4
2493 4
2494 4
2495 4
2496 4
2497 4
2498 4
2499 4
2500 4
2501 4
2502 4
2503 4
2504 4
2505 4
2506 4
2507 4
2508 4
2509 4
2510 4
2511 4
2512 4
2513 4
2514 4
2515 4
2516 4
2517 4
2518 4
2519 4
2520 4
2521 4
2522 4
2523 4
2524 4
2525 4
2526 4
2527 4
2528 4
2529 4
2530 4
2531 4
2532 4
2533 4
2534 4
2535 4
2536 4
2537 4
2538 4
2539 4
2540 4
2541 4
2542 4
2543 4
2544 4
2545 4
2546 4
2547 4
2548 4
2549 4
2550 4
2551 4
2552 4
2553 4
2554 4
2555 4
2556 4
2557 4
2558 4
2559 4
2560 4
2561 4
2562 4
2563 4
2564 4
2565 4
2566 4
2567 4
2568 4
2569 4
2570 4
2571 4
2572 4
2573 4
2574 4
2575 4
2576 4
2577 4
2578 4
2579 4
2580 4
2581 4
2582 4
2583 4
2584 4
2585 4
2586 4
2587 4
2588 4
2589 4
2590 4
2591 4
2592 4
2593 4
2594 4
2595 4
2596 4
2597 4
2598 4
2599 4
2600 4
2601 4
2602 4
2603 4
2604 4
2605 4
2606 4
2607 4
2608 4
2609 4
2610 4
2611 4
2612 4
2613 4
2614 4
2615 4
2616 4
2617 4
2618 4
2619 4
2620 4
2621 4
2622 4
2623 4
2624 4
2625 4
2626 4
2627 4
2628 4
2629 4
2630 4
2631 4
2632 4
2633 4
2634 4
2635 4
2636 4
2637 4
2638 4
2639 4
2640 4
2641 4
2642 4
2643 4
2644 4
2645 4
2646 4
2647 4
2648 4
2649 4
2650 4
2651 4
2652 4
2653 4
2654 4
2655 4
2656 4
2657 4
2658 4
2659 4
2660 4
2661 4
2662 4
2663 4
2664 4
2665 4
2666 4
2667 4
2668 4
2669 4
2670 4
2671 4
2672 4
2673 4
2674 4
2675 4
2676 4
2677 4
2678 4
2679 4
2680 4
2681 4
2682 4
2683 4
2684 4
2685 4
2686 4
2687 4
2688 4
2689 4
2690 4
2691 4
2692 4
2693 4
2694 4
2695 4
2696 4
2697 4
2698 4
2699 4
2700 4
2701 4
2702 4
2703 4
2704 4
2705 4
2706 4
2707 4
2708 4
2709 4
2710 4
2711 4
2712 4
2713 4
2714 4
2715 4
2716 4
2717 4
2718 4
2719 4
2720 4
2721 4
2722 4
2723 4
2724 4
2725 4
2726 4
2727 4
2728 4
2729 4
2730 4
2731 4
2732 4
2733 4
2734 4
2735 4
2736 4
2737 4
2738 4
2739 4
2740 4
2741 4
2742 4
2743 4
2744 4
2745 4
2746 4
2747 4
2748 4
2749 4
2750 4
2751 4
2752 4
2753 4
2754 4
2755 4
2756 4
2757 4
2758 4
2759 4
2760 4
2761 4
2762 4
2763 4
2764 4
2765 4
2766 4
2767 4
2768 4
2769 4
2770 4
2771 4
2772 4
2773 4
2774 4
2775 4
2776 4
2777 4
2778 4
2779 4
2780 4
2781 4
2782 4
2783 4
2784 4
2785 4
2786 4
2787 4
2788 4
2789 4
2790 4
2791 4
2792 4
2793 4
2794 4
2795 4
2796 4
2797 4
2798 4
2799 4
2800 4
2801 4
2802 4
2803 4
2804 4
2805 4
2806 4
2807 4
2808 4
2809 4
2810 4
2811 4
2812 4
2813 4
2814 4
2815 4
2816 4
2817 4
2818 4
2819 4
2820 4
2821 4
2822 4
2823 4
2824 4
2825 4
2826 4
2827 4
2828 4
2829 4
2830 4
2831 4
2832 4
2833 4
2834 4
2835 4
2836 4
2837 4
2838 4
2839 4
2840 4
2841 4
2842 4
2843 4
2844 4
2845 4
2846 4
2847 4
2848 4
2849 4
2850 4
2851 4
2852 4
2853 4
2854 4
2855 4
2856 4
2857 4
2858 4
2859 4
2860 4
2861 4
2862 4
2863 4
2864 4
2865 4
2866 4
2867 4
2868 4
2869 4
2870 4
2871 4
2872 4
2873 4
2874 4
2875 4
2876 4
2877 4
2878 4
2879 4
2880 4
2881 4
2882 4
2883 4
2884 4
2885 4
2886 4
2887 4
2888 4
2889 4
2890 4
2891 4
2892 4
2893 4
2894 4
2895 4
2896 4
2897 4
2898 4
2899 4
2900 4
2901 4
2902 4
2903 4
2904 4
2905 4
2906 4
2907 4
2908 4
2909 4
2910 4
2911 4
2912 4
2913 4
2914 4
2915 4
2916 4
2917 4
2918 4
2919 4
2920 4
2921 4
2922 4
2923 4
2924 4
2925 4
2926 4
2927 4
2928 4
2929 4
2930 4
2931 4
2932 4
2933 4
2934 4
2935 4
2936 4
2937 4
2938 4
2939 4
2940 4
2941 4
2942 4
2943 4
2944 4
2945 4
2946 4
2947 4
2948 4
2949 4
2950 4
2951 4
2952 4
2953 4
2954 4
2955 4
2956 4
2957 4
2958 4
2959 4
2960 4
2961 4
2962 4
2963 4
2964 4
2965 4
2966 4
2967 4
2968 4
2969 4
2970 4
2971 4
2972 4
2973 4
2974 4
2975 4
2976 4
2977 4
2978 4
2979 4
2980 4
2981 4
2982 4
2983 4
2984 4
2985 4
2986 4
2987 4
2988 4
2989 4
2990 4
2991 4
2992 4
2993 4
2994 4
2995 4
2996 4
2997 4
2998 4
2999 4
3000 4
3001 4
3002 4
3003 4
3004 4
3005 4
3006 4
3007 4
3008 4
3009 4
3010 4
3011 4
3012 4
3013 4
3014 4
3015 4
3016 4
3017 4
3018 4
3019 4
3020 4
3021 4
3022 4
3023 4
3024 4
3025 4
3026 4
3027 4
3028 4
3029 4
3030 4
3031 4
3032 4
3033 4
3034 4
3035 4
3036 4
3037 4
3038 4
3039 4
3040 4
3041 4
3042 4
3043 4
3044 4
3045 4
3046 4
3047 4
3048 4
3049 4
3050 4
3051 4
3052 4
3053 4
3054 4
3055 4
3056 4
3057 4
3058 4
3059 4
3060 4
3061 4
3062 4
3063 4
3064 4
3065 4
3066 4
3067 4
3068 4
3069 4
3070 4
3071 4
3072 4
3073 4
3074 4
3075 4
3076 4
3077 4
3078 4
3079 4
3080 4
3081 4
3082 4
3083 4
3084 4
3085 4
3086 4
3087 4
3088 4
3089 4
3090 4
3091 4
3092 4
3093 4
3094 4
3095 4
3096 4
3097 4
3098 4
3099 4
3100 4
3101 4
3102 4
3103 4
3104 4
3105 4
3106 4
3107 4
3108 4
3109 4
3110 4
3111 4
3112 4
3113 4
3114 4
3115 4
3116 4
3117 4
3118 4
3119 4
3120 4
3121 4
3122 4
3123 4
3124 4
3125 4
3126 4
3127 4
3128 4
3129 4
3130 4
3131 4
3132 4
3133 4
3134 4
3135 4
3136 4
3137 4
3138 4
3139 4
3140 4
3141 4
3142 4
3143 4
3144 4
3145 4
3146 4
3147 4
3148 4
3149 4
3150 4
3151 4
3152 4
3153 4
3154 4
3155 4
3156 4
3157 4
3158 4
3159 4
3160 4
3161 4
3162 4
3163 4
3164 4
3165 4
3166 4
3167 4
3168 4
3169 4
3170 4
3171 4
3172 4
3173 4
3174 4
3175 4
3176 4
3177 4
3178 4
3179 4
3180 4
3181 4
3182 4
3183 4
3184 4
3185 4
3186 4
3187 4
3188 4
3189 4
3190 4
3191 4
3192 4
3193 4
3194 4
3195 4
3196 4
3197 4
3198 4
3199 4
3200 4
3201 4
3202 4
3203 4
3204 4
3205 4
3206 4
3207 4
3208 4
3209 4
3210 4
3211 4
3212 4
3213 4
3214 4
3215 4
3216 4
3217 4
3218 4
3219 4
3220 4
3221 4
3222 4
3223 4
3224 4
3225 4
3226 4
3227 4
3228 4
3229 4
3230 4
3231 4
3232 4
3233 4
3234 4
3235 4
3236 4
3237 4
3238 4
3239 4
3240 4
3241 4
3242 4
3243 4
3244 4
3245 4
3246 4
3247 4
3248 4
3249 4
3250 4
3251 4
3252 4
3253 4
3254 4
3255 4
3256 4
3257 4
3258 4
3259 4
3260 4
3261 4
3262 4
3263 4
3264 4
3265 4
3266 4
3267 4
3268 4
3269 4
3270 4
3271 4
3272 4
3273 4
3274 4
3275 4
3276 4
3277 4
3278 4
3279 4
3280 4
3281 4
3282 4
3283 4
3284 4
3285 4
3286 4
3287 4
3288 4
3289 4
3290 4
3291 4
3292 4
3293 4
3294 4
3295 4
3296 4
3297 4
3298 4
3299 4
3300 4
3301 4
3302 4
3303 4
3304 4
3305 4
3306 4
3307 4
3308 4
3309 4
3310 4
3311 4
3312 4
3313 4
3314 4
3315 4
3316 4
3317 4
3318 4
3319 4
3320 4
3321 4
3322 4
3323 4
3324 4
3325 4
3326 4
3327 4
3328 4
3329 4
3330 4
3331 4
3332 4
3333 4
3334 4
3335 4
3336 4
3337 4
3338 4
3339 4
3340 4
3341 4
3342 4
3343 4
3344 4
3345 4
3346 4
3347 4
3348 4
3349 4
3350 4
3351 4
3352 4
3353 4
3354 4
3355 4
3356 4
3357 4
3358 4
3359 4
3360 4
3361 4
3362 4
3363 4
3364 4
3365 4
3366 4
3367 4
3368 4
3369 4
3370 4
3371 4
3372 4
3373 4
3374 4
3375 4
3376 4
3377 4
3378 4
3379 4
3380 4
3381 4
3382 4
3383 4
3384 4
3385 4
3386 4
3387 4
3388 4
3389 4
3390 4
3391 4
3392 4
3393 4
3394 4
3395 4
3396 4
3397 4
3398 4
3399 4
3400 4
3401 4
3402 4
3403 4
3404 4
3405 4
3406 4
3407 4
3408 4
3409 4
3410 4
3411 4
3412 4
3413 4
3414 4
3415 4
3416 4
3417 4
3418 4
3419 4
3420 4
3421 4
3422 4
3423 4
3424 4
3425 4
3426 4
3427 4
3428 4
3429 4
3430 4
3431 4
3432 4
3433 4
3434 4
3435 4
3436 4
3437 4
3438 4
3439 4
3440 4
3441 4
3442 4
3443 4
3444 4
3445 4
3446 4
3447 4
3448 4
3449 4
3450 4
3451 4
3452 4
3453 4
3454 4
3455 4
3456 4
3457 4
3458 4
3459 4
3460 4
3461 4
3462 4
3463 4
3464 4
3465 4
3466 4
3467 4
3468 4
3469 4
3470 4
3471 4
3472 4
3473 4
3474 4
3475 4
3476 4
3477 4
3478 4
3479 4
3480 4
3481 4
3482 4
3483 4
3484 4
3485 4
3486 4
3487 4
3488 4
3489 4
3490 4
3491 4
3492 4
3493 4
3494 4
3495 4
3496 4
3497 4
3498 4
3499 4
3500 4
3501 4
3502 4
3503 4
3504 4
3505 4
3506 4
3507 4
3508 4
3509 4
3510 4
3511 4
3512 4
3513 4
3514 4
3515 4
3516 4
3517 4
3518 4
3519 4
3520 4
3521 4
3522 4
3523 4
3524 4
3525 4
3526 4
3527 4
3528 4
3529 4
3530 4
3531 4
3532 4
3533 4
3534 4
3535 4
3536 4
3537 4
3538 4
3539 4
3540 4
3541 4
3542 4
3543 4
3544 4
3545 4
3546 4
3547 4
3548 4
3549 4
3550 4
3551 4
3552 4
3553 4
3554 4
3555 4
3556 4
3557 4
3558 4
3559 4
3560 4
3561 4
3562 4
3563 4
3564 4
3565 4
3566 4
3567 4
3568 4
3569 4
3570 4
3571 4
3572 4
3573 4
3574 4
3575 4
3576 4
3577 4
3578 4
3579 4
3580 4
3581 4
3582 4
3583 4
3584 4
3585 4
3586 4
3587 4
3588 4
3589 4
3590 4
3591 4
3592 4
3593 4
3594 4
3595 4
3596 4
3597 4
3598 4
3599 4
3600 4
3601 4
3602 4
3603 4
3604 4
3605 4
3606 4
3607 4
3608 4
3609 4
3610 4
3611 4
3612 4
3613 4
3614 4
3615 4
3616 4
3617 4
3618 4
3619 4
3620 4
3621 4
3622 4
3623 4
3624 4
3625 4
3626 4
3627 4
3628 4
3629 4
3630 4
3631 4
3632 4
3633 4
3634 4
3635 4
3636 4
3637 4
3638 4
3639 4
3640 4
3641 4
3642 4
3643 4
3644 4
3645 4
3646 4
3647 4
3648 4
3649 4
3650 4
3651 4
3652 4
3653 4
3654 4
3655 4
3656 4
3657 4
3658 4
3659 4
3660 4
3661 4
3662 4
3663 4
3664 4
3665 4
3666 4
3667 4
3668 4
3669 4
3670 4
3671 4
3672 4
3673 4
3674 4
3675 4
3676 4
3677 4
3678 4
3679 4
3680 4
3681 4
3682 4
3683 4
3684 4
3685 4
3686 4
3687 4
3688 4
3689 4
3690 4
3691 4
3692 4
3693 4
3694 4
3695 4
3696 4
3697 4
3698 4
3699 4
3700 4
3701 4
3702 4
3703 4
3704 4
3705 4
3706 4
3707 4
3708 4
3709 4
3710 4
3711 5
3712 5
3713 5
3714 5
3715 5
3716 5
3717 5
3718 5
3719 5
3720 5
3721 5
3722 5
3723 5
3724 5
3725 5
3726 5
3727 5
3728 5
3729 5
3730 5
3731 5
3732 5
3733 5
3734 5
3735 5
3736 5
3737 5
3738 5
3739 5
3740 5
3741 5
3742 5
3743 5
3744 5
3745 5
3746 5
3747 5
3748 5
3749 5
3750 5
3751 5
3752 5
3753 5
3754 5
3755 5
3756 5
3757 5
3758 5
3759 5
3760 5
3761 5
3762 5
3763 5
3764 5
3765 5
3766 5
3767 5
3768 5
3769 5
3770 5
3771 5
3772 5
3773 5
3774 5
3775 5
3776 5
3777 5
3778 5
3779 5
3780 5
3781 5
3782 5
3783 5
3784 5
3785 5
3786 5
3787 5
3788 5
3789 5
3790 5
3791 5
3792 5
3793 5
3794 5
3795 5
3796 5
3797 5
3798 5
3799 5
3800 5
3801 5
3802 5
3803 5
3804 5
3805 5
3806 5
3807 5
3808 5
3809 5
3810 5
3811 5
3812 5
3813 5
3814 5
3815 6
3816 6
3817 6
3818 6
3819 6
3820 6
3821 6
3822 6
3823 6
3824 6
3825 6
3826 6
3827 6
3828 6
3829 6
3830 6
3831 6
3832 6
3833 6
3834 6
3835 6
3836 6
3837 6
3838 6
3839 6
3840 6
3841 6
3842 6
3843 6
3844 6
3845 6
3846 6
3847 6
3848 6
3849 6
3850 6
3851 6
3852 6
3853 6
3854 6
3855 6
3856 6
3857 6
3858 6
3859 6
3860 6
3861 6
3862 6
3863 6
3864 6
3865 6
3866 6
3867 6
3868 6
3869 6
3870 6
3871 6
3872 6
3873 6
3874 6
3875 6
3876 6
3877 6
3878 6
3879 6
3880 6
3881 6
3882 6
3883 6
3884 6
3885 6
3886 6
3887 6
3888 6
3889 6
3890 6
3891 6
3892 6
3893 6
3894 6
3895 6
3896 6
3897 6
3898 6
3899 6
3900 6
3901 6
3902 6
3903 6
3904 6
3905 6
3906 6
3907 6
3908 6
3909 6
3910 6
3911 6
3912 6
3913 6
3914 6
3915 6
3916 6
3917 6
3918 6
3919 6
3920 6
3921 6
3922 6
3923 6
3924 6
3925 6
3926 6
3927 6
3928 6
3929 6
3930 6
3931 6
3932 6
3933 6
3934 6
3935 6
3936 6
3937 6
3938 6
3939 6
3940 6
3941 6
3942 6
3943 6
3944 6
3945 6
3946 6
3947 6
3948 6
3949 6
3950 6
3951 6
3952 6
3953 6
3954 6
3955 6
3956 6
3957 6
3958 6
3959 6
3960 6
3961 6
3962 6
3963 6
3964 6
3965 6
3966 6
3967 6
3968 6
3969 6
3970 6
3971 6
3972 6
3973 6
3974 6
3975 6
3976 6
3977 6
3978 6
3979 6
3980 6
3981 6
3982 6
3983 6
3984 6
3985 6
3986 6
3987 6
3988 6
3989 6
3990 6
3991 6
3992 6
3993 6
3994 6
3995 6
3996 6
3997 6
3998 6
3999 6
4000 6
4001 6
4002 6
4003 6
4004 6
4005 6
4006 6
4007 6
4008 6
4009 6
4010 6
4011 6
4012 6
4013 6
4014 6
4015 6
4016 6
4017 6
4018 6
4019 6
4020 6
4021 6
4022 6
4023 6
4024 6
4025 6
4026 6
4027 6
4028 6
4029 6
4030 6
4031 6
4032 6
4033 6
4034 6
4035 6
4036 6
4037 6
4038 6
4039 6
4040 6
4041 6
4042 6
4043 6
4044 6
4045 6
4046 6
4047 6
4048 6
4049 6
4050 6
4051 6
4052 6
4053 6
4054 6
4055 6
4056 6
4057 6
4058 6
4059 6
4060 6
4061 6
4062 6
4063 6
4064 6
4065 6
4066 6
4067 6
4068 6
4069 6
4070 6
4071 6
4072 6
4073 6
4074 6
4075 6
4076 6
4077 6
4078 6
4079 6
4080 6
4081 6
4082 6
4083 6
4084 6
4085 6
4086 6
4087 6
4088 6
4089 6
4090 6
4091 6
4092 6
4093 6
4094 6
4095 6
4096 6
4097 6
4098 6
4099 6
4100 6
4101 6
4102 6
4103 6
4104 6
4105 6
4106 6
4107 6
4108 6
4109 6
4110 6
4111 6
4112 6
4113 6
4114 6
4115 6
4116 6
4117 6
4118 6
4119 6
4120 6
4121 6
4122 6
4123 6
4124 6
4125 6
4126 6
4127 6
4128 6
4129 6
4130 6
4131 6
4132 6
4133 6
4134 6
4135 6
4136 6
4137 6
4138 6
4139 6
4140 6
4141 6
4142 6
4143 6
4144 6
4145 6
4146 6
4147 6
4148 6
4149 6
4150 6
4151 6
4152 6
4153 6
4154 6
4155 6
4156 6
4157 6
4158 6
4159 6
4160 6
4161 6
4162 6
4163 6
4164 6
4165 6
4166 6
4167 6
4168 6
4169 6
4170 6
4171 6
4172 6
4173 6
4174 6
4175 6
4176 6
4177 6
4178 6
4179 6
4180 6
4181 6
4182 6
4183 6
4184 6
4185 6
4186 6
4187 6
4188 6
4189 6
4190 6
4191 6
4192 6
4193 6
4194 6
4195 6
4196 6
4197 6
4198 6
4199 6
4200 6
4201 6
4202 6
4203 6
4204 6
4205 6
4206 6
4207 6
4208 6
4209 6
4210 6
4211 6
4212 6
4213 6
4214 6
4215 6
4216 6
4217 6
4218 6
4219 6
4220 6
4221 6
4222 6
4223 6
4224 6
4225 6
4226 6
4227 6
4228 6
4229 6
4230 6
4231 6
4232 6
4233 6
4234 6
4235 6
4236 6
4237 6
4238 6
4239 6
4240 6
4241 6
4242 6
4243 6
4244 6
4245 6
4246 6
4247 6
4248 6
4249 6
4250 6
4251 6
4252 6
4253 6
4254 6
4255 6
4256 6
4257 6
4258 6
4259 6
4260 6
4261 6
4262 6
4263 6
4264 6
4265 6
4266 6
4267 6
4268 6
4269 6
4270 6
4271 6
4272 6
4273 6
4274 6
4275 6
4276 6
4277 6
4278 6
4279 6
4280 6
4281 6
4282 6
4283 6
4284 6
4285 6
4286 6
4287 6
4288 6
4289 6
4290 6
4291 6
4292 6
4293 6
4294 6
4295 6
4296 6
4297 6
4298 6
4299 6
4300 6
4301 6
4302 6
4303 6
4304 6
4305 6
4306 6
4307 6
4308 6
4309 6
4310 6
4311 6
4312 6
4313 6
4314 6
4315 6
4316 6
4317 6
4318 6
4319 6
4320 6
4321 6
4322 6
4323 6
4324 6
4325 6
4326 6
4327 6
4328 6
4329 6
4330 6
4331 6
4332 6
4333 6
4334 6
4335 6
4336 6
4337 6
4338 6
4339 6
4340 6
4341 6
4342 6
4343 6
4344 6
4345 6
4346 6
4347 6
4348 6
4349 6
4350 6
4351 6
4352 6
4353 6
4354 6
4355 6
4356 6
4357 6
4358 6
4359 6
4360 6
4361 6
4362 6
4363 6
4364 6
4365 6
4366 6
4367 6
4368 6
4369 6
4370 6
4371 6
4372 6
4373 6
4374 6
4375 6
4376 6
4377 6
4378 6
4379 6
4380 6
4381 6
4382 6
4383 6
4384 6
4385 6
4386 6
4387 6
4388 6
4389 6
4390 6
4391 6
4392 6
4393 6
4394 6
4395 6
4396 6
4397 6
4398 6
4399 6
4400 6
4401 6
4402 6
4403 6
4404 6
4405 6
4406 6
4407 6
4408 6
4409 6
4410 6
4411 6
4412 6
4413 6
4414 6
4415 6
4416 6
4417 6
4418 6
4419 6
4420 6
4421 6
4422 6
4423 6
4424 6
4425 6
4426 6
4427 6
4428 6
4429 6
4430 6
4431 6
4432 6
4433 6
4434 6
4435 6
4436 6
4437 6
4438 6
4439 6
4440 6
4441 6
4442 6
4443 6
4444 6
4445 6
4446 6
4447 6
4448 6
4449 6
4450 6
4451 6
4452 6
4453 6
4454 6
4455 6
4456 6
4457 6
4458 6
4459 6
4460 6
4461 6
4462 6
4463 6
4464 6
4465 6
4466 6
4467 6
4468 6
4469 6
4470 6
4471 6
4472 6
4473 6
4474 6
4475 6
4476 6
4477 6
4478 6
4479 6
4480 6
4481 6
4482 6
4483 6
4484 6
4485 6
4486 6
4487 6
4488 6
4489 6
4490 6
4491 6
4492 6
4493 6
4494 6
4495 6
4496 6
4497 6
4498 6
4499 6
4500 6
4501 6
4502 6
4503 6
4504 6
4505 6
4506 6
4507 6
4508 6
4509 6
4510 6
4511 6
4512 6
4513 6
4514 6
4515 6
4516 6
4517 6
4518 6
4519 6
4520 6
4521 6
4522 6
4523 6
4524 6
4525 6
4526 6
4527 6
4528 6
4529 6
4530 6
4531 6
4532 6
4533 6
4534 6
4535 6
4536 6
4537 6
4538 6
4539 6
4540 6
4541 6
4542 6
4543 6
4544 6
4545 6
4546 6
4547 6
4548 6
4549 6
4550 6
4551 6
4552 6
4553 6
4554 6
4555 6
4556 6
4557 6
4558 6
4559 6
4560 6
4561 6
4562 6
4563 6
4564 6
4565 6
4566 6
4567 6
4568 6
4569 6
4570 6
4571 6
4572 6
4573 6
4574 6
4575 6
4576 6
4577 6
4578 6
4579 6
4580 6
4581 6
4582 6
4583 6
4584 6
4585 6
4586 6
4587 6
4588 6
4589 6
4590 6
4591 6
4592 6
4593 6
4594 6
4595 6
4596 6
4597 6
4598 6
4599 6
4600 6
4601 6
4602 6
4603 6
4604 6
4605 6
4606 6
4607 6
4608 6
4609 6
4610 6
4611 6
4612 6
4613 6
4614 6
4615 6
4616 6
4617 6
4618 6
4619 6
4620 6
4621 6
4622 6
4623 6
4624 6
4625 6
4626 6
4627 6
4628 6
4629 6
4630 6
4631 6
4632 6
4633 6
4634 6
4635 6
4636 6
4637 6
4638 6
4639 6
4640 6
4641 6
4642 6
4643 6
4644 6
4645 6
4646 6
4647 6
4648 6
4649 6
4650 6
4651 6
4652 6
4653 6
4654 6
4655 6
4656 6
4657 6
4658 6
4659 6
4660 6
4661 6
4662 6
4663 6
4664 6
4665 6
4666 6
4667 6
4668 6
4669 6
4670 6
4671 6
4672 6
4673 6
4674 6
4675 7
4676 7
4677 7
4678 7
4679 7
4680 7
4681 7
4682 7
4683 7
4684 7
4685 7
4686 7
4687 7
4688 7
4689 7
4690 7
4691 7
4692 7
4693 7
4694 7
4695 7
4696 7
4697 7
4698 7
4699 7
4700 7
4701 7
4702 7
4703 7
4704 7
4705 7
4706 7
4707 7
4708 7
4709 7
4710 7
4711 7
4712 7
4713 7
4714 7
4715 7
4716 7
4717 7
4718 7
4719 7
4720 7
4721 7
4722 7
4723 7
4724 7
4725 7
4726 7
4727 7
4728 7
4729 7
4730 7
4731 7
4732 7
4733 7
4734 7
4735 7
4736 7
4737 7
4738 7
4739 7
4740 7
4741 7
4742 7
4743 7
4744 7
4745 7
4746 7
4747 7
4748 7
4749 7
4750 7
4751 7
4752 7
4753 7
4754 7
4755 7
4756 7
4757 7
4758 7
4759 7
4760 7
4761 7
4762 7
4763 7
4764 7
4765 7
4766 7
4767 7
4768 7
4769 7
4770 7
4771 7
4772 7
4773 7
4774 7
4775 7
4776 7
4777 7
4778 7
4779 7
4780 7
4781 7
4782 7
4783 7
4784 7
4785 7
4786 7
4787 7
4788 7
4789 7
4790 7
4791 7
4792 7
4793 7
4794 7
4795 7
4796 7
4797 7
4798 7
4799 7
4800 7
4801 7
4802 7
4803 7
4804 7
4805 7
4806 7
4807 7
4808 7
4809 7
4810 7
4811 7
4812 7
4813 7
4814 7
4815 7
4816 7
4817 7
4818 7
4819 7
4820 7
4821 7
4822 7
4823 7
4824 7
4825 7
4826 7
4827 7
4828 7
4829 7
4830 7
4831 7
4832 7
4833 7
4834 7
4835 7
4836 7
4837 7
4838 7
4839 7
4840 7
4841 7
4842 7
4843 7
4844 7
4845 7
4846 7
4847 7
4848 7
4849 7
4850 7
4851 7
4852 7
4853 7
4854 7
4855 7
4856 7
4857 7
4858 7
4859 7
4860 7
4861 7
4862 7
4863 7
4864 7
4865 7
4866 7
4867 7
4868 7
4869 7
4870 7
4871 7
4872 7
4873 7
4874 7
4875 7
4876 7
4877 7
4878 7
4879 7
4880 7
4881 7
4882 7
4883 7
4884 7
4885 7
4886 7
4887 7
4888 7
4889 7
4890 7
4891 7
4892 7
4893 7
4894 7
4895 7
4896 7
4897 7
4898 7
4899 7
4900 7
4901 7
4902 7
4903 7
4904 7
4905 7
4906 7
4907 7
4908 7
4909 7
4910 7
4911 7
4912 7
4913 7
4914 7
4915 7
4916 7
4917 7
4918 7
4919 7
4920 7
4921 7
4922 7
4923 7
4924 7
4925 7
4926 7
4927 7
4928 7
4929 7
4930 7
4931 7
4932 7
4933 7
4934 7
4935 7
4936 7
4937 7
4938 7
4939 7
4940 7
4941 7
4942 7
4943 7
4944 7
4945 7
4946 7
4947 7
4948 7
4949 7
4950 7
4951 7
4952 7
4953 7
4954 7
4955 7
4956 7
4957 7
4958 7
4959 7
4960 7
4961 7
4962 7
4963 7
4964 7
4965 7
4966 7
4967 7
4968 7
4969 7
4970 7
4971 7
4972 7
4973 7
4974 7
4975 7
4976 7
4977 7
4978 7
4979 7
4980 7
4981 7
4982 7
4983 7
4984 7
4985 7
4986 7
4987 7
4988 7
4989 7
4990 7
4991 7
4992 7
4993 7
4994 7
4995 7
4996 7
4997 7
4998 7
4999 7
5000 7
5001 7
5002 7
5003 7
5004 7
5005 7
5006 7
5007 7
5008 7
5009 7
5010 7
5011 7
5012 7
5013 7
5014 7
5015 7
5016 7
5017 7
5018 7
5019 7
5020 7
5021 7
5022 7
5023 7
5024 7
5025 7
5026 7
5027 7
5028 7
5029 7
5030 7
5031 7
5032 7
5033 7
5034 7
5035 7
5036 7
5037 7
5038 7
5039 7
5040 7
5041 7
5042 7
5043 7
5044 7
5045 7
5046 7
5047 7
5048 7
5049 7
5050 7
5051 7
5052 7
5053 7
5054 7
5055 7
5056 7
5057 7
5058 7
5059 7
5060 7
5061 7
5062 7
5063 7
5064 7
5065 7
5066 7
5067 7
5068 7
5069 7
5070 7
5071 7
5072 7
5073 7
5074 7
5075 7
5076 7
5077 7
5078 7
5079 7
5080 7
5081 7
5082 7
5083 7
5084 7
5085 7
5086 7
5087 7
5088 7
5089 7
5090 7
5091 7
5092 7
5093 7
5094 7
5095 7
5096 7
5097 7
5098 7
5099 7
5100 7
5101 7
5102 7
5103 7
5104 7
5105 7
5106 7
5107 7
5108 7
5109 7
5110 7
5111 7
5112 7
5113 7
5114 7
5115 7
5116 7
5117 7
5118 7
5119 7
5120 7
5121 7
5122 7
5123 7
5124 7
5125 7
5126 7
5127 7
5128 7
5129 7
5130 7
5131 7
5132 7
5133 7
5134 7
5135 7
5136 7
5137 7
5138 7
5139 7
5140 7
5141 7
5142 7
5143 7
5144 7
5145 7
5146 7
5147 7
5148 7
5149 7
5150 7
5151 7
5152 7
5153 7
5154 7
5155 7
5156 7
5157 7
5158 7
5159 7
5160 7
5161 7
5162 7
5163 7
5164 7
5165 7
5166 7
5167 7
5168 7
5169 7
5170 7
5171 7
5172 7
5173 7
5174 7
5175 7
5176 7
5177 7
5178 7
5179 7
5180 7
5181 7
5182 7
5183 7
5184 7
5185 7
5186 7
5187 7
5188 7
5189 7
5190 7
5191 7
5192 7
5193 7
5194 7
5195 7
5196 7
5197 7
5198 7
5199 7
5200 7
5201 7
5202 7
5203 7
5204 7
5205 7
5206 7
5207 7
5208 7
5209 7
5210 7
5211 7
5212 7
5213 7
5214 7
5215 7
5216 7
5217 7
5218 7
5219 7
5220 7
5221 7
5222 7
5223 7
5224 7
5225 7
5226 7
5227 7
5228 7
5229 7
5230 7
5231 7
5232 7
5233 7
5234 7
5235 7
5236 7
5237 7
5238 7
5239 7
5240 7
5241 7
5242 7
5243 7
5244 7
5245 7
5246 7
5247 7
5248 7
5249 7
5250 7
5251 7
5252 7
5253 7
5254 7
5255 7
5256 7
5257 7
5258 7
5259 7
5260 7
5261 7
5262 7
5263 7
5264 7
5265 7
5266 7
5267 7
5268 7
5269 7
5270 7
5271 7
5272 7
5273 7
5274 7
5275 7
5276 7
5277 7
5278 7
5279 7
5280 7
5281 7
5282 7
5283 7
5284 7
5285 7
5286 7
5287 7
5288 7
5289 7
5290 7
5291 7
5292 7
5293 7
5294 7
5295 7
5296 7
5297 7
5298 7
5299 7
5300 7
5301 7
5302 7
5303 7
5304 7
5305 7
5306 7
5307 7
5308 7
5309 7
5310 7
5311 7
5312 7
5313 7
5314 7
5315 7
5316 7
5317 7
5318 7
5319 7
5320 7
5321 7
5322 7
5323 7
5324 7
5325 7
5326 7
5327 7
5328 7
5329 7
5330 7
5331 7
5332 7
5333 7
5334 7
5335 7
5336 7
5337 7
5338 7
5339 7
5340 7
5341 7
5342 7
5343 7
5344 7
5345 7
5346 7
5347 7
5348 7
5349 7
5350 7
5351 7
5352 7
5353 7
5354 7
5355 7
5356 7
5357 7
5358 7
5359 7
5360 7
5361 7
5362 7
5363 7
5364 7
5365 7
5366 7
5367 7
5368 7
5369 7
5370 7
5371 7
5372 7
5373 7
5374 7
5375 7
5376 7
5377 7
5378 7
5379 7
5380 7
5381 7
5382 7
5383 7
5384 7
5385 7
5386 7
5387 7
5388 7
5389 7
5390 7
5391 7
5392 7
5393 7
5394 7
5395 7
5396 7
5397 7
5398 7
5399 7
5400 7
5401 7
5402 7
5403 7
5404 7
5405 7
5406 7
5407 7
5408 7
5409 7
5410 7
5411 7
5412 7
5413 7
5414 7
5415 7
5416 7
5417 7
5418 7
5419 7
5420 7
5421 7
5422 7
5423 7
5424 7
5425 7
5426 7
5427 7
5428 7
5429 7
5430 7
5431 7
5432 7
5433 7
5434 7
5435 7
5436 7
5437 7
5438 7
5439 7
5440 7
5441 7
5442 7
5443 7
5444 7
5445 7
5446 7
5447 7
5448 7
5449 7
5450 7
5451 7
5452 7
5453 7
5454 7
5455 7
5456 7
5457 7
5458 7
5459 7
5460 7
5461 7
5462 7
5463 7
5464 7
5465 7
5466 7
5467 7
5468 7
5469 7
5470 7
5471 7
5472 7
5473 7
5474 7
5475 7
5476 7
5477 7
5478 7
5479 7
5480 7
5481 7
5482 7
5483 7
5484 7
5485 7
5486 7
5487 7
5488 7
5489 7
5490 7
5491 7
5492 7
5493 7
5494 7
5495 7
5496 7
5497 7
5498 7
5499 7
5500 7
5501 7
5502 7
5503 7
5504 7
5505 7
5506 7
5507 7
5508 7
5509 7
5510 7
5511 7
5512 7
5513 7
5514 7
5515 7
5516 7
5517 7
5518 7
5519 7
5520 7
5521 7
5522 7
5523 7
5524 7
5525 7
5526 7
5527 7
5528 7
5529 7
5530 7
5531 7
5532 7
5533 7
5534 7
5535 7
5536 7
5537 7
5538 7
5539 7
5540 7
5541 7
5542 7
5543 7
5544 7
5545 7
5546 7
5547 7
5548 7
5549 7
5550 7
5551 7
5552 7
5553 7
5554 7
5555 7
5556 7
5557 7
5558 7
5559 7
5560 7
5561 7
5562 7
5563 7
5564 7
5565 7
5566 7
5567 7
5568 7
5569 7
5570 7
5571 7
5572 7
5573 7
5574 7
5575 7
5576 7
5577 7
5578 7
5579 7
5580 7
5581 7
5582 7
5583 7
5584 7
5585 7
5586 7
5587 7
5588 7
5589 7
5590 7
5591 7
5592 7
5593 7
5594 7
5595 7
5596 7
5597 7
5598 7
5599 7
5600 7
5601 7
5602 7
5603 7
5604 7
5605 7
5606 7
5607 7
5608 7
5609 7
5610 7
5611 7
5612 7
5613 7
5614 7
5615 7
5616 7
5617 7
5618 7
5619 7
5620 7
5621 7
5622 7
5623 7
5624 7
5625 7
5626 7
5627 7
5628 7
5629 7
5630 7
5631 7
5632 7
5633 7
5634 7
5635 7
5636 7
5637 7
5638 7
5639 7
5640 7
5641 7
5642 7
5643 7
5644 7
5645 7
5646 7
5647 7
5648 7
5649 7
5650 7
5651 7
5652 7
5653 7
5654 7
5655 7
5656 7
5657 7
5658 7
5659 7
5660 7
5661 7
5662 7
5663 7
5664 7
5665 7
5666 7
5667 7
5668 7
5669 7
5670 7
5671 7
5672 7
5673 7
5674 7
5675 7
5676 7
5677 7
5678 7
5679 7
5680 7
5681 7
5682 7
5683 7
5684 7
5685 7
5686 7
5687 7
5688 7
5689 7
5690 7
5691 7
5692 7
5693 7
5694 7
5695 7
5696 7
5697 7
5698 7
5699 7
5700 7
5701 7
5702 7
5703 7
5704 7
5705 7
5706 7
5707 7
5708 7
5709 7
5710 7
5711 7
5712 7
5713 7
5714 7
5715 7
5716 7
5717 7
5718 7
5719 7
5720 7
5721 7
5722 7
5723 7
5724 7
5725 7
5726 7
5727 7
5728 7
5729 7
5730 7
5731 7
5732 7
5733 7
5734 7
5735 7
5736 7
5737 7
5738 7
5739 7
5740 7
5741 7
5742 7
5743 7
5744 7
5745 7
5746 7
5747 7
5748 7
5749 7
5750 7
5751 7
5752 7
5753 7
5754 7
5755 7
5756 7
5757 7
5758 7
5759 7
5760 7
5761 7
5762 7
5763 7
5764 7
5765 7
5766 7
5767 7
5768 7
5769 7
5770 7
5771 7
5772 7
5773 7
5774 7
5775 7
5776 7
5777 7
5778 7
5779 7
5780 7
5781 7
5782 7
5783 7
5784 7
5785 7
5786 7
5787 7
5788 7
5789 7
5790 7
5791 7
5792 7
5793 7
5794 7
5795 7
5796 7
5797 7
5798 7
5799 7
5800 7
5801 7
5802 7
5803 7
5804 7
5805 7
5806 7
5807 7
5808 7
5809 7
5810 7
5811 7
5812 7
5813 7
5814 7
5815 7
5816 7
5817 7
5818 7
5819 7
5820 7
5821 7
5822 7
5823 7
5824 7
5825 7
5826 7
5827 7
5828 7
5829 7
5830 7
5831 7
5832 7
5833 7
5834 7
5835 7
5836 7
5837 7
5838 7
5839 7
5840 7
5841 7
5842 7
5843 7
5844 7
5845 7
5846 7
5847 7
5848 7
5849 7
5850 7
5851 7
5852 7
5853 7
5854 7
5855 7
5856 7
5857 7
5858 7
5859 7
5860 7
5861 7
5862 7
5863 7
5864 7
5865 7
5866 7
5867 7
5868 7
5869 7
5870 7
5871 7
5872 7
5873 7
5874 7
5875 7
5876 7
5877 7
5878 7
5879 7
5880 7
5881 7
5882 7
5883 7
5884 7
5885 7
5886 7
5887 7
5888 7
5889 7
5890 7
5891 7
5892 7
5893 7
5894 7
5895 7
5896 7
5897 7
5898 7
5899 7
5900 7
5901 7
5902 7
5903 7
5904 7
5905 7
5906 7
5907 7
5908 7
5909 7
5910 7
5911 7
5912 7
5913 7
5914 7
5915 7
5916 7
5917 7
5918 7
5919 7
5920 7
5921 7
5922 7
5923 7
5924 7
5925 7
5926 7
5927 7
5928 7
5929 7
5930 7
5931 7
5932 7
5933 7
5934 7
5935 7
5936 7
5937 7
5938 7
5939 7
5940 7
5941 7
5942 7
5943 7
5944 7
5945 7
5946 7
5947 7
5948 7
5949 7
5950 7
5951 7
5952 7
5953 7
5954 7
5955 7
5956 7
5957 7
5958 7
5959 7
5960 7
5961 7
5962 7
5963 7
5964 7
5965 7
5966 7
5967 7
5968 7
5969 7
5970 7
5971 7
5972 7
5973 7
5974 7
5975 7
5976 7
5977 7
5978 7
5979 7
5980 7
5981 7
5982 7
5983 7
5984 7
5985 7
5986 7
5987 7
5988 7
5989 7
5990 7
5991 7
5992 7
5993 7
5994 7
5995 7
5996 7
5997 7
5998 7
5999 7
6000 7
6001 7
6002 7
6003 7
6004 7
6005 7
6006 7
6007 7
6008 7
6009 7
6010 7
6011 7
6012 7
6013 7
6014 7
6015 7
6016 7
6017 7
6018 7
6019 7
6020 7
6021 7
6022 7
6023 7
6024 7
6025 7
6026 7
6027 7
6028 7
6029 7
6030 7
6031 7
6032 7
6033 7
6034 7
6035 7
6036 7
6037 7
6038 7
6039 7
6040 7
6041 7
6042 7
6043 7
6044 7
6045 7
6046 7
6047 7
6048 7
6049 7
6050 7
6051 7
6052 7
6053 7
6054 7
6055 7
6056 7
6057 7
6058 7
6059 7
6060 7
6061 7
6062 7
6063 7
6064 7
6065 7
6066 7
6067 7
6068 7
6069 7
6070 7
6071 7
6072 7
6073 7
6074 7
6075 7
6076 7
6077 7
6078 7
6079 7
6080 7
6081 7
6082 7
6083 7
6084 7
6085 7
6086 7
6087 7
6088 7
6089 7
6090 7
6091 7
6092 7
6093 7
6094 7
6095 7
6096 7
6097 7
6098 7
6099 7
6100 7
6101 7
6102 7
6103 7
6104 7
6105 7
6106 7
6107 7
6108 7
6109 7
6110 7
6111 7
6112 7
6113 7
6114 7
6115 7
6116 7
6117 7
6118 7
6119 7
6120 7
6121 7
6122 7
6123 7
6124 7
6125 7
6126 7
6127 7
6128 7
6129 7
6130 7
6131 7
6132 7
6133 7
6134 7
6135 7
6136 7
6137 7
6138 7
6139 7
6140 7
6141 7
6142 7
6143 7
6144 7
6145 7
6146 7
6147 7
6148 7
6149 7
6150 7
6151 7
6152 7
6153 7
6154 7
6155 7
6156 7
6157 7
6158 7
6159 7
6160 7
6161 7
6162 7
6163 7
6164 7
6165 7
6166 7
6167 7
6168 7
6169 7
6170 7
6171 7
6172 7
6173 7
6174 7
6175 7
6176 7
6177 7
6178 7
6179 7
6180 7
6181 7
6182 7
6183 7
6184 7
6185 7
6186 7
6187 7
6188 7
6189 7
6190 7
6191 7
6192 7
6193 7
6194 7
6195 7
6196 7
6197 7
6198 7
6199 7
6200 7
6201 7
6202 7
6203 7
6204 7
6205 7
6206 7
6207 7
6208 7
6209 7
6210 7
6211 7
6212 7
6213 7
6214 7
6215 7
6216 7
6217 7
6218 7
6219 7
6220 7
6221 7
6222 7
6223 7
6224 7
6225 7
6226 7
6227 7
6228 7
6229 7
6230 7
6231 7
6232 7
6233 7
6234 7
6235 7
6236 7
6237 7
6238 7
6239 7
6240 7
6241 7
6242 7
6243 7
6244 7
6245 7
6246 7
6247 7
6248 7
6249 7
6250 7
6251 7
6252 7
6253 7
6254 7
6255 7
6256 7
6257 7
6258 7
6259 7
6260 7
6261 7
6262 7
6263 7
6264 7
6265 7
6266 7
6267 7
6268 7
6269 7
6270 7
6271 7
6272 7
6273 7
6274 7
6275 7
6276 7
6277 7
6278 7
6279 7
6280 7
6281 7
6282 7
6283 7
6284 7
6285 7
6286 7
6287 7
6288 7
6289 7
6290 7
6291 7
6292 7
6293 7
6294 7
6295 7
6296 7
6297 7
6298 7
6299 7
6300 7
6301 7
6302 7
6303 7
6304 7
6305 7
6306 7
6307 7
6308 7
6309 7
6310 7
6311 7
6312 7
6313 7
6314 7
6315 7
6316 7
6317 7
6318 7
6319 7
6320 7
6321 7
6322 7
6323 7
6324 7
6325 7
6326 7
6327 7
6328 7
6329 7
6330 7
6331 7
6332 7
6333 7
6334 7
6335 7
6336 7
6337 7
6338 7
6339 7
6340 7
6341 7
6342 7
6343 7
6344 7
6345 7
6346 7
6347 7
6348 7
6349 7
6350 7
6351 7
6352 7
6353 7
6354 7
6355 7
6356 7
6357 7
6358 7
6359 7
6360 7
6361 7
6362 7
6363 7
6364 7
6365 7
6366 7
6367 7
6368 7
6369 7
6370 7
6371 7
6372 7
6373 7
6374 7
6375 7
6376 7
6377 7
6378 7
6379 7
6380 7
6381 7
6382 7
6383 7
6384 7
6385 7
6386 7
6387 7
6388 7
6389 7
6390 7
6391 7
6392 7
6393 7
6394 7
6395 7
6396 7
6397 7
6398 7
6399 7
6400 7
6401 7
6402 7
6403 7
6404 7
6405 7
6406 7
6407 7
6408 7
6409 7
6410 7
6411 7
6412 7
6413 7
6414 7
6415 7
6416 7
6417 7
6418 7
6419 7
6420 7
6421 7
6422 7
6423 7
6424 7
6425 7
6426 7
6427 7
6428 7
6429 7
6430 7
6431 7
6432 7
6433 7
6434 7
6435 7
6436 7
6437 7
6438 7
6439 7
6440 7
6441 7
6442 7
6443 7
6444 7
6445 7
6446 7
6447 7
6448 7
6449 7
6450 7
6451 7
6452 7
6453 7
6454 7
6455 7
6456 7
6457 7
6458 7
6459 7
6460 7
6461 7
6462 7
6463 7
6464 7
6465 7
6466 7
6467 7
6468 7
6469 7
6470 7
6471 7
6472 7
6473 7
6474 7
6475 7
6476 7
6477 7
6478 7
6479 7
6480 7
6481 7
6482 7
6483 7
6484 7
6485 7
6486 7
6487 7
6488 7
6489 7
6490 7
6491 7
6492 7
6493 7
6494 7
6495 7
6496 7
6497 7
6498 7
6499 7
6500 7
6501 7
6502 7
6503 7
6504 7
6505 7
6506 7
6507 7
6508 7
6509 7
6510 7
6511 7
6512 7
6513 7
6514 7
6515 7
6516 7
6517 7
6518 7
6519 7
6520 7
6521 7
6522 7
6523 7
6524 7
6525 7
6526 7
6527 7
6528 7
6529 7
6530 7
6531 7
6532 7
6533 7
6534 7
6535 7
6536 7
6537 7
6538 7
6539 7
6540 7
6541 7
6542 7
6543 7
6544 7
6545 7
6546 7
6547 7
6548 7
6549 7
6550 7
6551 7
6552 7
6553 7
6554 7
6555 7
6556 7
6557 7
6558 7
6559 7
6560 7
6561 7
6562 7
6563 7
6564 7
6565 7
6566 7
6567 7
6568 7
6569 7
6570 7
6571 7
6572 7
6573 7
6574 7
6575 7
6576 7
6577 7
6578 7
6579 7
6580 7
6581 7
6582 7
6583 7
6584 7
6585 7
6586 7
6587 7
6588 7
6589 7
6590 7
6591 7
6592 7
6593 7
6594 7
6595 7
6596 7
6597 7
6598 7
6599 7
6600 7
6601 7
6602 7
6603 7
6604 7
6605 7
6606 7
6607 7
6608 7
6609 7
6610 7
6611 7
6612 7
6613 7
6614 7
6615 7
6616 7
6617 7
6618 7
6619 7
6620 7
6621 7
6622 7
6623 7
6624 7
6625 7
6626 7
6627 7
6628 7
6629 7
6630 7
6631 7
6632 7
6633 7
6634 7
6635 7
6636 7
6637 7
6638 7
6639 7
6640 7
6641 7
6642 7
6643 7
6644 7
6645 7
6646 7
6647 7
6648 7
6649 7
6650 7
6651 7
6652 7
6653 7
6654 7
6655 7
6656 7
6657 7
6658 7
6659 7
6660 7
6661 7
6662 7
6663 7
6664 7
6665 7
6666 7
6667 7
6668 7
6669 7
6670 7
6671 7
6672 7
6673 7
6674 7
6675 7
6676 7
6677 7
6678 7
6679 7
6680 7
6681 7
6682 7
6683 7
6684 7
6685 7
6686 7
6687 7
6688 7
6689 7
6690 7
6691 7
6692 7
6693 7
6694 7
6695 7
6696 7
6697 7
6698 7
6699 7
6700 7
6701 7
6702 7
6703 7
6704 7
6705 7
6706 7
6707 7
6708 7
6709 7
6710 7
6711 7
6712 7
6713 7
6714 7
6715 7
6716 7
6717 7
6718 7
6719 7
6720 7
6721 7
6722 7
6723 7
6724 7
6725 7
6726 7
6727 7
6728 7
6729 7
6730 7
6731 7
6732 7
6733 7
6734 7
6735 7
6736 7
6737 7
6738 7
6739 7
6740 7
6741 7
6742 7
6743 7
6744 7
6745 7
6746 7
6747 7
6748 7
6749 7
6750 7
6751 7
6752 7
6753 7
6754 7
6755 7
6756 7
6757 7
6758 7
6759 7
6760 7
6761 7
6762 7
6763 7
6764 7
6765 7
6766 7
6767 7
6768 7
6769 7
6770 7
6771 7
6772 7
6773 7
6774 7
6775 7
6776 7
6777 7
6778 7
6779 7
6780 7
6781 7
6782 7
6783 7
6784 7
6785 7
6786 7
6787 7
6788 7
6789 7
6790 7
6791 7
6792 7
6793 7
6794 7
6795 7
6796 7
6797 7
6798 7
6799 7
6800 7
6801 7
6802 7
6803 7
6804 7
6805 7
6806 7
6807 7
6808 7
6809 7
6810 7
6811 7
6812 7
6813 7
6814 7
6815 7
6816 7
6817 7
6818 7
6819 7
6820 7
6821 7
6822 7
6823 7
6824 7
6825 7
6826 7
6827 7
6828 7
6829 7
6830 7
6831 7
6832 7
6833 7
6834 7
6835 7
6836 7
6837 7
6838 7
6839 7
6840 7
6841 7
6842 7
6843 7
6844 7
6845 7
6846 7
6847 7
6848 7
6849 7
6850 7
6851 7
6852 7
6853 7
6854 7
6855 7
6856 7
6857 7
6858 7
6859 7
6860 7
6861 7
6862 7
6863 7
6864 7
6865 7
6866 7
6867 7
6868 7
6869 7
6870 7
6871 7
6872 7
6873 7
6874 7
6875 7
6876 7
6877 7
6878 7
6879 7
6880 7
6881 7
6882 7
6883 7
6884 7
6885 7
6886 7
6887 7
6888 7
6889 7
6890 7
6891 7
6892 7
6893 7
6894 7
6895 7
6896 7
6897 7
6898 7
6899 7
6900 7
6901 7
6902 7
6903 7
6904 7
6905 7
6906 7
6907 7
6908 7
6909 7
6910 7
6911 7
6912 7
6913 7
6914 7
6915 7
6916 7
6917 7
6918 7
6919 7
6920 7
6921 7
6922 7
6923 7
6924 7
6925 7
6926 7
6927 7
6928 7
6929 7
6930 7
6931 7
6932 7
6933 7
6934 7
6935 7
6936 7
6937 7
6938 7
6939 7
6940 7
6941 7
6942 7
6943 7
6944 7
6945 7
6946 7
6947 7
6948 7
6949 7
6950 7
6951 7
6952 7
6953 7
6954 7
6955 7
6956 7
6957 7
6958 7
6959 7
6960 7
6961 7
6962 7
6963 7
6964 7
6965 7
6966 7
6967 7
6968 7
6969 7
6970 7
6971 7
6972 7
6973 7
6974 7
6975 7
6976 7
6977 7
6978 7
6979 7
6980 7
6981 7
6982 7
6983 7
6984 7
6985 7
6986 7
6987 7
6988 7
6989 7
6990 7
6991 7
6992 7
6993 7
6994 7
6995 7
6996 7
6997 7
6998 7
6999 7
7000 7
7001 7
7002 7
7003 7
7004 7
7005 7
7006 7
7007 7
7008 7
7009 7
7010 7
7011 7
7012 7
7013 7
7014 7
7015 7
7016 7
7017 7
7018 7
7019 7
7020 7
7021 7
7022 7
7023 7
7024 7
7025 7
7026 7
7027 7
7028 7
7029 7
7030 7
7031 7
7032 7
7033 7
7034 7
7035 7
7036 7
7037 7
7038 7
7039 7
7040 7
7041 7
7042 7
7043 7
7044 7
7045 7
7046 7
7047 7
7048 7
7049 7
7050 7
7051 7
7052 7
7053 7
7054 7
7055 7
7056 7
7057 7
7058 7
7059 7
7060 7
7061 7
7062 7
7063 7
7064 7
7065 7
7066 7
7067 7
7068 7
7069 7
7070 7
7071 7
7072 7
7073 7
7074 7
7075 7
7076 7
7077 7
7078 7
7079 7
7080 7
7081 7
7082 7
7083 7
7084 7
7085 7
7086 7
7087 7
7088 7
7089 7
7090 7
7091 7
7092 7
7093 7
7094 7
7095 7
7096 7
7097 7
7098 7
7099 7
7100 7
7101 7
7102 7
7103 7
7104 7
7105 7
7106 7
7107 7
7108 7
7109 7
7110 7
7111 7
7112 7
7113 7
7114 7
7115 7
7116 7
7117 7
7118 7
7119 7
7120 7
7121 7
7122 7
7123 7
7124 7
7125 7
7126 7
7127 7
7128 7
7129 7
7130 7
7131 7
7132 7
7133 7
7134 7
7135 7
7136 7
7137 7
7138 7
7139 7
7140 7
7141 7
7142 7
7143 7
7144 7
7145 7
7146 7
7147 7
7148 7
7149 7
7150 7
7151 7
7152 7
7153 7
7154 7
7155 7
7156 7
7157 7
7158 7
7159 7
7160 7
7161 7
7162 7
7163 7
7164 7
7165 7
7166 7
7167 7
7168 7
7169 7
7170 7
7171 7
7172 7
7173 7
7174 7
7175 7
7176 7
7177 7
7178 7
7179 7
7180 7
7181 7
7182 7
7183 7
7184 7
7185 7
7186 7
7187 7
7188 7
7189 7
7190 7
7191 7
7192 7
7193 7
7194 7
7195 7
7196 7
7197 7
7198 7
7199 7
7200 7
7201 7
7202 7
7203 7
7204 7
7205 7
7206 7
7207 7
7208 7
7209 7
7210 7
7211 7
7212 7
7213 7
7214 7
7215 7
7216 7
7217 7
7218 7
7219 7
7220 7
7221 7
7222 7
7223 7
7224 7
7225 7
7226 7
7227 7
7228 7
7229 7
7230 7
7231 7
7232 7
7233 7
7234 7
7235 7
7236 7
7237 7
7238 7
7239 7
7240 7
7241 7
7242 7
7243 7
7244 7
7245 7
7246 7
7247 7
7248 7
7249 7
7250 7
7251 7
7252 7
7253 7
7254 7
7255 7
7256 7
7257 7
7258 7
7259 7
7260 7
7261 7
7262 7
7263 7
7264 7
7265 7
7266 7
7267 7
7268 7
7269 7
7270 7
7271 7
7272 7
7273 7
7274 7
7275 7
7276 7
7277 7
7278 7
7279 7
7280 7
7281 7
7282 7
7283 7
7284 7
7285 7
7286 7
7287 7
7288 7
7289 7
7290 7
7291 7
7292 7
7293 7
7294 7
7295 7
7296 7
7297 7
7298 7
7299 7
7300 7
7301 7
7302 7
7303 7
7304 7
7305 7
7306 7
7307 7
7308 7
7309 7
7310 7
7311 7
7312 7
7313 7
7314 7
7315 7
7316 7
7317 7
7318 7
7319 7
7320 7
7321 7
7322 7
7323 7
7324 7
7325 7
7326 7
7327 7
7328 7
7329 7
7330 7
7331 7
7332 7
7333 7
7334 7
7335 7
7336 7
7337 7
7338 7
7339 7
7340 7
7341 7
7342 7
7343 7
7344 7
7345 7
7346 7
7347 7
7348 7
7349 7
7350 7
7351 7
7352 7
7353 7
7354 7
7355 7
7356 7
7357 7
7358 7
7359 7
7360 7
7361 7
7362 7
7363 7
7364 7
7365 7
7366 7
7367 7
7368 7
7369 7
7370 7
7371 7
7372 7
7373 7
7374 7
7375 7
7376 7
7377 7
7378 7
7379 7
7380 7
7381 7
7382 7
7383 7
7384 7
7385 7
7386 7
7387 7
7388 7
7389 7
7390 7
7391 7
7392 7
7393 7
7394 7
7395 7
7396 7
7397 7
7398 7
7399 7
7400 7
7401 7
7402 7
7403 7
7404 7
7405 7
7406 7
7407 7
7408 7
7409 7
7410 7
7411 7
7412 7
7413 7
7414 7
7415 7
7416 7
7417 7
7418 7
7419 7
7420 7
7421 7
7422 7
7423 7
7424 7
7425 7
7426 7
7427 7
7428 7
7429 7
7430 7
7431 7
7432 7
7433 7
7434 7
7435 7
7436 7
7437 7
7438 7
7439 7
7440 7
7441 7
7442 7
7443 7
7444 7
7445 7
7446 7
7447 7
7448 7
7449 7
7450 7
7451 7
7452 7
7453 7
7454 7
7455 7
7456 7
7457 7
7458 7
7459 7
7460 7
7461 7
7462 7
7463 7
7464 7
7465 7
7466 7
7467 7
7468 7
7469 7
7470 7
7471 7
7472 7
7473 7
7474 7
7475 7
7476 7
7477 7
7478 7
7479 7
7480 7
7481 7
7482 7
7483 7
7484 7
7485 7
7486 7
7487 7
7488 7
7489 7
7490 7
7491 7
7492 7
7493 7
7494 7
7495 7
7496 7
7497 7
7498 7
7499 7
7500 7
7501 7
7502 7
7503 7
7504 7
7505 7
7506 7
7507 7
7508 7
7509 7
7510 7
7511 7
7512 7
7513 7
7514 7
7515 7
7516 7
7517 7
7518 7
7519 7
7520 7
7521 7
7522 7
7523 7
7524 7
7525 7
7526 7
7527 7
7528 7
7529 7
7530 7
7531 7
7532 7
7533 7
7534 7
7535 7
7536 7
7537 7
7538 7
7539 7
7540 7
7541 7
7542 7
7543 7
7544 7
7545 7
7546 7
7547 7
7548 7
7549 7
7550 7
7551 7
7552 7
7553 7
7554 7
7555 7
7556 7
7557 7
7558 7
7559 7
7560 7
7561 7
7562 7
7563 7
7564 7
7565 7
7566 7
7567 7
7568 7
7569 7
7570 7
7571 7
7572 7
7573 7
7574 7
7575 7
7576 7
7577 7
7578 7
7579 7
7580 7
7581 7
7582 7
7583 7
7584 7
7585 7
7586 7
7587 7
7588 7
7589 7
7590 7
7591 7
7592 7
7593 7
7594 7
7595 7
7596 7
7597 7
7598 7
7599 7
7600 7
7601 7
7602 7
7603 7
7604 7
7605 7
7606 7
7607 7
7608 7
7609 7
7610 7
7611 7
7612 7
7613 7
7614 7
7615 7
7616 7
7617 7
7618 7
7619 7
7620 7
7621 7
7622 7
7623 7
7624 7
7625 7
7626 7
7627 7
7628 7
7629 7
7630 7
7631 7
7632 7
7633 7
7634 7
7635 7
7636 7
7637 7
7638 7
7639 7
7640 7
7641 7
7642 7
7643 7
7644 7
7645 7
7646 7
7647 7
7648 7
7649 7
7650 7
7651 7
7652 7
7653 7
7654 7
7655 7
7656 7
7657 7
7658 7
7659 7
7660 7
7661 7
7662 7
7663 7
7664 7
7665 7
7666 7
7667 7
7668 7
7669 7
7670 7
7671 7
7672 7
7673 7
7674 7
7675 7
7676 7
7677 7
7678 7
7679 7
7680 7
7681 7
7682 7
7683 7
7684 7
7685 7
7686 7
7687 7
7688 7
7689 7
7690 7
7691 7
7692 7
7693 7
7694 7
7695 7
7696 7
7697 7
7698 7
7699 7
7700 7
7701 7
7702 7
7703 7
7704 7
7705 7
7706 7
7707 7
7708 7
7709 7
7710 7
7711 7
7712 7
7713 7
7714 7
7715 7
7716 7
7717 7
7718 7
7719 7
7720 7
7721 7
7722 7
7723 7
7724 7
7725 7
7726 7
7727 7
7728 7
7729 7
7730 7
7731 7
7732 7
7733 7
7734 7
7735 7
7736 7
7737 7
7738 7
7739 7
7740 7
7741 7
7742 7
7743 7
7744 7
7745 7
7746 7
7747 7
7748 7
7749 7
7750 7
7751 7
7752 7
7753 7
7754 7
7755 7
7756 7
7757 7
7758 7
7759 7
7760 7
7761 7
7762 7
7763 7
7764 7
7765 7
7766 7
7767 7
7768 7
7769 7
7770 7
7771 7
7772 7
7773 7
7774 7
7775 7
7776 7
7777 7
7778 7
7779 7
7780 7
7781 7
7782 7
7783 7
7784 7
7785 7
7786 7
7787 7
7788 7
7789 7
7790 7
7791 7
7792 7
7793 7
7794 7
7795 7
7796 7
7797 7
7798 7
7799 7
7800 7
7801 7
7802 7
7803 7
7804 7
7805 7
7806 7
7807 7
7808 7
7809 7
7810 7
7811 7
7812 7
7813 7
7814 7
7815 7
7816 7
7817 7
7818 7
7819 7
7820 7
7821 7
7822 7
7823 7
7824 7
7825 7
7826 7
7827 7
7828 7
7829 7
7830 7
7831 7
7832 7
7833 7
7834 7
7835 7
7836 7
7837 7
7838 7
7839 7
7840 7
7841 7
7842 7
7843 7
7844 7
7845 7
7846 7
7847 7
7848 7
7849 7
7850 7
7851 7
7852 7
7853 7
7854 7
7855 7
7856 7
7857 7
7858 7
7859 8
7860 8
7861 8
7862 8
7863 8
7864 8
7865 8
7866 8
7867 8
7868 8
7869 8
7870 8
7871 8
7872 8
7873 8
7874 8
7875 8
7876 8
7877 8
7878 8
7879 8
7880 8
7881 8
7882 8
7883 8
7884 8
7885 8
7886 8
7887 8
7888 8
7889 8
7890 8
7891 8
7892 8
7893 8
7894 8
7895 8
7896 8
7897 8
7898 8
7899 8
7900 8
7901 8
7902 8
7903 8
7904 8
7905 9
7906 9
7907 9
7908 9
7909 9
7910 9
7911 9
7912 9
7913 9
7914 9
7915 9
7916 9
7917 9
7918 9
7919 9
7920 9
7921 9
7922 9
7923 9
7924 9
7925 9
7926 9
7927 9
7928 9
7929 9
7930 9
7931 9
7932 9
7933 9
7934 9
7935 9
7936 9
7937 9
7938 9
7939 9
7940 9
7941 9
7942 9
7943 9
7944 9
7945 9
7946 9
7947 9
7948 9
7949 9
7950 9
7951 9
7952 9
7953 9
7954 9
7955 9
7956 9
7957 9
7958 9
7959 9
7960 9
7961 9
7962 9
7963 9
7964 9
7965 9
7966 9
7967 9
7968 9
7969 9
7970 9
7971 9
7972 9
7973 9
7974 9
7975 9
7976 9
7977 9
7978 9
7979 9
7980 9
7981 9
7982 9
7983 9
7984 9
7985 9
7986 9
7987 9
7988 9
7989 9
7990 9
7991 9
7992 9
7993 9
7994 9
7995 9
7996 9
7997 9
7998 9
7999 9
8000 9
8001 9
8002 9
8003 9
8004 9
8005 9
8006 9
8007 9
8008 9
8009 9
8010 9
8011 9
8012 9
8013 9
8014 9
8015 9
8016 9
8017 9
8018 9
8019 9
8020 9
8021 9
8022 9
8023 9
8024 9
8025 9
8026 9
8027 9
8028 9
8029 9
8030 9
8031 9
8032 9
8033 9
8034 9
8035 9
8036 9
8037 9
8038 9
8039 9
8040 9
8041 9
8042 9
8043 9
8044 9
8045 9
8046 9
8047 9
8048 9
8049 9
8050 9
8051 9
8052 9
8053 9
8054 9
8055 9
8056 9
8057 9
8058 9
8059 9
8060 9
8061 9
8062 9
8063 9
8064 9
8065 9
8066 9
8067 9
8068 9
8069 9
8070 9
8071 9
8072 9
8073 9
8074 9
8075 9
8076 9
8077 9
8078 9
8079 9
8080 9
8081 9
8082 9
8083 9
8084 9
8085 9
8086 9
8087 9
8088 9
8089 9
8090 9
8091 9
8092 9
8093 9
8094 9
8095 9
8096 9
8097 9
8098 9
8099 9
8100 9
8101 9
8102 9
8103 9
8104 9
8105 9
8106 9
8107 9
8108 9
8109 9
8110 9
8111 9
8112 9
8113 9
8114 9
8115 9
8116 9
8117 9
8118 9
8119 9
8120 9
8121 9
8122 9
8123 9
8124 9
8125 9
8126 9
8127 9
8128 9
8129 9
8130 9
8131 9
8132 9
8133 9
8134 9
8135 9
8136 9
8137 9
8138 9
8139 9
8140 9
8141 9
8142 9
8143 9
8144 9
8145 9
8146 9
8147 9
8148 9
8149 9
8150 9
8151 9
8152 9
8153 9
8154 9
8155 9
8156 9
8157 9
8158 9
8159 9
8160 9
8161 9
8162 9
8163 9
8164 9
8165 9
8166 9
8167 9
8168 9
8169 9
8170 9
8171 9
8172 9
8173 9
8174 9
8175 9
8176 9
8177 9
8178 9
8179 9
8180 9
8181 9
8182 9
8183 9
8184 9
8185 9
8186 9
8187 9
8188 9
8189 9
8190 9
8191 9
8192 9
8193 9
8194 9
8195 9
8196 9
8197 9
8198 9
8199 9
8200 9
8201 9
8202 9
8203 9
8204 9
8205 9
8206 9
8207 9
8208 9
8209 9
8210 9
8211 9
8212 9
8213 9
8214 9
8215 9
8216 9
8217 9
8218 9
8219 9
8220 9
8221 9
8222 9
8223 9
8224 9
8225 9
8226 9
8227 9
8228 9
8229 9
8230 9
8231 9
8232 9
8233 9
8234 9
8235 9
8236 9
8237 9
8238 9
8239 9
8240 9
8241 9
8242 9
8243 9
8244 9
8245 9
8246 9
8247 9
8248 9
8249 9
8250 9
8251 9
8252 9
8253 9
8254 9
8255 9
8256 9
8257 9
8258 9
8259 9
8260 9
8261 9
8262 9
8263 9
8264 9
8265 9
8266 9
8267 9
8268 9
8269 9
8270 9
8271 9
8272 9
8273 9
8274 9
8275 9
8276 9
8277 9
8278 9
8279 9
8280 9
8281 9
8282 9
8283 9
8284 9
8285 9
8286 9
8287 9
8288 9
8289 9
8290 9
8291 9
8292 9
8293 9
8294 9
8295 9
8296 9
8297 9
8298 9
8299 9
8300 9
8301 9
8302 9
8303 9
8304 9
8305 9
8306 9
8307 9
8308 9
8309 9
8310 9
8311 9
8312 9
8313 9
8314 9
8315 9
8316 9
8317 9
8318 9
8319 9
8320 9
8321 9
8322 9
8323 9
8324 9
8325 9
8326 9
8327 9
8328 9
8329 9
8330 9
8331 9
8332 9
8333 9
8334 9
8335 9
8336 9
8337 9
8338 9
8339 9
8340 9
8341 9
8342 9
8343 9
8344 9
8345 9
8346 9
8347 9
8348 9
8349 9
8350 9
8351 9
8352 9
8353 9
8354 9
8355 9
8356 9
8357 9
8358 9
8359 9
8360 9
8361 9
8362 9
8363 9
8364 9
8365 9
8366 9
8367 9
8368 9
8369 9
8370 9
8371 9
8372 9
8373 9
8374 9
8375 9
8376 9
8377 9
8378 9
8379 9
8380 9
8381 9
8382 9
8383 9
8384 9
8385 9
8386 9
8387 9
8388 9
8389 9
8390 9
8391 9
8392 9
8393 9
8394 9
8395 9
8396 9
8397 9
8398 9
8399 9
8400 9
8401 9
8402 9
8403 9
8404 9
8405 9
8406 9
8407 9
8408 9
8409 9
8410 9
8411 9
8412 9
8413 9
8414 9
8415 9
8416 9
8417 9
8418 9
8419 9
8420 9
8421 9
8422 9
8423 9
8424 9
8425 9
8426 9
8427 9
8428 9
8429 9
8430 9
8431 9
8432 9
8433 9
8434 9
8435 9
8436 9
8437 9
8438 9
8439 9
8440 9
8441 9
8442 9
8443 9
8444 9
8445 9
8446 9
8447 9
8448 9
8449 9
8450 9
8451 9
8452 9
8453 9
8454 9
8455 9
8456 9
8457 9
8458 9
8459 9
8460 9
8461 9
8462 9
8463 9
8464 9
8465 9
8466 9
8467 9
8468 9
8469 9
8470 9
8471 9
8472 9
8473 9
8474 9
8475 9
8476 9
8477 9
8478 9
8479 9
8480 9
8481 9
8482 9
8483 9
8484 9
8485 9
8486 9
8487 9
8488 9
8489 9
8490 9
8491 9
8492 9
8493 9
8494 9
8495 9
8496 9
8497 9
8498 9
8499 9
8500 9
8501 9
8502 9
8503 9
8504 9
8505 9
8506 9
8507 9
8508 9
8509 9
8510 9
8511 9
8512 9
8513 9
8514 9
8515 9
8516 9
8517 9
8518 9
8519 9
8520 9
8521 9
8522 9
8523 9
8524 9
8525 9
8526 9
8527 9
8528 9
8529 9
8530 9
8531 9
8532 9
8533 9
8534 9
8535 9
8536 9
8537 9
8538 9
8539 9
8540 9
8541 9
8542 9
8543 9
8544 9
8545 9
8546 9
8547 9
8548 9
8549 9
8550 9
8551 9
8552 9
8553 9
8554 9
8555 9
8556 9
8557 9
8558 9
8559 9
8560 9
8561 9
8562 9
8563 9
8564 9
8565 9
8566 9
8567 9
8568 9
8569 9
8570 9
8571 9
8572 9
8573 9
8574 9
8575 9
8576 9
8577 9
8578 9
8579 9
8580 9
8581 9
8582 9
8583 9
8584 9
8585 9
8586 9
8587 9
8588 9
8589 9
8590 9
8591 9
8592 9
8593 9
8594 9
8595 9
8596 9
8597 9
8598 9
8599 9
8600 9
8601 9
8602 9
8603 9
8604 9
8605 9
8606 9
8607 9
8608 9
8609 9
8610 9
8611 9
8612 9
8613 9
8614 9
8615 9
8616 9
8617 9
8618 9
8619 9
8620 9
8621 9
8622 9
8623 9
8624 9
8625 9
8626 9
8627 9
8628 9
8629 9
8630 9
8631 9
8632 9
8633 9
8634 9
8635 9
8636 9
8637 9
8638 9
8639 9
8640 9
8641 9
8642 9
8643 9
8644 9
8645 9
8646 9
8647 9
8648 9
8649 9
8650 9
8651 9
8652 9
8653 9
8654 9
8655 9
8656 9
8657 9
8658 9
8659 9
8660 9
8661 9
8662 9
8663 9
8664 9
8665 9
8666 9
8667 9
8668 9
8669 9
8670 9
8671 9
8672 9
8673 9
8674 9
8675 9
8676 9
8677 9
8678 9
8679 9
8680 9
8681 9
8682 9
8683 9
8684 9
8685 9
8686 9
8687 9
8688 9
8689 9
8690 9
8691 9
8692 9
8693 9
8694 9
8695 9
8696 9
8697 9
8698 9
8699 9
8700 9
8701 9
8702 9
8703 9
8704 9
8705 9
8706 9
8707 9
8708 9
8709 9
8710 9
8711 9
8712 9
8713 9
8714 9
8715 9
8716 9
8717 9
8718 9
8719 9
8720 9
8721 9
8722 9
8723 9
8724 9
8725 9
8726 9
8727 9
8728 9
8729 9
8730 9
8731 9
8732 9
8733 9
8734 9
8735 9
8736 9
8737 9
8738 9
8739 9
8740 9
8741 9
8742 9
8743 9
8744 9
8745 9
8746 9
8747 9
8748 9
8749 9
8750 9
8751 9
8752 9
8753 9
8754 9
8755 9
8756 9
8757 9
8758 9
8759 9
8760 9
8761 9
8762 9
8763 9
8764 9
8765 9
8766 9
8767 9
8768 9
8769 9
8770 9
8771 9
8772 9
8773 9
8774 9
8775 9
8776 9
8777 9
8778 9
8779 9
8780 9
8781 9
8782 9
8783 9
8784 9
8785 9
8786 9
8787 9
8788 9
8789 9
8790 9
8791 9
8792 9
8793 9
8794 9
8795 9
8796 9
8797 9
8798 9
8799 9
8800 9
8801 9
8802 9
8803 9
8804 9
8805 9
8806 9
8807 9
8808 9
8809 9
8810 9
8811 9
8812 9
8813 9
8814 9
8815 9
8816 9
8817 9
8818 9
8819 9
8820 9
8821 9
8822 9
8823 9
8824 9
8825 9
8826 9
8827 9
8828 9
8829 9
8830 9
8831 9
8832 9
8833 9
8834 9
8835 9
8836 9
8837 9
8838 9
8839 9
8840 9
8841 9
8842 9
8843 9
8844 9
8845 9
8846 9
8847 9
8848 9
8849 9
8850 9
8851 9
8852 9
8853 9
8854 9
8855 9
8856 9
8857 9
8858 9
8859 9
8860 9
8861 9
8862 9
8863 9
8864 9
8865 9
8866 9
8867 9
8868 9
8869 9
8870 9
8871 9
8872 9
8873 9
8874 9
8875 9
8876 9
8877 9
8878 9
8879 9
8880 9
8881 9
8882 9
8883 9
8884 9
8885 9
8886 9
8887 9
8888 9
8889 9
8890 9
8891 9
8892 9
8893 9
8894 9
8895 9
8896 9
8897 9
8898 9
8899 9
8900 9
8901 9
8902 9
8903 9
8904 9
8905 9
8906 9
8907 9
8908 9
8909 9
8910 9
8911 9
8912 9
8913 9
8914 9
8915 9
8916 9
8917 9
8918 9
8919 9
8920 9
8921 9
8922 9
8923 9
8924 9
8925 9
8926 9
8927 9
8928 9
8929 9
8930 9
8931 9
8932 9
8933 9
8934 9
8935 9
8936 9
8937 9
8938 9
8939 9
8940 9
8941 9
8942 9
8943 9
8944 9
8945 9
8946 9
8947 9
8948 9
8949 9
8950 9
8951 9
8952 9
8953 9
8954 9
8955 9
8956 9
8957 9
8958 9
8959 9
8960 9
8961 9
8962 9
8963 9
8964 9
8965 9
8966 9
8967 9
8968 9
8969 9
8970 9
8971 9
8972 9
8973 9
8974 9
8975 9
8976 9
8977 9
8978 9
8979 9
8980 9
8981 9
8982 9
8983 9
8984 9
8985 9
8986 9
8987 9
8988 9
8989 9
8990 9
8991 9
8992 9
8993 9
8994 9
8995 9
8996 9
8997 9
8998 9
8999 9
9000 9
9001 9
9002 9
9003 9
9004 9
9005 9
9006 9
9007 9
9008 9
9009 9
9010 9
9011 9
9012 9
9013 9
9014 9
9015 9
9016 9
9017 9
9018 9
9019 9
9020 9
9021 9
9022 9
9023 9
9024 9
9025 9
9026 9
9027 9
9028 9
9029 9
9030 9
9031 9
9032 9
9033 9
9034 9
9035 9
9036 9
9037 9
9038 9
9039 9
9040 9
9041 9
9042 9
9043 9
9044 9
9045 9
9046 9
9047 9
9048 9
9049 9
9050 9
9051 9
9052 9
9053 9
9054 9
9055 9
9056 9
9057 9
9058 9
9059 9
9060 9
9061 9
9062 9
9063 9
9064 9
9065 9
9066 9
9067 9
9068 9
9069 9
9070 9
9071 9
9072 9
9073 9
9074 9
9075 9
9076 9
9077 9
9078 9
9079 9
9080 9
9081 9
9082 9
9083 9
9084 9
9085 9
9086 9
9087 9
9088 9
9089 9
9090 9
9091 9
9092 9
9093 9
9094 9
9095 9
9096 9
9097 9
9098 9
9099 9
9100 9
9101 9
9102 9
9103 9
9104 9
9105 9
9106 9
9107 9
9108 9
9109 9
9110 9
9111 9
9112 9
9113 9
9114 9
9115 9
9116 9
9117 9
9118 9
9119 9
9120 9
9121 9
9122 9
9123 9
9124 9
9125 9
9126 9
9127 9
9128 9
9129 9
9130 9
9131 9
9132 9
9133 9
9134 9
9135 9
9136 9
9137 9
9138 9
9139 9
9140 9
9141 9
9142 9
9143 9
9144 9
9145 9
9146 9
9147 9
9148 9
9149 9
9150 9
9151 9
9152 9
9153 9
9154 9
9155 9
9156 9
9157 9
9158 9
9159 9
9160 9
9161 9
9162 9
9163 9
9164 9
9165 9
9166 9
9167 9
9168 9
9169 9
9170 9
9171 9
9172 9
9173 9
9174 9
9175 9
9176 9
9177 9
9178 9
9179 9
9180 9
9181 9
9182 9
9183 9
9184 9
9185 9
9186 9
9187 9
9188 9
9189 9
9190 9
9191 9
9192 9
9193 9
9194 9
9195 9
9196 9
9197 9
9198 9
9199 9
9200 9
9201 9
9202 9
9203 9
9204 9
9205 9
9206 9
9207 9
9208 9
9209 9
9210 9
9211 9
9212 9
9213 9
9214 9
9215 9
9216 9
9217 9
9218 9
9219 9
9220 9
9221 9
9222 9
9223 9
9224 9
9225 9
9226 9
9227 9
9228 9
9229 9
9230 9
9231 9
9232 9
9233 9
9234 9
9235 9
9236 9
9237 9
9238 9
9239 9
9240 9
9241 9
9242 9
9243 9
9244 9
9245 9
9246 9
9247 9
9248 9
9249 9
9250 9
9251 9
9252 9
9253 9
9254 9
9255 9
9256 9
9257 9
9258 9
9259 9
9260 9
9261 9
9262 9
9263 9
9264 9
9265 9
9266 9
9267 9
9268 9
9269 9
9270 9
9271 9
9272 9
9273 9
9274 9
9275 9
9276 9
9277 9
9278 9
9279 9
9280 9
9281 9
9282 9
9283 9
9284 9
9285 9
9286 9
9287 9
9288 9
9289 9
9290 9
9291 9
9292 9
9293 9
9294 9
9295 9
9296 9
9297 9
9298 9
9299 9
9300 9
9301 9
9302 9
9303 9
9304 9
9305 9
9306 9
9307 9
9308 9
9309 9
9310 9
9311 9
9312 9
9313 9
9314 9
9315 9
9316 9
9317 9
9318 9
9319 9
9320 9
9321 9
9322 9
9323 9
9324 9
9325 9
9326 9
9327 9
9328 9
9329 9
9330 9
9331 9
9332 9
9333 9
9334 9
9335 9
9336 9
9337 9
9338 9
9339 9
9340 9
9341 9
9342 9
9343 9
9344 9
9345 9
9346 9
9347 9
9348 9
9349 9
9350 9
9351 9
9352 9
9353 9
9354 9
9355 9
9356 9
9357 9
9358 9
9359 9
9360 9
9361 9
9362 9
9363 9
9364 9
9365 9
9366 9
9367 9
9368 9
9369 9
9370 9
9371 9
9372 9
9373 9
9374 9
9375 9
9376 9
9377 9
9378 9
9379 9
9380 9
9381 9
9382 9
9383 9
9384 9
9385 9
9386 9
9387 9
9388 9
9389 9
9390 9
9391 9
9392 9
9393 9
9394 9
9395 9
9396 9
9397 9
9398 9
9399 9
9400 9
9401 9
9402 9
9403 9
9404 9
9405 9
9406 9
9407 9
9408 9
9409 9
9410 9
9411 9
9412 9
9413 9
9414 9
9415 9
9416 9
9417 9
9418 9
9419 9
9420 9
9421 9
9422 9
9423 9
9424 9
9425 9
9426 9
9427 9
9428 9
9429 9
9430 9
9431 9
9432 9
9433 9
9434 9
9435 9
9436 9
9437 9
9438 9
9439 9
9440 9
9441 9
9442 9
9443 9
9444 9
9445 9
9446 9
9447 9
9448 9
9449 9
9450 9
9451 9
9452 9
9453 9
9454 9
9455 9
9456 9
9457 9
9458 9
9459 9
9460 9
9461 9
9462 9
9463 9
9464 9
9465 9
9466 9
9467 9
9468 9
9469 9
9470 9
9471 9
9472 9
9473 9
9474 9
9475 9
9476 9
9477 9
9478 9
9479 9
9480 9
9481 9
9482 9
9483 9
9484 9
9485 9
9486 9
9487 9
9488 9
9489 9
9490 9
9491 9
9492 9
9493 9
9494 9
9495 9
9496 9
9497 9
9498 9
9499 9
9500 9
9501 9
9502 9
9503 9
9504 9
9505 9
9506 9
9507 9
9508 9
9509 9
9510 9
9511 9
9512 9
9513 9
9514 9
9515 9
9516 9
9517 9
9518 9
9519 9
9520 9
9521 9
9522 9
9523 9
9524 9
9525 9
9526 9
9527 9
9528 9
9529 9
9530 9
9531 9
9532 9
9533 9
9534 9
9535 9
9536 9
9537 9
9538 9
9539 9
9540 9
9541 9
9542 9
9543 9
9544 9
9545 9
9546 9
9547 9
9548 9
9549 9
9550 9
9551 9
9552 9
9553 9
9554 9
9555 9
9556 9
9557 9
9558 9
9559 9
9560 9
9561 9
9562 9
9563 9
9564 9
9565 9
9566 9
9567 9
9568 9
9569 9
9570 9
9571 9
9572 9
9573 9
9574 9
9575 9
9576 9
9577 9
9578 9
9579 9
9580 9
9581 9
9582 9
9583 9
9584 9
9585 9
9586 9
9587 9
9588 9
9589 9
9590 9
9591 9
9592 9
9593 9
9594 9
9595 9
9596 9
9597 9
9598 9
9599 9
9600 9
9601 9
9602 9
9603 9
9604 9
9605 9
9606 9
9607 9
9608 9
9609 9
9610 9
9611 9
9612 9
9613 9
9614 9
9615 9
9616 9
9617 9
9618 9
9619 9
9620 9
9621 9
9622 9
9623 9
9624 9
9625 9
9626 9
9627 9
9628 9
9629 9
9630 9
9631 9
9632 9
9633 9
9634 9
9635 9
9636 9
9637 9
9638 9
9639 9
9640 9
9641 9
9642 9
9643 9
9644 9
9645 9
9646 9
9647 9
9648 9
9649 9
9650 9
9651 9
9652 9
9653 9
9654 9
9655 9
9656 9
9657 9
9658 9
9659 9
9660 9
9661 9
9662 9
9663 9
9664 9
9665 9
9666 9
9667 9
9668 9
9669 9
9670 9
9671 9
9672 9
9673 9
9674 9
9675 9
9676 9
9677 9
9678 9
9679 9
9680 9
9681 9
9682 9
9683 9
9684 9
9685 9
9686 9
9687 9
9688 9
9689 9
9690 9
9691 9
9692 9
9693 9
9694 9
9695 9
9696 9
9697 9
9698 9
9699 9
9700 9
9701 9
9702 9
9703 9
9704 9
9705 9
9706 9
9707 9
9708 9
9709 9
9710 9
9711 9
9712 9
9713 9
9714 9
9715 9
9716 9
9717 9
9718 9
9719 9
9720 9
9721 9
9722 9
9723 9
9724 9
9725 9
9726 9
9727 9
9728 9
9729 9
9730 9
9731 9
9732 9
9733 9
9734 9
9735 9
9736 9
9737 9
9738 9
9739 9
9740 9
9741 9
9742 9
9743 9
9744 9
9745 9
9746 9
9747 9
9748 9
9749 9
9750 9
9751 9
9752 9
9753 9
9754 9
9755 9
9756 9
9757 9
9758 9
9759 9
9760 9
9761 9
9762 9
9763 9
9764 9
9765 9
9766 9
9767 9
9768 9
9769 9
9770 9
9771 9
9772 9
9773 9
9774 9
9775 9
9776 9
9777 9
9778 9
9779 9
9780 9
9781 9
9782 9
9783 9
9784 9
9785 9
9786 9
9787 9
9788 9
9789 9
9790 9
9791 9
9792 9
9793 9
9794 9
9795 9
9796 9
9797 9
9798 9
9799 9
9800 9
9801 9
9802 9
9803 9
9804 9
9805 9
9806 9
9807 9
9808 9
9809 9
9810 9
9811 9
9812 9
9813 9
9814 9
9815 9
9816 9
9817 9
9818 9
9819 9
9820 9
9821 9
9822 9
9823 9
9824 9
9825 9
9826 9
9827 9
9828 9
9829 9
9830 9
9831 9
9832 9
9833 9
9834 9
9835 9
9836 9
9837 9
9838 9
9839 9
9840 9
9841 9
9842 9
9843 9
9844 9
9845 9
9846 9
9847 9
9848 9
9849 9
9850 9
9851 9
9852 9
9853 9
9854 9
9855 9
9856 9
9857 9
9858 9
9859 9
9860 9
9861 9
9862 9
9863 9
9864 9
9865 9
9866 9
9867 9
9868 9
9869 9
9870 9
9871 9
9872 9
9873 9
9874 9
9875 9
9876 9
9877 9
9878 9
9879 9
9880 9
9881 9
9882 9
9883 9
9884 9
9885 9
9886 9
9887 9
9888 9
9889 9
9890 9
9891 9
9892 9
9893 9
9894 9
9895 9
9896 9
9897 9
9898 9
9899 9
9900 9
9901 9
9902 9
9903 9
9904 9
9905 9
9906 9
9907 9
9908 9
9909 9
9910 9
9911 9
9912 9
9913 9
9914 9
9915 9
9916 9
9917 9
9918 9
9919 9
9920 9
9921 9
9922 9
9923 9
9924 9
9925 9
9926 9
9927 9
9928 9
9929 9
9930 9
9931 9
9932 9
9933 9
9934 9
9935 9
9936 9
9937 9
9938 9
9939 9
9940 9
9941 9
9942 9
9943 9
9944 9
9945 9
9946 9
9947 9
9948 9
9949 9
9950 9
9951 9
9952 9
9953 9
9954 9
9955 9
9956 9
9957 9
9958 9
9959 9
9960 9
9961 9
9962 9
9963 9
9964 9
9965 9
9966 9
9967 9
9968 9
9969 9
9970 9
9971 9
9972 9
9973 9
9974 9
9975 9
9976 9
9977 9
9978 9
9979 9
9980 9
9981 9
9982 9
9983 9
9984 9
9985 9
9986 9
9987 9
9988 9
9989 9
9990 9
9991 9
9992 9
9993 9
9994 9
9995 9
9996 9
9997 9
9998 9
9999 9
10000 9
