1 1
2 2
3 3
4 4
5 5
6 6
7 6
8 6
9 6
10 6
11 7
12 7
13 7
14 7
15 7
16 7
17 7
18 8
19 8
20 8
21 8
22 8
23 8
24 9
25 9
26 9
27 9
28 9
29 9
30 9
31 9
32 9
33 9
34 9
35 9
36 9
37 9
38 9
39 10
40 10
41 11
42 11
43 11
44 12
45 12
46 13
47 13
48 13
49 13
50 13
51 13
52 13
53 13
54 13
55 13
56 13
57 13
58 13
59 13
60 14
61 14
62 14
63 14
64 14
65 14
66 14
67 14
68 14
69 14
70 14
71 14
72 14
73 14
74 14
75 14
76 14
77 14
78 14
79 14
80 14
81 14
82 14
83 14
84 14
85 14
86 14
87 14
88 14
89 14
90 14
91 14
92 14
93 14
94 14
95 14
96 14
97 14
98 14
99 14
100 14
101 14
102 14
103 14
104 14
105 14
106 14
107 14
108 14
109 14
110 14
111 14
112 14
113 14
114 14
115 14
116 14
117 14
118 14
119 14
120 14
121 14
122 14
123 14
124 14
125 14
126 14
127 14
128 14
129 15
130 15
131 15
132 15
133 15
134 15
135 15
136 15
137 15
138 15
139 15
140 15
141 15
142 15
143 15
144 15
145 16
146 16
147 16
148 16
149 16
150 16
151 16
152 16
153 16
154 16
155 16
156 16
157 16
158 16
159 16
160 16
161 16
162 16
163 16
164 16
165 16
166 16
167 16
168 16
169 16
170 16
171 16
172 16
173 16
174 16
175 16
176 16
177 16
178 16
179 16
180 16
181 16
182 16
183 17
184 17
185 17
186 17
187 17
188 17
189 17
190 17
191 17
192 17
193 17
194 17
195 17
196 17
197 17
198 17
199 17
200 18
201 18
202 19
203 19
204 19
205 19
206 19
207 19
208 19
209 19
210 19
211 19
212 19
213 19
214 19
215 20
216 20
217 20
218 20
219 20
220 20
221 20
222 20
223 20
224 20
225 20
226 20
227 20
228 20
229 20
230 20
231 20
232 20
233 20
234 20
235 20
236 20
237 20
238 20
239 20
240 20
241 20
242 20
243 20
244 20
245 20
246 20
247 20
248 20
249 20
250 20
251 20
252 20
253 20
254 20
255 20
256 20
257 20
258 20
259 20
260 20
261 20
262 20
263 20
264 20
265 20
266 20
267 20
268 20
269 20
270 20
271 20
272 20
273 20
274 20
275 20
276 20
277 20
278 20
279 20
280 20
281 20
282 20
283 20
284 20
285 21
286 21
287 21
288 21
289 21
290 21
291 21
292 21
293 21
294 21
295 21
296 21
297 21
298 21
299 21
300 21
301 21
302 21
303 21
304 21
305 21
306 21
307 21
308 21
309 21
310 21
311 21
312 21
313 21
314 21
315 21
316 21
317 21
318 21
319 21
320 21
321 21
322 21
323 21
324 21
325 21
326 21
327 21
328 21
329 21
330 21
331 21
332 21
333 21
334 21
335 21
336 21
337 22
338 22
339 22
340 22
341 22
342 22
343 22
344 22
345 22
346 22
347 22
348 22
349 22
350 22
351 22
352 22
353 22
354 22
355 22
356 22
357 22
358 22
359 22
360 22
361 22
362 22
363 23
364 23
365 23
366 23
367 23
368 23
369 23
370 23
371 23
372 23
373 23
374 23
375 23
376 23
377 23
378 23
379 23
380 23
381 23
382 23
383 23
384 23
385 23
386 23
387 23
388 23
389 23
390 23
391 23
392 23
393 23
394 23
395 23
396 23
397 23
398 23
399 23
400 23
401 23
402 23
403 23
404 23
405 23
406 23
407 23
408 23
409 24
410 24
411 24
412 24
413 24
414 24
415 24
416 24
417 24
418 24
419 24
420 24
421 24
422 24
423 24
424 24
425 24
426 24
427 24
428 24
429 24
430 24
431 24
432 24
433 24
434 24
435 24
436 24
437 24
438 24
439 24
440 24
441 24
442 24
443 24
444 24
445 24
446 24
447 24
448 24
449 24
450 24
451 24
452 24
453 24
454 24
455 24
456 24
457 24
458 24
459 24
460 24
461 24
462 24
463 24
464 24
465 24
466 24
467 24
468 24
469 24
470 24
471 24
472 24
473 24
474 24
475 24
476 24
477 24
478 24
479 24
480 24
481 24
482 24
483 24
484 24
485 24
486 24
487 24
488 24
489 24
490 24
491 24
492 24
493 24
494 24
495 24
496 24
497 24
498 24
499 24
500 24
501 24
502 24
503 24
504 24
505 24
506 24
507 24
508 24
509 24
510 24
511 24
512 24
513 24
514 24
515 24
516 24
517 24
518 24
519 24
520 24
521 24
522 24
523 24
524 24
525 24
526 24
527 24
528 24
529 24
530 24
531 24
532 24
533 24
534 24
535 24
536 24
537 24
538 24
539 24
540 24
541 24
542 24
543 24
544 24
545 24
546 24
547 24
548 24
549 24
550 24
551 24
552 24
553 24
554 24
555 24
556 24
557 24
558 24
559 24
560 24
561 24
562 24
563 24
564 24
565 24
566 24
567 24
568 24
569 24
570 24
571 24
572 24
573 24
574 24
575 24
576 24
577 24
578 24
579 24
580 24
581 24
582 24
583 24
584 24
585 24
586 24
587 24
588 24
589 24
590 24
591 24
592 24
593 24
594 24
595 24
596 24
597 24
598 25
599 25
600 25
601 25
602 25
603 25
604 25
605 25
606 25
607 25
608 25
609 25
610 25
611 25
612 25
613 25
614 26
615 26
616 26
617 26
618 26
619 26
620 26
621 26
622 26
623 26
624 26
625 26
626 26
627 26
628 26
629 26
630 26
631 26
632 26
633 26
634 26
635 26
636 26
637 26
638 26
639 26
640 26
641 26
642 26
643 26
644 26
645 26
646 26
647 26
648 26
649 26
650 26
651 26
652 26
653 26
654 26
655 26
656 26
657 26
658 26
659 26
660 26
661 26
662 26
663 26
664 26
665 26
666 26
667 26
668 26
669 26
670 26
671 26
672 26
673 26
674 26
675 26
676 26
677 26
678 26
679 27
680 27
681 27
682 27
683 27
684 27
685 27
686 27
687 27
688 27
689 27
690 27
691 27
692 27
693 27
694 27
695 27
696 27
697 27
698 27
699 27
700 27
701 27
702 27
703 27
704 27
705 27
706 27
707 27
708 27
709 27
710 27
711 27
712 27
713 27
714 27
715 27
716 27
717 27
718 27
719 27
720 27
721 27
722 27
723 27
724 27
725 27
726 27
727 27
728 28
729 28
730 28
731 28
732 28
733 28
734 28
735 28
736 28
737 28
738 28
739 28
740 28
741 28
742 28
743 28
744 28
745 28
746 28
747 28
748 28
749 28
750 28
751 28
752 28
753 28
754 28
755 28
756 28
757 28
758 28
759 28
760 28
761 28
762 28
763 28
764 28
765 28
766 28
767 28
768 28
769 28
770 28
771 28
772 28
773 28
774 28
775 28
776 28
777 28
778 28
779 28
780 28
781 28
782 28
783 28
784 28
785 28
786 28
787 28
788 28
789 28
790 28
791 28
792 28
793 28
794 29
795 29
796 29
797 29
798 29
799 29
800 29
801 29
802 29
803 29
804 29
805 29
806 29
807 29
808 29
809 29
810 29
811 29
812 29
813 29
814 29
815 29
816 29
817 29
818 29
819 30
820 30
821 30
822 30
823 30
824 30
825 30
826 30
827 30
828 30
829 30
830 30
831 30
832 30
833 30
834 30
835 30
836 30
837 30
838 30
839 30
840 30
841 30
842 30
843 30
844 30
845 30
846 30
847 30
848 30
849 30
850 30
851 30
852 30
853 30
854 30
855 30
856 30
857 30
858 30
859 30
860 30
861 30
862 30
863 30
864 30
865 30
866 30
867 30
868 30
869 30
870 30
871 30
872 30
873 30
874 30
875 30
876 30
877 30
878 30
879 30
880 30
881 30
882 30
883 30
884 30
885 30
886 30
887 30
888 30
889 30
890 30
891 30
892 30
893 30
894 30
895 30
896 30
897 30
898 30
899 30
900 30
901 30
902 31
903 32
904 32
905 32
906 32
907 32
908 32
909 32
910 32
911 32
912 32
913 32
914 32
915 32
916 32
917 32
918 32
919 32
920 32
921 32
922 32
923 32
924 32
925 32
926 32
927 32
928 32
929 32
930 32
931 32
932 32
933 32
934 32
935 32
936 33
937 33
938 33
939 33
940 33
941 33
942 33
943 33
944 33
945 33
946 33
947 33
948 33
949 33
950 33
951 33
952 33
953 33
954 33
955 33
956 33
957 33
958 33
959 33
960 33
961 33
962 33
963 33
964 33
965 33
966 33
967 33
968 33
969 33
970 33
971 33
972 33
973 33
974 33
975 33
976 33
977 33
978 33
979 33
980 33
981 33
982 33
983 33
984 33
985 34
986 34
987 34
988 34
989 34
990 34
991 34
992 34
993 34
994 34
995 34
996 34
997 34
998 34
999 34
1000 34
1001 34
1002 34
1003 34
1004 34
1005 34
1006 34
1007 34
1008 34
1009 34
1010 34
1011 34
1012 34
1013 34
1014 34
1015 34
1016 34
1017 34
1018 34
1019 34
1020 34
1021 34
1022 34
1023 34
1024 34
1025 34
1026 34
1027 34
1028 34
1029 34
1030 34
1031 34
1032 34
1033 34
1034 34
1035 34
1036 34
1037 34
1038 34
1039 34
1040 34
1041 34
1042 34
1043 34
1044 34
1045 34
1046 34
1047 34
1048 34
1049 34
1050 34
1051 34
1052 34
1053 34
1054 34
1055 34
1056 34
1057 34
1058 34
1059 34
1060 34
1061 34
1062 34
1063 34
1064 34
1065 34
1066 34
1067 34
1068 34
1069 34
1070 34
1071 34
1072 34
1073 34
1074 34
1075 34
1076 34
1077 34
1078 34
1079 34
1080 34
1081 34
1082 34
1083 34
1084 34
1085 34
1086 34
1087 35
1088 35
1089 35
1090 35
1091 35
1092 35
1093 35
1094 35
1095 35
1096 35
1097 35
1098 35
1099 35
1100 35
1101 35
1102 35
1103 35
1104 35
1105 35
1106 35
1107 35
1108 35
1109 35
1110 35
1111 35
1112 35
1113 35
1114 35
1115 35
1116 35
1117 35
1118 35
1119 35
1120 35
1121 35
1122 35
1123 35
1124 35
1125 35
1126 36
1127 36
1128 36
1129 36
1130 36
1131 36
1132 36
1133 36
1134 36
1135 36
1136 36
1137 36
1138 36
1139 36
1140 36
1141 36
1142 36
1143 36
1144 36
1145 36
1146 36
1147 36
1148 36
1149 36
1150 36
1151 36
1152 36
1153 36
1154 36
1155 36
1156 36
1157 36
1158 36
1159 36
1160 36
1161 36
1162 36
1163 36
1164 36
1165 36
1166 36
1167 36
1168 36
1169 36
1170 36
1171 36
1172 36
1173 36
1174 36
1175 36
1176 36
1177 36
1178 36
1179 36
1180 36
1181 36
1182 36
1183 36
1184 36
1185 36
1186 36
1187 36
1188 36
1189 36
1190 36
1191 36
1192 36
1193 36
1194 36
1195 36
1196 36
1197 36
1198 36
1199 36
1200 36
1201 36
1202 36
1203 36
1204 36
1205 36
1206 36
1207 36
1208 36
1209 36
1210 36
1211 36
1212 36
1213 36
1214 36
1215 36
1216 36
1217 36
1218 36
1219 36
1220 36
1221 36
1222 36
1223 36
1224 36
1225 36
1226 36
1227 36
1228 36
1229 36
1230 36
1231 36
1232 36
1233 36
1234 36
1235 36
1236 36
1237 36
1238 36
1239 36
1240 36
1241 36
1242 36
1243 36
1244 36
1245 36
1246 36
1247 36
1248 36
1249 36
1250 36
1251 36
1252 36
1253 36
1254 36
1255 36
1256 36
1257 36
1258 36
1259 36
1260 36
1261 36
1262 36
1263 36
1264 36
1265 36
1266 36
1267 36
1268 36
1269 36
1270 37
1271 37
1272 37
1273 37
1274 37
1275 37
1276 37
1277 37
1278 37
1279 37
1280 37
1281 37
1282 37
1283 37
1284 37
1285 37
1286 37
1287 37
1288 37
1289 37
1290 37
1291 37
1292 37
1293 37
1294 37
1295 37
1296 37
1297 37
1298 37
1299 37
1300 37
1301 37
1302 37
1303 37
1304 37
1305 37
1306 37
1307 37
1308 37
1309 37
1310 37
1311 37
1312 37
1313 37
1314 37
1315 37
1316 37
1317 37
1318 37
1319 37
1320 37
1321 37
1322 37
1323 37
1324 38
1325 38
1326 38
1327 38
1328 38
1329 38
1330 38
1331 38
1332 38
1333 38
1334 38
1335 38
1336 38
1337 38
1338 38
1339 38
1340 38
1341 38
1342 38
1343 38
1344 38
1345 38
1346 38
1347 38
1348 38
1349 38
1350 38
1351 38
1352 38
1353 38
1354 38
1355 38
1356 38
1357 38
1358 38
1359 38
1360 38
1361 38
1362 38
1363 38
1364 38
1365 38
1366 38
1367 38
1368 38
1369 38
1370 38
1371 38
1372 38
1373 38
1374 38
1375 38
1376 38
1377 38
1378 38
1379 38
1380 38
1381 38
1382 38
1383 38
1384 38
1385 38
1386 38
1387 38
1388 38
1389 38
1390 38
1391 38
1392 38
1393 38
1394 38
1395 38
1396 38
1397 38
1398 38
1399 38
1400 38
1401 38
1402 38
1403 38
1404 39
1405 39
1406 39
1407 39
1408 39
1409 39
1410 39
1411 39
1412 39
1413 39
1414 39
1415 39
1416 39
1417 39
1418 39
1419 39
1420 39
1421 39
1422 39
1423 39
1424 39
1425 39
1426 39
1427 39
1428 39
1429 39
1430 39
1431 39
1432 39
1433 39
1434 39
1435 39
1436 39
1437 39
1438 39
1439 39
1440 39
1441 39
1442 39
1443 39
1444 39
1445 39
1446 39
1447 39
1448 39
1449 39
1450 39
1451 39
1452 39
1453 39
1454 39
1455 39
1456 39
1457 39
1458 39
1459 39
1460 39
1461 39
1462 39
1463 39
1464 39
1465 39
1466 39
1467 39
1468 39
1469 39
1470 39
1471 39
1472 39
1473 39
1474 39
1475 39
1476 39
1477 39
1478 39
1479 39
1480 39
1481 39
1482 39
1483 39
1484 39
1485 39
1486 39
1487 39
1488 39
1489 39
1490 39
1491 39
1492 39
1493 39
1494 39
1495 39
1496 39
1497 39
1498 39
1499 39
1500 39
1501 39
1502 39
1503 39
1504 39
1505 39
1506 39
1507 39
1508 39
1509 39
1510 39
1511 39
1512 39
1513 39
1514 39
1515 39
1516 39
1517 39
1518 39
1519 39
1520 39
1521 39
1522 39
1523 39
1524 39
1525 39
1526 39
1527 39
1528 39
1529 39
1530 40
1531 40
1532 40
1533 40
1534 40
1535 40
1536 40
1537 40
1538 40
1539 40
1540 40
1541 40
1542 40
1543 40
1544 40
1545 40
1546 40
1547 40
1548 40
1549 40
1550 40
1551 40
1552 40
1553 40
1554 40
1555 40
1556 40
1557 40
1558 40
1559 40
1560 40
1561 40
1562 40
1563 40
1564 40
1565 40
1566 40
1567 40
1568 40
1569 40
1570 40
1571 40
1572 40
1573 40
1574 40
1575 40
1576 40
1577 40
1578 40
1579 40
1580 40
1581 40
1582 40
1583 40
1584 40
1585 40
1586 40
1587 40
1588 40
1589 40
1590 40
1591 40
1592 40
1593 40
1594 40
1595 40
1596 40
1597 40
1598 40
1599 40
1600 41
1601 41
1602 41
1603 41
1604 41
1605 41
1606 41
1607 41
1608 41
1609 41
1610 41
1611 41
1612 41
1613 41
1614 41
1615 41
1616 41
1617 41
1618 41
1619 41
1620 41
1621 41
1622 41
1623 41
1624 41
1625 41
1626 41
1627 41
1628 41
1629 41
1630 41
1631 41
1632 41
1633 41
1634 42
1635 42
1636 42
1637 42
1638 42
1639 42
1640 42
1641 42
1642 42
1643 42
1644 42
1645 42
1646 42
1647 42
1648 42
1649 42
1650 42
1651 42
1652 42
1653 42
1654 42
1655 42
1656 42
1657 42
1658 42
1659 42
1660 42
1661 42
1662 42
1663 42
1664 42
1665 42
1666 42
1667 42
1668 42
1669 42
1670 42
1671 42
1672 42
1673 42
1674 42
1675 42
1676 42
1677 42
1678 42
1679 42
1680 42
1681 42
1682 42
1683 42
1684 42
1685 42
1686 42
1687 42
1688 42
1689 42
1690 42
1691 42
1692 42
1693 42
1694 42
1695 42
1696 42
1697 42
1698 42
1699 42
1700 42
1701 42
1702 42
1703 42
1704 42
1705 42
1706 42
1707 42
1708 42
1709 42
1710 42
1711 42
1712 42
1713 42
1714 42
1715 42
1716 42
1717 42
1718 42
1719 42
1720 42
1721 42
1722 42
1723 42
1724 42
1725 42
1726 42
1727 43
1728 43
1729 43
1730 43
1731 43
1732 43
1733 43
1734 43
1735 43
1736 43
1737 43
1738 43
1739 43
1740 43
1741 43
1742 43
1743 43
1744 43
1745 43
1746 43
1747 43
1748 43
1749 43
1750 43
1751 43
1752 43
1753 43
1754 43
1755 43
1756 43
1757 43
1758 43
1759 43
1760 43
1761 43
1762 43
1763 43
1764 43
1765 43
1766 43
1767 43
1768 43
1769 43
1770 43
1771 43
1772 43
1773 43
1774 43
1775 43
1776 43
1777 43
1778 43
1779 43
1780 43
1781 43
1782 43
1783 44
1784 44
1785 44
1786 44
1787 44
1788 44
1789 44
1790 44
1791 44
1792 44
1793 44
1794 44
1795 44
1796 44
1797 44
1798 44
1799 44
1800 44
1801 44
1802 44
1803 44
1804 44
1805 44
1806 44
1807 44
1808 44
1809 44
1810 44
1811 44
1812 44
1813 44
1814 44
1815 44
1816 44
1817 44
1818 44
1819 44
1820 44
1821 44
1822 44
1823 44
1824 44
1825 44
1826 44
1827 44
1828 44
1829 44
1830 44
1831 44
1832 44
1833 44
1834 44
1835 44
1836 44
1837 44
1838 44
1839 44
1840 44
1841 44
1842 44
1843 44
1844 44
1845 44
1846 44
1847 44
1848 44
1849 44
1850 44
1851 44
1852 44
1853 44
1854 44
1855 44
1856 44
1857 44
1858 44
1859 44
1860 44
1861 44
1862 44
1863 44
1864 44
1865 44
1866 44
1867 44
1868 44
1869 44
1870 44
1871 44
1872 44
1873 44
1874 44
1875 44
1876 44
1877 44
1878 44
1879 44
1880 44
1881 44
1882 44
1883 44
1884 45
1885 45
1886 45
1887 45
1888 45
1889 45
1890 45
1891 45
1892 45
1893 45
1894 46
1895 46
1896 46
1897 46
1898 46
1899 46
1900 46
1901 46
1902 46
1903 46
1904 46
1905 46
1906 46
1907 46
1908 46
1909 46
1910 46
1911 46
1912 46
1913 46
1914 46
1915 46
1916 46
1917 46
1918 46
1919 46
1920 46
1921 47
1922 47
1923 47
1924 47
1925 47
1926 47
1927 47
1928 47
1929 47
1930 47
1931 47
1932 47
1933 47
1934 47
1935 47
1936 47
1937 47
1938 47
1939 47
1940 47
1941 47
1942 47
1943 47
1944 47
1945 47
1946 47
1947 47
1948 47
1949 47
1950 47
1951 47
1952 47
1953 47
1954 47
1955 47
1956 47
1957 47
1958 47
1959 47
1960 47
1961 47
1962 47
1963 47
1964 47
1965 47
1966 47
1967 47
1968 47
1969 47
1970 47
1971 47
1972 47
1973 47
1974 47
1975 47
1976 47
1977 47
1978 47
1979 47
1980 47
1981 47
1982 47
1983 47
1984 47
1985 47
1986 47
1987 47
1988 47
1989 47
1990 47
1991 47
1992 47
1993 47
1994 47
1995 47
1996 47
1997 47
1998 47
1999 47
2000 47
2001 47
2002 47
2003 47
2004 47
2005 47
2006 47
2007 47
2008 47
2009 47
2010 47
2011 47
2012 47
2013 47
2014 47
2015 47
2016 47
2017 47
2018 47
2019 47
2020 47
2021 47
2022 47
2023 47
2024 47
2025 47
2026 47
2027 47
2028 47
2029 47
2030 47
2031 47
2032 47
2033 47
2034 47
2035 47
2036 47
2037 47
2038 47
2039 47
2040 47
2041 47
2042 47
2043 47
2044 47
2045 47
2046 47
2047 47
2048 47
2049 47
2050 47
2051 47
2052 47
2053 47
2054 47
2055 47
2056 47
2057 47
2058 47
2059 47
2060 47
2061 47
2062 47
2063 47
2064 47
2065 47
2066 47
2067 47
2068 47
2069 47
2070 47
2071 47
2072 47
2073 47
2074 47
2075 47
2076 47
2077 47
2078 47
2079 47
2080 47
2081 47
2082 47
2083 47
2084 47
2085 47
2086 47
2087 47
2088 47
2089 47
2090 47
2091 47
2092 47
2093 47
2094 48
2095 48
2096 48
2097 48
2098 48
2099 48
2100 48
2101 48
2102 48
2103 48
2104 48
2105 48
2106 48
2107 48
2108 48
2109 48
2110 48
2111 48
2112 48
2113 48
2114 48
2115 48
2116 48
2117 48
2118 48
2119 48
2120 48
2121 48
2122 48
2123 48
2124 48
2125 48
2126 48
2127 48
2128 48
2129 48
2130 48
2131 48
2132 48
2133 48
2134 48
2135 48
2136 48
2137 48
2138 48
2139 48
2140 48
2141 48
2142 48
2143 48
2144 48
2145 48
2146 48
2147 48
2148 48
2149 48
2150 48
2151 48
2152 48
2153 48
2154 48
2155 48
2156 48
2157 49
2158 49
2159 49
2160 49
2161 49
2162 49
2163 49
2164 49
2165 49
2166 49
2167 49
2168 49
2169 49
2170 49
2171 49
2172 49
2173 49
2174 49
2175 49
2176 49
2177 49
2178 49
2179 49
2180 49
2181 49
2182 49
2183 49
2184 49
2185 49
2186 49
2187 49
2188 50
2189 50
2190 50
2191 50
2192 50
2193 50
2194 50
2195 50
2196 50
2197 50
2198 50
2199 50
2200 50
2201 50
2202 50
2203 50
2204 50
2205 50
2206 50
2207 50
2208 50
2209 50
2210 50
2211 50
2212 50
2213 50
2214 50
2215 50
2216 50
2217 50
2218 50
2219 50
2220 50
2221 50
2222 50
2223 50
2224 50
2225 50
2226 50
2227 50
2228 50
2229 50
2230 50
2231 50
2232 50
2233 50
2234 50
2235 50
2236 50
2237 50
2238 50
2239 50
2240 50
2241 50
2242 50
2243 50
2244 50
2245 51
2246 51
2247 51
2248 51
2249 51
2250 51
2251 51
2252 51
2253 51
2254 51
2255 51
2256 51
2257 51
2258 51
2259 51
2260 51
2261 51
2262 51
2263 51
2264 51
2265 51
2266 51
2267 51
2268 51
2269 51
2270 51
2271 51
2272 51
2273 51
2274 51
2275 51
2276 51
2277 51
2278 51
2279 51
2280 51
2281 51
2282 51
2283 51
2284 51
2285 51
2286 51
2287 51
2288 51
2289 51
2290 51
2291 51
2292 51
2293 51
2294 51
2295 51
2296 51
2297 51
2298 51
2299 51
2300 51
2301 52
2302 52
2303 52
2304 52
2305 52
2306 52
2307 52
2308 52
2309 52
2310 52
2311 52
2312 52
2313 52
2314 52
2315 52
2316 52
2317 52
2318 52
2319 52
2320 52
2321 52
2322 52
2323 52
2324 52
2325 52
2326 52
2327 52
2328 52
2329 52
2330 52
2331 52
2332 52
2333 52
2334 52
2335 52
2336 52
2337 52
2338 52
2339 52
2340 52
2341 52
2342 52
2343 52
2344 52
2345 52
2346 52
2347 52
2348 52
2349 52
2350 52
2351 52
2352 52
2353 52
2354 52
2355 52
2356 52
2357 52
2358 52
2359 52
2360 52
2361 52
2362 52
2363 52
2364 52
2365 52
2366 52
2367 52
2368 52
2369 52
2370 52
2371 52
2372 52
2373 52
2374 52
2375 52
2376 52
2377 52
2378 52
2379 52
2380 52
2381 52
2382 52
2383 52
2384 52
2385 52
2386 52
2387 52
2388 52
2389 52
2390 52
2391 52
2392 52
2393 52
2394 52
2395 52
2396 52
2397 52
2398 52
2399 52
2400 52
2401 52
2402 52
2403 52
2404 52
2405 52
2406 52
2407 52
2408 52
2409 52
2410 52
2411 52
2412 52
2413 52
2414 52
2415 52
2416 52
2417 52
2418 52
2419 52
2420 52
2421 52
2422 52
2423 52
2424 52
2425 52
2426 52
2427 52
2428 52
2429 52
2430 52
2431 52
2432 52
2433 52
2434 52
2435 52
2436 52
2437 52
2438 52
2439 52
2440 52
2441 52
2442 52
2443 52
2444 52
2445 52
2446 52
2447 52
2448 52
2449 52
2450 52
2451 52
2452 52
2453 52
2454 52
2455 52
2456 52
2457 52
2458 52
2459 52
2460 52
2461 52
2462 52
2463 52
2464 52
2465 52
2466 52
2467 52
2468 52
2469 52
2470 52
2471 52
2472 52
2473 52
2474 52
2475 52
2476 52
2477 52
2478 52
2479 52
2480 52
2481 52
2482 52
2483 52
2484 52
2485 52
2486 52
2487 52
2488 52
2489 52
2490 52
2491 52
2492 52
2493 52
2494 52
2495 52
2496 52
2497 52
2498 52
2499 52
2500 52
2501 52
2502 52
2503 52
2504 52
2505 52
2506 52
2507 52
2508 52
2509 52
2510 52
2511 52
2512 52
2513 52
2514 52
2515 52
2516 52
2517 52
2518 52
2519 52
2520 52
2521 52
2522 52
2523 52
2524 52
2525 52
2526 52
2527 52
2528 52
2529 52
2530 52
2531 52
2532 52
2533 52
2534 52
2535 52
2536 52
2537 52
2538 52
2539 52
2540 52
2541 52
2542 52
2543 52
2544 53
2545 53
2546 53
2547 53
2548 53
2549 53
2550 53
2551 53
2552 53
2553 53
2554 53
2555 53
2556 53
2557 53
2558 53
2559 53
2560 53
2561 53
2562 53
2563 53
2564 53
2565 53
2566 53
2567 53
2568 53
2569 53
2570 53
2571 53
2572 53
2573 53
2574 53
2575 53
2576 53
2577 53
2578 53
2579 53
2580 53
2581 53
2582 53
2583 53
2584 53
2585 53
2586 53
2587 53
2588 53
2589 53
2590 53
2591 53
2592 53
2593 53
2594 53
2595 53
2596 53
2597 53
2598 53
2599 53
2600 53
2601 53
2602 53
2603 53
2604 53
2605 53
2606 53
2607 53
2608 53
2609 53
2610 53
2611 53
2612 53
2613 53
2614 53
2615 53
2616 53
2617 53
2618 53
2619 53
2620 53
2621 53
2622 53
2623 53
2624 53
2625 53
2626 53
2627 53
2628 53
2629 53
2630 53
2631 53
2632 53
2633 53
2634 53
2635 53
2636 53
2637 53
2638 53
2639 53
2640 54
2641 54
2642 54
2643 54
2644 54
2645 54
2646 54
2647 54
2648 54
2649 54
2650 54
2651 54
2652 54
2653 54
2654 54
2655 54
2656 54
2657 54
2658 54
2659 54
2660 54
2661 54
2662 54
2663 54
2664 54
2665 54
2666 54
2667 54
2668 54
2669 54
2670 54
2671 54
2672 54
2673 54
2674 54
2675 54
2676 54
2677 54
2678 54
2679 54
2680 54
2681 54
2682 54
2683 54
2684 54
2685 54
2686 54
2687 54
2688 54
2689 54
2690 54
2691 54
2692 54
2693 54
2694 54
2695 54
2696 54
2697 54
2698 54
2699 54
2700 54
2701 54
2702 54
2703 54
2704 54
2705 54
2706 54
2707 54
2708 54
2709 54
2710 54
2711 54
2712 54
2713 54
2714 54
2715 54
2716 54
2717 54
2718 54
2719 54
2720 54
2721 54
2722 54
2723 54
2724 54
2725 54
2726 54
2727 54
2728 54
2729 54
2730 54
2731 54
2732 54
2733 54
2734 54
2735 54
2736 54
2737 54
2738 54
2739 54
2740 54
2741 54
2742 54
2743 54
2744 54
2745 54
2746 54
2747 54
2748 54
2749 54
2750 54
2751 54
2752 54
2753 54
2754 54
2755 54
2756 54
2757 54
2758 54
2759 54
2760 54
2761 54
2762 54
2763 54
2764 54
2765 54
2766 54
2767 54
2768 54
2769 54
2770 54
2771 54
2772 54
2773 54
2774 54
2775 54
2776 54
2777 54
2778 54
2779 54
2780 54
2781 54
2782 54
2783 54
2784 54
2785 54
2786 54
2787 54
2788 54
2789 54
2790 54
2791 54
2792 54
2793 54
2794 54
2795 54
2796 54
2797 54
2798 54
2799 54
2800 54
2801 54
2802 54
2803 54
2804 54
2805 54
2806 54
2807 54
2808 54
2809 54
2810 54
2811 54
2812 54
2813 54
2814 54
2815 54
2816 54
2817 54
2818 54
2819 54
2820 54
2821 54
2822 54
2823 54
2824 54
2825 54
2826 54
2827 54
2828 54
2829 54
2830 54
2831 54
2832 54
2833 54
2834 54
2835 54
2836 54
2837 54
2838 54
2839 54
2840 54
2841 54
2842 54
2843 54
2844 55
2845 55
2846 55
2847 55
2848 55
2849 55
2850 55
2851 55
2852 55
2853 55
2854 55
2855 55
2856 55
2857 55
2858 55
2859 55
2860 55
2861 55
2862 55
2863 55
2864 55
2865 55
2866 55
2867 55
2868 55
2869 55
2870 55
2871 55
2872 55
2873 55
2874 55
2875 55
2876 55
2877 55
2878 55
2879 55
2880 55
2881 55
2882 55
2883 55
2884 55
2885 55
2886 55
2887 55
2888 55
2889 55
2890 55
2891 55
2892 55
2893 55
2894 55
2895 55
2896 55
2897 55
2898 55
2899 55
2900 55
2901 55
2902 55
2903 55
2904 55
2905 55
2906 55
2907 55
2908 55
2909 55
2910 55
2911 55
2912 55
2913 55
2914 55
2915 55
2916 55
2917 55
2918 55
2919 55
2920 55
2921 55
2922 55
2923 55
2924 55
2925 55
2926 55
2927 55
2928 55
2929 55
2930 55
2931 55
2932 55
2933 55
2934 55
2935 55
2936 55
2937 55
2938 55
2939 55
2940 55
2941 55
2942 55
2943 55
2944 55
2945 55
2946 55
2947 55
2948 55
2949 55
2950 55
2951 55
2952 55
2953 55
2954 55
2955 55
2956 55
2957 55
2958 55
2959 55
2960 55
2961 55
2962 55
2963 55
2964 55
2965 55
2966 55
2967 55
2968 55
2969 55
2970 55
2971 55
2972 55
2973 55
2974 55
2975 55
2976 55
2977 55
2978 55
2979 55
2980 55
2981 55
2982 55
2983 55
2984 55
2985 55
2986 55
2987 55
2988 55
2989 55
2990 55
2991 55
2992 55
2993 55
2994 55
2995 55
2996 55
2997 55
2998 55
2999 55
3000 55
3001 55
3002 55
3003 55
3004 55
3005 55
3006 55
3007 55
3008 55
3009 55
3010 55
3011 55
3012 55
3013 55
3014 55
3015 55
3016 55
3017 55
3018 55
3019 55
3020 55
3021 55
3022 55
3023 55
3024 55
3025 55
3026 55
3027 55
3028 55
3029 55
3030 55
3031 55
3032 55
3033 55
3034 55
3035 55
3036 55
3037 55
3038 55
3039 55
3040 55
3041 55
3042 55
3043 55
3044 55
3045 55
3046 55
3047 55
3048 55
3049 55
3050 55
3051 55
3052 55
3053 55
3054 55
3055 55
3056 55
3057 55
3058 55
3059 55
3060 55
3061 55
3062 55
3063 55
3064 55
3065 55
3066 55
3067 55
3068 55
3069 55
3070 55
3071 55
3072 55
3073 55
3074 55
3075 55
3076 55
3077 55
3078 55
3079 55
3080 55
3081 55
3082 55
3083 55
3084 55
3085 55
3086 55
3087 55
3088 55
3089 55
3090 55
3091 55
3092 55
3093 55
3094 55
3095 55
3096 55
3097 55
3098 55
3099 55
3100 55
3101 55
3102 55
3103 55
3104 55
3105 55
3106 55
3107 55
3108 55
3109 55
3110 55
3111 55
3112 55
3113 55
3114 55
3115 55
3116 55
3117 55
3118 55
3119 55
3120 55
3121 55
3122 55
3123 55
3124 55
3125 55
3126 55
3127 55
3128 55
3129 55
3130 55
3131 55
3132 55
3133 55
3134 55
3135 55
3136 55
3137 55
3138 55
3139 55
3140 55
3141 55
3142 55
3143 55
3144 55
3145 55
3146 55
3147 55
3148 55
3149 55
3150 55
3151 55
3152 55
3153 55
3154 55
3155 55
3156 55
3157 55
3158 55
3159 55
3160 55
3161 55
3162 55
3163 55
3164 55
3165 55
3166 55
3167 55
3168 55
3169 55
3170 55
3171 55
3172 55
3173 55
3174 55
3175 55
3176 55
3177 55
3178 55
3179 55
3180 55
3181 55
3182 55
3183 55
3184 55
3185 55
3186 55
3187 55
3188 55
3189 55
3190 55
3191 55
3192 55
3193 55
3194 55
3195 55
3196 55
3197 55
3198 55
3199 55
3200 55
3201 55
3202 55
3203 55
3204 55
3205 55
3206 55
3207 55
3208 55
3209 55
3210 55
3211 55
3212 55
3213 55
3214 55
3215 55
3216 55
3217 55
3218 55
3219 55
3220 55
3221 55
3222 55
3223 55
3224 55
3225 55
3226 55
3227 55
3228 55
3229 55
3230 55
3231 55
3232 55
3233 55
3234 55
3235 55
3236 55
3237 55
3238 55
3239 55
3240 55
3241 55
3242 55
3243 55
3244 55
3245 55
3246 55
3247 55
3248 55
3249 55
3250 55
3251 55
3252 55
3253 55
3254 55
3255 55
3256 55
3257 55
3258 55
3259 55
3260 55
3261 55
3262 55
3263 55
3264 55
3265 55
3266 55
3267 55
3268 55
3269 55
3270 55
3271 55
3272 55
3273 55
3274 55
3275 55
3276 55
3277 55
3278 55
3279 55
3280 55
3281 55
3282 55
3283 55
3284 55
3285 55
3286 55
3287 55
3288 55
3289 55
3290 55
3291 55
3292 55
3293 55
3294 55
3295 55
3296 55
3297 55
3298 55
3299 55
3300 55
3301 55
3302 55
3303 55
3304 55
3305 55
3306 55
3307 55
3308 55
3309 55
3310 55
3311 55
3312 55
3313 55
3314 55
3315 55
3316 55
3317 55
3318 55
3319 55
3320 55
3321 55
3322 55
3323 55
3324 55
3325 55
3326 55
3327 55
3328 55
3329 55
3330 55
3331 55
3332 55
3333 55
3334 55
3335 55
3336 55
3337 55
3338 55
3339 55
3340 55
3341 55
3342 55
3343 55
3344 55
3345 55
3346 55
3347 55
3348 55
3349 55
3350 55
3351 55
3352 55
3353 55
3354 55
3355 55
3356 55
3357 55
3358 55
3359 55
3360 55
3361 55
3362 55
3363 55
3364 55
3365 55
3366 55
3367 55
3368 55
3369 55
3370 55
3371 55
3372 55
3373 55
3374 55
3375 55
3376 55
3377 55
3378 55
3379 55
3380 55
3381 55
3382 55
3383 55
3384 55
3385 55
3386 55
3387 55
3388 55
3389 55
3390 55
3391 55
3392 55
3393 55
3394 55
3395 55
3396 55
3397 55
3398 55
3399 55
3400 55
3401 55
3402 55
3403 55
3404 55
3405 55
3406 55
3407 55
3408 55
3409 55
3410 55
3411 55
3412 55
3413 55
3414 55
3415 55
3416 55
3417 55
3418 55
3419 55
3420 55
3421 55
3422 55
3423 55
3424 55
3425 55
3426 55
3427 55
3428 55
3429 55
3430 55
3431 55
3432 55
3433 55
3434 55
3435 55
3436 55
3437 55
3438 55
3439 55
3440 55
3441 55
3442 55
3443 55
3444 55
3445 55
3446 55
3447 55
3448 56
3449 56
3450 56
3451 56
3452 56
3453 56
3454 56
3455 56
3456 56
3457 56
3458 56
3459 56
3460 56
3461 56
3462 56
3463 56
3464 56
3465 56
3466 56
3467 56
3468 56
3469 56
3470 56
3471 56
3472 56
3473 56
3474 56
3475 56
3476 56
3477 56
3478 56
3479 56
3480 56
3481 56
3482 56
3483 56
3484 56
3485 56
3486 56
3487 56
3488 56
3489 56
3490 56
3491 56
3492 56
3493 56
3494 56
3495 56
3496 56
3497 56
3498 56
3499 56
3500 56
3501 56
3502 56
3503 56
3504 56
3505 56
3506 56
3507 56
3508 56
3509 56
3510 56
3511 56
3512 56
3513 56
3514 56
3515 56
3516 56
3517 56
3518 56
3519 56
3520 56
3521 56
3522 56
3523 56
3524 56
3525 56
3526 56
3527 56
3528 56
3529 56
3530 56
3531 56
3532 56
3533 56
3534 56
3535 56
3536 56
3537 56
3538 56
3539 56
3540 56
3541 56
3542 56
3543 56
3544 56
3545 56
3546 56
3547 56
3548 56
3549 56
3550 56
3551 56
3552 56
3553 56
3554 56
3555 56
3556 56
3557 56
3558 56
3559 56
3560 56
3561 56
3562 56
3563 56
3564 56
3565 56
3566 56
3567 56
3568 56
3569 56
3570 56
3571 56
3572 56
3573 56
3574 56
3575 56
3576 56
3577 56
3578 56
3579 56
3580 56
3581 56
3582 56
3583 56
3584 56
3585 56
3586 56
3587 56
3588 56
3589 56
3590 56
3591 56
3592 56
3593 56
3594 56
3595 56
3596 56
3597 56
3598 56
3599 56
3600 56
3601 56
3602 56
3603 56
3604 56
3605 56
3606 56
3607 56
3608 56
3609 56
3610 56
3611 56
3612 56
3613 56
3614 56
3615 56
3616 56
3617 56
3618 56
3619 56
3620 56
3621 56
3622 56
3623 56
3624 56
3625 56
3626 56
3627 56
3628 56
3629 56
3630 56
3631 56
3632 56
3633 56
3634 56
3635 56
3636 56
3637 56
3638 56
3639 56
3640 56
3641 56
3642 56
3643 56
3644 56
3645 56
3646 56
3647 56
3648 56
3649 56
3650 56
3651 56
3652 56
3653 56
3654 56
3655 56
3656 56
3657 56
3658 56
3659 56
3660 56
3661 56
3662 56
3663 56
3664 56
3665 56
3666 56
3667 56
3668 56
3669 56
3670 56
3671 56
3672 56
3673 56
3674 56
3675 56
3676 56
3677 56
3678 56
3679 56
3680 56
3681 56
3682 56
3683 56
3684 56
3685 56
3686 56
3687 56
3688 56
3689 56
3690 56
3691 56
3692 56
3693 56
3694 56
3695 56
3696 56
3697 56
3698 56
3699 56
3700 56
3701 56
3702 56
3703 56
3704 56
3705 56
3706 56
3707 56
3708 56
3709 56
3710 56
3711 56
3712 56
3713 57
3714 57
3715 57
3716 57
3717 57
3718 57
3719 57
3720 57
3721 57
3722 58
3723 58
3724 58
3725 58
3726 58
3727 58
3728 58
3729 58
3730 58
3731 58
3732 58
3733 58
3734 58
3735 58
3736 58
3737 58
3738 58
3739 58
3740 58
3741 58
3742 58
3743 58
3744 58
3745 58
3746 58
3747 58
3748 58
3749 58
3750 58
3751 58
3752 58
3753 58
3754 58
3755 58
3756 58
3757 58
3758 58
3759 58
3760 58
3761 58
3762 58
3763 58
3764 58
3765 58
3766 58
3767 58
3768 58
3769 58
3770 58
3771 58
3772 58
3773 58
3774 58
3775 58
3776 58
3777 58
3778 58
3779 58
3780 58
3781 58
3782 58
3783 58
3784 58
3785 58
3786 58
3787 58
3788 58
3789 58
3790 58
3791 58
3792 58
3793 58
3794 58
3795 58
3796 58
3797 58
3798 58
3799 58
3800 58
3801 58
3802 58
3803 58
3804 58
3805 58
3806 58
3807 58
3808 58
3809 58
3810 58
3811 58
3812 58
3813 58
3814 58
3815 58
3816 58
3817 58
3818 58
3819 58
3820 58
3821 58
3822 58
3823 58
3824 58
3825 58
3826 58
3827 58
3828 58
3829 58
3830 58
3831 58
3832 58
3833 58
3834 58
3835 58
3836 58
3837 58
3838 58
3839 58
3840 58
3841 58
3842 58
3843 58
3844 58
3845 58
3846 58
3847 58
3848 58
3849 58
3850 58
3851 58
3852 58
3853 58
3854 58
3855 58
3856 58
3857 58
3858 58
3859 58
3860 58
3861 58
3862 58
3863 59
3864 59
3865 59
3866 59
3867 59
3868 59
3869 59
3870 59
3871 59
3872 59
3873 59
3874 59
3875 59
3876 59
3877 59
3878 59
3879 59
3880 59
3881 59
3882 59
3883 59
3884 59
3885 59
3886 59
3887 59
3888 59
3889 59
3890 59
3891 59
3892 59
3893 59
3894 59
3895 59
3896 59
3897 59
3898 59
3899 59
3900 59
3901 59
3902 59
3903 59
3904 59
3905 59
3906 59
3907 59
3908 59
3909 59
3910 59
3911 59
3912 59
3913 59
3914 60
3915 60
3916 60
3917 60
3918 60
3919 60
3920 60
3921 60
3922 60
3923 60
3924 60
3925 60
3926 60
3927 60
3928 60
3929 60
3930 60
3931 60
3932 60
3933 60
3934 60
3935 60
3936 60
3937 60
3938 60
3939 60
3940 60
3941 60
3942 60
3943 60
3944 60
3945 60
3946 60
3947 60
3948 60
3949 60
3950 60
3951 60
3952 60
3953 60
3954 60
3955 60
3956 60
3957 60
3958 60
3959 60
3960 60
3961 60
3962 60
3963 60
3964 60
3965 60
3966 60
3967 60
3968 60
3969 60
3970 60
3971 60
3972 60
3973 60
3974 60
3975 60
3976 60
3977 60
3978 60
3979 60
3980 60
3981 60
3982 60
3983 60
3984 60
3985 60
3986 60
3987 60
3988 60
3989 60
3990 60
3991 60
3992 60
3993 60
3994 60
3995 60
3996 60
3997 60
3998 60
3999 60
4000 60
4001 60
4002 60
4003 60
4004 60
4005 60
4006 60
4007 60
4008 60
4009 60
4010 60
4011 60
4012 60
4013 60
4014 60
4015 60
4016 60
4017 60
4018 60
4019 60
4020 60
4021 60
4022 60
4023 60
4024 60
4025 60
4026 60
4027 60
4028 60
4029 60
4030 60
4031 60
4032 60
4033 60
4034 60
4035 60
4036 60
4037 60
4038 60
4039 60
4040 60
4041 60
4042 60
4043 60
4044 60
4045 60
4046 60
4047 60
4048 60
4049 60
4050 60
4051 60
4052 60
4053 60
4054 60
4055 60
4056 60
4057 60
4058 60
4059 60
4060 60
4061 60
4062 60
4063 60
4064 60
4065 60
4066 60
4067 60
4068 60
4069 60
4070 60
4071 60
4072 60
4073 60
4074 60
4075 60
4076 60
4077 60
4078 60
4079 60
4080 60
4081 60
4082 60
4083 60
4084 60
4085 60
4086 60
4087 60
4088 60
4089 60
4090 60
4091 60
4092 60
4093 60
4094 60
4095 60
4096 60
4097 60
4098 60
4099 60
4100 60
4101 60
4102 60
4103 60
4104 60
4105 60
4106 60
4107 60
4108 60
4109 60
4110 60
4111 60
4112 60
4113 60
4114 60
4115 60
4116 60
4117 60
4118 60
4119 60
4120 60
4121 60
4122 60
4123 60
4124 60
4125 60
4126 60
4127 60
4128 60
4129 60
4130 60
4131 60
4132 60
4133 60
4134 60
4135 60
4136 60
4137 60
4138 60
4139 60
4140 60
4141 60
4142 60
4143 60
4144 60
4145 60
4146 60
4147 60
4148 60
4149 60
4150 60
4151 60
4152 60
4153 60
4154 60
4155 60
4156 60
4157 60
4158 60
4159 60
4160 60
4161 60
4162 60
4163 60
4164 60
4165 60
4166 60
4167 60
4168 60
4169 60
4170 60
4171 60
4172 60
4173 60
4174 60
4175 60
4176 60
4177 60
4178 60
4179 60
4180 60
4181 60
4182 60
4183 60
4184 60
4185 60
4186 60
4187 60
4188 60
4189 60
4190 60
4191 60
4192 60
4193 60
4194 60
4195 60
4196 60
4197 60
4198 60
4199 60
4200 60
4201 60
4202 60
4203 60
4204 60
4205 60
4206 60
4207 60
4208 60
4209 60
4210 60
4211 60
4212 60
4213 60
4214 60
4215 60
4216 60
4217 60
4218 60
4219 60
4220 60
4221 60
4222 60
4223 60
4224 60
4225 60
4226 60
4227 60
4228 60
4229 60
4230 60
4231 60
4232 60
4233 60
4234 60
4235 60
4236 60
4237 60
4238 60
4239 60
4240 60
4241 60
4242 60
4243 60
4244 60
4245 60
4246 60
4247 60
4248 60
4249 60
4250 60
4251 60
4252 60
4253 60
4254 60
4255 60
4256 60
4257 60
4258 60
4259 60
4260 60
4261 60
4262 60
4263 60
4264 60
4265 60
4266 60
4267 60
4268 60
4269 60
4270 60
4271 60
4272 60
4273 60
4274 60
4275 60
4276 60
4277 60
4278 60
4279 60
4280 60
4281 60
4282 60
4283 60
4284 60
4285 60
4286 60
4287 60
4288 60
4289 60
4290 60
4291 60
4292 60
4293 60
4294 60
4295 60
4296 60
4297 60
4298 60
4299 60
4300 60
4301 60
4302 60
4303 60
4304 60
4305 60
4306 60
4307 60
4308 60
4309 60
4310 60
4311 60
4312 60
4313 60
4314 60
4315 60
4316 60
4317 60
4318 60
4319 60
4320 60
4321 60
4322 60
4323 60
4324 60
4325 60
4326 60
4327 60
4328 60
4329 60
4330 60
4331 60
4332 60
4333 60
4334 60
4335 60
4336 60
4337 60
4338 60
4339 60
4340 60
4341 60
4342 60
4343 60
4344 60
4345 60
4346 60
4347 60
4348 60
4349 60
4350 60
4351 60
4352 60
4353 60
4354 60
4355 60
4356 60
4357 60
4358 60
4359 60
4360 60
4361 60
4362 60
4363 60
4364 60
4365 60
4366 60
4367 60
4368 60
4369 60
4370 60
4371 60
4372 60
4373 60
4374 60
4375 60
4376 60
4377 60
4378 60
4379 60
4380 60
4381 60
4382 60
4383 60
4384 60
4385 60
4386 60
4387 60
4388 60
4389 60
4390 60
4391 60
4392 60
4393 60
4394 60
4395 60
4396 60
4397 60
4398 60
4399 60
4400 60
4401 60
4402 60
4403 60
4404 60
4405 60
4406 60
4407 60
4408 60
4409 60
4410 60
4411 60
4412 60
4413 60
4414 60
4415 60
4416 60
4417 60
4418 60
4419 60
4420 60
4421 60
4422 60
4423 60
4424 60
4425 60
4426 60
4427 60
4428 60
4429 60
4430 60
4431 60
4432 60
4433 60
4434 60
4435 60
4436 60
4437 60
4438 60
4439 60
4440 60
4441 60
4442 60
4443 60
4444 60
4445 60
4446 60
4447 60
4448 60
4449 60
4450 60
4451 60
4452 60
4453 60
4454 60
4455 60
4456 60
4457 60
4458 60
4459 60
4460 60
4461 60
4462 60
4463 60
4464 60
4465 60
4466 60
4467 60
4468 60
4469 60
4470 60
4471 60
4472 60
4473 60
4474 60
4475 60
4476 60
4477 60
4478 60
4479 60
4480 60
4481 60
4482 60
4483 60
4484 60
4485 60
4486 60
4487 60
4488 60
4489 60
4490 60
4491 60
4492 60
4493 60
4494 60
4495 60
4496 60
4497 60
4498 60
4499 60
4500 60
4501 60
4502 60
4503 60
4504 60
4505 60
4506 60
4507 60
4508 60
4509 60
4510 60
4511 60
4512 60
4513 60
4514 60
4515 60
4516 60
4517 60
4518 60
4519 60
4520 60
4521 61
4522 61
4523 61
4524 61
4525 61
4526 61
4527 61
4528 61
4529 61
4530 61
4531 61
4532 61
4533 61
4534 61
4535 61
4536 61
4537 61
4538 61
4539 61
4540 61
4541 61
4542 61
4543 61
4544 61
4545 61
4546 61
4547 61
4548 61
4549 61
4550 61
4551 61
4552 61
4553 61
4554 61
4555 61
4556 61
4557 61
4558 61
4559 61
4560 61
4561 61
4562 61
4563 61
4564 61
4565 61
4566 61
4567 61
4568 61
4569 61
4570 61
4571 61
4572 61
4573 61
4574 61
4575 61
4576 61
4577 61
4578 61
4579 61
4580 61
4581 61
4582 61
4583 61
4584 61
4585 61
4586 61
4587 61
4588 61
4589 61
4590 61
4591 61
4592 61
4593 61
4594 61
4595 61
4596 61
4597 61
4598 61
4599 61
4600 61
4601 61
4602 61
4603 61
4604 61
4605 61
4606 61
4607 61
4608 61
4609 61
4610 61
4611 61
4612 61
4613 61
4614 61
4615 61
4616 61
4617 61
4618 61
4619 61
4620 61
4621 61
4622 61
4623 61
4624 61
4625 61
4626 61
4627 61
4628 61
4629 61
4630 61
4631 61
4632 61
4633 61
4634 61
4635 61
4636 61
4637 61
4638 61
4639 61
4640 61
4641 61
4642 61
4643 61
4644 61
4645 61
4646 61
4647 61
4648 61
4649 61
4650 61
4651 61
4652 61
4653 61
4654 61
4655 61
4656 61
4657 61
4658 61
4659 61
4660 61
4661 61
4662 61
4663 61
4664 61
4665 61
4666 61
4667 61
4668 61
4669 61
4670 61
4671 61
4672 61
4673 61
4674 61
4675 61
4676 61
4677 61
4678 61
4679 61
4680 61
4681 61
4682 61
4683 61
4684 61
4685 61
4686 61
4687 61
4688 61
4689 61
4690 61
4691 61
4692 61
4693 61
4694 61
4695 61
4696 61
4697 61
4698 61
4699 61
4700 61
4701 61
4702 61
4703 61
4704 61
4705 61
4706 61
4707 61
4708 61
4709 61
4710 61
4711 61
4712 61
4713 61
4714 61
4715 61
4716 61
4717 61
4718 61
4719 61
4720 62
4721 62
4722 62
4723 62
4724 62
4725 62
4726 62
4727 62
4728 62
4729 62
4730 62
4731 62
4732 62
4733 62
4734 62
4735 62
4736 62
4737 62
4738 62
4739 62
4740 62
4741 62
4742 62
4743 62
4744 62
4745 62
4746 62
4747 62
4748 62
4749 62
4750 62
4751 62
4752 62
4753 62
4754 62
4755 62
4756 62
4757 62
4758 62
4759 62
4760 62
4761 62
4762 62
4763 62
4764 62
4765 62
4766 62
4767 62
4768 62
4769 62
4770 62
4771 62
4772 62
4773 62
4774 62
4775 62
4776 62
4777 62
4778 62
4779 62
4780 62
4781 62
4782 62
4783 62
4784 62
4785 62
4786 62
4787 62
4788 62
4789 62
4790 62
4791 63
4792 63
4793 63
4794 63
4795 63
4796 63
4797 63
4798 63
4799 63
4800 63
4801 63
4802 63
4803 63
4804 63
4805 63
4806 63
4807 63
4808 63
4809 63
4810 63
4811 63
4812 63
4813 63
4814 63
4815 63
4816 63
4817 63
4818 63
4819 63
4820 63
4821 63
4822 63
4823 63
4824 63
4825 63
4826 63
4827 63
4828 63
4829 63
4830 63
4831 63
4832 63
4833 63
4834 63
4835 63
4836 63
4837 63
4838 63
4839 63
4840 63
4841 63
4842 63
4843 63
4844 63
4845 63
4846 63
4847 63
4848 63
4849 63
4850 63
4851 63
4852 63
4853 63
4854 63
4855 63
4856 63
4857 63
4858 63
4859 63
4860 63
4861 63
4862 63
4863 63
4864 63
4865 63
4866 63
4867 63
4868 63
4869 63
4870 63
4871 63
4872 63
4873 63
4874 63
4875 63
4876 63
4877 63
4878 63
4879 63
4880 63
4881 63
4882 63
4883 63
4884 63
4885 63
4886 63
4887 63
4888 63
4889 63
4890 63
4891 63
4892 63
4893 63
4894 63
4895 63
4896 63
4897 63
4898 63
4899 63
4900 63
4901 63
4902 63
4903 63
4904 63
4905 63
4906 63
4907 63
4908 63
4909 63
4910 63
4911 63
4912 63
4913 63
4914 63
4915 63
4916 63
4917 63
4918 63
4919 63
4920 63
4921 63
4922 63
4923 63
4924 63
4925 63
4926 63
4927 63
4928 63
4929 63
4930 63
4931 63
4932 63
4933 63
4934 63
4935 63
4936 63
4937 63
4938 63
4939 63
4940 63
4941 63
4942 63
4943 63
4944 63
4945 63
4946 63
4947 63
4948 63
4949 63
4950 64
4951 64
4952 64
4953 64
4954 64
4955 64
4956 64
4957 64
4958 64
4959 64
4960 64
4961 64
4962 64
4963 64
4964 64
4965 64
4966 64
4967 64
4968 64
4969 64
4970 64
4971 64
4972 64
4973 64
4974 64
4975 64
4976 64
4977 64
4978 64
4979 64
4980 64
4981 64
4982 64
4983 64
4984 64
4985 64
4986 64
4987 64
4988 64
4989 64
4990 64
4991 64
4992 64
4993 64
4994 64
4995 64
4996 64
4997 64
4998 64
4999 64
5000 64
5001 64
5002 64
5003 64
5004 64
5005 64
5006 64
5007 64
5008 64
5009 64
5010 64
5011 64
5012 64
5013 64
5014 64
5015 64
5016 64
5017 64
5018 64
5019 64
5020 64
5021 64
5022 64
5023 64
5024 64
5025 64
5026 64
5027 64
5028 64
5029 64
5030 64
5031 64
5032 64
5033 64
5034 64
5035 64
5036 64
5037 64
5038 64
5039 64
5040 64
5041 64
5042 64
5043 64
5044 64
5045 64
5046 64
5047 64
5048 64
5049 64
5050 64
5051 64
5052 64
5053 64
5054 64
5055 64
5056 64
5057 64
5058 64
5059 64
5060 64
5061 64
5062 64
5063 64
5064 64
5065 64
5066 64
5067 64
5068 64
5069 64
5070 64
5071 64
5072 64
5073 64
5074 64
5075 64
5076 64
5077 64
5078 64
5079 64
5080 64
5081 64
5082 64
5083 64
5084 64
5085 64
5086 64
5087 64
5088 64
5089 64
5090 64
5091 64
5092 64
5093 64
5094 64
5095 64
5096 64
5097 64
5098 64
5099 64
5100 64
5101 64
5102 64
5103 64
5104 64
5105 64
5106 64
5107 64
5108 64
5109 64
5110 64
5111 64
5112 64
5113 64
5114 64
5115 64
5116 64
5117 64
5118 64
5119 64
5120 64
5121 64
5122 64
5123 64
5124 64
5125 64
5126 64
5127 64
5128 64
5129 64
5130 64
5131 64
5132 64
5133 64
5134 64
5135 64
5136 64
5137 64
5138 64
5139 64
5140 64
5141 64
5142 64
5143 64
5144 64
5145 64
5146 64
5147 64
5148 64
5149 64
5150 64
5151 64
5152 64
5153 64
5154 64
5155 64
5156 64
5157 64
5158 64
5159 64
5160 64
5161 64
5162 64
5163 64
5164 64
5165 64
5166 64
5167 64
5168 64
5169 64
5170 64
5171 64
5172 64
5173 64
5174 64
5175 64
5176 64
5177 64
5178 64
5179 64
5180 64
5181 64
5182 64
5183 64
5184 64
5185 64
5186 64
5187 64
5188 64
5189 64
5190 64
5191 64
5192 64
5193 64
5194 64
5195 64
5196 64
5197 64
5198 64
5199 64
5200 64
5201 64
5202 64
5203 64
5204 64
5205 64
5206 64
5207 64
5208 64
5209 64
5210 64
5211 64
5212 64
5213 64
5214 64
5215 64
5216 64
5217 64
5218 64
5219 64
5220 64
5221 64
5222 64
5223 64
5224 64
5225 64
5226 64
5227 64
5228 64
5229 64
5230 64
5231 64
5232 64
5233 64
5234 64
5235 64
5236 64
5237 64
5238 64
5239 64
5240 64
5241 64
5242 64
5243 64
5244 64
5245 64
5246 64
5247 64
5248 64
5249 64
5250 64
5251 64
5252 64
5253 64
5254 64
5255 64
5256 64
5257 64
5258 64
5259 64
5260 64
5261 64
5262 64
5263 64
5264 64
5265 64
5266 64
5267 64
5268 64
5269 64
5270 64
5271 64
5272 64
5273 64
5274 64
5275 64
5276 64
5277 64
5278 64
5279 64
5280 64
5281 64
5282 64
5283 64
5284 64
5285 64
5286 64
5287 64
5288 64
5289 64
5290 64
5291 64
5292 64
5293 64
5294 64
5295 64
5296 64
5297 64
5298 64
5299 64
5300 64
5301 64
5302 64
5303 64
5304 64
5305 64
5306 64
5307 64
5308 64
5309 64
5310 64
5311 64
5312 64
5313 64
5314 64
5315 64
5316 64
5317 64
5318 64
5319 64
5320 64
5321 64
5322 64
5323 64
5324 64
5325 64
5326 64
5327 64
5328 64
5329 64
5330 64
5331 64
5332 64
5333 64
5334 64
5335 64
5336 64
5337 64
5338 64
5339 64
5340 64
5341 64
5342 64
5343 64
5344 64
5345 64
5346 64
5347 64
5348 64
5349 64
5350 64
5351 64
5352 64
5353 64
5354 64
5355 64
5356 64
5357 64
5358 64
5359 64
5360 64
5361 64
5362 64
5363 64
5364 64
5365 64
5366 64
5367 64
5368 64
5369 64
5370 64
5371 64
5372 64
5373 64
5374 64
5375 64
5376 64
5377 64
5378 64
5379 64
5380 64
5381 64
5382 64
5383 64
5384 64
5385 64
5386 64
5387 64
5388 64
5389 64
5390 64
5391 64
5392 64
5393 64
5394 64
5395 64
5396 64
5397 64
5398 64
5399 64
5400 64
5401 64
5402 64
5403 64
5404 64
5405 64
5406 64
5407 64
5408 64
5409 64
5410 64
5411 64
5412 64
5413 64
5414 64
5415 64
5416 64
5417 64
5418 64
5419 64
5420 64
5421 64
5422 64
5423 64
5424 64
5425 64
5426 64
5427 64
5428 64
5429 64
5430 64
5431 64
5432 64
5433 64
5434 64
5435 64
5436 64
5437 64
5438 64
5439 64
5440 64
5441 64
5442 64
5443 64
5444 64
5445 64
5446 64
5447 64
5448 64
5449 64
5450 64
5451 64
5452 64
5453 64
5454 64
5455 64
5456 64
5457 64
5458 64
5459 64
5460 64
5461 64
5462 64
5463 64
5464 64
5465 64
5466 64
5467 64
5468 64
5469 64
5470 64
5471 64
5472 64
5473 64
5474 64
5475 64
5476 64
5477 64
5478 64
5479 64
5480 64
5481 64
5482 64
5483 64
5484 64
5485 64
5486 64
5487 64
5488 64
5489 64
5490 64
5491 64
5492 64
5493 64
5494 64
5495 64
5496 64
5497 64
5498 64
5499 64
5500 64
5501 64
5502 64
5503 64
5504 64
5505 64
5506 64
5507 64
5508 64
5509 64
5510 64
5511 64
5512 64
5513 64
5514 64
5515 64
5516 64
5517 64
5518 64
5519 64
5520 64
5521 64
5522 64
5523 64
5524 64
5525 64
5526 64
5527 64
5528 64
5529 64
5530 64
5531 64
5532 64
5533 64
5534 64
5535 64
5536 64
5537 64
5538 64
5539 64
5540 64
5541 64
5542 64
5543 64
5544 64
5545 64
5546 64
5547 64
5548 64
5549 64
5550 64
5551 64
5552 64
5553 64
5554 64
5555 64
5556 64
5557 64
5558 64
5559 64
5560 64
5561 64
5562 64
5563 64
5564 64
5565 64
5566 64
5567 64
5568 64
5569 64
5570 64
5571 64
5572 64
5573 64
5574 64
5575 64
5576 64
5577 64
5578 64
5579 64
5580 64
5581 64
5582 64
5583 64
5584 64
5585 64
5586 64
5587 64
5588 64
5589 64
5590 64
5591 64
5592 64
5593 64
5594 64
5595 64
5596 64
5597 64
5598 64
5599 64
5600 64
5601 64
5602 64
5603 64
5604 64
5605 64
5606 64
5607 64
5608 64
5609 64
5610 64
5611 64
5612 64
5613 64
5614 64
5615 64
5616 64
5617 64
5618 64
5619 64
5620 64
5621 64
5622 64
5623 64
5624 64
5625 64
5626 64
5627 64
5628 64
5629 64
5630 64
5631 64
5632 64
5633 64
5634 64
5635 64
5636 64
5637 64
5638 64
5639 64
5640 64
5641 64
5642 64
5643 64
5644 64
5645 64
5646 64
5647 64
5648 64
5649 64
5650 64
5651 64
5652 64
5653 64
5654 64
5655 64
5656 64
5657 64
5658 64
5659 64
5660 64
5661 64
5662 64
5663 64
5664 64
5665 64
5666 64
5667 64
5668 64
5669 64
5670 64
5671 64
5672 64
5673 64
5674 64
5675 64
5676 64
5677 64
5678 64
5679 64
5680 64
5681 64
5682 64
5683 64
5684 64
5685 64
5686 64
5687 64
5688 64
5689 64
5690 64
5691 64
5692 64
5693 64
5694 64
5695 64
5696 64
5697 64
5698 64
5699 64
5700 65
5701 65
5702 65
5703 65
5704 65
5705 65
5706 65
5707 65
5708 65
5709 65
5710 65
5711 65
5712 65
5713 65
5714 65
5715 65
5716 65
5717 65
5718 65
5719 65
5720 65
5721 65
5722 65
5723 65
5724 65
5725 65
5726 65
5727 65
5728 65
5729 65
5730 65
5731 65
5732 65
5733 65
5734 65
5735 65
5736 65
5737 65
5738 65
5739 65
5740 65
5741 65
5742 65
5743 65
5744 65
5745 65
5746 65
5747 65
5748 65
5749 65
5750 65
5751 65
5752 65
5753 65
5754 65
5755 65
5756 65
5757 65
5758 65
5759 65
5760 65
5761 65
5762 65
5763 65
5764 65
5765 65
5766 65
5767 65
5768 65
5769 65
5770 65
5771 65
5772 65
5773 65
5774 65
5775 65
5776 65
5777 65
5778 65
5779 65
5780 65
5781 65
5782 65
5783 65
5784 65
5785 65
5786 65
5787 65
5788 65
5789 65
5790 65
5791 65
5792 65
5793 65
5794 65
5795 65
5796 65
5797 65
5798 65
5799 65
5800 65
5801 65
5802 65
5803 65
5804 65
5805 65
5806 65
5807 65
5808 65
5809 65
5810 65
5811 65
5812 65
5813 65
5814 65
5815 65
5816 65
5817 65
5818 65
5819 65
5820 65
5821 65
5822 65
5823 65
5824 65
5825 65
5826 65
5827 65
5828 65
5829 65
5830 65
5831 65
5832 65
5833 65
5834 65
5835 65
5836 65
5837 65
5838 65
5839 65
5840 65
5841 65
5842 65
5843 65
5844 65
5845 65
5846 65
5847 65
5848 66
5849 66
5850 66
5851 66
5852 66
5853 66
5854 66
5855 66
5856 66
5857 66
5858 66
5859 66
5860 66
5861 66
5862 66
5863 66
5864 66
5865 66
5866 66
5867 66
5868 66
5869 66
5870 66
5871 66
5872 66
5873 66
5874 66
5875 66
5876 66
5877 66
5878 66
5879 66
5880 66
5881 66
5882 66
5883 66
5884 66
5885 66
5886 66
5887 66
5888 66
5889 66
5890 66
5891 66
5892 66
5893 66
5894 66
5895 66
5896 66
5897 66
5898 66
5899 66
5900 66
5901 66
5902 66
5903 66
5904 66
5905 66
5906 66
5907 66
5908 66
5909 66
5910 66
5911 66
5912 66
5913 66
5914 66
5915 66
5916 66
5917 66
5918 66
5919 66
5920 67
5921 67
5922 67
5923 67
5924 67
5925 67
5926 67
5927 67
5928 67
5929 67
5930 67
5931 67
5932 67
5933 67
5934 67
5935 67
5936 67
5937 67
5938 67
5939 67
5940 67
5941 67
5942 67
5943 67
5944 67
5945 67
5946 67
5947 67
5948 67
5949 67
5950 67
5951 67
5952 67
5953 67
5954 67
5955 67
5956 67
5957 67
5958 67
5959 67
5960 67
5961 67
5962 67
5963 67
5964 67
5965 67
5966 67
5967 67
5968 67
5969 67
5970 67
5971 67
5972 67
5973 67
5974 67
5975 67
5976 67
5977 67
5978 67
5979 67
5980 67
5981 67
5982 67
5983 67
5984 67
5985 67
5986 67
5987 67
5988 67
5989 67
5990 67
5991 67
5992 67
5993 67
5994 67
5995 67
5996 67
5997 67
5998 67
5999 67
6000 67
6001 67
6002 67
6003 67
6004 67
6005 67
6006 67
6007 67
6008 67
6009 67
6010 67
6011 67
6012 67
6013 67
6014 67
6015 67
6016 67
6017 67
6018 67
6019 67
6020 67
6021 67
6022 67
6023 67
6024 67
6025 67
6026 67
6027 67
6028 67
6029 67
6030 67
6031 67
6032 67
6033 67
6034 67
6035 67
6036 67
6037 67
6038 67
6039 67
6040 67
6041 67
6042 67
6043 67
6044 67
6045 67
6046 67
6047 67
6048 67
6049 67
6050 67
6051 67
6052 67
6053 67
6054 67
6055 67
6056 67
6057 67
6058 67
6059 67
6060 67
6061 67
6062 67
6063 67
6064 67
6065 67
6066 67
6067 67
6068 67
6069 67
6070 67
6071 67
6072 67
6073 67
6074 67
6075 67
6076 67
6077 67
6078 67
6079 67
6080 67
6081 67
6082 67
6083 67
6084 67
6085 67
6086 67
6087 67
6088 67
6089 67
6090 67
6091 67
6092 67
6093 67
6094 67
6095 67
6096 67
6097 67
6098 67
6099 67
6100 67
6101 67
6102 67
6103 67
6104 67
6105 67
6106 67
6107 67
6108 67
6109 67
6110 67
6111 67
6112 67
6113 67
6114 67
6115 67
6116 67
6117 67
6118 67
6119 67
6120 67
6121 67
6122 67
6123 67
6124 67
6125 67
6126 67
6127 67
6128 67
6129 67
6130 67
6131 67
6132 67
6133 67
6134 67
6135 67
6136 67
6137 67
6138 67
6139 67
6140 67
6141 67
6142 67
6143 67
6144 67
6145 67
6146 67
6147 67
6148 67
6149 67
6150 67
6151 67
6152 67
6153 67
6154 67
6155 67
6156 67
6157 67
6158 67
6159 67
6160 67
6161 67
6162 67
6163 67
6164 67
6165 68
6166 68
6167 68
6168 68
6169 68
6170 68
6171 68
6172 68
6173 68
6174 68
6175 68
6176 68
6177 68
6178 68
6179 68
6180 68
6181 68
6182 68
6183 68
6184 68
6185 68
6186 68
6187 68
6188 68
6189 68
6190 68
6191 68
6192 68
6193 68
6194 68
6195 68
6196 68
6197 68
6198 68
6199 68
6200 68
6201 68
6202 68
6203 68
6204 68
6205 68
6206 68
6207 68
6208 68
6209 68
6210 68
6211 68
6212 68
6213 68
6214 68
6215 68
6216 68
6217 68
6218 68
6219 68
6220 68
6221 68
6222 68
6223 68
6224 68
6225 68
6226 68
6227 68
6228 68
6229 68
6230 68
6231 68
6232 68
6233 68
6234 68
6235 68
6236 68
6237 68
6238 68
6239 68
6240 68
6241 68
6242 68
6243 68
6244 68
6245 68
6246 68
6247 68
6248 68
6249 68
6250 68
6251 68
6252 68
6253 68
6254 68
6255 68
6256 68
6257 68
6258 68
6259 68
6260 68
6261 68
6262 68
6263 68
6264 68
6265 68
6266 68
6267 68
6268 68
6269 68
6270 68
6271 68
6272 68
6273 68
6274 68
6275 68
6276 68
6277 68
6278 68
6279 68
6280 68
6281 68
6282 68
6283 68
6284 68
6285 68
6286 68
6287 68
6288 68
6289 68
6290 68
6291 68
6292 68
6293 68
6294 68
6295 68
6296 68
6297 68
6298 68
6299 68
6300 68
6301 68
6302 68
6303 68
6304 68
6305 68
6306 68
6307 68
6308 68
6309 68
6310 68
6311 68
6312 68
6313 68
6314 68
6315 68
6316 68
6317 68
6318 68
6319 68
6320 68
6321 68
6322 68
6323 68
6324 68
6325 68
6326 68
6327 68
6328 68
6329 68
6330 68
6331 68
6332 68
6333 68
6334 68
6335 68
6336 68
6337 68
6338 68
6339 68
6340 68
6341 68
6342 68
6343 68
6344 68
6345 68
6346 68
6347 68
6348 68
6349 68
6350 68
6351 68
6352 68
6353 68
6354 68
6355 68
6356 68
6357 68
6358 68
6359 68
6360 68
6361 68
6362 68
6363 68
6364 68
6365 68
6366 68
6367 68
6368 68
6369 68
6370 68
6371 68
6372 68
6373 68
6374 68
6375 68
6376 68
6377 68
6378 68
6379 68
6380 68
6381 68
6382 68
6383 68
6384 68
6385 68
6386 68
6387 68
6388 68
6389 68
6390 68
6391 68
6392 68
6393 68
6394 68
6395 68
6396 68
6397 68
6398 68
6399 68
6400 68
6401 68
6402 68
6403 68
6404 68
6405 68
6406 68
6407 68
6408 68
6409 68
6410 68
6411 68
6412 68
6413 68
6414 68
6415 68
6416 68
6417 68
6418 68
6419 68
6420 68
6421 68
6422 68
6423 68
6424 68
6425 68
6426 68
6427 68
6428 68
6429 68
6430 68
6431 68
6432 68
6433 68
6434 68
6435 68
6436 68
6437 68
6438 68
6439 68
6440 68
6441 68
6442 68
6443 68
6444 68
6445 68
6446 68
6447 68
6448 68
6449 68
6450 68
6451 68
6452 68
6453 68
6454 68
6455 68
6456 68
6457 68
6458 68
6459 68
6460 68
6461 68
6462 68
6463 68
6464 68
6465 68
6466 68
6467 68
6468 68
6469 68
6470 68
6471 68
6472 68
6473 68
6474 68
6475 68
6476 68
6477 68
6478 68
6479 68
6480 68
6481 68
6482 68
6483 68
6484 68
6485 68
6486 68
6487 68
6488 68
6489 68
6490 69
6491 69
6492 69
6493 69
6494 69
6495 69
6496 69
6497 69
6498 69
6499 69
6500 69
6501 69
6502 69
6503 69
6504 69
6505 69
6506 69
6507 69
6508 69
6509 69
6510 69
6511 69
6512 69
6513 69
6514 69
6515 69
6516 69
6517 69
6518 69
6519 69
6520 69
6521 69
6522 69
6523 69
6524 69
6525 69
6526 69
6527 69
6528 69
6529 69
6530 69
6531 69
6532 69
6533 69
6534 69
6535 69
6536 69
6537 69
6538 69
6539 69
6540 69
6541 69
6542 69
6543 69
6544 69
6545 69
6546 69
6547 69
6548 69
6549 69
6550 69
6551 69
6552 69
6553 69
6554 69
6555 69
6556 69
6557 69
6558 69
6559 69
6560 69
6561 69
6562 69
6563 69
6564 69
6565 69
6566 69
6567 69
6568 69
6569 69
6570 69
6571 69
6572 69
6573 69
6574 69
6575 69
6576 69
6577 69
6578 69
6579 69
6580 69
6581 69
6582 69
6583 69
6584 69
6585 69
6586 69
6587 69
6588 69
6589 69
6590 69
6591 69
6592 69
6593 69
6594 69
6595 69
6596 69
6597 69
6598 69
6599 69
6600 69
6601 69
6602 69
6603 69
6604 69
6605 69
6606 69
6607 69
6608 69
6609 69
6610 69
6611 69
6612 69
6613 69
6614 69
6615 69
6616 69
6617 69
6618 69
6619 69
6620 69
6621 69
6622 69
6623 69
6624 69
6625 69
6626 69
6627 69
6628 69
6629 69
6630 69
6631 69
6632 69
6633 69
6634 69
6635 69
6636 69
6637 69
6638 69
6639 69
6640 69
6641 69
6642 69
6643 69
6644 69
6645 69
6646 69
6647 69
6648 69
6649 69
6650 69
6651 69
6652 69
6653 69
6654 69
6655 69
6656 69
6657 69
6658 69
6659 69
6660 69
6661 69
6662 69
6663 69
6664 69
6665 69
6666 69
6667 69
6668 69
6669 69
6670 69
6671 69
6672 69
6673 69
6674 69
6675 69
6676 69
6677 69
6678 69
6679 69
6680 69
6681 69
6682 69
6683 69
6684 69
6685 69
6686 69
6687 69
6688 69
6689 69
6690 69
6691 69
6692 69
6693 69
6694 69
6695 69
6696 69
6697 69
6698 69
6699 69
6700 69
6701 69
6702 69
6703 69
6704 69
6705 69
6706 69
6707 69
6708 69
6709 69
6710 69
6711 69
6712 69
6713 69
6714 69
6715 69
6716 69
6717 69
6718 69
6719 69
6720 69
6721 69
6722 69
6723 69
6724 69
6725 69
6726 69
6727 69
6728 69
6729 69
6730 69
6731 69
6732 69
6733 69
6734 69
6735 69
6736 69
6737 69
6738 69
6739 69
6740 69
6741 69
6742 69
6743 69
6744 69
6745 69
6746 69
6747 69
6748 69
6749 69
6750 69
6751 69
6752 69
6753 69
6754 69
6755 69
6756 69
6757 69
6758 69
6759 69
6760 69
6761 69
6762 69
6763 69
6764 70
6765 70
6766 70
6767 70
6768 70
6769 70
6770 70
6771 70
6772 70
6773 70
6774 70
6775 70
6776 70
6777 70
6778 70
6779 70
6780 70
6781 70
6782 70
6783 70
6784 70
6785 70
6786 70
6787 70
6788 70
6789 70
6790 70
6791 70
6792 70
6793 70
6794 70
6795 70
6796 70
6797 70
6798 70
6799 70
6800 70
6801 70
6802 70
6803 70
6804 70
6805 70
6806 70
6807 70
6808 70
6809 70
6810 70
6811 70
6812 70
6813 70
6814 70
6815 70
6816 70
6817 70
6818 70
6819 70
6820 70
6821 70
6822 70
6823 70
6824 70
6825 70
6826 70
6827 70
6828 70
6829 70
6830 70
6831 70
6832 70
6833 70
6834 70
6835 70
6836 70
6837 70
6838 70
6839 70
6840 70
6841 70
6842 70
6843 70
6844 70
6845 70
6846 70
6847 70
6848 70
6849 70
6850 70
6851 70
6852 70
6853 70
6854 70
6855 70
6856 70
6857 70
6858 70
6859 70
6860 70
6861 70
6862 70
6863 70
6864 70
6865 70
6866 70
6867 70
6868 70
6869 70
6870 70
6871 70
6872 70
6873 70
6874 70
6875 70
6876 70
6877 70
6878 70
6879 70
6880 70
6881 70
6882 70
6883 70
6884 70
6885 70
6886 70
6887 70
6888 70
6889 70
6890 70
6891 70
6892 70
6893 70
6894 70
6895 70
6896 70
6897 70
6898 70
6899 70
6900 70
6901 70
6902 70
6903 70
6904 70
6905 70
6906 70
6907 70
6908 70
6909 70
6910 70
6911 70
6912 70
6913 70
6914 70
6915 70
6916 70
6917 70
6918 70
6919 70
6920 70
6921 70
6922 70
6923 70
6924 70
6925 70
6926 70
6927 70
6928 70
6929 70
6930 70
6931 70
6932 70
6933 70
6934 70
6935 70
6936 70
6937 70
6938 70
6939 70
6940 70
6941 70
6942 70
6943 70
6944 70
6945 70
6946 70
6947 70
6948 70
6949 70
6950 70
6951 70
6952 70
6953 70
6954 70
6955 70
6956 70
6957 70
6958 70
6959 70
6960 70
6961 70
6962 70
6963 70
6964 70
6965 70
6966 70
6967 70
6968 70
6969 70
6970 70
6971 70
6972 70
6973 70
6974 70
6975 70
6976 70
6977 70
6978 70
6979 70
6980 70
6981 70
6982 70
6983 70
6984 70
6985 70
6986 70
6987 70
6988 70
6989 70
6990 70
6991 70
6992 70
6993 70
6994 70
6995 70
6996 70
6997 70
6998 70
6999 70
7000 70
7001 70
7002 70
7003 70
7004 70
7005 70
7006 70
7007 70
7008 70
7009 70
7010 70
7011 70
7012 70
7013 70
7014 70
7015 70
7016 70
7017 70
7018 70
7019 70
7020 70
7021 70
7022 70
7023 70
7024 70
7025 70
7026 70
7027 70
7028 70
7029 70
7030 70
7031 71
7032 71
7033 71
7034 71
7035 71
7036 71
7037 71
7038 71
7039 71
7040 71
7041 71
7042 71
7043 71
7044 71
7045 71
7046 71
7047 71
7048 71
7049 71
7050 71
7051 71
7052 71
7053 71
7054 71
7055 71
7056 71
7057 71
7058 71
7059 71
7060 71
7061 71
7062 71
7063 71
7064 71
7065 71
7066 71
7067 71
7068 71
7069 71
7070 71
7071 71
7072 71
7073 71
7074 71
7075 71
7076 71
7077 71
7078 71
7079 71
7080 71
7081 71
7082 71
7083 71
7084 71
7085 71
7086 71
7087 71
7088 71
7089 71
7090 71
7091 71
7092 71
7093 71
7094 71
7095 71
7096 71
7097 71
7098 71
7099 71
7100 71
7101 71
7102 71
7103 71
7104 71
7105 71
7106 71
7107 71
7108 71
7109 71
7110 71
7111 71
7112 71
7113 71
7114 71
7115 71
7116 71
7117 71
7118 71
7119 71
7120 71
7121 71
7122 71
7123 71
7124 71
7125 71
7126 71
7127 71
7128 71
7129 71
7130 71
7131 71
7132 71
7133 71
7134 71
7135 71
7136 71
7137 71
7138 71
7139 71
7140 71
7141 71
7142 71
7143 71
7144 71
7145 71
7146 71
7147 71
7148 71
7149 71
7150 71
7151 71
7152 71
7153 71
7154 71
7155 71
7156 71
7157 71
7158 71
7159 71
7160 71
7161 71
7162 71
7163 71
7164 71
7165 71
7166 71
7167 71
7168 71
7169 71
7170 71
7171 71
7172 71
7173 71
7174 71
7175 71
7176 71
7177 71
7178 71
7179 71
7180 71
7181 71
7182 71
7183 71
7184 71
7185 71
7186 71
7187 71
7188 71
7189 71
7190 71
7191 71
7192 71
7193 71
7194 71
7195 71
7196 71
7197 71
7198 71
7199 71
7200 71
7201 71
7202 71
7203 71
7204 71
7205 71
7206 71
7207 71
7208 71
7209 71
7210 71
7211 71
7212 71
7213 71
7214 71
7215 71
7216 71
7217 71
7218 71
7219 71
7220 71
7221 71
7222 71
7223 71
7224 71
7225 71
7226 71
7227 71
7228 71
7229 71
7230 71
7231 71
7232 71
7233 71
7234 71
7235 71
7236 71
7237 71
7238 71
7239 71
7240 71
7241 71
7242 71
7243 71
7244 71
7245 71
7246 71
7247 71
7248 71
7249 71
7250 71
7251 71
7252 71
7253 71
7254 71
7255 71
7256 71
7257 71
7258 71
7259 71
7260 71
7261 71
7262 71
7263 71
7264 71
7265 71
7266 71
7267 71
7268 71
7269 71
7270 71
7271 71
7272 71
7273 71
7274 71
7275 71
7276 71
7277 71
7278 71
7279 71
7280 71
7281 71
7282 71
7283 71
7284 71
7285 71
7286 71
7287 71
7288 71
7289 71
7290 71
7291 71
7292 71
7293 71
7294 71
7295 71
7296 71
7297 71
7298 71
7299 71
7300 71
7301 71
7302 71
7303 71
7304 71
7305 71
7306 71
7307 71
7308 71
7309 71
7310 71
7311 71
7312 71
7313 71
7314 71
7315 71
7316 71
7317 71
7318 71
7319 71
7320 71
7321 71
7322 71
7323 72
7324 72
7325 72
7326 72
7327 72
7328 72
7329 72
7330 72
7331 72
7332 72
7333 72
7334 72
7335 72
7336 72
7337 72
7338 72
7339 72
7340 72
7341 72
7342 72
7343 72
7344 72
7345 72
7346 72
7347 72
7348 72
7349 72
7350 72
7351 72
7352 72
7353 72
7354 72
7355 72
7356 72
7357 72
7358 72
7359 72
7360 72
7361 72
7362 72
7363 72
7364 72
7365 72
7366 72
7367 72
7368 72
7369 72
7370 72
7371 72
7372 72
7373 72
7374 72
7375 72
7376 72
7377 72
7378 72
7379 72
7380 72
7381 72
7382 72
7383 72
7384 72
7385 72
7386 72
7387 72
7388 72
7389 72
7390 72
7391 72
7392 72
7393 72
7394 72
7395 72
7396 72
7397 72
7398 72
7399 72
7400 72
7401 72
7402 72
7403 72
7404 72
7405 72
7406 72
7407 72
7408 72
7409 72
7410 72
7411 72
7412 72
7413 72
7414 72
7415 72
7416 72
7417 72
7418 72
7419 72
7420 72
7421 72
7422 72
7423 72
7424 72
7425 72
7426 72
7427 72
7428 72
7429 72
7430 72
7431 72
7432 72
7433 72
7434 72
7435 72
7436 72
7437 72
7438 72
7439 72
7440 72
7441 72
7442 72
7443 72
7444 72
7445 72
7446 72
7447 72
7448 72
7449 72
7450 72
7451 72
7452 72
7453 72
7454 72
7455 72
7456 72
7457 72
7458 72
7459 72
7460 72
7461 72
7462 72
7463 72
7464 72
7465 72
7466 72
7467 72
7468 72
7469 72
7470 72
7471 72
7472 72
7473 72
7474 72
7475 72
7476 72
7477 72
7478 72
7479 72
7480 72
7481 72
7482 72
7483 72
7484 72
7485 72
7486 72
7487 72
7488 72
7489 72
7490 72
7491 72
7492 72
7493 72
7494 72
7495 72
7496 72
7497 72
7498 72
7499 72
7500 72
7501 72
7502 72
7503 72
7504 72
7505 72
7506 72
7507 72
7508 72
7509 72
7510 72
7511 72
7512 72
7513 72
7514 72
7515 72
7516 72
7517 72
7518 72
7519 72
7520 72
7521 72
7522 72
7523 72
7524 72
7525 72
7526 72
7527 72
7528 72
7529 72
7530 72
7531 72
7532 72
7533 72
7534 72
7535 72
7536 72
7537 72
7538 72
7539 72
7540 72
7541 72
7542 72
7543 72
7544 72
7545 72
7546 72
7547 72
7548 72
7549 72
7550 72
7551 72
7552 72
7553 72
7554 72
7555 72
7556 72
7557 72
7558 72
7559 72
7560 72
7561 72
7562 72
7563 72
7564 72
7565 72
7566 72
7567 72
7568 72
7569 72
7570 72
7571 72
7572 72
7573 72
7574 72
7575 72
7576 72
7577 72
7578 72
7579 72
7580 72
7581 72
7582 72
7583 72
7584 72
7585 72
7586 72
7587 72
7588 72
7589 72
7590 72
7591 72
7592 72
7593 72
7594 72
7595 72
7596 72
7597 72
7598 72
7599 72
7600 72
7601 72
7602 72
7603 72
7604 72
7605 72
7606 72
7607 72
7608 72
7609 72
7610 72
7611 72
7612 72
7613 72
7614 72
7615 72
7616 72
7617 72
7618 72
7619 72
7620 72
7621 72
7622 72
7623 72
7624 72
7625 72
7626 72
7627 72
7628 72
7629 72
7630 72
7631 72
7632 72
7633 72
7634 72
7635 72
7636 72
7637 72
7638 72
7639 72
7640 72
7641 72
7642 72
7643 72
7644 72
7645 72
7646 72
7647 72
7648 72
7649 72
7650 72
7651 72
7652 72
7653 72
7654 72
7655 72
7656 72
7657 72
7658 72
7659 72
7660 72
7661 72
7662 72
7663 72
7664 72
7665 72
7666 72
7667 72
7668 72
7669 72
7670 72
7671 72
7672 72
7673 72
7674 72
7675 72
7676 72
7677 72
7678 72
7679 72
7680 72
7681 72
7682 72
7683 72
7684 72
7685 72
7686 72
7687 72
7688 72
7689 72
7690 72
7691 72
7692 72
7693 72
7694 72
7695 72
7696 72
7697 72
7698 72
7699 72
7700 72
7701 72
7702 72
7703 72
7704 72
7705 72
7706 72
7707 72
7708 72
7709 72
7710 72
7711 72
7712 72
7713 72
7714 72
7715 72
7716 72
7717 72
7718 72
7719 72
7720 72
7721 72
7722 72
7723 72
7724 72
7725 72
7726 72
7727 72
7728 72
7729 72
7730 72
7731 72
7732 72
7733 72
7734 72
7735 72
7736 72
7737 72
7738 72
7739 72
7740 72
7741 72
7742 72
7743 72
7744 72
7745 72
7746 72
7747 72
7748 72
7749 72
7750 72
7751 72
7752 72
7753 72
7754 72
7755 72
7756 72
7757 72
7758 72
7759 72
7760 72
7761 72
7762 72
7763 72
7764 72
7765 73
7766 73
7767 73
7768 73
7769 73
7770 73
7771 73
7772 73
7773 73
7774 73
7775 73
7776 73
7777 73
7778 73
7779 73
7780 73
7781 73
7782 73
7783 73
7784 73
7785 73
7786 73
7787 73
7788 73
7789 73
7790 73
7791 73
7792 73
7793 73
7794 73
7795 73
7796 73
7797 73
7798 73
7799 73
7800 73
7801 73
7802 73
7803 73
7804 73
7805 73
7806 73
7807 73
7808 73
7809 73
7810 73
7811 73
7812 73
7813 73
7814 73
7815 73
7816 73
7817 73
7818 73
7819 73
7820 73
7821 73
7822 73
7823 73
7824 73
7825 73
7826 73
7827 73
7828 73
7829 73
7830 73
7831 73
7832 73
7833 73
7834 73
7835 73
7836 73
7837 73
7838 73
7839 73
7840 73
7841 73
7842 73
7843 73
7844 73
7845 73
7846 73
7847 73
7848 73
7849 73
7850 73
7851 73
7852 73
7853 73
7854 73
7855 73
7856 73
7857 73
7858 73
7859 73
7860 73
7861 73
7862 73
7863 73
7864 73
7865 73
7866 73
7867 73
7868 73
7869 73
7870 73
7871 73
7872 73
7873 73
7874 73
7875 73
7876 73
7877 73
7878 73
7879 73
7880 73
7881 73
7882 73
7883 73
7884 73
7885 73
7886 73
7887 73
7888 73
7889 73
7890 73
7891 73
7892 73
7893 73
7894 73
7895 73
7896 73
7897 73
7898 73
7899 73
7900 73
7901 73
7902 73
7903 73
7904 73
7905 73
7906 73
7907 73
7908 73
7909 73
7910 73
7911 73
7912 73
7913 73
7914 73
7915 73
7916 73
7917 73
7918 73
7919 73
7920 73
7921 73
7922 73
7923 73
7924 73
7925 73
7926 73
7927 73
7928 73
7929 73
7930 73
7931 73
7932 73
7933 73
7934 73
7935 73
7936 73
7937 73
7938 73
7939 73
7940 73
7941 73
7942 73
7943 73
7944 73
7945 73
7946 73
7947 73
7948 73
7949 73
7950 73
7951 73
7952 73
7953 73
7954 73
7955 73
7956 73
7957 73
7958 73
7959 73
7960 73
7961 73
7962 73
7963 73
7964 73
7965 73
7966 73
7967 73
7968 73
7969 73
7970 73
7971 73
7972 73
7973 73
7974 73
7975 73
7976 73
7977 73
7978 73
7979 73
7980 73
7981 73
7982 73
7983 73
7984 73
7985 73
7986 73
7987 73
7988 73
7989 73
7990 73
7991 73
7992 73
7993 73
7994 73
7995 73
7996 73
7997 73
7998 73
7999 73
8000 73
8001 73
8002 73
8003 73
8004 73
8005 73
8006 73
8007 73
8008 73
8009 73
8010 73
8011 73
8012 73
8013 73
8014 73
8015 73
8016 73
8017 73
8018 73
8019 73
8020 73
8021 73
8022 73
8023 73
8024 73
8025 73
8026 73
8027 73
8028 73
8029 73
8030 73
8031 73
8032 73
8033 73
8034 73
8035 73
8036 73
8037 73
8038 73
8039 73
8040 73
8041 73
8042 73
8043 73
8044 73
8045 73
8046 73
8047 73
8048 73
8049 73
8050 73
8051 73
8052 73
8053 73
8054 73
8055 73
8056 74
8057 74
8058 74
8059 74
8060 74
8061 74
8062 74
8063 74
8064 74
8065 74
8066 74
8067 74
8068 74
8069 74
8070 74
8071 74
8072 74
8073 74
8074 74
8075 74
8076 74
8077 74
8078 74
8079 74
8080 74
8081 74
8082 74
8083 74
8084 74
8085 74
8086 74
8087 74
8088 74
8089 74
8090 74
8091 74
8092 74
8093 74
8094 74
8095 74
8096 74
8097 74
8098 74
8099 74
8100 74
8101 74
8102 74
8103 75
8104 75
8105 75
8106 75
8107 75
8108 75
8109 75
8110 75
8111 75
8112 75
8113 75
8114 75
8115 75
8116 75
8117 75
8118 75
8119 75
8120 75
8121 75
8122 75
8123 75
8124 75
8125 75
8126 75
8127 75
8128 75
8129 75
8130 75
8131 75
8132 75
8133 75
8134 75
8135 75
8136 75
8137 75
8138 75
8139 75
8140 75
8141 75
8142 75
8143 75
8144 75
8145 75
8146 75
8147 75
8148 75
8149 75
8150 75
8151 75
8152 75
8153 75
8154 75
8155 75
8156 75
8157 75
8158 75
8159 75
8160 75
8161 75
8162 75
8163 75
8164 75
8165 75
8166 75
8167 75
8168 75
8169 75
8170 75
8171 75
8172 75
8173 75
8174 75
8175 75
8176 75
8177 75
8178 75
8179 75
8180 75
8181 75
8182 75
8183 75
8184 75
8185 75
8186 75
8187 75
8188 75
8189 75
8190 75
8191 75
8192 75
8193 75
8194 75
8195 75
8196 75
8197 75
8198 75
8199 75
8200 75
8201 75
8202 75
8203 75
8204 75
8205 75
8206 75
8207 75
8208 75
8209 75
8210 75
8211 75
8212 75
8213 75
8214 75
8215 75
8216 75
8217 75
8218 75
8219 76
8220 76
8221 76
8222 76
8223 76
8224 76
8225 76
8226 76
8227 76
8228 76
8229 76
8230 76
8231 76
8232 76
8233 76
8234 76
8235 76
8236 76
8237 76
8238 76
8239 76
8240 76
8241 76
8242 76
8243 76
8244 76
8245 76
8246 76
8247 76
8248 76
8249 76
8250 76
8251 76
8252 76
8253 76
8254 76
8255 76
8256 76
8257 76
8258 76
8259 76
8260 76
8261 76
8262 76
8263 76
8264 76
8265 76
8266 77
8267 77
8268 77
8269 77
8270 77
8271 77
8272 77
8273 77
8274 77
8275 77
8276 77
8277 77
8278 77
8279 77
8280 77
8281 77
8282 77
8283 77
8284 77
8285 77
8286 77
8287 78
8288 78
8289 78
8290 78
8291 78
8292 78
8293 78
8294 78
8295 78
8296 78
8297 78
8298 78
8299 78
8300 78
8301 78
8302 78
8303 78
8304 78
8305 78
8306 78
8307 78
8308 78
8309 78
8310 78
8311 79
8312 79
8313 79
8314 79
8315 79
8316 79
8317 79
8318 79
8319 79
8320 79
8321 79
8322 79
8323 79
8324 79
8325 79
8326 79
8327 79
8328 79
8329 79
8330 79
8331 79
8332 79
8333 79
8334 79
8335 79
8336 79
8337 79
8338 79
8339 79
8340 79
8341 79
8342 79
8343 79
8344 79
8345 79
8346 79
8347 79
8348 79
8349 79
8350 79
8351 79
8352 79
8353 79
8354 79
8355 79
8356 79
8357 79
8358 79
8359 79
8360 79
8361 79
8362 79
8363 79
8364 79
8365 79
8366 79
8367 79
8368 79
8369 79
8370 79
8371 79
8372 79
8373 79
8374 79
8375 79
8376 79
8377 79
8378 79
8379 79
8380 79
8381 79
8382 79
8383 79
8384 79
8385 79
8386 79
8387 79
8388 79
8389 79
8390 79
8391 79
8392 79
8393 79
8394 79
8395 79
8396 79
8397 79
8398 79
8399 79
8400 79
8401 79
8402 79
8403 79
8404 79
8405 79
8406 79
8407 79
8408 79
8409 79
8410 79
8411 79
8412 79
8413 79
8414 79
8415 79
8416 79
8417 79
8418 79
8419 79
8420 79
8421 79
8422 79
8423 79
8424 79
8425 79
8426 79
8427 79
8428 79
8429 79
8430 79
8431 79
8432 79
8433 79
8434 79
8435 79
8436 79
8437 79
8438 79
8439 79
8440 79
8441 79
8442 79
8443 79
8444 79
8445 79
8446 79
8447 79
8448 79
8449 79
8450 79
8451 79
8452 79
8453 79
8454 79
8455 79
8456 79
8457 79
8458 79
8459 79
8460 79
8461 79
8462 79
8463 79
8464 79
8465 79
8466 79
8467 79
8468 79
8469 79
8470 79
8471 79
8472 79
8473 79
8474 79
8475 79
8476 79
8477 79
8478 79
8479 79
8480 79
8481 79
8482 79
8483 79
8484 79
8485 79
8486 79
8487 79
8488 79
8489 79
8490 79
8491 79
8492 79
8493 79
8494 79
8495 79
8496 79
8497 79
8498 79
8499 79
8500 79
8501 79
8502 79
8503 79
8504 79
8505 79
8506 79
8507 79
8508 79
8509 79
8510 79
8511 79
8512 79
8513 79
8514 79
8515 79
8516 79
8517 79
8518 79
8519 79
8520 79
8521 79
8522 79
8523 79
8524 79
8525 79
8526 79
8527 79
8528 79
8529 79
8530 79
8531 79
8532 79
8533 79
8534 79
8535 79
8536 79
8537 79
8538 79
8539 79
8540 79
8541 79
8542 79
8543 79
8544 79
8545 79
8546 79
8547 79
8548 79
8549 79
8550 79
8551 79
8552 79
8553 79
8554 79
8555 79
8556 79
8557 79
8558 79
8559 79
8560 79
8561 79
8562 79
8563 79
8564 79
8565 79
8566 79
8567 79
8568 79
8569 79
8570 79
8571 79
8572 79
8573 79
8574 79
8575 79
8576 79
8577 79
8578 79
8579 79
8580 79
8581 79
8582 79
8583 79
8584 79
8585 79
8586 79
8587 79
8588 79
8589 79
8590 79
8591 79
8592 79
8593 79
8594 79
8595 79
8596 79
8597 79
8598 79
8599 79
8600 79
8601 79
8602 79
8603 79
8604 79
8605 79
8606 79
8607 79
8608 79
8609 79
8610 79
8611 79
8612 79
8613 79
8614 79
8615 79
8616 79
8617 79
8618 79
8619 79
8620 79
8621 79
8622 79
8623 79
8624 79
8625 79
8626 79
8627 79
8628 79
8629 79
8630 79
8631 79
8632 79
8633 79
8634 79
8635 79
8636 79
8637 79
8638 79
8639 79
8640 79
8641 79
8642 79
8643 79
8644 79
8645 79
8646 79
8647 79
8648 79
8649 79
8650 79
8651 79
8652 79
8653 79
8654 79
8655 79
8656 79
8657 79
8658 79
8659 79
8660 79
8661 79
8662 79
8663 79
8664 79
8665 79
8666 79
8667 79
8668 79
8669 79
8670 79
8671 79
8672 79
8673 79
8674 79
8675 79
8676 79
8677 79
8678 79
8679 79
8680 79
8681 79
8682 79
8683 79
8684 79
8685 79
8686 79
8687 79
8688 79
8689 79
8690 79
8691 79
8692 79
8693 79
8694 79
8695 79
8696 79
8697 79
8698 79
8699 79
8700 79
8701 79
8702 79
8703 79
8704 79
8705 79
8706 79
8707 79
8708 79
8709 79
8710 79
8711 79
8712 79
8713 79
8714 79
8715 79
8716 79
8717 79
8718 79
8719 79
8720 79
8721 79
8722 79
8723 79
8724 79
8725 79
8726 79
8727 79
8728 79
8729 79
8730 79
8731 79
8732 79
8733 79
8734 79
8735 79
8736 79
8737 79
8738 79
8739 79
8740 79
8741 79
8742 79
8743 79
8744 79
8745 79
8746 79
8747 79
8748 79
8749 79
8750 79
8751 79
8752 79
8753 79
8754 79
8755 79
8756 79
8757 79
8758 79
8759 79
8760 79
8761 79
8762 79
8763 79
8764 79
8765 79
8766 79
8767 79
8768 79
8769 79
8770 79
8771 79
8772 79
8773 79
8774 79
8775 79
8776 79
8777 79
8778 79
8779 79
8780 79
8781 79
8782 79
8783 79
8784 79
8785 79
8786 79
8787 79
8788 79
8789 79
8790 79
8791 79
8792 79
8793 79
8794 79
8795 79
8796 79
8797 79
8798 79
8799 79
8800 79
8801 79
8802 79
8803 79
8804 79
8805 79
8806 79
8807 79
8808 79
8809 79
8810 79
8811 79
8812 79
8813 79
8814 79
8815 79
8816 79
8817 79
8818 79
8819 79
8820 79
8821 79
8822 79
8823 79
8824 79
8825 79
8826 79
8827 79
8828 79
8829 79
8830 79
8831 79
8832 79
8833 79
8834 79
8835 79
8836 79
8837 79
8838 79
8839 79
8840 79
8841 79
8842 79
8843 79
8844 79
8845 79
8846 79
8847 79
8848 79
8849 79
8850 79
8851 79
8852 79
8853 79
8854 79
8855 79
8856 79
8857 79
8858 79
8859 79
8860 79
8861 79
8862 79
8863 79
8864 79
8865 79
8866 79
8867 79
8868 79
8869 79
8870 79
8871 79
8872 79
8873 79
8874 79
8875 79
8876 79
8877 79
8878 79
8879 79
8880 79
8881 79
8882 79
8883 79
8884 79
8885 79
8886 79
8887 79
8888 79
8889 79
8890 79
8891 79
8892 79
8893 79
8894 79
8895 79
8896 79
8897 79
8898 79
8899 79
8900 79
8901 79
8902 79
8903 79
8904 79
8905 79
8906 79
8907 79
8908 79
8909 79
8910 79
8911 79
8912 79
8913 79
8914 79
8915 79
8916 79
8917 79
8918 79
8919 79
8920 79
8921 79
8922 79
8923 79
8924 79
8925 79
8926 79
8927 79
8928 79
8929 79
8930 79
8931 79
8932 79
8933 79
8934 79
8935 79
8936 79
8937 79
8938 79
8939 79
8940 79
8941 79
8942 79
8943 79
8944 79
8945 79
8946 79
8947 79
8948 79
8949 79
8950 79
8951 79
8952 79
8953 79
8954 79
8955 79
8956 79
8957 79
8958 79
8959 79
8960 79
8961 79
8962 79
8963 79
8964 79
8965 79
8966 79
8967 79
8968 79
8969 79
8970 79
8971 79
8972 79
8973 79
8974 79
8975 79
8976 79
8977 79
8978 79
8979 79
8980 79
8981 79
8982 79
8983 79
8984 79
8985 79
8986 79
8987 79
8988 79
8989 79
8990 79
8991 79
8992 79
8993 79
8994 79
8995 79
8996 79
8997 79
8998 79
8999 79
9000 79
9001 79
9002 79
9003 79
9004 79
9005 79
9006 79
9007 79
9008 79
9009 79
9010 79
9011 79
9012 79
9013 79
9014 79
9015 79
9016 79
9017 79
9018 79
9019 79
9020 79
9021 79
9022 79
9023 79
9024 79
9025 79
9026 79
9027 79
9028 79
9029 79
9030 79
9031 79
9032 79
9033 79
9034 79
9035 79
9036 79
9037 79
9038 79
9039 79
9040 79
9041 79
9042 79
9043 79
9044 79
9045 79
9046 79
9047 79
9048 79
9049 79
9050 79
9051 79
9052 79
9053 79
9054 79
9055 79
9056 79
9057 79
9058 79
9059 79
9060 79
9061 79
9062 79
9063 79
9064 79
9065 79
9066 79
9067 79
9068 79
9069 79
9070 79
9071 79
9072 79
9073 79
9074 79
9075 79
9076 79
9077 79
9078 79
9079 79
9080 79
9081 79
9082 79
9083 79
9084 79
9085 79
9086 79
9087 79
9088 79
9089 79
9090 79
9091 79
9092 79
9093 79
9094 79
9095 79
9096 79
9097 79
9098 79
9099 79
9100 79
9101 79
9102 79
9103 79
9104 79
9105 79
9106 79
9107 79
9108 79
9109 79
9110 79
9111 79
9112 79
9113 79
9114 79
9115 79
9116 79
9117 79
9118 79
9119 79
9120 79
9121 79
9122 79
9123 79
9124 79
9125 79
9126 79
9127 79
9128 79
9129 79
9130 79
9131 79
9132 79
9133 79
9134 79
9135 79
9136 79
9137 79
9138 79
9139 79
9140 79
9141 79
9142 79
9143 79
9144 79
9145 79
9146 79
9147 79
9148 79
9149 79
9150 79
9151 79
9152 79
9153 79
9154 79
9155 79
9156 79
9157 79
9158 79
9159 79
9160 79
9161 79
9162 79
9163 79
9164 79
9165 79
9166 79
9167 79
9168 79
9169 79
9170 79
9171 79
9172 79
9173 79
9174 79
9175 79
9176 79
9177 79
9178 79
9179 79
9180 79
9181 79
9182 79
9183 79
9184 79
9185 79
9186 79
9187 79
9188 79
9189 79
9190 79
9191 79
9192 79
9193 79
9194 79
9195 79
9196 79
9197 79
9198 79
9199 79
9200 79
9201 79
9202 79
9203 79
9204 79
9205 79
9206 80
9207 80
9208 80
9209 80
9210 80
9211 80
9212 80
9213 80
9214 80
9215 80
9216 80
9217 80
9218 80
9219 80
9220 80
9221 80
9222 80
9223 80
9224 80
9225 80
9226 80
9227 80
9228 80
9229 80
9230 80
9231 80
9232 80
9233 80
9234 80
9235 80
9236 80
9237 80
9238 80
9239 80
9240 80
9241 80
9242 80
9243 80
9244 80
9245 80
9246 80
9247 80
9248 80
9249 80
9250 80
9251 80
9252 80
9253 80
9254 80
9255 80
9256 80
9257 80
9258 80
9259 80
9260 80
9261 80
9262 80
9263 80
9264 80
9265 80
9266 80
9267 80
9268 80
9269 80
9270 80
9271 80
9272 80
9273 80
9274 80
9275 80
9276 80
9277 80
9278 80
9279 80
9280 80
9281 80
9282 80
9283 80
9284 80
9285 80
9286 80
9287 80
9288 80
9289 80
9290 80
9291 80
9292 80
9293 80
9294 80
9295 80
9296 80
9297 80
9298 80
9299 80
9300 80
9301 80
9302 80
9303 80
9304 80
9305 80
9306 80
9307 80
9308 80
9309 80
9310 80
9311 80
9312 80
9313 80
9314 80
9315 80
9316 80
9317 80
9318 80
9319 80
9320 80
9321 80
9322 80
9323 80
9324 80
9325 80
9326 80
9327 80
9328 80
9329 80
9330 80
9331 80
9332 80
9333 80
9334 80
9335 80
9336 80
9337 80
9338 80
9339 80
9340 80
9341 80
9342 80
9343 80
9344 80
9345 80
9346 80
9347 80
9348 80
9349 80
9350 80
9351 80
9352 80
9353 80
9354 80
9355 80
9356 80
9357 80
9358 80
9359 80
9360 80
9361 80
9362 80
9363 80
9364 80
9365 80
9366 80
9367 80
9368 80
9369 80
9370 80
9371 80
9372 80
9373 80
9374 80
9375 80
9376 81
9377 81
9378 81
9379 81
9380 81
9381 81
9382 81
9383 81
9384 81
9385 81
9386 81
9387 81
9388 81
9389 81
9390 81
9391 81
9392 82
9393 82
9394 82
9395 82
9396 82
9397 82
9398 82
9399 82
9400 82
9401 82
9402 82
9403 82
9404 82
9405 82
9406 82
9407 82
9408 82
9409 82
9410 82
9411 82
9412 82
9413 82
9414 82
9415 82
9416 82
9417 82
9418 82
9419 82
9420 82
9421 82
9422 82
9423 82
9424 82
9425 82
9426 82
9427 82
9428 82
9429 82
9430 82
9431 82
9432 82
9433 82
9434 82
9435 82
9436 82
9437 82
9438 82
9439 82
9440 82
9441 82
9442 82
9443 82
9444 82
9445 82
9446 82
9447 82
9448 82
9449 82
9450 82
9451 82
9452 82
9453 82
9454 82
9455 82
9456 82
9457 82
9458 82
9459 82
9460 82
9461 82
9462 82
9463 82
9464 82
9465 82
9466 82
9467 82
9468 82
9469 82
9470 82
9471 82
9472 82
9473 82
9474 82
9475 82
9476 82
9477 82
9478 82
9479 82
9480 82
9481 82
9482 82
9483 82
9484 82
9485 82
9486 82
9487 82
9488 82
9489 82
9490 82
9491 82
9492 82
9493 82
9494 82
9495 82
9496 82
9497 82
9498 82
9499 82
9500 82
9501 82
9502 82
9503 82
9504 82
9505 82
9506 82
9507 82
9508 82
9509 82
9510 82
9511 82
9512 82
9513 82
9514 82
9515 82
9516 82
9517 82
9518 82
9519 82
9520 82
9521 82
9522 82
9523 82
9524 82
9525 82
9526 82
9527 82
9528 82
9529 82
9530 82
9531 82
9532 82
9533 82
9534 82
9535 82
9536 82
9537 82
9538 82
9539 82
9540 82
9541 82
9542 82
9543 82
9544 82
9545 82
9546 82
9547 82
9548 82
9549 82
9550 82
9551 82
9552 82
9553 82
9554 82
9555 82
9556 82
9557 82
9558 82
9559 82
9560 82
9561 82
9562 82
9563 82
9564 82
9565 82
9566 82
9567 82
9568 82
9569 82
9570 82
9571 82
9572 82
9573 82
9574 82
9575 82
9576 82
9577 82
9578 82
9579 82
9580 82
9581 82
9582 82
9583 82
9584 82
9585 82
9586 82
9587 82
9588 82
9589 82
9590 82
9591 82
9592 82
9593 82
9594 82
9595 82
9596 82
9597 82
9598 82
9599 82
9600 82
9601 82
9602 82
9603 82
9604 82
9605 82
9606 82
9607 82
9608 82
9609 82
9610 82
9611 82
9612 82
9613 82
9614 82
9615 82
9616 82
9617 82
9618 82
9619 82
9620 82
9621 82
9622 82
9623 82
9624 82
9625 82
9626 82
9627 82
9628 82
9629 82
9630 82
9631 82
9632 82
9633 82
9634 82
9635 82
9636 82
9637 82
9638 82
9639 82
9640 82
9641 82
9642 82
9643 82
9644 82
9645 82
9646 82
9647 82
9648 82
9649 82
9650 82
9651 82
9652 82
9653 82
9654 82
9655 82
9656 82
9657 82
9658 82
9659 82
9660 82
9661 82
9662 82
9663 82
9664 82
9665 82
9666 82
9667 82
9668 82
9669 82
9670 82
9671 82
9672 82
9673 82
9674 82
9675 82
9676 82
9677 82
9678 82
9679 82
9680 82
9681 83
9682 83
9683 83
9684 83
9685 83
9686 83
9687 83
9688 83
9689 83
9690 83
9691 83
9692 83
9693 83
9694 83
9695 83
9696 83
9697 83
9698 83
9699 83
9700 83
9701 83
9702 83
9703 83
9704 83
9705 83
9706 83
9707 83
9708 83
9709 83
9710 83
9711 83
9712 83
9713 83
9714 83
9715 83
9716 83
9717 83
9718 83
9719 83
9720 83
9721 83
9722 83
9723 83
9724 83
9725 83
9726 83
9727 83
9728 83
9729 83
9730 83
9731 83
9732 83
9733 83
9734 83
9735 83
9736 83
9737 83
9738 83
9739 83
9740 83
9741 83
9742 83
9743 83
9744 83
9745 83
9746 83
9747 83
9748 83
9749 83
9750 83
9751 83
9752 83
9753 83
9754 83
9755 83
9756 83
9757 83
9758 83
9759 83
9760 83
9761 83
9762 83
9763 83
9764 83
9765 83
9766 83
9767 83
9768 83
9769 83
9770 83
9771 83
9772 83
9773 83
9774 83
9775 83
9776 83
9777 83
9778 83
9779 83
9780 83
9781 83
9782 83
9783 83
9784 83
9785 83
9786 83
9787 83
9788 83
9789 83
9790 83
9791 83
9792 83
9793 83
9794 83
9795 83
9796 83
9797 83
9798 83
9799 83
9800 83
9801 83
9802 83
9803 83
9804 83
9805 83
9806 83
9807 83
9808 83
9809 83
9810 83
9811 83
9812 83
9813 83
9814 83
9815 83
9816 83
9817 83
9818 83
9819 83
9820 83
9821 83
9822 83
9823 83
9824 83
9825 83
9826 83
9827 83
9828 83
9829 83
9830 83
9831 83
9832 83
9833 83
9834 83
9835 83
9836 83
9837 83
9838 83
9839 83
9840 83
9841 83
9842 83
9843 83
9844 83
9845 83
9846 83
9847 83
9848 83
9849 83
9850 83
9851 83
9852 83
9853 83
9854 83
9855 83
9856 83
9857 83
9858 83
9859 83
9860 83
9861 83
9862 83
9863 83
9864 83
9865 83
9866 83
9867 83
9868 83
9869 83
9870 83
9871 83
9872 83
9873 83
9874 83
9875 83
9876 83
9877 83
9878 83
9879 83
9880 83
9881 83
9882 83
9883 83
9884 83
9885 83
9886 83
9887 83
9888 83
9889 83
9890 83
9891 83
9892 83
9893 83
9894 83
9895 83
9896 83
9897 83
9898 83
9899 83
9900 83
9901 83
9902 83
9903 83
9904 83
9905 83
9906 83
9907 83
9908 83
9909 83
9910 83
9911 83
9912 83
9913 83
9914 83
9915 83
9916 83
9917 83
9918 83
9919 83
9920 83
9921 83
9922 83
9923 83
9924 83
9925 83
9926 83
9927 83
9928 83
9929 83
9930 83
9931 83
9932 83
9933 83
9934 83
9935 83
9936 83
9937 83
9938 83
9939 83
9940 83
9941 83
9942 83
9943 83
9944 83
9945 83
9946 83
9947 83
9948 83
9949 83
9950 83
9951 83
9952 83
9953 83
9954 83
9955 83
9956 83
9957 83
9958 83
9959 83
9960 83
9961 83
9962 83
9963 83
9964 83
9965 83
9966 83
9967 83
9968 83
9969 83
9970 83
9971 83
9972 83
9973 83
9974 83
9975 83
9976 83
9977 83
9978 83
9979 83
9980 83
9981 83
9982 83
9983 83
9984 83
9985 83
9986 83
9987 83
9988 83
9989 83
9990 83
9991 83
9992 83
9993 83
9994 83
9995 83
9996 83
9997 83
9998 83
9999 83
10000 83
