1 1
2 1
3 2
4 2
5 2
6 2
7 2
8 3
9 3
10 3
11 3
12 3
13 3
14 3
15 3
16 4
17 4
18 4
19 4
20 4
21 4
22 4
23 4
24 4
25 4
26 4
27 4
28 4
29 5
30 5
31 5
32 5
33 5
34 5
35 5
36 5
37 5
38 5
39 5
40 5
41 5
42 5
43 6
44 6
45 6
46 6
47 6
48 6
49 6
50 6
51 6
52 6
53 6
54 6
55 6
56 6
57 6
58 6
59 6
60 6
61 6
62 6
63 6
64 7
65 7
66 7
67 7
68 7
69 7
70 7
71 7
72 7
73 7
74 7
75 7
76 7
77 7
78 7
79 7
80 7
81 7
82 7
83 7
84 7
85 7
86 7
87 7
88 7
89 7
90 8
91 8
92 8
93 8
94 8
95 8
96 8
97 8
98 8
99 8
100 8
101 8
102 8
103 8
104 8
105 8
106 8
107 8
108 8
109 8
110 8
111 8
112 8
113 8
114 8
115 8
116 8
117 8
118 8
119 8
120 8
121 8
122 8
123 8
124 8
125 8
126 8
127 8
128 8
129 8
130 8
131 8
132 8
133 8
134 8
135 8
136 8
137 9
138 9
139 9
140 9
141 9
142 9
143 9
144 9
145 9
146 9
147 9
148 9
149 9
150 9
151 9
152 9
153 9
154 9
155 9
156 9
157 9
158 9
159 9
160 9
161 9
162 9
163 9
164 9
165 9
166 9
167 9
168 9
169 9
170 9
171 9
172 9
173 9
174 9
175 9
176 9
177 9
178 9
179 9
180 9
181 9
182 9
183 9
184 9
185 9
186 9
187 9
188 9
189 9
190 9
191 9
192 9
193 9
194 9
195 9
196 9
197 9
198 9
199 9
200 9
201 9
202 9
203 9
204 9
205 9
206 9
207 9
208 9
209 9
210 9
211 9
212 9
213 9
214 9
215 9
216 9
217 9
218 9
219 9
220 9
221 9
222 9
223 9
224 9
225 9
226 9
227 9
228 9
229 9
230 9
231 9
232 9
233 9
234 9
235 9
236 9
237 9
238 9
239 9
240 9
241 9
242 9
243 9
244 9
245 9
246 9
247 9
248 9
249 9
250 9
251 9
252 9
253 9
254 9
255 9
256 9
257 9
258 9
259 9
260 9
261 9
262 9
263 9
264 9
265 9
266 9
267 9
268 9
269 9
270 9
271 9
272 9
273 9
274 9
275 9
276 9
277 9
278 9
279 9
280 9
281 9
282 9
283 9
284 9
285 9
286 9
287 9
288 9
289 9
290 9
291 9
292 9
293 9
294 9
295 9
296 9
297 9
298 9
299 9
300 9
301 9
302 9
303 9
304 9
305 9
306 9
307 9
308 9
309 9
310 9
311 9
312 9
313 9
314 9
315 9
316 9
317 9
318 9
319 9
320 9
321 9
322 9
323 9
324 9
325 9
326 9
327 9
328 9
329 9
330 9
331 9
332 9
333 9
334 9
335 9
336 9
337 9
338 9
339 9
340 9
341 9
342 9
343 9
344 9
345 9
346 9
347 9
348 9
349 9
350 9
351 9
352 9
353 9
354 9
355 9
356 9
357 9
358 9
359 9
360 9
361 9
362 9
363 9
364 9
365 9
366 9
367 9
368 9
369 9
370 9
371 9
372 9
373 9
374 9
375 9
376 9
377 9
378 9
379 9
380 9
381 9
382 9
383 9
384 9
385 9
386 9
387 9
388 9
389 9
390 9
391 9
392 9
393 9
394 9
395 9
396 9
397 9
398 9
399 9
400 9
401 9
402 9
403 9
404 9
405 9
406 9
407 9
408 9
409 9
410 9
411 9
412 9
413 9
414 9
415 9
416 9
417 9
418 9
419 9
420 9
421 9
422 9
423 9
424 9
425 9
426 9
427 9
428 9
429 9
430 9
431 9
432 9
433 9
434 9
435 9
436 9
437 9
438 9
439 9
440 9
441 9
442 9
443 9
444 9
445 9
446 9
447 9
448 9
449 9
450 9
451 9
452 9
453 9
454 9
455 9
456 9
457 9
458 9
459 9
460 9
461 9
462 9
463 9
464 9
465 9
466 9
467 9
468 9
469 9
470 9
471 9
472 9
473 9
474 9
475 9
476 9
477 9
478 9
479 9
480 9
481 9
482 9
483 9
484 9
485 9
486 9
487 9
488 9
489 9
490 9
491 9
492 9
493 9
494 9
495 9
496 9
497 9
498 9
499 9
500 9
501 9
502 9
503 9
504 9
505 9
506 9
507 9
508 9
509 9
510 9
511 9
512 9
513 9
514 9
515 9
516 9
517 9
518 9
519 9
520 9
521 9
522 9
523 9
524 9
525 9
526 9
527 9
528 9
529 9
530 9
531 9
532 9
533 9
534 9
535 9
536 9
537 9
538 9
539 9
540 9
541 9
542 9
543 9
544 9
545 9
546 9
547 9
548 9
549 9
550 9
551 9
552 9
553 9
554 9
555 9
556 9
557 9
558 9
559 9
560 9
561 9
562 9
563 9
564 9
565 9
566 9
567 9
568 9
569 9
570 9
571 9
572 9
573 9
574 9
575 9
576 9
577 9
578 9
579 9
580 9
581 9
582 9
583 9
584 9
585 9
586 9
587 9
588 9
589 9
590 9
591 9
592 9
593 9
594 9
595 9
596 9
597 9
598 9
599 9
600 9
601 9
602 9
603 9
604 9
605 9
606 9
607 9
608 9
609 9
610 9
611 9
612 9
613 9
614 9
615 9
616 9
617 9
618 9
619 9
620 9
621 9
622 9
623 9
624 9
625 9
626 9
627 9
628 9
629 9
630 9
631 9
632 9
633 9
634 9
635 9
636 9
637 9
638 9
639 9
640 9
641 9
642 9
643 9
644 9
645 9
646 9
647 9
648 9
649 9
650 9
651 9
652 9
653 9
654 9
655 9
656 9
657 10
658 10
659 10
660 10
661 10
662 10
663 10
664 10
665 10
666 10
667 10
668 10
669 10
670 10
671 10
672 10
673 10
674 10
675 10
676 10
677 10
678 10
679 10
680 10
681 10
682 10
683 10
684 10
685 10
686 10
687 10
688 10
689 10
690 10
691 10
692 10
693 10
694 10
695 10
696 10
697 10
698 10
699 10
700 10
701 10
702 10
703 10
704 10
705 10
706 10
707 10
708 10
709 10
710 10
711 10
712 10
713 10
714 10
715 10
716 10
717 10
718 10
719 10
720 10
721 10
722 10
723 10
724 10
725 10
726 10
727 10
728 10
729 10
730 10
731 10
732 10
733 10
734 10
735 11
736 11
737 11
738 11
739 11
740 11
741 11
742 11
743 11
744 11
745 11
746 11
747 11
748 11
749 11
750 11
751 11
752 11
753 11
754 11
755 11
756 11
757 11
758 11
759 11
760 11
761 11
762 11
763 11
764 11
765 11
766 11
767 11
768 11
769 11
770 11
771 11
772 11
773 11
774 11
775 11
776 11
777 11
778 11
779 11
780 11
781 11
782 11
783 11
784 11
785 11
786 11
787 11
788 11
789 11
790 11
791 11
792 11
793 11
794 11
795 11
796 11
797 11
798 11
799 11
800 11
801 11
802 11
803 11
804 11
805 11
806 11
807 11
808 11
809 11
810 11
811 11
812 11
813 11
814 11
815 11
816 11
817 11
818 11
819 11
820 11
821 11
822 11
823 11
824 11
825 11
826 11
827 11
828 11
829 11
830 11
831 11
832 11
833 11
834 11
835 11
836 11
837 11
838 11
839 11
840 12
841 12
842 12
843 12
844 12
845 12
846 12
847 12
848 12
849 12
850 12
851 12
852 12
853 12
854 12
855 12
856 12
857 12
858 12
859 12
860 12
861 12
862 12
863 12
864 12
865 12
866 12
867 12
868 12
869 12
870 12
871 12
872 12
873 12
874 12
875 12
876 12
877 12
878 12
879 12
880 12
881 12
882 12
883 12
884 12
885 12
886 12
887 12
888 12
889 12
890 12
891 12
892 12
893 12
894 12
895 12
896 12
897 12
898 12
899 12
900 12
901 12
902 12
903 12
904 12
905 12
906 12
907 12
908 12
909 12
910 12
911 12
912 12
913 12
914 12
915 12
916 12
917 12
918 12
919 12
920 12
921 12
922 12
923 12
924 12
925 12
926 12
927 12
928 12
929 12
930 12
931 12
932 12
933 12
934 12
935 12
936 12
937 12
938 12
939 12
940 12
941 12
942 12
943 12
944 12
945 12
946 12
947 12
948 12
949 12
950 12
951 12
952 12
953 12
954 12
955 12
956 12
957 12
958 12
959 12
960 12
961 12
962 12
963 12
964 12
965 12
966 12
967 12
968 12
969 12
970 12
971 12
972 12
973 12
974 12
975 12
976 12
977 13
978 13
979 13
980 13
981 13
982 13
983 13
984 13
985 13
986 13
987 13
988 13
989 13
990 13
991 13
992 13
993 13
994 13
995 13
996 13
997 13
998 13
999 13
1000 13
1001 13
1002 13
1003 13
1004 13
1005 13
1006 13
1007 13
1008 13
1009 13
1010 13
1011 13
1012 13
1013 13
1014 13
1015 13
1016 13
1017 13
1018 13
1019 13
1020 13
1021 13
1022 13
1023 13
1024 13
1025 13
1026 13
1027 13
1028 13
1029 13
1030 13
1031 13
1032 13
1033 13
1034 13
1035 13
1036 13
1037 13
1038 13
1039 13
1040 13
1041 13
1042 13
1043 13
1044 13
1045 13
1046 13
1047 13
1048 13
1049 13
1050 13
1051 13
1052 13
1053 13
1054 13
1055 13
1056 13
1057 13
1058 13
1059 13
1060 13
1061 13
1062 13
1063 13
1064 13
1065 13
1066 13
1067 13
1068 13
1069 13
1070 13
1071 13
1072 13
1073 13
1074 13
1075 13
1076 13
1077 13
1078 13
1079 13
1080 13
1081 13
1082 13
1083 13
1084 13
1085 13
1086 13
1087 13
1088 13
1089 13
1090 13
1091 13
1092 13
1093 13
1094 13
1095 13
1096 13
1097 13
1098 13
1099 13
1100 13
1101 13
1102 13
1103 13
1104 13
1105 13
1106 13
1107 13
1108 13
1109 13
1110 13
1111 13
1112 13
1113 13
1114 13
1115 13
1116 13
1117 13
1118 13
1119 13
1120 13
1121 13
1122 13
1123 13
1124 13
1125 13
1126 13
1127 13
1128 13
1129 13
1130 13
1131 13
1132 13
1133 13
1134 13
1135 13
1136 13
1137 13
1138 13
1139 13
1140 13
1141 13
1142 13
1143 13
1144 13
1145 13
1146 13
1147 13
1148 13
1149 13
1150 13
1151 13
1152 13
1153 13
1154 13
1155 13
1156 13
1157 13
1158 13
1159 13
1160 13
1161 13
1162 13
1163 13
1164 13
1165 13
1166 13
1167 13
1168 13
1169 13
1170 13
1171 13
1172 13
1173 13
1174 13
1175 13
1176 13
1177 13
1178 13
1179 13
1180 13
1181 13
1182 13
1183 13
1184 13
1185 13
1186 13
1187 13
1188 13
1189 13
1190 13
1191 13
1192 13
1193 13
1194 13
1195 13
1196 13
1197 13
1198 13
1199 13
1200 13
1201 13
1202 13
1203 13
1204 13
1205 13
1206 13
1207 13
1208 13
1209 13
1210 13
1211 13
1212 13
1213 13
1214 13
1215 13
1216 13
1217 13
1218 13
1219 13
1220 13
1221 13
1222 13
1223 13
1224 13
1225 13
1226 13
1227 13
1228 13
1229 13
1230 13
1231 13
1232 13
1233 13
1234 13
1235 13
1236 13
1237 13
1238 13
1239 13
1240 13
1241 13
1242 13
1243 13
1244 13
1245 13
1246 13
1247 13
1248 13
1249 13
1250 13
1251 13
1252 13
1253 13
1254 13
1255 13
1256 13
1257 13
1258 13
1259 13
1260 13
1261 13
1262 13
1263 13
1264 13
1265 13
1266 13
1267 13
1268 13
1269 13
1270 13
1271 13
1272 13
1273 13
1274 13
1275 14
1276 14
1277 14
1278 14
1279 14
1280 14
1281 14
1282 14
1283 14
1284 14
1285 14
1286 14
1287 14
1288 14
1289 14
1290 14
1291 14
1292 14
1293 14
1294 14
1295 14
1296 14
1297 14
1298 14
1299 14
1300 14
1301 14
1302 14
1303 14
1304 14
1305 14
1306 14
1307 14
1308 14
1309 14
1310 14
1311 14
1312 14
1313 14
1314 14
1315 14
1316 14
1317 14
1318 14
1319 14
1320 14
1321 14
1322 14
1323 14
1324 14
1325 14
1326 14
1327 14
1328 14
1329 14
1330 14
1331 14
1332 14
1333 14
1334 14
1335 14
1336 14
1337 14
1338 14
1339 14
1340 14
1341 14
1342 14
1343 14
1344 14
1345 14
1346 14
1347 14
1348 14
1349 14
1350 14
1351 14
1352 14
1353 14
1354 14
1355 14
1356 14
1357 14
1358 14
1359 14
1360 14
1361 14
1362 14
1363 14
1364 14
1365 14
1366 14
1367 14
1368 14
1369 14
1370 14
1371 14
1372 14
1373 14
1374 14
1375 14
1376 14
1377 14
1378 14
1379 14
1380 14
1381 14
1382 14
1383 14
1384 14
1385 14
1386 14
1387 14
1388 14
1389 14
1390 14
1391 14
1392 14
1393 14
1394 14
1395 14
1396 14
1397 14
1398 14
1399 14
1400 14
1401 14
1402 14
1403 14
1404 14
1405 14
1406 14
1407 14
1408 14
1409 14
1410 14
1411 14
1412 14
1413 14
1414 14
1415 14
1416 14
1417 14
1418 14
1419 14
1420 14
1421 14
1422 14
1423 14
1424 14
1425 14
1426 14
1427 14
1428 14
1429 14
1430 14
1431 14
1432 14
1433 14
1434 14
1435 14
1436 14
1437 14
1438 14
1439 14
1440 14
1441 14
1442 14
1443 14
1444 14
1445 14
1446 14
1447 14
1448 14
1449 14
1450 14
1451 14
1452 14
1453 14
1454 14
1455 14
1456 14
1457 14
1458 14
1459 14
1460 14
1461 14
1462 14
1463 14
1464 14
1465 14
1466 14
1467 14
1468 14
1469 14
1470 14
1471 14
1472 14
1473 14
1474 14
1475 14
1476 14
1477 14
1478 14
1479 14
1480 14
1481 14
1482 14
1483 14
1484 14
1485 14
1486 14
1487 14
1488 14
1489 14
1490 14
1491 14
1492 14
1493 14
1494 14
1495 14
1496 14
1497 14
1498 14
1499 14
1500 14
1501 14
1502 14
1503 14
1504 14
1505 14
1506 14
1507 14
1508 14
1509 14
1510 14
1511 14
1512 14
1513 14
1514 14
1515 14
1516 14
1517 14
1518 14
1519 14
1520 14
1521 14
1522 14
1523 14
1524 14
1525 14
1526 14
1527 14
1528 14
1529 14
1530 14
1531 14
1532 14
1533 14
1534 14
1535 14
1536 14
1537 14
1538 14
1539 14
1540 14
1541 14
1542 14
1543 14
1544 14
1545 14
1546 14
1547 14
1548 14
1549 14
1550 14
1551 14
1552 14
1553 14
1554 14
1555 14
1556 14
1557 14
1558 14
1559 14
1560 14
1561 14
1562 14
1563 14
1564 14
1565 14
1566 14
1567 14
1568 14
1569 14
1570 14
1571 14
1572 14
1573 14
1574 14
1575 14
1576 14
1577 14
1578 14
1579 14
1580 14
1581 14
1582 14
1583 14
1584 14
1585 14
1586 14
1587 14
1588 14
1589 14
1590 14
1591 14
1592 14
1593 14
1594 14
1595 14
1596 14
1597 14
1598 14
1599 14
1600 14
1601 14
1602 14
1603 14
1604 14
1605 14
1606 14
1607 14
1608 14
1609 14
1610 14
1611 14
1612 14
1613 14
1614 14
1615 14
1616 14
1617 14
1618 14
1619 14
1620 14
1621 14
1622 14
1623 14
1624 14
1625 14
1626 14
1627 14
1628 14
1629 14
1630 14
1631 14
1632 14
1633 14
1634 14
1635 14
1636 14
1637 14
1638 14
1639 14
1640 14
1641 14
1642 14
1643 14
1644 14
1645 14
1646 15
1647 15
1648 15
1649 15
1650 15
1651 15
1652 15
1653 15
1654 15
1655 15
1656 15
1657 15
1658 15
1659 15
1660 15
1661 15
1662 15
1663 15
1664 15
1665 15
1666 15
1667 15
1668 15
1669 15
1670 15
1671 15
1672 15
1673 15
1674 15
1675 15
1676 15
1677 15
1678 15
1679 15
1680 15
1681 15
1682 15
1683 15
1684 15
1685 15
1686 15
1687 15
1688 15
1689 15
1690 15
1691 15
1692 15
1693 15
1694 15
1695 15
1696 15
1697 15
1698 15
1699 15
1700 15
1701 15
1702 15
1703 15
1704 15
1705 15
1706 15
1707 15
1708 15
1709 15
1710 15
1711 15
1712 15
1713 15
1714 15
1715 15
1716 15
1717 15
1718 15
1719 15
1720 15
1721 15
1722 15
1723 15
1724 15
1725 15
1726 15
1727 15
1728 15
1729 15
1730 15
1731 15
1732 15
1733 15
1734 15
1735 15
1736 15
1737 15
1738 15
1739 15
1740 15
1741 15
1742 15
1743 15
1744 15
1745 15
1746 15
1747 15
1748 15
1749 15
1750 15
1751 15
1752 15
1753 15
1754 15
1755 15
1756 15
1757 15
1758 15
1759 15
1760 15
1761 15
1762 15
1763 15
1764 15
1765 15
1766 15
1767 15
1768 15
1769 15
1770 15
1771 15
1772 15
1773 15
1774 15
1775 15
1776 15
1777 15
1778 15
1779 15
1780 15
1781 15
1782 15
1783 15
1784 15
1785 15
1786 15
1787 15
1788 15
1789 15
1790 15
1791 15
1792 15
1793 15
1794 15
1795 15
1796 15
1797 15
1798 15
1799 15
1800 15
1801 15
1802 15
1803 15
1804 15
1805 15
1806 15
1807 15
1808 15
1809 15
1810 15
1811 15
1812 15
1813 15
1814 15
1815 15
1816 15
1817 15
1818 15
1819 15
1820 15
1821 15
1822 15
1823 15
1824 15
1825 15
1826 15
1827 15
1828 15
1829 15
1830 15
1831 15
1832 15
1833 15
1834 15
1835 15
1836 15
1837 15
1838 15
1839 15
1840 15
1841 15
1842 15
1843 15
1844 15
1845 15
1846 15
1847 15
1848 15
1849 15
1850 15
1851 15
1852 15
1853 15
1854 15
1855 15
1856 15
1857 15
1858 15
1859 15
1860 15
1861 15
1862 15
1863 15
1864 15
1865 15
1866 15
1867 15
1868 15
1869 15
1870 15
1871 15
1872 15
1873 15
1874 15
1875 15
1876 15
1877 15
1878 15
1879 15
1880 15
1881 15
1882 15
1883 15
1884 15
1885 15
1886 15
1887 15
1888 15
1889 15
1890 15
1891 15
1892 15
1893 15
1894 15
1895 15
1896 15
1897 15
1898 15
1899 15
1900 15
1901 15
1902 15
1903 15
1904 15
1905 15
1906 15
1907 15
1908 15
1909 15
1910 15
1911 15
1912 15
1913 15
1914 15
1915 15
1916 15
1917 15
1918 15
1919 15
1920 15
1921 15
1922 15
1923 15
1924 15
1925 15
1926 15
1927 15
1928 15
1929 15
1930 15
1931 15
1932 15
1933 15
1934 15
1935 15
1936 15
1937 15
1938 15
1939 15
1940 15
1941 15
1942 15
1943 15
1944 15
1945 15
1946 15
1947 15
1948 15
1949 15
1950 15
1951 15
1952 15
1953 15
1954 15
1955 15
1956 15
1957 15
1958 15
1959 15
1960 15
1961 15
1962 15
1963 15
1964 15
1965 15
1966 15
1967 15
1968 15
1969 15
1970 15
1971 15
1972 15
1973 15
1974 15
1975 15
1976 15
1977 15
1978 15
1979 15
1980 15
1981 15
1982 15
1983 15
1984 15
1985 15
1986 15
1987 15
1988 15
1989 15
1990 15
1991 15
1992 15
1993 15
1994 15
1995 15
1996 15
1997 15
1998 15
1999 15
2000 15
2001 15
2002 15
2003 15
2004 15
2005 15
2006 15
2007 15
2008 15
2009 15
2010 15
2011 15
2012 15
2013 15
2014 15
2015 15
2016 15
2017 15
2018 15
2019 15
2020 15
2021 15
2022 15
2023 15
2024 15
2025 15
2026 15
2027 15
2028 15
2029 15
2030 15
2031 15
2032 15
2033 15
2034 15
2035 15
2036 15
2037 15
2038 15
2039 15
2040 15
2041 15
2042 15
2043 15
2044 15
2045 15
2046 15
2047 15
2048 15
2049 15
2050 15
2051 15
2052 15
2053 15
2054 15
2055 15
2056 15
2057 15
2058 15
2059 15
2060 15
2061 15
2062 15
2063 15
2064 15
2065 15
2066 15
2067 15
2068 15
2069 15
2070 15
2071 15
2072 15
2073 15
2074 15
2075 15
2076 15
2077 15
2078 15
2079 15
2080 15
2081 15
2082 15
2083 15
2084 15
2085 15
2086 15
2087 15
2088 15
2089 15
2090 15
2091 15
2092 15
2093 15
2094 15
2095 15
2096 15
2097 15
2098 15
2099 15
2100 15
2101 15
2102 15
2103 15
2104 15
2105 15
2106 15
2107 15
2108 15
2109 15
2110 15
2111 15
2112 15
2113 15
2114 15
2115 15
2116 15
2117 15
2118 15
2119 15
2120 15
2121 15
2122 15
2123 15
2124 15
2125 15
2126 15
2127 15
2128 15
2129 15
2130 15
2131 15
2132 15
2133 15
2134 15
2135 15
2136 15
2137 15
2138 15
2139 15
2140 15
2141 15
2142 15
2143 15
2144 15
2145 15
2146 15
2147 15
2148 15
2149 15
2150 15
2151 15
2152 15
2153 15
2154 15
2155 15
2156 15
2157 15
2158 15
2159 15
2160 15
2161 15
2162 15
2163 15
2164 15
2165 15
2166 15
2167 15
2168 15
2169 15
2170 15
2171 15
2172 15
2173 15
2174 15
2175 15
2176 15
2177 15
2178 15
2179 15
2180 15
2181 15
2182 15
2183 15
2184 15
2185 15
2186 15
2187 15
2188 15
2189 15
2190 15
2191 15
2192 15
2193 15
2194 15
2195 15
2196 15
2197 15
2198 15
2199 15
2200 15
2201 15
2202 15
2203 15
2204 15
2205 15
2206 15
2207 15
2208 15
2209 15
2210 15
2211 15
2212 15
2213 15
2214 15
2215 15
2216 15
2217 15
2218 15
2219 15
2220 15
2221 15
2222 15
2223 15
2224 15
2225 15
2226 15
2227 15
2228 15
2229 15
2230 15
2231 15
2232 15
2233 15
2234 15
2235 15
2236 15
2237 15
2238 15
2239 15
2240 15
2241 15
2242 15
2243 15
2244 15
2245 15
2246 15
2247 15
2248 15
2249 15
2250 15
2251 15
2252 15
2253 15
2254 15
2255 15
2256 15
2257 15
2258 15
2259 15
2260 15
2261 15
2262 15
2263 15
2264 15
2265 15
2266 15
2267 15
2268 15
2269 15
2270 15
2271 15
2272 15
2273 15
2274 15
2275 15
2276 15
2277 15
2278 15
2279 15
2280 15
2281 15
2282 15
2283 15
2284 15
2285 15
2286 15
2287 15
2288 15
2289 15
2290 15
2291 15
2292 15
2293 15
2294 15
2295 15
2296 15
2297 15
2298 15
2299 15
2300 15
2301 15
2302 15
2303 15
2304 15
2305 15
2306 15
2307 15
2308 15
2309 15
2310 15
2311 15
2312 15
2313 15
2314 15
2315 15
2316 15
2317 15
2318 15
2319 15
2320 15
2321 15
2322 15
2323 15
2324 15
2325 15
2326 15
2327 15
2328 15
2329 15
2330 15
2331 15
2332 15
2333 15
2334 15
2335 15
2336 15
2337 15
2338 15
2339 15
2340 15
2341 15
2342 15
2343 15
2344 15
2345 15
2346 15
2347 15
2348 15
2349 15
2350 15
2351 15
2352 16
2353 16
2354 16
2355 16
2356 16
2357 16
2358 16
2359 16
2360 16
2361 16
2362 16
2363 16
2364 16
2365 16
2366 16
2367 16
2368 16
2369 16
2370 16
2371 16
2372 16
2373 16
2374 16
2375 16
2376 16
2377 16
2378 16
2379 16
2380 16
2381 16
2382 16
2383 16
2384 16
2385 16
2386 16
2387 16
2388 16
2389 16
2390 16
2391 16
2392 16
2393 16
2394 16
2395 16
2396 16
2397 16
2398 16
2399 17
2400 17
2401 17
2402 17
2403 17
2404 17
2405 17
2406 17
2407 17
2408 17
2409 17
2410 17
2411 17
2412 17
2413 17
2414 17
2415 17
2416 17
2417 17
2418 17
2419 17
2420 17
2421 17
2422 17
2423 17
2424 17
2425 17
2426 17
2427 17
2428 17
2429 17
2430 17
2431 17
2432 17
2433 17
2434 17
2435 17
2436 17
2437 17
2438 17
2439 17
2440 17
2441 17
2442 17
2443 17
2444 17
2445 17
2446 17
2447 17
2448 17
2449 17
2450 17
2451 17
2452 17
2453 17
2454 17
2455 17
2456 17
2457 17
2458 17
2459 17
2460 17
2461 17
2462 17
2463 17
2464 17
2465 17
2466 17
2467 17
2468 17
2469 17
2470 17
2471 17
2472 17
2473 17
2474 17
2475 17
2476 17
2477 17
2478 17
2479 17
2480 17
2481 17
2482 17
2483 17
2484 17
2485 17
2486 17
2487 17
2488 17
2489 17
2490 17
2491 17
2492 17
2493 17
2494 17
2495 17
2496 17
2497 17
2498 17
2499 17
2500 17
2501 17
2502 17
2503 17
2504 17
2505 17
2506 17
2507 17
2508 17
2509 17
2510 17
2511 17
2512 17
2513 17
2514 17
2515 17
2516 17
2517 17
2518 17
2519 17
2520 17
2521 17
2522 17
2523 17
2524 17
2525 17
2526 17
2527 17
2528 17
2529 17
2530 17
2531 17
2532 17
2533 17
2534 17
2535 17
2536 17
2537 17
2538 17
2539 17
2540 17
2541 17
2542 17
2543 17
2544 17
2545 17
2546 17
2547 17
2548 17
2549 17
2550 17
2551 17
2552 17
2553 17
2554 17
2555 17
2556 17
2557 17
2558 17
2559 17
2560 17
2561 17
2562 17
2563 17
2564 17
2565 17
2566 17
2567 17
2568 17
2569 17
2570 17
2571 17
2572 17
2573 17
2574 17
2575 17
2576 17
2577 17
2578 17
2579 17
2580 17
2581 17
2582 17
2583 17
2584 17
2585 17
2586 17
2587 17
2588 17
2589 17
2590 17
2591 17
2592 17
2593 17
2594 17
2595 17
2596 17
2597 17
2598 17
2599 17
2600 17
2601 17
2602 17
2603 17
2604 17
2605 17
2606 17
2607 17
2608 17
2609 17
2610 17
2611 17
2612 17
2613 17
2614 17
2615 17
2616 17
2617 17
2618 17
2619 17
2620 17
2621 17
2622 17
2623 17
2624 17
2625 17
2626 17
2627 17
2628 17
2629 17
2630 17
2631 17
2632 17
2633 17
2634 17
2635 17
2636 17
2637 17
2638 17
2639 17
2640 17
2641 17
2642 17
2643 17
2644 17
2645 17
2646 17
2647 17
2648 17
2649 17
2650 17
2651 17
2652 17
2653 17
2654 17
2655 17
2656 17
2657 17
2658 17
2659 17
2660 17
2661 17
2662 17
2663 17
2664 17
2665 17
2666 17
2667 17
2668 17
2669 17
2670 17
2671 17
2672 17
2673 17
2674 17
2675 17
2676 17
2677 17
2678 17
2679 17
2680 17
2681 17
2682 17
2683 17
2684 17
2685 17
2686 17
2687 17
2688 17
2689 17
2690 17
2691 17
2692 17
2693 17
2694 17
2695 17
2696 17
2697 17
2698 17
2699 17
2700 17
2701 17
2702 17
2703 17
2704 17
2705 17
2706 17
2707 17
2708 17
2709 17
2710 17
2711 17
2712 17
2713 17
2714 17
2715 17
2716 17
2717 17
2718 17
2719 17
2720 17
2721 17
2722 17
2723 17
2724 17
2725 17
2726 17
2727 17
2728 17
2729 17
2730 17
2731 17
2732 17
2733 17
2734 17
2735 17
2736 17
2737 17
2738 17
2739 17
2740 17
2741 17
2742 17
2743 17
2744 17
2745 17
2746 17
2747 17
2748 17
2749 17
2750 17
2751 17
2752 17
2753 17
2754 17
2755 17
2756 17
2757 17
2758 17
2759 17
2760 17
2761 17
2762 17
2763 17
2764 17
2765 17
2766 17
2767 17
2768 17
2769 17
2770 17
2771 17
2772 17
2773 17
2774 17
2775 17
2776 17
2777 17
2778 17
2779 17
2780 17
2781 17
2782 17
2783 17
2784 17
2785 17
2786 17
2787 17
2788 17
2789 17
2790 17
2791 17
2792 17
2793 17
2794 17
2795 17
2796 17
2797 17
2798 17
2799 17
2800 17
2801 17
2802 17
2803 17
2804 17
2805 17
2806 17
2807 17
2808 17
2809 17
2810 17
2811 17
2812 17
2813 17
2814 17
2815 17
2816 17
2817 17
2818 17
2819 17
2820 17
2821 17
2822 17
2823 17
2824 17
2825 17
2826 17
2827 17
2828 17
2829 17
2830 17
2831 17
2832 17
2833 17
2834 17
2835 17
2836 17
2837 17
2838 17
2839 17
2840 18
2841 18
2842 18
2843 18
2844 18
2845 18
2846 18
2847 18
2848 18
2849 18
2850 18
2851 18
2852 18
2853 18
2854 18
2855 18
2856 18
2857 18
2858 18
2859 18
2860 18
2861 18
2862 18
2863 18
2864 18
2865 18
2866 18
2867 18
2868 18
2869 18
2870 18
2871 18
2872 18
2873 18
2874 18
2875 18
2876 18
2877 18
2878 18
2879 18
2880 18
2881 18
2882 18
2883 18
2884 18
2885 18
2886 18
2887 18
2888 18
2889 18
2890 18
2891 18
2892 18
2893 18
2894 18
2895 18
2896 18
2897 18
2898 18
2899 18
2900 18
2901 18
2902 18
2903 18
2904 18
2905 18
2906 18
2907 18
2908 18
2909 18
2910 18
2911 18
2912 18
2913 18
2914 18
2915 18
2916 18
2917 18
2918 18
2919 18
2920 18
2921 18
2922 18
2923 18
2924 18
2925 18
2926 18
2927 18
2928 18
2929 18
2930 18
2931 18
2932 18
2933 18
2934 18
2935 18
2936 18
2937 18
2938 18
2939 18
2940 18
2941 18
2942 18
2943 18
2944 18
2945 18
2946 18
2947 18
2948 18
2949 18
2950 18
2951 18
2952 18
2953 18
2954 18
2955 18
2956 18
2957 18
2958 18
2959 18
2960 18
2961 18
2962 18
2963 18
2964 18
2965 18
2966 18
2967 18
2968 18
2969 18
2970 18
2971 18
2972 18
2973 18
2974 18
2975 18
2976 18
2977 18
2978 18
2979 18
2980 18
2981 18
2982 18
2983 18
2984 18
2985 18
2986 18
2987 18
2988 18
2989 18
2990 18
2991 18
2992 18
2993 18
2994 18
2995 18
2996 18
2997 18
2998 18
2999 18
3000 18
3001 18
3002 18
3003 18
3004 18
3005 18
3006 18
3007 18
3008 18
3009 18
3010 18
3011 18
3012 18
3013 18
3014 18
3015 18
3016 18
3017 18
3018 18
3019 18
3020 18
3021 18
3022 18
3023 18
3024 18
3025 18
3026 18
3027 18
3028 18
3029 18
3030 18
3031 18
3032 18
3033 18
3034 18
3035 18
3036 18
3037 18
3038 18
3039 18
3040 18
3041 18
3042 18
3043 18
3044 18
3045 18
3046 18
3047 18
3048 18
3049 18
3050 18
3051 18
3052 18
3053 18
3054 18
3055 18
3056 18
3057 18
3058 18
3059 18
3060 18
3061 18
3062 18
3063 18
3064 18
3065 18
3066 18
3067 18
3068 18
3069 18
3070 18
3071 18
3072 18
3073 18
3074 18
3075 18
3076 18
3077 18
3078 18
3079 18
3080 18
3081 18
3082 18
3083 18
3084 18
3085 18
3086 18
3087 18
3088 18
3089 18
3090 18
3091 18
3092 18
3093 18
3094 18
3095 18
3096 18
3097 18
3098 18
3099 18
3100 18
3101 18
3102 18
3103 18
3104 18
3105 18
3106 18
3107 18
3108 18
3109 18
3110 18
3111 18
3112 18
3113 18
3114 18
3115 18
3116 18
3117 18
3118 18
3119 18
3120 18
3121 18
3122 18
3123 18
3124 18
3125 18
3126 18
3127 18
3128 18
3129 18
3130 18
3131 18
3132 18
3133 18
3134 18
3135 18
3136 18
3137 18
3138 18
3139 18
3140 18
3141 18
3142 18
3143 18
3144 18
3145 18
3146 18
3147 18
3148 18
3149 18
3150 18
3151 18
3152 18
3153 18
3154 18
3155 18
3156 18
3157 18
3158 18
3159 18
3160 18
3161 18
3162 18
3163 18
3164 18
3165 18
3166 18
3167 18
3168 18
3169 18
3170 18
3171 18
3172 18
3173 18
3174 18
3175 18
3176 18
3177 18
3178 18
3179 18
3180 18
3181 18
3182 18
3183 18
3184 18
3185 18
3186 18
3187 18
3188 18
3189 18
3190 18
3191 18
3192 18
3193 18
3194 18
3195 18
3196 18
3197 18
3198 18
3199 18
3200 18
3201 18
3202 18
3203 18
3204 18
3205 18
3206 18
3207 18
3208 18
3209 18
3210 18
3211 18
3212 18
3213 18
3214 18
3215 18
3216 18
3217 18
3218 18
3219 18
3220 18
3221 18
3222 18
3223 18
3224 18
3225 18
3226 18
3227 18
3228 18
3229 18
3230 18
3231 18
3232 18
3233 18
3234 18
3235 18
3236 18
3237 18
3238 18
3239 18
3240 18
3241 18
3242 18
3243 18
3244 18
3245 18
3246 18
3247 18
3248 18
3249 18
3250 18
3251 18
3252 18
3253 18
3254 18
3255 18
3256 18
3257 18
3258 18
3259 18
3260 18
3261 18
3262 18
3263 18
3264 18
3265 18
3266 18
3267 18
3268 18
3269 18
3270 18
3271 18
3272 18
3273 18
3274 18
3275 18
3276 18
3277 18
3278 18
3279 18
3280 18
3281 18
3282 18
3283 18
3284 18
3285 18
3286 18
3287 18
3288 18
3289 18
3290 18
3291 18
3292 18
3293 18
3294 18
3295 18
3296 18
3297 18
3298 18
3299 18
3300 18
3301 18
3302 18
3303 18
3304 18
3305 18
3306 18
3307 18
3308 18
3309 18
3310 18
3311 18
3312 18
3313 18
3314 18
3315 18
3316 18
3317 18
3318 18
3319 18
3320 18
3321 18
3322 18
3323 18
3324 18
3325 18
3326 18
3327 18
3328 18
3329 18
3330 18
3331 18
3332 18
3333 18
3334 18
3335 18
3336 18
3337 18
3338 18
3339 18
3340 18
3341 18
3342 18
3343 18
3344 18
3345 18
3346 18
3347 18
3348 18
3349 18
3350 18
3351 18
3352 18
3353 18
3354 18
3355 18
3356 18
3357 18
3358 18
3359 18
3360 18
3361 18
3362 18
3363 18
3364 18
3365 18
3366 18
3367 18
3368 18
3369 18
3370 18
3371 18
3372 18
3373 18
3374 18
3375 18
3376 18
3377 18
3378 18
3379 18
3380 18
3381 18
3382 18
3383 18
3384 18
3385 18
3386 18
3387 18
3388 18
3389 18
3390 18
3391 18
3392 18
3393 18
3394 18
3395 18
3396 18
3397 18
3398 18
3399 18
3400 18
3401 18
3402 18
3403 18
3404 18
3405 18
3406 18
3407 18
3408 18
3409 18
3410 18
3411 18
3412 18
3413 18
3414 18
3415 18
3416 18
3417 18
3418 18
3419 18
3420 18
3421 18
3422 18
3423 18
3424 18
3425 18
3426 18
3427 18
3428 18
3429 18
3430 18
3431 18
3432 18
3433 18
3434 18
3435 18
3436 18
3437 18
3438 18
3439 18
3440 18
3441 18
3442 18
3443 18
3444 18
3445 18
3446 18
3447 18
3448 18
3449 18
3450 18
3451 18
3452 18
3453 18
3454 18
3455 18
3456 18
3457 18
3458 18
3459 18
3460 18
3461 18
3462 18
3463 18
3464 18
3465 18
3466 18
3467 18
3468 18
3469 18
3470 18
3471 18
3472 18
3473 18
3474 18
3475 18
3476 18
3477 18
3478 18
3479 18
3480 18
3481 18
3482 18
3483 18
3484 18
3485 18
3486 18
3487 18
3488 18
3489 18
3490 18
3491 18
3492 18
3493 18
3494 18
3495 18
3496 18
3497 18
3498 18
3499 18
3500 18
3501 18
3502 18
3503 18
3504 18
3505 18
3506 18
3507 18
3508 18
3509 18
3510 18
3511 18
3512 18
3513 18
3514 18
3515 18
3516 18
3517 18
3518 18
3519 18
3520 18
3521 18
3522 18
3523 18
3524 18
3525 18
3526 18
3527 18
3528 18
3529 18
3530 18
3531 18
3532 18
3533 18
3534 18
3535 18
3536 18
3537 18
3538 18
3539 18
3540 18
3541 18
3542 18
3543 18
3544 18
3545 18
3546 18
3547 18
3548 18
3549 18
3550 18
3551 18
3552 18
3553 18
3554 18
3555 18
3556 18
3557 18
3558 18
3559 18
3560 18
3561 18
3562 18
3563 18
3564 18
3565 18
3566 18
3567 18
3568 18
3569 18
3570 18
3571 18
3572 18
3573 18
3574 18
3575 18
3576 18
3577 18
3578 18
3579 18
3580 18
3581 18
3582 18
3583 18
3584 18
3585 18
3586 18
3587 18
3588 18
3589 18
3590 18
3591 18
3592 18
3593 18
3594 18
3595 18
3596 18
3597 18
3598 18
3599 18
3600 18
3601 18
3602 18
3603 18
3604 18
3605 18
3606 18
3607 18
3608 18
3609 18
3610 18
3611 18
3612 18
3613 18
3614 18
3615 18
3616 18
3617 18
3618 18
3619 18
3620 18
3621 18
3622 18
3623 18
3624 18
3625 18
3626 18
3627 18
3628 18
3629 18
3630 18
3631 18
3632 18
3633 18
3634 18
3635 18
3636 18
3637 18
3638 18
3639 18
3640 18
3641 18
3642 18
3643 18
3644 18
3645 18
3646 18
3647 18
3648 18
3649 18
3650 18
3651 18
3652 18
3653 18
3654 18
3655 18
3656 18
3657 18
3658 18
3659 18
3660 18
3661 18
3662 18
3663 18
3664 18
3665 18
3666 18
3667 18
3668 18
3669 18
3670 18
3671 18
3672 18
3673 18
3674 18
3675 18
3676 18
3677 18
3678 18
3679 18
3680 18
3681 18
3682 18
3683 18
3684 18
3685 18
3686 18
3687 18
3688 18
3689 18
3690 18
3691 18
3692 18
3693 18
3694 18
3695 18
3696 18
3697 18
3698 18
3699 18
3700 18
3701 18
3702 18
3703 18
3704 18
3705 18
3706 18
3707 18
3708 18
3709 18
3710 18
3711 18
3712 18
3713 18
3714 18
3715 18
3716 18
3717 18
3718 18
3719 18
3720 18
3721 18
3722 18
3723 18
3724 18
3725 18
3726 18
3727 18
3728 18
3729 18
3730 18
3731 18
3732 18
3733 18
3734 18
3735 18
3736 18
3737 18
3738 18
3739 18
3740 18
3741 18
3742 18
3743 18
3744 18
3745 18
3746 18
3747 18
3748 18
3749 18
3750 18
3751 18
3752 18
3753 18
3754 18
3755 18
3756 18
3757 18
3758 18
3759 18
3760 18
3761 18
3762 18
3763 18
3764 18
3765 18
3766 18
3767 18
3768 18
3769 18
3770 18
3771 18
3772 18
3773 18
3774 18
3775 18
3776 18
3777 18
3778 18
3779 18
3780 18
3781 18
3782 18
3783 18
3784 18
3785 18
3786 18
3787 18
3788 18
3789 18
3790 18
3791 18
3792 18
3793 18
3794 18
3795 18
3796 18
3797 18
3798 18
3799 18
3800 18
3801 18
3802 18
3803 18
3804 18
3805 19
3806 19
3807 19
3808 19
3809 19
3810 19
3811 19
3812 19
3813 19
3814 19
3815 19
3816 19
3817 19
3818 19
3819 19
3820 19
3821 19
3822 19
3823 19
3824 19
3825 19
3826 19
3827 19
3828 19
3829 19
3830 19
3831 19
3832 19
3833 19
3834 19
3835 19
3836 19
3837 19
3838 19
3839 19
3840 19
3841 19
3842 19
3843 19
3844 19
3845 19
3846 19
3847 19
3848 19
3849 19
3850 19
3851 19
3852 19
3853 19
3854 19
3855 19
3856 19
3857 19
3858 19
3859 19
3860 19
3861 19
3862 19
3863 19
3864 19
3865 19
3866 19
3867 19
3868 19
3869 19
3870 19
3871 19
3872 19
3873 19
3874 19
3875 19
3876 19
3877 19
3878 19
3879 19
3880 19
3881 19
3882 19
3883 19
3884 19
3885 19
3886 19
3887 19
3888 19
3889 19
3890 19
3891 19
3892 19
3893 19
3894 19
3895 19
3896 19
3897 19
3898 19
3899 19
3900 19
3901 19
3902 19
3903 19
3904 19
3905 19
3906 19
3907 19
3908 19
3909 19
3910 19
3911 19
3912 19
3913 19
3914 19
3915 19
3916 19
3917 19
3918 19
3919 19
3920 19
3921 19
3922 19
3923 19
3924 19
3925 19
3926 19
3927 19
3928 19
3929 19
3930 19
3931 19
3932 19
3933 19
3934 19
3935 19
3936 19
3937 19
3938 19
3939 19
3940 19
3941 19
3942 19
3943 19
3944 19
3945 19
3946 19
3947 19
3948 19
3949 19
3950 19
3951 19
3952 19
3953 19
3954 19
3955 19
3956 19
3957 19
3958 19
3959 19
3960 19
3961 19
3962 19
3963 19
3964 19
3965 19
3966 19
3967 19
3968 19
3969 19
3970 19
3971 19
3972 19
3973 19
3974 19
3975 19
3976 19
3977 19
3978 19
3979 19
3980 19
3981 19
3982 19
3983 19
3984 19
3985 19
3986 19
3987 19
3988 19
3989 19
3990 19
3991 19
3992 19
3993 19
3994 19
3995 19
3996 19
3997 19
3998 19
3999 19
4000 19
4001 19
4002 19
4003 19
4004 19
4005 19
4006 19
4007 19
4008 19
4009 19
4010 19
4011 19
4012 19
4013 19
4014 19
4015 19
4016 19
4017 19
4018 19
4019 19
4020 19
4021 19
4022 19
4023 19
4024 19
4025 19
4026 19
4027 19
4028 19
4029 19
4030 19
4031 19
4032 19
4033 19
4034 19
4035 19
4036 19
4037 19
4038 19
4039 19
4040 19
4041 19
4042 19
4043 19
4044 19
4045 19
4046 19
4047 19
4048 19
4049 20
4050 20
4051 20
4052 20
4053 20
4054 20
4055 20
4056 20
4057 20
4058 20
4059 20
4060 20
4061 20
4062 20
4063 20
4064 20
4065 20
4066 20
4067 20
4068 20
4069 20
4070 20
4071 20
4072 20
4073 20
4074 20
4075 20
4076 20
4077 20
4078 20
4079 20
4080 20
4081 20
4082 20
4083 20
4084 20
4085 20
4086 20
4087 20
4088 20
4089 20
4090 20
4091 20
4092 20
4093 20
4094 20
4095 20
4096 20
4097 20
4098 20
4099 20
4100 20
4101 20
4102 20
4103 20
4104 20
4105 20
4106 20
4107 20
4108 20
4109 20
4110 20
4111 20
4112 20
4113 20
4114 20
4115 20
4116 20
4117 20
4118 20
4119 20
4120 20
4121 20
4122 20
4123 20
4124 20
4125 20
4126 20
4127 20
4128 20
4129 20
4130 20
4131 20
4132 20
4133 20
4134 20
4135 20
4136 20
4137 20
4138 20
4139 20
4140 20
4141 20
4142 20
4143 20
4144 20
4145 20
4146 20
4147 20
4148 20
4149 20
4150 20
4151 20
4152 20
4153 20
4154 20
4155 20
4156 20
4157 20
4158 20
4159 20
4160 20
4161 20
4162 20
4163 20
4164 20
4165 20
4166 20
4167 20
4168 20
4169 20
4170 20
4171 20
4172 20
4173 20
4174 20
4175 20
4176 20
4177 20
4178 20
4179 20
4180 20
4181 20
4182 20
4183 20
4184 20
4185 20
4186 20
4187 20
4188 20
4189 20
4190 20
4191 20
4192 20
4193 20
4194 20
4195 20
4196 20
4197 20
4198 20
4199 20
4200 20
4201 20
4202 20
4203 20
4204 20
4205 20
4206 20
4207 20
4208 20
4209 20
4210 20
4211 20
4212 20
4213 20
4214 20
4215 20
4216 21
4217 21
4218 21
4219 21
4220 21
4221 21
4222 21
4223 21
4224 21
4225 21
4226 21
4227 21
4228 21
4229 21
4230 21
4231 21
4232 21
4233 21
4234 21
4235 21
4236 21
4237 21
4238 21
4239 21
4240 21
4241 21
4242 21
4243 21
4244 21
4245 21
4246 21
4247 21
4248 21
4249 21
4250 21
4251 21
4252 21
4253 21
4254 21
4255 21
4256 21
4257 21
4258 21
4259 21
4260 21
4261 21
4262 21
4263 21
4264 21
4265 21
4266 21
4267 21
4268 21
4269 21
4270 21
4271 21
4272 21
4273 21
4274 21
4275 21
4276 21
4277 21
4278 21
4279 21
4280 21
4281 21
4282 21
4283 21
4284 21
4285 21
4286 21
4287 21
4288 21
4289 21
4290 21
4291 21
4292 21
4293 21
4294 21
4295 21
4296 21
4297 21
4298 21
4299 21
4300 21
4301 21
4302 21
4303 21
4304 21
4305 21
4306 21
4307 21
4308 21
4309 21
4310 21
4311 21
4312 21
4313 21
4314 21
4315 21
4316 21
4317 21
4318 21
4319 21
4320 21
4321 21
4322 21
4323 21
4324 21
4325 21
4326 21
4327 21
4328 21
4329 21
4330 21
4331 21
4332 21
4333 21
4334 21
4335 21
4336 21
4337 21
4338 21
4339 21
4340 21
4341 21
4342 21
4343 21
4344 21
4345 21
4346 21
4347 21
4348 21
4349 21
4350 21
4351 21
4352 21
4353 21
4354 21
4355 21
4356 21
4357 21
4358 21
4359 21
4360 21
4361 21
4362 21
4363 21
4364 21
4365 21
4366 21
4367 22
4368 22
4369 22
4370 22
4371 22
4372 22
4373 22
4374 22
4375 22
4376 22
4377 22
4378 22
4379 22
4380 22
4381 22
4382 22
4383 22
4384 22
4385 22
4386 22
4387 22
4388 22
4389 22
4390 22
4391 22
4392 22
4393 22
4394 22
4395 22
4396 22
4397 22
4398 22
4399 22
4400 22
4401 22
4402 22
4403 22
4404 22
4405 22
4406 22
4407 22
4408 22
4409 22
4410 22
4411 22
4412 22
4413 22
4414 22
4415 22
4416 22
4417 22
4418 22
4419 22
4420 22
4421 22
4422 22
4423 22
4424 22
4425 22
4426 22
4427 22
4428 22
4429 22
4430 22
4431 22
4432 22
4433 22
4434 22
4435 22
4436 22
4437 22
4438 22
4439 22
4440 22
4441 22
4442 22
4443 22
4444 22
4445 22
4446 22
4447 22
4448 22
4449 22
4450 22
4451 23
4452 23
4453 23
4454 23
4455 23
4456 23
4457 23
4458 23
4459 23
4460 23
4461 23
4462 23
4463 23
4464 23
4465 23
4466 23
4467 23
4468 23
4469 23
4470 23
4471 23
4472 23
4473 23
4474 23
4475 23
4476 23
4477 23
4478 23
4479 23
4480 23
4481 23
4482 23
4483 23
4484 23
4485 23
4486 23
4487 23
4488 23
4489 23
4490 23
4491 23
4492 23
4493 23
4494 23
4495 23
4496 23
4497 23
4498 23
4499 23
4500 23
4501 23
4502 23
4503 23
4504 23
4505 23
4506 23
4507 23
4508 23
4509 23
4510 23
4511 23
4512 23
4513 23
4514 23
4515 23
4516 23
4517 23
4518 23
4519 23
4520 23
4521 23
4522 23
4523 23
4524 23
4525 23
4526 23
4527 23
4528 23
4529 23
4530 23
4531 23
4532 23
4533 23
4534 23
4535 23
4536 23
4537 23
4538 23
4539 23
4540 23
4541 23
4542 23
4543 23
4544 23
4545 23
4546 23
4547 23
4548 23
4549 23
4550 23
4551 23
4552 23
4553 23
4554 23
4555 23
4556 23
4557 23
4558 23
4559 23
4560 23
4561 23
4562 23
4563 23
4564 23
4565 23
4566 23
4567 23
4568 23
4569 23
4570 23
4571 23
4572 23
4573 23
4574 23
4575 23
4576 23
4577 23
4578 23
4579 23
4580 23
4581 23
4582 23
4583 23
4584 23
4585 23
4586 23
4587 23
4588 23
4589 23
4590 23
4591 23
4592 23
4593 23
4594 23
4595 23
4596 23
4597 23
4598 23
4599 23
4600 23
4601 23
4602 23
4603 23
4604 23
4605 23
4606 23
4607 23
4608 23
4609 23
4610 23
4611 23
4612 23
4613 23
4614 23
4615 23
4616 23
4617 23
4618 23
4619 23
4620 23
4621 23
4622 23
4623 23
4624 23
4625 23
4626 23
4627 23
4628 23
4629 23
4630 23
4631 23
4632 23
4633 23
4634 23
4635 23
4636 23
4637 23
4638 23
4639 23
4640 23
4641 23
4642 23
4643 23
4644 23
4645 23
4646 23
4647 23
4648 23
4649 23
4650 23
4651 23
4652 23
4653 23
4654 23
4655 23
4656 23
4657 23
4658 23
4659 23
4660 23
4661 23
4662 23
4663 23
4664 23
4665 23
4666 23
4667 23
4668 23
4669 23
4670 23
4671 23
4672 23
4673 23
4674 23
4675 23
4676 23
4677 23
4678 23
4679 23
4680 23
4681 23
4682 23
4683 23
4684 23
4685 23
4686 23
4687 23
4688 23
4689 23
4690 23
4691 23
4692 23
4693 23
4694 23
4695 23
4696 23
4697 23
4698 23
4699 23
4700 23
4701 23
4702 23
4703 23
4704 23
4705 23
4706 23
4707 23
4708 23
4709 23
4710 23
4711 23
4712 23
4713 23
4714 23
4715 23
4716 23
4717 23
4718 23
4719 23
4720 23
4721 23
4722 23
4723 23
4724 23
4725 23
4726 23
4727 23
4728 23
4729 23
4730 23
4731 23
4732 23
4733 23
4734 23
4735 23
4736 23
4737 23
4738 23
4739 23
4740 23
4741 23
4742 23
4743 23
4744 23
4745 23
4746 23
4747 23
4748 23
4749 23
4750 23
4751 23
4752 23
4753 23
4754 23
4755 23
4756 23
4757 23
4758 23
4759 23
4760 23
4761 23
4762 23
4763 23
4764 23
4765 23
4766 23
4767 23
4768 23
4769 23
4770 23
4771 23
4772 23
4773 23
4774 23
4775 23
4776 23
4777 23
4778 23
4779 23
4780 23
4781 23
4782 23
4783 23
4784 23
4785 23
4786 23
4787 23
4788 23
4789 23
4790 23
4791 23
4792 23
4793 23
4794 23
4795 23
4796 23
4797 23
4798 23
4799 23
4800 23
4801 23
4802 23
4803 23
4804 23
4805 23
4806 23
4807 23
4808 23
4809 23
4810 23
4811 23
4812 23
4813 23
4814 23
4815 23
4816 23
4817 23
4818 23
4819 23
4820 23
4821 23
4822 23
4823 23
4824 23
4825 23
4826 23
4827 23
4828 23
4829 23
4830 23
4831 23
4832 23
4833 23
4834 23
4835 23
4836 23
4837 23
4838 23
4839 23
4840 23
4841 23
4842 23
4843 23
4844 23
4845 23
4846 23
4847 23
4848 23
4849 23
4850 23
4851 23
4852 23
4853 23
4854 23
4855 23
4856 23
4857 23
4858 23
4859 23
4860 23
4861 23
4862 23
4863 23
4864 23
4865 23
4866 23
4867 23
4868 23
4869 23
4870 23
4871 23
4872 23
4873 23
4874 23
4875 23
4876 23
4877 23
4878 23
4879 23
4880 23
4881 23
4882 23
4883 23
4884 23
4885 23
4886 23
4887 23
4888 23
4889 23
4890 23
4891 23
4892 23
4893 23
4894 23
4895 23
4896 23
4897 23
4898 23
4899 23
4900 23
4901 23
4902 23
4903 23
4904 23
4905 23
4906 23
4907 23
4908 23
4909 23
4910 23
4911 23
4912 23
4913 23
4914 23
4915 23
4916 23
4917 23
4918 23
4919 23
4920 23
4921 23
4922 23
4923 23
4924 23
4925 23
4926 23
4927 23
4928 23
4929 23
4930 23
4931 23
4932 23
4933 23
4934 23
4935 23
4936 23
4937 23
4938 23
4939 23
4940 23
4941 23
4942 23
4943 23
4944 23
4945 23
4946 23
4947 23
4948 23
4949 23
4950 23
4951 23
4952 23
4953 23
4954 23
4955 23
4956 23
4957 23
4958 23
4959 23
4960 23
4961 23
4962 23
4963 23
4964 23
4965 23
4966 23
4967 23
4968 23
4969 23
4970 23
4971 23
4972 23
4973 23
4974 23
4975 23
4976 23
4977 23
4978 23
4979 23
4980 23
4981 23
4982 23
4983 23
4984 23
4985 23
4986 23
4987 23
4988 23
4989 23
4990 23
4991 23
4992 23
4993 24
4994 24
4995 24
4996 24
4997 24
4998 24
4999 24
5000 24
5001 24
5002 24
5003 24
5004 24
5005 24
5006 24
5007 24
5008 24
5009 24
5010 24
5011 24
5012 24
5013 24
5014 24
5015 24
5016 24
5017 24
5018 24
5019 24
5020 24
5021 24
5022 24
5023 24
5024 24
5025 24
5026 24
5027 24
5028 24
5029 24
5030 24
5031 24
5032 24
5033 24
5034 24
5035 24
5036 24
5037 24
5038 24
5039 24
5040 24
5041 24
5042 24
5043 24
5044 24
5045 24
5046 24
5047 24
5048 24
5049 24
5050 24
5051 24
5052 24
5053 24
5054 24
5055 24
5056 24
5057 24
5058 24
5059 24
5060 24
5061 24
5062 24
5063 24
5064 24
5065 24
5066 24
5067 24
5068 24
5069 24
5070 24
5071 24
5072 24
5073 24
5074 24
5075 24
5076 24
5077 24
5078 24
5079 24
5080 24
5081 24
5082 24
5083 24
5084 24
5085 24
5086 24
5087 24
5088 24
5089 24
5090 24
5091 24
5092 24
5093 24
5094 24
5095 24
5096 24
5097 24
5098 24
5099 24
5100 24
5101 24
5102 24
5103 24
5104 24
5105 24
5106 24
5107 24
5108 24
5109 24
5110 24
5111 24
5112 24
5113 24
5114 24
5115 24
5116 24
5117 24
5118 24
5119 24
5120 24
5121 24
5122 24
5123 24
5124 24
5125 24
5126 24
5127 24
5128 24
5129 24
5130 24
5131 24
5132 24
5133 24
5134 24
5135 24
5136 24
5137 24
5138 24
5139 24
5140 24
5141 24
5142 24
5143 24
5144 24
5145 24
5146 24
5147 24
5148 24
5149 24
5150 24
5151 24
5152 24
5153 24
5154 24
5155 24
5156 24
5157 24
5158 24
5159 24
5160 24
5161 24
5162 24
5163 24
5164 24
5165 24
5166 24
5167 24
5168 24
5169 24
5170 24
5171 24
5172 24
5173 24
5174 24
5175 24
5176 24
5177 24
5178 24
5179 24
5180 24
5181 24
5182 24
5183 24
5184 24
5185 24
5186 24
5187 24
5188 24
5189 24
5190 24
5191 24
5192 24
5193 24
5194 24
5195 24
5196 24
5197 24
5198 24
5199 24
5200 24
5201 24
5202 24
5203 24
5204 24
5205 24
5206 24
5207 24
5208 24
5209 24
5210 24
5211 24
5212 24
5213 24
5214 24
5215 24
5216 24
5217 24
5218 24
5219 24
5220 24
5221 24
5222 24
5223 24
5224 24
5225 24
5226 24
5227 24
5228 24
5229 24
5230 24
5231 24
5232 24
5233 24
5234 24
5235 24
5236 24
5237 24
5238 24
5239 24
5240 24
5241 24
5242 24
5243 24
5244 24
5245 24
5246 24
5247 24
5248 24
5249 24
5250 24
5251 24
5252 24
5253 24
5254 24
5255 24
5256 24
5257 24
5258 24
5259 24
5260 24
5261 24
5262 24
5263 24
5264 24
5265 24
5266 24
5267 24
5268 24
5269 24
5270 24
5271 24
5272 24
5273 24
5274 24
5275 24
5276 24
5277 24
5278 24
5279 24
5280 24
5281 24
5282 24
5283 24
5284 24
5285 24
5286 24
5287 24
5288 24
5289 24
5290 24
5291 24
5292 24
5293 24
5294 24
5295 24
5296 24
5297 24
5298 24
5299 24
5300 24
5301 24
5302 24
5303 24
5304 24
5305 24
5306 24
5307 24
5308 24
5309 24
5310 24
5311 24
5312 24
5313 24
5314 24
5315 24
5316 24
5317 24
5318 24
5319 24
5320 24
5321 24
5322 24
5323 24
5324 24
5325 24
5326 24
5327 24
5328 24
5329 24
5330 24
5331 24
5332 24
5333 24
5334 24
5335 24
5336 24
5337 24
5338 24
5339 24
5340 24
5341 24
5342 24
5343 24
5344 24
5345 24
5346 24
5347 24
5348 24
5349 24
5350 24
5351 24
5352 24
5353 24
5354 24
5355 24
5356 24
5357 24
5358 24
5359 24
5360 24
5361 24
5362 24
5363 24
5364 24
5365 24
5366 24
5367 24
5368 24
5369 24
5370 24
5371 24
5372 24
5373 24
5374 24
5375 24
5376 24
5377 24
5378 24
5379 24
5380 24
5381 24
5382 24
5383 24
5384 24
5385 24
5386 24
5387 24
5388 24
5389 24
5390 24
5391 24
5392 24
5393 24
5394 24
5395 24
5396 24
5397 24
5398 24
5399 24
5400 24
5401 24
5402 24
5403 24
5404 24
5405 24
5406 24
5407 24
5408 24
5409 24
5410 24
5411 24
5412 24
5413 24
5414 24
5415 24
5416 24
5417 24
5418 24
5419 24
5420 24
5421 24
5422 24
5423 24
5424 24
5425 24
5426 24
5427 24
5428 24
5429 24
5430 24
5431 24
5432 24
5433 24
5434 24
5435 24
5436 24
5437 24
5438 24
5439 24
5440 24
5441 24
5442 24
5443 24
5444 24
5445 24
5446 24
5447 24
5448 24
5449 24
5450 24
5451 24
5452 24
5453 24
5454 24
5455 24
5456 24
5457 24
5458 24
5459 24
5460 24
5461 24
5462 24
5463 24
5464 24
5465 24
5466 24
5467 24
5468 24
5469 24
5470 24
5471 24
5472 24
5473 24
5474 24
5475 24
5476 24
5477 24
5478 24
5479 24
5480 24
5481 24
5482 24
5483 24
5484 24
5485 24
5486 24
5487 24
5488 24
5489 24
5490 24
5491 24
5492 24
5493 24
5494 24
5495 24
5496 24
5497 24
5498 24
5499 24
5500 24
5501 24
5502 24
5503 24
5504 24
5505 24
5506 24
5507 24
5508 24
5509 24
5510 24
5511 24
5512 24
5513 24
5514 24
5515 24
5516 24
5517 24
5518 24
5519 24
5520 24
5521 24
5522 24
5523 24
5524 24
5525 24
5526 24
5527 24
5528 24
5529 24
5530 24
5531 24
5532 24
5533 24
5534 24
5535 24
5536 24
5537 24
5538 24
5539 24
5540 24
5541 24
5542 24
5543 24
5544 24
5545 24
5546 24
5547 24
5548 24
5549 24
5550 24
5551 24
5552 24
5553 24
5554 24
5555 24
5556 24
5557 24
5558 24
5559 24
5560 24
5561 24
5562 24
5563 24
5564 24
5565 24
5566 24
5567 24
5568 24
5569 24
5570 24
5571 24
5572 24
5573 24
5574 24
5575 24
5576 24
5577 24
5578 24
5579 24
5580 24
5581 24
5582 24
5583 24
5584 24
5585 24
5586 24
5587 24
5588 24
5589 24
5590 24
5591 24
5592 24
5593 24
5594 24
5595 24
5596 24
5597 24
5598 24
5599 24
5600 24
5601 24
5602 24
5603 24
5604 24
5605 24
5606 24
5607 24
5608 24
5609 24
5610 24
5611 24
5612 24
5613 24
5614 24
5615 24
5616 24
5617 24
5618 24
5619 24
5620 24
5621 24
5622 24
5623 24
5624 24
5625 24
5626 24
5627 24
5628 24
5629 24
5630 24
5631 24
5632 24
5633 24
5634 24
5635 24
5636 24
5637 24
5638 24
5639 24
5640 24
5641 24
5642 24
5643 24
5644 24
5645 24
5646 24
5647 24
5648 24
5649 24
5650 24
5651 24
5652 24
5653 24
5654 24
5655 24
5656 24
5657 24
5658 24
5659 24
5660 24
5661 24
5662 24
5663 24
5664 24
5665 24
5666 24
5667 24
5668 24
5669 24
5670 24
5671 24
5672 24
5673 24
5674 24
5675 24
5676 24
5677 24
5678 24
5679 24
5680 24
5681 24
5682 24
5683 24
5684 24
5685 24
5686 24
5687 24
5688 24
5689 24
5690 24
5691 24
5692 24
5693 24
5694 24
5695 24
5696 24
5697 24
5698 24
5699 24
5700 24
5701 24
5702 24
5703 24
5704 24
5705 24
5706 24
5707 24
5708 24
5709 24
5710 24
5711 24
5712 24
5713 24
5714 24
5715 24
5716 24
5717 24
5718 24
5719 24
5720 24
5721 24
5722 24
5723 24
5724 24
5725 24
5726 24
5727 24
5728 24
5729 24
5730 24
5731 24
5732 24
5733 24
5734 24
5735 24
5736 24
5737 24
5738 24
5739 24
5740 24
5741 24
5742 24
5743 24
5744 24
5745 24
5746 24
5747 24
5748 24
5749 24
5750 24
5751 24
5752 24
5753 24
5754 24
5755 24
5756 24
5757 24
5758 24
5759 24
5760 24
5761 24
5762 24
5763 24
5764 24
5765 24
5766 24
5767 24
5768 24
5769 24
5770 24
5771 24
5772 24
5773 24
5774 24
5775 24
5776 24
5777 24
5778 24
5779 24
5780 24
5781 24
5782 24
5783 24
5784 24
5785 24
5786 24
5787 24
5788 24
5789 24
5790 24
5791 24
5792 24
5793 24
5794 24
5795 24
5796 24
5797 24
5798 24
5799 24
5800 24
5801 24
5802 24
5803 24
5804 24
5805 24
5806 24
5807 24
5808 24
5809 24
5810 24
5811 24
5812 24
5813 24
5814 24
5815 24
5816 24
5817 24
5818 24
5819 24
5820 24
5821 24
5822 24
5823 24
5824 24
5825 24
5826 24
5827 24
5828 24
5829 24
5830 24
5831 24
5832 24
5833 24
5834 24
5835 24
5836 24
5837 24
5838 24
5839 24
5840 24
5841 24
5842 24
5843 24
5844 24
5845 24
5846 24
5847 24
5848 24
5849 24
5850 24
5851 24
5852 24
5853 24
5854 24
5855 24
5856 24
5857 24
5858 24
5859 24
5860 24
5861 24
5862 24
5863 24
5864 24
5865 24
5866 24
5867 24
5868 24
5869 24
5870 24
5871 24
5872 24
5873 24
5874 24
5875 24
5876 24
5877 24
5878 24
5879 24
5880 24
5881 24
5882 24
5883 24
5884 24
5885 24
5886 24
5887 24
5888 24
5889 24
5890 24
5891 24
5892 24
5893 24
5894 24
5895 24
5896 24
5897 24
5898 24
5899 24
5900 24
5901 24
5902 24
5903 24
5904 24
5905 24
5906 24
5907 24
5908 24
5909 24
5910 24
5911 24
5912 24
5913 24
5914 24
5915 24
5916 24
5917 24
5918 24
5919 24
5920 24
5921 24
5922 24
5923 24
5924 24
5925 24
5926 24
5927 24
5928 24
5929 24
5930 24
5931 24
5932 24
5933 24
5934 24
5935 24
5936 24
5937 24
5938 24
5939 24
5940 24
5941 24
5942 24
5943 24
5944 24
5945 24
5946 24
5947 24
5948 24
5949 24
5950 24
5951 24
5952 24
5953 24
5954 24
5955 24
5956 24
5957 24
5958 24
5959 24
5960 24
5961 24
5962 24
5963 24
5964 24
5965 24
5966 24
5967 24
5968 24
5969 24
5970 24
5971 24
5972 24
5973 24
5974 24
5975 24
5976 24
5977 24
5978 24
5979 24
5980 24
5981 24
5982 24
5983 24
5984 24
5985 24
5986 24
5987 24
5988 24
5989 24
5990 24
5991 24
5992 24
5993 24
5994 24
5995 24
5996 24
5997 24
5998 24
5999 24
6000 24
6001 24
6002 24
6003 24
6004 24
6005 24
6006 24
6007 24
6008 24
6009 24
6010 24
6011 24
6012 24
6013 24
6014 24
6015 24
6016 24
6017 24
6018 24
6019 24
6020 24
6021 24
6022 24
6023 24
6024 24
6025 24
6026 24
6027 24
6028 24
6029 24
6030 24
6031 24
6032 24
6033 24
6034 24
6035 24
6036 24
6037 24
6038 24
6039 24
6040 24
6041 24
6042 24
6043 24
6044 24
6045 24
6046 24
6047 24
6048 24
6049 24
6050 24
6051 24
6052 24
6053 24
6054 24
6055 24
6056 24
6057 24
6058 24
6059 24
6060 24
6061 24
6062 24
6063 24
6064 24
6065 24
6066 24
6067 24
6068 24
6069 24
6070 24
6071 24
6072 24
6073 24
6074 24
6075 24
6076 24
6077 24
6078 24
6079 24
6080 24
6081 24
6082 24
6083 24
6084 24
6085 24
6086 24
6087 24
6088 24
6089 24
6090 24
6091 24
6092 24
6093 24
6094 24
6095 24
6096 24
6097 24
6098 24
6099 24
6100 24
6101 24
6102 24
6103 24
6104 24
6105 24
6106 24
6107 24
6108 24
6109 24
6110 24
6111 24
6112 24
6113 24
6114 24
6115 24
6116 24
6117 24
6118 24
6119 24
6120 24
6121 24
6122 24
6123 24
6124 24
6125 24
6126 24
6127 24
6128 24
6129 24
6130 24
6131 24
6132 24
6133 24
6134 24
6135 24
6136 24
6137 24
6138 24
6139 24
6140 24
6141 24
6142 24
6143 24
6144 24
6145 24
6146 24
6147 24
6148 24
6149 24
6150 24
6151 24
6152 24
6153 24
6154 24
6155 24
6156 24
6157 24
6158 24
6159 24
6160 24
6161 24
6162 24
6163 24
6164 24
6165 24
6166 24
6167 24
6168 24
6169 24
6170 24
6171 24
6172 24
6173 24
6174 24
6175 24
6176 24
6177 24
6178 24
6179 24
6180 24
6181 24
6182 24
6183 24
6184 24
6185 24
6186 24
6187 24
6188 24
6189 24
6190 24
6191 24
6192 24
6193 24
6194 24
6195 24
6196 24
6197 24
6198 24
6199 24
6200 24
6201 24
6202 24
6203 24
6204 24
6205 24
6206 24
6207 24
6208 24
6209 24
6210 24
6211 24
6212 24
6213 24
6214 24
6215 24
6216 24
6217 24
6218 24
6219 24
6220 24
6221 24
6222 24
6223 24
6224 24
6225 24
6226 24
6227 24
6228 24
6229 24
6230 24
6231 24
6232 24
6233 24
6234 24
6235 24
6236 24
6237 24
6238 24
6239 24
6240 24
6241 24
6242 24
6243 24
6244 24
6245 24
6246 24
6247 24
6248 24
6249 24
6250 24
6251 24
6252 24
6253 24
6254 24
6255 24
6256 24
6257 24
6258 24
6259 24
6260 24
6261 24
6262 24
6263 24
6264 24
6265 24
6266 24
6267 24
6268 24
6269 24
6270 24
6271 24
6272 24
6273 24
6274 24
6275 24
6276 24
6277 24
6278 24
6279 24
6280 24
6281 24
6282 24
6283 24
6284 24
6285 24
6286 24
6287 24
6288 24
6289 24
6290 24
6291 24
6292 24
6293 24
6294 24
6295 24
6296 24
6297 24
6298 24
6299 24
6300 24
6301 24
6302 24
6303 24
6304 24
6305 24
6306 24
6307 24
6308 24
6309 24
6310 24
6311 24
6312 24
6313 24
6314 24
6315 24
6316 24
6317 24
6318 24
6319 24
6320 24
6321 24
6322 24
6323 24
6324 24
6325 24
6326 24
6327 24
6328 24
6329 24
6330 24
6331 24
6332 24
6333 24
6334 24
6335 24
6336 24
6337 24
6338 24
6339 24
6340 24
6341 24
6342 24
6343 24
6344 24
6345 24
6346 24
6347 24
6348 24
6349 24
6350 24
6351 24
6352 24
6353 24
6354 24
6355 24
6356 24
6357 24
6358 24
6359 24
6360 24
6361 24
6362 24
6363 24
6364 24
6365 24
6366 24
6367 24
6368 24
6369 24
6370 24
6371 24
6372 24
6373 24
6374 24
6375 24
6376 24
6377 24
6378 24
6379 24
6380 24
6381 24
6382 24
6383 24
6384 24
6385 24
6386 24
6387 24
6388 24
6389 24
6390 24
6391 24
6392 24
6393 24
6394 24
6395 24
6396 24
6397 24
6398 24
6399 24
6400 24
6401 24
6402 24
6403 24
6404 24
6405 24
6406 24
6407 24
6408 24
6409 24
6410 24
6411 24
6412 24
6413 24
6414 24
6415 24
6416 24
6417 24
6418 24
6419 24
6420 24
6421 24
6422 24
6423 24
6424 24
6425 24
6426 24
6427 24
6428 24
6429 24
6430 24
6431 24
6432 24
6433 24
6434 24
6435 24
6436 24
6437 24
6438 24
6439 24
6440 24
6441 24
6442 24
6443 24
6444 24
6445 24
6446 24
6447 24
6448 24
6449 24
6450 24
6451 24
6452 24
6453 24
6454 24
6455 24
6456 24
6457 24
6458 24
6459 24
6460 24
6461 24
6462 24
6463 24
6464 24
6465 24
6466 24
6467 24
6468 24
6469 24
6470 24
6471 24
6472 24
6473 24
6474 24
6475 24
6476 24
6477 24
6478 24
6479 24
6480 24
6481 24
6482 24
6483 24
6484 24
6485 24
6486 25
6487 25
6488 25
6489 25
6490 25
6491 25
6492 25
6493 25
6494 25
6495 25
6496 25
6497 25
6498 25
6499 25
6500 25
6501 25
6502 25
6503 25
6504 25
6505 25
6506 25
6507 25
6508 25
6509 25
6510 25
6511 25
6512 25
6513 25
6514 25
6515 25
6516 25
6517 25
6518 25
6519 25
6520 25
6521 25
6522 25
6523 25
6524 25
6525 25
6526 25
6527 25
6528 25
6529 25
6530 25
6531 25
6532 25
6533 25
6534 25
6535 25
6536 25
6537 25
6538 25
6539 25
6540 25
6541 26
6542 26
6543 26
6544 26
6545 26
6546 26
6547 26
6548 26
6549 26
6550 26
6551 26
6552 26
6553 26
6554 26
6555 26
6556 26
6557 26
6558 26
6559 26
6560 26
6561 26
6562 26
6563 26
6564 26
6565 26
6566 26
6567 26
6568 26
6569 26
6570 26
6571 26
6572 26
6573 26
6574 26
6575 26
6576 26
6577 26
6578 26
6579 26
6580 26
6581 26
6582 26
6583 26
6584 26
6585 26
6586 26
6587 26
6588 26
6589 26
6590 26
6591 26
6592 26
6593 26
6594 26
6595 26
6596 26
6597 26
6598 26
6599 26
6600 26
6601 26
6602 26
6603 26
6604 26
6605 26
6606 26
6607 26
6608 26
6609 26
6610 26
6611 26
6612 26
6613 26
6614 26
6615 26
6616 26
6617 26
6618 26
6619 26
6620 26
6621 26
6622 26
6623 26
6624 26
6625 26
6626 26
6627 26
6628 26
6629 26
6630 26
6631 26
6632 26
6633 26
6634 26
6635 26
6636 26
6637 26
6638 26
6639 26
6640 26
6641 26
6642 26
6643 26
6644 26
6645 26
6646 26
6647 26
6648 26
6649 26
6650 26
6651 26
6652 26
6653 26
6654 26
6655 26
6656 26
6657 26
6658 26
6659 26
6660 26
6661 26
6662 26
6663 26
6664 26
6665 26
6666 26
6667 26
6668 26
6669 26
6670 26
6671 26
6672 26
6673 26
6674 26
6675 26
6676 26
6677 26
6678 26
6679 26
6680 26
6681 26
6682 26
6683 26
6684 26
6685 26
6686 26
6687 26
6688 26
6689 26
6690 26
6691 26
6692 26
6693 26
6694 26
6695 26
6696 26
6697 26
6698 26
6699 26
6700 26
6701 26
6702 26
6703 26
6704 26
6705 26
6706 26
6707 26
6708 26
6709 26
6710 26
6711 26
6712 26
6713 26
6714 26
6715 26
6716 26
6717 26
6718 26
6719 26
6720 26
6721 26
6722 26
6723 26
6724 26
6725 26
6726 26
6727 26
6728 26
6729 26
6730 26
6731 26
6732 26
6733 26
6734 26
6735 26
6736 26
6737 26
6738 26
6739 26
6740 26
6741 26
6742 26
6743 26
6744 26
6745 26
6746 26
6747 26
6748 26
6749 26
6750 26
6751 26
6752 26
6753 26
6754 26
6755 26
6756 26
6757 26
6758 26
6759 26
6760 26
6761 26
6762 26
6763 26
6764 26
6765 26
6766 26
6767 26
6768 26
6769 26
6770 26
6771 26
6772 26
6773 26
6774 26
6775 26
6776 26
6777 26
6778 26
6779 26
6780 26
6781 26
6782 26
6783 26
6784 26
6785 26
6786 26
6787 26
6788 26
6789 26
6790 26
6791 26
6792 26
6793 26
6794 26
6795 26
6796 26
6797 26
6798 26
6799 26
6800 26
6801 26
6802 26
6803 26
6804 26
6805 26
6806 26
6807 26
6808 26
6809 26
6810 26
6811 26
6812 26
6813 26
6814 26
6815 26
6816 26
6817 26
6818 26
6819 26
6820 26
6821 26
6822 26
6823 26
6824 26
6825 26
6826 26
6827 26
6828 26
6829 26
6830 26
6831 26
6832 26
6833 26
6834 26
6835 26
6836 26
6837 26
6838 26
6839 26
6840 26
6841 26
6842 26
6843 26
6844 26
6845 26
6846 26
6847 26
6848 26
6849 26
6850 26
6851 26
6852 26
6853 26
6854 26
6855 26
6856 26
6857 26
6858 26
6859 26
6860 26
6861 26
6862 26
6863 26
6864 26
6865 26
6866 26
6867 26
6868 26
6869 26
6870 26
6871 26
6872 26
6873 26
6874 26
6875 26
6876 26
6877 26
6878 26
6879 26
6880 26
6881 26
6882 26
6883 26
6884 26
6885 26
6886 26
6887 26
6888 26
6889 26
6890 26
6891 26
6892 26
6893 26
6894 26
6895 26
6896 26
6897 26
6898 26
6899 26
6900 26
6901 26
6902 26
6903 26
6904 26
6905 26
6906 26
6907 26
6908 26
6909 26
6910 26
6911 26
6912 26
6913 26
6914 26
6915 26
6916 26
6917 26
6918 26
6919 26
6920 26
6921 26
6922 26
6923 26
6924 26
6925 26
6926 26
6927 26
6928 26
6929 26
6930 26
6931 26
6932 26
6933 26
6934 26
6935 26
6936 26
6937 26
6938 26
6939 26
6940 26
6941 26
6942 26
6943 26
6944 26
6945 26
6946 26
6947 26
6948 26
6949 26
6950 26
6951 26
6952 26
6953 26
6954 26
6955 26
6956 26
6957 26
6958 26
6959 26
6960 26
6961 26
6962 26
6963 26
6964 26
6965 26
6966 26
6967 26
6968 26
6969 26
6970 26
6971 26
6972 26
6973 26
6974 26
6975 26
6976 26
6977 26
6978 26
6979 26
6980 26
6981 27
6982 27
6983 27
6984 27
6985 27
6986 27
6987 27
6988 27
6989 27
6990 27
6991 27
6992 27
6993 27
6994 27
6995 27
6996 27
6997 27
6998 27
6999 27
7000 27
7001 27
7002 27
7003 27
7004 27
7005 27
7006 27
7007 27
7008 27
7009 27
7010 27
7011 27
7012 27
7013 27
7014 27
7015 27
7016 27
7017 27
7018 27
7019 27
7020 27
7021 27
7022 27
7023 27
7024 27
7025 27
7026 27
7027 27
7028 27
7029 27
7030 27
7031 27
7032 27
7033 27
7034 27
7035 27
7036 27
7037 27
7038 27
7039 27
7040 27
7041 27
7042 27
7043 27
7044 27
7045 27
7046 27
7047 27
7048 27
7049 27
7050 27
7051 27
7052 27
7053 27
7054 27
7055 27
7056 27
7057 27
7058 27
7059 27
7060 27
7061 27
7062 27
7063 27
7064 27
7065 27
7066 27
7067 27
7068 27
7069 27
7070 27
7071 27
7072 27
7073 27
7074 27
7075 27
7076 27
7077 27
7078 27
7079 27
7080 27
7081 27
7082 27
7083 27
7084 27
7085 27
7086 27
7087 27
7088 27
7089 27
7090 27
7091 27
7092 27
7093 27
7094 27
7095 27
7096 27
7097 27
7098 27
7099 27
7100 27
7101 27
7102 27
7103 27
7104 27
7105 27
7106 27
7107 27
7108 27
7109 27
7110 27
7111 27
7112 27
7113 27
7114 27
7115 27
7116 27
7117 27
7118 27
7119 27
7120 27
7121 27
7122 27
7123 27
7124 27
7125 27
7126 27
7127 27
7128 27
7129 27
7130 27
7131 27
7132 27
7133 27
7134 27
7135 27
7136 27
7137 27
7138 27
7139 27
7140 27
7141 27
7142 27
7143 27
7144 27
7145 27
7146 27
7147 27
7148 27
7149 27
7150 27
7151 27
7152 27
7153 27
7154 27
7155 27
7156 27
7157 27
7158 27
7159 27
7160 27
7161 27
7162 27
7163 27
7164 27
7165 27
7166 27
7167 27
7168 27
7169 27
7170 27
7171 27
7172 27
7173 27
7174 27
7175 27
7176 27
7177 27
7178 27
7179 27
7180 27
7181 27
7182 27
7183 27
7184 27
7185 27
7186 27
7187 27
7188 27
7189 27
7190 27
7191 27
7192 27
7193 27
7194 27
7195 27
7196 27
7197 27
7198 27
7199 27
7200 27
7201 27
7202 27
7203 27
7204 27
7205 27
7206 27
7207 27
7208 27
7209 27
7210 27
7211 27
7212 27
7213 27
7214 27
7215 27
7216 27
7217 27
7218 27
7219 27
7220 27
7221 27
7222 27
7223 27
7224 27
7225 27
7226 27
7227 27
7228 27
7229 27
7230 27
7231 27
7232 27
7233 27
7234 27
7235 27
7236 27
7237 27
7238 27
7239 27
7240 27
7241 27
7242 27
7243 27
7244 27
7245 27
7246 27
7247 27
7248 27
7249 27
7250 27
7251 27
7252 27
7253 27
7254 27
7255 27
7256 27
7257 27
7258 27
7259 27
7260 27
7261 27
7262 27
7263 27
7264 27
7265 27
7266 27
7267 27
7268 27
7269 27
7270 27
7271 27
7272 27
7273 27
7274 27
7275 27
7276 27
7277 27
7278 27
7279 27
7280 27
7281 27
7282 27
7283 27
7284 27
7285 27
7286 27
7287 27
7288 27
7289 27
7290 27
7291 27
7292 27
7293 27
7294 27
7295 27
7296 27
7297 27
7298 27
7299 27
7300 27
7301 27
7302 27
7303 27
7304 27
7305 27
7306 27
7307 27
7308 27
7309 27
7310 27
7311 27
7312 27
7313 27
7314 27
7315 27
7316 27
7317 27
7318 27
7319 27
7320 27
7321 27
7322 27
7323 27
7324 27
7325 27
7326 27
7327 27
7328 27
7329 27
7330 27
7331 27
7332 27
7333 27
7334 27
7335 27
7336 27
7337 27
7338 27
7339 27
7340 27
7341 27
7342 27
7343 27
7344 27
7345 27
7346 27
7347 27
7348 27
7349 27
7350 27
7351 27
7352 27
7353 27
7354 27
7355 27
7356 27
7357 27
7358 27
7359 27
7360 27
7361 27
7362 27
7363 27
7364 27
7365 27
7366 27
7367 27
7368 27
7369 27
7370 27
7371 27
7372 27
7373 27
7374 27
7375 27
7376 27
7377 27
7378 27
7379 27
7380 27
7381 27
7382 27
7383 27
7384 27
7385 27
7386 27
7387 27
7388 27
7389 27
7390 27
7391 27
7392 27
7393 27
7394 27
7395 27
7396 27
7397 27
7398 27
7399 27
7400 27
7401 27
7402 27
7403 27
7404 27
7405 27
7406 27
7407 27
7408 27
7409 27
7410 27
7411 27
7412 27
7413 27
7414 27
7415 27
7416 27
7417 27
7418 27
7419 27
7420 27
7421 27
7422 27
7423 27
7424 27
7425 27
7426 27
7427 27
7428 27
7429 27
7430 27
7431 27
7432 27
7433 27
7434 27
7435 27
7436 27
7437 27
7438 27
7439 27
7440 27
7441 27
7442 27
7443 27
7444 27
7445 27
7446 27
7447 27
7448 27
7449 27
7450 27
7451 27
7452 27
7453 27
7454 27
7455 27
7456 27
7457 27
7458 27
7459 27
7460 27
7461 27
7462 27
7463 27
7464 27
7465 27
7466 27
7467 27
7468 27
7469 27
7470 27
7471 27
7472 27
7473 27
7474 27
7475 27
7476 27
7477 27
7478 27
7479 27
7480 27
7481 27
7482 27
7483 27
7484 27
7485 27
7486 27
7487 27
7488 27
7489 27
7490 27
7491 27
7492 27
7493 27
7494 27
7495 27
7496 27
7497 27
7498 27
7499 27
7500 27
7501 27
7502 27
7503 27
7504 27
7505 27
7506 27
7507 27
7508 27
7509 27
7510 27
7511 27
7512 27
7513 27
7514 27
7515 27
7516 27
7517 27
7518 27
7519 27
7520 27
7521 27
7522 27
7523 27
7524 27
7525 27
7526 27
7527 27
7528 27
7529 27
7530 27
7531 27
7532 27
7533 27
7534 27
7535 27
7536 27
7537 27
7538 27
7539 27
7540 27
7541 27
7542 27
7543 27
7544 27
7545 27
7546 27
7547 27
7548 27
7549 27
7550 27
7551 27
7552 27
7553 27
7554 27
7555 27
7556 27
7557 27
7558 27
7559 27
7560 27
7561 27
7562 27
7563 27
7564 27
7565 27
7566 27
7567 27
7568 27
7569 27
7570 27
7571 27
7572 27
7573 27
7574 27
7575 27
7576 27
7577 27
7578 27
7579 27
7580 27
7581 27
7582 27
7583 27
7584 27
7585 27
7586 27
7587 27
7588 27
7589 27
7590 27
7591 27
7592 27
7593 27
7594 27
7595 27
7596 27
7597 27
7598 27
7599 27
7600 27
7601 27
7602 27
7603 27
7604 27
7605 27
7606 27
7607 27
7608 27
7609 27
7610 27
7611 27
7612 27
7613 27
7614 27
7615 27
7616 27
7617 27
7618 27
7619 27
7620 27
7621 27
7622 27
7623 27
7624 27
7625 27
7626 27
7627 27
7628 27
7629 27
7630 27
7631 27
7632 27
7633 27
7634 27
7635 27
7636 27
7637 27
7638 27
7639 27
7640 27
7641 27
7642 27
7643 27
7644 27
7645 27
7646 27
7647 27
7648 27
7649 27
7650 27
7651 27
7652 27
7653 27
7654 27
7655 27
7656 27
7657 27
7658 27
7659 27
7660 27
7661 27
7662 27
7663 27
7664 27
7665 27
7666 27
7667 27
7668 27
7669 27
7670 27
7671 27
7672 27
7673 27
7674 27
7675 27
7676 27
7677 27
7678 27
7679 27
7680 27
7681 27
7682 27
7683 27
7684 27
7685 27
7686 27
7687 27
7688 27
7689 27
7690 27
7691 27
7692 27
7693 27
7694 27
7695 27
7696 27
7697 27
7698 27
7699 27
7700 27
7701 27
7702 27
7703 27
7704 27
7705 27
7706 27
7707 27
7708 27
7709 27
7710 27
7711 27
7712 27
7713 27
7714 27
7715 27
7716 27
7717 27
7718 27
7719 27
7720 27
7721 27
7722 27
7723 27
7724 27
7725 27
7726 27
7727 27
7728 27
7729 27
7730 27
7731 27
7732 27
7733 27
7734 27
7735 27
7736 27
7737 27
7738 27
7739 27
7740 27
7741 27
7742 27
7743 27
7744 27
7745 27
7746 27
7747 27
7748 27
7749 27
7750 27
7751 27
7752 27
7753 27
7754 27
7755 27
7756 27
7757 27
7758 27
7759 27
7760 27
7761 27
7762 27
7763 27
7764 27
7765 27
7766 27
7767 27
7768 27
7769 27
7770 27
7771 27
7772 27
7773 27
7774 27
7775 27
7776 27
7777 27
7778 27
7779 27
7780 27
7781 27
7782 27
7783 27
7784 27
7785 27
7786 27
7787 27
7788 27
7789 27
7790 27
7791 27
7792 27
7793 27
7794 27
7795 27
7796 27
7797 27
7798 27
7799 27
7800 27
7801 27
7802 27
7803 27
7804 27
7805 27
7806 27
7807 27
7808 27
7809 27
7810 27
7811 27
7812 27
7813 27
7814 27
7815 27
7816 27
7817 27
7818 27
7819 27
7820 27
7821 27
7822 27
7823 27
7824 27
7825 27
7826 27
7827 27
7828 27
7829 27
7830 27
7831 27
7832 27
7833 27
7834 27
7835 27
7836 27
7837 27
7838 27
7839 27
7840 27
7841 27
7842 27
7843 27
7844 27
7845 27
7846 27
7847 27
7848 27
7849 27
7850 27
7851 27
7852 27
7853 27
7854 27
7855 27
7856 27
7857 27
7858 27
7859 27
7860 27
7861 27
7862 27
7863 27
7864 27
7865 27
7866 27
7867 27
7868 27
7869 27
7870 27
7871 27
7872 27
7873 27
7874 27
7875 27
7876 27
7877 27
7878 27
7879 27
7880 27
7881 27
7882 27
7883 27
7884 27
7885 27
7886 27
7887 27
7888 27
7889 27
7890 27
7891 27
7892 27
7893 27
7894 27
7895 27
7896 27
7897 27
7898 27
7899 27
7900 27
7901 27
7902 27
7903 27
7904 27
7905 27
7906 27
7907 27
7908 27
7909 27
7910 27
7911 27
7912 27
7913 27
7914 27
7915 27
7916 27
7917 27
7918 27
7919 27
7920 27
7921 27
7922 27
7923 27
7924 27
7925 27
7926 27
7927 27
7928 27
7929 27
7930 27
7931 27
7932 27
7933 27
7934 27
7935 27
7936 27
7937 27
7938 27
7939 27
7940 27
7941 27
7942 27
7943 27
7944 27
7945 27
7946 27
7947 27
7948 27
7949 27
7950 27
7951 27
7952 27
7953 27
7954 27
7955 27
7956 27
7957 27
7958 27
7959 27
7960 27
7961 27
7962 27
7963 27
7964 27
7965 27
7966 27
7967 27
7968 27
7969 27
7970 27
7971 27
7972 27
7973 27
7974 27
7975 27
7976 27
7977 27
7978 27
7979 27
7980 27
7981 27
7982 27
7983 27
7984 27
7985 27
7986 27
7987 27
7988 27
7989 27
7990 27
7991 27
7992 27
7993 27
7994 27
7995 27
7996 27
7997 27
7998 27
7999 27
8000 27
8001 27
8002 27
8003 27
8004 27
8005 27
8006 27
8007 27
8008 27
8009 27
8010 27
8011 27
8012 27
8013 27
8014 27
8015 27
8016 27
8017 27
8018 27
8019 27
8020 27
8021 27
8022 27
8023 27
8024 27
8025 27
8026 27
8027 27
8028 27
8029 27
8030 27
8031 27
8032 27
8033 27
8034 27
8035 27
8036 27
8037 27
8038 27
8039 27
8040 27
8041 27
8042 27
8043 27
8044 27
8045 27
8046 27
8047 27
8048 27
8049 27
8050 27
8051 27
8052 27
8053 27
8054 27
8055 27
8056 27
8057 27
8058 27
8059 27
8060 27
8061 27
8062 27
8063 27
8064 27
8065 27
8066 27
8067 27
8068 27
8069 27
8070 27
8071 27
8072 27
8073 27
8074 27
8075 27
8076 27
8077 27
8078 27
8079 27
8080 27
8081 27
8082 27
8083 27
8084 27
8085 27
8086 27
8087 27
8088 27
8089 27
8090 27
8091 27
8092 27
8093 27
8094 27
8095 27
8096 27
8097 27
8098 27
8099 27
8100 27
8101 27
8102 27
8103 27
8104 27
8105 27
8106 27
8107 27
8108 27
8109 27
8110 27
8111 27
8112 27
8113 27
8114 27
8115 27
8116 27
8117 27
8118 27
8119 27
8120 27
8121 27
8122 27
8123 27
8124 27
8125 27
8126 27
8127 27
8128 27
8129 27
8130 27
8131 27
8132 27
8133 27
8134 27
8135 27
8136 27
8137 27
8138 27
8139 27
8140 27
8141 27
8142 27
8143 27
8144 27
8145 27
8146 27
8147 27
8148 27
8149 27
8150 27
8151 27
8152 27
8153 27
8154 27
8155 27
8156 27
8157 27
8158 27
8159 27
8160 27
8161 27
8162 27
8163 27
8164 27
8165 27
8166 27
8167 27
8168 27
8169 27
8170 27
8171 27
8172 27
8173 27
8174 27
8175 27
8176 27
8177 27
8178 27
8179 27
8180 27
8181 27
8182 27
8183 27
8184 27
8185 27
8186 27
8187 27
8188 27
8189 27
8190 27
8191 27
8192 27
8193 27
8194 27
8195 27
8196 27
8197 27
8198 27
8199 27
8200 27
8201 27
8202 27
8203 27
8204 27
8205 27
8206 27
8207 27
8208 27
8209 27
8210 27
8211 27
8212 27
8213 27
8214 27
8215 27
8216 27
8217 27
8218 27
8219 27
8220 27
8221 27
8222 27
8223 27
8224 27
8225 27
8226 27
8227 27
8228 27
8229 27
8230 27
8231 27
8232 27
8233 27
8234 27
8235 27
8236 27
8237 27
8238 27
8239 27
8240 27
8241 27
8242 27
8243 27
8244 27
8245 27
8246 27
8247 27
8248 27
8249 27
8250 28
8251 28
8252 28
8253 28
8254 28
8255 28
8256 28
8257 28
8258 28
8259 28
8260 28
8261 28
8262 28
8263 28
8264 28
8265 28
8266 28
8267 28
8268 28
8269 28
8270 28
8271 28
8272 28
8273 28
8274 28
8275 28
8276 28
8277 28
8278 28
8279 28
8280 28
8281 28
8282 28
8283 28
8284 28
8285 28
8286 28
8287 28
8288 28
8289 28
8290 28
8291 28
8292 28
8293 28
8294 28
8295 28
8296 28
8297 28
8298 28
8299 28
8300 28
8301 28
8302 28
8303 28
8304 28
8305 28
8306 28
8307 28
8308 28
8309 28
8310 28
8311 28
8312 28
8313 28
8314 28
8315 28
8316 28
8317 28
8318 28
8319 28
8320 28
8321 28
8322 28
8323 28
8324 28
8325 28
8326 28
8327 28
8328 28
8329 28
8330 28
8331 28
8332 28
8333 28
8334 28
8335 28
8336 28
8337 28
8338 28
8339 28
8340 28
8341 28
8342 28
8343 28
8344 28
8345 28
8346 28
8347 28
8348 28
8349 28
8350 28
8351 28
8352 28
8353 28
8354 28
8355 28
8356 28
8357 28
8358 28
8359 28
8360 28
8361 28
8362 28
8363 28
8364 28
8365 28
8366 28
8367 28
8368 28
8369 28
8370 28
8371 28
8372 28
8373 28
8374 28
8375 28
8376 28
8377 28
8378 28
8379 28
8380 28
8381 28
8382 28
8383 28
8384 28
8385 28
8386 28
8387 28
8388 28
8389 28
8390 28
8391 28
8392 28
8393 28
8394 28
8395 28
8396 28
8397 28
8398 28
8399 28
8400 28
8401 28
8402 28
8403 28
8404 28
8405 28
8406 28
8407 28
8408 28
8409 28
8410 28
8411 28
8412 28
8413 28
8414 28
8415 28
8416 28
8417 28
8418 28
8419 28
8420 28
8421 28
8422 28
8423 28
8424 28
8425 28
8426 28
8427 28
8428 28
8429 28
8430 28
8431 28
8432 28
8433 28
8434 28
8435 28
8436 28
8437 28
8438 28
8439 28
8440 28
8441 28
8442 28
8443 28
8444 28
8445 28
8446 28
8447 28
8448 28
8449 28
8450 28
8451 28
8452 28
8453 28
8454 28
8455 28
8456 28
8457 28
8458 28
8459 28
8460 28
8461 28
8462 28
8463 28
8464 28
8465 28
8466 28
8467 28
8468 28
8469 28
8470 28
8471 28
8472 28
8473 28
8474 28
8475 28
8476 28
8477 28
8478 28
8479 28
8480 28
8481 28
8482 28
8483 28
8484 28
8485 28
8486 28
8487 28
8488 28
8489 28
8490 28
8491 28
8492 28
8493 28
8494 28
8495 28
8496 28
8497 28
8498 28
8499 28
8500 28
8501 28
8502 28
8503 28
8504 28
8505 28
8506 28
8507 28
8508 28
8509 28
8510 28
8511 28
8512 28
8513 28
8514 28
8515 28
8516 28
8517 28
8518 28
8519 28
8520 28
8521 28
8522 28
8523 28
8524 28
8525 28
8526 28
8527 28
8528 28
8529 28
8530 28
8531 28
8532 28
8533 28
8534 28
8535 28
8536 28
8537 28
8538 28
8539 28
8540 28
8541 28
8542 28
8543 28
8544 28
8545 28
8546 28
8547 28
8548 28
8549 28
8550 28
8551 28
8552 28
8553 28
8554 28
8555 28
8556 28
8557 28
8558 28
8559 28
8560 28
8561 28
8562 28
8563 28
8564 28
8565 28
8566 28
8567 28
8568 28
8569 28
8570 28
8571 28
8572 28
8573 28
8574 28
8575 28
8576 28
8577 28
8578 28
8579 28
8580 28
8581 28
8582 28
8583 28
8584 28
8585 28
8586 28
8587 28
8588 28
8589 28
8590 28
8591 28
8592 28
8593 28
8594 28
8595 28
8596 28
8597 28
8598 28
8599 28
8600 28
8601 28
8602 28
8603 28
8604 28
8605 28
8606 28
8607 28
8608 28
8609 28
8610 28
8611 28
8612 28
8613 28
8614 28
8615 28
8616 28
8617 28
8618 28
8619 28
8620 28
8621 28
8622 28
8623 28
8624 28
8625 28
8626 28
8627 28
8628 28
8629 28
8630 28
8631 28
8632 28
8633 28
8634 28
8635 28
8636 28
8637 28
8638 28
8639 28
8640 28
8641 28
8642 28
8643 28
8644 28
8645 28
8646 28
8647 28
8648 28
8649 28
8650 28
8651 28
8652 28
8653 28
8654 28
8655 28
8656 28
8657 28
8658 28
8659 28
8660 28
8661 28
8662 28
8663 28
8664 28
8665 28
8666 28
8667 28
8668 28
8669 28
8670 28
8671 28
8672 28
8673 28
8674 28
8675 28
8676 28
8677 28
8678 28
8679 28
8680 28
8681 28
8682 28
8683 28
8684 28
8685 28
8686 28
8687 28
8688 28
8689 28
8690 28
8691 28
8692 28
8693 28
8694 28
8695 28
8696 28
8697 28
8698 28
8699 28
8700 28
8701 28
8702 28
8703 28
8704 28
8705 28
8706 28
8707 28
8708 28
8709 28
8710 28
8711 28
8712 28
8713 28
8714 28
8715 28
8716 28
8717 28
8718 28
8719 28
8720 28
8721 28
8722 28
8723 28
8724 28
8725 28
8726 28
8727 28
8728 28
8729 28
8730 28
8731 28
8732 28
8733 28
8734 28
8735 28
8736 28
8737 28
8738 28
8739 28
8740 28
8741 28
8742 28
8743 28
8744 28
8745 28
8746 28
8747 28
8748 28
8749 28
8750 28
8751 28
8752 28
8753 28
8754 28
8755 28
8756 28
8757 28
8758 28
8759 28
8760 28
8761 28
8762 28
8763 28
8764 28
8765 28
8766 28
8767 28
8768 28
8769 28
8770 28
8771 28
8772 28
8773 28
8774 28
8775 28
8776 28
8777 28
8778 28
8779 28
8780 28
8781 28
8782 28
8783 28
8784 28
8785 28
8786 28
8787 28
8788 28
8789 28
8790 28
8791 28
8792 28
8793 28
8794 28
8795 28
8796 28
8797 28
8798 28
8799 28
8800 28
8801 28
8802 28
8803 28
8804 28
8805 28
8806 28
8807 28
8808 28
8809 28
8810 28
8811 28
8812 28
8813 28
8814 28
8815 28
8816 28
8817 28
8818 28
8819 28
8820 28
8821 28
8822 28
8823 28
8824 28
8825 28
8826 28
8827 28
8828 28
8829 28
8830 28
8831 28
8832 28
8833 28
8834 28
8835 28
8836 28
8837 28
8838 28
8839 28
8840 28
8841 28
8842 28
8843 28
8844 28
8845 28
8846 28
8847 28
8848 28
8849 28
8850 28
8851 28
8852 28
8853 28
8854 28
8855 28
8856 28
8857 28
8858 28
8859 28
8860 28
8861 28
8862 28
8863 28
8864 28
8865 28
8866 28
8867 28
8868 28
8869 28
8870 28
8871 28
8872 28
8873 28
8874 28
8875 28
8876 28
8877 28
8878 28
8879 28
8880 28
8881 28
8882 28
8883 28
8884 28
8885 28
8886 28
8887 28
8888 28
8889 28
8890 28
8891 28
8892 28
8893 28
8894 28
8895 28
8896 28
8897 28
8898 28
8899 28
8900 28
8901 28
8902 28
8903 28
8904 28
8905 28
8906 28
8907 28
8908 28
8909 28
8910 28
8911 28
8912 28
8913 28
8914 28
8915 28
8916 28
8917 28
8918 28
8919 28
8920 28
8921 28
8922 28
8923 28
8924 28
8925 28
8926 28
8927 28
8928 28
8929 28
8930 28
8931 28
8932 28
8933 28
8934 28
8935 28
8936 28
8937 28
8938 28
8939 28
8940 28
8941 28
8942 28
8943 28
8944 28
8945 28
8946 28
8947 28
8948 28
8949 28
8950 28
8951 28
8952 28
8953 28
8954 28
8955 28
8956 28
8957 28
8958 28
8959 28
8960 28
8961 28
8962 28
8963 28
8964 28
8965 28
8966 28
8967 28
8968 28
8969 28
8970 28
8971 28
8972 28
8973 28
8974 28
8975 28
8976 28
8977 28
8978 28
8979 28
8980 28
8981 28
8982 28
8983 28
8984 28
8985 28
8986 28
8987 28
8988 28
8989 28
8990 28
8991 28
8992 28
8993 28
8994 28
8995 28
8996 28
8997 28
8998 28
8999 28
9000 28
9001 28
9002 28
9003 28
9004 28
9005 28
9006 28
9007 28
9008 28
9009 28
9010 28
9011 28
9012 28
9013 28
9014 28
9015 28
9016 28
9017 28
9018 28
9019 28
9020 28
9021 28
9022 28
9023 28
9024 28
9025 28
9026 28
9027 28
9028 28
9029 28
9030 28
9031 28
9032 28
9033 28
9034 28
9035 28
9036 28
9037 28
9038 28
9039 28
9040 28
9041 28
9042 28
9043 28
9044 28
9045 28
9046 28
9047 28
9048 28
9049 28
9050 28
9051 28
9052 28
9053 28
9054 28
9055 28
9056 28
9057 28
9058 28
9059 28
9060 28
9061 28
9062 28
9063 28
9064 28
9065 28
9066 28
9067 28
9068 28
9069 28
9070 28
9071 28
9072 28
9073 28
9074 28
9075 28
9076 28
9077 28
9078 28
9079 28
9080 28
9081 28
9082 28
9083 28
9084 28
9085 28
9086 28
9087 28
9088 28
9089 28
9090 28
9091 28
9092 28
9093 28
9094 28
9095 28
9096 28
9097 28
9098 28
9099 28
9100 28
9101 28
9102 28
9103 28
9104 28
9105 28
9106 28
9107 28
9108 28
9109 28
9110 28
9111 28
9112 28
9113 28
9114 28
9115 28
9116 28
9117 28
9118 28
9119 28
9120 28
9121 28
9122 28
9123 28
9124 28
9125 28
9126 28
9127 28
9128 28
9129 28
9130 28
9131 28
9132 28
9133 28
9134 28
9135 28
9136 28
9137 28
9138 28
9139 28
9140 28
9141 28
9142 28
9143 28
9144 28
9145 28
9146 28
9147 28
9148 28
9149 28
9150 28
9151 28
9152 28
9153 28
9154 28
9155 28
9156 28
9157 28
9158 28
9159 28
9160 28
9161 28
9162 28
9163 28
9164 28
9165 28
9166 28
9167 28
9168 28
9169 28
9170 28
9171 28
9172 28
9173 28
9174 28
9175 28
9176 28
9177 28
9178 28
9179 28
9180 28
9181 28
9182 28
9183 28
9184 28
9185 28
9186 28
9187 28
9188 28
9189 28
9190 28
9191 28
9192 28
9193 28
9194 28
9195 28
9196 28
9197 28
9198 28
9199 28
9200 28
9201 28
9202 28
9203 28
9204 28
9205 28
9206 28
9207 28
9208 28
9209 28
9210 28
9211 28
9212 28
9213 28
9214 28
9215 28
9216 28
9217 28
9218 28
9219 28
9220 28
9221 28
9222 28
9223 28
9224 28
9225 28
9226 28
9227 28
9228 28
9229 28
9230 28
9231 28
9232 28
9233 28
9234 28
9235 28
9236 28
9237 28
9238 28
9239 28
9240 28
9241 28
9242 28
9243 28
9244 28
9245 28
9246 28
9247 28
9248 28
9249 28
9250 28
9251 28
9252 28
9253 28
9254 28
9255 28
9256 28
9257 28
9258 28
9259 28
9260 28
9261 28
9262 28
9263 28
9264 28
9265 28
9266 28
9267 28
9268 28
9269 28
9270 28
9271 28
9272 28
9273 28
9274 28
9275 28
9276 28
9277 28
9278 28
9279 28
9280 28
9281 28
9282 28
9283 28
9284 28
9285 28
9286 28
9287 28
9288 28
9289 28
9290 28
9291 28
9292 28
9293 28
9294 28
9295 28
9296 28
9297 28
9298 28
9299 28
9300 28
9301 28
9302 28
9303 28
9304 28
9305 28
9306 28
9307 28
9308 28
9309 28
9310 28
9311 28
9312 28
9313 28
9314 28
9315 28
9316 28
9317 28
9318 28
9319 28
9320 28
9321 28
9322 28
9323 28
9324 28
9325 28
9326 28
9327 28
9328 28
9329 28
9330 28
9331 28
9332 28
9333 28
9334 28
9335 28
9336 28
9337 28
9338 28
9339 28
9340 28
9341 28
9342 28
9343 28
9344 28
9345 28
9346 28
9347 28
9348 28
9349 28
9350 28
9351 28
9352 28
9353 28
9354 28
9355 28
9356 28
9357 28
9358 28
9359 28
9360 28
9361 28
9362 28
9363 28
9364 28
9365 28
9366 28
9367 28
9368 28
9369 28
9370 28
9371 28
9372 28
9373 28
9374 28
9375 28
9376 28
9377 28
9378 28
9379 28
9380 28
9381 28
9382 28
9383 28
9384 28
9385 28
9386 28
9387 28
9388 28
9389 28
9390 28
9391 28
9392 28
9393 28
9394 28
9395 28
9396 28
9397 28
9398 28
9399 28
9400 28
9401 28
9402 28
9403 28
9404 28
9405 28
9406 28
9407 28
9408 28
9409 28
9410 28
9411 28
9412 28
9413 28
9414 28
9415 28
9416 28
9417 28
9418 28
9419 28
9420 28
9421 28
9422 28
9423 28
9424 28
9425 28
9426 28
9427 28
9428 28
9429 28
9430 28
9431 28
9432 28
9433 28
9434 28
9435 28
9436 28
9437 28
9438 28
9439 28
9440 28
9441 28
9442 28
9443 28
9444 28
9445 28
9446 28
9447 28
9448 28
9449 28
9450 28
9451 28
9452 28
9453 28
9454 28
9455 28
9456 28
9457 28
9458 28
9459 28
9460 28
9461 28
9462 28
9463 28
9464 28
9465 28
9466 28
9467 28
9468 28
9469 28
9470 28
9471 28
9472 28
9473 28
9474 28
9475 28
9476 28
9477 28
9478 28
9479 28
9480 28
9481 28
9482 28
9483 28
9484 28
9485 28
9486 28
9487 28
9488 28
9489 28
9490 28
9491 28
9492 28
9493 28
9494 28
9495 28
9496 28
9497 28
9498 28
9499 28
9500 28
9501 28
9502 28
9503 28
9504 28
9505 28
9506 28
9507 28
9508 28
9509 28
9510 28
9511 28
9512 28
9513 28
9514 28
9515 28
9516 28
9517 28
9518 28
9519 28
9520 28
9521 28
9522 28
9523 28
9524 28
9525 28
9526 28
9527 28
9528 28
9529 28
9530 28
9531 28
9532 28
9533 28
9534 28
9535 28
9536 28
9537 28
9538 28
9539 28
9540 28
9541 28
9542 28
9543 28
9544 28
9545 28
9546 28
9547 28
9548 28
9549 28
9550 28
9551 28
9552 28
9553 28
9554 28
9555 28
9556 28
9557 28
9558 28
9559 28
9560 28
9561 28
9562 28
9563 28
9564 28
9565 28
9566 28
9567 28
9568 28
9569 28
9570 28
9571 28
9572 28
9573 28
9574 28
9575 28
9576 28
9577 28
9578 28
9579 28
9580 28
9581 28
9582 28
9583 28
9584 28
9585 28
9586 28
9587 28
9588 28
9589 28
9590 28
9591 28
9592 28
9593 28
9594 28
9595 28
9596 28
9597 28
9598 28
9599 28
9600 28
9601 28
9602 28
9603 28
9604 28
9605 28
9606 28
9607 28
9608 28
9609 28
9610 28
9611 28
9612 28
9613 28
9614 28
9615 28
9616 28
9617 28
9618 28
9619 28
9620 28
9621 28
9622 28
9623 28
9624 28
9625 28
9626 28
9627 28
9628 28
9629 28
9630 28
9631 28
9632 28
9633 28
9634 28
9635 28
9636 28
9637 28
9638 28
9639 28
9640 28
9641 28
9642 28
9643 28
9644 28
9645 29
9646 29
9647 29
9648 29
9649 29
9650 29
9651 29
9652 29
9653 29
9654 29
9655 29
9656 29
9657 29
9658 29
9659 29
9660 29
9661 29
9662 29
9663 29
9664 29
9665 29
9666 29
9667 29
9668 29
9669 29
9670 29
9671 29
9672 29
9673 29
9674 29
9675 29
9676 29
9677 29
9678 29
9679 29
9680 29
9681 29
9682 29
9683 29
9684 29
9685 29
9686 29
9687 29
9688 29
9689 29
9690 29
9691 29
9692 29
9693 29
9694 29
9695 29
9696 29
9697 29
9698 29
9699 29
9700 29
9701 29
9702 29
9703 29
9704 29
9705 29
9706 29
9707 29
9708 29
9709 29
9710 29
9711 29
9712 29
9713 29
9714 29
9715 29
9716 29
9717 29
9718 29
9719 29
9720 29
9721 29
9722 29
9723 29
9724 29
9725 29
9726 29
9727 29
9728 29
9729 29
9730 29
9731 29
9732 29
9733 29
9734 29
9735 29
9736 29
9737 29
9738 29
9739 29
9740 29
9741 29
9742 29
9743 29
9744 29
9745 29
9746 29
9747 29
9748 29
9749 29
9750 29
9751 29
9752 29
9753 29
9754 29
9755 29
9756 29
9757 29
9758 29
9759 29
9760 29
9761 29
9762 29
9763 29
9764 29
9765 29
9766 29
9767 29
9768 29
9769 29
9770 29
9771 29
9772 29
9773 29
9774 29
9775 29
9776 29
9777 29
9778 29
9779 29
9780 29
9781 29
9782 29
9783 29
9784 29
9785 29
9786 29
9787 29
9788 29
9789 29
9790 29
9791 29
9792 29
9793 29
9794 29
9795 29
9796 29
9797 29
9798 29
9799 29
9800 29
9801 29
9802 29
9803 29
9804 29
9805 29
9806 29
9807 29
9808 29
9809 29
9810 29
9811 29
9812 29
9813 29
9814 29
9815 29
9816 29
9817 29
9818 29
9819 29
9820 29
9821 29
9822 29
9823 29
9824 29
9825 29
9826 29
9827 29
9828 29
9829 29
9830 29
9831 29
9832 29
9833 29
9834 29
9835 29
9836 29
9837 29
9838 29
9839 29
9840 29
9841 29
9842 29
9843 29
9844 29
9845 29
9846 29
9847 29
9848 29
9849 29
9850 29
9851 29
9852 29
9853 29
9854 29
9855 29
9856 29
9857 29
9858 29
9859 29
9860 29
9861 29
9862 29
9863 29
9864 29
9865 29
9866 29
9867 29
9868 29
9869 29
9870 29
9871 29
9872 29
9873 29
9874 29
9875 29
9876 29
9877 29
9878 29
9879 29
9880 29
9881 29
9882 29
9883 29
9884 29
9885 29
9886 29
9887 29
9888 29
9889 29
9890 29
9891 29
9892 29
9893 29
9894 29
9895 29
9896 29
9897 29
9898 29
9899 29
9900 29
9901 29
9902 29
9903 29
9904 29
9905 29
9906 29
9907 29
9908 29
9909 29
9910 29
9911 29
9912 29
9913 29
9914 29
9915 29
9916 29
9917 29
9918 29
9919 29
9920 29
9921 29
9922 29
9923 29
9924 29
9925 29
9926 29
9927 29
9928 29
9929 29
9930 29
9931 29
9932 29
9933 29
9934 29
9935 29
9936 29
9937 29
9938 29
9939 29
9940 29
9941 29
9942 29
9943 29
9944 29
9945 29
9946 29
9947 29
9948 29
9949 29
9950 29
9951 29
9952 29
9953 29
9954 29
9955 29
9956 29
9957 29
9958 29
9959 29
9960 29
9961 29
9962 29
9963 29
9964 29
9965 29
9966 29
9967 29
9968 29
9969 29
9970 29
9971 29
9972 29
9973 29
9974 29
9975 29
9976 29
9977 29
9978 29
9979 29
9980 29
9981 29
9982 29
9983 29
9984 29
9985 29
9986 29
9987 29
9988 29
9989 29
9990 29
9991 29
9992 29
9993 29
9994 29
9995 29
9996 29
9997 29
9998 29
9999 29
10000 29
