0 10
1 13
2 9
3 3
4 9
5 11
6 5
7 10
8 6
9 14
10 4
11 6
12 7
13 7
14 11
15 9
16 15
17 14
18 9
19 10
20 21
21 5
22 12
23 10
24 13
25 17
26 6
27 4
28 9
29 6
30 15
31 9
32 5
33 11
34 6
35 9
36 17
37 14
38 11
39 5
40 19
41 6
42 5
43 15
44 12
45 7
46 7
47 9
48 6
49 8
50 8
51 13
52 20
53 17
54 26
55 18
56 2
57 4
58 4
59 13
60 5
61 10
62 9
63 6
64 7
65 18
66 8
67 15
68 12
69 6
70 7
71 15
72 7
73 3
74 2
75 14
76 18
77 33
78 6
79 6
80 5
81 7
82 12
83 20
84 4
85 5
86 19
87 8
88 8
89 16
90 7
91 16
92 13
93 3
94 13
95 8
96 11
97 7
98 20
99 16
100 5
101 4
102 12
103 4
104 10
105 4
106 37
107 9
108 7
109 12
110 14
111 5
112 5
113 8
114 13
115 4
116 23
117 10
118 8
119 6
120 14
121 11
122 9
123 12
124 11
125 8
126 6
127 8
128 8
129 11
130 4
131 4
132 17
133 21
134 10
135 10
136 3
137 11
138 8
139 12
140 5
141 7
142 17
143 7
144 12
145 9
146 14
147 8
148 17
149 16
150 9
151 11
152 2
153 5
154 9
155 20
156 8
157 11
158 5
159 5
160 14
161 18
162 6
163 7
164 4
165 12
166 12
167 10
168 4
169 19
170 6
171 20
172 9
173 4
174 9
175 7
176 19
177 7
178 11
179 10
180 10
181 6
182 5
183 13
184 5
185 12
186 6
187 13
188 13
189 19
190 4
191 10
192 7
193 7
194 8
195 3
196 15
197 7
198 11
199 6
200 15
201 5
202 8
203 15
204 10
205 5
206 2
207 11
208 8
209 7
210 7
211 6
212 4
213 10
214 12
215 4
216 8
217 5
218 2
219 8
220 10
221 19
222 27
223 3
224 10
225 6
226 17
227 10
228 11
229 10
230 4
231 13
232 9
233 5
234 7
235 14
236 10
237 16
238 6
239 7
240 10
241 9
242 5
243 4
244 7
245 3
246 9
247 14
248 18
249 8
250 21
251 18
252 11
253 5
254 5
255 18
256 8
257 7
258 13
259 5
260 10
261 6
262 8
263 14
264 8
265 8
266 6
267 4
268 24
269 6
270 17
271 4
272 4
273 14
274 22
275 16
276 12
277 5
278 16
279 13
280 5
281 7
282 3
283 10
284 11
285 21
286 18
287 11
288 8
289 9
290 6
291 8
292 7
293 12
294 14
295 10
296 9
297 17
298 13
299 15
300 11
301 13
302 6
303 13
304 14
305 10
306 11
307 15
308 8
309 11
310 4
311 14
312 6
313 19
314 12
315 5
316 5
317 22
318 11
319 12
320 3
321 7
322 5
323 22
324 12
325 10
326 24
327 5
328 12
329 18
330 14
331 7
332 9
333 4
334 5
335 9
336 4
337 3
338 6
339 3
340 14
341 6
342 24
343 8
344 1
345 27
346 17
347 7
348 7
349 9
350 13
351 12
352 14
353 2
354 6
355 23
356 9
357 5
358 5
359 5
360 6
361 10
362 2
363 8
364 5
365 7
366 8
367 13
368 6
369 25
370 7
371 5
372 7
373 2
374 19
375 9
376 4
377 14
378 8
379 14
380 27
381 9
382 4
383 9
384 4
385 8
386 9
387 5
388 6
389 10
390 18
391 5
392 4
393 12
394 10
395 3
396 15
397 6
398 10
399 8
400 6
401 15
402 6
403 2
404 14
405 14
406 2
407 10
408 12
409 10
410 11
411 6
412 11
413 13
414 8
415 6
416 13
417 9
418 8
419 8
420 2
421 6
422 3
423 12
424 33
425 11
426 20
427 5
428 15
429 7
430 2
431 12
432 4
433 6
434 14
435 5
436 9
437 10
438 11
439 9
440 4
441 8
442 18
443 8
444 5
445 12
446 7
447 12
448 14
449 4
450 8
451 4
452 11
453 11
454 8
455 15
456 10
457 9
458 8
459 8
460 7
461 5
462 9
463 7
464 4
465 5
466 9
467 18
468 6
469 5
470 9
471 16
472 6
473 11
474 13
475 10
476 13
477 10
478 13
479 8
480 22
481 15
482 17
483 2
484 6
485 15
486 32
487 5
488 8
489 8
490 9
491 13
492 7
493 11
494 14
495 16
496 15
497 5
498 16
499 12
500 5
501 16
502 6
503 7
504 8
505 18
506 10
507 12
508 14
509 10
510 10
511 6
512 8
513 19
514 8
515 8
516 6
517 5
518 25
519 6
520 6
521 19
522 11
523 5
524 6
525 18
526 23
527 18
528 10
529 13
530 6
531 10
532 18
533 19
534 13
535 10
536 11
537 6
538 13
539 16
540 19
541 14
542 2
543 6
544 14
545 6
546 8
547 16
548 5
549 13
550 20
551 12
552 11
553 7
554 15
555 15
556 14
557 5
558 6
559 15
560 16
561 13
562 12
563 5
564 0
565 4
566 6
567 35
568 4
569 7
570 9
571 8
572 6
573 3
574 5
575 21
576 5
577 7
578 11
579 5
580 7
581 9
582 11
583 17
584 5
585 9
586 9
587 11
588 9
589 13
590 14
591 12
592 6
593 15
594 19
595 25
596 6
597 22
598 16
599 15
600 8
601 10
602 17
603 9
604 3
605 10
606 7
607 8
608 18
609 6
610 2
611 7
612 10
613 10
614 6
615 5
616 5
617 10
618 21
619 10
620 12
621 5
622 7
623 21
624 10
625 12
626 12
627 11
628 17
629 4
630 4
631 4
632 15
633 22
634 9
635 3
636 7
637 6
638 12
639 18
640 13
641 11
642 1
643 10
644 6
645 6
646 10
647 4
648 6
649 19
650 8
651 15
652 9
653 8
654 7
655 11
656 6
657 13
658 8
659 7
660 10
661 6
662 8
663 6
664 7
665 12
666 10
667 5
668 1
669 7
670 4
671 7
672 3
673 10
674 6
675 17
676 20
677 14
678 10
679 7
680 7
681 5
682 3
683 8
684 24
685 8
686 7
687 10
688 10
689 8
690 16
691 6
692 5
693 13
694 13
695 18
696 3
697 7
698 8
699 11
700 7
701 8
702 12
703 5
704 4
705 1
706 12
707 12
708 7
709 6
710 10
711 16
712 2
713 7
714 3
715 9
716 11
717 15
718 6
719 6
720 4
721 9
722 13
723 20
724 6
725 6
726 44
727 12
728 9
729 11
730 9
731 5
732 9
733 1
734 12
735 5
736 9
737 4
738 14
739 11
740 15
741 8
742 11
743 6
744 2
745 5
746 7
747 8
748 3
749 9
750 6
751 3
752 20
753 6
754 4
755 7
756 5
757 8
758 14
759 13
760 25
761 6
762 3
763 7
764 5
765 3
766 9
767 14
768 6
769 8
770 7
771 7
772 10
773 7
774 4
775 8
776 5
777 8
778 8
779 3
780 9
781 8
782 19
783 7
784 10
785 13
786 12
787 12
788 20
789 15
790 10
791 9
792 22
793 13
794 19
795 25
796 10
797 10
798 12
799 11
800 3
801 11
802 9
803 3
804 11
805 5
806 10
807 12
808 5
809 10
810 7
811 10
812 6
813 3
814 11
815 6
816 9
817 7
818 14
819 15
820 12
821 43
822 2
823 10
824 13
825 11
826 16
827 13
828 2
829 11
830 2
831 12
832 14
833 14
834 12
835 8
836 5
837 12
838 16
839 12
840 11
841 7
842 9
843 10
844 13
845 11
846 1
847 15
848 5
849 7
850 5
851 7
852 9
853 7
854 14
855 6
856 6
857 10
858 14
859 1
860 4
861 11
862 6
863 12
864 12
865 9
866 5
867 11
868 26
869 9
870 9
871 6
872 7
873 11
874 6
875 5
876 11
877 10
878 7
879 7
880 5
881 11
882 16
883 11
884 13
885 18
886 22
887 9
888 12
889 3
890 1
891 19
892 6
893 9
894 13
895 11
896 9
897 11
898 6
899 15
900 2
901 9
902 11
903 8
904 8
905 9
906 22
907 2
908 16
909 18
910 19
911 10
912 6
913 11
914 9
915 9
916 7
917 4
918 8
919 6
920 5
921 10
922 29
923 10
924 7
925 9
926 9
927 2
928 9
929 10
930 8
931 5
932 8
933 9
934 9
935 4
936 2
937 15
938 4
939 13
940 20
941 4
942 5
943 6
944 10
945 12
946 16
947 5
948 5
949 9
950 9
951 13
952 13
953 21
954 16
955 18
956 10
957 21
958 9
959 3
960 6
961 8
962 16
963 22
964 7
965 8
966 7
967 10
968 5
969 23
970 6
971 12
972 4
973 9
974 8
975 5
976 13
977 12
978 6
979 17
980 9
981 6
982 7
983 3
984 16
985 8
986 11
987 5
988 10
989 8
990 7
991 3
992 11
993 12
994 15
995 24
996 26
997 10
998 17
999 6
1000 4
1001 10
1002 9
1003 5
1004 7
1005 12
1006 11
1007 8
1008 6
1009 7
1010 11
1011 7
1012 10
1013 15
1014 14
1015 2
1016 4
1017 20
1018 4
1019 5
1020 14
1021 8
1022 20
1023 5
1024 9
1025 6
1026 2
1027 15
1028 9
1029 6
1030 27
1031 4
1032 7
1033 10
1034 24
1035 9
1036 9
1037 4
1038 15
1039 13
1040 17
1041 13
1042 11
1043 21
1044 19
1045 14
1046 11
1047 17
1048 11
1049 15
1050 9
1051 2
1052 7
1053 24
1054 6
1055 11
1056 23
1057 12
1058 6
1059 15
1060 11
1061 13
1062 17
1063 11
1064 6
1065 14
1066 18
1067 3
1068 21
1069 4
1070 9
1071 9
1072 14
1073 13
1074 12
1075 4
1076 12
1077 14
1078 6
1079 9
1080 9
1081 8
1082 17
1083 7
1084 5
1085 11
1086 6
1087 4
1088 3
1089 8
1090 7
1091 5
1092 16
1093 19
1094 5
1095 11
1096 13
1097 18
1098 13
1099 11
1100 7
1101 10
1102 7
1103 8
1104 7
1105 12
1106 9
1107 6
1108 21
1109 3
1110 5
1111 7
1112 3
1113 12
1114 13
1115 20
1116 8
1117 5
1118 9
1119 13
1120 3
1121 13
1122 14
1123 8
1124 4
1125 7
1126 1
1127 8
1128 7
1129 6
1130 9
1131 21
1132 11
1133 6
1134 4
1135 4
1136 12
1137 6
1138 5
1139 7
1140 6
1141 12
1142 10
1143 7
1144 5
1145 17
1146 7
1147 6
1148 18
1149 15
1150 15
1151 2
1152 13
1153 12
1154 8
1155 32
1156 5
1157 12
1158 15
1159 8
1160 6
1161 6
1162 4
1163 10
1164 24
1165 10
1166 14
1167 5
1168 7
1169 13
1170 10
1171 3
1172 18
1173 7
1174 8
1175 9
1176 10
1177 6
1178 10
1179 5
1180 13
1181 5
1182 7
1183 13
1184 8
1185 6
1186 2
1187 10
1188 19
1189 14
1190 5
1191 1
1192 7
1193 5
1194 9
1195 16
1196 9
1197 9
1198 16
1199 15
1200 10
1201 8
1202 9
1203 10
1204 4
1205 4
1206 7
1207 9
1208 9
1209 8
1210 6
1211 7
1212 3
1213 11
1214 3
1215 21
1216 2
1217 4
1218 8
1219 11
1220 7
1221 11
1222 12
1223 3
1224 32
1225 11
1226 11
1227 1
1228 17
1229 4
1230 5
1231 6
1232 16
1233 19
1234 4
1235 4
1236 10
1237 9
1238 8
1239 10
1240 12
1241 14
1242 13
1243 12
1244 6
1245 18
1246 4
1247 20
1248 7
1249 13
1250 4
1251 5
1252 3
1253 8
1254 7
1255 12
1256 24
1257 9
1258 4
1259 7
1260 12
1261 3
1262 6
1263 6
1264 9
1265 8
1266 8
1267 7
1268 13
1269 6
1270 2
1271 12
1272 12
1273 2
1274 8
1275 6
1276 13
1277 20
1278 6
1279 6
1280 10
1281 24
1282 4
1283 6
1284 10
1285 8
1286 15
1287 10
1288 15
1289 9
1290 6
1291 5
1292 14
1293 3
1294 6
1295 14
1296 7
1297 8
1298 11
1299 5
1300 12
1301 3
1302 13
1303 4
1304 8
1305 7
1306 4
1307 17
1308 9
1309 9
1310 17
1311 8
1312 16
1313 15
1314 11
1315 10
1316 15
1317 8
1318 4
1319 9
1320 0
1321 6
1322 19
1323 15
1324 7
1325 12
1326 5
1327 13
1328 8
1329 17
1330 8
1331 11
1332 12
1333 11
1334 10
1335 17
1336 14
1337 7
1338 11
1339 24
1340 9
1341 4
1342 10
1343 10
1344 6
1345 8
1346 9
1347 8
1348 4
1349 6
1350 4
1351 6
1352 6
1353 8
1354 10
1355 8
1356 8
1357 6
1358 15
1359 13
1360 9
1361 12
1362 8
1363 5
1364 12
1365 13
1366 4
1367 1
1368 11
1369 11
1370 1
1371 10
1372 9
1373 22
1374 14
1375 15
1376 4
1377 5
1378 18
1379 12
1380 3
1381 7
1382 8
1383 3
1384 13
1385 13
1386 14
1387 5
1388 7
1389 16
1390 12
1391 13
1392 4
1393 7
1394 13
1395 7
1396 13
1397 3
1398 9
1399 7
1400 5
1401 4
1402 15
1403 8
1404 8
1405 4
1406 24
1407 9
1408 15
1409 9
1410 9
1411 14
1412 8
1413 11
1414 30
1415 4
1416 10
1417 2
1418 9
1419 7
1420 18
1421 11
1422 22
1423 14
1424 12
1425 8
1426 20
1427 4
1428 15
1429 12
1430 5
1431 2
1432 8
1433 12
1434 25
1435 7
1436 14
1437 6
1438 13
1439 11
1440 6
1441 8
1442 7
1443 6
1444 10
1445 19
1446 22
1447 3
1448 12
1449 7
1450 9
1451 1
1452 14
1453 14
1454 12
1455 10
1456 11
1457 9
1458 16
1459 13
1460 14
1461 8
1462 3
1463 6
1464 13
1465 16
1466 4
1467 13
1468 15
1469 4
1470 4
1471 16
1472 10
1473 4
1474 3
1475 3
1476 22
1477 18
1478 11
1479 5
1480 13
1481 11
1482 9
1483 5
1484 6
1485 11
1486 1
1487 10
1488 5
1489 4
1490 11
1491 26
1492 12
1493 15
1494 11
1495 19
1496 6
1497 19
1498 11
1499 8
1500 13
1501 21
1502 17
1503 9
1504 6
1505 5
1506 15
1507 5
1508 7
1509 3
1510 5
1511 2
1512 5
1513 13
1514 10
1515 7
1516 22
1517 6
1518 8
1519 5
1520 13
1521 7
1522 7
1523 23
1524 13
1525 19
1526 3
1527 3
1528 4
1529 12
1530 7
1531 4
1532 5
1533 10
1534 12
1535 29
1536 6
1537 6
1538 14
1539 3
1540 8
1541 11
1542 8
1543 5
1544 5
1545 12
1546 8
1547 5
1548 18
1549 3
1550 14
1551 9
1552 17
1553 22
1554 7
1555 15
1556 12
1557 19
1558 16
1559 4
1560 13
1561 7
1562 11
1563 28
1564 13
1565 4
1566 16
1567 12
1568 8
1569 10
1570 6
1571 13
1572 22
1573 8
1574 1
1575 20
1576 9
1577 5
1578 13
1579 4
1580 7
1581 7
1582 14
1583 10
1584 5
1585 4
1586 7
1587 11
1588 3
1589 5
1590 16
1591 11
1592 10
1593 15
1594 4
1595 5
1596 5
1597 8
1598 14
1599 1
1600 16
1601 4
1602 5
1603 17
1604 13
1605 4
1606 6
1607 7
1608 15
1609 2
1610 12
1611 5
1612 8
1613 16
1614 9
1615 11
1616 11
1617 22
1618 5
1619 10
1620 14
1621 6
1622 16
1623 15
1624 12
1625 9
1626 20
1627 7
1628 7
1629 6
1630 10
1631 8
1632 4
1633 6
1634 8
1635 9
1636 7
1637 11
1638 15
1639 18
1640 16
1641 2
1642 18
1643 9
1644 5
1645 9
1646 21
1647 7
1648 8
1649 8
1650 10
1651 8
1652 14
1653 6
1654 12
1655 5
1656 8
1657 10
1658 8
1659 8
1660 8
1661 6
1662 10
1663 13
1664 2
1665 14
1666 6
1667 11
1668 9
1669 15
1670 12
1671 20
1672 4
1673 12
1674 3
1675 2
1676 8
1677 9
1678 10
1679 6
1680 9
1681 2
1682 16
1683 10
1684 6
1685 20
1686 11
1687 8
1688 8
1689 13
1690 12
1691 3
1692 13
1693 4
1694 13
1695 14
1696 6
1697 14
1698 12
1699 4
1700 18
1701 25
1702 10
1703 4
1704 19
1705 5
1706 19
1707 19
1708 6
1709 8
1710 10
1711 10
1712 16
1713 12
1714 11
1715 12
1716 8
1717 9
1718 13
1719 15
1720 9
1721 13
1722 6
1723 26
1724 8
1725 7
1726 9
1727 12
1728 16
1729 12
1730 10
1731 4
1732 8
1733 4
1734 13
1735 17
1736 18
1737 4
1738 12
1739 10
1740 8
1741 6
1742 14
1743 16
1744 8
1745 12
1746 14
1747 11
1748 7
1749 5
1750 11
1751 9
1752 7
1753 13
1754 9
1755 9
1756 15
1757 6
1758 11
1759 4
1760 18
1761 2
1762 7
1763 5
1764 11
1765 7
1766 3
1767 4
1768 9
1769 14
1770 7
1771 9
1772 14
1773 13
1774 7
1775 8
1776 16
1777 6
1778 14
1779 15
1780 3
1781 6
1782 10
1783 7
1784 16
1785 3
1786 10
1787 7
1788 25
1789 8
1790 11
1791 19
1792 10
1793 18
1794 5
1795 15
1796 20
1797 28
1798 13
1799 11
1800 9
1801 2
1802 10
1803 11
1804 2
1805 10
1806 7
1807 5
1808 12
1809 26
1810 8
1811 13
1812 5
1813 1
1814 6
1815 15
1816 4
1817 3
1818 18
1819 11
1820 22
1821 21
1822 14
1823 7
1824 18
1825 5
1826 5
1827 11
1828 11
1829 7
1830 8
1831 5
1832 9
1833 16
1834 4
1835 20
1836 4
1837 17
1838 16
1839 5
1840 5
1841 15
1842 6
1843 6
1844 6
1845 9
1846 12
1847 3
1848 7
1849 14
1850 21
1851 10
1852 5
1853 15
1854 19
1855 5
1856 5
1857 14
1858 22
1859 5
1860 6
1861 9
1862 16
1863 30
1864 9
1865 13
1866 16
1867 9
1868 7
1869 11
1870 5
1871 10
1872 12
1873 3
1874 14
1875 16
1876 19
1877 7
1878 6
1879 7
1880 11
1881 6
1882 8
1883 18
1884 12
1885 13
1886 29
1887 11
1888 9
1889 11
1890 10
1891 14
1892 5
1893 7
1894 19
1895 11
1896 7
1897 5
1898 10
1899 3
1900 5
1901 7
1902 2
1903 4
1904 4
1905 6
1906 7
1907 2
1908 11
1909 7
1910 8
1911 8
1912 3
1913 5
1914 14
1915 6
1916 18
1917 12
1918 11
1919 12
1920 14
1921 10
1922 13
1923 7
1924 6
1925 3
1926 3
1927 15
1928 4
1929 10
1930 21
1931 5
1932 3
1933 25
1934 3
1935 18
1936 9
1937 21
1938 5
1939 6
1940 27
1941 13
1942 2
1943 13
1944 10
1945 8
1946 8
1947 19
1948 9
1949 10
1950 9
1951 5
1952 7
1953 38
1954 11
1955 17
1956 3
1957 13
1958 9
1959 17
1960 9
1961 9
1962 22
1963 6
1964 4
1965 6
1966 15
1967 6
1968 9
1969 7
1970 10
1971 5
1972 6
1973 6
1974 10
1975 3
1976 4
1977 20
1978 12
1979 6
1980 5
1981 5
1982 8
1983 15
1984 7
1985 11
1986 11
1987 11
1988 8
1989 12
1990 6
1991 14
1992 7
1993 32
1994 20
1995 5
1996 5
1997 6
1998 9
1999 12
