0 3
1 0
2 2
3 0
4 2
5 0
6 2
7 3
8 2
9 4
10 0
11 2
12 2
13 0
14 2
15 3
16 6
17 3
18 1
19 2
20 1
21 1
22 2
23 4
24 1
25 2
26 5
27 2
28 5
29 2
30 1
31 0
32 1
33 4
34 7
35 3
36 3
37 3
38 2
39 4
40 1
41 0
42 4
43 4
44 2
45 2
46 2
47 2
48 1
49 3
50 1
51 0
52 2
53 0
54 4
55 2
56 5
57 1
58 2
59 2
60 2
61 4
62 0
63 1
64 2
65 5
66 3
67 2
68 3
69 6
70 2
71 2
72 2
73 3
74 1
75 2
76 3
77 2
78 5
79 2
80 1
81 1
82 2
83 1
84 3
85 4
86 4
87 6
88 0
89 5
90 1
91 4
92 2
93 1
94 4
95 3
96 2
97 2
98 4
99 1
100 1
101 3
102 2
103 3
104 0
105 4
106 1
107 2
108 1
109 4
110 2
111 1
112 1
113 0
114 2
115 1
116 2
117 0
118 3
119 2
120 2
121 1
122 2
123 1
124 1
125 2
126 2
127 2
128 2
129 1
130 1
131 2
132 1
133 1
134 2
135 1
136 1
137 0
138 5
139 4
140 0
141 2
142 0
143 5
144 1
145 0
146 4
147 1
148 1
149 4
150 0
151 2
152 4
153 3
154 1
155 2
156 4
157 2
158 2
159 1
160 1
161 3
162 1
163 1
164 2
165 1
166 1
167 2
168 2
169 1
170 4
171 0
172 6
173 2
174 2
175 3
176 1
177 3
178 1
179 3
180 3
181 1
182 0
183 0
184 3
185 0
186 0
187 1
188 3
189 1
190 3
191 1
192 1
193 0
194 2
195 1
196 3
197 1
198 2
199 3
200 1
201 2
202 1
203 1
204 1
205 4
206 3
207 3
208 4
209 1
210 1
211 1
212 0
213 2
214 4
215 3
216 3
217 2
218 4
219 4
220 3
221 0
222 2
223 3
224 1
225 2
226 2
227 4
228 1
229 3
230 3
231 1
232 4
233 2
234 1
235 2
236 3
237 4
238 0
239 2
240 4
241 5
242 0
243 1
244 2
245 6
246 4
247 1
248 5
249 2
250 2
251 2
252 1
253 3
254 3
255 2
256 1
257 0
258 2
259 3
260 3
261 3
262 4
263 2
264 1
265 2
266 3
267 1
268 2
269 0
270 2
271 3
272 1
273 3
274 3
275 1
276 2
277 1
278 1
279 1
280 0
281 1
282 2
283 3
284 0
285 2
286 3
287 0
288 1
289 2
290 4
291 0
292 3
293 5
294 1
295 1
296 2
297 1
298 1
299 4
300 2
301 2
302 3
303 1
304 0
305 2
306 0
307 2
308 2
309 1
310 0
311 0
312 2
313 4
314 4
315 3
316 5
317 3
318 3
319 0
320 2
321 2
322 2
323 1
324 5
325 1
326 2
327 1
328 0
329 1
330 3
331 3
332 1
333 2
334 2
335 6
336 3
337 0
338 1
339 1
340 2
341 4
342 3
343 3
344 1
345 1
346 3
347 2
348 1
349 3
350 0
351 0
352 0
353 2
354 5
355 2
356 2
357 3
358 2
359 2
360 2
361 3
362 3
363 3
364 3
365 1
366 4
367 3
368 2
369 3
370 1
371 1
372 1
373 4
374 0
375 0
376 1
377 2
378 0
379 1
380 3
381 4
382 4
383 3
384 0
385 0
386 0
387 3
388 1
389 1
390 3
391 4
392 4
393 1
394 0
395 2
396 3
397 2
398 2
399 3
400 2
401 1
402 2
403 0
404 0
405 2
406 1
407 0
408 1
409 0
410 1
411 2
412 1
413 1
414 2
415 1
416 0
417 2
418 4
419 3
420 2
421 3
422 1
423 4
424 4
425 2
426 2
427 2
428 2
429 4
430 1
431 4
432 2
433 2
434 3
435 2
436 3
437 0
438 1
439 1
440 0
441 3
442 1
443 3
444 3
445 1
446 2
447 1
448 1
449 3
450 0
451 3
452 1
453 2
454 2
455 0
456 0
457 1
458 4
459 0
460 3
461 2
462 2
463 0
464 0
465 2
466 4
467 2
468 0
469 1
470 3
471 0
472 2
473 4
474 2
475 4
476 2
477 2
478 0
479 2
480 2
481 2
482 1
483 1
484 1
485 1
486 0
487 3
488 4
489 1
490 1
491 1
492 0
493 4
494 5
495 3
496 3
497 1
498 2
499 2
500 2
501 1
502 5
503 2
504 4
505 2
506 1
507 1
508 3
509 1
510 3
511 4
512 3
513 1
514 1
515 4
516 6
517 1
518 4
519 4
520 0
521 0
522 3
523 4
524 1
525 4
526 5
527 2
528 4
529 5
530 2
531 4
532 0
533 2
534 2
535 1
536 1
537 0
538 1
539 1
540 2
541 4
542 5
543 4
544 3
545 3
546 3
547 2
548 0
549 4
550 3
551 1
552 0
553 4
554 4
555 2
556 1
557 2
558 3
559 1
560 4
561 1
562 4
563 2
564 3
565 5
566 0
567 1
568 1
569 0
570 1
571 3
572 2
573 3
574 2
575 1
576 1
577 5
578 1
579 0
580 2
581 0
582 3
583 3
584 1
585 1
586 1
587 2
588 4
589 1
590 3
591 1
592 1
593 2
594 2
595 0
596 1
597 2
598 2
599 1
600 4
601 0
602 3
603 2
604 4
605 2
606 2
607 3
608 2
609 2
610 3
611 3
612 1
613 3
614 1
615 3
616 2
617 0
618 2
619 1
620 1
621 2
622 1
623 1
624 1
625 0
626 5
627 1
628 3
629 1
630 2
631 1
632 0
633 0
634 5
635 2
636 2
637 2
638 1
639 3
640 1
641 1
642 2
643 5
644 3
645 3
646 4
647 3
648 3
649 4
650 3
651 3
652 3
653 0
654 3
655 2
656 2
657 2
658 2
659 2
660 3
661 1
662 2
663 5
664 6
665 0
666 2
667 2
668 2
669 1
670 3
671 1
672 0
673 3
674 2
675 4
676 3
677 2
678 1
679 1
680 0
681 3
682 1
683 3
684 1
685 1
686 3
687 0
688 2
689 1
690 2
691 2
692 0
693 1
694 2
695 2
696 3
697 3
698 1
699 4
700 1
701 2
702 1
703 1
704 1
705 2
706 1
707 1
708 3
709 0
710 3
711 3
712 3
713 2
714 4
715 2
716 2
717 3
718 0
719 3
720 3
721 1
722 6
723 3
724 1
725 2
726 0
727 2
728 1
729 3
730 2
731 3
732 3
733 3
734 3
735 6
736 3
737 1
738 2
739 2
740 2
741 3
742 1
743 1
744 3
745 2
746 4
747 1
748 1
749 1
750 4
751 1
752 1
753 2
754 1
755 0
756 1
757 2
758 4
759 0
760 2
761 3
762 1
763 1
764 1
765 1
766 1
767 3
768 3
769 3
770 4
771 2
772 3
773 2
774 3
775 2
776 4
777 1
778 0
779 0
780 2
781 1
782 2
783 2
784 1
785 5
786 5
787 2
788 1
789 2
790 2
791 3
792 3
793 3
794 2
795 2
796 5
797 1
798 1
799 1
800 2
801 1
802 0
803 1
804 3
805 2
806 6
807 0
808 3
809 2
810 3
811 3
812 1
813 4
814 2
815 3
816 1
817 0
818 2
819 1
820 1
821 0
822 1
823 3
824 2
825 4
826 3
827 0
828 2
829 5
830 1
831 1
832 2
833 6
834 3
835 3
836 0
837 1
838 0
839 4
840 2
841 1
842 1
843 1
844 2
845 2
846 3
847 0
848 1
849 0
850 2
851 1
852 1
853 4
854 4
855 2
856 2
857 2
858 4
859 2
860 3
861 0
862 2
863 3
864 3
865 0
866 2
867 4
868 3
869 1
870 1
871 4
872 0
873 2
874 2
875 1
876 1
877 1
878 1
879 5
880 3
881 1
882 1
883 2
884 5
885 1
886 0
887 3
888 1
889 2
890 2
891 4
892 0
893 0
894 4
895 5
896 0
897 1
898 4
899 1
900 4
901 2
902 0
903 1
904 1
905 0
906 4
907 3
908 1
909 3
910 4
911 2
912 1
913 1
914 0
915 0
916 2
917 2
918 0
919 2
920 2
921 4
922 0
923 3
924 1
925 0
926 1
927 3
928 2
929 0
930 1
931 2
932 4
933 0
934 0
935 2
936 4
937 3
938 6
939 2
940 3
941 1
942 4
943 0
944 1
945 1
946 1
947 3
948 2
949 1
950 3
951 2
952 2
953 3
954 2
955 3
956 4
957 2
958 1
959 0
960 2
961 1
962 1
963 3
964 1
965 1
966 3
967 0
968 1
969 1
970 1
971 3
972 2
973 2
974 1
975 0
976 0
977 1
978 0
979 1
980 6
981 1
982 2
983 1
984 2
985 1
986 1
987 3
988 1
989 2
990 1
991 2
992 0
993 3
994 0
995 0
996 1
997 4
998 1
999 2
1000 3
1001 4
1002 2
1003 5
1004 2
1005 4
1006 1
1007 1
1008 1
1009 2
1010 4
1011 0
1012 2
1013 3
1014 2
1015 2
1016 1
1017 5
1018 1
1019 1
1020 1
1021 3
1022 2
1023 4
1024 4
1025 2
1026 0
1027 1
1028 2
1029 5
1030 1
1031 2
1032 0
1033 1
1034 1
1035 0
1036 2
1037 3
1038 4
1039 1
1040 4
1041 0
1042 2
1043 2
1044 1
1045 3
1046 1
1047 1
1048 2
1049 2
1050 0
1051 1
1052 1
1053 3
1054 3
1055 1
1056 3
1057 1
1058 3
1059 1
1060 1
1061 3
1062 2
1063 0
1064 0
1065 0
1066 2
1067 0
1068 1
1069 1
1070 1
1071 3
1072 1
1073 5
1074 1
1075 2
1076 1
1077 1
1078 2
1079 0
1080 1
1081 2
1082 3
1083 3
1084 3
1085 2
1086 2
1087 3
1088 2
1089 3
1090 3
1091 4
1092 4
1093 3
1094 2
1095 2
1096 2
1097 1
1098 2
1099 3
1100 0
1101 2
1102 1
1103 1
1104 3
1105 0
1106 2
1107 5
1108 2
1109 2
1110 1
1111 3
1112 2
1113 2
1114 1
1115 0
1116 2
1117 3
1118 2
1119 0
1120 4
1121 2
1122 2
1123 2
1124 2
1125 1
1126 5
1127 1
1128 3
1129 3
1130 0
1131 3
1132 3
1133 1
1134 2
1135 1
1136 2
1137 2
1138 2
1139 0
1140 2
1141 0
1142 1
1143 2
1144 1
1145 2
1146 0
1147 3
1148 3
1149 0
1150 4
1151 2
1152 0
1153 6
1154 0
1155 2
1156 3
1157 0
1158 4
1159 3
1160 2
1161 4
1162 2
1163 0
1164 0
1165 4
1166 4
1167 1
1168 2
1169 1
1170 1
1171 3
1172 1
1173 2
1174 2
1175 2
1176 2
1177 0
1178 0
1179 4
1180 2
1181 4
1182 1
1183 0
1184 1
1185 4
1186 0
1187 5
1188 2
1189 4
1190 2
1191 1
1192 4
1193 0
1194 3
1195 2
1196 0
1197 1
1198 2
1199 1
1200 1
1201 0
1202 1
1203 1
1204 3
1205 2
1206 1
1207 2
1208 3
1209 5
1210 2
1211 1
1212 0
1213 2
1214 3
1215 0
1216 0
1217 2
1218 3
1219 3
1220 2
1221 3
1222 3
1223 1
1224 1
1225 2
1226 1
1227 0
1228 2
1229 2
1230 4
1231 3
1232 3
1233 1
1234 3
1235 2
1236 2
1237 0
1238 2
1239 3
1240 1
1241 2
1242 0
1243 1
1244 3
1245 2
1246 0
1247 0
1248 3
1249 5
1250 2
1251 5
1252 3
1253 1
1254 0
1255 3
1256 0
1257 4
1258 2
1259 0
1260 0
1261 0
1262 0
1263 3
1264 2
1265 1
1266 0
1267 1
1268 0
1269 2
1270 2
1271 0
1272 3
1273 3
1274 2
1275 0
1276 3
1277 2
1278 3
1279 1
1280 0
1281 1
1282 1
1283 1
1284 2
1285 1
1286 0
1287 3
1288 1
1289 3
1290 1
1291 2
1292 1
1293 4
1294 1
1295 0
1296 2
1297 1
1298 1
1299 0
1300 2
1301 2
1302 2
1303 2
1304 1
1305 4
1306 0
1307 2
1308 1
1309 0
1310 0
1311 1
1312 3
1313 1
1314 2
1315 0
1316 3
1317 2
1318 4
1319 0
1320 0
1321 2
1322 1
1323 5
1324 4
1325 1
1326 4
1327 1
1328 2
1329 1
1330 1
1331 1
1332 2
1333 1
1334 2
1335 2
1336 2
1337 1
1338 3
1339 0
1340 3
1341 1
1342 2
1343 0
1344 2
1345 1
1346 1
1347 2
1348 0
1349 2
1350 3
1351 1
1352 0
1353 1
1354 4
1355 2
1356 1
1357 3
1358 0
1359 2
1360 4
1361 3
1362 3
1363 0
1364 3
1365 2
1366 2
1367 4
1368 2
1369 0
1370 1
1371 3
1372 1
1373 0
1374 1
1375 3
1376 1
1377 0
1378 1
1379 0
1380 1
1381 1
1382 1
1383 2
1384 3
1385 1
1386 3
1387 4
1388 1
1389 2
1390 4
1391 1
1392 1
1393 2
1394 1
1395 1
1396 2
1397 3
1398 2
1399 3
1400 2
1401 3
1402 1
1403 4
1404 2
1405 1
1406 0
1407 3
1408 4
1409 3
1410 4
1411 3
1412 1
1413 1
1414 3
1415 2
1416 2
1417 4
1418 1
1419 4
1420 3
1421 2
1422 1
1423 0
1424 2
1425 1
1426 1
1427 0
1428 3
1429 0
1430 0
1431 1
1432 2
1433 0
1434 0
1435 1
1436 2
1437 2
1438 1
1439 1
1440 2
1441 2
1442 0
1443 0
1444 2
1445 2
1446 1
1447 2
1448 2
1449 2
1450 3
1451 3
1452 3
1453 4
1454 4
1455 1
1456 3
1457 2
1458 4
1459 2
1460 5
1461 3
1462 1
1463 1
1464 0
1465 2
1466 1
1467 3
1468 2
1469 3
1470 2
1471 0
1472 1
1473 2
1474 2
1475 1
1476 1
1477 3
1478 3
1479 3
1480 3
1481 3
1482 2
1483 0
1484 2
1485 0
1486 4
1487 0
1488 3
1489 1
1490 1
1491 0
1492 4
1493 1
1494 1
1495 1
1496 1
1497 0
1498 1
1499 2
1500 2
1501 1
1502 2
1503 4
1504 2
1505 2
1506 2
1507 4
1508 1
1509 1
1510 4
1511 2
1512 4
1513 1
1514 2
1515 1
1516 2
1517 3
1518 1
1519 2
1520 2
1521 1
1522 1
1523 2
1524 0
1525 2
1526 3
1527 5
1528 0
1529 2
1530 2
1531 0
1532 4
1533 4
1534 3
1535 2
1536 2
1537 0
1538 2
1539 1
1540 2
1541 3
1542 3
1543 0
1544 1
1545 3
1546 2
1547 4
1548 3
1549 5
1550 0
1551 4
1552 2
1553 0
1554 3
1555 2
1556 1
1557 3
1558 3
1559 2
1560 1
1561 4
1562 1
1563 1
1564 5
1565 2
1566 3
1567 3
1568 1
1569 2
1570 1
1571 1
1572 2
1573 4
1574 5
1575 3
1576 0
1577 2
1578 2
1579 3
1580 2
1581 3
1582 0
1583 6
1584 3
1585 5
1586 1
1587 1
1588 1
1589 4
1590 3
1591 3
1592 0
1593 1
1594 2
1595 3
1596 2
1597 0
1598 2
1599 4
1600 3
1601 1
1602 2
1603 0
1604 2
1605 2
1606 3
1607 6
1608 1
1609 0
1610 2
1611 1
1612 0
1613 0
1614 2
1615 1
1616 0
1617 3
1618 4
1619 6
1620 2
1621 2
1622 5
1623 1
1624 3
1625 4
1626 3
1627 1
1628 0
1629 3
1630 1
1631 1
1632 1
1633 2
1634 1
1635 3
1636 3
1637 3
1638 5
1639 0
1640 0
1641 3
1642 1
1643 3
1644 0
1645 0
1646 0
1647 1
1648 4
1649 2
1650 3
1651 2
1652 3
1653 3
1654 1
1655 2
1656 5
1657 1
1658 0
1659 3
1660 1
1661 0
1662 1
1663 0
1664 2
1665 0
1666 0
1667 2
1668 5
1669 2
1670 3
1671 2
1672 2
1673 2
1674 3
1675 2
1676 4
1677 3
1678 1
1679 1
1680 3
1681 1
1682 4
1683 0
1684 0
1685 5
1686 4
1687 2
1688 2
1689 1
1690 2
1691 4
1692 2
1693 1
1694 4
1695 2
1696 1
1697 4
1698 1
1699 2
1700 1
1701 1
1702 2
1703 3
1704 3
1705 3
1706 4
1707 1
1708 4
1709 4
1710 1
1711 3
1712 3
1713 2
1714 1
1715 0
1716 6
1717 0
1718 3
1719 2
1720 3
1721 3
1722 2
1723 3
1724 2
1725 2
1726 2
1727 2
1728 2
1729 1
1730 2
1731 1
1732 2
1733 4
1734 2
1735 2
1736 0
1737 4
1738 3
1739 1
1740 2
1741 2
1742 4
1743 1
1744 1
1745 1
1746 1
1747 2
1748 3
1749 2
1750 6
1751 3
1752 2
1753 6
1754 1
1755 2
1756 3
1757 4
1758 2
1759 1
1760 5
1761 4
1762 1
1763 3
1764 1
1765 3
1766 1
1767 4
1768 1
1769 5
1770 1
1771 2
1772 1
1773 3
1774 0
1775 1
1776 0
1777 4
1778 2
1779 1
1780 1
1781 2
1782 0
1783 1
1784 2
1785 4
1786 3
1787 0
1788 0
1789 2
1790 3
1791 0
1792 1
1793 0
1794 2
1795 5
1796 1
1797 1
1798 2
1799 2
1800 3
1801 2
1802 0
1803 1
1804 3
1805 1
1806 2
1807 1
1808 2
1809 1
1810 3
1811 1
1812 1
1813 3
1814 2
1815 1
1816 3
1817 1
1818 5
1819 1
1820 1
1821 2
1822 4
1823 2
1824 2
1825 1
1826 2
1827 0
1828 3
1829 0
1830 1
1831 1
1832 1
1833 4
1834 5
1835 1
1836 5
1837 1
1838 2
1839 2
1840 2
1841 2
1842 2
1843 4
1844 0
1845 4
1846 1
1847 2
1848 1
1849 3
1850 2
1851 1
1852 3
1853 1
1854 5
1855 4
1856 3
1857 3
1858 2
1859 0
1860 2
1861 0
1862 1
1863 2
1864 0
1865 1
1866 3
1867 1
1868 1
1869 2
1870 3
1871 2
1872 1
1873 2
1874 4
1875 0
1876 1
1877 4
1878 1
1879 2
1880 3
1881 3
1882 0
1883 2
1884 3
1885 2
1886 1
1887 4
1888 3
1889 0
1890 6
1891 3
1892 3
1893 5
1894 2
1895 1
1896 3
1897 2
1898 3
1899 2
1900 1
1901 4
1902 3
1903 0
1904 2
1905 1
1906 1
1907 5
1908 1
1909 2
1910 1
1911 2
1912 2
1913 0
1914 3
1915 3
1916 3
1917 1
1918 1
1919 4
1920 4
1921 2
1922 1
1923 5
1924 3
1925 2
1926 1
1927 2
1928 3
1929 5
1930 3
1931 2
1932 2
1933 5
1934 3
1935 1
1936 2
1937 1
1938 1
1939 2
1940 3
1941 5
1942 0
1943 0
1944 4
1945 2
1946 2
1947 1
1948 2
1949 3
1950 0
1951 1
1952 3
1953 6
1954 4
1955 4
1956 3
1957 5
1958 1
1959 4
1960 5
1961 3
1962 3
1963 0
1964 2
1965 0
1966 3
1967 0
1968 3
1969 3
1970 1
1971 2
1972 3
1973 2
1974 3
1975 2
1976 2
1977 2
1978 0
1979 1
1980 2
1981 3
1982 0
1983 3
1984 2
1985 3
1986 1
1987 1
1988 1
1989 2
1990 3
1991 1
1992 3
1993 1
1994 0
1995 5
1996 3
1997 2
1998 2
1999 2
2000 3
2001 2
2002 1
2003 3
2004 1
2005 1
2006 1
2007 4
2008 0
2009 2
2010 1
2011 2
2012 0
2013 2
2014 1
2015 4
2016 1
2017 3
2018 4
2019 1
2020 2
2021 1
2022 3
2023 1
2024 2
2025 2
2026 4
2027 4
2028 1
2029 2
2030 2
2031 1
2032 4
2033 0
2034 3
2035 1
2036 2
2037 0
2038 1
2039 3
2040 3
2041 2
2042 2
2043 1
2044 1
2045 5
2046 2
2047 0
2048 3
2049 1
2050 0
2051 1
2052 2
2053 0
2054 1
2055 1
2056 4
2057 4
2058 3
2059 2
2060 1
2061 3
2062 3
2063 2
2064 2
2065 0
2066 2
2067 2
2068 2
2069 3
2070 6
2071 1
2072 3
2073 1
2074 1
2075 1
2076 0
2077 3
2078 4
2079 1
2080 1
2081 0
2082 4
2083 2
2084 0
2085 4
2086 4
2087 2
2088 2
2089 4
2090 0
2091 3
2092 0
2093 2
2094 2
2095 2
2096 0
2097 1
2098 2
2099 5
2100 1
2101 0
2102 3
2103 1
2104 1
2105 1
2106 3
2107 2
2108 4
2109 5
2110 1
2111 3
2112 2
2113 1
2114 3
2115 1
2116 5
2117 0
2118 6
2119 1
2120 1
2121 5
2122 0
2123 1
2124 3
2125 0
2126 2
2127 5
2128 1
2129 1
2130 5
2131 4
2132 1
2133 1
2134 1
2135 5
2136 0
2137 5
2138 3
2139 2
2140 2
2141 2
2142 3
2143 4
2144 0
2145 3
2146 1
2147 2
2148 3
2149 2
2150 1
2151 2
2152 3
2153 4
2154 2
2155 2
2156 1
2157 4
2158 0
2159 2
2160 2
2161 1
2162 0
2163 3
2164 0
2165 3
2166 1
2167 4
2168 3
2169 3
2170 2
2171 1
2172 3
2173 2
2174 1
2175 2
2176 3
2177 2
2178 1
2179 0
2180 0
2181 3
2182 2
2183 0
2184 2
2185 3
2186 0
2187 1
2188 2
2189 3
2190 0
2191 0
2192 4
2193 3
2194 3
2195 2
2196 1
2197 4
2198 2
2199 2
2200 3
2201 2
2202 1
2203 2
2204 4
2205 2
2206 2
2207 4
2208 1
2209 4
2210 0
2211 3
2212 3
2213 3
2214 1
2215 0
2216 0
2217 5
2218 1
2219 3
2220 2
2221 4
2222 1
2223 3
2224 3
2225 2
2226 1
2227 0
2228 3
2229 3
2230 1
2231 2
2232 4
2233 3
2234 2
2235 2
2236 2
2237 2
2238 3
2239 1
2240 3
2241 6
2242 4
2243 2
2244 0
2245 3
2246 4
2247 1
2248 3
2249 1
2250 3
2251 0
2252 1
2253 5
2254 2
2255 0
2256 2
2257 4
2258 4
2259 1
2260 2
2261 1
2262 6
2263 2
2264 0
2265 2
2266 1
2267 2
2268 2
2269 1
2270 2
2271 3
2272 2
2273 1
2274 3
2275 0
2276 5
2277 0
2278 2
2279 2
2280 3
2281 4
2282 2
2283 0
2284 0
2285 2
2286 0
2287 0
2288 3
2289 3
2290 4
2291 0
2292 1
2293 4
2294 1
2295 1
2296 3
2297 0
2298 1
2299 2
2300 2
2301 6
2302 1
2303 3
2304 1
2305 2
2306 1
2307 1
2308 3
2309 0
2310 1
2311 4
2312 2
2313 1
2314 1
2315 1
2316 1
2317 0
2318 1
2319 4
2320 2
2321 2
2322 0
2323 4
2324 2
2325 2
2326 1
2327 5
2328 2
2329 5
2330 0
2331 0
2332 1
2333 1
2334 0
2335 1
2336 2
2337 0
2338 4
2339 0
2340 1
2341 3
2342 3
2343 3
2344 2
2345 3
2346 0
2347 1
2348 1
2349 1
2350 1
2351 4
2352 1
2353 3
2354 2
2355 0
2356 2
2357 1
2358 0
2359 6
2360 5
2361 2
2362 0
2363 3
2364 1
2365 1
2366 1
2367 2
2368 2
2369 0
2370 1
2371 2
2372 2
2373 3
2374 2
2375 0
2376 3
2377 2
2378 1
2379 2
2380 2
2381 2
2382 1
2383 3
2384 2
2385 3
2386 3
2387 0
2388 2
2389 1
2390 2
2391 1
2392 4
2393 1
2394 2
2395 4
2396 0
2397 1
2398 0
2399 2
2400 3
2401 1
2402 0
2403 5
2404 1
2405 4
2406 0
2407 1
2408 3
2409 0
2410 1
2411 2
2412 1
2413 1
2414 2
2415 0
2416 2
2417 3
2418 0
2419 3
2420 2
2421 2
2422 3
2423 3
2424 1
2425 2
2426 2
2427 0
2428 0
2429 0
2430 4
2431 3
2432 2
2433 2
2434 2
2435 1
2436 2
2437 1
2438 1
2439 5
2440 1
2441 2
2442 1
2443 2
2444 0
2445 2
2446 1
2447 5
2448 0
2449 0
2450 3
2451 3
2452 0
2453 1
2454 1
2455 2
2456 0
2457 5
2458 1
2459 0
2460 2
2461 5
2462 1
2463 1
2464 0
2465 2
2466 1
2467 1
2468 2
2469 1
2470 0
2471 0
2472 3
2473 4
2474 3
2475 2
2476 3
2477 1
2478 0
2479 0
2480 3
2481 1
2482 3
2483 2
2484 3
2485 3
2486 1
2487 1
2488 5
2489 2
2490 2
2491 1
2492 1
2493 3
2494 1
2495 2
2496 1
2497 1
2498 1
2499 2
2500 2
2501 1
2502 3
2503 4
2504 2
2505 6
2506 1
2507 4
2508 1
2509 3
2510 3
2511 0
2512 1
2513 1
2514 2
2515 2
2516 2
2517 1
2518 1
2519 2
2520 1
2521 2
2522 2
2523 3
2524 5
2525 6
2526 3
2527 1
2528 1
2529 2
2530 2
2531 0
2532 6
2533 2
2534 0
2535 1
2536 1
2537 2
2538 2
2539 4
2540 2
2541 1
2542 3
2543 4
2544 3
2545 1
2546 3
2547 1
2548 1
2549 0
2550 2
2551 2
2552 1
2553 2
2554 1
2555 2
2556 4
2557 2
2558 4
2559 1
2560 1
2561 4
2562 4
2563 3
2564 4
2565 2
2566 1
2567 3
2568 2
2569 2
2570 1
2571 2
2572 2
2573 2
2574 2
2575 1
2576 5
2577 3
2578 5
2579 3
2580 0
2581 3
2582 2
2583 1
2584 2
2585 5
2586 2
2587 3
2588 3
2589 1
2590 2
2591 0
2592 0
2593 1
2594 0
2595 3
2596 7
2597 3
2598 1
2599 3
2600 2
2601 1
2602 2
2603 4
2604 0
2605 4
2606 4
2607 1
2608 1
2609 4
2610 0
2611 3
2612 1
2613 0
2614 1
2615 2
2616 0
2617 1
2618 0
2619 2
2620 2
2621 0
2622 1
2623 3
2624 4
2625 1
2626 0
2627 0
2628 2
2629 2
2630 1
2631 2
2632 1
2633 3
2634 2
2635 2
2636 2
2637 1
2638 1
2639 0
2640 1
2641 1
2642 2
2643 3
2644 3
2645 2
2646 1
2647 1
2648 0
2649 3
2650 1
2651 3
2652 3
2653 5
2654 3
2655 2
2656 2
2657 0
2658 2
2659 5
2660 3
2661 0
2662 3
2663 0
2664 2
2665 0
2666 0
2667 2
2668 1
2669 1
2670 4
2671 1
2672 1
2673 3
2674 2
2675 0
2676 2
2677 1
2678 1
2679 3
2680 3
2681 1
2682 1
2683 3
2684 3
2685 1
2686 2
2687 0
2688 0
2689 2
2690 0
2691 2
2692 1
2693 1
2694 2
2695 1
2696 3
2697 3
2698 1
2699 4
2700 5
2701 3
2702 0
2703 1
2704 1
2705 3
2706 3
2707 3
2708 0
2709 4
2710 4
2711 1
2712 1
2713 2
2714 4
2715 6
2716 4
2717 3
2718 2
2719 3
2720 0
2721 4
2722 5
2723 1
2724 2
2725 2
2726 3
2727 2
2728 3
2729 2
2730 3
2731 2
2732 3
2733 1
2734 2
2735 4
2736 0
2737 2
2738 0
2739 4
2740 4
2741 2
2742 2
2743 1
2744 2
2745 4
2746 4
2747 2
2748 1
2749 2
2750 0
2751 2
2752 1
2753 1
2754 2
2755 2
2756 4
2757 3
2758 2
2759 1
2760 2
2761 2
2762 0
2763 3
2764 2
2765 2
2766 1
2767 4
2768 1
2769 1
2770 1
2771 2
2772 1
2773 1
2774 0
2775 2
2776 4
2777 3
2778 3
2779 2
2780 3
2781 0
2782 0
2783 0
2784 3
2785 0
2786 0
2787 2
2788 6
2789 2
2790 0
2791 0
2792 0
2793 4
2794 2
2795 6
2796 1
2797 0
2798 1
2799 3
2800 1
2801 0
2802 1
2803 3
2804 1
2805 3
2806 8
2807 3
2808 4
2809 1
2810 1
2811 1
2812 1
2813 3
2814 0
2815 3
2816 1
2817 2
2818 1
2819 1
2820 0
2821 1
2822 2
2823 1
2824 0
2825 5
2826 2
2827 2
2828 2
2829 0
2830 0
2831 0
2832 2
2833 6
2834 0
2835 3
2836 3
2837 3
2838 5
2839 0
2840 1
2841 2
2842 1
2843 5
2844 1
2845 1
2846 2
2847 1
2848 1
2849 2
2850 3
2851 2
2852 2
2853 1
2854 1
2855 3
2856 4
2857 2
2858 1
2859 0
2860 2
2861 2
2862 2
2863 1
2864 3
2865 0
2866 1
2867 0
2868 2
2869 2
2870 3
2871 2
2872 3
2873 0
2874 4
2875 3
2876 3
2877 1
2878 1
2879 0
2880 3
2881 3
2882 2
2883 0
2884 2
2885 3
2886 2
2887 0
2888 1
2889 2
2890 0
2891 2
2892 3
2893 2
2894 0
2895 3
2896 0
2897 0
2898 5
2899 2
2900 3
2901 2
2902 2
2903 2
2904 1
2905 0
2906 1
2907 3
2908 2
2909 0
2910 2
2911 4
2912 0
2913 4
2914 2
2915 3
2916 1
2917 4
2918 1
2919 0
2920 1
2921 4
2922 3
2923 1
2924 3
2925 3
2926 2
2927 1
2928 1
2929 2
2930 0
2931 1
2932 3
2933 2
2934 3
2935 1
2936 1
2937 7
2938 2
2939 1
2940 1
2941 2
2942 3
2943 1
2944 1
2945 1
2946 4
2947 5
2948 2
2949 1
2950 4
2951 3
2952 2
2953 4
2954 2
2955 3
2956 2
2957 3
2958 3
2959 2
2960 0
2961 4
2962 5
2963 3
2964 2
2965 2
2966 7
2967 2
2968 2
2969 2
2970 1
2971 2
2972 0
2973 4
2974 0
2975 6
2976 2
2977 2
2978 2
2979 6
2980 4
2981 1
2982 1
2983 4
2984 1
2985 1
2986 1
2987 4
2988 0
2989 1
2990 1
2991 6
2992 3
2993 2
2994 1
2995 1
2996 6
2997 3
2998 0
2999 3
3000 4
3001 4
3002 1
3003 1
3004 0
3005 1
3006 3
3007 3
3008 4
3009 2
3010 4
3011 3
3012 1
3013 3
3014 5
3015 1
3016 1
3017 1
3018 1
3019 1
3020 0
3021 2
3022 3
3023 1
3024 4
3025 3
3026 2
3027 1
3028 3
3029 3
3030 6
3031 3
3032 2
3033 2
3034 3
3035 4
3036 4
3037 2
3038 3
3039 4
3040 1
3041 1
3042 4
3043 1
3044 3
3045 2
3046 0
3047 5
3048 4
3049 2
3050 2
3051 1
3052 2
3053 3
3054 1
3055 3
3056 3
3057 1
3058 2
3059 4
3060 4
3061 4
3062 4
3063 3
3064 4
3065 3
3066 5
3067 2
3068 2
3069 2
3070 3
3071 0
3072 1
3073 3
3074 2
3075 0
3076 1
3077 3
3078 1
3079 1
3080 3
3081 1
3082 3
3083 2
3084 1
3085 1
3086 1
3087 2
3088 4
3089 2
3090 1
3091 0
3092 3
3093 4
3094 2
3095 2
3096 0
3097 1
3098 1
3099 1
3100 3
3101 1
3102 3
3103 3
3104 4
3105 1
3106 3
3107 0
3108 1
3109 2
3110 3
3111 2
3112 4
3113 5
3114 1
3115 1
3116 2
3117 1
3118 2
3119 1
3120 1
3121 3
3122 4
3123 3
3124 3
3125 0
3126 1
3127 1
3128 2
3129 2
3130 2
3131 4
3132 3
3133 0
3134 3
3135 2
3136 1
3137 2
3138 1
3139 3
3140 0
3141 0
3142 1
3143 1
3144 3
3145 4
3146 0
3147 2
3148 0
3149 2
3150 2
3151 2
3152 2
3153 3
3154 2
3155 1
3156 3
3157 2
3158 3
3159 1
3160 2
3161 1
3162 4
3163 1
3164 0
3165 2
3166 2
3167 1
3168 2
3169 4
3170 0
3171 5
3172 4
3173 2
3174 0
3175 2
3176 0
3177 3
3178 2
3179 1
3180 0
3181 3
3182 3
3183 1
3184 2
3185 1
3186 3
3187 1
3188 2
3189 0
3190 1
3191 1
3192 1
3193 2
3194 0
3195 3
3196 1
3197 2
3198 2
3199 4
3200 5
3201 3
3202 3
3203 2
3204 5
3205 2
3206 3
3207 3
3208 3
3209 4
3210 2
3211 4
3212 0
3213 1
3214 3
3215 3
3216 3
3217 0
3218 1
3219 0
3220 3
3221 4
3222 1
3223 1
3224 1
3225 3
3226 2
3227 3
3228 1
3229 4
3230 3
3231 4
3232 2
3233 1
3234 4
3235 1
3236 0
3237 3
3238 0
3239 0
3240 2
3241 3
3242 1
3243 2
3244 3
3245 1
3246 1
3247 2
3248 3
3249 3
3250 3
3251 3
3252 0
3253 4
3254 1
3255 2
3256 3
3257 4
3258 1
3259 1
3260 3
3261 4
3262 3
3263 1
3264 1
3265 2
3266 1
3267 0
3268 2
3269 2
3270 0
3271 0
3272 0
3273 2
3274 3
3275 1
3276 2
3277 3
3278 4
3279 0
3280 2
3281 2
3282 1
3283 2
3284 1
3285 0
3286 4
3287 3
3288 1
3289 2
3290 2
3291 5
3292 5
3293 4
3294 2
3295 1
3296 1
3297 3
3298 4
3299 2
3300 4
3301 1
3302 3
3303 6
3304 2
3305 2
3306 2
3307 2
3308 0
3309 2
3310 2
3311 1
3312 2
3313 1
3314 2
3315 1
3316 3
3317 3
3318 1
3319 2
3320 3
3321 1
3322 1
3323 0
3324 3
3325 0
3326 2
3327 3
3328 0
3329 3
3330 1
3331 3
3332 2
3333 2
3334 1
3335 2
3336 1
3337 1
3338 2
3339 2
3340 2
3341 2
3342 3
3343 4
3344 0
3345 3
3346 2
3347 1
3348 0
3349 3
3350 2
3351 5
3352 2
3353 1
3354 3
3355 1
3356 3
3357 2
3358 1
3359 1
3360 0
3361 1
3362 5
3363 1
3364 3
3365 3
3366 4
3367 3
3368 1
3369 4
3370 1
3371 3
3372 3
3373 3
3374 3
3375 0
3376 1
3377 3
3378 2
3379 1
3380 2
3381 1
3382 5
3383 3
3384 1
3385 4
3386 4
3387 2
3388 0
3389 2
3390 5
3391 2
3392 1
3393 2
3394 0
3395 2
3396 4
3397 0
3398 1
3399 4
3400 2
3401 4
3402 3
3403 0
3404 0
3405 4
3406 2
3407 5
3408 1
3409 4
3410 2
3411 3
3412 3
3413 1
3414 4
3415 1
3416 2
3417 1
3418 4
3419 2
3420 2
3421 1
3422 0
3423 3
3424 3
3425 1
3426 1
3427 2
3428 3
3429 1
3430 2
3431 2
3432 1
3433 1
3434 0
3435 0
3436 0
3437 1
3438 1
3439 0
3440 2
3441 2
3442 3
3443 3
3444 1
3445 2
3446 0
3447 2
3448 2
3449 1
3450 0
3451 1
3452 0
3453 1
3454 4
3455 1
3456 4
3457 0
3458 2
3459 1
3460 1
3461 0
3462 2
3463 1
3464 1
3465 3
3466 1
3467 0
3468 2
3469 2
3470 2
3471 1
3472 3
3473 0
3474 4
3475 0
3476 3
3477 4
3478 1
3479 3
3480 2
3481 1
3482 4
3483 3
3484 3
3485 2
3486 3
3487 2
3488 1
3489 1
3490 2
3491 1
3492 1
3493 3
3494 3
3495 1
3496 0
3497 6
3498 3
3499 2
3500 5
3501 2
3502 2
3503 3
3504 2
3505 0
3506 3
3507 2
3508 3
3509 1
3510 0
3511 0
3512 1
3513 1
3514 3
3515 2
3516 2
3517 2
3518 3
3519 3
3520 2
3521 4
3522 2
3523 3
3524 3
3525 2
3526 4
3527 1
3528 3
3529 3
3530 1
3531 2
3532 5
3533 1
3534 1
3535 3
3536 1
3537 2
3538 2
3539 1
3540 5
3541 2
3542 4
3543 1
3544 2
3545 5
3546 6
3547 0
3548 0
3549 1
3550 2
3551 2
3552 1
3553 0
3554 3
3555 0
3556 1
3557 3
3558 3
3559 2
3560 3
3561 1
3562 3
3563 2
3564 0
3565 5
3566 1
3567 2
3568 4
3569 0
3570 2
3571 1
3572 2
3573 5
3574 1
3575 3
3576 2
3577 4
3578 2
3579 1
3580 2
3581 1
3582 2
3583 1
3584 1
3585 1
3586 2
3587 2
3588 1
3589 2
3590 0
3591 1
3592 0
3593 2
3594 4
3595 0
3596 3
3597 4
3598 1
3599 2
3600 4
3601 3
3602 2
3603 1
3604 1
3605 6
3606 7
3607 1
3608 0
3609 0
3610 2
3611 2
3612 3
3613 5
3614 1
3615 0
3616 1
3617 1
3618 0
3619 3
3620 3
3621 1
3622 1
3623 1
3624 2
3625 0
3626 2
3627 0
3628 1
3629 1
3630 2
3631 2
3632 0
3633 1
3634 3
3635 2
3636 1
3637 2
3638 3
3639 1
3640 3
3641 4
3642 2
3643 1
3644 2
3645 2
3646 4
3647 2
3648 2
3649 2
3650 0
3651 2
3652 2
3653 1
3654 4
3655 2
3656 7
3657 1
3658 3
3659 2
3660 1
3661 2
3662 3
3663 1
3664 1
3665 1
3666 0
3667 4
3668 2
3669 0
3670 1
3671 2
3672 3
3673 3
3674 1
3675 2
3676 2
3677 3
3678 3
3679 1
3680 2
3681 2
3682 2
3683 4
3684 2
3685 4
3686 2
3687 1
3688 2
3689 4
3690 3
3691 1
3692 4
3693 3
3694 2
3695 1
3696 1
3697 4
3698 2
3699 6
3700 4
3701 3
3702 4
3703 4
3704 1
3705 2
3706 2
3707 2
3708 2
3709 0
3710 3
3711 1
3712 1
3713 2
3714 3
3715 4
3716 6
3717 1
3718 2
3719 3
3720 0
3721 2
3722 1
3723 4
3724 1
3725 2
3726 0
3727 3
3728 5
3729 2
3730 2
3731 1
3732 2
3733 2
3734 1
3735 4
3736 2
3737 2
3738 1
3739 1
3740 2
3741 0
3742 3
3743 0
3744 2
3745 5
3746 5
3747 0
3748 2
3749 2
3750 2
3751 2
3752 3
3753 0
3754 2
3755 5
3756 5
3757 1
3758 1
3759 1
3760 3
3761 2
3762 0
3763 2
3764 2
3765 2
3766 1
3767 2
3768 3
3769 2
3770 1
3771 1
3772 0
3773 1
3774 2
3775 3
3776 2
3777 5
3778 1
3779 3
3780 2
3781 2
3782 1
3783 2
3784 4
3785 2
3786 1
3787 2
3788 1
3789 0
3790 3
3791 0
3792 3
3793 5
3794 2
3795 0
3796 1
3797 5
3798 2
3799 3
3800 1
3801 4
3802 2
3803 0
3804 4
3805 0
3806 4
3807 4
3808 2
3809 4
3810 2
3811 2
3812 5
3813 0
3814 2
3815 0
3816 4
3817 4
3818 3
3819 0
3820 3
3821 1
3822 1
3823 0
3824 2
3825 1
3826 0
3827 3
3828 1
3829 3
3830 0
3831 1
3832 3
3833 1
3834 3
3835 3
3836 1
3837 2
3838 0
3839 1
3840 3
3841 2
3842 2
3843 3
3844 2
3845 6
3846 2
3847 3
3848 2
3849 1
3850 0
3851 1
3852 2
3853 2
3854 1
3855 0
3856 3
3857 0
3858 3
3859 0
3860 3
3861 2
3862 2
3863 2
3864 0
3865 1
3866 2
3867 3
3868 1
3869 3
3870 4
3871 5
3872 1
3873 3
3874 2
3875 2
3876 4
3877 3
3878 2
3879 2
3880 1
3881 3
3882 1
3883 1
3884 2
3885 1
3886 2
3887 2
3888 1
3889 1
3890 2
3891 3
3892 3
3893 5
3894 2
3895 6
3896 1
3897 3
3898 2
3899 1
3900 1
3901 1
3902 4
3903 1
3904 2
3905 3
3906 2
3907 0
3908 1
3909 1
3910 4
3911 2
3912 2
3913 3
3914 1
3915 2
3916 3
3917 3
3918 3
3919 6
3920 1
3921 2
3922 1
3923 0
3924 1
3925 1
3926 7
3927 2
3928 4
3929 1
3930 2
3931 0
3932 4
3933 1
3934 3
3935 3
3936 0
3937 1
3938 2
3939 2
3940 2
3941 3
3942 1
3943 4
3944 2
3945 4
3946 1
3947 1
3948 0
3949 0
3950 1
3951 0
3952 1
3953 3
3954 2
3955 3
3956 4
3957 1
3958 1
3959 3
3960 2
3961 2
3962 2
3963 3
3964 2
3965 4
3966 1
3967 2
3968 3
3969 5
3970 2
3971 4
3972 3
3973 1
3974 0
3975 4
3976 2
3977 3
3978 4
3979 1
3980 1
3981 0
3982 2
3983 3
3984 2
3985 4
3986 0
3987 1
3988 1
3989 3
3990 3
3991 3
3992 2
3993 5
3994 1
3995 2
3996 5
3997 2
3998 7
3999 4
4000 1
4001 3
4002 2
4003 2
4004 0
4005 0
4006 2
4007 2
4008 1
4009 0
4010 3
4011 1
4012 2
4013 2
4014 1
4015 1
4016 4
4017 3
4018 1
4019 1
4020 1
4021 1
4022 2
4023 1
4024 1
4025 3
4026 2
4027 4
4028 0
4029 5
4030 4
4031 2
4032 2
4033 1
4034 0
4035 2
4036 2
4037 1
4038 2
4039 2
4040 3
4041 1
4042 0
4043 4
4044 2
4045 6
4046 3
4047 1
4048 3
4049 4
4050 4
4051 2
4052 3
4053 2
4054 1
4055 3
4056 3
4057 3
4058 1
4059 2
4060 2
4061 1
4062 2
4063 5
4064 1
4065 4
4066 1
4067 3
4068 0
4069 1
4070 2
4071 1
4072 1
4073 0
4074 1
4075 2
4076 3
4077 1
4078 2
4079 2
4080 6
4081 1
4082 5
4083 1
4084 3
4085 3
4086 1
4087 5
4088 1
4089 3
4090 4
4091 3
4092 3
4093 1
4094 6
4095 2
4096 6
4097 1
4098 3
4099 1
4100 2
4101 2
4102 1
4103 1
4104 3
4105 4
4106 1
4107 2
4108 1
4109 4
4110 0
4111 0
4112 1
4113 5
4114 4
4115 1
4116 5
4117 3
4118 0
4119 3
4120 3
4121 4
4122 2
4123 0
4124 0
4125 4
4126 3
4127 0
4128 3
4129 1
4130 1
4131 0
4132 1
4133 1
4134 0
4135 1
4136 0
4137 1
4138 2
4139 0
4140 3
4141 0
4142 0
4143 1
4144 5
4145 0
4146 3
4147 1
4148 0
4149 2
4150 0
4151 4
4152 3
4153 2
4154 2
4155 4
4156 1
4157 2
4158 1
4159 3
4160 1
4161 2
4162 1
4163 0
4164 4
4165 2
4166 1
4167 5
4168 0
4169 1
4170 2
4171 3
4172 0
4173 0
4174 1
4175 0
4176 6
4177 1
4178 3
4179 1
4180 1
4181 2
4182 4
4183 7
4184 0
4185 0
4186 0
4187 4
4188 3
4189 1
4190 4
4191 3
4192 5
4193 0
4194 3
4195 0
4196 1
4197 1
4198 3
4199 1
4200 2
4201 2
4202 2
4203 2
4204 3
4205 5
4206 0
4207 5
4208 1
4209 1
4210 2
4211 7
4212 3
4213 0
4214 3
4215 1
4216 2
4217 3
4218 3
4219 2
4220 2
4221 1
4222 2
4223 1
4224 5
4225 2
4226 2
4227 0
4228 3
4229 5
4230 2
4231 4
4232 0
4233 2
4234 1
4235 1
4236 0
4237 3
4238 0
4239 2
4240 3
4241 2
4242 1
4243 2
4244 1
4245 3
4246 5
4247 3
4248 1
4249 2
4250 3
4251 4
4252 1
4253 2
4254 0
4255 1
4256 4
4257 3
4258 2
4259 2
4260 3
4261 1
4262 0
4263 0
4264 1
4265 0
4266 3
4267 5
4268 2
4269 1
4270 1
4271 5
4272 3
4273 1
4274 2
4275 3
4276 2
4277 4
4278 2
4279 2
4280 1
4281 3
4282 0
4283 1
4284 1
4285 3
4286 4
4287 1
4288 0
4289 0
4290 3
4291 0
4292 3
4293 1
4294 1
4295 1
4296 5
4297 4
4298 3
4299 0
4300 1
4301 4
4302 2
4303 3
4304 2
4305 2
4306 2
4307 2
4308 1
4309 0
4310 4
4311 5
4312 5
4313 0
4314 2
4315 1
4316 3
4317 2
4318 2
4319 3
4320 3
4321 2
4322 3
4323 3
4324 2
4325 2
4326 0
4327 2
4328 3
4329 2
4330 3
4331 1
4332 1
4333 1
4334 1
4335 2
4336 2
4337 3
4338 3
4339 2
4340 2
4341 1
4342 2
4343 3
4344 1
4345 2
4346 5
4347 3
4348 1
4349 4
4350 1
4351 2
4352 2
4353 1
4354 2
4355 2
4356 1
4357 1
4358 6
4359 1
4360 2
4361 2
4362 1
4363 3
4364 1
4365 2
4366 1
4367 2
4368 2
4369 3
4370 1
4371 3
4372 0
4373 4
4374 1
4375 0
4376 2
4377 1
4378 4
4379 3
4380 2
4381 0
4382 0
4383 3
4384 1
4385 3
4386 1
4387 4
4388 2
4389 2
4390 2
4391 0
4392 1
4393 1
4394 1
4395 2
4396 2
4397 3
4398 2
4399 4
4400 4
4401 0
4402 0
4403 1
4404 1
4405 5
4406 4
4407 3
4408 1
4409 5
4410 4
4411 1
4412 4
4413 0
4414 2
4415 5
4416 1
4417 2
4418 2
4419 4
4420 1
4421 3
4422 5
4423 4
4424 3
4425 3
4426 3
4427 2
4428 2
4429 2
4430 3
4431 0
4432 0
4433 1
4434 1
4435 2
4436 2
4437 2
4438 3
4439 1
4440 1
4441 2
4442 3
4443 2
4444 1
4445 3
4446 6
4447 1
4448 1
4449 1
4450 2
4451 3
4452 3
4453 1
4454 2
4455 2
4456 1
4457 1
4458 2
4459 1
4460 4
4461 1
4462 3
4463 2
4464 2
4465 4
4466 2
4467 0
4468 1
4469 0
4470 3
4471 3
4472 2
4473 0
4474 4
4475 4
4476 1
4477 0
4478 4
4479 3
4480 1
4481 1
4482 2
4483 3
4484 5
4485 3
4486 2
4487 2
4488 1
4489 4
4490 2
4491 2
4492 2
4493 1
4494 1
4495 4
4496 1
4497 0
4498 0
4499 1
4500 2
4501 3
4502 4
4503 5
4504 1
4505 2
4506 2
4507 0
4508 1
4509 1
4510 0
4511 1
4512 3
4513 2
4514 1
4515 1
4516 2
4517 6
4518 4
4519 4
4520 0
4521 1
4522 2
4523 3
4524 1
4525 3
4526 0
4527 1
4528 3
4529 2
4530 2
4531 2
4532 5
4533 5
4534 1
4535 3
4536 1
4537 3
4538 1
4539 1
4540 2
4541 3
4542 2
4543 1
4544 3
4545 1
4546 2
4547 1
4548 0
4549 2
4550 3
4551 1
4552 4
4553 4
4554 1
4555 3
4556 4
4557 1
4558 1
4559 5
4560 5
4561 3
4562 2
4563 0
4564 2
4565 2
4566 3
4567 4
4568 2
4569 3
4570 3
4571 1
4572 2
4573 5
4574 2
4575 1
4576 0
4577 1
4578 2
4579 5
4580 1
4581 2
4582 3
4583 3
4584 1
4585 2
4586 2
4587 1
4588 4
4589 1
4590 3
4591 1
4592 3
4593 5
4594 2
4595 1
4596 3
4597 1
4598 1
4599 4
4600 1
4601 1
4602 1
4603 3
4604 2
4605 2
4606 4
4607 1
4608 2
4609 4
4610 2
4611 4
4612 3
4613 4
4614 5
4615 3
4616 3
4617 1
4618 2
4619 3
4620 0
4621 1
4622 2
4623 0
4624 3
4625 1
4626 2
4627 2
4628 1
4629 0
4630 3
4631 0
4632 1
4633 6
4634 2
4635 0
4636 4
4637 1
4638 0
4639 1
4640 3
4641 3
4642 0
4643 2
4644 0
4645 2
4646 3
4647 4
4648 4
4649 1
4650 3
4651 1
4652 0
4653 0
4654 3
4655 0
4656 1
4657 4
4658 0
4659 3
4660 2
4661 3
4662 1
4663 0
4664 3
4665 1
4666 3
4667 4
4668 4
4669 1
4670 1
4671 1
4672 5
4673 0
4674 1
4675 1
4676 1
4677 2
4678 1
4679 2
4680 1
4681 2
4682 3
4683 3
4684 3
4685 2
4686 5
4687 2
4688 1
4689 1
4690 3
4691 3
4692 4
4693 1
4694 1
4695 2
4696 2
4697 1
4698 0
4699 3
4700 3
4701 2
4702 3
4703 2
4704 3
4705 0
4706 5
4707 2
4708 0
4709 4
4710 0
4711 1
4712 2
4713 3
4714 2
4715 0
4716 2
4717 1
4718 2
4719 2
4720 0
4721 1
4722 2
4723 0
4724 2
4725 1
4726 3
4727 1
4728 1
4729 1
4730 2
4731 1
4732 1
4733 2
4734 1
4735 1
4736 2
4737 1
4738 2
4739 0
4740 1
4741 3
4742 4
4743 2
4744 2
4745 3
4746 1
4747 4
4748 0
4749 3
4750 2
4751 1
4752 1
4753 1
4754 2
4755 1
4756 1
4757 1
4758 2
4759 2
4760 2
4761 3
4762 0
4763 4
4764 3
4765 3
4766 1
4767 2
4768 6
4769 1
4770 5
4771 1
4772 1
4773 1
4774 0
4775 1
4776 0
4777 4
4778 2
4779 1
4780 1
4781 1
4782 4
4783 1
4784 2
4785 5
4786 1
4787 1
4788 1
4789 0
4790 2
4791 2
4792 4
4793 0
4794 2
4795 3
4796 1
4797 2
4798 2
4799 1
4800 4
4801 3
4802 3
4803 1
4804 4
4805 2
4806 3
4807 0
4808 1
4809 2
4810 1
4811 3
4812 3
4813 1
4814 3
4815 1
4816 2
4817 0
4818 3
4819 0
4820 2
4821 5
4822 3
4823 3
4824 4
4825 2
4826 3
4827 2
4828 4
4829 0
4830 0
4831 0
4832 2
4833 1
4834 1
4835 2
4836 2
4837 0
4838 1
4839 3
4840 1
4841 0
4842 3
4843 3
4844 2
4845 0
4846 2
4847 3
4848 1
4849 2
4850 6
4851 1
4852 2
4853 2
4854 1
4855 4
4856 3
4857 0
4858 2
4859 0
4860 1
4861 4
4862 6
4863 3
4864 2
4865 1
4866 2
4867 2
4868 2
4869 2
4870 1
4871 2
4872 1
4873 3
4874 1
4875 1
4876 1
4877 3
4878 3
4879 6
4880 1
4881 1
4882 1
4883 1
4884 2
4885 2
4886 4
4887 1
4888 3
4889 3
4890 1
4891 1
4892 3
4893 3
4894 4
4895 3
4896 3
4897 1
4898 3
4899 4
4900 2
4901 2
4902 1
4903 0
4904 2
4905 2
4906 5
4907 3
4908 1
4909 3
4910 2
4911 2
4912 1
4913 2
4914 3
4915 3
4916 2
4917 0
4918 2
4919 2
4920 1
4921 3
4922 2
4923 2
4924 0
4925 1
4926 3
4927 3
4928 2
4929 0
4930 4
4931 2
4932 2
4933 0
4934 1
4935 2
4936 3
4937 6
4938 3
4939 2
4940 4
4941 1
4942 1
4943 2
4944 3
4945 3
4946 2
4947 2
4948 0
4949 2
4950 2
4951 3
4952 2
4953 2
4954 3
4955 5
4956 1
4957 0
4958 1
4959 0
4960 4
4961 1
4962 0
4963 1
4964 2
4965 1
4966 1
4967 0
4968 0
4969 1
4970 2
4971 4
4972 0
4973 2
4974 4
4975 3
4976 2
4977 2
4978 2
4979 1
4980 1
4981 0
4982 2
4983 2
4984 0
4985 4
4986 2
4987 0
4988 0
4989 2
4990 4
4991 1
4992 2
4993 1
4994 1
4995 0
4996 2
4997 1
4998 2
4999 1
5000 3
5001 2
5002 0
5003 5
5004 2
5005 1
5006 1
5007 0
5008 0
5009 2
5010 5
5011 2
5012 1
5013 3
5014 2
5015 5
5016 0
5017 4
5018 1
5019 4
5020 3
5021 1
5022 2
5023 1
5024 1
5025 0
5026 1
5027 1
5028 2
5029 1
5030 4
5031 2
5032 2
5033 2
5034 3
5035 3
5036 3
5037 0
5038 2
5039 2
5040 2
5041 3
5042 2
5043 4
5044 1
5045 1
5046 2
5047 4
5048 6
5049 1
5050 1
5051 0
5052 1
5053 0
5054 4
5055 2
5056 2
5057 2
5058 0
5059 2
5060 1
5061 1
5062 1
5063 1
5064 2
5065 2
5066 2
5067 3
5068 4
5069 0
5070 0
5071 1
5072 4
5073 3
5074 4
5075 1
5076 1
5077 4
5078 2
5079 4
5080 4
5081 0
5082 2
5083 0
5084 1
5085 2
5086 1
5087 2
5088 1
5089 1
5090 1
5091 1
5092 6
5093 0
5094 2
5095 1
5096 2
5097 0
5098 5
5099 2
5100 2
5101 1
5102 2
5103 3
5104 2
5105 0
5106 0
5107 4
5108 2
5109 3
5110 2
5111 0
5112 2
5113 5
5114 1
5115 2
5116 3
5117 1
5118 6
5119 3
5120 4
5121 2
5122 5
5123 1
5124 1
5125 1
5126 2
5127 1
5128 6
5129 2
5130 2
5131 0
5132 1
5133 5
5134 2
5135 1
5136 3
5137 2
5138 4
5139 1
5140 0
5141 3
5142 5
5143 0
5144 4
5145 1
5146 1
5147 1
5148 1
5149 5
5150 3
5151 2
5152 2
5153 3
5154 1
5155 3
5156 3
5157 1
5158 1
5159 3
5160 2
5161 3
5162 6
5163 3
5164 2
5165 1
5166 2
5167 1
5168 4
5169 0
5170 3
5171 3
5172 10
5173 3
5174 2
5175 1
5176 2
5177 3
5178 2
5179 4
5180 1
5181 0
5182 2
5183 2
5184 1
5185 4
5186 1
5187 2
5188 1
5189 2
5190 0
5191 2
5192 0
5193 1
5194 0
5195 0
5196 4
5197 1
5198 7
5199 2
5200 3
5201 3
5202 5
5203 2
5204 0
5205 2
5206 2
5207 2
5208 3
5209 3
5210 2
5211 1
5212 2
5213 1
5214 0
5215 2
5216 2
5217 0
5218 2
5219 4
5220 1
5221 2
5222 4
5223 3
5224 1
5225 1
5226 0
5227 1
5228 1
5229 2
5230 3
5231 0
5232 1
5233 2
5234 1
5235 1
5236 4
5237 4
5238 2
5239 1
5240 2
5241 1
5242 0
5243 2
5244 1
5245 2
5246 2
5247 2
5248 1
5249 4
5250 4
5251 0
5252 2
5253 0
5254 1
5255 1
5256 3
5257 1
5258 1
5259 4
5260 2
5261 3
5262 2
5263 2
5264 3
5265 1
5266 2
5267 3
5268 2
5269 3
5270 2
5271 3
5272 1
5273 0
5274 3
5275 1
5276 1
5277 1
5278 5
5279 2
5280 5
5281 0
5282 2
5283 0
5284 0
5285 0
5286 2
5287 1
5288 2
5289 0
5290 5
5291 2
5292 2
5293 3
5294 2
5295 3
5296 1
5297 0
5298 4
5299 1
5300 3
5301 7
5302 1
5303 1
5304 3
5305 5
5306 3
5307 1
5308 3
5309 2
5310 1
5311 2
5312 2
5313 3
5314 3
5315 1
5316 3
5317 3
5318 0
5319 0
5320 0
5321 1
5322 2
5323 2
5324 0
5325 3
5326 7
5327 1
5328 0
5329 0
5330 2
5331 4
5332 6
5333 6
5334 0
5335 3
5336 0
5337 3
5338 3
5339 1
5340 0
5341 4
5342 2
5343 2
5344 1
5345 1
5346 1
5347 2
5348 3
5349 0
5350 3
5351 2
5352 1
5353 4
5354 1
5355 0
5356 2
5357 2
5358 3
5359 1
5360 1
5361 2
5362 0
5363 2
5364 5
5365 3
5366 0
5367 0
5368 0
5369 4
5370 3
5371 0
5372 2
5373 0
5374 2
5375 1
5376 3
5377 2
5378 3
5379 2
5380 2
5381 0
5382 1
5383 1
5384 4
5385 2
5386 2
5387 1
5388 1
5389 0
5390 2
5391 2
5392 2
5393 2
5394 1
5395 2
5396 4
5397 3
5398 2
5399 2
5400 1
5401 4
5402 0
5403 1
5404 0
5405 2
5406 2
5407 2
5408 1
5409 1
5410 6
5411 4
5412 3
5413 1
5414 2
5415 3
5416 3
5417 2
5418 0
5419 2
5420 5
5421 2
5422 4
5423 0
5424 1
5425 2
5426 4
5427 3
5428 2
5429 2
5430 0
5431 0
5432 1
5433 1
5434 0
5435 2
5436 5
5437 0
5438 2
5439 1
5440 4
5441 0
5442 3
5443 2
5444 3
5445 3
5446 2
5447 1
5448 1
5449 3
5450 1
5451 3
5452 2
5453 0
5454 3
5455 7
5456 2
5457 3
5458 1
5459 0
5460 2
5461 0
5462 1
5463 2
5464 2
5465 1
5466 1
5467 2
5468 4
5469 2
5470 2
5471 4
5472 1
5473 3
5474 3
5475 1
5476 3
5477 4
5478 1
5479 2
5480 2
5481 3
5482 2
5483 1
5484 2
5485 3
5486 2
5487 1
5488 5
5489 2
5490 1
5491 0
5492 2
5493 3
5494 4
5495 1
5496 2
5497 1
5498 1
5499 1
5500 2
5501 3
5502 3
5503 2
5504 3
5505 1
5506 1
5507 2
5508 5
5509 3
5510 1
5511 0
5512 1
5513 2
5514 2
5515 1
5516 2
5517 2
5518 1
5519 3
5520 1
5521 5
5522 3
5523 1
5524 2
5525 1
5526 2
5527 1
5528 2
5529 4
5530 1
5531 0
5532 0
5533 3
5534 2
5535 1
5536 8
5537 2
5538 4
5539 5
5540 1
5541 2
5542 2
5543 3
5544 1
5545 2
5546 0
5547 2
5548 3
5549 0
5550 2
5551 0
5552 0
5553 3
5554 0
5555 0
5556 3
5557 4
5558 1
5559 2
5560 0
5561 2
5562 3
5563 3
5564 0
5565 8
5566 2
5567 0
5568 0
5569 1
5570 1
5571 4
5572 0
5573 2
5574 0
5575 3
5576 2
5577 2
5578 4
5579 3
5580 0
5581 2
5582 1
5583 0
5584 1
5585 4
5586 0
5587 1
5588 2
5589 4
5590 0
5591 0
5592 1
5593 2
5594 0
5595 3
5596 3
5597 0
5598 1
5599 0
5600 2
5601 0
5602 2
5603 1
5604 4
5605 1
5606 6
5607 0
5608 4
5609 2
5610 6
5611 1
5612 3
5613 0
5614 1
5615 5
5616 4
5617 1
5618 2
5619 4
5620 1
5621 1
5622 2
5623 2
5624 3
5625 2
5626 2
5627 1
5628 1
5629 3
5630 2
5631 0
5632 1
5633 2
5634 2
5635 0
5636 2
5637 1
5638 1
5639 6
5640 2
5641 0
5642 1
5643 2
5644 6
5645 1
5646 2
5647 2
5648 4
5649 3
5650 3
5651 2
5652 1
5653 2
5654 1
5655 4
5656 4
5657 1
5658 2
5659 3
5660 1
5661 2
5662 1
5663 3
5664 0
5665 0
5666 0
5667 5
5668 4
5669 2
5670 2
5671 0
5672 1
5673 2
5674 1
5675 3
5676 4
5677 3
5678 3
5679 1
5680 1
5681 5
5682 2
5683 7
5684 2
5685 1
5686 2
5687 2
5688 2
5689 0
5690 2
5691 0
5692 2
5693 0
5694 0
5695 3
5696 1
5697 2
5698 3
5699 3
5700 4
5701 2
5702 4
5703 0
5704 2
5705 1
5706 1
5707 0
5708 1
5709 1
5710 1
5711 0
5712 3
5713 2
5714 2
5715 4
5716 2
5717 2
5718 3
5719 5
5720 4
5721 0
5722 2
5723 1
5724 1
5725 5
5726 1
5727 2
5728 0
5729 6
5730 0
5731 3
5732 3
5733 3
5734 1
5735 2
5736 3
5737 1
5738 0
5739 3
5740 0
5741 2
5742 2
5743 2
5744 1
5745 3
5746 1
5747 3
5748 2
5749 1
5750 3
5751 3
5752 3
5753 2
5754 2
5755 3
5756 2
5757 2
5758 4
5759 3
5760 0
5761 0
5762 3
5763 2
5764 2
5765 3
5766 2
5767 1
5768 4
5769 2
5770 4
5771 2
5772 1
5773 1
5774 3
5775 4
5776 2
5777 1
5778 2
5779 2
5780 1
5781 0
5782 1
5783 3
5784 2
5785 3
5786 4
5787 4
5788 4
5789 1
5790 1
5791 0
5792 1
5793 4
5794 0
5795 1
5796 1
5797 3
5798 3
5799 1
5800 3
5801 2
5802 2
5803 5
5804 0
5805 2
5806 2
5807 0
5808 4
5809 2
5810 3
5811 2
5812 2
5813 6
5814 1
5815 2
5816 1
5817 5
5818 1
5819 3
5820 2
5821 4
5822 0
5823 2
5824 0
5825 2
5826 2
5827 0
5828 0
5829 3
5830 1
5831 6
5832 3
5833 6
5834 2
5835 2
5836 1
5837 3
5838 5
5839 3
5840 2
5841 1
5842 0
5843 4
5844 2
5845 1
5846 1
5847 2
5848 2
5849 2
5850 1
5851 7
5852 2
5853 2
5854 2
5855 3
5856 1
5857 1
5858 1
5859 2
5860 2
5861 3
5862 4
5863 3
5864 0
5865 3
5866 1
5867 2
5868 2
5869 1
5870 1
5871 1
5872 1
5873 2
5874 5
5875 1
5876 1
5877 0
5878 2
5879 2
5880 1
5881 2
5882 3
5883 0
5884 0
5885 2
5886 5
5887 0
5888 1
5889 3
5890 3
5891 1
5892 2
5893 0
5894 1
5895 1
5896 3
5897 3
5898 6
5899 1
5900 4
5901 4
5902 2
5903 2
5904 1
5905 2
5906 1
5907 7
5908 1
5909 4
5910 3
5911 4
5912 2
5913 0
5914 2
5915 3
5916 3
5917 0
5918 0
5919 0
5920 1
5921 6
5922 2
5923 2
5924 1
5925 2
5926 1
5927 1
5928 1
5929 0
5930 4
5931 1
5932 1
5933 2
5934 4
5935 4
5936 1
5937 1
5938 2
5939 1
5940 3
5941 1
5942 1
5943 3
5944 2
5945 1
5946 1
5947 0
5948 2
5949 2
5950 3
5951 4
5952 2
5953 4
5954 3
5955 1
5956 2
5957 4
5958 3
5959 1
5960 0
5961 3
5962 2
5963 2
5964 0
5965 2
5966 3
5967 0
5968 4
5969 0
5970 1
5971 1
5972 3
5973 0
5974 5
5975 3
5976 2
5977 2
5978 5
5979 1
5980 1
5981 2
5982 3
5983 4
5984 2
5985 0
5986 1
5987 4
5988 0
5989 1
5990 2
5991 2
5992 5
5993 1
5994 1
5995 2
5996 2
5997 1
5998 1
5999 2
6000 5
6001 1
6002 5
6003 1
6004 0
6005 2
6006 2
6007 1
6008 3
6009 2
6010 2
6011 0
6012 2
6013 4
6014 1
6015 1
6016 2
6017 2
6018 1
6019 3
6020 2
6021 3
6022 3
6023 2
6024 0
6025 0
6026 2
6027 2
6028 2
6029 2
6030 0
6031 0
6032 1
6033 3
6034 4
6035 2
6036 0
6037 2
6038 2
6039 3
6040 3
6041 1
6042 2
6043 2
6044 1
6045 2
6046 3
6047 0
6048 0
6049 4
6050 3
6051 1
6052 3
6053 2
6054 1
6055 1
6056 3
6057 2
6058 0
6059 0
6060 2
6061 0
6062 3
6063 1
6064 2
6065 0
6066 0
6067 4
6068 3
6069 2
6070 2
6071 2
6072 2
6073 0
6074 1
6075 3
6076 3
6077 1
6078 2
6079 4
6080 2
6081 1
6082 4
6083 5
6084 4
6085 1
6086 6
6087 1
6088 4
6089 3
6090 3
6091 4
6092 3
6093 2
6094 0
6095 3
6096 2
6097 1
6098 1
6099 2
6100 3
6101 3
6102 1
6103 2
6104 6
6105 2
6106 1
6107 1
6108 2
6109 3
6110 3
6111 1
6112 4
6113 1
6114 3
6115 0
6116 1
6117 3
6118 0
6119 1
6120 0
6121 1
6122 4
6123 1
6124 1
6125 1
6126 0
6127 4
6128 1
6129 0
6130 1
6131 2
6132 1
6133 3
6134 2
6135 2
6136 1
6137 2
6138 3
6139 4
6140 1
6141 4
6142 2
6143 3
6144 5
6145 1
6146 0
6147 2
6148 2
6149 3
6150 3
6151 3
6152 5
6153 3
6154 1
6155 2
6156 3
6157 3
6158 2
6159 2
6160 1
6161 3
6162 4
6163 2
6164 4
6165 1
6166 2
6167 0
6168 2
6169 3
6170 1
6171 0
6172 2
6173 1
6174 5
6175 2
6176 5
6177 1
6178 0
6179 2
6180 2
6181 2
6182 1
6183 1
6184 1
6185 1
6186 0
6187 3
6188 5
6189 2
6190 4
6191 4
6192 1
6193 1
6194 0
6195 2
6196 5
6197 1
6198 3
6199 1
6200 3
6201 2
6202 1
6203 2
6204 6
6205 3
6206 2
6207 5
6208 1
6209 3
6210 2
6211 3
6212 3
6213 4
6214 3
6215 0
6216 1
6217 2
6218 0
6219 2
6220 1
6221 3
6222 1
6223 2
6224 3
6225 2
6226 2
6227 1
6228 0
6229 3
6230 4
6231 0
6232 0
6233 2
6234 1
6235 1
6236 2
6237 0
6238 1
6239 2
6240 3
6241 2
6242 0
6243 1
6244 2
6245 0
6246 3
6247 2
6248 1
6249 0
6250 4
6251 0
6252 2
6253 1
6254 2
6255 1
6256 2
6257 2
6258 3
6259 1
6260 1
6261 2
6262 6
6263 3
6264 2
6265 3
6266 0
6267 3
6268 0
6269 1
6270 3
6271 3
6272 2
6273 1
6274 4
6275 2
6276 1
6277 2
6278 2
6279 3
6280 1
6281 5
6282 3
6283 1
6284 4
6285 1
6286 0
6287 4
6288 2
6289 2
6290 1
6291 3
6292 0
6293 1
6294 0
6295 2
6296 6
6297 7
6298 1
6299 3
6300 0
6301 2
6302 1
6303 3
6304 2
6305 1
6306 4
6307 1
6308 2
6309 1
6310 2
6311 3
6312 2
6313 3
6314 3
6315 3
6316 2
6317 3
6318 2
6319 5
6320 0
6321 5
6322 2
6323 3
6324 3
6325 2
6326 1
6327 1
6328 1
6329 0
6330 2
6331 2
6332 2
6333 1
6334 3
6335 3
6336 4
6337 4
6338 0
6339 2
6340 1
6341 4
6342 2
6343 3
6344 4
6345 4
6346 2
6347 0
6348 5
6349 0
6350 2
6351 2
6352 4
6353 1
6354 2
6355 0
6356 2
6357 2
6358 2
6359 0
6360 0
6361 3
6362 2
6363 3
6364 1
6365 3
6366 3
6367 1
6368 2
6369 1
6370 1
6371 1
6372 0
6373 1
6374 1
6375 3
6376 2
6377 2
6378 0
6379 1
6380 5
6381 2
6382 3
6383 3
6384 3
6385 1
6386 3
6387 2
6388 0
6389 2
6390 0
6391 3
6392 1
6393 4
6394 2
6395 1
6396 1
6397 0
6398 0
6399 3
6400 1
6401 1
6402 3
6403 1
6404 3
6405 3
6406 1
6407 2
6408 1
6409 4
6410 1
6411 2
6412 3
6413 1
6414 2
6415 2
6416 4
6417 3
6418 3
6419 2
6420 2
6421 1
6422 3
6423 0
6424 2
6425 0
6426 0
6427 3
6428 1
6429 1
6430 1
6431 0
6432 2
6433 1
6434 2
6435 1
6436 0
6437 3
6438 2
6439 2
6440 0
6441 1
6442 3
6443 4
6444 4
6445 0
6446 1
6447 2
6448 1
6449 2
6450 0
6451 2
6452 4
6453 0
6454 3
6455 1
6456 0
6457 3
6458 6
6459 1
6460 2
6461 2
6462 3
6463 2
6464 2
6465 0
6466 1
6467 0
6468 2
6469 4
6470 1
6471 1
6472 2
6473 1
6474 3
6475 2
6476 1
6477 2
6478 4
6479 1
6480 2
6481 2
6482 3
6483 2
6484 2
6485 0
6486 0
6487 3
6488 0
6489 4
6490 4
6491 4
6492 3
6493 3
6494 4
6495 2
6496 2
6497 7
6498 3
6499 4
6500 4
6501 1
6502 2
6503 2
6504 0
6505 1
6506 5
6507 0
6508 2
6509 1
6510 1
6511 4
6512 2
6513 0
6514 0
6515 0
6516 2
6517 2
6518 1
6519 2
6520 0
6521 0
6522 0
6523 4
6524 1
6525 4
6526 2
6527 3
6528 1
6529 1
6530 2
6531 1
6532 2
6533 2
6534 2
6535 0
6536 4
6537 3
6538 1
6539 1
6540 4
6541 1
6542 1
6543 1
6544 4
6545 1
6546 3
6547 2
6548 1
6549 0
6550 2
6551 0
6552 4
6553 1
6554 1
6555 5
6556 0
6557 1
6558 0
6559 3
6560 2
6561 2
6562 0
6563 1
6564 5
6565 2
6566 4
6567 4
6568 4
6569 2
6570 1
6571 3
6572 0
6573 3
6574 4
6575 0
6576 1
6577 2
6578 0
6579 1
6580 2
6581 2
6582 0
6583 4
6584 7
6585 3
6586 1
6587 5
6588 2
6589 4
6590 6
6591 1
6592 3
6593 3
6594 1
6595 0
6596 0
6597 1
6598 5
6599 2
6600 1
6601 4
6602 1
6603 3
6604 0
6605 1
6606 2
6607 2
6608 0
6609 3
6610 1
6611 2
6612 6
6613 3
6614 0
6615 3
6616 1
6617 1
6618 1
6619 1
6620 3
6621 4
6622 1
6623 3
6624 3
6625 1
6626 1
6627 0
6628 2
6629 4
6630 2
6631 1
6632 1
6633 2
6634 0
6635 0
6636 2
6637 1
6638 2
6639 0
6640 4
6641 0
6642 3
6643 1
6644 4
6645 0
6646 2
6647 0
6648 0
6649 2
6650 1
6651 3
6652 2
6653 1
6654 2
6655 2
6656 3
6657 3
6658 3
6659 4
6660 1
6661 7
6662 3
6663 3
6664 4
6665 2
6666 3
6667 1
6668 2
6669 3
6670 0
6671 1
6672 1
6673 1
6674 3
6675 1
6676 2
6677 4
6678 2
6679 1
6680 3
6681 0
6682 4
6683 3
6684 2
6685 1
6686 1
6687 1
6688 2
6689 0
6690 4
6691 1
6692 2
6693 3
6694 2
6695 2
6696 5
6697 0
6698 1
6699 1
6700 1
6701 2
6702 3
6703 3
6704 1
6705 0
6706 2
6707 3
6708 4
6709 4
6710 3
6711 4
6712 2
6713 1
6714 0
6715 1
6716 2
6717 0
6718 3
6719 3
6720 4
6721 1
6722 2
6723 1
6724 3
6725 3
6726 1
6727 2
6728 2
6729 2
6730 1
6731 1
6732 0
6733 1
6734 3
6735 1
6736 3
6737 2
6738 2
6739 3
6740 1
6741 4
6742 3
6743 2
6744 1
6745 2
6746 0
6747 3
6748 5
6749 2
6750 2
6751 1
6752 4
6753 4
6754 1
6755 1
6756 1
6757 2
6758 2
6759 2
6760 3
6761 3
6762 2
6763 0
6764 3
6765 1
6766 0
6767 2
6768 2
6769 2
6770 1
6771 2
6772 4
6773 5
6774 2
6775 5
6776 1
6777 1
6778 1
6779 3
6780 1
6781 2
6782 1
6783 0
6784 0
6785 2
6786 1
6787 0
6788 1
6789 2
6790 2
6791 6
6792 2
6793 1
6794 3
6795 2
6796 3
6797 0
6798 1
6799 2
6800 1
6801 2
6802 2
6803 1
6804 0
6805 2
6806 2
6807 2
6808 0
6809 2
6810 1
6811 1
6812 3
6813 1
6814 0
6815 0
6816 3
6817 4
6818 3
6819 0
6820 1
6821 3
6822 5
6823 2
6824 1
6825 1
6826 3
6827 2
6828 0
6829 2
6830 3
6831 3
6832 3
6833 2
6834 0
6835 1
6836 2
6837 2
6838 4
6839 3
6840 3
6841 1
6842 0
6843 3
6844 2
6845 5
6846 3
6847 3
6848 2
6849 1
6850 0
6851 1
6852 2
6853 5
6854 1
6855 2
6856 1
6857 1
6858 3
6859 4
6860 5
6861 3
6862 3
6863 5
6864 4
6865 1
6866 1
6867 2
6868 3
6869 0
6870 1
6871 3
6872 0
6873 7
6874 3
6875 4
6876 1
6877 2
6878 4
6879 0
6880 2
6881 3
6882 1
6883 0
6884 4
6885 4
6886 3
6887 1
6888 0
6889 0
6890 2
6891 2
6892 3
6893 1
6894 2
6895 5
6896 5
6897 5
6898 4
6899 2
6900 2
6901 1
6902 3
6903 1
6904 3
6905 3
6906 6
6907 2
6908 3
6909 4
6910 1
6911 3
6912 3
6913 3
6914 3
6915 1
6916 3
6917 2
6918 1
6919 2
6920 1
6921 4
6922 5
6923 3
6924 2
6925 3
6926 4
6927 1
6928 1
6929 1
6930 2
6931 0
6932 5
6933 3
6934 0
6935 3
6936 3
6937 3
6938 1
6939 5
6940 3
6941 1
6942 1
6943 1
6944 5
6945 1
6946 1
6947 1
6948 5
6949 2
6950 2
6951 5
6952 2
6953 2
6954 1
6955 1
6956 1
6957 4
6958 1
6959 3
6960 2
6961 1
6962 3
6963 4
6964 3
6965 2
6966 6
6967 3
6968 3
6969 3
6970 0
6971 6
6972 1
6973 2
6974 2
6975 1
6976 4
6977 1
6978 2
6979 2
6980 3
6981 2
6982 1
6983 1
6984 0
6985 0
6986 0
6987 1
6988 2
6989 1
6990 3
6991 2
6992 0
6993 4
6994 2
6995 0
6996 3
6997 3
6998 2
6999 0
7000 3
7001 0
7002 1
7003 1
7004 1
7005 0
7006 3
7007 3
7008 1
7009 3
7010 0
7011 1
7012 2
7013 0
7014 6
7015 0
7016 3
7017 2
7018 1
7019 3
7020 1
7021 3
7022 3
7023 0
7024 4
7025 1
7026 0
7027 4
7028 1
7029 1
7030 2
7031 1
7032 2
7033 0
7034 2
7035 4
7036 2
7037 2
7038 3
7039 2
7040 3
7041 4
7042 4
7043 3
7044 3
7045 1
7046 2
7047 0
7048 0
7049 0
7050 1
7051 3
7052 2
7053 2
7054 3
7055 1
7056 1
7057 1
7058 4
7059 4
7060 1
7061 1
7062 2
7063 3
7064 2
7065 2
7066 2
7067 2
7068 2
7069 2
7070 3
7071 2
7072 0
7073 2
7074 1
7075 1
7076 1
7077 1
7078 1
7079 2
7080 4
7081 0
7082 2
7083 5
7084 0
7085 0
7086 0
7087 2
7088 2
7089 1
7090 2
7091 2
7092 2
7093 3
7094 4
7095 3
7096 1
7097 1
7098 0
7099 5
7100 4
7101 2
7102 1
7103 1
7104 1
7105 3
7106 1
7107 0
7108 1
7109 2
7110 1
7111 0
7112 3
7113 2
7114 1
7115 2
7116 2
7117 4
7118 0
7119 0
7120 0
7121 0
7122 4
7123 3
7124 3
7125 4
7126 3
7127 1
7128 0
7129 0
7130 0
7131 2
7132 1
7133 3
7134 1
7135 4
7136 1
7137 2
7138 0
7139 1
7140 0
7141 4
7142 1
7143 1
7144 3
7145 0
7146 4
7147 1
7148 4
7149 2
7150 3
7151 1
7152 0
7153 1
7154 1
7155 1
7156 1
7157 2
7158 1
7159 1
7160 3
7161 0
7162 2
7163 0
7164 5
7165 1
7166 5
7167 1
7168 4
7169 5
7170 2
7171 3
7172 2
7173 2
7174 5
7175 3
7176 2
7177 2
7178 6
7179 1
7180 1
7181 4
7182 0
7183 3
7184 3
7185 1
7186 1
7187 2
7188 4
7189 2
7190 1
7191 2
7192 2
7193 2
7194 1
7195 2
7196 2
7197 4
7198 0
7199 1
7200 1
7201 2
7202 3
7203 1
7204 4
7205 3
7206 3
7207 2
7208 0
7209 1
7210 2
7211 4
7212 3
7213 2
7214 2
7215 2
7216 2
7217 2
7218 4
7219 1
7220 0
7221 1
7222 2
7223 1
7224 0
7225 0
7226 0
7227 3
7228 0
7229 3
7230 1
7231 1
7232 0
7233 1
7234 2
7235 7
7236 2
7237 3
7238 2
7239 1
7240 4
7241 0
7242 2
7243 3
7244 2
7245 2
7246 1
7247 3
7248 1
7249 4
7250 1
7251 1
7252 4
7253 0
7254 0
7255 1
7256 1
7257 1
7258 4
7259 2
7260 0
7261 1
7262 3
7263 3
7264 0
7265 2
7266 1
7267 1
7268 2
7269 3
7270 1
7271 2
7272 0
7273 2
7274 2
7275 2
7276 0
7277 3
7278 2
7279 2
7280 3
7281 2
7282 3
7283 2
7284 2
7285 1
7286 3
7287 2
7288 5
7289 2
7290 2
7291 3
7292 3
7293 4
7294 0
7295 1
7296 3
7297 1
7298 1
7299 2
7300 4
7301 2
7302 2
7303 1
7304 4
7305 0
7306 1
7307 2
7308 2
7309 1
7310 3
7311 4
7312 1
7313 3
7314 1
7315 2
7316 1
7317 3
7318 3
7319 0
7320 3
7321 2
7322 0
7323 3
7324 0
7325 1
7326 2
7327 2
7328 2
7329 3
7330 2
7331 3
7332 2
7333 2
7334 5
7335 1
7336 1
7337 2
7338 3
7339 0
7340 0
7341 2
7342 1
7343 3
7344 0
7345 2
7346 3
7347 1
7348 1
7349 0
7350 3
7351 0
7352 2
7353 2
7354 1
7355 2
7356 0
7357 0
7358 1
7359 3
7360 1
7361 4
7362 2
7363 0
7364 1
7365 1
7366 6
7367 0
7368 4
7369 3
7370 2
7371 1
7372 1
7373 1
7374 4
7375 4
7376 2
7377 1
7378 3
7379 1
7380 4
7381 1
7382 3
7383 2
7384 4
7385 4
7386 2
7387 1
7388 1
7389 1
7390 0
7391 1
7392 3
7393 2
7394 0
7395 2
7396 2
7397 5
7398 3
7399 3
7400 5
7401 1
7402 3
7403 3
7404 4
7405 0
7406 2
7407 1
7408 2
7409 1
7410 2
7411 3
7412 0
7413 0
7414 1
7415 2
7416 0
7417 4
7418 0
7419 3
7420 4
7421 2
7422 2
7423 3
7424 1
7425 1
7426 4
7427 2
7428 1
7429 2
7430 3
7431 2
7432 5
7433 0
7434 4
7435 0
7436 1
7437 0
7438 6
7439 1
7440 1
7441 1
7442 3
7443 1
7444 3
7445 1
7446 0
7447 3
7448 2
7449 1
7450 1
7451 3
7452 0
7453 2
7454 4
7455 1
7456 1
7457 2
7458 3
7459 1
7460 1
7461 0
7462 3
7463 2
7464 1
7465 0
7466 1
7467 1
7468 1
7469 3
7470 1
7471 0
7472 2
7473 3
7474 1
7475 1
7476 3
7477 3
7478 2
7479 3
7480 3
7481 1
7482 0
7483 1
7484 1
7485 1
7486 2
7487 0
7488 1
7489 2
7490 4
7491 2
7492 3
7493 1
7494 1
7495 2
7496 1
7497 4
7498 2
7499 1
7500 3
7501 2
7502 0
7503 2
7504 1
7505 1
7506 2
7507 3
7508 3
7509 1
7510 2
7511 2
7512 2
7513 2
7514 0
7515 2
7516 1
7517 1
7518 2
7519 1
7520 1
7521 2
7522 0
7523 2
7524 5
7525 1
7526 2
7527 0
7528 3
7529 2
7530 2
7531 1
7532 2
7533 1
7534 2
7535 3
7536 0
7537 1
7538 2
7539 4
7540 0
7541 0
7542 3
7543 3
7544 2
7545 2
7546 1
7547 2
7548 1
7549 2
7550 7
7551 4
7552 1
7553 5
7554 4
7555 5
7556 3
7557 4
7558 2
7559 2
7560 3
7561 4
7562 2
7563 1
7564 3
7565 3
7566 1
7567 1
7568 3
7569 7
7570 0
7571 1
7572 1
7573 2
7574 3
7575 1
7576 0
7577 2
7578 1
7579 3
7580 0
7581 2
7582 1
7583 0
7584 1
7585 2
7586 0
7587 1
7588 3
7589 0
7590 0
7591 3
7592 3
7593 2
7594 1
7595 1
7596 1
7597 1
7598 1
7599 0
7600 0
7601 3
7602 5
7603 2
7604 2
7605 1
7606 2
7607 1
7608 3
7609 3
7610 6
7611 2
7612 3
7613 1
7614 1
7615 1
7616 1
7617 1
7618 0
7619 3
7620 2
7621 4
7622 0
7623 0
7624 0
7625 4
7626 3
7627 0
7628 4
7629 6
7630 1
7631 1
7632 4
7633 1
7634 1
7635 2
7636 3
7637 3
7638 1
7639 2
7640 1
7641 2
7642 1
7643 2
7644 1
7645 1
7646 4
7647 3
7648 1
7649 1
7650 0
7651 1
7652 3
7653 1
7654 4
7655 2
7656 4
7657 0
7658 2
7659 2
7660 1
7661 2
7662 2
7663 2
7664 3
7665 3
7666 3
7667 4
7668 1
7669 1
7670 2
7671 2
7672 2
7673 1
7674 1
7675 0
7676 4
7677 3
7678 2
7679 0
7680 3
7681 2
7682 2
7683 1
7684 4
7685 2
7686 5
7687 4
7688 2
7689 1
7690 1
7691 2
7692 4
7693 9
7694 2
7695 4
7696 1
7697 0
7698 1
7699 3
7700 5
7701 2
7702 1
7703 1
7704 1
7705 1
7706 4
7707 3
7708 1
7709 0
7710 0
7711 0
7712 1
7713 3
7714 3
7715 0
7716 1
7717 1
7718 2
7719 0
7720 2
7721 1
7722 1
7723 3
7724 1
7725 2
7726 2
7727 0
7728 2
7729 1
7730 3
7731 2
7732 2
7733 1
7734 2
7735 2
7736 0
7737 4
7738 1
7739 5
7740 0
7741 0
7742 2
7743 2
7744 4
7745 2
7746 2
7747 2
7748 2
7749 1
7750 1
7751 3
7752 2
7753 0
7754 3
7755 1
7756 2
7757 0
7758 1
7759 3
7760 3
7761 3
7762 1
7763 2
7764 3
7765 2
7766 1
7767 2
7768 0
7769 1
7770 3
7771 1
7772 4
7773 4
7774 2
7775 2
7776 2
7777 2
7778 1
7779 3
7780 4
7781 2
7782 2
7783 1
7784 5
7785 4
7786 3
7787 1
7788 3
7789 0
7790 1
7791 3
7792 1
7793 2
7794 3
7795 0
7796 1
7797 1
7798 2
7799 0
7800 2
7801 2
7802 4
7803 4
7804 2
7805 0
7806 2
7807 2
7808 2
7809 3
7810 3
7811 2
7812 3
7813 3
7814 2
7815 3
7816 2
7817 2
7818 0
7819 2
7820 0
7821 2
7822 2
7823 0
7824 5
7825 2
7826 1
7827 2
7828 2
7829 2
7830 3
7831 2
7832 2
7833 0
7834 2
7835 3
7836 4
7837 0
7838 4
7839 0
7840 1
7841 5
7842 2
7843 2
7844 0
7845 0
7846 3
7847 2
7848 1
7849 1
7850 3
7851 5
7852 1
7853 1
7854 1
7855 2
7856 4
7857 0
7858 2
7859 2
7860 1
7861 1
7862 1
7863 2
7864 2
7865 2
7866 2
7867 2
7868 3
7869 6
7870 3
7871 4
7872 2
7873 2
7874 1
7875 1
7876 4
7877 1
7878 4
7879 2
7880 4
7881 1
7882 0
7883 3
7884 0
7885 3
7886 2
7887 1
7888 1
7889 4
7890 3
7891 2
7892 3
7893 2
7894 0
7895 0
7896 0
7897 0
7898 4
7899 3
7900 1
7901 2
7902 7
7903 0
7904 2
7905 2
7906 2
7907 3
7908 3
7909 1
7910 1
7911 1
7912 1
7913 4
7914 4
7915 0
7916 2
7917 3
7918 5
7919 1
7920 0
7921 3
7922 2
7923 3
7924 4
7925 1
7926 0
7927 2
7928 1
7929 2
7930 2
7931 2
7932 1
7933 1
7934 2
7935 1
7936 2
7937 3
7938 0
7939 1
7940 2
7941 7
7942 3
7943 1
7944 3
7945 3
7946 1
7947 3
7948 2
7949 1
7950 3
7951 2
7952 0
7953 1
7954 2
7955 1
7956 1
7957 1
7958 2
7959 1
7960 1
7961 4
7962 0
7963 2
7964 0
7965 4
7966 7
7967 0
7968 0
7969 3
7970 2
7971 3
7972 3
7973 0
7974 2
7975 0
7976 1
7977 2
7978 1
7979 3
7980 1
7981 1
7982 2
7983 0
7984 5
7985 1
7986 2
7987 2
7988 0
7989 1
7990 2
7991 2
7992 4
7993 0
7994 1
7995 1
7996 3
7997 3
7998 2
7999 2
8000 4
8001 4
8002 1
8003 2
8004 2
8005 1
8006 0
8007 4
8008 3
8009 0
8010 1
8011 0
8012 3
8013 4
8014 3
8015 1
8016 2
8017 3
8018 2
8019 1
8020 3
8021 2
8022 3
8023 3
8024 3
8025 2
8026 2
8027 1
8028 5
8029 4
8030 0
8031 2
8032 0
8033 2
8034 2
8035 0
8036 2
8037 1
8038 0
8039 6
8040 0
8041 3
8042 2
8043 2
8044 1
8045 3
8046 1
8047 1
8048 1
8049 1
8050 2
8051 3
8052 2
8053 0
8054 1
8055 1
8056 2
8057 1
8058 2
8059 2
8060 0
8061 3
8062 3
8063 3
8064 0
8065 3
8066 1
8067 1
8068 1
8069 1
8070 1
8071 2
8072 4
8073 5
8074 3
8075 0
8076 3
8077 1
8078 1
8079 3
8080 0
8081 3
8082 0
8083 1
8084 1
8085 2
8086 1
8087 0
8088 1
8089 3
8090 4
8091 0
8092 5
8093 3
8094 2
8095 3
8096 2
8097 0
8098 2
8099 0
8100 1
8101 0
8102 1
8103 3
8104 5
8105 2
8106 5
8107 0
8108 2
8109 4
8110 3
8111 3
8112 4
8113 2
8114 3
8115 1
8116 4
8117 5
8118 2
8119 0
8120 1
8121 2
8122 2
8123 3
8124 1
8125 3
8126 3
8127 4
8128 5
8129 2
8130 3
8131 1
8132 3
8133 1
8134 4
8135 1
8136 3
8137 1
8138 4
8139 2
8140 3
8141 2
8142 2
8143 2
8144 2
8145 3
8146 1
8147 5
8148 6
8149 0
8150 1
8151 0
8152 1
8153 4
8154 2
8155 3
8156 1
8157 1
8158 1
8159 1
8160 2
8161 2
8162 0
8163 1
8164 4
8165 0
8166 1
8167 2
8168 5
8169 2
8170 2
8171 2
8172 1
8173 2
8174 2
8175 1
8176 1
8177 1
8178 4
8179 0
8180 1
8181 1
8182 2
8183 2
8184 1
8185 1
8186 4
8187 3
8188 3
8189 0
8190 0
8191 1
8192 3
8193 2
8194 6
8195 6
8196 1
8197 1
8198 3
8199 4
8200 1
8201 2
8202 3
8203 0
8204 0
8205 4
8206 0
8207 2
8208 2
8209 5
8210 3
8211 1
8212 4
8213 1
8214 1
8215 3
8216 2
8217 3
8218 1
8219 2
8220 2
8221 1
8222 2
8223 2
8224 2
8225 0
8226 1
8227 3
8228 0
8229 4
8230 2
8231 1
8232 0
8233 1
8234 3
8235 3
8236 2
8237 0
8238 5
8239 2
8240 1
8241 0
8242 1
8243 1
8244 1
8245 1
8246 1
8247 1
8248 3
8249 4
8250 2
8251 1
8252 0
8253 0
8254 3
8255 1
8256 3
8257 4
8258 1
8259 1
8260 0
8261 2
8262 3
8263 2
8264 0
8265 3
8266 2
8267 3
8268 4
8269 0
8270 4
8271 3
8272 3
8273 2
8274 2
8275 0
8276 0
8277 2
8278 1
8279 3
8280 1
8281 1
8282 2
8283 3
8284 0
8285 0
8286 2
8287 1
8288 3
8289 1
8290 1
8291 3
8292 3
8293 2
8294 1
8295 3
8296 2
8297 2
8298 0
8299 0
8300 2
8301 2
8302 1
8303 2
8304 5
8305 2
8306 2
8307 1
8308 2
8309 2
8310 1
8311 0
8312 1
8313 4
8314 2
8315 1
8316 1
8317 1
8318 3
8319 1
8320 1
8321 0
8322 4
8323 5
8324 3
8325 0
8326 2
8327 3
8328 0
8329 1
8330 2
8331 2
8332 1
8333 1
8334 0
8335 1
8336 3
8337 2
8338 4
8339 2
8340 0
8341 1
8342 3
8343 6
8344 2
8345 0
8346 2
8347 2
8348 1
8349 4
8350 1
8351 2
8352 1
8353 2
8354 1
8355 1
8356 1
8357 2
8358 6
8359 1
8360 5
8361 2
8362 4
8363 5
8364 3
8365 5
8366 2
8367 2
8368 4
8369 1
8370 1
8371 1
8372 3
8373 1
8374 8
8375 1
8376 2
8377 3
8378 4
8379 1
8380 4
8381 3
8382 0
8383 1
8384 1
8385 2
8386 1
8387 1
8388 2
8389 2
8390 2
8391 0
8392 1
8393 4
8394 3
8395 3
8396 2
8397 3
8398 2
8399 0
8400 1
8401 4
8402 0
8403 1
8404 2
8405 1
8406 5
8407 2
8408 3
8409 3
8410 2
8411 0
8412 4
8413 1
8414 1
8415 4
8416 0
8417 1
8418 1
8419 1
8420 0
8421 2
8422 0
8423 2
8424 1
8425 1
8426 0
8427 2
8428 0
8429 1
8430 2
8431 4
8432 1
8433 2
8434 2
8435 1
8436 0
8437 3
8438 2
8439 3
8440 7
8441 2
8442 4
8443 2
8444 4
8445 1
8446 3
8447 1
8448 2
8449 3
8450 2
8451 3
8452 3
8453 1
8454 2
8455 0
8456 3
8457 3
8458 3
8459 1
8460 2
8461 4
8462 2
8463 1
8464 1
8465 0
8466 1
8467 4
8468 0
8469 3
8470 2
8471 4
8472 1
8473 4
8474 0
8475 2
8476 2
8477 5
8478 2
8479 2
8480 5
8481 1
8482 1
8483 2
8484 0
8485 4
8486 0
8487 2
8488 2
8489 3
8490 2
8491 2
8492 0
8493 1
8494 0
8495 2
8496 0
8497 5
8498 1
8499 2
8500 1
8501 1
8502 3
8503 1
8504 2
8505 2
8506 4
8507 5
8508 3
8509 3
8510 2
8511 5
8512 4
8513 3
8514 2
8515 2
8516 1
8517 1
8518 5
8519 1
8520 3
8521 1
8522 2
8523 0
8524 0
8525 0
8526 2
8527 3
8528 4
8529 2
8530 1
8531 1
8532 1
8533 3
8534 2
8535 2
8536 2
8537 0
8538 0
8539 1
8540 0
8541 1
8542 1
8543 4
8544 2
8545 0
8546 2
8547 2
8548 0
8549 2
8550 2
8551 2
8552 2
8553 4
8554 4
8555 4
8556 5
8557 2
8558 3
8559 0
8560 4
8561 0
8562 1
8563 1
8564 5
8565 4
8566 3
8567 4
8568 3
8569 1
8570 1
8571 4
8572 1
8573 0
8574 3
8575 2
8576 1
8577 3
8578 5
8579 5
8580 2
8581 3
8582 1
8583 2
8584 2
8585 1
8586 1
8587 4
8588 0
8589 0
8590 1
8591 1
8592 1
8593 4
8594 2
8595 2
8596 0
8597 1
8598 2
8599 1
8600 0
8601 1
8602 3
8603 0
8604 2
8605 3
8606 2
8607 1
8608 4
8609 2
8610 5
8611 3
8612 4
8613 5
8614 1
8615 3
8616 0
8617 3
8618 1
8619 2
8620 3
8621 0
8622 1
8623 3
8624 4
8625 3
8626 1
8627 1
8628 0
8629 1
8630 3
8631 2
8632 3
8633 1
8634 7
8635 5
8636 4
8637 2
8638 1
8639 2
8640 1
8641 2
8642 4
8643 3
8644 2
8645 1
8646 1
8647 2
8648 2
8649 2
8650 1
8651 1
8652 3
8653 2
8654 3
8655 2
8656 0
8657 3
8658 0
8659 5
8660 0
8661 4
8662 1
8663 1
8664 1
8665 4
8666 4
8667 2
8668 1
8669 3
8670 4
8671 0
8672 1
8673 1
8674 1
8675 0
8676 3
8677 3
8678 4
8679 2
8680 3
8681 2
8682 3
8683 4
8684 4
8685 2
8686 0
8687 5
8688 1
8689 6
8690 2
8691 3
8692 2
8693 1
8694 1
8695 1
8696 0
8697 1
8698 2
8699 6
8700 1
8701 2
8702 2
8703 2
8704 3
8705 3
8706 1
8707 0
8708 2
8709 0
8710 2
8711 2
8712 2
8713 0
8714 3
8715 1
8716 4
8717 2
8718 2
8719 3
8720 1
8721 3
8722 4
8723 3
8724 1
8725 1
8726 2
8727 4
8728 4
8729 4
8730 3
8731 2
8732 2
8733 2
8734 2
8735 2
8736 0
8737 3
8738 1
8739 2
8740 3
8741 3
8742 2
8743 1
8744 1
8745 0
8746 2
8747 4
8748 1
8749 4
8750 3
8751 0
8752 3
8753 4
8754 2
8755 2
8756 3
8757 2
8758 2
8759 1
8760 1
8761 1
8762 2
8763 4
8764 2
8765 4
8766 1
8767 1
8768 0
8769 2
8770 1
8771 2
8772 3
8773 2
8774 3
8775 2
8776 0
8777 5
8778 1
8779 2
8780 2
8781 2
8782 2
8783 1
8784 1
8785 0
8786 1
8787 2
8788 4
8789 5
8790 0
8791 2
8792 0
8793 2
8794 1
8795 4
8796 2
8797 4
8798 4
8799 1
8800 3
8801 3
8802 0
8803 1
8804 0
8805 2
8806 0
8807 1
8808 3
8809 2
8810 4
8811 1
8812 1
8813 1
8814 5
8815 1
8816 0
8817 4
8818 2
8819 5
8820 1
8821 2
8822 1
8823 5
8824 3
8825 0
8826 3
8827 0
8828 2
8829 0
8830 2
8831 4
8832 3
8833 2
8834 0
8835 1
8836 1
8837 2
8838 4
8839 4
8840 0
8841 1
8842 0
8843 0
8844 1
8845 1
8846 1
8847 2
8848 2
8849 2
8850 1
8851 2
8852 2
8853 3
8854 2
8855 7
8856 1
8857 1
8858 2
8859 3
8860 2
8861 3
8862 2
8863 3
8864 1
8865 2
8866 1
8867 5
8868 2
8869 3
8870 1
8871 3
8872 3
8873 3
8874 3
8875 2
8876 4
8877 5
8878 1
8879 1
8880 3
8881 4
8882 3
8883 3
8884 2
8885 0
8886 1
8887 3
8888 1
8889 5
8890 0
8891 1
8892 4
8893 0
8894 1
8895 2
8896 3
8897 4
8898 2
8899 1
8900 3
8901 0
8902 3
8903 3
8904 2
8905 4
8906 2
8907 2
8908 3
8909 3
8910 2
8911 2
8912 3
8913 3
8914 0
8915 0
8916 5
8917 2
8918 0
8919 3
8920 2
8921 1
8922 1
8923 4
8924 5
8925 4
8926 0
8927 0
8928 1
8929 0
8930 5
8931 2
8932 1
8933 0
8934 5
8935 5
8936 0
8937 1
8938 3
8939 1
8940 4
8941 1
8942 3
8943 1
8944 4
8945 0
8946 7
8947 1
8948 1
8949 2
8950 2
8951 2
8952 2
8953 3
8954 5
8955 3
8956 2
8957 2
8958 1
8959 3
8960 1
8961 0
8962 1
8963 4
8964 3
8965 1
8966 2
8967 4
8968 2
8969 1
8970 1
8971 2
8972 3
8973 0
8974 1
8975 1
8976 1
8977 1
8978 2
8979 0
8980 1
8981 2
8982 1
8983 1
8984 2
8985 1
8986 2
8987 0
8988 3
8989 2
8990 1
8991 0
8992 2
8993 1
8994 4
8995 4
8996 0
8997 0
8998 1
8999 4
9000 3
9001 1
9002 3
9003 2
9004 2
9005 2
9006 1
9007 4
9008 2
9009 6
9010 3
9011 6
9012 3
9013 6
9014 1
9015 2
9016 1
9017 2
9018 3
9019 3
9020 2
9021 2
9022 1
9023 2
9024 2
9025 2
9026 3
9027 2
9028 0
9029 1
9030 1
9031 1
9032 4
9033 0
9034 2
9035 3
9036 2
9037 6
9038 1
9039 3
9040 6
9041 0
9042 4
9043 4
9044 2
9045 2
9046 1
9047 3
9048 4
9049 2
9050 3
9051 3
9052 3
9053 3
9054 0
9055 1
9056 0
9057 2
9058 1
9059 6
9060 4
9061 1
9062 0
9063 2
9064 3
9065 2
9066 1
9067 4
9068 1
9069 1
9070 3
9071 2
9072 0
9073 3
9074 3
9075 1
9076 2
9077 1
9078 0
9079 7
9080 2
9081 0
9082 2
9083 2
9084 2
9085 0
9086 0
9087 3
9088 0
9089 1
9090 1
9091 4
9092 2
9093 1
9094 0
9095 2
9096 0
9097 1
9098 1
9099 4
9100 3
9101 2
9102 5
9103 0
9104 4
9105 1
9106 2
9107 2
9108 3
9109 4
9110 1
9111 0
9112 2
9113 2
9114 5
9115 2
9116 1
9117 1
9118 1
9119 3
9120 3
9121 1
9122 2
9123 2
9124 3
9125 1
9126 5
9127 3
9128 3
9129 2
9130 2
9131 0
9132 2
9133 1
9134 1
9135 1
9136 1
9137 3
9138 0
9139 0
9140 1
9141 2
9142 2
9143 0
9144 2
9145 1
9146 0
9147 3
9148 2
9149 3
9150 5
9151 1
9152 2
9153 1
9154 4
9155 5
9156 1
9157 1
9158 3
9159 2
9160 1
9161 2
9162 3
9163 1
9164 0
9165 4
9166 1
9167 4
9168 6
9169 1
9170 4
9171 4
9172 1
9173 3
9174 3
9175 2
9176 1
9177 2
9178 0
9179 3
9180 0
9181 1
9182 2
9183 3
9184 1
9185 6
9186 3
9187 0
9188 3
9189 2
9190 4
9191 2
9192 4
9193 3
9194 3
9195 1
9196 1
9197 2
9198 0
9199 1
9200 5
9201 2
9202 3
9203 3
9204 4
9205 1
9206 2
9207 2
9208 2
9209 2
9210 3
9211 0
9212 1
9213 1
9214 3
9215 0
9216 1
9217 1
9218 3
9219 1
9220 3
9221 3
9222 2
9223 1
9224 2
9225 4
9226 1
9227 1
9228 2
9229 0
9230 1
9231 2
9232 3
9233 0
9234 2
9235 0
9236 2
9237 1
9238 0
9239 1
9240 3
9241 1
9242 3
9243 4
9244 1
9245 0
9246 0
9247 4
9248 0
9249 2
9250 3
9251 1
9252 3
9253 3
9254 4
9255 2
9256 1
9257 1
9258 3
9259 1
9260 2
9261 0
9262 3
9263 1
9264 4
9265 1
9266 2
9267 3
9268 2
9269 3
9270 1
9271 1
9272 2
9273 1
9274 3
9275 2
9276 3
9277 2
9278 0
9279 3
9280 1
9281 3
9282 0
9283 1
9284 3
9285 1
9286 2
9287 1
9288 3
9289 1
9290 1
9291 4
9292 2
9293 2
9294 5
9295 1
9296 1
9297 3
9298 1
9299 1
9300 4
9301 1
9302 2
9303 1
9304 2
9305 1
9306 1
9307 1
9308 4
9309 3
9310 1
9311 2
9312 1
9313 5
9314 1
9315 1
9316 2
9317 1
9318 4
9319 1
9320 2
9321 1
9322 4
9323 4
9324 4
9325 2
9326 0
9327 0
9328 3
9329 3
9330 4
9331 5
9332 2
9333 2
9334 0
9335 1
9336 2
9337 2
9338 1
9339 5
9340 3
9341 3
9342 3
9343 1
9344 1
9345 3
9346 5
9347 0
9348 1
9349 2
9350 2
9351 4
9352 1
9353 3
9354 2
9355 4
9356 1
9357 4
9358 3
9359 3
9360 0
9361 2
9362 2
9363 0
9364 1
9365 2
9366 3
9367 6
9368 0
9369 0
9370 1
9371 0
9372 3
9373 1
9374 1
9375 3
9376 1
9377 3
9378 0
9379 2
9380 1
9381 1
9382 1
9383 1
9384 1
9385 3
9386 1
9387 3
9388 1
9389 1
9390 1
9391 1
9392 2
9393 2
9394 0
9395 3
9396 3
9397 2
9398 0
9399 2
9400 2
9401 1
9402 0
9403 2
9404 1
9405 3
9406 0
9407 2
9408 2
9409 2
9410 3
9411 2
9412 2
9413 1
9414 4
9415 2
9416 2
9417 1
9418 4
9419 2
9420 1
9421 1
9422 3
9423 2
9424 0
9425 1
9426 1
9427 3
9428 1
9429 5
9430 2
9431 3
9432 0
9433 1
9434 1
9435 1
9436 1
9437 3
9438 1
9439 2
9440 1
9441 3
9442 1
9443 5
9444 5
9445 2
9446 3
9447 0
9448 2
9449 4
9450 3
9451 2
9452 0
9453 3
9454 2
9455 3
9456 1
9457 1
9458 1
9459 3
9460 2
9461 5
9462 1
9463 3
9464 1
9465 2
9466 3
9467 1
9468 1
9469 3
9470 3
9471 3
9472 0
9473 1
9474 5
9475 1
9476 1
9477 1
9478 3
9479 3
9480 1
9481 4
9482 4
9483 1
9484 4
9485 1
9486 2
9487 2
9488 5
9489 1
9490 1
9491 4
9492 1
9493 4
9494 3
9495 1
9496 2
9497 1
9498 2
9499 1
9500 2
9501 2
9502 0
9503 1
9504 2
9505 0
9506 1
9507 2
9508 2
9509 4
9510 2
9511 1
9512 1
9513 3
9514 1
9515 3
9516 2
9517 1
9518 2
9519 2
9520 3
9521 0
9522 3
9523 0
9524 4
9525 4
9526 2
9527 1
9528 1
9529 3
9530 2
9531 2
9532 2
9533 2
9534 3
9535 7
9536 4
9537 1
9538 2
9539 3
9540 1
9541 5
9542 2
9543 1
9544 3
9545 1
9546 2
9547 1
9548 1
9549 2
9550 1
9551 0
9552 2
9553 3
9554 3
9555 0
9556 1
9557 4
9558 2
9559 0
9560 2
9561 5
9562 1
9563 2
9564 2
9565 2
9566 4
9567 1
9568 1
9569 3
9570 0
9571 3
9572 3
9573 1
9574 2
9575 2
9576 0
9577 2
9578 3
9579 1
9580 1
9581 4
9582 3
9583 1
9584 2
9585 1
9586 2
9587 1
9588 2
9589 1
9590 1
9591 4
9592 4
9593 3
9594 1
9595 1
9596 3
9597 3
9598 1
9599 2
9600 2
9601 5
9602 3
9603 0
9604 2
9605 0
9606 1
9607 0
9608 2
9609 4
9610 2
9611 0
9612 1
9613 2
9614 0
9615 1
9616 2
9617 2
9618 1
9619 1
9620 2
9621 2
9622 2
9623 2
9624 0
9625 2
9626 3
9627 2
9628 1
9629 6
9630 3
9631 3
9632 4
9633 3
9634 3
9635 2
9636 4
9637 1
9638 3
9639 1
9640 5
9641 3
9642 2
9643 3
9644 2
9645 5
9646 1
9647 2
9648 1
9649 2
9650 2
9651 3
9652 5
9653 3
9654 1
9655 1
9656 1
9657 2
9658 4
9659 0
9660 1
9661 2
9662 5
9663 1
9664 4
9665 1
9666 0
9667 3
9668 4
9669 2
9670 4
9671 1
9672 3
9673 2
9674 0
9675 4
9676 4
9677 4
9678 2
9679 4
9680 2
9681 0
9682 3
9683 2
9684 0
9685 1
9686 2
9687 4
9688 2
9689 1
9690 1
9691 4
9692 4
9693 3
9694 3
9695 5
9696 0
9697 0
9698 0
9699 0
9700 0
9701 3
9702 2
9703 2
9704 0
9705 2
9706 3
9707 4
9708 2
9709 3
9710 2
9711 2
9712 3
9713 0
9714 2
9715 3
9716 3
9717 2
9718 1
9719 2
9720 1
9721 0
9722 5
9723 1
9724 2
9725 0
9726 2
9727 1
9728 3
9729 2
9730 2
9731 2
9732 3
9733 2
9734 4
9735 4
9736 3
9737 0
9738 2
9739 1
9740 2
9741 3
9742 2
9743 1
9744 4
9745 6
9746 1
9747 6
9748 2
9749 7
9750 3
9751 2
9752 2
9753 2
9754 2
9755 2
9756 2
9757 0
9758 2
9759 2
9760 2
9761 1
9762 3
9763 3
9764 1
9765 6
9766 1
9767 3
9768 4
9769 1
9770 4
9771 1
9772 3
9773 3
9774 2
9775 0
9776 4
9777 1
9778 3
9779 1
9780 2
9781 2
9782 3
9783 2
9784 4
9785 1
9786 3
9787 1
9788 1
9789 3
9790 4
9791 1
9792 1
9793 5
9794 2
9795 2
9796 2
9797 2
9798 0
9799 2
9800 5
9801 2
9802 1
9803 1
9804 2
9805 3
9806 1
9807 2
9808 2
9809 4
9810 0
9811 2
9812 3
9813 3
9814 1
9815 3
9816 1
9817 1
9818 2
9819 2
9820 2
9821 0
9822 3
9823 1
9824 5
9825 1
9826 6
9827 3
9828 3
9829 0
9830 2
9831 4
9832 0
9833 1
9834 1
9835 0
9836 3
9837 1
9838 2
9839 5
9840 1
9841 2
9842 4
9843 2
9844 0
9845 2
9846 0
9847 3
9848 3
9849 1
9850 2
9851 1
9852 1
9853 1
9854 0
9855 1
9856 0
9857 0
9858 2
9859 1
9860 1
9861 4
9862 1
9863 3
9864 3
9865 6
9866 1
9867 2
9868 2
9869 1
9870 0
9871 0
9872 4
9873 0
9874 1
9875 3
9876 2
9877 2
9878 0
9879 1
9880 1
9881 0
9882 1
9883 2
9884 4
9885 1
9886 1
9887 2
9888 0
9889 2
9890 0
9891 1
9892 1
9893 2
9894 2
9895 3
9896 1
9897 2
9898 2
9899 3
9900 0
9901 2
9902 2
9903 2
9904 0
9905 2
9906 4
9907 3
9908 1
9909 2
9910 4
9911 2
9912 2
9913 0
9914 2
9915 2
9916 2
9917 3
9918 1
9919 3
9920 2
9921 0
9922 3
9923 1
9924 3
9925 2
9926 0
9927 2
9928 0
9929 5
9930 1
9931 3
9932 2
9933 4
9934 0
9935 2
9936 1
9937 2
9938 2
9939 3
9940 0
9941 1
9942 0
9943 1
9944 0
9945 1
9946 1
9947 2
9948 1
9949 0
9950 0
9951 2
9952 2
9953 4
9954 1
9955 0
9956 1
9957 2
9958 1
9959 2
9960 2
9961 2
9962 5
9963 2
9964 1
9965 1
9966 4
9967 0
9968 5
9969 2
9970 0
9971 1
9972 3
9973 0
9974 3
9975 3
9976 5
9977 2
9978 2
9979 2
9980 1
9981 0
9982 4
9983 4
9984 1
9985 3
9986 3
9987 0
9988 3
9989 2
9990 2
9991 3
9992 1
9993 1
9994 0
9995 1
9996 3
9997 0
9998 3
9999 1
