0 4
1 0
2 2
3 1
4 1
5 2
6 3
7 1
8 1
9 0
10 0
11 2
12 3
13 1
14 3
15 2
16 1
17 1
18 2
19 2
20 0
21 2
22 4
23 0
24 0
25 2
26 4
27 1
28 2
29 1
30 1
31 2
32 2
33 3
34 3
35 2
36 4
37 0
38 2
39 0
40 3
41 3
42 2
43 2
44 1
45 3
46 1
47 4
48 3
49 4
50 0
51 1
52 0
53 2
54 2
55 2
56 1
57 1
58 2
59 2
60 1
61 3
62 1
63 3
64 3
65 2
66 2
67 1
68 1
69 2
70 2
71 4
72 1
73 0
74 1
75 4
76 1
77 1
78 2
79 3
80 1
81 3
82 3
83 2
84 2
85 4
86 2
87 1
88 2
89 3
90 2
91 1
92 1
93 3
94 4
95 2
96 2
97 2
98 3
99 1
100 1
101 0
102 2
103 1
104 3
105 1
106 1
107 3
108 1
109 1
110 1
111 4
112 1
113 1
114 3
115 1
116 3
117 1
118 2
119 2
120 2
121 4
122 2
123 3
124 4
125 3
126 4
127 2
128 2
129 2
130 2
131 1
132 3
133 0
134 1
135 1
136 4
137 1
138 1
139 1
140 5
141 5
142 3
143 2
144 4
145 2
146 2
147 3
148 2
149 0
150 1
151 2
152 3
153 2
154 0
155 2
156 2
157 1
158 3
159 3
160 2
161 2
162 1
163 2
164 3
165 2
166 3
167 4
168 2
169 5
170 5
171 1
172 3
173 0
174 1
175 3
176 4
177 2
178 4
179 0
180 0
181 2
182 0
183 1
184 2
185 6
186 2
187 0
188 3
189 3
190 1
191 5
192 1
193 0
194 1
195 1
196 5
197 1
198 0
199 3
200 4
201 5
202 3
203 1
204 0
205 1
206 2
207 4
208 0
209 2
210 3
211 1
212 6
213 0
214 3
215 2
216 0
217 1
218 3
219 0
220 4
221 2
222 1
223 1
224 0
225 0
226 3
227 3
228 3
229 3
230 3
231 1
232 0
233 2
234 2
235 1
236 5
237 1
238 2
239 5
240 0
241 1
242 3
243 2
244 0
245 0
246 4
247 1
248 3
249 4
250 1
251 3
252 1
253 7
254 0
255 2
256 1
257 1
258 1
259 3
260 2
261 3
262 1
263 2
264 3
265 1
266 2
267 4
268 3
269 3
270 2
271 2
272 3
273 4
274 1
275 3
276 2
277 3
278 1
279 1
280 3
281 0
282 2
283 4
284 2
285 0
286 0
287 4
288 0
289 3
290 3
291 1
292 3
293 0
294 2
295 3
296 3
297 1
298 1
299 3
300 4
301 2
302 3
303 1
304 2
305 3
306 2
307 3
308 0
309 1
310 1
311 0
312 1
313 3
314 2
315 1
316 1
317 5
318 3
319 3
320 3
321 2
322 2
323 4
324 1
325 2
326 2
327 3
328 0
329 0
330 3
331 0
332 1
333 4
334 1
335 1
336 0
337 2
338 1
339 2
340 1
341 2
342 3
343 4
344 1
345 2
346 2
347 2
348 3
349 0
350 4
351 3
352 0
353 1
354 2
355 1
356 1
357 2
358 2
359 2
360 3
361 3
362 3
363 1
364 1
365 0
366 4
367 0
368 2
369 1
370 1
371 4
372 1
373 0
374 0
375 2
376 1
377 3
378 3
379 1
380 4
381 0
382 0
383 2
384 2
385 1
386 3
387 2
388 0
389 1
390 3
391 3
392 0
393 4
394 0
395 2
396 2
397 0
398 3
399 5
400 2
401 1
402 2
403 4
404 2
405 3
406 3
407 4
408 2
409 2
410 0
411 2
412 1
413 2
414 2
415 1
416 1
417 3
418 1
419 2
420 1
421 0
422 2
423 0
424 1
425 3
426 1
427 0
428 2
429 3
430 0
431 2
432 3
433 0
434 1
435 1
436 1
437 5
438 2
439 2
440 1
441 3
442 1
443 5
444 1
445 2
446 6
447 2
448 0
449 0
450 2
451 3
452 0
453 1
454 2
455 4
456 0
457 2
458 1
459 3
460 1
461 3
462 3
463 4
464 2
465 0
466 4
467 0
468 2
469 3
470 5
471 1
472 5
473 3
474 3
475 3
476 4
477 3
478 2
479 4
480 0
481 3
482 4
483 2
484 3
485 0
486 4
487 1
488 3
489 1
490 1
491 4
492 3
493 4
494 4
495 2
496 0
497 2
498 1
499 1
500 1
501 4
502 0
503 4
504 2
505 1
506 3
507 1
508 1
509 1
510 1
511 3
512 0
513 2
514 2
515 2
516 1
517 3
518 3
519 2
520 2
521 0
522 0
523 1
524 3
525 4
526 1
527 3
528 1
529 4
530 0
531 4
532 3
533 4
534 3
535 0
536 4
537 2
538 3
539 2
540 3
541 3
542 2
543 4
544 0
545 2
546 2
547 2
548 1
549 1
550 1
551 2
552 1
553 0
554 4
555 4
556 1
557 2
558 1
559 1
560 2
561 3
562 2
563 2
564 0
565 1
566 1
567 0
568 2
569 5
570 1
571 0
572 4
573 2
574 4
575 2
576 2
577 1
578 1
579 1
580 2
581 1
582 3
583 0
584 3
585 2
586 1
587 3
588 2
589 0
590 2
591 3
592 2
593 0
594 1
595 0
596 6
597 3
598 1
599 5
600 3
601 2
602 3
603 2
604 0
605 3
606 0
607 3
608 1
609 0
610 3
611 1
612 1
613 6
614 4
615 3
616 3
617 3
618 0
619 3
620 2
621 3
622 2
623 5
624 0
625 0
626 2
627 3
628 1
629 2
630 2
631 4
632 0
633 1
634 2
635 1
636 2
637 1
638 1
639 1
640 2
641 2
642 2
643 0
644 2
645 7
646 1
647 0
648 0
649 1
650 2
651 4
652 1
653 2
654 2
655 5
656 1
657 2
658 3
659 0
660 0
661 4
662 3
663 2
664 1
665 1
666 3
667 1
668 1
669 3
670 0
671 3
672 4
673 1
674 1
675 4
676 1
677 1
678 3
679 2
680 4
681 1
682 3
683 3
684 3
685 1
686 0
687 3
688 1
689 1
690 1
691 1
692 1
693 1
694 3
695 1
696 1
697 5
698 1
699 3
700 3
701 1
702 4
703 4
704 2
705 2
706 1
707 0
708 3
709 3
710 2
711 4
712 7
713 2
714 3
715 4
716 1
717 2
718 4
719 5
720 5
721 0
722 4
723 4
724 0
725 1
726 3
727 0
728 0
729 3
730 1
731 0
732 0
733 3
734 2
735 1
736 2
737 3
738 3
739 0
740 2
741 3
742 2
743 3
744 5
745 4
746 3
747 2
748 4
749 3
750 2
751 2
752 0
753 3
754 2
755 4
756 1
757 1
758 3
759 2
760 4
761 2
762 4
763 3
764 1
765 3
766 0
767 2
768 0
769 3
770 3
771 3
772 2
773 5
774 2
775 3
776 0
777 2
778 2
779 1
780 2
781 3
782 3
783 2
784 3
785 1
786 3
787 1
788 0
789 1
790 3
791 0
792 0
793 4
794 6
795 2
796 3
797 1
798 4
799 1
800 2
801 2
802 3
803 2
804 1
805 0
806 1
807 4
808 2
809 4
810 0
811 1
812 2
813 0
814 3
815 3
816 2
817 3
818 4
819 0
820 3
821 2
822 2
823 0
824 3
825 2
826 3
827 1
828 4
829 2
830 2
831 2
832 2
833 3
834 3
835 3
836 2
837 2
838 2
839 3
840 2
841 3
842 2
843 3
844 1
845 3
846 1
847 2
848 1
849 1
850 2
851 3
852 3
853 1
854 1
855 1
856 5
857 0
858 0
859 0
860 2
861 3
862 0
863 1
864 3
865 3
866 2
867 2
868 1
869 3
870 2
871 0
872 0
873 4
874 2
875 3
876 2
877 2
878 2
879 1
880 3
881 3
882 0
883 0
884 0
885 2
886 2
887 4
888 0
889 1
890 1
891 1
892 2
893 2
894 3
895 2
896 2
897 2
898 2
899 0
900 3
901 2
902 5
903 2
904 2
905 4
906 3
907 1
908 2
909 4
910 1
911 1
912 4
913 4
914 3
915 1
916 2
917 2
918 1
919 1
920 2
921 0
922 1
923 0
924 2
925 1
926 3
927 2
928 2
929 2
930 1
931 3
932 0
933 4
934 2
935 3
936 3
937 2
938 3
939 1
940 3
941 1
942 3
943 4
944 2
945 2
946 4
947 2
948 4
949 3
950 2
951 2
952 3
953 2
954 1
955 5
956 3
957 1
958 4
959 2
960 3
961 0
962 4
963 0
964 4
965 0
966 2
967 3
968 0
969 0
970 3
971 1
972 2
973 0
974 3
975 1
976 3
977 2
978 2
979 1
980 0
981 4
982 0
983 1
984 4
985 0
986 1
987 1
988 2
989 0
990 2
991 1
992 3
993 3
994 3
995 1
996 2
997 2
998 1
999 3
1000 0
1001 2
1002 1
1003 8
1004 2
1005 1
1006 2
1007 3
1008 4
1009 1
1010 2
1011 1
1012 2
1013 3
1014 2
1015 2
1016 1
1017 2
1018 1
1019 2
1020 1
1021 1
1022 3
1023 2
1024 2
1025 3
1026 2
1027 1
1028 2
1029 1
1030 1
1031 3
1032 0
1033 2
1034 7
1035 2
1036 2
1037 2
1038 0
1039 4
1040 2
1041 2
1042 3
1043 0
1044 2
1045 1
1046 1
1047 1
1048 0
1049 3
1050 2
1051 1
1052 1
1053 2
1054 2
1055 2
1056 2
1057 1
1058 3
1059 2
1060 2
1061 0
1062 2
1063 3
1064 0
1065 3
1066 3
1067 1
1068 1
1069 0
1070 4
1071 4
1072 1
1073 2
1074 2
1075 1
1076 2
1077 1
1078 0
1079 2
1080 0
1081 2
1082 5
1083 3
1084 3
1085 0
1086 1
1087 2
1088 1
1089 2
1090 3
1091 2
1092 0
1093 2
1094 4
1095 2
1096 4
1097 1
1098 2
1099 5
1100 1
1101 4
1102 3
1103 2
1104 2
1105 2
1106 1
1107 2
1108 2
1109 2
1110 1
1111 1
1112 4
1113 3
1114 1
1115 4
1116 2
1117 2
1118 3
1119 5
1120 1
1121 2
1122 3
1123 3
1124 1
1125 2
1126 2
1127 4
1128 0
1129 2
1130 1
1131 3
1132 1
1133 3
1134 3
1135 1
1136 4
1137 4
1138 2
1139 0
1140 2
1141 2
1142 0
1143 2
1144 0
1145 1
1146 1
1147 2
1148 2
1149 1
1150 2
1151 2
1152 1
1153 2
1154 3
1155 1
1156 3
1157 3
1158 0
1159 2
1160 6
1161 3
1162 2
1163 2
1164 2
1165 0
1166 0
1167 0
1168 1
1169 4
1170 4
1171 0
1172 2
1173 1
1174 1
1175 1
1176 6
1177 1
1178 2
1179 1
1180 1
1181 1
1182 6
1183 0
1184 0
1185 1
1186 2
1187 3
1188 3
1189 2
1190 1
1191 2
1192 5
1193 0
1194 0
1195 4
1196 2
1197 1
1198 0
1199 1
1200 1
1201 1
1202 2
1203 2
1204 4
1205 1
1206 1
1207 2
1208 2
1209 3
1210 5
1211 2
1212 1
1213 2
1214 2
1215 0
1216 0
1217 1
1218 3
1219 1
1220 1
1221 2
1222 0
1223 4
1224 2
1225 1
1226 0
1227 1
1228 1
1229 3
1230 1
1231 2
1232 0
1233 3
1234 5
1235 0
1236 5
1237 1
1238 1
1239 2
1240 2
1241 1
1242 0
1243 3
1244 1
1245 0
1246 1
1247 6
1248 2
1249 1
1250 0
1251 3
1252 1
1253 2
1254 0
1255 4
1256 2
1257 1
1258 3
1259 4
1260 3
1261 3
1262 4
1263 3
1264 2
1265 1
1266 1
1267 3
1268 2
1269 3
1270 2
1271 1
1272 1
1273 0
1274 1
1275 1
1276 5
1277 4
1278 2
1279 3
1280 3
1281 1
1282 4
1283 2
1284 1
1285 1
1286 1
1287 2
1288 3
1289 2
1290 5
1291 4
1292 1
1293 4
1294 0
1295 1
1296 0
1297 1
1298 1
1299 3
1300 2
1301 4
1302 0
1303 2
1304 2
1305 3
1306 3
1307 3
1308 1
1309 2
1310 0
1311 2
1312 1
1313 3
1314 4
1315 3
1316 1
1317 1
1318 0
1319 1
1320 1
1321 1
1322 0
1323 0
1324 2
1325 3
1326 4
1327 1
1328 4
1329 0
1330 3
1331 0
1332 5
1333 2
1334 0
1335 5
1336 2
1337 0
1338 1
1339 0
1340 1
1341 2
1342 2
1343 1
1344 1
1345 1
1346 3
1347 2
1348 3
1349 4
1350 0
1351 2
1352 0
1353 2
1354 1
1355 4
1356 1
1357 2
1358 1
1359 3
1360 1
1361 5
1362 2
1363 5
1364 1
1365 5
1366 0
1367 3
1368 3
1369 2
1370 2
1371 1
1372 5
1373 1
1374 2
1375 2
1376 4
1377 2
1378 2
1379 2
1380 1
1381 2
1382 3
1383 0
1384 2
1385 0
1386 2
1387 1
1388 1
1389 3
1390 2
1391 2
1392 4
1393 1
1394 1
1395 1
1396 0
1397 2
1398 2
1399 2
1400 2
1401 3
1402 1
1403 1
1404 1
1405 2
1406 1
1407 1
1408 1
1409 2
1410 1
1411 2
1412 1
1413 1
1414 1
1415 2
1416 2
1417 0
1418 3
1419 0
1420 1
1421 1
1422 6
1423 4
1424 1
1425 1
1426 2
1427 1
1428 4
1429 2
1430 2
1431 1
1432 3
1433 2
1434 3
1435 1
1436 0
1437 1
1438 2
1439 2
1440 1
1441 4
1442 1
1443 4
1444 2
1445 3
1446 2
1447 5
1448 2
1449 2
1450 1
1451 1
1452 4
1453 1
1454 0
1455 5
1456 1
1457 0
1458 2
1459 1
1460 2
1461 2
1462 3
1463 2
1464 2
1465 2
1466 3
1467 3
1468 3
1469 0
1470 4
1471 2
1472 2
1473 1
1474 3
1475 3
1476 3
1477 4
1478 1
1479 2
1480 3
1481 3
1482 2
1483 3
1484 3
1485 0
1486 4
1487 3
1488 4
1489 1
1490 1
1491 1
1492 2
1493 5
1494 3
1495 3
1496 1
1497 0
1498 2
1499 1
1500 1
1501 1
1502 1
1503 1
1504 2
1505 6
1506 4
1507 2
1508 7
1509 3
1510 1
1511 3
1512 1
1513 0
1514 5
1515 0
1516 4
1517 2
1518 1
1519 3
1520 2
1521 1
1522 0
1523 2
1524 1
1525 3
1526 1
1527 2
1528 2
1529 1
1530 2
1531 3
1532 1
1533 1
1534 2
1535 0
1536 3
1537 0
1538 3
1539 3
1540 1
1541 2
1542 3
1543 4
1544 2
1545 1
1546 1
1547 3
1548 1
1549 2
1550 2
1551 0
1552 1
1553 1
1554 3
1555 0
1556 4
1557 1
1558 0
1559 3
1560 1
1561 2
1562 4
1563 1
1564 1
1565 0
1566 1
1567 1
1568 2
1569 3
1570 3
1571 1
1572 2
1573 2
1574 4
1575 0
1576 2
1577 4
1578 5
1579 3
1580 1
1581 2
1582 2
1583 1
1584 3
1585 1
1586 0
1587 1
1588 3
1589 2
1590 2
1591 1
1592 0
1593 2
1594 4
1595 3
1596 2
1597 0
1598 2
1599 1
1600 1
1601 0
1602 0
1603 0
1604 4
1605 1
1606 2
1607 1
1608 3
1609 1
1610 2
1611 4
1612 4
1613 2
1614 2
1615 2
1616 2
1617 1
1618 0
1619 4
1620 1
1621 1
1622 2
1623 2
1624 3
1625 2
1626 0
1627 2
1628 1
1629 0
1630 5
1631 1
1632 3
1633 3
1634 2
1635 1
1636 2
1637 2
1638 1
1639 2
1640 1
1641 2
1642 3
1643 2
1644 0
1645 2
1646 2
1647 2
1648 2
1649 2
1650 4
1651 2
1652 3
1653 3
1654 0
1655 2
1656 3
1657 1
1658 1
1659 1
1660 0
1661 2
1662 1
1663 1
1664 2
1665 3
1666 2
1667 3
1668 2
1669 0
1670 5
1671 3
1672 1
1673 1
1674 0
1675 0
1676 1
1677 2
1678 3
1679 1
1680 3
1681 0
1682 1
1683 1
1684 3
1685 3
1686 4
1687 4
1688 0
1689 5
1690 3
1691 5
1692 5
1693 0
1694 1
1695 2
1696 4
1697 5
1698 0
1699 2
1700 4
1701 2
1702 1
1703 2
1704 0
1705 1
1706 4
1707 2
1708 1
1709 2
1710 0
1711 0
1712 3
1713 3
1714 2
1715 3
1716 1
1717 1
1718 2
1719 3
1720 0
1721 1
1722 1
1723 1
1724 0
1725 2
1726 2
1727 2
1728 0
1729 2
1730 4
1731 2
1732 0
1733 1
1734 2
1735 2
1736 2
1737 3
1738 1
1739 1
1740 3
1741 0
1742 2
1743 2
1744 4
1745 0
1746 1
1747 3
1748 3
1749 4
1750 2
1751 3
1752 3
1753 3
1754 4
1755 2
1756 2
1757 2
1758 5
1759 2
1760 0
1761 4
1762 0
1763 4
1764 2
1765 2
1766 1
1767 4
1768 4
1769 5
1770 1
1771 4
1772 1
1773 2
1774 2
1775 1
1776 4
1777 1
1778 4
1779 1
1780 5
1781 1
1782 2
1783 4
1784 2
1785 4
1786 1
1787 2
1788 2
1789 1
1790 1
1791 0
1792 4
1793 2
1794 1
1795 2
1796 2
1797 3
1798 1
1799 3
1800 1
1801 4
1802 2
1803 4
1804 1
1805 3
1806 5
1807 2
1808 0
1809 2
1810 0
1811 4
1812 3
1813 3
1814 1
1815 0
1816 2
1817 2
1818 3
1819 6
1820 0
1821 1
1822 0
1823 1
1824 1
1825 1
1826 3
1827 3
1828 0
1829 1
1830 5
1831 4
1832 2
1833 2
1834 2
1835 1
1836 2
1837 4
1838 3
1839 0
1840 2
1841 2
1842 1
1843 2
1844 3
1845 0
1846 2
1847 1
1848 2
1849 4
1850 4
1851 3
1852 3
1853 4
1854 4
1855 1
1856 0
1857 2
1858 3
1859 2
1860 0
1861 1
1862 1
1863 4
1864 5
1865 3
1866 3
1867 6
1868 2
1869 1
1870 0
1871 3
1872 2
1873 3
1874 3
1875 3
1876 1
1877 1
1878 2
1879 1
1880 2
1881 1
1882 1
1883 3
1884 2
1885 2
1886 4
1887 3
1888 1
1889 2
1890 2
1891 0
1892 2
1893 1
1894 3
1895 3
1896 1
1897 3
1898 0
1899 2
1900 0
1901 2
1902 2
1903 2
1904 0
1905 6
1906 1
1907 1
1908 1
1909 0
1910 2
1911 0
1912 0
1913 2
1914 1
1915 3
1916 1
1917 2
1918 0
1919 2
1920 3
1921 3
1922 3
1923 1
1924 2
1925 3
1926 0
1927 2
1928 1
1929 3
1930 0
1931 1
1932 7
1933 2
1934 3
1935 1
1936 2
1937 1
1938 2
1939 1
1940 1
1941 2
1942 1
1943 3
1944 0
1945 2
1946 2
1947 3
1948 3
1949 2
1950 0
1951 2
1952 3
1953 2
1954 3
1955 1
1956 1
1957 3
1958 1
1959 5
1960 4
1961 2
1962 2
1963 3
1964 1
1965 5
1966 2
1967 1
1968 3
1969 1
1970 1
1971 3
1972 3
1973 1
1974 0
1975 3
1976 3
1977 0
1978 3
1979 3
1980 2
1981 2
1982 1
1983 0
1984 1
1985 0
1986 3
1987 3
1988 1
1989 3
1990 2
1991 4
1992 4
1993 2
1994 2
1995 3
1996 4
1997 5
1998 3
1999 4
2000 3
2001 6
2002 5
2003 1
2004 0
2005 3
2006 2
2007 4
2008 0
2009 3
2010 3
2011 4
2012 3
2013 3
2014 4
2015 3
2016 1
2017 1
2018 0
2019 1
2020 1
2021 1
2022 1
2023 1
2024 2
2025 1
2026 2
2027 1
2028 2
2029 2
2030 2
2031 4
2032 2
2033 3
2034 1
2035 5
2036 3
2037 4
2038 3
2039 2
2040 4
2041 5
2042 2
2043 3
2044 1
2045 1
2046 0
2047 0
2048 3
2049 2
2050 1
2051 1
2052 1
2053 1
2054 1
2055 3
2056 1
2057 0
2058 4
2059 4
2060 5
2061 4
2062 3
2063 0
2064 2
2065 3
2066 7
2067 3
2068 3
2069 2
2070 3
2071 1
2072 5
2073 3
2074 3
2075 2
2076 2
2077 3
2078 1
2079 1
2080 1
2081 2
2082 0
2083 2
2084 1
2085 1
2086 2
2087 2
2088 1
2089 3
2090 4
2091 3
2092 1
2093 3
2094 4
2095 1
2096 0
2097 0
2098 1
2099 1
2100 4
2101 1
2102 1
2103 2
2104 2
2105 0
2106 1
2107 1
2108 0
2109 3
2110 0
2111 1
2112 5
2113 4
2114 0
2115 0
2116 4
2117 3
2118 2
2119 0
2120 1
2121 1
2122 0
2123 2
2124 1
2125 1
2126 2
2127 0
2128 2
2129 3
2130 4
2131 1
2132 2
2133 1
2134 1
2135 2
2136 1
2137 2
2138 2
2139 1
2140 2
2141 1
2142 1
2143 3
2144 2
2145 1
2146 1
2147 2
2148 2
2149 4
2150 5
2151 1
2152 3
2153 4
2154 0
2155 1
2156 1
2157 0
2158 3
2159 1
2160 2
2161 1
2162 1
2163 1
2164 3
2165 2
2166 2
2167 6
2168 2
2169 4
2170 0
2171 6
2172 0
2173 3
2174 1
2175 1
2176 4
2177 3
2178 0
2179 2
2180 3
2181 3
2182 3
2183 0
2184 3
2185 2
2186 1
2187 4
2188 2
2189 3
2190 4
2191 3
2192 3
2193 5
2194 1
2195 0
2196 3
2197 6
2198 1
2199 1
2200 1
2201 0
2202 2
2203 1
2204 0
2205 1
2206 1
2207 1
2208 3
2209 4
2210 2
2211 2
2212 3
2213 3
2214 1
2215 2
2216 3
2217 0
2218 0
2219 0
2220 1
2221 2
2222 1
2223 2
2224 1
2225 1
2226 1
2227 0
2228 1
2229 2
2230 3
2231 0
2232 0
2233 0
2234 2
2235 5
2236 1
2237 3
2238 0
2239 2
2240 3
2241 0
2242 1
2243 3
2244 2
2245 2
2246 2
2247 2
2248 4
2249 3
2250 4
2251 2
2252 1
2253 5
2254 3
2255 2
2256 3
2257 1
2258 2
2259 3
2260 1
2261 2
2262 1
2263 3
2264 1
2265 2
2266 4
2267 0
2268 2
2269 2
2270 0
2271 0
2272 4
2273 4
2274 2
2275 2
2276 2
2277 0
2278 2
2279 2
2280 1
2281 1
2282 2
2283 2
2284 5
2285 2
2286 1
2287 0
2288 0
2289 4
2290 2
2291 4
2292 4
2293 3
2294 4
2295 2
2296 1
2297 4
2298 1
2299 2
2300 4
2301 3
2302 3
2303 3
2304 3
2305 1
2306 1
2307 2
2308 5
2309 4
2310 1
2311 2
2312 1
2313 1
2314 1
2315 2
2316 1
2317 3
2318 1
2319 1
2320 2
2321 1
2322 2
2323 3
2324 1
2325 0
2326 0
2327 2
2328 1
2329 2
2330 0
2331 2
2332 2
2333 4
2334 2
2335 1
2336 1
2337 3
2338 4
2339 1
2340 2
2341 2
2342 3
2343 1
2344 3
2345 0
2346 1
2347 1
2348 0
2349 4
2350 1
2351 0
2352 0
2353 3
2354 2
2355 1
2356 1
2357 0
2358 0
2359 0
2360 1
2361 4
2362 6
2363 3
2364 5
2365 0
2366 5
2367 2
2368 2
2369 1
2370 1
2371 0
2372 2
2373 4
2374 2
2375 2
2376 3
2377 5
2378 3
2379 2
2380 2
2381 1
2382 1
2383 2
2384 4
2385 2
2386 1
2387 0
2388 0
2389 1
2390 0
2391 0
2392 5
2393 2
2394 5
2395 2
2396 2
2397 2
2398 0
2399 2
2400 4
2401 2
2402 1
2403 2
2404 2
2405 3
2406 5
2407 0
2408 1
2409 4
2410 0
2411 1
2412 2
2413 1
2414 2
2415 1
2416 0
2417 1
2418 2
2419 2
2420 0
2421 3
2422 3
2423 1
2424 1
2425 5
2426 1
2427 0
2428 1
2429 4
2430 5
2431 1
2432 0
2433 4
2434 5
2435 2
2436 2
2437 1
2438 3
2439 0
2440 0
2441 4
2442 1
2443 2
2444 3
2445 2
2446 0
2447 1
2448 1
2449 1
2450 3
2451 6
2452 4
2453 4
2454 2
2455 1
2456 2
2457 1
2458 2
2459 1
2460 3
2461 3
2462 2
2463 1
2464 3
2465 3
2466 5
2467 4
2468 3
2469 1
2470 2
2471 3
2472 8
2473 4
2474 1
2475 3
2476 3
2477 1
2478 3
2479 2
2480 8
2481 4
2482 0
2483 2
2484 2
2485 3
2486 2
2487 4
2488 0
2489 3
2490 0
2491 2
2492 2
2493 2
2494 0
2495 3
2496 0
2497 2
2498 2
2499 1
2500 2
2501 4
2502 4
2503 0
2504 5
2505 1
2506 3
2507 1
2508 4
2509 3
2510 4
2511 0
2512 0
2513 1
2514 2
2515 2
2516 1
2517 1
2518 1
2519 3
2520 1
2521 1
2522 2
2523 2
2524 2
2525 4
2526 1
2527 2
2528 4
2529 5
2530 1
2531 2
2532 2
2533 3
2534 2
2535 4
2536 4
2537 4
2538 0
2539 0
2540 2
2541 3
2542 2
2543 1
2544 3
2545 0
2546 5
2547 2
2548 4
2549 0
2550 3
2551 0
2552 0
2553 3
2554 6
2555 3
2556 1
2557 2
2558 1
2559 2
2560 2
2561 3
2562 1
2563 3
2564 2
2565 0
2566 1
2567 2
2568 2
2569 2
2570 1
2571 2
2572 2
2573 1
2574 3
2575 2
2576 1
2577 0
2578 0
2579 4
2580 4
2581 1
2582 3
2583 2
2584 2
2585 2
2586 4
2587 2
2588 1
2589 3
2590 2
2591 4
2592 3
2593 1
2594 0
2595 2
2596 1
2597 3
2598 1
2599 3
2600 1
2601 2
2602 1
2603 2
2604 2
2605 3
2606 1
2607 3
2608 0
2609 0
2610 1
2611 1
2612 0
2613 2
2614 1
2615 1
2616 2
2617 1
2618 1
2619 3
2620 3
2621 1
2622 2
2623 1
2624 1
2625 3
2626 2
2627 2
2628 0
2629 2
2630 4
2631 1
2632 0
2633 0
2634 2
2635 4
2636 1
2637 1
2638 0
2639 3
2640 5
2641 1
2642 0
2643 4
2644 1
2645 5
2646 2
2647 5
2648 2
2649 1
2650 1
2651 3
2652 1
2653 2
2654 0
2655 3
2656 3
2657 3
2658 1
2659 2
2660 1
2661 1
2662 3
2663 4
2664 2
2665 0
2666 3
2667 3
2668 2
2669 3
2670 3
2671 2
2672 1
2673 1
2674 1
2675 2
2676 3
2677 4
2678 2
2679 1
2680 4
2681 6
2682 4
2683 3
2684 3
2685 2
2686 2
2687 1
2688 4
2689 3
2690 1
2691 5
2692 2
2693 1
2694 2
2695 2
2696 0
2697 2
2698 1
2699 5
2700 0
2701 6
2702 0
2703 1
2704 1
2705 2
2706 1
2707 3
2708 3
2709 0
2710 2
2711 2
2712 1
2713 1
2714 1
2715 2
2716 3
2717 1
2718 1
2719 3
2720 1
2721 4
2722 1
2723 1
2724 2
2725 3
2726 2
2727 2
2728 1
2729 1
2730 4
2731 3
2732 3
2733 4
2734 3
2735 4
2736 0
2737 1
2738 3
2739 5
2740 2
2741 1
2742 1
2743 1
2744 0
2745 2
2746 1
2747 3
2748 3
2749 2
2750 4
2751 3
2752 5
2753 3
2754 0
2755 0
2756 2
2757 6
2758 3
2759 3
2760 0
2761 2
2762 1
2763 5
2764 2
2765 2
2766 2
2767 1
2768 3
2769 1
2770 4
2771 2
2772 2
2773 2
2774 3
2775 1
2776 2
2777 0
2778 2
2779 3
2780 4
2781 1
2782 3
2783 2
2784 1
2785 3
2786 3
2787 2
2788 2
2789 2
2790 2
2791 3
2792 2
2793 3
2794 6
2795 1
2796 2
2797 0
2798 1
2799 1
2800 1
2801 2
2802 2
2803 3
2804 0
2805 3
2806 1
2807 1
2808 3
2809 3
2810 3
2811 0
2812 1
2813 3
2814 2
2815 0
2816 1
2817 2
2818 2
2819 2
2820 0
2821 1
2822 0
2823 2
2824 2
2825 0
2826 5
2827 2
2828 4
2829 2
2830 4
2831 1
2832 2
2833 5
2834 1
2835 3
2836 2
2837 4
2838 1
2839 1
2840 1
2841 3
2842 3
2843 4
2844 3
2845 1
2846 2
2847 0
2848 3
2849 3
2850 1
2851 2
2852 3
2853 4
2854 4
2855 3
2856 6
2857 1
2858 3
2859 3
2860 1
2861 0
2862 4
2863 2
2864 3
2865 4
2866 0
2867 2
2868 4
2869 3
2870 2
2871 2
2872 0
2873 1
2874 2
2875 3
2876 3
2877 4
2878 2
2879 2
2880 1
2881 5
2882 2
2883 1
2884 4
2885 0
2886 2
2887 3
2888 2
2889 1
2890 1
2891 3
2892 3
2893 3
2894 1
2895 4
2896 4
2897 0
2898 2
2899 1
2900 2
2901 2
2902 2
2903 2
2904 5
2905 4
2906 4
2907 1
2908 2
2909 0
2910 2
2911 4
2912 0
2913 1
2914 2
2915 2
2916 0
2917 6
2918 0
2919 3
2920 4
2921 0
2922 2
2923 1
2924 1
2925 3
2926 3
2927 0
2928 0
2929 3
2930 2
2931 1
2932 3
2933 5
2934 0
2935 0
2936 4
2937 1
2938 5
2939 6
2940 1
2941 4
2942 4
2943 1
2944 3
2945 1
2946 2
2947 0
2948 0
2949 2
2950 1
2951 2
2952 3
2953 1
2954 2
2955 0
2956 1
2957 3
2958 2
2959 1
2960 4
2961 0
2962 0
2963 1
2964 4
2965 2
2966 1
2967 1
2968 1
2969 1
2970 2
2971 1
2972 1
2973 6
2974 2
2975 3
2976 3
2977 0
2978 3
2979 4
2980 4
2981 2
2982 2
2983 1
2984 1
2985 1
2986 1
2987 0
2988 1
2989 3
2990 3
2991 1
2992 2
2993 1
2994 5
2995 3
2996 3
2997 3
2998 2
2999 1
3000 2
3001 0
3002 1
3003 0
3004 2
3005 2
3006 1
3007 3
3008 1
3009 5
3010 4
3011 3
3012 4
3013 1
3014 0
3015 1
3016 1
3017 0
3018 3
3019 2
3020 1
3021 1
3022 2
3023 0
3024 3
3025 1
3026 1
3027 0
3028 5
3029 2
3030 5
3031 2
3032 2
3033 3
3034 2
3035 3
3036 2
3037 1
3038 4
3039 2
3040 2
3041 2
3042 1
3043 1
3044 5
3045 5
3046 1
3047 0
3048 1
3049 1
3050 3
3051 2
3052 5
3053 3
3054 2
3055 3
3056 5
3057 0
3058 2
3059 5
3060 3
3061 2
3062 1
3063 3
3064 2
3065 3
3066 6
3067 1
3068 1
3069 1
3070 1
3071 1
3072 1
3073 1
3074 3
3075 1
3076 3
3077 4
3078 1
3079 1
3080 5
3081 1
3082 0
3083 2
3084 0
3085 0
3086 5
3087 1
3088 2
3089 2
3090 5
3091 2
3092 2
3093 1
3094 2
3095 4
3096 4
3097 2
3098 2
3099 3
3100 2
3101 2
3102 3
3103 2
3104 3
3105 1
3106 2
3107 1
3108 5
3109 1
3110 0
3111 2
3112 2
3113 2
3114 2
3115 0
3116 2
3117 0
3118 1
3119 4
3120 1
3121 4
3122 1
3123 1
3124 4
3125 0
3126 5
3127 2
3128 1
3129 0
3130 4
3131 2
3132 5
3133 4
3134 2
3135 0
3136 4
3137 2
3138 4
3139 1
3140 3
3141 1
3142 2
3143 1
3144 4
3145 3
3146 1
3147 1
3148 0
3149 0
3150 4
3151 3
3152 1
3153 3
3154 2
3155 3
3156 2
3157 4
3158 2
3159 2
3160 1
3161 4
3162 2
3163 3
3164 3
3165 3
3166 1
3167 4
3168 4
3169 1
3170 4
3171 1
3172 1
3173 2
3174 2
3175 0
3176 3
3177 2
3178 3
3179 3
3180 3
3181 5
3182 2
3183 2
3184 3
3185 0
3186 1
3187 3
3188 0
3189 2
3190 0
3191 2
3192 1
3193 2
3194 5
3195 0
3196 1
3197 3
3198 0
3199 4
3200 4
3201 1
3202 1
3203 3
3204 2
3205 1
3206 3
3207 0
3208 0
3209 5
3210 4
3211 1
3212 2
3213 3
3214 3
3215 3
3216 0
3217 1
3218 1
3219 4
3220 0
3221 1
3222 1
3223 3
3224 2
3225 4
3226 2
3227 1
3228 1
3229 1
3230 3
3231 0
3232 3
3233 2
3234 1
3235 4
3236 1
3237 1
3238 2
3239 1
3240 0
3241 1
3242 1
3243 2
3244 1
3245 2
3246 0
3247 4
3248 3
3249 1
3250 1
3251 3
3252 2
3253 2
3254 2
3255 0
3256 3
3257 2
3258 4
3259 1
3260 3
3261 3
3262 2
3263 1
3264 3
3265 1
3266 0
3267 0
3268 4
3269 2
3270 1
3271 2
3272 1
3273 4
3274 0
3275 0
3276 0
3277 1
3278 2
3279 0
3280 4
3281 2
3282 0
3283 2
3284 1
3285 3
3286 2
3287 2
3288 4
3289 4
3290 4
3291 2
3292 4
3293 2
3294 1
3295 2
3296 2
3297 2
3298 2
3299 2
3300 3
3301 0
3302 4
3303 2
3304 3
3305 0
3306 3
3307 2
3308 1
3309 3
3310 1
3311 4
3312 0
3313 4
3314 0
3315 2
3316 1
3317 2
3318 1
3319 2
3320 2
3321 2
3322 0
3323 4
3324 2
3325 0
3326 1
3327 2
3328 1
3329 0
3330 1
3331 2
3332 2
3333 5
3334 0
3335 4
3336 3
3337 2
3338 2
3339 0
3340 2
3341 1
3342 1
3343 2
3344 1
3345 2
3346 1
3347 1
3348 2
3349 4
3350 5
3351 1
3352 3
3353 4
3354 0
3355 0
3356 3
3357 0
3358 2
3359 4
3360 0
3361 0
3362 4
3363 0
3364 1
3365 2
3366 1
3367 3
3368 3
3369 3
3370 0
3371 3
3372 1
3373 1
3374 2
3375 1
3376 1
3377 1
3378 0
3379 0
3380 0
3381 3
3382 1
3383 3
3384 6
3385 2
3386 3
3387 6
3388 3
3389 3
3390 2
3391 2
3392 3
3393 1
3394 4
3395 1
3396 2
3397 1
3398 8
3399 0
3400 3
3401 4
3402 4
3403 2
3404 2
3405 0
3406 1
3407 2
3408 5
3409 3
3410 1
3411 2
3412 1
3413 2
3414 1
3415 1
3416 1
3417 1
3418 3
3419 1
3420 0
3421 4
3422 2
3423 1
3424 2
3425 2
3426 0
3427 1
3428 2
3429 0
3430 1
3431 0
3432 0
3433 2
3434 3
3435 3
3436 1
3437 4
3438 2
3439 1
3440 4
3441 1
3442 2
3443 4
3444 3
3445 1
3446 3
3447 3
3448 2
3449 2
3450 2
3451 2
3452 3
3453 3
3454 0
3455 4
3456 3
3457 0
3458 2
3459 0
3460 1
3461 2
3462 1
3463 2
3464 1
3465 1
3466 4
3467 2
3468 2
3469 4
3470 0
3471 5
3472 4
3473 1
3474 2
3475 0
3476 2
3477 5
3478 2
3479 5
3480 2
3481 5
3482 0
3483 1
3484 3
3485 0
3486 0
3487 1
3488 4
3489 2
3490 1
3491 2
3492 1
3493 4
3494 3
3495 1
3496 1
3497 4
3498 3
3499 3
3500 3
3501 1
3502 3
3503 2
3504 1
3505 3
3506 2
3507 5
3508 1
3509 4
3510 1
3511 2
3512 3
3513 3
3514 0
3515 1
3516 2
3517 2
3518 0
3519 4
3520 0
3521 4
3522 3
3523 2
3524 0
3525 4
3526 3
3527 2
3528 3
3529 3
3530 0
3531 1
3532 3
3533 3
3534 0
3535 2
3536 1
3537 2
3538 5
3539 3
3540 3
3541 6
3542 1
3543 3
3544 3
3545 0
3546 2
3547 2
3548 1
3549 3
3550 1
3551 2
3552 2
3553 3
3554 1
3555 1
3556 2
3557 0
3558 3
3559 2
3560 3
3561 2
3562 3
3563 2
3564 3
3565 1
3566 1
3567 0
3568 4
3569 1
3570 1
3571 3
3572 3
3573 2
3574 0
3575 1
3576 1
3577 6
3578 3
3579 2
3580 2
3581 2
3582 1
3583 2
3584 3
3585 3
3586 2
3587 4
3588 3
3589 2
3590 1
3591 1
3592 2
3593 4
3594 3
3595 1
3596 0
3597 1
3598 3
3599 2
3600 3
3601 3
3602 2
3603 2
3604 2
3605 2
3606 1
3607 1
3608 0
3609 0
3610 2
3611 2
3612 4
3613 1
3614 0
3615 2
3616 1
3617 6
3618 1
3619 1
3620 3
3621 3
3622 0
3623 9
3624 2
3625 2
3626 2
3627 1
3628 3
3629 1
3630 2
3631 1
3632 1
3633 2
3634 6
3635 1
3636 1
3637 3
3638 2
3639 3
3640 4
3641 1
3642 1
3643 2
3644 0
3645 3
3646 1
3647 3
3648 2
3649 2
3650 2
3651 1
3652 0
3653 2
3654 2
3655 5
3656 2
3657 0
3658 0
3659 0
3660 0
3661 4
3662 0
3663 1
3664 2
3665 2
3666 2
3667 2
3668 4
3669 2
3670 3
3671 1
3672 0
3673 1
3674 0
3675 1
3676 2
3677 3
3678 2
3679 3
3680 1
3681 1
3682 1
3683 1
3684 2
3685 0
3686 1
3687 1
3688 1
3689 1
3690 3
3691 1
3692 2
3693 1
3694 3
3695 3
3696 3
3697 2
3698 5
3699 3
3700 2
3701 3
3702 1
3703 1
3704 2
3705 3
3706 1
3707 0
3708 2
3709 3
3710 2
3711 3
3712 1
3713 1
3714 4
3715 0
3716 2
3717 1
3718 2
3719 0
3720 2
3721 0
3722 2
3723 1
3724 2
3725 0
3726 2
3727 2
3728 2
3729 1
3730 1
3731 2
3732 0
3733 2
3734 0
3735 1
3736 4
3737 1
3738 3
3739 2
3740 4
3741 5
3742 1
3743 1
3744 2
3745 3
3746 0
3747 1
3748 2
3749 3
3750 3
3751 2
3752 2
3753 3
3754 2
3755 3
3756 2
3757 3
3758 1
3759 2
3760 2
3761 0
3762 2
3763 5
3764 1
3765 6
3766 1
3767 0
3768 4
3769 2
3770 3
3771 0
3772 1
3773 0
3774 3
3775 2
3776 2
3777 0
3778 0
3779 0
3780 6
3781 3
3782 0
3783 3
3784 3
3785 1
3786 0
3787 2
3788 1
3789 1
3790 1
3791 3
3792 3
3793 1
3794 2
3795 1
3796 1
3797 0
3798 1
3799 1
3800 2
3801 2
3802 2
3803 2
3804 3
3805 0
3806 3
3807 1
3808 1
3809 0
3810 4
3811 0
3812 1
3813 2
3814 1
3815 1
3816 1
3817 4
3818 4
3819 2
3820 3
3821 1
3822 1
3823 0
3824 2
3825 2
3826 6
3827 0
3828 2
3829 1
3830 4
3831 3
3832 1
3833 1
3834 3
3835 2
3836 1
3837 4
3838 1
3839 2
3840 2
3841 1
3842 1
3843 2
3844 1
3845 2
3846 1
3847 3
3848 1
3849 2
3850 3
3851 1
3852 1
3853 2
3854 1
3855 6
3856 3
3857 5
3858 1
3859 1
3860 2
3861 2
3862 3
3863 2
3864 1
3865 3
3866 0
3867 2
3868 1
3869 5
3870 2
3871 2
3872 1
3873 0
3874 3
3875 3
3876 3
3877 1
3878 1
3879 0
3880 2
3881 5
3882 1
3883 4
3884 6
3885 0
3886 0
3887 0
3888 1
3889 2
3890 4
3891 1
3892 5
3893 7
3894 0
3895 1
3896 3
3897 0
3898 5
3899 1
3900 4
3901 0
3902 1
3903 4
3904 3
3905 5
3906 2
3907 3
3908 3
3909 3
3910 2
3911 3
3912 2
3913 2
3914 2
3915 3
3916 0
3917 2
3918 1
3919 0
3920 2
3921 2
3922 2
3923 1
3924 2
3925 0
3926 4
3927 2
3928 4
3929 1
3930 2
3931 2
3932 0
3933 2
3934 5
3935 2
3936 1
3937 4
3938 0
3939 1
3940 2
3941 0
3942 1
3943 4
3944 1
3945 2
3946 5
3947 1
3948 0
3949 1
3950 0
3951 3
3952 1
3953 4
3954 1
3955 2
3956 2
3957 1
3958 1
3959 0
3960 5
3961 2
3962 2
3963 4
3964 3
3965 1
3966 1
3967 2
3968 1
3969 2
3970 5
3971 2
3972 0
3973 2
3974 2
3975 1
3976 1
3977 2
3978 4
3979 4
3980 1
3981 0
3982 2
3983 1
3984 2
3985 1
3986 1
3987 2
3988 2
3989 3
3990 0
3991 2
3992 4
3993 1
3994 2
3995 1
3996 2
3997 3
3998 4
3999 2
4000 2
4001 3
4002 4
4003 3
4004 3
4005 3
4006 1
4007 1
4008 0
4009 2
4010 4
4011 0
4012 1
4013 4
4014 3
4015 3
4016 3
4017 1
4018 1
4019 4
4020 1
4021 2
4022 4
4023 1
4024 3
4025 1
4026 5
4027 4
4028 0
4029 2
4030 4
4031 2
4032 4
4033 2
4034 1
4035 2
4036 1
4037 0
4038 0
4039 1
4040 1
4041 2
4042 1
4043 1
4044 1
4045 1
4046 3
4047 1
4048 2
4049 4
4050 7
4051 0
4052 4
4053 1
4054 0
4055 2
4056 1
4057 0
4058 1
4059 3
4060 4
4061 2
4062 2
4063 1
4064 0
4065 3
4066 4
4067 3
4068 5
4069 0
4070 0
4071 2
4072 3
4073 1
4074 2
4075 4
4076 0
4077 0
4078 2
4079 2
4080 2
4081 2
4082 3
4083 3
4084 3
4085 2
4086 2
4087 0
4088 1
4089 2
4090 5
4091 1
4092 3
4093 3
4094 3
4095 2
4096 4
4097 4
4098 4
4099 2
4100 1
4101 4
4102 4
4103 3
4104 2
4105 1
4106 0
4107 1
4108 4
4109 0
4110 4
4111 3
4112 2
4113 2
4114 3
4115 3
4116 1
4117 2
4118 3
4119 2
4120 1
4121 3
4122 4
4123 2
4124 0
4125 2
4126 0
4127 3
4128 0
4129 2
4130 1
4131 2
4132 1
4133 3
4134 3
4135 1
4136 2
4137 4
4138 1
4139 1
4140 1
4141 4
4142 2
4143 4
4144 4
4145 2
4146 2
4147 0
4148 5
4149 1
4150 1
4151 3
4152 3
4153 1
4154 2
4155 1
4156 5
4157 3
4158 2
4159 3
4160 0
4161 4
4162 3
4163 0
4164 2
4165 2
4166 3
4167 2
4168 2
4169 3
4170 2
4171 2
4172 1
4173 3
4174 3
4175 0
4176 2
4177 3
4178 3
4179 2
4180 1
4181 5
4182 0
4183 2
4184 4
4185 0
4186 2
4187 4
4188 2
4189 2
4190 4
4191 2
4192 2
4193 4
4194 3
4195 1
4196 1
4197 5
4198 1
4199 0
4200 4
4201 3
4202 5
4203 1
4204 2
4205 1
4206 0
4207 1
4208 2
4209 4
4210 2
4211 2
4212 0
4213 0
4214 0
4215 3
4216 1
4217 1
4218 5
4219 0
4220 2
4221 1
4222 2
4223 3
4224 3
4225 1
4226 1
4227 0
4228 3
4229 2
4230 2
4231 1
4232 2
4233 2
4234 2
4235 2
4236 1
4237 4
4238 2
4239 4
4240 2
4241 2
4242 2
4243 2
4244 4
4245 3
4246 4
4247 1
4248 1
4249 5
4250 0
4251 3
4252 1
4253 3
4254 0
4255 3
4256 0
4257 2
4258 0
4259 3
4260 1
4261 3
4262 1
4263 2
4264 2
4265 2
4266 3
4267 2
4268 1
4269 1
4270 1
4271 0
4272 2
4273 3
4274 1
4275 5
4276 2
4277 3
4278 4
4279 2
4280 2
4281 2
4282 0
4283 1
4284 2
4285 1
4286 1
4287 1
4288 2
4289 2
4290 1
4291 2
4292 1
4293 0
4294 1
4295 3
4296 3
4297 0
4298 1
4299 3
4300 3
4301 2
4302 0
4303 1
4304 1
4305 2
4306 2
4307 3
4308 1
4309 1
4310 3
4311 1
4312 3
4313 2
4314 1
4315 3
4316 2
4317 1
4318 3
4319 4
4320 2
4321 4
4322 4
4323 5
4324 3
4325 0
4326 1
4327 2
4328 1
4329 3
4330 0
4331 1
4332 1
4333 0
4334 1
4335 1
4336 0
4337 3
4338 1
4339 2
4340 1
4341 3
4342 0
4343 1
4344 0
4345 3
4346 2
4347 3
4348 3
4349 1
4350 1
4351 4
4352 1
4353 6
4354 2
4355 0
4356 0
4357 3
4358 1
4359 2
4360 0
4361 1
4362 2
4363 1
4364 0
4365 2
4366 3
4367 3
4368 2
4369 3
4370 3
4371 2
4372 3
4373 2
4374 1
4375 4
4376 2
4377 1
4378 3
4379 0
4380 3
4381 1
4382 2
4383 1
4384 2
4385 2
4386 4
4387 3
4388 0
4389 0
4390 3
4391 2
4392 5
4393 1
4394 2
4395 2
4396 2
4397 2
4398 3
4399 1
4400 1
4401 2
4402 2
4403 1
4404 0
4405 2
4406 2
4407 2
4408 1
4409 2
4410 2
4411 2
4412 3
4413 6
4414 5
4415 5
4416 1
4417 0
4418 2
4419 1
4420 1
4421 3
4422 2
4423 2
4424 2
4425 1
4426 0
4427 1
4428 2
4429 4
4430 3
4431 2
4432 4
4433 1
4434 2
4435 2
4436 3
4437 3
4438 5
4439 2
4440 0
4441 5
4442 1
4443 1
4444 3
4445 3
4446 3
4447 1
4448 1
4449 3
4450 0
4451 3
4452 1
4453 0
4454 5
4455 1
4456 1
4457 1
4458 0
4459 1
4460 2
4461 3
4462 0
4463 0
4464 0
4465 1
4466 1
4467 6
4468 2
4469 3
4470 1
4471 0
4472 1
4473 4
4474 1
4475 2
4476 0
4477 0
4478 3
4479 1
4480 2
4481 1
4482 3
4483 3
4484 1
4485 1
4486 4
4487 2
4488 2
4489 4
4490 1
4491 3
4492 3
4493 1
4494 3
4495 1
4496 3
4497 0
4498 1
4499 1
4500 1
4501 2
4502 2
4503 0
4504 1
4505 4
4506 1
4507 2
4508 1
4509 1
4510 1
4511 0
4512 7
4513 6
4514 2
4515 1
4516 4
4517 4
4518 2
4519 3
4520 2
4521 2
4522 0
4523 1
4524 4
4525 2
4526 2
4527 2
4528 1
4529 0
4530 3
4531 0
4532 1
4533 1
4534 2
4535 2
4536 1
4537 3
4538 2
4539 3
4540 0
4541 1
4542 2
4543 2
4544 1
4545 1
4546 2
4547 3
4548 3
4549 2
4550 1
4551 0
4552 1
4553 1
4554 3
4555 1
4556 3
4557 2
4558 1
4559 2
4560 1
4561 0
4562 2
4563 0
4564 1
4565 3
4566 2
4567 2
4568 2
4569 4
4570 1
4571 2
4572 3
4573 1
4574 1
4575 0
4576 1
4577 2
4578 0
4579 5
4580 1
4581 1
4582 2
4583 3
4584 1
4585 1
4586 4
4587 1
4588 0
4589 0
4590 0
4591 3
4592 2
4593 2
4594 3
4595 0
4596 1
4597 3
4598 2
4599 2
4600 1
4601 1
4602 3
4603 1
4604 1
4605 1
4606 2
4607 1
4608 4
4609 1
4610 2
4611 4
4612 1
4613 2
4614 0
4615 3
4616 2
4617 2
4618 1
4619 1
4620 3
4621 0
4622 1
4623 1
4624 3
4625 4
4626 1
4627 1
4628 1
4629 2
4630 1
4631 0
4632 4
4633 2
4634 2
4635 5
4636 2
4637 4
4638 1
4639 3
4640 4
4641 1
4642 3
4643 1
4644 3
4645 2
4646 0
4647 4
4648 0
4649 0
4650 4
4651 5
4652 3
4653 4
4654 0
4655 4
4656 1
4657 1
4658 3
4659 1
4660 0
4661 4
4662 1
4663 4
4664 0
4665 3
4666 4
4667 1
4668 2
4669 4
4670 4
4671 3
4672 3
4673 2
4674 3
4675 2
4676 2
4677 1
4678 1
4679 1
4680 3
4681 0
4682 1
4683 7
4684 5
4685 3
4686 1
4687 2
4688 8
4689 0
4690 3
4691 4
4692 4
4693 0
4694 2
4695 4
4696 2
4697 1
4698 3
4699 3
4700 1
4701 1
4702 1
4703 3
4704 1
4705 3
4706 1
4707 1
4708 4
4709 1
4710 2
4711 1
4712 4
4713 0
4714 3
4715 3
4716 1
4717 3
4718 1
4719 3
4720 1
4721 1
4722 2
4723 1
4724 4
4725 0
4726 3
4727 1
4728 0
4729 1
4730 2
4731 3
4732 8
4733 3
4734 2
4735 1
4736 1
4737 7
4738 3
4739 2
4740 1
4741 1
4742 1
4743 2
4744 0
4745 2
4746 2
4747 1
4748 1
4749 1
4750 2
4751 1
4752 6
4753 1
4754 0
4755 2
4756 2
4757 3
4758 0
4759 4
4760 5
4761 3
4762 3
4763 2
4764 5
4765 1
4766 1
4767 5
4768 3
4769 1
4770 2
4771 2
4772 4
4773 2
4774 5
4775 2
4776 3
4777 2
4778 2
4779 2
4780 4
4781 4
4782 2
4783 4
4784 2
4785 1
4786 3
4787 2
4788 4
4789 2
4790 2
4791 1
4792 3
4793 3
4794 4
4795 5
4796 2
4797 2
4798 0
4799 1
4800 3
4801 5
4802 1
4803 3
4804 3
4805 6
4806 1
4807 3
4808 1
4809 1
4810 5
4811 1
4812 2
4813 1
4814 1
4815 2
4816 2
4817 2
4818 4
4819 1
4820 0
4821 0
4822 3
4823 3
4824 0
4825 1
4826 1
4827 3
4828 2
4829 3
4830 1
4831 1
4832 2
4833 0
4834 1
4835 5
4836 3
4837 1
4838 1
4839 1
4840 1
4841 5
4842 2
4843 3
4844 0
4845 1
4846 2
4847 3
4848 2
4849 1
4850 0
4851 0
4852 4
4853 3
4854 1
4855 4
4856 2
4857 3
4858 1
4859 2
4860 2
4861 1
4862 1
4863 3
4864 1
4865 3
4866 1
4867 3
4868 3
4869 2
4870 1
4871 0
4872 3
4873 3
4874 3
4875 3
4876 1
4877 0
4878 3
4879 3
4880 2
4881 3
4882 2
4883 2
4884 2
4885 2
4886 2
4887 0
4888 3
4889 1
4890 0
4891 2
4892 1
4893 0
4894 2
4895 1
4896 3
4897 0
4898 1
4899 5
4900 2
4901 1
4902 3
4903 3
4904 0
4905 1
4906 2
4907 1
4908 4
4909 0
4910 2
4911 1
4912 0
4913 1
4914 1
4915 1
4916 1
4917 0
4918 3
4919 3
4920 3
4921 3
4922 1
4923 1
4924 5
4925 2
4926 1
4927 3
4928 2
4929 3
4930 1
4931 3
4932 1
4933 1
4934 0
4935 3
4936 2
4937 1
4938 1
4939 1
4940 1
4941 2
4942 2
4943 3
4944 2
4945 1
4946 2
4947 1
4948 4
4949 1
4950 3
4951 2
4952 5
4953 1
4954 0
4955 2
4956 1
4957 1
4958 1
4959 5
4960 3
4961 3
4962 3
4963 2
4964 0
4965 1
4966 2
4967 3
4968 0
4969 3
4970 3
4971 2
4972 1
4973 0
4974 1
4975 2
4976 1
4977 0
4978 2
4979 2
4980 2
4981 2
4982 2
4983 2
4984 2
4985 2
4986 1
4987 4
4988 0
4989 1
4990 2
4991 1
4992 1
4993 1
4994 1
4995 1
4996 8
4997 0
4998 1
4999 1
5000 3
5001 3
5002 3
5003 0
5004 1
5005 2
5006 1
5007 0
5008 3
5009 2
5010 2
5011 4
5012 1
5013 1
5014 1
5015 1
5016 1
5017 2
5018 1
5019 1
5020 1
5021 1
5022 4
5023 2
5024 4
5025 3
5026 1
5027 0
5028 4
5029 0
5030 2
5031 2
5032 2
5033 1
5034 1
5035 1
5036 1
5037 1
5038 5
5039 2
5040 3
5041 1
5042 3
5043 3
5044 3
5045 2
5046 2
5047 1
5048 2
5049 0
5050 0
5051 0
5052 1
5053 1
5054 3
5055 3
5056 1
5057 0
5058 2
5059 2
5060 2
5061 2
5062 2
5063 3
5064 1
5065 3
5066 1
5067 3
5068 2
5069 1
5070 1
5071 4
5072 3
5073 2
5074 2
5075 2
5076 0
5077 2
5078 2
5079 1
5080 0
5081 1
5082 5
5083 2
5084 2
5085 1
5086 3
5087 3
5088 2
5089 1
5090 1
5091 5
5092 3
5093 3
5094 2
5095 2
5096 1
5097 2
5098 1
5099 1
5100 1
5101 1
5102 2
5103 2
5104 4
5105 1
5106 1
5107 2
5108 4
5109 2
5110 2
5111 3
5112 1
5113 2
5114 1
5115 3
5116 0
5117 0
5118 2
5119 0
5120 2
5121 3
5122 1
5123 4
5124 3
5125 3
5126 0
5127 2
5128 1
5129 3
5130 4
5131 1
5132 0
5133 2
5134 5
5135 4
5136 1
5137 1
5138 2
5139 0
5140 2
5141 0
5142 3
5143 3
5144 1
5145 2
5146 4
5147 3
5148 0
5149 5
5150 2
5151 2
5152 3
5153 5
5154 0
5155 1
5156 1
5157 2
5158 2
5159 2
5160 3
5161 2
5162 3
5163 4
5164 2
5165 0
5166 2
5167 2
5168 2
5169 2
5170 2
5171 2
5172 0
5173 1
5174 2
5175 2
5176 2
5177 2
5178 0
5179 2
5180 2
5181 4
5182 2
5183 2
5184 3
5185 5
5186 0
5187 4
5188 2
5189 1
5190 1
5191 2
5192 6
5193 0
5194 3
5195 1
5196 1
5197 0
5198 1
5199 1
5200 2
5201 2
5202 1
5203 2
5204 0
5205 0
5206 1
5207 5
5208 1
5209 3
5210 2
5211 5
5212 3
5213 1
5214 1
5215 1
5216 0
5217 0
5218 1
5219 4
5220 3
5221 1
5222 3
5223 0
5224 1
5225 1
5226 5
5227 4
5228 3
5229 3
5230 2
5231 1
5232 1
5233 0
5234 4
5235 1
5236 1
5237 2
5238 0
5239 3
5240 1
5241 2
5242 0
5243 2
5244 2
5245 1
5246 2
5247 3
5248 0
5249 2
5250 1
5251 1
5252 1
5253 0
5254 2
5255 3
5256 1
5257 3
5258 2
5259 2
5260 4
5261 0
5262 3
5263 2
5264 2
5265 3
5266 1
5267 3
5268 1
5269 2
5270 2
5271 3
5272 2
5273 1
5274 0
5275 2
5276 2
5277 8
5278 1
5279 3
5280 1
5281 2
5282 2
5283 2
5284 1
5285 3
5286 3
5287 3
5288 3
5289 0
5290 0
5291 2
5292 1
5293 4
5294 3
5295 2
5296 3
5297 4
5298 5
5299 2
5300 1
5301 1
5302 3
5303 2
5304 4
5305 3
5306 2
5307 1
5308 3
5309 2
5310 4
5311 2
5312 1
5313 2
5314 0
5315 4
5316 1
5317 1
5318 4
5319 0
5320 2
5321 3
5322 5
5323 1
5324 1
5325 0
5326 4
5327 2
5328 2
5329 4
5330 1
5331 3
5332 3
5333 2
5334 4
5335 3
5336 5
5337 1
5338 2
5339 2
5340 4
5341 0
5342 0
5343 3
5344 0
5345 0
5346 6
5347 4
5348 3
5349 3
5350 5
5351 0
5352 3
5353 2
5354 2
5355 1
5356 3
5357 1
5358 2
5359 3
5360 2
5361 2
5362 1
5363 0
5364 0
5365 2
5366 1
5367 2
5368 1
5369 2
5370 1
5371 1
5372 2
5373 0
5374 2
5375 1
5376 2
5377 4
5378 0
5379 2
5380 2
5381 0
5382 4
5383 2
5384 3
5385 2
5386 1
5387 3
5388 1
5389 0
5390 3
5391 1
5392 0
5393 0
5394 2
5395 3
5396 0
5397 0
5398 2
5399 0
5400 1
5401 1
5402 3
5403 4
5404 3
5405 2
5406 5
5407 6
5408 2
5409 1
5410 0
5411 2
5412 3
5413 2
5414 7
5415 2
5416 1
5417 1
5418 2
5419 5
5420 1
5421 2
5422 2
5423 0
5424 1
5425 1
5426 4
5427 1
5428 4
5429 1
5430 1
5431 1
5432 0
5433 2
5434 3
5435 1
5436 2
5437 2
5438 2
5439 2
5440 2
5441 1
5442 1
5443 8
5444 3
5445 2
5446 0
5447 4
5448 3
5449 4
5450 0
5451 4
5452 1
5453 2
5454 4
5455 1
5456 4
5457 3
5458 1
5459 2
5460 1
5461 3
5462 0
5463 4
5464 0
5465 2
5466 1
5467 4
5468 0
5469 2
5470 3
5471 1
5472 2
5473 0
5474 4
5475 1
5476 3
5477 3
5478 2
5479 1
5480 2
5481 4
5482 3
5483 2
5484 3
5485 1
5486 2
5487 2
5488 2
5489 2
5490 2
5491 2
5492 5
5493 1
5494 3
5495 1
5496 1
5497 2
5498 0
5499 1
5500 1
5501 1
5502 2
5503 2
5504 0
5505 2
5506 1
5507 2
5508 2
5509 1
5510 1
5511 2
5512 1
5513 2
5514 2
5515 3
5516 2
5517 1
5518 2
5519 0
5520 1
5521 2
5522 1
5523 2
5524 0
5525 2
5526 0
5527 0
5528 2
5529 2
5530 1
5531 5
5532 1
5533 2
5534 2
5535 0
5536 0
5537 0
5538 1
5539 3
5540 4
5541 1
5542 3
5543 2
5544 3
5545 1
5546 7
5547 1
5548 1
5549 3
5550 2
5551 2
5552 2
5553 0
5554 1
5555 0
5556 2
5557 1
5558 4
5559 1
5560 3
5561 2
5562 1
5563 6
5564 1
5565 3
5566 3
5567 1
5568 5
5569 5
5570 1
5571 5
5572 5
5573 2
5574 2
5575 1
5576 1
5577 2
5578 0
5579 3
5580 3
5581 0
5582 1
5583 3
5584 5
5585 4
5586 3
5587 3
5588 0
5589 1
5590 1
5591 2
5592 2
5593 0
5594 6
5595 0
5596 4
5597 0
5598 6
5599 2
5600 1
5601 2
5602 1
5603 1
5604 1
5605 4
5606 0
5607 0
5608 2
5609 3
5610 3
5611 6
5612 0
5613 2
5614 2
5615 3
5616 2
5617 4
5618 3
5619 2
5620 0
5621 2
5622 2
5623 1
5624 2
5625 0
5626 1
5627 4
5628 1
5629 1
5630 2
5631 2
5632 0
5633 3
5634 1
5635 1
5636 3
5637 3
5638 2
5639 3
5640 1
5641 5
5642 4
5643 2
5644 1
5645 1
5646 0
5647 1
5648 3
5649 2
5650 2
5651 2
5652 3
5653 1
5654 1
5655 0
5656 1
5657 2
5658 1
5659 0
5660 3
5661 3
5662 0
5663 2
5664 2
5665 7
5666 1
5667 4
5668 1
5669 1
5670 1
5671 5
5672 2
5673 1
5674 1
5675 2
5676 0
5677 3
5678 3
5679 1
5680 4
5681 1
5682 3
5683 1
5684 2
5685 3
5686 2
5687 0
5688 4
5689 2
5690 2
5691 2
5692 1
5693 4
5694 1
5695 3
5696 3
5697 1
5698 2
5699 4
5700 1
5701 4
5702 4
5703 2
5704 2
5705 1
5706 1
5707 2
5708 3
5709 3
5710 2
5711 5
5712 0
5713 4
5714 1
5715 0
5716 4
5717 2
5718 2
5719 2
5720 2
5721 1
5722 0
5723 3
5724 2
5725 0
5726 0
5727 2
5728 1
5729 1
5730 1
5731 2
5732 3
5733 5
5734 3
5735 7
5736 2
5737 4
5738 3
5739 2
5740 6
5741 1
5742 3
5743 4
5744 1
5745 0
5746 2
5747 2
5748 4
5749 1
5750 1
5751 2
5752 3
5753 0
5754 5
5755 2
5756 3
5757 2
5758 2
5759 4
5760 3
5761 3
5762 2
5763 3
5764 2
5765 2
5766 1
5767 0
5768 3
5769 5
5770 1
5771 3
5772 0
5773 3
5774 2
5775 2
5776 6
5777 2
5778 1
5779 3
5780 1
5781 5
5782 0
5783 2
5784 2
5785 3
5786 3
5787 1
5788 0
5789 3
5790 0
5791 2
5792 5
5793 1
5794 1
5795 2
5796 1
5797 2
5798 2
5799 0
5800 2
5801 1
5802 1
5803 0
5804 1
5805 2
5806 2
5807 1
5808 2
5809 3
5810 1
5811 1
5812 1
5813 0
5814 0
5815 2
5816 0
5817 1
5818 4
5819 4
5820 1
5821 2
5822 2
5823 2
5824 1
5825 3
5826 1
5827 0
5828 4
5829 3
5830 3
5831 1
5832 0
5833 3
5834 4
5835 1
5836 1
5837 3
5838 1
5839 1
5840 2
5841 1
5842 1
5843 4
5844 0
5845 1
5846 2
5847 1
5848 0
5849 4
5850 3
5851 0
5852 1
5853 0
5854 2
5855 3
5856 0
5857 1
5858 3
5859 2
5860 1
5861 2
5862 1
5863 0
5864 3
5865 1
5866 0
5867 1
5868 1
5869 5
5870 2
5871 2
5872 2
5873 3
5874 1
5875 0
5876 2
5877 1
5878 1
5879 2
5880 2
5881 5
5882 4
5883 6
5884 1
5885 6
5886 2
5887 4
5888 1
5889 3
5890 3
5891 3
5892 2
5893 3
5894 1
5895 0
5896 4
5897 3
5898 4
5899 2
5900 0
5901 3
5902 2
5903 4
5904 1
5905 3
5906 1
5907 0
5908 1
5909 2
5910 1
5911 4
5912 3
5913 0
5914 1
5915 2
5916 3
5917 2
5918 1
5919 5
5920 0
5921 1
5922 1
5923 1
5924 0
5925 2
5926 1
5927 2
5928 2
5929 4
5930 5
5931 1
5932 0
5933 4
5934 3
5935 1
5936 5
5937 3
5938 3
5939 1
5940 3
5941 2
5942 1
5943 2
5944 2
5945 3
5946 2
5947 5
5948 1
5949 3
5950 1
5951 1
5952 1
5953 2
5954 2
5955 1
5956 2
5957 2
5958 2
5959 2
5960 2
5961 2
5962 3
5963 1
5964 3
5965 3
5966 2
5967 2
5968 3
5969 0
5970 1
5971 1
5972 4
5973 0
5974 2
5975 4
5976 3
5977 3
5978 3
5979 1
5980 3
5981 4
5982 2
5983 0
5984 1
5985 2
5986 2
5987 1
5988 2
5989 3
5990 2
5991 0
5992 1
5993 1
5994 2
5995 4
5996 1
5997 4
5998 0
5999 2
6000 1
6001 5
6002 4
6003 0
6004 0
6005 2
6006 4
6007 2
6008 5
6009 2
6010 3
6011 2
6012 2
6013 0
6014 6
6015 7
6016 1
6017 0
6018 3
6019 1
6020 0
6021 1
6022 2
6023 2
6024 1
6025 3
6026 2
6027 0
6028 2
6029 1
6030 3
6031 0
6032 4
6033 1
6034 2
6035 2
6036 3
6037 4
6038 1
6039 1
6040 3
6041 0
6042 2
6043 1
6044 1
6045 2
6046 0
6047 2
6048 1
6049 2
6050 3
6051 0
6052 2
6053 1
6054 3
6055 0
6056 4
6057 2
6058 2
6059 3
6060 1
6061 1
6062 2
6063 2
6064 4
6065 1
6066 2
6067 5
6068 2
6069 1
6070 2
6071 2
6072 3
6073 0
6074 7
6075 3
6076 3
6077 1
6078 2
6079 0
6080 3
6081 1
6082 0
6083 1
6084 0
6085 2
6086 3
6087 5
6088 1
6089 2
6090 0
6091 2
6092 1
6093 1
6094 0
6095 5
6096 2
6097 3
6098 2
6099 4
6100 0
6101 1
6102 1
6103 2
6104 0
6105 2
6106 4
6107 2
6108 3
6109 1
6110 3
6111 4
6112 3
6113 1
6114 4
6115 2
6116 1
6117 2
6118 2
6119 0
6120 1
6121 2
6122 0
6123 1
6124 3
6125 1
6126 1
6127 0
6128 5
6129 4
6130 5
6131 1
6132 4
6133 3
6134 3
6135 0
6136 2
6137 0
6138 2
6139 2
6140 3
6141 2
6142 0
6143 2
6144 1
6145 4
6146 2
6147 1
6148 1
6149 2
6150 1
6151 3
6152 1
6153 2
6154 0
6155 6
6156 1
6157 3
6158 3
6159 2
6160 1
6161 4
6162 1
6163 0
6164 0
6165 2
6166 3
6167 1
6168 1
6169 3
6170 3
6171 4
6172 3
6173 0
6174 0
6175 2
6176 2
6177 3
6178 1
6179 1
6180 3
6181 1
6182 1
6183 4
6184 3
6185 4
6186 1
6187 6
6188 1
6189 0
6190 0
6191 0
6192 0
6193 2
6194 1
6195 2
6196 0
6197 1
6198 5
6199 3
6200 1
6201 3
6202 2
6203 2
6204 2
6205 2
6206 1
6207 1
6208 4
6209 3
6210 4
6211 2
6212 3
6213 0
6214 3
6215 4
6216 3
6217 2
6218 1
6219 4
6220 2
6221 2
6222 2
6223 4
6224 1
6225 3
6226 1
6227 2
6228 2
6229 2
6230 2
6231 4
6232 1
6233 1
6234 2
6235 1
6236 0
6237 0
6238 3
6239 5
6240 1
6241 1
6242 2
6243 0
6244 0
6245 0
6246 0
6247 2
6248 1
6249 1
6250 1
6251 3
6252 1
6253 2
6254 2
6255 3
6256 1
6257 0
6258 4
6259 0
6260 1
6261 1
6262 1
6263 1
6264 1
6265 5
6266 2
6267 0
6268 1
6269 1
6270 4
6271 0
6272 0
6273 1
6274 5
6275 3
6276 1
6277 3
6278 4
6279 3
6280 2
6281 6
6282 1
6283 2
6284 3
6285 1
6286 2
6287 1
6288 3
6289 2
6290 1
6291 3
6292 1
6293 4
6294 0
6295 0
6296 4
6297 3
6298 1
6299 3
6300 4
6301 0
6302 0
6303 1
6304 1
6305 5
6306 1
6307 2
6308 3
6309 3
6310 1
6311 2
6312 2
6313 2
6314 2
6315 0
6316 1
6317 2
6318 3
6319 3
6320 3
6321 2
6322 3
6323 2
6324 1
6325 1
6326 3
6327 1
6328 3
6329 1
6330 4
6331 2
6332 4
6333 3
6334 2
6335 0
6336 1
6337 0
6338 3
6339 4
6340 2
6341 2
6342 1
6343 4
6344 0
6345 2
6346 4
6347 1
6348 3
6349 5
6350 4
6351 3
6352 0
6353 0
6354 5
6355 0
6356 0
6357 6
6358 2
6359 0
6360 1
6361 2
6362 1
6363 1
6364 2
6365 1
6366 1
6367 0
6368 2
6369 2
6370 2
6371 3
6372 3
6373 4
6374 2
6375 2
6376 0
6377 3
6378 3
6379 2
6380 0
6381 5
6382 0
6383 1
6384 3
6385 1
6386 1
6387 1
6388 2
6389 2
6390 3
6391 3
6392 1
6393 0
6394 3
6395 1
6396 2
6397 5
6398 2
6399 1
6400 2
6401 2
6402 2
6403 1
6404 1
6405 0
6406 3
6407 0
6408 0
6409 2
6410 4
6411 1
6412 3
6413 1
6414 5
6415 3
6416 2
6417 0
6418 3
6419 2
6420 1
6421 4
6422 4
6423 1
6424 2
6425 0
6426 0
6427 4
6428 2
6429 2
6430 0
6431 1
6432 4
6433 2
6434 1
6435 3
6436 1
6437 4
6438 3
6439 3
6440 4
6441 4
6442 2
6443 1
6444 2
6445 0
6446 1
6447 4
6448 2
6449 1
6450 2
6451 2
6452 2
6453 2
6454 5
6455 2
6456 1
6457 2
6458 2
6459 1
6460 3
6461 1
6462 2
6463 5
6464 1
6465 1
6466 0
6467 1
6468 2
6469 2
6470 5
6471 2
6472 4
6473 1
6474 1
6475 2
6476 4
6477 1
6478 2
6479 3
6480 2
6481 3
6482 2
6483 3
6484 1
6485 0
6486 3
6487 4
6488 5
6489 2
6490 0
6491 4
6492 2
6493 0
6494 1
6495 2
6496 3
6497 2
6498 2
6499 1
6500 1
6501 3
6502 1
6503 4
6504 3
6505 4
6506 1
6507 2
6508 3
6509 3
6510 2
6511 2
6512 4
6513 2
6514 6
6515 1
6516 1
6517 2
6518 4
6519 2
6520 1
6521 0
6522 4
6523 2
6524 0
6525 1
6526 0
6527 0
6528 0
6529 2
6530 2
6531 0
6532 2
6533 2
6534 2
6535 2
6536 3
6537 2
6538 2
6539 3
6540 1
6541 1
6542 0
6543 1
6544 1
6545 3
6546 2
6547 3
6548 1
6549 1
6550 2
6551 1
6552 2
6553 3
6554 2
6555 4
6556 3
6557 2
6558 2
6559 3
6560 6
6561 5
6562 2
6563 2
6564 2
6565 0
6566 6
6567 0
6568 2
6569 1
6570 3
6571 1
6572 0
6573 3
6574 3
6575 2
6576 1
6577 1
6578 5
6579 3
6580 1
6581 2
6582 1
6583 3
6584 3
6585 5
6586 3
6587 2
6588 0
6589 0
6590 2
6591 2
6592 1
6593 3
6594 2
6595 2
6596 2
6597 3
6598 1
6599 1
6600 1
6601 2
6602 0
6603 4
6604 5
6605 1
6606 1
6607 1
6608 1
6609 0
6610 1
6611 1
6612 0
6613 2
6614 0
6615 1
6616 3
6617 1
6618 1
6619 0
6620 2
6621 0
6622 3
6623 0
6624 1
6625 2
6626 3
6627 3
6628 3
6629 1
6630 1
6631 2
6632 2
6633 1
6634 1
6635 2
6636 0
6637 2
6638 2
6639 1
6640 2
6641 6
6642 4
6643 3
6644 3
6645 1
6646 0
6647 2
6648 2
6649 5
6650 4
6651 4
6652 1
6653 2
6654 3
6655 0
6656 2
6657 1
6658 1
6659 2
6660 0
6661 2
6662 0
6663 1
6664 1
6665 0
6666 2
6667 4
6668 2
6669 2
6670 4
6671 0
6672 0
6673 3
6674 1
6675 2
6676 1
6677 4
6678 2
6679 2
6680 2
6681 1
6682 3
6683 2
6684 4
6685 3
6686 0
6687 5
6688 5
6689 3
6690 4
6691 1
6692 1
6693 1
6694 3
6695 4
6696 4
6697 0
6698 0
6699 1
6700 1
6701 3
6702 2
6703 4
6704 1
6705 4
6706 3
6707 2
6708 3
6709 0
6710 4
6711 0
6712 2
6713 0
6714 2
6715 1
6716 2
6717 1
6718 1
6719 4
6720 2
6721 3
6722 1
6723 1
6724 3
6725 1
6726 3
6727 1
6728 1
6729 3
6730 2
6731 0
6732 0
6733 1
6734 1
6735 2
6736 5
6737 4
6738 4
6739 2
6740 0
6741 1
6742 6
6743 0
6744 1
6745 3
6746 3
6747 4
6748 1
6749 3
6750 0
6751 5
6752 4
6753 3
6754 5
6755 1
6756 1
6757 1
6758 2
6759 2
6760 3
6761 0
6762 1
6763 1
6764 4
6765 2
6766 1
6767 0
6768 4
6769 0
6770 0
6771 2
6772 2
6773 2
6774 4
6775 5
6776 1
6777 1
6778 0
6779 2
6780 2
6781 5
6782 1
6783 3
6784 2
6785 5
6786 4
6787 2
6788 1
6789 3
6790 1
6791 2
6792 0
6793 0
6794 0
6795 0
6796 2
6797 1
6798 1
6799 1
6800 8
6801 4
6802 3
6803 0
6804 4
6805 2
6806 1
6807 0
6808 3
6809 1
6810 0
6811 2
6812 4
6813 1
6814 2
6815 3
6816 1
6817 1
6818 3
6819 0
6820 4
6821 1
6822 3
6823 2
6824 0
6825 0
6826 4
6827 1
6828 3
6829 1
6830 0
6831 2
6832 2
6833 2
6834 2
6835 0
6836 4
6837 2
6838 2
6839 2
6840 1
6841 2
6842 2
6843 2
6844 5
6845 1
6846 2
6847 5
6848 2
6849 0
6850 1
6851 5
6852 0
6853 4
6854 1
6855 1
6856 1
6857 3
6858 2
6859 3
6860 1
6861 2
6862 3
6863 0
6864 1
6865 2
6866 2
6867 2
6868 5
6869 1
6870 2
6871 1
6872 0
6873 1
6874 3
6875 4
6876 1
6877 2
6878 1
6879 3
6880 3
6881 4
6882 2
6883 0
6884 2
6885 1
6886 1
6887 0
6888 3
6889 2
6890 3
6891 2
6892 1
6893 2
6894 5
6895 3
6896 1
6897 1
6898 1
6899 6
6900 1
6901 2
6902 4
6903 3
6904 1
6905 1
6906 1
6907 1
6908 5
6909 0
6910 0
6911 2
6912 2
6913 3
6914 3
6915 1
6916 2
6917 2
6918 1
6919 2
6920 1
6921 1
6922 1
6923 0
6924 2
6925 0
6926 1
6927 2
6928 1
6929 1
6930 3
6931 4
6932 0
6933 1
6934 1
6935 3
6936 1
6937 4
6938 4
6939 1
6940 2
6941 3
6942 1
6943 2
6944 1
6945 2
6946 2
6947 0
6948 0
6949 2
6950 0
6951 3
6952 1
6953 1
6954 2
6955 1
6956 2
6957 2
6958 1
6959 6
6960 0
6961 2
6962 0
6963 2
6964 1
6965 1
6966 0
6967 4
6968 1
6969 0
6970 1
6971 1
6972 4
6973 3
6974 1
6975 4
6976 2
6977 1
6978 4
6979 3
6980 2
6981 1
6982 1
6983 1
6984 3
6985 2
6986 1
6987 4
6988 3
6989 0
6990 3
6991 2
6992 0
6993 2
6994 2
6995 2
6996 0
6997 4
6998 3
6999 1
7000 1
7001 0
7002 3
7003 3
7004 3
7005 3
7006 0
7007 7
7008 4
7009 1
7010 0
7011 2
7012 2
7013 1
7014 0
7015 1
7016 2
7017 5
7018 2
7019 2
7020 5
7021 0
7022 3
7023 8
7024 0
7025 4
7026 1
7027 0
7028 2
7029 2
7030 3
7031 4
7032 2
7033 3
7034 3
7035 0
7036 3
7037 6
7038 2
7039 1
7040 1
7041 0
7042 1
7043 1
7044 2
7045 2
7046 2
7047 0
7048 0
7049 1
7050 0
7051 1
7052 1
7053 2
7054 3
7055 1
7056 2
7057 0
7058 3
7059 6
7060 2
7061 1
7062 2
7063 5
7064 1
7065 1
7066 0
7067 3
7068 4
7069 6
7070 0
7071 2
7072 2
7073 2
7074 4
7075 2
7076 2
7077 4
7078 1
7079 3
7080 7
7081 0
7082 6
7083 4
7084 1
7085 4
7086 2
7087 1
7088 2
7089 2
7090 1
7091 3
7092 0
7093 0
7094 5
7095 0
7096 2
7097 1
7098 2
7099 4
7100 1
7101 1
7102 2
7103 3
7104 3
7105 3
7106 3
7107 2
7108 1
7109 2
7110 2
7111 1
7112 1
7113 1
7114 1
7115 0
7116 2
7117 2
7118 4
7119 2
7120 1
7121 3
7122 4
7123 1
7124 4
7125 2
7126 3
7127 1
7128 1
7129 3
7130 6
7131 3
7132 3
7133 3
7134 0
7135 3
7136 1
7137 0
7138 0
7139 2
7140 3
7141 0
7142 3
7143 1
7144 1
7145 2
7146 2
7147 1
7148 2
7149 1
7150 1
7151 4
7152 3
7153 0
7154 1
7155 2
7156 2
7157 3
7158 2
7159 1
7160 1
7161 1
7162 3
7163 1
7164 5
7165 1
7166 3
7167 2
7168 2
7169 1
7170 2
7171 3
7172 7
7173 2
7174 0
7175 2
7176 1
7177 1
7178 2
7179 1
7180 1
7181 2
7182 2
7183 2
7184 1
7185 3
7186 1
7187 3
7188 2
7189 2
7190 4
7191 1
7192 1
7193 3
7194 2
7195 2
7196 3
7197 2
7198 1
7199 3
7200 3
7201 5
7202 2
7203 1
7204 1
7205 1
7206 1
7207 1
7208 0
7209 1
7210 2
7211 1
7212 1
7213 1
7214 3
7215 0
7216 3
7217 3
7218 1
7219 3
7220 2
7221 1
7222 1
7223 6
7224 2
7225 4
7226 2
7227 3
7228 0
7229 3
7230 5
7231 2
7232 2
7233 2
7234 3
7235 2
7236 5
7237 2
7238 1
7239 1
7240 4
7241 2
7242 2
7243 2
7244 2
7245 2
7246 2
7247 1
7248 1
7249 2
7250 1
7251 0
7252 2
7253 1
7254 1
7255 0
7256 3
7257 4
7258 3
7259 0
7260 3
7261 0
7262 1
7263 0
7264 4
7265 5
7266 4
7267 0
7268 4
7269 1
7270 2
7271 3
7272 0
7273 1
7274 4
7275 1
7276 2
7277 0
7278 3
7279 0
7280 1
7281 1
7282 1
7283 1
7284 2
7285 1
7286 1
7287 1
7288 2
7289 2
7290 1
7291 1
7292 0
7293 2
7294 2
7295 1
7296 2
7297 1
7298 1
7299 3
7300 3
7301 6
7302 3
7303 1
7304 1
7305 1
7306 2
7307 1
7308 2
7309 2
7310 2
7311 2
7312 5
7313 2
7314 2
7315 2
7316 4
7317 3
7318 3
7319 3
7320 2
7321 1
7322 3
7323 1
7324 4
7325 0
7326 3
7327 1
7328 2
7329 3
7330 1
7331 0
7332 3
7333 0
7334 1
7335 2
7336 0
7337 1
7338 2
7339 2
7340 1
7341 0
7342 1
7343 2
7344 1
7345 4
7346 2
7347 3
7348 3
7349 2
7350 2
7351 1
7352 3
7353 4
7354 1
7355 0
7356 2
7357 1
7358 0
7359 2
7360 1
7361 3
7362 2
7363 4
7364 1
7365 3
7366 3
7367 2
7368 1
7369 3
7370 2
7371 1
7372 3
7373 1
7374 3
7375 2
7376 1
7377 3
7378 3
7379 1
7380 1
7381 1
7382 3
7383 0
7384 1
7385 2
7386 0
7387 0
7388 2
7389 5
7390 3
7391 0
7392 5
7393 1
7394 1
7395 1
7396 5
7397 1
7398 4
7399 1
7400 3
7401 0
7402 2
7403 2
7404 4
7405 3
7406 2
7407 0
7408 1
7409 1
7410 3
7411 1
7412 3
7413 1
7414 1
7415 2
7416 2
7417 1
7418 2
7419 1
7420 1
7421 1
7422 3
7423 3
7424 1
7425 1
7426 3
7427 5
7428 1
7429 5
7430 1
7431 0
7432 3
7433 2
7434 1
7435 4
7436 1
7437 6
7438 1
7439 1
7440 0
7441 3
7442 1
7443 2
7444 2
7445 2
7446 5
7447 1
7448 1
7449 0
7450 2
7451 1
7452 1
7453 1
7454 3
7455 3
7456 0
7457 2
7458 1
7459 2
7460 2
7461 1
7462 1
7463 1
7464 2
7465 0
7466 3
7467 4
7468 0
7469 0
7470 5
7471 0
7472 0
7473 2
7474 0
7475 1
7476 2
7477 2
7478 3
7479 2
7480 3
7481 2
7482 2
7483 4
7484 2
7485 4
7486 2
7487 3
7488 2
7489 1
7490 5
7491 2
7492 2
7493 4
7494 1
7495 1
7496 2
7497 2
7498 2
7499 1
7500 3
7501 1
7502 2
7503 1
7504 1
7505 2
7506 2
7507 3
7508 2
7509 0
7510 2
7511 1
7512 2
7513 3
7514 3
7515 3
7516 0
7517 3
7518 0
7519 4
7520 3
7521 1
7522 1
7523 1
7524 3
7525 2
7526 2
7527 2
7528 1
7529 2
7530 1
7531 3
7532 2
7533 2
7534 3
7535 0
7536 0
7537 0
7538 2
7539 1
7540 3
7541 0
7542 2
7543 0
7544 0
7545 5
7546 0
7547 1
7548 2
7549 0
7550 2
7551 5
7552 1
7553 3
7554 1
7555 0
7556 1
7557 1
7558 5
7559 0
7560 2
7561 3
7562 1
7563 3
7564 1
7565 1
7566 3
7567 2
7568 0
7569 2
7570 3
7571 3
7572 3
7573 1
7574 1
7575 2
7576 2
7577 1
7578 2
7579 0
7580 1
7581 3
7582 3
7583 0
7584 2
7585 3
7586 3
7587 6
7588 3
7589 0
7590 4
7591 2
7592 0
7593 2
7594 5
7595 2
7596 1
7597 1
7598 0
7599 2
7600 4
7601 3
7602 3
7603 0
7604 0
7605 2
7606 2
7607 2
7608 3
7609 2
7610 2
7611 1
7612 1
7613 2
7614 5
7615 4
7616 2
7617 2
7618 2
7619 2
7620 1
7621 4
7622 1
7623 5
7624 6
7625 1
7626 1
7627 0
7628 2
7629 0
7630 4
7631 3
7632 1
7633 1
7634 2
7635 1
7636 2
7637 5
7638 4
7639 0
7640 0
7641 5
7642 0
7643 4
7644 1
7645 2
7646 1
7647 3
7648 1
7649 2
7650 4
7651 1
7652 1
7653 3
7654 5
7655 2
7656 3
7657 3
7658 3
7659 3
7660 2
7661 3
7662 2
7663 2
7664 4
7665 2
7666 0
7667 1
7668 2
7669 1
7670 1
7671 1
7672 2
7673 3
7674 1
7675 1
7676 2
7677 1
7678 3
7679 1
7680 1
7681 1
7682 4
7683 1
7684 2
7685 1
7686 4
7687 0
7688 2
7689 1
7690 1
7691 1
7692 2
7693 2
7694 2
7695 2
7696 2
7697 2
7698 1
7699 1
7700 3
7701 3
7702 0
7703 2
7704 0
7705 5
7706 4
7707 0
7708 2
7709 2
7710 3
7711 1
7712 1
7713 1
7714 0
7715 0
7716 5
7717 1
7718 1
7719 5
7720 3
7721 1
7722 1
7723 0
7724 1
7725 1
7726 4
7727 3
7728 0
7729 0
7730 3
7731 0
7732 5
7733 1
7734 0
7735 0
7736 1
7737 4
7738 2
7739 0
7740 0
7741 2
7742 0
7743 4
7744 0
7745 4
7746 5
7747 0
7748 2
7749 1
7750 1
7751 2
7752 0
7753 0
7754 2
7755 1
7756 2
7757 5
7758 1
7759 2
7760 0
7761 1
7762 1
7763 3
7764 2
7765 2
7766 1
7767 3
7768 5
7769 3
7770 2
7771 1
7772 4
7773 1
7774 1
7775 0
7776 2
7777 0
7778 1
7779 4
7780 4
7781 1
7782 3
7783 3
7784 2
7785 1
7786 5
7787 5
7788 2
7789 0
7790 1
7791 1
7792 3
7793 1
7794 5
7795 1
7796 2
7797 1
7798 1
7799 1
7800 0
7801 2
7802 2
7803 2
7804 1
7805 3
7806 2
7807 1
7808 0
7809 1
7810 2
7811 4
7812 4
7813 3
7814 5
7815 0
7816 3
7817 4
7818 3
7819 2
7820 2
7821 3
7822 5
7823 1
7824 3
7825 3
7826 4
7827 1
7828 1
7829 5
7830 1
7831 2
7832 4
7833 6
7834 1
7835 2
7836 0
7837 2
7838 2
7839 1
7840 5
7841 0
7842 5
7843 2
7844 2
7845 1
7846 2
7847 1
7848 3
7849 2
7850 3
7851 2
7852 0
7853 1
7854 2
7855 1
7856 2
7857 0
7858 1
7859 1
7860 1
7861 1
7862 1
7863 2
7864 2
7865 2
7866 1
7867 3
7868 3
7869 3
7870 2
7871 1
7872 1
7873 2
7874 4
7875 6
7876 1
7877 3
7878 1
7879 2
7880 2
7881 2
7882 4
7883 3
7884 1
7885 4
7886 2
7887 2
7888 3
7889 4
7890 3
7891 3
7892 3
7893 1
7894 1
7895 3
7896 2
7897 4
7898 1
7899 1
7900 3
7901 1
7902 1
7903 3
7904 2
7905 2
7906 3
7907 0
7908 1
7909 2
7910 0
7911 2
7912 3
7913 3
7914 2
7915 0
7916 2
7917 4
7918 1
7919 4
7920 0
7921 1
7922 4
7923 0
7924 0
7925 1
7926 4
7927 2
7928 2
7929 2
7930 1
7931 0
7932 3
7933 4
7934 4
7935 3
7936 0
7937 2
7938 1
7939 0
7940 0
7941 1
7942 3
7943 0
7944 1
7945 1
7946 3
7947 1
7948 3
7949 2
7950 2
7951 2
7952 2
7953 4
7954 1
7955 2
7956 1
7957 3
7958 3
7959 2
7960 1
7961 3
7962 2
7963 1
7964 2
7965 0
7966 4
7967 2
7968 2
7969 2
7970 3
7971 1
7972 2
7973 0
7974 2
7975 0
7976 4
7977 1
7978 3
7979 2
7980 3
7981 1
7982 1
7983 3
7984 1
7985 0
7986 5
7987 2
7988 1
7989 0
7990 1
7991 0
7992 0
7993 1
7994 4
7995 4
7996 0
7997 3
7998 4
7999 3
8000 0
8001 3
8002 0
8003 4
8004 3
8005 2
8006 6
8007 1
8008 2
8009 2
8010 2
8011 0
8012 4
8013 3
8014 0
8015 2
8016 2
8017 0
8018 3
8019 2
8020 2
8021 1
8022 4
8023 2
8024 3
8025 3
8026 1
8027 2
8028 5
8029 2
8030 0
8031 0
8032 1
8033 2
8034 2
8035 2
8036 1
8037 0
8038 3
8039 1
8040 1
8041 2
8042 2
8043 0
8044 0
8045 0
8046 1
8047 3
8048 3
8049 4
8050 1
8051 1
8052 3
8053 3
8054 0
8055 4
8056 2
8057 4
8058 1
8059 4
8060 2
8061 2
8062 1
8063 1
8064 5
8065 0
8066 3
8067 1
8068 1
8069 2
8070 0
8071 6
8072 1
8073 3
8074 3
8075 2
8076 3
8077 2
8078 2
8079 1
8080 4
8081 2
8082 0
8083 4
8084 1
8085 1
8086 2
8087 3
8088 2
8089 2
8090 1
8091 2
8092 0
8093 3
8094 1
8095 2
8096 0
8097 0
8098 0
8099 1
8100 2
8101 1
8102 0
8103 2
8104 3
8105 3
8106 1
8107 5
8108 0
8109 1
8110 4
8111 3
8112 5
8113 3
8114 0
8115 2
8116 0
8117 0
8118 3
8119 1
8120 1
8121 2
8122 2
8123 3
8124 1
8125 5
8126 2
8127 5
8128 0
8129 2
8130 2
8131 2
8132 1
8133 2
8134 1
8135 4
8136 6
8137 0
8138 0
8139 4
8140 2
8141 4
8142 1
8143 0
8144 8
8145 4
8146 1
8147 2
8148 2
8149 2
8150 4
8151 1
8152 0
8153 5
8154 2
8155 1
8156 1
8157 2
8158 4
8159 4
8160 4
8161 2
8162 4
8163 1
8164 0
8165 2
8166 1
8167 1
8168 0
8169 4
8170 4
8171 3
8172 3
8173 0
8174 2
8175 0
8176 2
8177 1
8178 0
8179 4
8180 7
8181 2
8182 1
8183 2
8184 1
8185 2
8186 2
8187 1
8188 3
8189 2
8190 3
8191 3
8192 2
8193 2
8194 3
8195 2
8196 0
8197 3
8198 4
8199 1
8200 1
8201 0
8202 2
8203 3
8204 1
8205 4
8206 4
8207 2
8208 2
8209 3
8210 1
8211 1
8212 2
8213 4
8214 1
8215 2
8216 1
8217 1
8218 2
8219 1
8220 1
8221 2
8222 1
8223 2
8224 1
8225 1
8226 2
8227 3
8228 1
8229 0
8230 0
8231 5
8232 0
8233 1
8234 2
8235 3
8236 2
8237 3
8238 4
8239 1
8240 3
8241 1
8242 1
8243 0
8244 2
8245 1
8246 2
8247 3
8248 5
8249 1
8250 0
8251 1
8252 2
8253 1
8254 3
8255 5
8256 2
8257 1
8258 1
8259 3
8260 5
8261 2
8262 1
8263 3
8264 1
8265 1
8266 3
8267 1
8268 3
8269 2
8270 1
8271 4
8272 0
8273 3
8274 0
8275 2
8276 2
8277 2
8278 2
8279 4
8280 3
8281 1
8282 2
8283 1
8284 3
8285 0
8286 2
8287 3
8288 3
8289 3
8290 3
8291 3
8292 2
8293 4
8294 1
8295 1
8296 1
8297 1
8298 2
8299 2
8300 2
8301 2
8302 4
8303 0
8304 1
8305 1
8306 4
8307 2
8308 0
8309 0
8310 1
8311 5
8312 2
8313 3
8314 6
8315 3
8316 2
8317 0
8318 1
8319 4
8320 2
8321 3
8322 1
8323 3
8324 0
8325 1
8326 3
8327 2
8328 1
8329 3
8330 4
8331 0
8332 1
8333 2
8334 5
8335 0
8336 3
8337 1
8338 4
8339 6
8340 0
8341 0
8342 0
8343 1
8344 1
8345 7
8346 2
8347 3
8348 3
8349 0
8350 3
8351 1
8352 3
8353 3
8354 0
8355 3
8356 2
8357 1
8358 0
8359 2
8360 0
8361 3
8362 5
8363 4
8364 2
8365 5
8366 1
8367 5
8368 1
8369 1
8370 6
8371 0
8372 1
8373 2
8374 3
8375 0
8376 1
8377 2
8378 2
8379 3
8380 6
8381 3
8382 1
8383 1
8384 2
8385 2
8386 3
8387 3
8388 3
8389 2
8390 1
8391 2
8392 1
8393 1
8394 8
8395 0
8396 1
8397 1
8398 0
8399 4
8400 1
8401 0
8402 4
8403 1
8404 2
8405 2
8406 3
8407 0
8408 1
8409 1
8410 3
8411 0
8412 2
8413 3
8414 0
8415 3
8416 3
8417 1
8418 1
8419 3
8420 6
8421 2
8422 1
8423 4
8424 1
8425 4
8426 3
8427 3
8428 2
8429 3
8430 4
8431 2
8432 3
8433 2
8434 0
8435 2
8436 3
8437 1
8438 5
8439 1
8440 2
8441 2
8442 0
8443 5
8444 3
8445 0
8446 1
8447 0
8448 0
8449 4
8450 1
8451 3
8452 5
8453 1
8454 4
8455 0
8456 0
8457 1
8458 0
8459 2
8460 4
8461 3
8462 2
8463 2
8464 1
8465 3
8466 2
8467 4
8468 3
8469 1
8470 0
8471 1
8472 2
8473 1
8474 3
8475 2
8476 5
8477 2
8478 1
8479 5
8480 0
8481 1
8482 0
8483 2
8484 3
8485 3
8486 4
8487 0
8488 3
8489 3
8490 1
8491 0
8492 1
8493 5
8494 3
8495 3
8496 1
8497 1
8498 0
8499 2
8500 0
8501 0
8502 1
8503 5
8504 1
8505 1
8506 0
8507 2
8508 1
8509 1
8510 3
8511 1
8512 1
8513 1
8514 1
8515 4
8516 4
8517 4
8518 4
8519 4
8520 4
8521 3
8522 1
8523 3
8524 0
8525 3
8526 1
8527 1
8528 3
8529 0
8530 2
8531 2
8532 5
8533 3
8534 1
8535 4
8536 3
8537 2
8538 1
8539 3
8540 1
8541 0
8542 0
8543 2
8544 0
8545 0
8546 5
8547 2
8548 3
8549 0
8550 1
8551 1
8552 3
8553 2
8554 3
8555 4
8556 0
8557 5
8558 2
8559 0
8560 1
8561 3
8562 4
8563 3
8564 3
8565 2
8566 1
8567 2
8568 2
8569 5
8570 1
8571 2
8572 3
8573 3
8574 1
8575 0
8576 2
8577 3
8578 2
8579 1
8580 0
8581 1
8582 1
8583 5
8584 1
8585 2
8586 2
8587 2
8588 2
8589 3
8590 1
8591 1
8592 0
8593 2
8594 0
8595 0
8596 2
8597 2
8598 1
8599 2
8600 5
8601 1
8602 4
8603 0
8604 3
8605 1
8606 3
8607 3
8608 1
8609 4
8610 3
8611 2
8612 4
8613 1
8614 2
8615 4
8616 3
8617 1
8618 1
8619 2
8620 3
8621 2
8622 0
8623 0
8624 4
8625 0
8626 0
8627 2
8628 3
8629 0
8630 3
8631 2
8632 3
8633 3
8634 4
8635 3
8636 2
8637 3
8638 0
8639 6
8640 6
8641 1
8642 2
8643 2
8644 2
8645 0
8646 0
8647 2
8648 2
8649 4
8650 1
8651 1
8652 2
8653 2
8654 4
8655 3
8656 3
8657 3
8658 0
8659 0
8660 3
8661 2
8662 4
8663 0
8664 2
8665 4
8666 3
8667 3
8668 1
8669 4
8670 3
8671 1
8672 1
8673 1
8674 2
8675 1
8676 0
8677 3
8678 0
8679 3
8680 4
8681 0
8682 2
8683 1
8684 1
8685 2
8686 2
8687 3
8688 2
8689 3
8690 4
8691 3
8692 4
8693 2
8694 2
8695 1
8696 0
8697 3
8698 3
8699 1
8700 2
8701 4
8702 1
8703 3
8704 3
8705 2
8706 4
8707 4
8708 1
8709 1
8710 2
8711 2
8712 0
8713 2
8714 2
8715 0
8716 4
8717 1
8718 4
8719 0
8720 0
8721 0
8722 0
8723 2
8724 1
8725 1
8726 3
8727 2
8728 6
8729 3
8730 3
8731 0
8732 1
8733 1
8734 1
8735 4
8736 2
8737 0
8738 3
8739 3
8740 0
8741 1
8742 2
8743 2
8744 1
8745 3
8746 5
8747 2
8748 1
8749 1
8750 3
8751 1
8752 1
8753 1
8754 0
8755 1
8756 0
8757 2
8758 6
8759 4
8760 1
8761 1
8762 5
8763 1
8764 2
8765 1
8766 3
8767 3
8768 1
8769 2
8770 2
8771 1
8772 3
8773 4
8774 3
8775 2
8776 1
8777 1
8778 1
8779 3
8780 2
8781 2
8782 3
8783 1
8784 1
8785 3
8786 2
8787 2
8788 1
8789 1
8790 0
8791 3
8792 1
8793 3
8794 2
8795 0
8796 2
8797 4
8798 1
8799 4
8800 2
8801 0
8802 1
8803 2
8804 5
8805 2
8806 3
8807 1
8808 2
8809 1
8810 4
8811 3
8812 3
8813 3
8814 1
8815 2
8816 1
8817 1
8818 1
8819 1
8820 2
8821 0
8822 1
8823 0
8824 2
8825 4
8826 2
8827 0
8828 1
8829 3
8830 3
8831 0
8832 1
8833 3
8834 4
8835 2
8836 3
8837 3
8838 2
8839 2
8840 1
8841 3
8842 2
8843 0
8844 1
8845 3
8846 1
8847 2
8848 1
8849 2
8850 1
8851 1
8852 0
8853 2
8854 2
8855 3
8856 0
8857 1
8858 0
8859 2
8860 3
8861 3
8862 2
8863 1
8864 2
8865 0
8866 3
8867 2
8868 2
8869 4
8870 1
8871 1
8872 1
8873 1
8874 2
8875 4
8876 1
8877 2
8878 0
8879 3
8880 1
8881 1
8882 1
8883 2
8884 7
8885 2
8886 5
8887 5
8888 1
8889 2
8890 3
8891 1
8892 3
8893 1
8894 2
8895 1
8896 4
8897 3
8898 2
8899 2
8900 2
8901 5
8902 2
8903 2
8904 0
8905 0
8906 1
8907 0
8908 2
8909 1
8910 3
8911 1
8912 3
8913 0
8914 5
8915 1
8916 1
8917 1
8918 1
8919 3
8920 2
8921 0
8922 5
8923 1
8924 0
8925 1
8926 1
8927 2
8928 2
8929 3
8930 2
8931 0
8932 4
8933 2
8934 2
8935 3
8936 4
8937 1
8938 4
8939 3
8940 2
8941 3
8942 4
8943 2
8944 2
8945 1
8946 3
8947 4
8948 1
8949 3
8950 3
8951 2
8952 2
8953 2
8954 0
8955 1
8956 1
8957 2
8958 1
8959 1
8960 1
8961 3
8962 2
8963 4
8964 3
8965 0
8966 1
8967 1
8968 5
8969 2
8970 4
8971 0
8972 3
8973 0
8974 3
8975 4
8976 3
8977 2
8978 3
8979 3
8980 0
8981 0
8982 1
8983 1
8984 3
8985 1
8986 0
8987 1
8988 0
8989 2
8990 1
8991 2
8992 1
8993 2
8994 0
8995 5
8996 5
8997 3
8998 2
8999 3
9000 3
9001 1
9002 4
9003 2
9004 0
9005 1
9006 1
9007 1
9008 2
9009 1
9010 1
9011 4
9012 0
9013 0
9014 1
9015 2
9016 2
9017 3
9018 1
9019 0
9020 2
9021 5
9022 1
9023 3
9024 0
9025 5
9026 4
9027 1
9028 3
9029 1
9030 3
9031 2
9032 2
9033 1
9034 1
9035 2
9036 3
9037 4
9038 3
9039 2
9040 3
9041 2
9042 2
9043 1
9044 4
9045 4
9046 2
9047 2
9048 3
9049 5
9050 3
9051 1
9052 3
9053 1
9054 3
9055 3
9056 3
9057 2
9058 1
9059 0
9060 0
9061 3
9062 1
9063 1
9064 2
9065 1
9066 1
9067 1
9068 1
9069 2
9070 1
9071 3
9072 3
9073 4
9074 4
9075 4
9076 4
9077 2
9078 2
9079 1
9080 5
9081 3
9082 5
9083 5
9084 1
9085 4
9086 2
9087 1
9088 2
9089 3
9090 1
9091 0
9092 0
9093 1
9094 1
9095 3
9096 3
9097 3
9098 1
9099 3
9100 3
9101 2
9102 1
9103 1
9104 0
9105 1
9106 2
9107 3
9108 2
9109 0
9110 1
9111 6
9112 1
9113 4
9114 2
9115 1
9116 1
9117 3
9118 2
9119 1
9120 4
9121 1
9122 4
9123 1
9124 2
9125 2
9126 2
9127 0
9128 3
9129 0
9130 2
9131 0
9132 3
9133 3
9134 2
9135 1
9136 1
9137 2
9138 1
9139 3
9140 0
9141 8
9142 1
9143 2
9144 4
9145 3
9146 2
9147 1
9148 0
9149 3
9150 0
9151 3
9152 0
9153 4
9154 0
9155 3
9156 2
9157 0
9158 4
9159 2
9160 4
9161 1
9162 1
9163 0
9164 1
9165 0
9166 3
9167 1
9168 1
9169 2
9170 5
9171 3
9172 1
9173 1
9174 1
9175 3
9176 2
9177 1
9178 4
9179 2
9180 3
9181 0
9182 3
9183 3
9184 2
9185 0
9186 4
9187 0
9188 2
9189 3
9190 2
9191 2
9192 1
9193 2
9194 0
9195 4
9196 5
9197 2
9198 5
9199 1
9200 4
9201 2
9202 0
9203 4
9204 2
9205 2
9206 2
9207 0
9208 2
9209 3
9210 3
9211 5
9212 1
9213 2
9214 1
9215 1
9216 3
9217 2
9218 1
9219 0
9220 2
9221 2
9222 3
9223 1
9224 3
9225 1
9226 1
9227 3
9228 3
9229 8
9230 0
9231 2
9232 3
9233 0
9234 4
9235 2
9236 1
9237 0
9238 1
9239 4
9240 2
9241 3
9242 3
9243 1
9244 1
9245 3
9246 1
9247 4
9248 2
9249 1
9250 3
9251 6
9252 0
9253 2
9254 2
9255 2
9256 3
9257 2
9258 3
9259 3
9260 2
9261 2
9262 1
9263 0
9264 4
9265 1
9266 1
9267 1
9268 4
9269 1
9270 0
9271 2
9272 3
9273 3
9274 1
9275 1
9276 2
9277 0
9278 2
9279 2
9280 3
9281 3
9282 2
9283 2
9284 3
9285 2
9286 4
9287 1
9288 4
9289 2
9290 5
9291 4
9292 1
9293 2
9294 0
9295 2
9296 2
9297 4
9298 4
9299 0
9300 2
9301 1
9302 1
9303 1
9304 1
9305 2
9306 3
9307 2
9308 4
9309 3
9310 1
9311 2
9312 1
9313 4
9314 4
9315 3
9316 1
9317 2
9318 5
9319 6
9320 2
9321 2
9322 1
9323 1
9324 3
9325 1
9326 3
9327 1
9328 1
9329 5
9330 1
9331 1
9332 3
9333 0
9334 1
9335 1
9336 1
9337 3
9338 2
9339 0
9340 2
9341 3
9342 4
9343 3
9344 3
9345 4
9346 2
9347 1
9348 1
9349 2
9350 4
9351 2
9352 1
9353 1
9354 1
9355 1
9356 3
9357 1
9358 2
9359 3
9360 4
9361 0
9362 3
9363 7
9364 1
9365 3
9366 4
9367 1
9368 3
9369 4
9370 2
9371 6
9372 6
9373 0
9374 3
9375 3
9376 3
9377 7
9378 1
9379 2
9380 5
9381 1
9382 2
9383 1
9384 1
9385 4
9386 1
9387 3
9388 1
9389 2
9390 3
9391 0
9392 3
9393 1
9394 3
9395 4
9396 1
9397 0
9398 0
9399 4
9400 1
9401 1
9402 3
9403 0
9404 1
9405 0
9406 3
9407 3
9408 2
9409 0
9410 1
9411 3
9412 4
9413 2
9414 1
9415 1
9416 2
9417 2
9418 2
9419 2
9420 3
9421 1
9422 1
9423 4
9424 1
9425 0
9426 1
9427 2
9428 0
9429 1
9430 2
9431 1
9432 1
9433 1
9434 3
9435 2
9436 2
9437 2
9438 0
9439 3
9440 3
9441 1
9442 2
9443 1
9444 3
9445 4
9446 4
9447 3
9448 4
9449 1
9450 2
9451 1
9452 1
9453 0
9454 2
9455 4
9456 1
9457 6
9458 3
9459 2
9460 0
9461 4
9462 3
9463 2
9464 2
9465 3
9466 2
9467 1
9468 2
9469 3
9470 1
9471 1
9472 0
9473 0
9474 1
9475 2
9476 3
9477 2
9478 5
9479 0
9480 4
9481 2
9482 2
9483 4
9484 2
9485 3
9486 1
9487 1
9488 4
9489 2
9490 1
9491 1
9492 5
9493 4
9494 2
9495 3
9496 2
9497 1
9498 1
9499 4
9500 2
9501 3
9502 3
9503 3
9504 1
9505 3
9506 6
9507 2
9508 0
9509 0
9510 2
9511 0
9512 4
9513 3
9514 1
9515 3
9516 1
9517 2
9518 1
9519 2
9520 2
9521 6
9522 2
9523 0
9524 1
9525 0
9526 3
9527 5
9528 0
9529 5
9530 1
9531 2
9532 2
9533 1
9534 0
9535 2
9536 3
9537 2
9538 1
9539 0
9540 1
9541 3
9542 5
9543 2
9544 1
9545 5
9546 4
9547 2
9548 3
9549 2
9550 0
9551 1
9552 2
9553 1
9554 2
9555 3
9556 0
9557 3
9558 0
9559 4
9560 1
9561 1
9562 5
9563 4
9564 2
9565 1
9566 4
9567 5
9568 0
9569 0
9570 0
9571 2
9572 2
9573 3
9574 1
9575 0
9576 3
9577 4
9578 2
9579 3
9580 3
9581 2
9582 0
9583 3
9584 5
9585 3
9586 4
9587 4
9588 3
9589 3
9590 2
9591 2
9592 3
9593 1
9594 3
9595 3
9596 2
9597 3
9598 4
9599 2
9600 3
9601 2
9602 5
9603 2
9604 2
9605 1
9606 5
9607 0
9608 3
9609 0
9610 0
9611 2
9612 0
9613 0
9614 5
9615 2
9616 0
9617 2
9618 2
9619 2
9620 3
9621 3
9622 2
9623 3
9624 3
9625 2
9626 1
9627 2
9628 0
9629 1
9630 1
9631 0
9632 1
9633 1
9634 0
9635 5
9636 3
9637 2
9638 1
9639 3
9640 0
9641 1
9642 1
9643 2
9644 1
9645 1
9646 2
9647 4
9648 1
9649 0
9650 4
9651 1
9652 3
9653 0
9654 1
9655 6
9656 2
9657 1
9658 4
9659 2
9660 3
9661 4
9662 0
9663 2
9664 2
9665 2
9666 1
9667 4
9668 7
9669 3
9670 0
9671 1
9672 2
9673 3
9674 2
9675 1
9676 2
9677 0
9678 1
9679 3
9680 0
9681 2
9682 2
9683 2
9684 3
9685 2
9686 3
9687 3
9688 1
9689 3
9690 4
9691 1
9692 2
9693 3
9694 5
9695 2
9696 1
9697 1
9698 1
9699 4
9700 0
9701 0
9702 6
9703 0
9704 1
9705 3
9706 2
9707 2
9708 0
9709 1
9710 1
9711 2
9712 3
9713 2
9714 3
9715 0
9716 2
9717 4
9718 4
9719 2
9720 4
9721 1
9722 0
9723 3
9724 0
9725 1
9726 4
9727 3
9728 2
9729 2
9730 1
9731 3
9732 3
9733 5
9734 3
9735 1
9736 0
9737 3
9738 2
9739 3
9740 1
9741 1
9742 3
9743 3
9744 2
9745 1
9746 2
9747 2
9748 3
9749 0
9750 0
9751 2
9752 2
9753 2
9754 0
9755 1
9756 2
9757 4
9758 2
9759 1
9760 3
9761 3
9762 0
9763 5
9764 3
9765 1
9766 3
9767 0
9768 1
9769 2
9770 0
9771 0
9772 1
9773 1
9774 6
9775 1
9776 3
9777 0
9778 1
9779 0
9780 3
9781 2
9782 3
9783 4
9784 2
9785 4
9786 1
9787 3
9788 0
9789 2
9790 4
9791 1
9792 3
9793 1
9794 4
9795 5
9796 1
9797 1
9798 1
9799 5
9800 5
9801 5
9802 2
9803 1
9804 3
9805 3
9806 3
9807 0
9808 0
9809 3
9810 1
9811 1
9812 3
9813 4
9814 1
9815 3
9816 3
9817 2
9818 4
9819 5
9820 2
9821 1
9822 2
9823 1
9824 0
9825 1
9826 2
9827 3
9828 3
9829 2
9830 1
9831 2
9832 3
9833 2
9834 2
9835 1
9836 2
9837 1
9838 3
9839 1
9840 1
9841 2
9842 0
9843 2
9844 4
9845 3
9846 1
9847 2
9848 2
9849 1
9850 5
9851 1
9852 3
9853 2
9854 1
9855 2
9856 2
9857 2
9858 3
9859 1
9860 0
9861 1
9862 4
9863 3
9864 1
9865 3
9866 0
9867 1
9868 3
9869 4
9870 2
9871 5
9872 1
9873 1
9874 3
9875 2
9876 2
9877 2
9878 4
9879 2
9880 6
9881 6
9882 2
9883 1
9884 0
9885 1
9886 2
9887 2
9888 1
9889 4
9890 2
9891 2
9892 3
9893 6
9894 5
9895 3
9896 0
9897 2
9898 1
9899 3
9900 1
9901 1
9902 5
9903 1
9904 2
9905 1
9906 4
9907 3
9908 2
9909 2
9910 1
9911 0
9912 6
9913 0
9914 0
9915 0
9916 4
9917 2
9918 1
9919 3
9920 3
9921 1
9922 4
9923 1
9924 4
9925 2
9926 3
9927 2
9928 1
9929 2
9930 1
9931 1
9932 1
9933 1
9934 1
9935 2
9936 4
9937 1
9938 2
9939 1
9940 2
9941 4
9942 4
9943 1
9944 4
9945 1
9946 0
9947 2
9948 0
9949 2
9950 1
9951 3
9952 2
9953 3
9954 1
9955 0
9956 1
9957 1
9958 3
9959 2
9960 3
9961 2
9962 0
9963 2
9964 3
9965 0
9966 4
9967 1
9968 0
9969 3
9970 3
9971 1
9972 1
9973 3
9974 2
9975 0
9976 1
9977 0
9978 2
9979 2
9980 1
9981 4
9982 2
9983 0
9984 1
9985 1
9986 1
9987 0
9988 2
9989 1
9990 3
9991 0
9992 1
9993 4
9994 4
9995 3
9996 2
9997 4
9998 0
9999 4
