0 1
1 0
2 2
3 4
4 1
5 0
6 3
7 1
8 1
9 0
10 5
11 2
12 1
13 1
14 0
15 1
16 1
17 1
18 3
19 2
20 2
21 1
22 2
23 1
24 2
25 4
26 4
27 0
28 3
29 3
30 0
31 2
32 4
33 2
34 2
35 2
36 1
37 2
38 6
39 1
40 3
41 1
42 3
43 2
44 1
45 3
46 1
47 4
48 0
49 1
50 0
51 2
52 2
53 0
54 2
55 1
56 2
57 5
58 2
59 4
60 3
61 0
62 1
63 2
64 2
65 0
66 2
67 0
68 1
69 2
70 1
71 1
72 2
73 5
74 3
75 0
76 2
77 2
78 2
79 1
80 0
81 5
82 2
83 1
84 2
85 3
86 3
87 2
88 4
89 1
90 5
91 3
92 1
93 3
94 0
95 1
96 1
97 4
98 2
99 0
100 2
101 2
102 2
103 0
104 3
105 3
106 3
107 2
108 0
109 2
110 4
111 4
112 1
113 3
114 2
115 4
116 0
117 3
118 2
119 1
120 0
121 2
122 2
123 2
124 4
125 1
126 1
127 4
128 4
129 1
130 2
131 1
132 1
133 2
134 2
135 2
136 3
137 3
138 3
139 2
140 3
141 3
142 2
143 0
144 3
145 0
146 1
147 2
148 1
149 4
150 1
151 1
152 1
153 3
154 0
155 1
156 0
157 1
158 1
159 1
160 2
161 4
162 4
163 5
164 3
165 2
166 4
167 1
168 3
169 0
170 0
171 4
172 2
173 5
174 3
175 2
176 1
177 2
178 1
179 1
180 4
181 2
182 2
183 3
184 1
185 0
186 1
187 2
188 5
189 3
190 0
191 2
192 4
193 1
194 1
195 4
196 1
197 0
198 3
199 1
200 1
201 1
202 2
203 4
204 1
205 1
206 5
207 0
208 2
209 3
210 1
211 4
212 1
213 2
214 1
215 0
216 1
217 1
218 0
219 1
220 4
221 2
222 2
223 3
224 1
225 5
226 1
227 3
228 3
229 1
230 0
231 1
232 1
233 1
234 2
235 1
236 1
237 4
238 2
239 3
240 1
241 2
242 1
243 1
244 2
245 4
246 2
247 2
248 4
249 4
250 5
251 5
252 2
253 0
254 3
255 2
256 1
257 2
258 1
259 1
260 1
261 4
262 3
263 1
264 0
265 1
266 2
267 1
268 3
269 3
270 4
271 0
272 2
273 1
274 2
275 1
276 4
277 1
278 2
279 4
280 1
281 1
282 3
283 2
284 0
285 2
286 0
287 0
288 1
289 1
290 1
291 1
292 0
293 3
294 1
295 2
296 1
297 1
298 1
299 2
300 2
301 0
302 3
303 5
304 4
305 1
306 1
307 3
308 1
309 4
310 4
311 3
312 1
313 1
314 2
315 1
316 3
317 3
318 2
319 1
320 1
321 1
322 4
323 4
324 2
325 3
326 1
327 3
328 4
329 2
330 4
331 3
332 1
333 5
334 0
335 3
336 0
337 1
338 0
339 0
340 2
341 1
342 2
343 5
344 3
345 0
346 3
347 2
348 2
349 4
350 2
351 1
352 0
353 3
354 6
355 3
356 1
357 1
358 2
359 3
360 0
361 2
362 2
363 2
364 2
365 1
366 2
367 1
368 1
369 2
370 0
371 0
372 1
373 4
374 1
375 2
376 1
377 1
378 1
379 6
380 4
381 1
382 1
383 2
384 1
385 1
386 2
387 0
388 1
389 3
390 3
391 1
392 2
393 2
394 1
395 5
396 1
397 4
398 4
399 1
400 3
401 3
402 0
403 4
404 0
405 4
406 1
407 3
408 1
409 0
410 1
411 2
412 2
413 4
414 3
415 2
416 3
417 1
418 3
419 2
420 5
421 3
422 2
423 1
424 2
425 3
426 0
427 2
428 2
429 2
430 0
431 1
432 0
433 3
434 2
435 3
436 2
437 4
438 3
439 2
440 5
441 5
442 5
443 1
444 1
445 2
446 3
447 2
448 2
449 3
450 3
451 3
452 1
453 0
454 2
455 3
456 4
457 4
458 1
459 2
460 5
461 1
462 1
463 2
464 1
465 3
466 2
467 1
468 1
469 3
470 5
471 1
472 3
473 2
474 1
475 6
476 3
477 0
478 3
479 2
480 0
481 2
482 5
483 1
484 0
485 3
486 2
487 1
488 2
489 3
490 1
491 1
492 0
493 3
494 0
495 0
496 1
497 3
498 1
499 5
500 1
501 0
502 0
503 1
504 5
505 3
506 4
507 1
508 2
509 1
510 5
511 0
512 2
513 1
514 3
515 1
516 2
517 0
518 2
519 2
520 2
521 3
522 1
523 3
524 1
525 3
526 2
527 2
528 2
529 1
530 0
531 1
532 2
533 2
534 5
535 1
536 1
537 3
538 3
539 0
540 3
541 1
542 1
543 2
544 2
545 3
546 3
547 0
548 3
549 3
550 5
551 0
552 2
553 2
554 0
555 4
556 1
557 2
558 3
559 4
560 1
561 3
562 1
563 2
564 2
565 2
566 1
567 0
568 3
569 2
570 2
571 2
572 2
573 0
574 2
575 2
576 0
577 3
578 2
579 1
580 1
581 2
582 3
583 0
584 1
585 0
586 2
587 0
588 1
589 4
590 2
591 3
592 4
593 2
594 4
595 0
596 3
597 5
598 1
599 2
600 1
601 4
602 0
603 2
604 1
605 0
606 2
607 3
608 3
609 4
610 1
611 0
612 3
613 0
614 2
615 2
616 3
617 2
618 0
619 4
620 3
621 0
622 2
623 1
624 2
625 3
626 2
627 1
628 2
629 1
630 2
631 1
632 1
633 0
634 3
635 1
636 1
637 0
638 2
639 2
640 3
641 0
642 0
643 1
644 1
645 1
646 3
647 0
648 2
649 4
650 1
651 1
652 3
653 1
654 4
655 5
656 1
657 1
658 0
659 2
660 0
661 3
662 1
663 1
664 1
665 0
666 1
667 0
668 0
669 1
670 1
671 0
672 1
673 3
674 0
675 1
676 3
677 3
678 4
679 1
680 2
681 3
682 1
683 4
684 2
685 0
686 1
687 3
688 4
689 1
690 2
691 5
692 1
693 0
694 3
695 2
696 2
697 2
698 1
699 6
700 1
701 1
702 1
703 2
704 1
705 3
706 1
707 4
708 3
709 1
710 2
711 1
712 5
713 0
714 4
715 5
716 1
717 0
718 1
719 3
720 1
721 2
722 3
723 2
724 0
725 3
726 3
727 4
728 4
729 2
730 2
731 2
732 1
733 1
734 2
735 2
736 5
737 1
738 0
739 1
740 2
741 0
742 3
743 2
744 3
745 2
746 1
747 3
748 1
749 0
750 0
751 2
752 1
753 1
754 0
755 0
756 0
757 1
758 3
759 0
760 2
761 2
762 5
763 1
764 5
765 3
766 2
767 1
768 4
769 3
770 1
771 1
772 1
773 2
774 2
775 2
776 0
777 3
778 3
779 0
780 2
781 1
782 4
783 2
784 1
785 1
786 4
787 1
788 4
789 2
790 0
791 1
792 1
793 2
794 2
795 3
796 2
797 2
798 4
799 2
800 0
801 2
802 2
803 1
804 3
805 1
806 2
807 0
808 3
809 1
810 3
811 3
812 3
813 2
814 3
815 3
816 3
817 1
818 3
819 3
820 0
821 2
822 6
823 3
824 1
825 1
826 2
827 0
828 0
829 1
830 3
831 2
832 0
833 2
834 3
835 0
836 3
837 1
838 0
839 1
840 3
841 2
842 1
843 3
844 1
845 1
846 1
847 5
848 0
849 4
850 0
851 1
852 6
853 1
854 5
855 0
856 2
857 1
858 2
859 0
860 1
861 5
862 2
863 1
864 2
865 1
866 0
867 1
868 2
869 0
870 2
871 2
872 0
873 3
874 0
875 1
876 1
877 1
878 1
879 2
880 0
881 2
882 3
883 2
884 0
885 2
886 2
887 3
888 1
889 1
890 2
891 1
892 0
893 2
894 3
895 2
896 2
897 0
898 2
899 2
900 2
901 5
902 1
903 4
904 5
905 2
906 0
907 3
908 4
909 0
910 0
911 4
912 0
913 1
914 1
915 0
916 3
917 5
918 2
919 1
920 2
921 1
922 1
923 1
924 2
925 2
926 2
927 0
928 1
929 1
930 2
931 3
932 2
933 0
934 3
935 1
936 0
937 1
938 2
939 3
940 1
941 5
942 1
943 6
944 0
945 2
946 3
947 2
948 2
949 3
950 5
951 0
952 2
953 2
954 1
955 2
956 3
957 4
958 1
959 2
960 4
961 0
962 3
963 1
964 4
965 2
966 3
967 0
968 2
969 2
970 1
971 0
972 3
973 3
974 4
975 5
976 3
977 1
978 5
979 4
980 2
981 2
982 2
983 2
984 3
985 2
986 10
987 2
988 2
989 2
990 2
991 0
992 1
993 2
994 6
995 0
996 6
997 2
998 0
999 3
1000 4
1001 0
1002 4
1003 3
1004 3
1005 5
1006 4
1007 1
1008 0
1009 4
1010 3
1011 2
1012 1
1013 1
1014 0
1015 1
1016 2
1017 1
1018 4
1019 4
1020 0
1021 4
1022 3
1023 2
1024 2
1025 1
1026 2
1027 1
1028 1
1029 2
1030 2
1031 2
1032 5
1033 4
1034 1
1035 1
1036 2
1037 2
1038 0
1039 4
1040 1
1041 1
1042 2
1043 1
1044 5
1045 4
1046 1
1047 2
1048 3
1049 3
1050 1
1051 5
1052 3
1053 0
1054 3
1055 0
1056 1
1057 1
1058 2
1059 1
1060 3
1061 1
1062 1
1063 2
1064 5
1065 3
1066 3
1067 0
1068 3
1069 2
1070 3
1071 2
1072 2
1073 2
1074 2
1075 1
1076 0
1077 3
1078 2
1079 1
1080 2
1081 1
1082 1
1083 1
1084 4
1085 2
1086 2
1087 1
1088 1
1089 1
1090 2
1091 0
1092 3
1093 3
1094 2
1095 5
1096 2
1097 3
1098 3
1099 0
1100 1
1101 5
1102 3
1103 3
1104 2
1105 1
1106 4
1107 3
1108 3
1109 2
1110 1
1111 1
1112 2
1113 0
1114 2
1115 1
1116 2
1117 2
1118 1
1119 1
1120 4
1121 1
1122 1
1123 4
1124 2
1125 2
1126 2
1127 4
1128 1
1129 3
1130 0
1131 5
1132 2
1133 1
1134 1
1135 2
1136 4
1137 2
1138 0
1139 3
1140 2
1141 0
1142 4
1143 2
1144 1
1145 1
1146 3
1147 1
1148 1
1149 3
1150 0
1151 1
1152 2
1153 2
1154 1
1155 2
1156 4
1157 0
1158 2
1159 1
1160 3
1161 3
1162 3
1163 0
1164 1
1165 4
1166 3
1167 4
1168 4
1169 2
1170 1
1171 2
1172 2
1173 2
1174 0
1175 2
1176 0
1177 1
1178 2
1179 1
1180 3
1181 2
1182 1
1183 2
1184 3
1185 5
1186 2
1187 0
1188 1
1189 1
1190 1
1191 2
1192 2
1193 2
1194 1
1195 4
1196 1
1197 2
1198 2
1199 6
1200 3
1201 2
1202 1
1203 1
1204 0
1205 3
1206 0
1207 3
1208 6
1209 1
1210 4
1211 2
1212 3
1213 2
1214 2
1215 2
1216 5
1217 3
1218 1
1219 2
1220 2
1221 0
1222 2
1223 3
1224 1
1225 4
1226 1
1227 3
1228 1
1229 2
1230 4
1231 5
1232 0
1233 3
1234 2
1235 1
1236 3
1237 1
1238 2
1239 2
1240 2
1241 2
1242 3
1243 4
1244 0
1245 4
1246 0
1247 3
1248 2
1249 2
1250 2
1251 1
1252 2
1253 2
1254 2
1255 3
1256 1
1257 2
1258 0
1259 2
1260 1
1261 1
1262 4
1263 4
1264 1
1265 2
1266 0
1267 2
1268 1
1269 1
1270 2
1271 2
1272 1
1273 3
1274 4
1275 1
1276 1
1277 2
1278 3
1279 4
1280 2
1281 2
1282 2
1283 1
1284 2
1285 2
1286 3
1287 3
1288 1
1289 4
1290 3
1291 1
1292 3
1293 0
1294 3
1295 0
1296 1
1297 2
1298 2
1299 1
1300 4
1301 0
1302 0
1303 2
1304 5
1305 2
1306 3
1307 2
1308 3
1309 1
1310 4
1311 1
1312 1
1313 1
1314 1
1315 0
1316 1
1317 4
1318 4
1319 1
1320 3
1321 3
1322 0
1323 6
1324 0
1325 3
1326 2
1327 3
1328 2
1329 4
1330 1
1331 2
1332 1
1333 3
1334 3
1335 1
1336 2
1337 3
1338 2
1339 0
1340 4
1341 2
1342 2
1343 5
1344 2
1345 2
1346 4
1347 1
1348 1
1349 0
1350 4
1351 1
1352 1
1353 3
1354 0
1355 1
1356 3
1357 2
1358 3
1359 1
1360 2
1361 1
1362 1
1363 2
1364 2
1365 4
1366 0
1367 3
1368 3
1369 3
1370 1
1371 3
1372 4
1373 0
1374 0
1375 1
1376 1
1377 0
1378 0
1379 2
1380 2
1381 1
1382 2
1383 2
1384 4
1385 1
1386 2
1387 2
1388 2
1389 2
1390 2
1391 3
1392 3
1393 0
1394 3
1395 1
1396 1
1397 4
1398 3
1399 1
1400 2
1401 3
1402 1
1403 0
1404 3
1405 3
1406 3
1407 2
1408 2
1409 2
1410 1
1411 3
1412 3
1413 1
1414 0
1415 2
1416 3
1417 2
1418 1
1419 2
1420 3
1421 1
1422 2
1423 2
1424 4
1425 1
1426 2
1427 1
1428 2
1429 2
1430 4
1431 0
1432 3
1433 0
1434 2
1435 1
1436 1
1437 0
1438 1
1439 3
1440 1
1441 2
1442 1
1443 1
1444 1
1445 4
1446 2
1447 0
1448 0
1449 0
1450 0
1451 0
1452 1
1453 2
1454 5
1455 3
1456 4
1457 0
1458 2
1459 3
1460 1
1461 1
1462 2
1463 0
1464 3
1465 4
1466 0
1467 1
1468 2
1469 3
1470 2
1471 2
1472 1
1473 0
1474 4
1475 1
1476 2
1477 1
1478 3
1479 1
1480 3
1481 2
1482 0
1483 1
1484 1
1485 3
1486 2
1487 1
1488 3
1489 3
1490 1
1491 6
1492 0
1493 1
1494 2
1495 2
1496 1
1497 2
1498 2
1499 0
1500 4
1501 4
1502 1
1503 3
1504 2
1505 1
1506 6
1507 2
1508 1
1509 1
1510 2
1511 0
1512 1
1513 3
1514 1
1515 2
1516 1
1517 2
1518 4
1519 0
1520 1
1521 2
1522 3
1523 0
1524 1
1525 3
1526 2
1527 2
1528 2
1529 3
1530 0
1531 2
1532 2
1533 3
1534 1
1535 4
1536 1
1537 3
1538 2
1539 3
1540 2
1541 3
1542 3
1543 1
1544 7
1545 2
1546 2
1547 5
1548 2
1549 2
1550 2
1551 0
1552 1
1553 1
1554 1
1555 2
1556 4
1557 1
1558 2
1559 1
1560 2
1561 2
1562 0
1563 0
1564 1
1565 1
1566 1
1567 4
1568 2
1569 4
1570 0
1571 4
1572 1
1573 1
1574 1
1575 6
1576 4
1577 2
1578 3
1579 1
1580 4
1581 0
1582 0
1583 0
1584 3
1585 2
1586 2
1587 4
1588 2
1589 2
1590 1
1591 1
1592 2
1593 1
1594 3
1595 3
1596 1
1597 0
1598 1
1599 1
1600 1
1601 2
1602 2
1603 3
1604 0
1605 2
1606 2
1607 2
1608 1
1609 3
1610 2
1611 3
1612 1
1613 5
1614 3
1615 1
1616 2
1617 3
1618 1
1619 2
1620 2
1621 2
1622 1
1623 0
1624 3
1625 1
1626 3
1627 1
1628 1
1629 2
1630 1
1631 1
1632 2
1633 2
1634 1
1635 3
1636 1
1637 1
1638 0
1639 1
1640 0
1641 0
1642 2
1643 3
1644 3
1645 1
1646 5
1647 3
1648 2
1649 5
1650 4
1651 1
1652 5
1653 3
1654 2
1655 4
1656 2
1657 2
1658 3
1659 4
1660 1
1661 2
1662 2
1663 1
1664 0
1665 3
1666 1
1667 1
1668 3
1669 3
1670 0
1671 0
1672 1
1673 2
1674 1
1675 1
1676 1
1677 3
1678 0
1679 1
1680 0
1681 1
1682 5
1683 3
1684 2
1685 1
1686 3
1687 2
1688 4
1689 2
1690 2
1691 2
1692 2
1693 3
1694 0
1695 3
1696 3
1697 1
1698 6
1699 6
1700 1
1701 3
1702 3
1703 2
1704 3
1705 2
1706 3
1707 2
1708 3
1709 0
1710 0
1711 1
1712 1
1713 0
1714 3
1715 1
1716 1
1717 3
1718 3
1719 3
1720 2
1721 1
1722 3
1723 1
1724 3
1725 2
1726 3
1727 3
1728 1
1729 1
1730 3
1731 1
1732 1
1733 2
1734 1
1735 4
1736 2
1737 4
1738 4
1739 2
1740 2
1741 2
1742 2
1743 1
1744 2
1745 2
1746 3
1747 1
1748 3
1749 3
1750 2
1751 2
1752 3
1753 2
1754 1
1755 2
1756 3
1757 4
1758 3
1759 0
1760 1
1761 4
1762 2
1763 4
1764 1
1765 3
1766 0
1767 0
1768 3
1769 2
1770 1
1771 2
1772 3
1773 5
1774 2
1775 1
1776 1
1777 2
1778 4
1779 3
1780 1
1781 5
1782 1
1783 2
1784 0
1785 2
1786 2
1787 2
1788 0
1789 4
1790 2
1791 5
1792 4
1793 0
1794 4
1795 4
1796 5
1797 2
1798 2
1799 3
1800 1
1801 2
1802 1
1803 3
1804 1
1805 1
1806 2
1807 1
1808 2
1809 2
1810 4
1811 3
1812 4
1813 0
1814 0
1815 0
1816 2
1817 3
1818 3
1819 1
1820 1
1821 4
1822 2
1823 1
1824 3
1825 0
1826 2
1827 1
1828 5
1829 2
1830 0
1831 2
1832 0
1833 2
1834 3
1835 1
1836 1
1837 2
1838 4
1839 2
1840 2
1841 0
1842 7
1843 3
1844 3
1845 3
1846 0
1847 0
1848 4
1849 0
1850 1
1851 2
1852 2
1853 0
1854 3
1855 0
1856 3
1857 3
1858 2
1859 0
1860 2
1861 4
1862 3
1863 1
1864 1
1865 4
1866 3
1867 4
1868 1
1869 1
1870 4
1871 1
1872 3
1873 2
1874 3
1875 2
1876 1
1877 8
1878 4
1879 1
1880 1
1881 1
1882 2
1883 3
1884 1
1885 2
1886 2
1887 4
1888 3
1889 1
1890 5
1891 5
1892 0
1893 4
1894 2
1895 2
1896 2
1897 3
1898 1
1899 1
1900 1
1901 4
1902 1
1903 3
1904 2
1905 1
1906 1
1907 2
1908 2
1909 0
1910 2
1911 1
1912 2
1913 1
1914 6
1915 1
1916 1
1917 1
1918 2
1919 2
1920 4
1921 1
1922 2
1923 1
1924 3
1925 3
1926 2
1927 0
1928 2
1929 5
1930 1
1931 2
1932 0
1933 1
1934 1
1935 3
1936 2
1937 2
1938 1
1939 0
1940 1
1941 2
1942 2
1943 0
1944 0
1945 3
1946 3
1947 1
1948 2
1949 1
1950 2
1951 1
1952 0
1953 0
1954 0
1955 2
1956 2
1957 2
1958 4
1959 0
1960 3
1961 1
1962 5
1963 1
1964 2
1965 2
1966 2
1967 0
1968 0
1969 3
1970 2
1971 1
1972 2
1973 5
1974 3
1975 5
1976 1
1977 0
1978 3
1979 3
1980 0
1981 5
1982 1
1983 0
1984 2
1985 2
1986 0
1987 1
1988 3
1989 3
1990 1
1991 5
1992 2
1993 1
1994 1
1995 0
1996 1
1997 0
1998 5
1999 2
2000 3
2001 2
2002 2
2003 1
2004 1
2005 2
2006 1
2007 2
2008 3
2009 3
2010 1
2011 2
2012 0
2013 3
2014 3
2015 2
2016 2
2017 2
2018 1
2019 2
2020 2
2021 0
2022 5
2023 2
2024 1
2025 4
2026 1
2027 0
2028 3
2029 3
2030 2
2031 2
2032 1
2033 4
2034 2
2035 5
2036 5
2037 3
2038 1
2039 2
2040 2
2041 1
2042 3
2043 3
2044 3
2045 1
2046 4
2047 2
2048 6
2049 2
2050 2
2051 3
2052 4
2053 4
2054 2
2055 4
2056 2
2057 0
2058 2
2059 2
2060 1
2061 1
2062 2
2063 3
2064 3
2065 2
2066 1
2067 2
2068 1
2069 2
2070 2
2071 2
2072 1
2073 2
2074 1
2075 0
2076 0
2077 0
2078 3
2079 1
2080 0
2081 2
2082 4
2083 5
2084 1
2085 2
2086 5
2087 1
2088 3
2089 1
2090 2
2091 2
2092 1
2093 1
2094 2
2095 1
2096 4
2097 2
2098 4
2099 2
2100 2
2101 5
2102 4
2103 0
2104 3
2105 3
2106 3
2107 3
2108 3
2109 2
2110 0
2111 0
2112 4
2113 3
2114 2
2115 3
2116 4
2117 2
2118 1
2119 2
2120 4
2121 1
2122 2
2123 3
2124 2
2125 1
2126 3
2127 3
2128 3
2129 1
2130 4
2131 3
2132 2
2133 0
2134 2
2135 1
2136 2
2137 4
2138 1
2139 2
2140 1
2141 1
2142 2
2143 2
2144 0
2145 3
2146 0
2147 1
2148 3
2149 4
2150 2
2151 2
2152 2
2153 3
2154 4
2155 3
2156 2
2157 4
2158 1
2159 2
2160 6
2161 1
2162 1
2163 1
2164 3
2165 7
2166 2
2167 1
2168 3
2169 4
2170 2
2171 1
2172 0
2173 3
2174 1
2175 0
2176 3
2177 2
2178 3
2179 2
2180 0
2181 2
2182 1
2183 0
2184 4
2185 5
2186 2
2187 2
2188 0
2189 2
2190 2
2191 2
2192 3
2193 3
2194 2
2195 3
2196 4
2197 4
2198 7
2199 4
2200 4
2201 1
2202 2
2203 3
2204 2
2205 1
2206 2
2207 3
2208 2
2209 4
2210 4
2211 1
2212 1
2213 1
2214 4
2215 1
2216 1
2217 2
2218 1
2219 3
2220 2
2221 2
2222 3
2223 3
2224 0
2225 2
2226 0
2227 0
2228 5
2229 5
2230 0
2231 3
2232 2
2233 2
2234 1
2235 1
2236 4
2237 2
2238 2
2239 3
2240 4
2241 5
2242 3
2243 2
2244 3
2245 2
2246 2
2247 4
2248 1
2249 2
2250 0
2251 3
2252 0
2253 2
2254 0
2255 1
2256 4
2257 0
2258 5
2259 2
2260 1
2261 1
2262 2
2263 2
2264 0
2265 2
2266 1
2267 1
2268 0
2269 3
2270 5
2271 3
2272 2
2273 3
2274 1
2275 1
2276 0
2277 1
2278 2
2279 0
2280 1
2281 1
2282 2
2283 8
2284 1
2285 3
2286 2
2287 3
2288 2
2289 3
2290 3
2291 2
2292 2
2293 0
2294 1
2295 2
2296 2
2297 1
2298 0
2299 1
2300 3
2301 1
2302 1
2303 2
2304 1
2305 1
2306 1
2307 2
2308 0
2309 2
2310 3
2311 6
2312 1
2313 1
2314 3
2315 2
2316 4
2317 2
2318 2
2319 0
2320 3
2321 0
2322 1
2323 1
2324 3
2325 3
2326 1
2327 4
2328 6
2329 1
2330 3
2331 4
2332 2
2333 1
2334 0
2335 2
2336 1
2337 1
2338 2
2339 2
2340 2
2341 2
2342 2
2343 4
2344 3
2345 1
2346 3
2347 1
2348 1
2349 2
2350 2
2351 1
2352 3
2353 2
2354 1
2355 0
2356 3
2357 1
2358 3
2359 3
2360 4
2361 3
2362 2
2363 4
2364 2
2365 2
2366 2
2367 1
2368 3
2369 1
2370 1
2371 3
2372 3
2373 0
2374 4
2375 2
2376 1
2377 3
2378 1
2379 4
2380 2
2381 2
2382 1
2383 0
2384 0
2385 2
2386 3
2387 4
2388 0
2389 5
2390 3
2391 0
2392 2
2393 3
2394 2
2395 3
2396 1
2397 0
2398 0
2399 2
2400 1
2401 1
2402 1
2403 4
2404 2
2405 2
2406 1
2407 0
2408 4
2409 5
2410 2
2411 4
2412 2
2413 1
2414 1
2415 0
2416 3
2417 2
2418 3
2419 4
2420 2
2421 2
2422 5
2423 2
2424 0
2425 1
2426 2
2427 1
2428 3
2429 1
2430 3
2431 0
2432 2
2433 1
2434 6
2435 6
2436 0
2437 4
2438 1
2439 1
2440 2
2441 2
2442 1
2443 1
2444 0
2445 2
2446 3
2447 1
2448 3
2449 1
2450 2
2451 2
2452 3
2453 1
2454 1
2455 3
2456 3
2457 0
2458 1
2459 0
2460 0
2461 0
2462 0
2463 0
2464 2
2465 2
2466 2
2467 1
2468 1
2469 1
2470 3
2471 3
2472 3
2473 0
2474 4
2475 1
2476 1
2477 1
2478 1
2479 3
2480 2
2481 0
2482 2
2483 2
2484 3
2485 1
2486 6
2487 1
2488 1
2489 3
2490 0
2491 1
2492 1
2493 4
2494 2
2495 2
2496 2
2497 2
2498 2
2499 3
2500 3
2501 2
2502 3
2503 3
2504 0
2505 2
2506 3
2507 3
2508 5
2509 3
2510 3
2511 1
2512 1
2513 1
2514 1
2515 1
2516 3
2517 4
2518 2
2519 2
2520 2
2521 3
2522 3
2523 1
2524 1
2525 2
2526 2
2527 3
2528 2
2529 0
2530 2
2531 3
2532 2
2533 3
2534 2
2535 2
2536 2
2537 0
2538 1
2539 5
2540 0
2541 0
2542 2
2543 0
2544 7
2545 2
2546 1
2547 4
2548 3
2549 4
2550 3
2551 4
2552 0
2553 1
2554 1
2555 2
2556 2
2557 2
2558 3
2559 2
2560 2
2561 1
2562 0
2563 4
2564 3
2565 3
2566 0
2567 1
2568 4
2569 2
2570 1
2571 3
2572 0
2573 2
2574 3
2575 3
2576 2
2577 2
2578 3
2579 2
2580 3
2581 3
2582 1
2583 2
2584 2
2585 2
2586 1
2587 2
2588 2
2589 6
2590 3
2591 1
2592 2
2593 1
2594 7
2595 2
2596 0
2597 3
2598 0
2599 2
2600 1
2601 3
2602 1
2603 5
2604 1
2605 1
2606 1
2607 1
2608 2
2609 2
2610 2
2611 1
2612 0
2613 1
2614 1
2615 1
2616 3
2617 2
2618 0
2619 3
2620 1
2621 6
2622 0
2623 1
2624 0
2625 1
2626 2
2627 1
2628 3
2629 4
2630 5
2631 6
2632 1
2633 3
2634 3
2635 1
2636 5
2637 0
2638 3
2639 4
2640 2
2641 4
2642 1
2643 1
2644 2
2645 0
2646 2
2647 3
2648 0
2649 3
2650 1
2651 3
2652 1
2653 2
2654 3
2655 1
2656 2
2657 3
2658 4
2659 2
2660 2
2661 3
2662 2
2663 3
2664 3
2665 0
2666 1
2667 2
2668 2
2669 2
2670 5
2671 2
2672 1
2673 5
2674 0
2675 4
2676 2
2677 4
2678 4
2679 5
2680 4
2681 1
2682 2
2683 0
2684 1
2685 1
2686 1
2687 4
2688 1
2689 2
2690 1
2691 1
2692 0
2693 2
2694 2
2695 4
2696 1
2697 1
2698 1
2699 2
2700 1
2701 4
2702 1
2703 1
2704 4
2705 1
2706 4
2707 0
2708 1
2709 1
2710 0
2711 3
2712 0
2713 2
2714 2
2715 3
2716 3
2717 3
2718 2
2719 1
2720 2
2721 3
2722 2
2723 2
2724 2
2725 1
2726 3
2727 0
2728 2
2729 4
2730 4
2731 1
2732 3
2733 1
2734 3
2735 2
2736 0
2737 0
2738 4
2739 2
2740 2
2741 1
2742 1
2743 5
2744 5
2745 1
2746 4
2747 0
2748 1
2749 5
2750 3
2751 1
2752 1
2753 1
2754 5
2755 2
2756 1
2757 4
2758 3
2759 4
2760 3
2761 2
2762 1
2763 1
2764 2
2765 1
2766 3
2767 3
2768 1
2769 4
2770 1
2771 1
2772 1
2773 1
2774 2
2775 1
2776 2
2777 1
2778 0
2779 1
2780 2
2781 1
2782 5
2783 4
2784 1
2785 0
2786 5
2787 1
2788 2
2789 1
2790 1
2791 1
2792 3
2793 4
2794 2
2795 1
2796 1
2797 2
2798 1
2799 1
2800 2
2801 1
2802 0
2803 1
2804 2
2805 1
2806 3
2807 2
2808 3
2809 0
2810 2
2811 3
2812 2
2813 1
2814 2
2815 2
2816 3
2817 3
2818 1
2819 2
2820 0
2821 2
2822 1
2823 4
2824 0
2825 2
2826 3
2827 1
2828 3
2829 1
2830 4
2831 2
2832 2
2833 6
2834 3
2835 3
2836 2
2837 0
2838 6
2839 3
2840 3
2841 0
2842 2
2843 5
2844 4
2845 1
2846 1
2847 4
2848 1
2849 2
2850 0
2851 2
2852 2
2853 2
2854 3
2855 0
2856 1
2857 0
2858 2
2859 1
2860 2
2861 3
2862 1
2863 2
2864 2
2865 2
2866 3
2867 1
2868 3
2869 3
2870 3
2871 1
2872 4
2873 5
2874 2
2875 1
2876 0
2877 1
2878 0
2879 2
2880 2
2881 1
2882 1
2883 5
2884 2
2885 2
2886 3
2887 6
2888 2
2889 4
2890 2
2891 4
2892 0
2893 3
2894 2
2895 1
2896 2
2897 0
2898 3
2899 2
2900 2
2901 0
2902 3
2903 0
2904 2
2905 2
2906 2
2907 4
2908 1
2909 3
2910 2
2911 2
2912 3
2913 0
2914 1
2915 3
2916 6
2917 3
2918 0
2919 2
2920 5
2921 1
2922 4
2923 2
2924 2
2925 2
2926 1
2927 2
2928 4
2929 0
2930 5
2931 1
2932 1
2933 1
2934 3
2935 3
2936 0
2937 2
2938 2
2939 2
2940 0
2941 2
2942 1
2943 0
2944 2
2945 2
2946 2
2947 0
2948 2
2949 3
2950 3
2951 2
2952 2
2953 1
2954 4
2955 3
2956 1
2957 0
2958 1
2959 3
2960 5
2961 2
2962 1
2963 1
2964 2
2965 3
2966 5
2967 1
2968 5
2969 3
2970 3
2971 0
2972 2
2973 1
2974 4
2975 3
2976 3
2977 2
2978 1
2979 3
2980 2
2981 1
2982 1
2983 0
2984 3
2985 1
2986 4
2987 3
2988 1
2989 1
2990 3
2991 1
2992 2
2993 2
2994 3
2995 1
2996 1
2997 3
2998 2
2999 2
3000 3
3001 4
3002 1
3003 0
3004 5
3005 4
3006 2
3007 3
3008 1
3009 3
3010 3
3011 2
3012 0
3013 2
3014 5
3015 3
3016 2
3017 1
3018 1
3019 3
3020 3
3021 3
3022 2
3023 2
3024 3
3025 6
3026 2
3027 1
3028 2
3029 6
3030 2
3031 3
3032 1
3033 1
3034 1
3035 2
3036 0
3037 1
3038 1
3039 4
3040 2
3041 1
3042 1
3043 6
3044 1
3045 2
3046 2
3047 2
3048 5
3049 1
3050 3
3051 1
3052 3
3053 1
3054 1
3055 2
3056 1
3057 4
3058 2
3059 3
3060 0
3061 3
3062 6
3063 1
3064 5
3065 1
3066 1
3067 3
3068 1
3069 2
3070 2
3071 3
3072 0
3073 1
3074 1
3075 1
3076 2
3077 2
3078 4
3079 1
3080 1
3081 1
3082 1
3083 2
3084 0
3085 2
3086 3
3087 2
3088 1
3089 4
3090 1
3091 1
3092 1
3093 2
3094 1
3095 2
3096 4
3097 2
3098 1
3099 6
3100 4
3101 2
3102 1
3103 3
3104 1
3105 3
3106 2
3107 7
3108 1
3109 3
3110 2
3111 1
3112 0
3113 1
3114 1
3115 0
3116 3
3117 2
3118 2
3119 1
3120 1
3121 1
3122 3
3123 2
3124 3
3125 4
3126 1
3127 3
3128 4
3129 1
3130 3
3131 1
3132 2
3133 2
3134 7
3135 1
3136 1
3137 2
3138 2
3139 4
3140 1
3141 0
3142 4
3143 1
3144 0
3145 1
3146 2
3147 1
3148 1
3149 2
3150 1
3151 4
3152 1
3153 2
3154 3
3155 0
3156 1
3157 2
3158 2
3159 2
3160 3
3161 4
3162 2
3163 1
3164 0
3165 1
3166 3
3167 2
3168 2
3169 3
3170 1
3171 2
3172 3
3173 2
3174 1
3175 4
3176 0
3177 3
3178 2
3179 2
3180 2
3181 2
3182 2
3183 1
3184 2
3185 2
3186 4
3187 1
3188 2
3189 2
3190 3
3191 4
3192 1
3193 3
3194 2
3195 1
3196 3
3197 3
3198 3
3199 1
3200 2
3201 1
3202 4
3203 1
3204 1
3205 3
3206 1
3207 0
3208 3
3209 3
3210 1
3211 4
3212 2
3213 2
3214 2
3215 1
3216 1
3217 1
3218 2
3219 1
3220 1
3221 1
3222 1
3223 2
3224 1
3225 1
3226 4
3227 1
3228 4
3229 4
3230 1
3231 3
3232 1
3233 3
3234 2
3235 1
3236 4
3237 0
3238 2
3239 1
3240 2
3241 2
3242 0
3243 5
3244 3
3245 2
3246 1
3247 5
3248 0
3249 2
3250 3
3251 4
3252 3
3253 1
3254 0
3255 2
3256 0
3257 0
3258 4
3259 2
3260 3
3261 3
3262 2
3263 2
3264 3
3265 3
3266 2
3267 4
3268 0
3269 2
3270 2
3271 1
3272 6
3273 3
3274 3
3275 2
3276 0
3277 3
3278 3
3279 0
3280 0
3281 3
3282 3
3283 1
3284 1
3285 2
3286 1
3287 1
3288 0
3289 0
3290 5
3291 0
3292 2
3293 2
3294 2
3295 2
3296 4
3297 0
3298 0
3299 0
3300 1
3301 5
3302 1
3303 3
3304 3
3305 3
3306 2
3307 1
3308 0
3309 0
3310 3
3311 2
3312 1
3313 1
3314 0
3315 1
3316 4
3317 2
3318 2
3319 2
3320 1
3321 3
3322 1
3323 1
3324 4
3325 1
3326 1
3327 2
3328 5
3329 1
3330 3
3331 4
3332 1
3333 1
3334 4
3335 3
3336 2
3337 3
3338 1
3339 6
3340 0
3341 2
3342 1
3343 0
3344 2
3345 3
3346 2
3347 1
3348 2
3349 1
3350 0
3351 2
3352 3
3353 2
3354 2
3355 4
3356 2
3357 1
3358 3
3359 3
3360 1
3361 2
3362 5
3363 2
3364 1
3365 2
3366 3
3367 4
3368 2
3369 3
3370 3
3371 1
3372 4
3373 1
3374 1
3375 3
3376 2
3377 3
3378 3
3379 3
3380 1
3381 1
3382 1
3383 1
3384 1
3385 2
3386 3
3387 1
3388 1
3389 1
3390 3
3391 5
3392 2
3393 2
3394 1
3395 1
3396 1
3397 0
3398 1
3399 2
3400 0
3401 0
3402 3
3403 1
3404 1
3405 0
3406 1
3407 1
3408 4
3409 0
3410 4
3411 4
3412 2
3413 4
3414 3
3415 2
3416 3
3417 2
3418 1
3419 3
3420 3
3421 3
3422 1
3423 4
3424 3
3425 2
3426 3
3427 5
3428 4
3429 2
3430 1
3431 2
3432 4
3433 4
3434 3
3435 0
3436 5
3437 1
3438 1
3439 0
3440 3
3441 1
3442 0
3443 3
3444 0
3445 1
3446 2
3447 0
3448 1
3449 0
3450 1
3451 5
3452 2
3453 4
3454 1
3455 4
3456 1
3457 3
3458 2
3459 4
3460 3
3461 3
3462 1
3463 3
3464 2
3465 3
3466 2
3467 4
3468 2
3469 2
3470 2
3471 2
3472 2
3473 1
3474 1
3475 1
3476 5
3477 2
3478 1
3479 1
3480 3
3481 2
3482 1
3483 0
3484 0
3485 1
3486 3
3487 2
3488 1
3489 4
3490 1
3491 2
3492 2
3493 1
3494 1
3495 4
3496 1
3497 2
3498 1
3499 3
3500 3
3501 2
3502 2
3503 2
3504 1
3505 1
3506 0
3507 4
3508 3
3509 1
3510 4
3511 1
3512 3
3513 3
3514 3
3515 3
3516 1
3517 0
3518 3
3519 2
3520 1
3521 5
3522 3
3523 1
3524 4
3525 3
3526 1
3527 0
3528 1
3529 1
3530 3
3531 3
3532 0
3533 0
3534 1
3535 4
3536 3
3537 0
3538 2
3539 2
3540 2
3541 1
3542 3
3543 1
3544 1
3545 2
3546 4
3547 3
3548 1
3549 1
3550 1
3551 2
3552 0
3553 2
3554 2
3555 3
3556 2
3557 2
3558 1
3559 3
3560 2
3561 1
3562 1
3563 2
3564 4
3565 6
3566 3
3567 2
3568 2
3569 1
3570 2
3571 1
3572 1
3573 4
3574 4
3575 3
3576 0
3577 1
3578 2
3579 0
3580 6
3581 2
3582 3
3583 1
3584 4
3585 7
3586 1
3587 3
3588 3
3589 5
3590 2
3591 1
3592 2
3593 2
3594 3
3595 1
3596 3
3597 1
3598 7
3599 1
3600 1
3601 2
3602 1
3603 5
3604 1
3605 2
3606 3
3607 0
3608 4
3609 3
3610 3
3611 2
3612 4
3613 1
3614 5
3615 1
3616 1
3617 2
3618 2
3619 1
3620 1
3621 6
3622 0
3623 0
3624 3
3625 1
3626 4
3627 0
3628 3
3629 3
3630 2
3631 1
3632 2
3633 1
3634 0
3635 2
3636 3
3637 0
3638 4
3639 2
3640 0
3641 4
3642 3
3643 4
3644 2
3645 1
3646 1
3647 4
3648 2
3649 2
3650 3
3651 1
3652 2
3653 4
3654 1
3655 1
3656 0
3657 2
3658 2
3659 2
3660 2
3661 2
3662 1
3663 0
3664 1
3665 0
3666 2
3667 1
3668 4
3669 1
3670 1
3671 5
3672 1
3673 2
3674 2
3675 1
3676 2
3677 5
3678 0
3679 4
3680 2
3681 1
3682 1
3683 2
3684 2
3685 2
3686 0
3687 1
3688 0
3689 2
3690 2
3691 2
3692 0
3693 0
3694 2
3695 3
3696 3
3697 2
3698 0
3699 8
3700 2
3701 1
3702 1
3703 3
3704 1
3705 2
3706 4
3707 4
3708 1
3709 0
3710 0
3711 4
3712 0
3713 0
3714 2
3715 3
3716 1
3717 2
3718 4
3719 1
3720 1
3721 4
3722 3
3723 0
3724 4
3725 2
3726 1
3727 0
3728 3
3729 0
3730 1
3731 3
3732 2
3733 3
3734 1
3735 1
3736 2
3737 3
3738 4
3739 1
3740 6
3741 0
3742 1
3743 1
3744 2
3745 4
3746 4
3747 2
3748 2
3749 1
3750 1
3751 3
3752 2
3753 1
3754 2
3755 5
3756 2
3757 2
3758 5
3759 3
3760 1
3761 2
3762 1
3763 1
3764 2
3765 1
3766 0
3767 1
3768 3
3769 2
3770 4
3771 1
3772 2
3773 3
3774 2
3775 4
3776 1
3777 1
3778 1
3779 2
3780 1
3781 6
3782 2
3783 0
3784 4
3785 2
3786 3
3787 2
3788 5
3789 1
3790 4
3791 1
3792 4
3793 2
3794 5
3795 1
3796 3
3797 0
3798 0
3799 7
3800 2
3801 1
3802 2
3803 2
3804 3
3805 1
3806 3
3807 1
3808 0
3809 4
3810 2
3811 1
3812 3
3813 2
3814 0
3815 1
3816 2
3817 1
3818 3
3819 2
3820 2
3821 0
3822 3
3823 5
3824 2
3825 1
3826 0
3827 3
3828 0
3829 3
3830 1
3831 0
3832 1
3833 3
3834 1
3835 0
3836 0
3837 0
3838 1
3839 0
3840 3
3841 2
3842 1
3843 4
3844 1
3845 3
3846 3
3847 2
3848 0
3849 4
3850 1
3851 1
3852 2
3853 4
3854 2
3855 3
3856 3
3857 4
3858 1
3859 0
3860 2
3861 4
3862 1
3863 2
3864 2
3865 1
3866 2
3867 0
3868 3
3869 0
3870 0
3871 3
3872 1
3873 4
3874 5
3875 2
3876 0
3877 0
3878 2
3879 1
3880 3
3881 1
3882 2
3883 3
3884 4
3885 2
3886 0
3887 3
3888 1
3889 0
3890 0
3891 1
3892 1
3893 2
3894 3
3895 4
3896 3
3897 2
3898 5
3899 1
3900 2
3901 2
3902 1
3903 4
3904 0
3905 2
3906 1
3907 0
3908 2
3909 4
3910 2
3911 1
3912 0
3913 0
3914 0
3915 5
3916 2
3917 4
3918 0
3919 3
3920 1
3921 3
3922 2
3923 0
3924 4
3925 1
3926 0
3927 5
3928 3
3929 1
3930 1
3931 1
3932 2
3933 5
3934 2
3935 3
3936 1
3937 4
3938 4
3939 2
3940 5
3941 1
3942 3
3943 3
3944 2
3945 3
3946 2
3947 4
3948 0
3949 2
3950 4
3951 1
3952 4
3953 1
3954 2
3955 8
3956 4
3957 1
3958 4
3959 2
3960 4
3961 0
3962 1
3963 3
3964 2
3965 2
3966 0
3967 2
3968 3
3969 1
3970 3
3971 2
3972 2
3973 2
3974 5
3975 5
3976 5
3977 3
3978 5
3979 3
3980 4
3981 2
3982 2
3983 0
3984 1
3985 3
3986 3
3987 1
3988 1
3989 1
3990 1
3991 1
3992 2
3993 0
3994 3
3995 2
3996 2
3997 3
3998 4
3999 1
4000 2
4001 0
4002 2
4003 3
4004 4
4005 1
4006 2
4007 1
4008 2
4009 2
4010 2
4011 1
4012 2
4013 2
4014 3
4015 1
4016 0
4017 0
4018 2
4019 1
4020 1
4021 1
4022 1
4023 0
4024 2
4025 2
4026 3
4027 1
4028 1
4029 5
4030 2
4031 1
4032 2
4033 3
4034 5
4035 3
4036 2
4037 3
4038 1
4039 4
4040 2
4041 2
4042 2
4043 1
4044 4
4045 1
4046 1
4047 2
4048 0
4049 4
4050 2
4051 1
4052 0
4053 0
4054 0
4055 2
4056 6
4057 5
4058 2
4059 2
4060 2
4061 1
4062 3
4063 0
4064 1
4065 3
4066 6
4067 0
4068 3
4069 2
4070 0
4071 2
4072 1
4073 3
4074 2
4075 1
4076 4
4077 1
4078 3
4079 0
4080 2
4081 1
4082 1
4083 1
4084 3
4085 1
4086 5
4087 1
4088 1
4089 0
4090 2
4091 3
4092 2
4093 0
4094 1
4095 1
4096 2
4097 2
4098 3
4099 4
4100 2
4101 2
4102 5
4103 1
4104 2
4105 3
4106 3
4107 0
4108 2
4109 2
4110 1
4111 1
4112 2
4113 0
4114 2
4115 0
4116 3
4117 1
4118 3
4119 3
4120 1
4121 1
4122 4
4123 1
4124 2
4125 0
4126 2
4127 2
4128 4
4129 0
4130 3
4131 4
4132 5
4133 4
4134 1
4135 4
4136 1
4137 4
4138 2
4139 4
4140 4
4141 2
4142 3
4143 1
4144 2
4145 1
4146 3
4147 1
4148 2
4149 1
4150 2
4151 5
4152 1
4153 0
4154 3
4155 2
4156 2
4157 2
4158 3
4159 2
4160 3
4161 1
4162 6
4163 4
4164 2
4165 1
4166 2
4167 5
4168 6
4169 3
4170 2
4171 4
4172 2
4173 3
4174 1
4175 2
4176 5
4177 1
4178 1
4179 0
4180 3
4181 1
4182 3
4183 1
4184 3
4185 1
4186 2
4187 1
4188 0
4189 3
4190 2
4191 2
4192 3
4193 2
4194 0
4195 2
4196 1
4197 3
4198 3
4199 1
4200 1
4201 1
4202 3
4203 1
4204 1
4205 3
4206 2
4207 3
4208 0
4209 2
4210 2
4211 2
4212 1
4213 0
4214 1
4215 3
4216 3
4217 0
4218 4
4219 1
4220 5
4221 0
4222 3
4223 1
4224 4
4225 0
4226 4
4227 1
4228 2
4229 3
4230 3
4231 0
4232 4
4233 5
4234 2
4235 1
4236 3
4237 4
4238 1
4239 1
4240 1
4241 1
4242 1
4243 0
4244 1
4245 1
4246 1
4247 3
4248 1
4249 4
4250 1
4251 1
4252 0
4253 1
4254 0
4255 1
4256 0
4257 2
4258 2
4259 1
4260 0
4261 2
4262 2
4263 2
4264 3
4265 1
4266 5
4267 2
4268 6
4269 1
4270 2
4271 3
4272 1
4273 3
4274 0
4275 2
4276 1
4277 3
4278 6
4279 1
4280 3
4281 1
4282 2
4283 0
4284 0
4285 0
4286 2
4287 2
4288 1
4289 1
4290 4
4291 1
4292 4
4293 1
4294 3
4295 3
4296 2
4297 3
4298 3
4299 3
4300 2
4301 3
4302 3
4303 3
4304 3
4305 2
4306 3
4307 2
4308 3
4309 1
4310 3
4311 0
4312 5
4313 5
4314 2
4315 2
4316 3
4317 1
4318 2
4319 3
4320 4
4321 2
4322 2
4323 1
4324 4
4325 1
4326 2
4327 5
4328 2
4329 1
4330 4
4331 2
4332 0
4333 0
4334 3
4335 2
4336 1
4337 3
4338 2
4339 0
4340 3
4341 1
4342 4
4343 2
4344 3
4345 2
4346 0
4347 1
4348 1
4349 1
4350 4
4351 2
4352 2
4353 3
4354 4
4355 3
4356 2
4357 0
4358 1
4359 1
4360 2
4361 2
4362 2
4363 1
4364 4
4365 3
4366 3
4367 3
4368 4
4369 2
4370 2
4371 3
4372 2
4373 4
4374 2
4375 4
4376 3
4377 1
4378 2
4379 3
4380 2
4381 0
4382 0
4383 2
4384 1
4385 4
4386 0
4387 1
4388 1
4389 0
4390 1
4391 2
4392 2
4393 2
4394 2
4395 1
4396 1
4397 4
4398 1
4399 1
4400 2
4401 2
4402 1
4403 2
4404 2
4405 2
4406 1
4407 0
4408 2
4409 2
4410 2
4411 3
4412 2
4413 4
4414 2
4415 1
4416 2
4417 3
4418 2
4419 2
4420 1
4421 1
4422 2
4423 0
4424 3
4425 0
4426 1
4427 4
4428 1
4429 1
4430 3
4431 1
4432 4
4433 3
4434 1
4435 1
4436 1
4437 2
4438 3
4439 0
4440 4
4441 2
4442 5
4443 2
4444 3
4445 1
4446 3
4447 1
4448 4
4449 2
4450 3
4451 0
4452 1
4453 5
4454 1
4455 2
4456 2
4457 2
4458 1
4459 0
4460 1
4461 1
4462 1
4463 4
4464 3
4465 1
4466 1
4467 1
4468 1
4469 3
4470 0
4471 2
4472 3
4473 1
4474 1
4475 1
4476 3
4477 3
4478 1
4479 0
4480 1
4481 3
4482 4
4483 1
4484 4
4485 1
4486 3
4487 1
4488 1
4489 4
4490 1
4491 1
4492 3
4493 1
4494 0
4495 2
4496 2
4497 3
4498 1
4499 2
4500 2
4501 3
4502 2
4503 3
4504 2
4505 0
4506 2
4507 1
4508 1
4509 5
4510 3
4511 1
4512 1
4513 2
4514 1
4515 2
4516 0
4517 3
4518 1
4519 4
4520 1
4521 1
4522 1
4523 1
4524 0
4525 5
4526 3
4527 0
4528 1
4529 0
4530 4
4531 4
4532 3
4533 0
4534 2
4535 2
4536 0
4537 3
4538 4
4539 2
4540 1
4541 1
4542 4
4543 0
4544 2
4545 2
4546 3
4547 2
4548 4
4549 2
4550 2
4551 2
4552 3
4553 2
4554 4
4555 1
4556 2
4557 2
4558 1
4559 1
4560 3
4561 2
4562 3
4563 1
4564 4
4565 2
4566 1
4567 0
4568 1
4569 1
4570 0
4571 0
4572 1
4573 2
4574 2
4575 2
4576 3
4577 0
4578 2
4579 3
4580 1
4581 3
4582 1
4583 2
4584 1
4585 3
4586 2
4587 4
4588 2
4589 2
4590 5
4591 1
4592 1
4593 7
4594 0
4595 2
4596 4
4597 1
4598 0
4599 4
4600 5
4601 0
4602 2
4603 1
4604 4
4605 0
4606 4
4607 3
4608 1
4609 1
4610 2
4611 4
4612 1
4613 2
4614 3
4615 1
4616 4
4617 1
4618 3
4619 1
4620 2
4621 3
4622 2
4623 6
4624 3
4625 3
4626 1
4627 2
4628 0
4629 1
4630 1
4631 2
4632 1
4633 1
4634 4
4635 1
4636 4
4637 1
4638 2
4639 4
4640 1
4641 1
4642 2
4643 2
4644 1
4645 2
4646 4
4647 1
4648 1
4649 2
4650 2
4651 3
4652 2
4653 2
4654 4
4655 4
4656 1
4657 0
4658 1
4659 6
4660 0
4661 5
4662 4
4663 2
4664 0
4665 2
4666 3
4667 1
4668 0
4669 2
4670 1
4671 2
4672 2
4673 1
4674 1
4675 2
4676 1
4677 2
4678 3
4679 1
4680 2
4681 0
4682 0
4683 4
4684 2
4685 3
4686 2
4687 2
4688 3
4689 1
4690 0
4691 1
4692 1
4693 3
4694 0
4695 2
4696 1
4697 1
4698 1
4699 1
4700 2
4701 1
4702 1
4703 1
4704 3
4705 2
4706 1
4707 1
4708 3
4709 1
4710 5
4711 0
4712 3
4713 0
4714 2
4715 1
4716 1
4717 0
4718 0
4719 3
4720 1
4721 1
4722 4
4723 2
4724 2
4725 0
4726 3
4727 3
4728 1
4729 1
4730 1
4731 4
4732 3
4733 0
4734 2
4735 5
4736 1
4737 2
4738 4
4739 2
4740 2
4741 1
4742 2
4743 0
4744 5
4745 0
4746 1
4747 4
4748 2
4749 2
4750 2
4751 1
4752 4
4753 3
4754 2
4755 5
4756 3
4757 4
4758 1
4759 2
4760 1
4761 3
4762 2
4763 1
4764 1
4765 2
4766 3
4767 5
4768 1
4769 1
4770 1
4771 1
4772 4
4773 1
4774 0
4775 4
4776 2
4777 2
4778 1
4779 2
4780 1
4781 1
4782 3
4783 3
4784 1
4785 1
4786 0
4787 0
4788 1
4789 3
4790 0
4791 2
4792 1
4793 2
4794 3
4795 0
4796 1
4797 0
4798 2
4799 0
4800 3
4801 3
4802 2
4803 5
4804 2
4805 2
4806 2
4807 0
4808 1
4809 2
4810 2
4811 1
4812 4
4813 3
4814 1
4815 3
4816 3
4817 2
4818 4
4819 1
4820 1
4821 2
4822 4
4823 1
4824 1
4825 3
4826 2
4827 1
4828 1
4829 5
4830 2
4831 1
4832 1
4833 1
4834 3
4835 3
4836 2
4837 1
4838 1
4839 1
4840 2
4841 0
4842 1
4843 3
4844 5
4845 3
4846 2
4847 1
4848 3
4849 1
4850 2
4851 2
4852 1
4853 1
4854 1
4855 3
4856 3
4857 3
4858 1
4859 4
4860 0
4861 3
4862 1
4863 2
4864 1
4865 6
4866 1
4867 1
4868 2
4869 2
4870 5
4871 1
4872 4
4873 3
4874 0
4875 2
4876 2
4877 5
4878 5
4879 0
4880 2
4881 4
4882 1
4883 0
4884 0
4885 4
4886 2
4887 1
4888 1
4889 0
4890 1
4891 1
4892 1
4893 6
4894 3
4895 0
4896 2
4897 1
4898 1
4899 1
4900 0
4901 1
4902 4
4903 3
4904 2
4905 4
4906 1
4907 2
4908 0
4909 3
4910 5
4911 3
4912 3
4913 1
4914 0
4915 2
4916 2
4917 2
4918 2
4919 1
4920 2
4921 2
4922 1
4923 1
4924 3
4925 4
4926 4
4927 0
4928 2
4929 5
4930 2
4931 1
4932 0
4933 4
4934 2
4935 1
4936 0
4937 1
4938 3
4939 0
4940 0
4941 2
4942 1
4943 2
4944 2
4945 0
4946 1
4947 1
4948 4
4949 3
4950 2
4951 3
4952 3
4953 2
4954 4
4955 5
4956 1
4957 1
4958 1
4959 1
4960 1
4961 2
4962 1
4963 1
4964 2
4965 4
4966 1
4967 1
4968 1
4969 5
4970 1
4971 1
4972 1
4973 5
4974 2
4975 2
4976 0
4977 3
4978 0
4979 2
4980 1
4981 1
4982 2
4983 3
4984 1
4985 2
4986 2
4987 0
4988 1
4989 1
4990 1
4991 2
4992 0
4993 4
4994 2
4995 2
4996 1
4997 2
4998 2
4999 0
5000 3
5001 1
5002 3
5003 0
5004 1
5005 0
5006 4
5007 0
5008 1
5009 0
5010 0
5011 1
5012 0
5013 4
5014 2
5015 2
5016 3
5017 2
5018 1
5019 0
5020 0
5021 1
5022 4
5023 1
5024 1
5025 2
5026 3
5027 0
5028 0
5029 2
5030 3
5031 2
5032 4
5033 1
5034 1
5035 0
5036 2
5037 5
5038 2
5039 0
5040 0
5041 3
5042 4
5043 3
5044 1
5045 4
5046 2
5047 3
5048 4
5049 0
5050 0
5051 0
5052 1
5053 1
5054 2
5055 2
5056 2
5057 2
5058 0
5059 2
5060 0
5061 0
5062 2
5063 2
5064 2
5065 2
5066 2
5067 2
5068 0
5069 1
5070 3
5071 2
5072 3
5073 1
5074 4
5075 1
5076 2
5077 1
5078 1
5079 1
5080 3
5081 1
5082 1
5083 2
5084 2
5085 4
5086 3
5087 2
5088 1
5089 3
5090 1
5091 4
5092 3
5093 2
5094 4
5095 1
5096 3
5097 2
5098 1
5099 0
5100 1
5101 1
5102 2
5103 0
5104 2
5105 2
5106 1
5107 1
5108 3
5109 0
5110 1
5111 5
5112 1
5113 3
5114 5
5115 1
5116 4
5117 5
5118 4
5119 4
5120 3
5121 3
5122 1
5123 5
5124 1
5125 3
5126 3
5127 3
5128 1
5129 1
5130 1
5131 0
5132 5
5133 1
5134 2
5135 3
5136 2
5137 4
5138 1
5139 1
5140 1
5141 4
5142 3
5143 0
5144 2
5145 4
5146 1
5147 3
5148 3
5149 3
5150 1
5151 8
5152 0
5153 3
5154 3
5155 5
5156 4
5157 1
5158 1
5159 5
5160 5
5161 4
5162 2
5163 6
5164 2
5165 3
5166 2
5167 1
5168 2
5169 4
5170 0
5171 4
5172 5
5173 4
5174 4
5175 1
5176 2
5177 1
5178 1
5179 4
5180 3
5181 1
5182 0
5183 4
5184 4
5185 4
5186 2
5187 2
5188 2
5189 3
5190 3
5191 2
5192 3
5193 3
5194 3
5195 1
5196 2
5197 2
5198 1
5199 2
5200 1
5201 1
5202 1
5203 1
5204 2
5205 5
5206 1
5207 4
5208 1
5209 1
5210 1
5211 0
5212 2
5213 2
5214 3
5215 2
5216 3
5217 2
5218 5
5219 1
5220 5
5221 3
5222 3
5223 2
5224 0
5225 2
5226 1
5227 3
5228 0
5229 3
5230 0
5231 3
5232 4
5233 4
5234 0
5235 4
5236 1
5237 2
5238 3
5239 1
5240 2
5241 0
5242 1
5243 3
5244 1
5245 3
5246 3
5247 1
5248 2
5249 2
5250 2
5251 0
5252 3
5253 0
5254 1
5255 1
5256 2
5257 0
5258 1
5259 3
5260 2
5261 1
5262 2
5263 1
5264 2
5265 2
5266 4
5267 4
5268 3
5269 4
5270 0
5271 0
5272 1
5273 0
5274 0
5275 0
5276 4
5277 6
5278 2
5279 2
5280 3
5281 2
5282 1
5283 3
5284 2
5285 4
5286 3
5287 2
5288 4
5289 2
5290 3
5291 3
5292 0
5293 2
5294 3
5295 1
5296 3
5297 1
5298 3
5299 2
5300 1
5301 3
5302 3
5303 2
5304 3
5305 1
5306 2
5307 0
5308 0
5309 3
5310 1
5311 0
5312 0
5313 3
5314 1
5315 1
5316 2
5317 1
5318 2
5319 2
5320 2
5321 3
5322 3
5323 4
5324 3
5325 1
5326 4
5327 3
5328 1
5329 2
5330 1
5331 3
5332 1
5333 0
5334 2
5335 0
5336 3
5337 1
5338 4
5339 2
5340 1
5341 2
5342 2
5343 1
5344 4
5345 1
5346 3
5347 3
5348 4
5349 3
5350 1
5351 4
5352 6
5353 1
5354 3
5355 0
5356 2
5357 3
5358 4
5359 4
5360 1
5361 2
5362 2
5363 3
5364 3
5365 4
5366 2
5367 1
5368 2
5369 2
5370 3
5371 2
5372 3
5373 2
5374 5
5375 5
5376 2
5377 1
5378 2
5379 1
5380 1
5381 2
5382 1
5383 2
5384 1
5385 3
5386 5
5387 2
5388 0
5389 4
5390 1
5391 3
5392 2
5393 2
5394 3
5395 2
5396 1
5397 4
5398 2
5399 2
5400 0
5401 3
5402 2
5403 3
5404 2
5405 1
5406 4
5407 1
5408 2
5409 1
5410 2
5411 0
5412 1
5413 3
5414 2
5415 5
5416 1
5417 4
5418 2
5419 2
5420 0
5421 3
5422 2
5423 2
5424 0
5425 0
5426 2
5427 1
5428 1
5429 3
5430 3
5431 1
5432 2
5433 4
5434 1
5435 3
5436 3
5437 1
5438 1
5439 1
5440 0
5441 2
5442 1
5443 0
5444 2
5445 6
5446 2
5447 1
5448 1
5449 1
5450 2
5451 1
5452 1
5453 2
5454 4
5455 2
5456 0
5457 0
5458 1
5459 3
5460 1
5461 3
5462 3
5463 3
5464 3
5465 1
5466 3
5467 2
5468 1
5469 1
5470 3
5471 1
5472 2
5473 2
5474 2
5475 2
5476 1
5477 2
5478 3
5479 2
5480 0
5481 1
5482 4
5483 0
5484 3
5485 3
5486 4
5487 2
5488 0
5489 3
5490 2
5491 1
5492 0
5493 4
5494 3
5495 3
5496 3
5497 3
5498 3
5499 1
5500 2
5501 1
5502 0
5503 2
5504 1
5505 1
5506 2
5507 0
5508 2
5509 2
5510 1
5511 1
5512 1
5513 1
5514 6
5515 4
5516 0
5517 3
5518 0
5519 2
5520 2
5521 0
5522 2
5523 1
5524 0
5525 2
5526 1
5527 0
5528 2
5529 1
5530 4
5531 0
5532 0
5533 0
5534 2
5535 3
5536 6
5537 4
5538 0
5539 1
5540 0
5541 0
5542 2
5543 1
5544 2
5545 2
5546 3
5547 2
5548 2
5549 3
5550 1
5551 1
5552 2
5553 0
5554 5
5555 4
5556 3
5557 3
5558 2
5559 2
5560 1
5561 2
5562 0
5563 2
5564 0
5565 0
5566 1
5567 3
5568 1
5569 4
5570 4
5571 1
5572 4
5573 4
5574 4
5575 5
5576 1
5577 2
5578 1
5579 1
5580 3
5581 1
5582 2
5583 0
5584 2
5585 2
5586 5
5587 2
5588 2
5589 1
5590 4
5591 2
5592 2
5593 3
5594 1
5595 2
5596 2
5597 1
5598 3
5599 2
5600 1
5601 2
5602 1
5603 1
5604 2
5605 0
5606 2
5607 1
5608 1
5609 2
5610 2
5611 2
5612 0
5613 1
5614 2
5615 1
5616 1
5617 0
5618 2
5619 1
5620 0
5621 4
5622 0
5623 0
5624 2
5625 4
5626 0
5627 2
5628 3
5629 2
5630 1
5631 1
5632 3
5633 0
5634 5
5635 1
5636 1
5637 0
5638 1
5639 4
5640 1
5641 4
5642 3
5643 0
5644 3
5645 4
5646 3
5647 2
5648 2
5649 2
5650 1
5651 1
5652 0
5653 2
5654 1
5655 1
5656 2
5657 5
5658 2
5659 1
5660 1
5661 3
5662 1
5663 1
5664 1
5665 3
5666 2
5667 1
5668 6
5669 4
5670 1
5671 0
5672 2
5673 2
5674 0
5675 4
5676 2
5677 3
5678 2
5679 0
5680 2
5681 0
5682 2
5683 1
5684 0
5685 1
5686 4
5687 3
5688 5
5689 3
5690 0
5691 1
5692 3
5693 2
5694 3
5695 0
5696 4
5697 1
5698 2
5699 1
5700 1
5701 2
5702 3
5703 2
5704 1
5705 1
5706 2
5707 1
5708 3
5709 2
5710 3
5711 4
5712 0
5713 2
5714 3
5715 6
5716 3
5717 2
5718 2
5719 1
5720 0
5721 1
5722 3
5723 0
5724 2
5725 4
5726 2
5727 2
5728 3
5729 3
5730 3
5731 2
5732 5
5733 1
5734 1
5735 2
5736 2
5737 2
5738 1
5739 2
5740 0
5741 3
5742 2
5743 4
5744 1
5745 3
5746 5
5747 2
5748 1
5749 2
5750 2
5751 1
5752 2
5753 2
5754 1
5755 2
5756 1
5757 4
5758 0
5759 1
5760 2
5761 3
5762 4
5763 3
5764 1
5765 2
5766 1
5767 0
5768 3
5769 6
5770 2
5771 5
5772 3
5773 2
5774 2
5775 1
5776 3
5777 3
5778 1
5779 0
5780 3
5781 2
5782 1
5783 2
5784 5
5785 2
5786 3
5787 1
5788 5
5789 3
5790 3
5791 1
5792 2
5793 2
5794 1
5795 6
5796 2
5797 1
5798 4
5799 1
5800 0
5801 1
5802 1
5803 1
5804 4
5805 2
5806 3
5807 0
5808 1
5809 2
5810 3
5811 5
5812 4
5813 2
5814 1
5815 3
5816 1
5817 3
5818 4
5819 3
5820 4
5821 1
5822 2
5823 1
5824 2
5825 3
5826 2
5827 0
5828 3
5829 4
5830 3
5831 1
5832 5
5833 2
5834 3
5835 1
5836 2
5837 1
5838 0
5839 0
5840 0
5841 0
5842 2
5843 4
5844 1
5845 0
5846 3
5847 4
5848 5
5849 1
5850 4
5851 2
5852 1
5853 3
5854 2
5855 2
5856 2
5857 1
5858 0
5859 1
5860 1
5861 3
5862 2
5863 0
5864 1
5865 2
5866 2
5867 2
5868 3
5869 0
5870 0
5871 2
5872 2
5873 2
5874 2
5875 2
5876 2
5877 6
5878 1
5879 6
5880 4
5881 1
5882 3
5883 3
5884 3
5885 3
5886 0
5887 1
5888 1
5889 0
5890 1
5891 3
5892 1
5893 2
5894 2
5895 5
5896 1
5897 1
5898 4
5899 3
5900 2
5901 4
5902 1
5903 2
5904 4
5905 3
5906 3
5907 2
5908 2
5909 0
5910 3
5911 3
5912 4
5913 0
5914 1
5915 2
5916 4
5917 1
5918 2
5919 2
5920 2
5921 3
5922 3
5923 1
5924 7
5925 1
5926 0
5927 4
5928 0
5929 4
5930 4
5931 0
5932 0
5933 0
5934 4
5935 1
5936 2
5937 5
5938 3
5939 1
5940 5
5941 2
5942 1
5943 2
5944 2
5945 3
5946 3
5947 2
5948 3
5949 1
5950 8
5951 3
5952 4
5953 1
5954 1
5955 3
5956 0
5957 0
5958 1
5959 1
5960 3
5961 1
5962 3
5963 3
5964 2
5965 3
5966 3
5967 2
5968 3
5969 3
5970 2
5971 2
5972 1
5973 0
5974 2
5975 2
5976 1
5977 3
5978 5
5979 2
5980 3
5981 1
5982 1
5983 0
5984 4
5985 3
5986 0
5987 2
5988 0
5989 1
5990 2
5991 2
5992 0
5993 1
5994 1
5995 1
5996 2
5997 1
5998 1
5999 1
6000 1
6001 2
6002 2
6003 1
6004 1
6005 1
6006 1
6007 0
6008 1
6009 1
6010 4
6011 2
6012 3
6013 1
6014 0
6015 0
6016 2
6017 5
6018 1
6019 1
6020 4
6021 3
6022 1
6023 1
6024 2
6025 2
6026 1
6027 2
6028 0
6029 4
6030 0
6031 1
6032 4
6033 2
6034 2
6035 1
6036 1
6037 0
6038 0
6039 0
6040 0
6041 2
6042 2
6043 1
6044 4
6045 4
6046 2
6047 4
6048 1
6049 2
6050 0
6051 0
6052 3
6053 3
6054 4
6055 1
6056 0
6057 1
6058 1
6059 1
6060 0
6061 2
6062 1
6063 1
6064 2
6065 1
6066 3
6067 0
6068 1
6069 2
6070 2
6071 5
6072 2
6073 0
6074 0
6075 5
6076 2
6077 4
6078 3
6079 1
6080 2
6081 1
6082 2
6083 2
6084 4
6085 3
6086 1
6087 1
6088 4
6089 4
6090 1
6091 3
6092 2
6093 2
6094 2
6095 3
6096 1
6097 1
6098 1
6099 3
6100 2
6101 2
6102 4
6103 3
6104 1
6105 0
6106 1
6107 0
6108 1
6109 1
6110 2
6111 1
6112 2
6113 3
6114 2
6115 1
6116 4
6117 1
6118 1
6119 1
6120 2
6121 1
6122 0
6123 1
6124 1
6125 2
6126 2
6127 0
6128 2
6129 2
6130 3
6131 4
6132 2
6133 4
6134 2
6135 3
6136 4
6137 1
6138 1
6139 4
6140 0
6141 1
6142 0
6143 4
6144 4
6145 1
6146 1
6147 4
6148 3
6149 0
6150 2
6151 0
6152 4
6153 3
6154 0
6155 1
6156 0
6157 2
6158 2
6159 0
6160 1
6161 4
6162 1
6163 1
6164 2
6165 5
6166 2
6167 2
6168 2
6169 3
6170 2
6171 2
6172 2
6173 4
6174 0
6175 1
6176 1
6177 3
6178 1
6179 5
6180 0
6181 2
6182 2
6183 3
6184 1
6185 3
6186 0
6187 2
6188 0
6189 1
6190 1
6191 0
6192 1
6193 3
6194 4
6195 2
6196 1
6197 1
6198 2
6199 3
6200 1
6201 1
6202 0
6203 3
6204 2
6205 1
6206 4
6207 3
6208 3
6209 2
6210 0
6211 2
6212 1
6213 2
6214 0
6215 3
6216 1
6217 0
6218 4
6219 7
6220 1
6221 3
6222 3
6223 2
6224 1
6225 4
6226 2
6227 0
6228 2
6229 3
6230 2
6231 3
6232 4
6233 3
6234 1
6235 0
6236 5
6237 2
6238 1
6239 5
6240 1
6241 2
6242 1
6243 3
6244 2
6245 2
6246 2
6247 1
6248 1
6249 1
6250 0
6251 1
6252 3
6253 5
6254 2
6255 0
6256 2
6257 0
6258 1
6259 5
6260 2
6261 0
6262 4
6263 3
6264 3
6265 0
6266 2
6267 4
6268 3
6269 1
6270 0
6271 1
6272 2
6273 1
6274 2
6275 1
6276 1
6277 1
6278 3
6279 2
6280 0
6281 4
6282 5
6283 3
6284 2
6285 2
6286 3
6287 2
6288 2
6289 3
6290 3
6291 3
6292 3
6293 1
6294 4
6295 5
6296 3
6297 2
6298 4
6299 2
6300 2
6301 2
6302 2
6303 3
6304 2
6305 2
6306 2
6307 3
6308 2
6309 6
6310 0
6311 5
6312 1
6313 0
6314 3
6315 4
6316 3
6317 1
6318 2
6319 3
6320 1
6321 5
6322 4
6323 1
6324 2
6325 0
6326 0
6327 1
6328 1
6329 2
6330 2
6331 2
6332 1
6333 2
6334 1
6335 3
6336 5
6337 2
6338 0
6339 3
6340 1
6341 2
6342 5
6343 1
6344 1
6345 2
6346 4
6347 2
6348 3
6349 2
6350 0
6351 1
6352 1
6353 0
6354 2
6355 4
6356 2
6357 2
6358 0
6359 2
6360 0
6361 1
6362 1
6363 2
6364 2
6365 0
6366 1
6367 3
6368 3
6369 1
6370 1
6371 0
6372 3
6373 0
6374 1
6375 1
6376 2
6377 3
6378 2
6379 3
6380 0
6381 4
6382 1
6383 0
6384 3
6385 2
6386 3
6387 2
6388 2
6389 1
6390 0
6391 2
6392 2
6393 1
6394 2
6395 1
6396 5
6397 0
6398 2
6399 1
6400 0
6401 0
6402 4
6403 1
6404 3
6405 3
6406 4
6407 3
6408 2
6409 2
6410 2
6411 2
6412 5
6413 1
6414 0
6415 1
6416 3
6417 3
6418 1
6419 6
6420 3
6421 2
6422 3
6423 2
6424 3
6425 0
6426 1
6427 4
6428 1
6429 3
6430 2
6431 4
6432 3
6433 2
6434 1
6435 2
6436 3
6437 1
6438 1
6439 1
6440 2
6441 2
6442 4
6443 4
6444 3
6445 2
6446 4
6447 2
6448 2
6449 3
6450 3
6451 2
6452 0
6453 3
6454 2
6455 4
6456 2
6457 1
6458 1
6459 0
6460 2
6461 0
6462 3
6463 1
6464 4
6465 3
6466 0
6467 2
6468 1
6469 0
6470 2
6471 3
6472 2
6473 2
6474 4
6475 1
6476 1
6477 1
6478 2
6479 1
6480 2
6481 2
6482 2
6483 1
6484 1
6485 4
6486 3
6487 1
6488 4
6489 2
6490 0
6491 1
6492 3
6493 3
6494 1
6495 0
6496 2
6497 3
6498 2
6499 2
6500 2
6501 0
6502 2
6503 2
6504 1
6505 2
6506 1
6507 2
6508 1
6509 2
6510 1
6511 1
6512 2
6513 3
6514 2
6515 2
6516 2
6517 4
6518 3
6519 3
6520 4
6521 3
6522 3
6523 1
6524 2
6525 1
6526 1
6527 2
6528 1
6529 1
6530 4
6531 2
6532 1
6533 3
6534 1
6535 4
6536 2
6537 2
6538 0
6539 2
6540 2
6541 3
6542 2
6543 4
6544 1
6545 1
6546 2
6547 1
6548 3
6549 1
6550 1
6551 1
6552 3
6553 2
6554 3
6555 2
6556 2
6557 2
6558 1
6559 3
6560 5
6561 1
6562 1
6563 2
6564 0
6565 0
6566 1
6567 1
6568 2
6569 2
6570 3
6571 1
6572 0
6573 3
6574 2
6575 4
6576 0
6577 2
6578 1
6579 3
6580 1
6581 2
6582 1
6583 0
6584 1
6585 4
6586 1
6587 1
6588 2
6589 2
6590 2
6591 3
6592 1
6593 1
6594 1
6595 1
6596 2
6597 1
6598 4
6599 2
6600 1
6601 2
6602 3
6603 3
6604 1
6605 2
6606 7
6607 2
6608 1
6609 3
6610 4
6611 0
6612 3
6613 4
6614 2
6615 5
6616 1
6617 3
6618 0
6619 2
6620 2
6621 1
6622 2
6623 0
6624 3
6625 5
6626 0
6627 1
6628 2
6629 8
6630 3
6631 0
6632 1
6633 1
6634 1
6635 3
6636 2
6637 2
6638 0
6639 1
6640 2
6641 0
6642 3
6643 3
6644 1
6645 1
6646 3
6647 2
6648 1
6649 0
6650 2
6651 2
6652 3
6653 2
6654 4
6655 4
6656 0
6657 2
6658 0
6659 2
6660 1
6661 2
6662 0
6663 3
6664 1
6665 1
6666 0
6667 0
6668 2
6669 3
6670 3
6671 1
6672 3
6673 0
6674 1
6675 3
6676 1
6677 1
6678 1
6679 2
6680 3
6681 2
6682 1
6683 3
6684 2
6685 3
6686 4
6687 3
6688 1
6689 3
6690 0
6691 3
6692 1
6693 3
6694 1
6695 2
6696 2
6697 4
6698 2
6699 1
6700 0
6701 3
6702 0
6703 1
6704 3
6705 2
6706 0
6707 1
6708 5
6709 3
6710 0
6711 1
6712 2
6713 5
6714 3
6715 2
6716 0
6717 1
6718 4
6719 2
6720 1
6721 0
6722 1
6723 1
6724 0
6725 3
6726 2
6727 0
6728 3
6729 2
6730 1
6731 2
6732 1
6733 1
6734 2
6735 1
6736 3
6737 2
6738 7
6739 4
6740 0
6741 0
6742 2
6743 2
6744 2
6745 4
6746 2
6747 1
6748 2
6749 3
6750 1
6751 6
6752 1
6753 2
6754 4
6755 5
6756 3
6757 2
6758 2
6759 0
6760 2
6761 2
6762 0
6763 2
6764 4
6765 1
6766 4
6767 1
6768 3
6769 2
6770 3
6771 2
6772 2
6773 1
6774 2
6775 1
6776 1
6777 3
6778 2
6779 4
6780 0
6781 3
6782 4
6783 2
6784 2
6785 1
6786 3
6787 2
6788 3
6789 1
6790 3
6791 4
6792 2
6793 2
6794 2
6795 2
6796 2
6797 1
6798 1
6799 0
6800 3
6801 2
6802 4
6803 2
6804 2
6805 2
6806 2
6807 0
6808 1
6809 1
6810 2
6811 2
6812 3
6813 1
6814 4
6815 0
6816 3
6817 3
6818 1
6819 0
6820 1
6821 3
6822 1
6823 1
6824 4
6825 1
6826 4
6827 2
6828 2
6829 5
6830 1
6831 1
6832 3
6833 2
6834 3
6835 2
6836 1
6837 1
6838 2
6839 1
6840 1
6841 2
6842 4
6843 2
6844 3
6845 1
6846 2
6847 1
6848 0
6849 2
6850 1
6851 0
6852 2
6853 0
6854 0
6855 1
6856 2
6857 2
6858 1
6859 2
6860 0
6861 4
6862 3
6863 5
6864 3
6865 2
6866 2
6867 2
6868 1
6869 1
6870 1
6871 0
6872 2
6873 3
6874 1
6875 0
6876 1
6877 0
6878 4
6879 4
6880 0
6881 1
6882 1
6883 2
6884 1
6885 1
6886 2
6887 4
6888 1
6889 1
6890 4
6891 1
6892 1
6893 1
6894 2
6895 5
6896 2
6897 3
6898 1
6899 2
6900 1
6901 3
6902 3
6903 3
6904 3
6905 2
6906 0
6907 1
6908 2
6909 2
6910 0
6911 3
6912 4
6913 2
6914 2
6915 3
6916 4
6917 1
6918 3
6919 2
6920 1
6921 3
6922 3
6923 2
6924 1
6925 3
6926 1
6927 3
6928 6
6929 2
6930 1
6931 3
6932 0
6933 2
6934 1
6935 2
6936 0
6937 1
6938 4
6939 3
6940 2
6941 4
6942 1
6943 1
6944 2
6945 4
6946 4
6947 2
6948 0
6949 1
6950 0
6951 0
6952 2
6953 3
6954 0
6955 0
6956 2
6957 5
6958 1
6959 1
6960 1
6961 3
6962 4
6963 1
6964 5
6965 0
6966 1
6967 4
6968 0
6969 0
6970 3
6971 2
6972 4
6973 1
6974 0
6975 2
6976 5
6977 0
6978 1
6979 5
6980 3
6981 4
6982 4
6983 1
6984 1
6985 1
6986 5
6987 1
6988 3
6989 2
6990 6
6991 1
6992 2
6993 0
6994 1
6995 2
6996 1
6997 1
6998 2
6999 2
7000 2
7001 6
7002 3
7003 0
7004 1
7005 5
7006 2
7007 3
7008 4
7009 0
7010 1
7011 4
7012 3
7013 0
7014 2
7015 3
7016 3
7017 3
7018 2
7019 0
7020 3
7021 2
7022 2
7023 2
7024 2
7025 0
7026 3
7027 4
7028 1
7029 3
7030 2
7031 4
7032 1
7033 2
7034 3
7035 1
7036 2
7037 1
7038 3
7039 1
7040 1
7041 2
7042 3
7043 2
7044 0
7045 2
7046 0
7047 2
7048 2
7049 3
7050 4
7051 1
7052 3
7053 3
7054 2
7055 2
7056 3
7057 2
7058 0
7059 1
7060 4
7061 0
7062 1
7063 1
7064 4
7065 3
7066 4
7067 2
7068 2
7069 2
7070 2
7071 4
7072 0
7073 2
7074 2
7075 4
7076 1
7077 4
7078 2
7079 3
7080 2
7081 0
7082 0
7083 2
7084 2
7085 1
7086 3
7087 5
7088 2
7089 1
7090 2
7091 4
7092 1
7093 3
7094 1
7095 3
7096 1
7097 2
7098 4
7099 1
7100 2
7101 4
7102 3
7103 0
7104 2
7105 3
7106 3
7107 2
7108 3
7109 1
7110 0
7111 1
7112 0
7113 4
7114 3
7115 1
7116 3
7117 1
7118 0
7119 2
7120 1
7121 3
7122 3
7123 1
7124 2
7125 1
7126 0
7127 0
7128 1
7129 2
7130 3
7131 1
7132 1
7133 1
7134 2
7135 1
7136 0
7137 1
7138 2
7139 1
7140 2
7141 1
7142 1
7143 1
7144 2
7145 2
7146 5
7147 2
7148 1
7149 1
7150 4
7151 2
7152 3
7153 3
7154 1
7155 3
7156 4
7157 4
7158 2
7159 1
7160 1
7161 2
7162 2
7163 2
7164 3
7165 6
7166 2
7167 1
7168 2
7169 0
7170 1
7171 3
7172 2
7173 2
7174 1
7175 2
7176 6
7177 2
7178 1
7179 1
7180 2
7181 3
7182 1
7183 3
7184 2
7185 0
7186 2
7187 2
7188 0
7189 2
7190 1
7191 2
7192 2
7193 3
7194 0
7195 0
7196 0
7197 1
7198 3
7199 0
7200 1
7201 4
7202 2
7203 2
7204 1
7205 2
7206 0
7207 5
7208 1
7209 1
7210 1
7211 4
7212 1
7213 2
7214 5
7215 0
7216 1
7217 5
7218 2
7219 2
7220 3
7221 2
7222 2
7223 0
7224 0
7225 3
7226 0
7227 2
7228 4
7229 3
7230 3
7231 2
7232 3
7233 3
7234 3
7235 1
7236 1
7237 2
7238 1
7239 5
7240 4
7241 3
7242 1
7243 2
7244 1
7245 0
7246 0
7247 1
7248 4
7249 3
7250 1
7251 1
7252 0
7253 6
7254 1
7255 0
7256 2
7257 1
7258 0
7259 4
7260 3
7261 0
7262 3
7263 2
7264 1
7265 3
7266 1
7267 2
7268 1
7269 3
7270 4
7271 2
7272 1
7273 1
7274 2
7275 0
7276 3
7277 1
7278 0
7279 1
7280 5
7281 0
7282 4
7283 2
7284 2
7285 1
7286 1
7287 2
7288 3
7289 2
7290 1
7291 3
7292 2
7293 3
7294 2
7295 2
7296 1
7297 3
7298 2
7299 3
7300 1
7301 0
7302 3
7303 1
7304 5
7305 2
7306 3
7307 2
7308 4
7309 2
7310 2
7311 3
7312 2
7313 1
7314 0
7315 2
7316 1
7317 2
7318 0
7319 0
7320 5
7321 3
7322 2
7323 1
7324 4
7325 1
7326 0
7327 1
7328 0
7329 2
7330 0
7331 1
7332 2
7333 1
7334 3
7335 2
7336 4
7337 1
7338 2
7339 3
7340 1
7341 1
7342 2
7343 1
7344 1
7345 2
7346 1
7347 4
7348 4
7349 4
7350 1
7351 1
7352 6
7353 2
7354 4
7355 1
7356 2
7357 2
7358 1
7359 2
7360 1
7361 5
7362 0
7363 3
7364 3
7365 1
7366 1
7367 4
7368 3
7369 1
7370 2
7371 2
7372 0
7373 1
7374 9
7375 2
7376 1
7377 2
7378 5
7379 3
7380 2
7381 3
7382 1
7383 3
7384 2
7385 0
7386 1
7387 1
7388 0
7389 4
7390 0
7391 0
7392 4
7393 3
7394 0
7395 3
7396 2
7397 3
7398 2
7399 3
7400 0
7401 2
7402 2
7403 1
7404 2
7405 1
7406 5
7407 3
7408 4
7409 2
7410 2
7411 1
7412 2
7413 2
7414 0
7415 4
7416 0
7417 0
7418 1
7419 2
7420 1
7421 2
7422 2
7423 1
7424 2
7425 2
7426 2
7427 3
7428 3
7429 1
7430 0
7431 3
7432 4
7433 2
7434 3
7435 1
7436 4
7437 4
7438 3
7439 2
7440 3
7441 3
7442 4
7443 2
7444 3
7445 2
7446 3
7447 3
7448 1
7449 1
7450 0
7451 2
7452 3
7453 4
7454 1
7455 1
7456 3
7457 1
7458 1
7459 2
7460 2
7461 3
7462 1
7463 3
7464 1
7465 1
7466 3
7467 1
7468 6
7469 0
7470 3
7471 4
7472 0
7473 5
7474 1
7475 1
7476 5
7477 2
7478 1
7479 2
7480 2
7481 3
7482 3
7483 4
7484 1
7485 5
7486 0
7487 2
7488 2
7489 0
7490 2
7491 3
7492 2
7493 5
7494 1
7495 1
7496 1
7497 4
7498 2
7499 1
7500 1
7501 1
7502 3
7503 0
7504 0
7505 3
7506 0
7507 2
7508 3
7509 1
7510 2
7511 1
7512 2
7513 4
7514 3
7515 2
7516 3
7517 2
7518 1
7519 1
7520 1
7521 1
7522 0
7523 2
7524 4
7525 0
7526 0
7527 6
7528 3
7529 0
7530 3
7531 2
7532 0
7533 3
7534 3
7535 0
7536 7
7537 3
7538 2
7539 2
7540 2
7541 1
7542 2
7543 2
7544 1
7545 3
7546 1
7547 1
7548 1
7549 3
7550 5
7551 2
7552 0
7553 4
7554 2
7555 2
7556 2
7557 2
7558 2
7559 2
7560 4
7561 2
7562 0
7563 1
7564 4
7565 3
7566 1
7567 0
7568 4
7569 1
7570 5
7571 1
7572 2
7573 0
7574 1
7575 1
7576 0
7577 3
7578 1
7579 2
7580 2
7581 5
7582 1
7583 1
7584 2
7585 2
7586 3
7587 1
7588 0
7589 0
7590 3
7591 0
7592 5
7593 3
7594 2
7595 1
7596 2
7597 1
7598 2
7599 2
7600 1
7601 1
7602 2
7603 1
7604 2
7605 1
7606 4
7607 1
7608 4
7609 2
7610 3
7611 2
7612 1
7613 3
7614 2
7615 6
7616 1
7617 2
7618 5
7619 0
7620 6
7621 3
7622 1
7623 5
7624 2
7625 3
7626 2
7627 1
7628 5
7629 1
7630 0
7631 2
7632 5
7633 3
7634 1
7635 1
7636 0
7637 3
7638 5
7639 5
7640 2
7641 1
7642 3
7643 2
7644 2
7645 4
7646 3
7647 2
7648 4
7649 1
7650 1
7651 1
7652 1
7653 2
7654 1
7655 1
7656 3
7657 3
7658 3
7659 1
7660 3
7661 2
7662 0
7663 6
7664 4
7665 2
7666 4
7667 4
7668 1
7669 1
7670 3
7671 2
7672 5
7673 2
7674 2
7675 1
7676 2
7677 6
7678 2
7679 2
7680 3
7681 4
7682 2
7683 0
7684 2
7685 2
7686 0
7687 3
7688 0
7689 2
7690 3
7691 0
7692 3
7693 2
7694 5
7695 1
7696 0
7697 0
7698 2
7699 1
7700 1
7701 3
7702 3
7703 1
7704 1
7705 1
7706 2
7707 1
7708 0
7709 2
7710 2
7711 0
7712 0
7713 5
7714 1
7715 0
7716 4
7717 0
7718 0
7719 3
7720 3
7721 2
7722 3
7723 2
7724 2
7725 2
7726 2
7727 2
7728 2
7729 1
7730 2
7731 1
7732 1
7733 0
7734 3
7735 2
7736 1
7737 1
7738 0
7739 0
7740 1
7741 1
7742 2
7743 1
7744 3
7745 1
7746 3
7747 2
7748 2
7749 2
7750 1
7751 6
7752 3
7753 0
7754 2
7755 4
7756 4
7757 2
7758 1
7759 2
7760 3
7761 0
7762 1
7763 0
7764 0
7765 2
7766 2
7767 1
7768 2
7769 4
7770 1
7771 3
7772 4
7773 1
7774 2
7775 1
7776 6
7777 2
7778 1
7779 4
7780 0
7781 2
7782 1
7783 1
7784 3
7785 1
7786 0
7787 3
7788 2
7789 3
7790 4
7791 5
7792 2
7793 1
7794 5
7795 1
7796 2
7797 3
7798 2
7799 3
7800 2
7801 2
7802 3
7803 0
7804 2
7805 2
7806 2
7807 0
7808 0
7809 0
7810 0
7811 2
7812 3
7813 2
7814 1
7815 0
7816 0
7817 1
7818 2
7819 3
7820 3
7821 2
7822 2
7823 1
7824 4
7825 1
7826 2
7827 0
7828 2
7829 2
7830 0
7831 3
7832 1
7833 2
7834 1
7835 2
7836 2
7837 1
7838 1
7839 2
7840 2
7841 1
7842 2
7843 2
7844 3
7845 3
7846 0
7847 2
7848 2
7849 1
7850 1
7851 3
7852 1
7853 4
7854 3
7855 1
7856 1
7857 1
7858 0
7859 2
7860 0
7861 0
7862 1
7863 3
7864 3
7865 3
7866 1
7867 1
7868 2
7869 2
7870 4
7871 4
7872 3
7873 2
7874 2
7875 2
7876 3
7877 3
7878 4
7879 1
7880 5
7881 3
7882 3
7883 0
7884 2
7885 3
7886 0
7887 2
7888 4
7889 2
7890 0
7891 2
7892 3
7893 3
7894 0
7895 0
7896 2
7897 2
7898 0
7899 4
7900 4
7901 3
7902 1
7903 0
7904 2
7905 3
7906 2
7907 1
7908 3
7909 0
7910 1
7911 3
7912 1
7913 0
7914 0
7915 0
7916 1
7917 3
7918 1
7919 1
7920 0
7921 6
7922 2
7923 4
7924 1
7925 1
7926 1
7927 2
7928 1
7929 2
7930 2
7931 3
7932 3
7933 4
7934 0
7935 2
7936 1
7937 0
7938 0
7939 2
7940 4
7941 2
7942 3
7943 1
7944 1
7945 3
7946 1
7947 5
7948 3
7949 4
7950 0
7951 2
7952 1
7953 1
7954 5
7955 3
7956 2
7957 2
7958 4
7959 2
7960 1
7961 2
7962 0
7963 4
7964 2
7965 1
7966 5
7967 3
7968 1
7969 3
7970 4
7971 2
7972 2
7973 0
7974 3
7975 2
7976 0
7977 1
7978 0
7979 2
7980 0
7981 1
7982 2
7983 1
7984 1
7985 1
7986 2
7987 2
7988 1
7989 0
7990 1
7991 1
7992 1
7993 2
7994 4
7995 2
7996 1
7997 2
7998 2
7999 0
8000 2
8001 1
8002 1
8003 2
8004 4
8005 2
8006 2
8007 1
8008 1
8009 4
8010 3
8011 3
8012 0
8013 1
8014 4
8015 1
8016 1
8017 2
8018 0
8019 4
8020 2
8021 1
8022 0
8023 2
8024 1
8025 4
8026 4
8027 4
8028 3
8029 1
8030 1
8031 0
8032 4
8033 3
8034 5
8035 1
8036 1
8037 1
8038 1
8039 1
8040 1
8041 1
8042 3
8043 1
8044 5
8045 2
8046 3
8047 0
8048 1
8049 0
8050 1
8051 1
8052 1
8053 2
8054 3
8055 2
8056 2
8057 1
8058 3
8059 3
8060 1
8061 4
8062 0
8063 3
8064 0
8065 1
8066 2
8067 1
8068 1
8069 4
8070 1
8071 1
8072 3
8073 3
8074 2
8075 2
8076 3
8077 3
8078 1
8079 2
8080 1
8081 3
8082 4
8083 2
8084 0
8085 0
8086 2
8087 2
8088 1
8089 3
8090 2
8091 2
8092 1
8093 4
8094 3
8095 0
8096 2
8097 2
8098 3
8099 4
8100 1
8101 2
8102 2
8103 5
8104 1
8105 3
8106 2
8107 4
8108 2
8109 2
8110 2
8111 2
8112 2
8113 2
8114 3
8115 1
8116 4
8117 0
8118 3
8119 3
8120 1
8121 1
8122 1
8123 2
8124 2
8125 2
8126 2
8127 0
8128 3
8129 2
8130 3
8131 0
8132 3
8133 2
8134 3
8135 2
8136 2
8137 2
8138 3
8139 3
8140 0
8141 3
8142 4
8143 3
8144 1
8145 2
8146 1
8147 1
8148 1
8149 3
8150 2
8151 2
8152 6
8153 2
8154 2
8155 2
8156 2
8157 2
8158 3
8159 3
8160 3
8161 1
8162 2
8163 2
8164 1
8165 1
8166 2
8167 1
8168 3
8169 3
8170 4
8171 4
8172 3
8173 3
8174 1
8175 2
8176 1
8177 0
8178 1
8179 3
8180 3
8181 2
8182 1
8183 1
8184 3
8185 2
8186 3
8187 0
8188 3
8189 2
8190 0
8191 0
8192 3
8193 2
8194 1
8195 3
8196 3
8197 3
8198 0
8199 2
8200 2
8201 2
8202 0
8203 1
8204 1
8205 1
8206 1
8207 3
8208 1
8209 2
8210 2
8211 1
8212 6
8213 2
8214 1
8215 1
8216 3
8217 3
8218 3
8219 0
8220 0
8221 3
8222 3
8223 5
8224 1
8225 4
8226 3
8227 1
8228 0
8229 3
8230 2
8231 3
8232 5
8233 5
8234 2
8235 1
8236 2
8237 0
8238 1
8239 3
8240 2
8241 1
8242 2
8243 1
8244 2
8245 1
8246 2
8247 2
8248 2
8249 2
8250 0
8251 0
8252 0
8253 1
8254 2
8255 6
8256 1
8257 3
8258 1
8259 2
8260 1
8261 4
8262 1
8263 1
8264 2
8265 1
8266 2
8267 2
8268 1
8269 1
8270 3
8271 2
8272 0
8273 2
8274 1
8275 1
8276 1
8277 2
8278 4
8279 3
8280 1
8281 2
8282 1
8283 1
8284 4
8285 2
8286 1
8287 1
8288 1
8289 1
8290 2
8291 1
8292 0
8293 1
8294 4
8295 2
8296 3
8297 1
8298 0
8299 0
8300 1
8301 2
8302 3
8303 3
8304 3
8305 1
8306 2
8307 3
8308 4
8309 3
8310 0
8311 4
8312 0
8313 2
8314 1
8315 3
8316 2
8317 1
8318 0
8319 2
8320 3
8321 3
8322 2
8323 3
8324 4
8325 2
8326 1
8327 1
8328 1
8329 4
8330 4
8331 1
8332 0
8333 3
8334 0
8335 0
8336 3
8337 1
8338 4
8339 4
8340 2
8341 1
8342 3
8343 1
8344 0
8345 2
8346 3
8347 1
8348 4
8349 4
8350 1
8351 3
8352 0
8353 1
8354 0
8355 4
8356 1
8357 1
8358 3
8359 2
8360 4
8361 5
8362 1
8363 3
8364 1
8365 4
8366 3
8367 1
8368 6
8369 5
8370 0
8371 2
8372 2
8373 2
8374 2
8375 3
8376 2
8377 2
8378 4
8379 2
8380 5
8381 2
8382 0
8383 6
8384 0
8385 1
8386 3
8387 1
8388 3
8389 3
8390 0
8391 2
8392 0
8393 3
8394 1
8395 0
8396 2
8397 1
8398 2
8399 2
8400 1
8401 2
8402 3
8403 1
8404 2
8405 2
8406 0
8407 1
8408 4
8409 3
8410 2
8411 2
8412 4
8413 4
8414 2
8415 7
8416 7
8417 2
8418 3
8419 2
8420 4
8421 2
8422 5
8423 0
8424 2
8425 1
8426 3
8427 1
8428 2
8429 5
8430 1
8431 1
8432 2
8433 2
8434 5
8435 1
8436 4
8437 1
8438 3
8439 1
8440 0
8441 1
8442 1
8443 1
8444 1
8445 3
8446 2
8447 3
8448 4
8449 3
8450 1
8451 3
8452 0
8453 4
8454 5
8455 0
8456 0
8457 1
8458 5
8459 1
8460 2
8461 1
8462 2
8463 0
8464 2
8465 2
8466 2
8467 1
8468 0
8469 1
8470 0
8471 1
8472 5
8473 4
8474 4
8475 1
8476 4
8477 1
8478 4
8479 4
8480 1
8481 4
8482 2
8483 4
8484 2
8485 3
8486 2
8487 4
8488 3
8489 2
8490 2
8491 4
8492 0
8493 1
8494 4
8495 1
8496 4
8497 0
8498 2
8499 1
8500 1
8501 2
8502 1
8503 2
8504 3
8505 2
8506 4
8507 2
8508 2
8509 4
8510 0
8511 3
8512 1
8513 1
8514 3
8515 5
8516 3
8517 1
8518 3
8519 5
8520 2
8521 1
8522 1
8523 2
8524 3
8525 3
8526 2
8527 1
8528 4
8529 2
8530 1
8531 2
8532 0
8533 1
8534 1
8535 1
8536 4
8537 1
8538 3
8539 3
8540 1
8541 1
8542 1
8543 0
8544 1
8545 3
8546 1
8547 1
8548 1
8549 5
8550 2
8551 3
8552 2
8553 5
8554 0
8555 1
8556 2
8557 1
8558 3
8559 2
8560 1
8561 0
8562 2
8563 3
8564 2
8565 3
8566 1
8567 5
8568 1
8569 2
8570 7
8571 0
8572 3
8573 0
8574 0
8575 2
8576 1
8577 0
8578 0
8579 0
8580 2
8581 3
8582 1
8583 4
8584 4
8585 4
8586 2
8587 2
8588 5
8589 2
8590 2
8591 1
8592 3
8593 2
8594 1
8595 5
8596 4
8597 1
8598 4
8599 2
8600 3
8601 2
8602 4
8603 2
8604 3
8605 3
8606 0
8607 1
8608 3
8609 3
8610 2
8611 3
8612 5
8613 2
8614 2
8615 0
8616 2
8617 1
8618 2
8619 4
8620 1
8621 3
8622 2
8623 2
8624 3
8625 2
8626 2
8627 4
8628 1
8629 4
8630 3
8631 1
8632 2
8633 3
8634 5
8635 1
8636 0
8637 3
8638 0
8639 3
8640 1
8641 2
8642 0
8643 3
8644 4
8645 2
8646 1
8647 1
8648 3
8649 3
8650 5
8651 2
8652 1
8653 0
8654 2
8655 3
8656 0
8657 1
8658 3
8659 3
8660 0
8661 0
8662 3
8663 1
8664 2
8665 1
8666 4
8667 6
8668 2
8669 0
8670 3
8671 3
8672 1
8673 3
8674 1
8675 2
8676 1
8677 2
8678 4
8679 1
8680 1
8681 4
8682 0
8683 3
8684 3
8685 2
8686 2
8687 1
8688 3
8689 1
8690 3
8691 2
8692 3
8693 4
8694 2
8695 1
8696 1
8697 2
8698 1
8699 2
8700 2
8701 5
8702 3
8703 1
8704 0
8705 3
8706 2
8707 1
8708 3
8709 2
8710 4
8711 0
8712 3
8713 2
8714 0
8715 3
8716 0
8717 2
8718 2
8719 3
8720 5
8721 3
8722 2
8723 4
8724 5
8725 1
8726 2
8727 1
8728 4
8729 4
8730 4
8731 0
8732 3
8733 2
8734 2
8735 4
8736 5
8737 0
8738 1
8739 2
8740 1
8741 1
8742 2
8743 2
8744 3
8745 2
8746 4
8747 1
8748 1
8749 2
8750 3
8751 0
8752 2
8753 1
8754 5
8755 1
8756 2
8757 1
8758 2
8759 2
8760 0
8761 3
8762 3
8763 1
8764 2
8765 4
8766 4
8767 2
8768 2
8769 1
8770 2
8771 3
8772 2
8773 3
8774 5
8775 1
8776 2
8777 4
8778 4
8779 3
8780 2
8781 2
8782 1
8783 1
8784 2
8785 4
8786 4
8787 1
8788 2
8789 0
8790 1
8791 1
8792 1
8793 2
8794 2
8795 3
8796 1
8797 5
8798 2
8799 1
8800 2
8801 5
8802 2
8803 2
8804 1
8805 2
8806 1
8807 3
8808 0
8809 0
8810 1
8811 4
8812 1
8813 4
8814 0
8815 0
8816 4
8817 7
8818 2
8819 2
8820 1
8821 3
8822 2
8823 2
8824 2
8825 0
8826 4
8827 2
8828 2
8829 1
8830 2
8831 1
8832 0
8833 0
8834 1
8835 5
8836 2
8837 2
8838 2
8839 4
8840 3
8841 4
8842 1
8843 1
8844 2
8845 4
8846 2
8847 3
8848 1
8849 3
8850 2
8851 2
8852 1
8853 2
8854 0
8855 2
8856 0
8857 2
8858 1
8859 0
8860 2
8861 0
8862 2
8863 1
8864 2
8865 2
8866 0
8867 0
8868 0
8869 0
8870 4
8871 2
8872 4
8873 1
8874 1
8875 4
8876 1
8877 2
8878 3
8879 3
8880 0
8881 1
8882 2
8883 3
8884 4
8885 3
8886 5
8887 4
8888 2
8889 1
8890 4
8891 1
8892 1
8893 1
8894 0
8895 4
8896 2
8897 4
8898 1
8899 1
8900 1
8901 2
8902 3
8903 4
8904 3
8905 2
8906 2
8907 2
8908 3
8909 3
8910 1
8911 2
8912 2
8913 0
8914 1
8915 2
8916 3
8917 1
8918 2
8919 3
8920 1
8921 3
8922 1
8923 4
8924 3
8925 3
8926 2
8927 1
8928 3
8929 3
8930 2
8931 0
8932 3
8933 1
8934 2
8935 1
8936 2
8937 3
8938 4
8939 4
8940 3
8941 1
8942 2
8943 2
8944 4
8945 0
8946 3
8947 1
8948 1
8949 0
8950 1
8951 3
8952 2
8953 3
8954 5
8955 5
8956 2
8957 2
8958 0
8959 2
8960 3
8961 1
8962 0
8963 3
8964 3
8965 1
8966 2
8967 3
8968 3
8969 1
8970 0
8971 3
8972 0
8973 3
8974 0
8975 0
8976 3
8977 1
8978 2
8979 3
8980 4
8981 2
8982 1
8983 2
8984 1
8985 1
8986 1
8987 2
8988 2
8989 1
8990 2
8991 3
8992 5
8993 1
8994 3
8995 5
8996 0
8997 6
8998 2
8999 2
9000 2
9001 1
9002 1
9003 4
9004 3
9005 1
9006 2
9007 3
9008 1
9009 0
9010 3
9011 1
9012 2
9013 0
9014 0
9015 3
9016 0
9017 1
9018 1
9019 1
9020 4
9021 2
9022 2
9023 0
9024 0
9025 2
9026 5
9027 2
9028 4
9029 1
9030 4
9031 1
9032 3
9033 2
9034 3
9035 2
9036 2
9037 1
9038 3
9039 0
9040 0
9041 0
9042 0
9043 0
9044 3
9045 3
9046 1
9047 2
9048 3
9049 1
9050 2
9051 3
9052 1
9053 0
9054 4
9055 2
9056 2
9057 1
9058 2
9059 4
9060 1
9061 3
9062 1
9063 1
9064 5
9065 2
9066 5
9067 3
9068 1
9069 6
9070 3
9071 0
9072 1
9073 0
9074 4
9075 3
9076 0
9077 2
9078 1
9079 0
9080 0
9081 3
9082 1
9083 3
9084 1
9085 2
9086 0
9087 2
9088 1
9089 4
9090 4
9091 0
9092 0
9093 2
9094 0
9095 0
9096 2
9097 3
9098 2
9099 3
9100 2
9101 4
9102 0
9103 0
9104 2
9105 2
9106 2
9107 2
9108 1
9109 1
9110 2
9111 0
9112 2
9113 2
9114 0
9115 3
9116 1
9117 2
9118 1
9119 3
9120 1
9121 3
9122 3
9123 0
9124 0
9125 1
9126 2
9127 1
9128 1
9129 2
9130 1
9131 2
9132 2
9133 2
9134 2
9135 2
9136 5
9137 3
9138 3
9139 2
9140 0
9141 0
9142 1
9143 5
9144 0
9145 0
9146 1
9147 3
9148 0
9149 3
9150 3
9151 3
9152 6
9153 0
9154 2
9155 2
9156 1
9157 2
9158 3
9159 2
9160 2
9161 2
9162 2
9163 4
9164 4
9165 3
9166 3
9167 3
9168 3
9169 4
9170 1
9171 2
9172 1
9173 1
9174 1
9175 1
9176 1
9177 3
9178 0
9179 2
9180 2
9181 2
9182 2
9183 0
9184 0
9185 4
9186 3
9187 4
9188 3
9189 2
9190 3
9191 1
9192 2
9193 4
9194 0
9195 1
9196 3
9197 1
9198 6
9199 3
9200 3
9201 2
9202 3
9203 0
9204 2
9205 1
9206 1
9207 5
9208 1
9209 2
9210 4
9211 4
9212 1
9213 3
9214 0
9215 4
9216 2
9217 5
9218 0
9219 1
9220 3
9221 3
9222 2
9223 2
9224 4
9225 2
9226 2
9227 1
9228 0
9229 2
9230 4
9231 3
9232 0
9233 4
9234 1
9235 1
9236 1
9237 3
9238 2
9239 1
9240 1
9241 4
9242 1
9243 1
9244 0
9245 2
9246 3
9247 3
9248 3
9249 1
9250 1
9251 2
9252 0
9253 3
9254 1
9255 2
9256 1
9257 0
9258 0
9259 1
9260 1
9261 2
9262 0
9263 3
9264 0
9265 3
9266 0
9267 4
9268 3
9269 3
9270 1
9271 4
9272 4
9273 1
9274 3
9275 2
9276 3
9277 2
9278 0
9279 5
9280 1
9281 1
9282 5
9283 1
9284 2
9285 0
9286 3
9287 0
9288 9
9289 2
9290 2
9291 4
9292 2
9293 1
9294 0
9295 0
9296 3
9297 1
9298 3
9299 2
9300 1
9301 1
9302 0
9303 1
9304 2
9305 2
9306 2
9307 3
9308 2
9309 0
9310 3
9311 4
9312 2
9313 3
9314 4
9315 2
9316 3
9317 2
9318 3
9319 2
9320 1
9321 4
9322 1
9323 1
9324 3
9325 1
9326 2
9327 2
9328 2
9329 3
9330 2
9331 0
9332 2
9333 0
9334 2
9335 2
9336 4
9337 2
9338 1
9339 3
9340 2
9341 5
9342 0
9343 2
9344 2
9345 1
9346 2
9347 3
9348 0
9349 2
9350 3
9351 3
9352 3
9353 2
9354 2
9355 2
9356 1
9357 2
9358 4
9359 1
9360 2
9361 0
9362 3
9363 1
9364 2
9365 4
9366 1
9367 1
9368 5
9369 4
9370 2
9371 3
9372 1
9373 5
9374 2
9375 2
9376 2
9377 0
9378 2
9379 5
9380 3
9381 0
9382 2
9383 4
9384 2
9385 3
9386 1
9387 2
9388 0
9389 3
9390 3
9391 2
9392 2
9393 2
9394 2
9395 2
9396 0
9397 0
9398 3
9399 0
9400 2
9401 1
9402 2
9403 1
9404 3
9405 2
9406 2
9407 2
9408 4
9409 2
9410 2
9411 0
9412 2
9413 0
9414 0
9415 3
9416 2
9417 1
9418 3
9419 1
9420 2
9421 0
9422 2
9423 3
9424 3
9425 1
9426 2
9427 4
9428 0
9429 1
9430 3
9431 2
9432 1
9433 1
9434 4
9435 0
9436 3
9437 1
9438 1
9439 2
9440 0
9441 3
9442 2
9443 2
9444 4
9445 1
9446 1
9447 1
9448 2
9449 2
9450 1
9451 3
9452 0
9453 1
9454 2
9455 2
9456 2
9457 3
9458 0
9459 1
9460 2
9461 1
9462 5
9463 1
9464 0
9465 2
9466 4
9467 1
9468 1
9469 2
9470 5
9471 1
9472 1
9473 3
9474 1
9475 0
9476 3
9477 3
9478 5
9479 2
9480 1
9481 1
9482 3
9483 5
9484 2
9485 2
9486 3
9487 6
9488 2
9489 1
9490 2
9491 2
9492 2
9493 1
9494 2
9495 2
9496 2
9497 1
9498 1
9499 2
9500 1
9501 1
9502 2
9503 1
9504 1
9505 5
9506 2
9507 2
9508 2
9509 1
9510 4
9511 0
9512 3
9513 2
9514 1
9515 1
9516 1
9517 2
9518 2
9519 1
9520 4
9521 3
9522 1
9523 1
9524 0
9525 4
9526 1
9527 3
9528 3
9529 2
9530 3
9531 4
9532 1
9533 2
9534 0
9535 1
9536 2
9537 1
9538 2
9539 0
9540 3
9541 2
9542 0
9543 1
9544 1
9545 2
9546 1
9547 3
9548 1
9549 1
9550 3
9551 1
9552 1
9553 5
9554 4
9555 1
9556 0
9557 0
9558 0
9559 1
9560 0
9561 1
9562 1
9563 2
9564 0
9565 0
9566 1
9567 1
9568 2
9569 2
9570 2
9571 1
9572 2
9573 1
9574 3
9575 3
9576 2
9577 3
9578 1
9579 1
9580 0
9581 4
9582 2
9583 2
9584 1
9585 4
9586 0
9587 4
9588 0
9589 5
9590 0
9591 5
9592 3
9593 0
9594 1
9595 4
9596 0
9597 4
9598 3
9599 7
9600 2
9601 3
9602 0
9603 1
9604 2
9605 1
9606 1
9607 2
9608 1
9609 4
9610 5
9611 3
9612 2
9613 3
9614 2
9615 4
9616 5
9617 1
9618 4
9619 1
9620 2
9621 3
9622 1
9623 1
9624 1
9625 3
9626 2
9627 1
9628 3
9629 2
9630 4
9631 0
9632 3
9633 2
9634 3
9635 0
9636 4
9637 1
9638 3
9639 4
9640 2
9641 3
9642 2
9643 4
9644 2
9645 1
9646 2
9647 3
9648 4
9649 1
9650 2
9651 4
9652 1
9653 4
9654 2
9655 0
9656 0
9657 1
9658 2
9659 2
9660 4
9661 0
9662 2
9663 1
9664 0
9665 1
9666 2
9667 0
9668 1
9669 0
9670 2
9671 0
9672 4
9673 1
9674 2
9675 3
9676 2
9677 1
9678 1
9679 1
9680 2
9681 3
9682 4
9683 1
9684 3
9685 2
9686 2
9687 3
9688 0
9689 3
9690 1
9691 3
9692 1
9693 4
9694 1
9695 3
9696 3
9697 1
9698 5
9699 4
9700 2
9701 3
9702 3
9703 1
9704 2
9705 0
9706 2
9707 1
9708 0
9709 2
9710 1
9711 0
9712 2
9713 4
9714 1
9715 3
9716 3
9717 1
9718 3
9719 2
9720 1
9721 1
9722 3
9723 3
9724 2
9725 1
9726 2
9727 3
9728 3
9729 2
9730 1
9731 0
9732 5
9733 3
9734 3
9735 1
9736 3
9737 2
9738 1
9739 3
9740 3
9741 0
9742 1
9743 7
9744 1
9745 3
9746 2
9747 4
9748 2
9749 1
9750 1
9751 0
9752 0
9753 4
9754 0
9755 3
9756 1
9757 2
9758 3
9759 2
9760 3
9761 1
9762 1
9763 2
9764 2
9765 5
9766 2
9767 1
9768 2
9769 2
9770 1
9771 1
9772 4
9773 2
9774 2
9775 0
9776 4
9777 3
9778 1
9779 4
9780 4
9781 3
9782 2
9783 1
9784 2
9785 3
9786 1
9787 2
9788 0
9789 3
9790 0
9791 0
9792 2
9793 2
9794 2
9795 1
9796 3
9797 6
9798 3
9799 0
9800 0
9801 3
9802 3
9803 2
9804 1
9805 2
9806 1
9807 5
9808 3
9809 2
9810 3
9811 1
9812 2
9813 2
9814 0
9815 2
9816 1
9817 2
9818 4
9819 1
9820 3
9821 5
9822 1
9823 2
9824 5
9825 0
9826 0
9827 0
9828 4
9829 0
9830 3
9831 4
9832 3
9833 3
9834 4
9835 2
9836 1
9837 2
9838 1
9839 1
9840 3
9841 2
9842 1
9843 2
9844 1
9845 0
9846 1
9847 4
9848 1
9849 4
9850 3
9851 3
9852 4
9853 1
9854 1
9855 1
9856 4
9857 3
9858 3
9859 3
9860 3
9861 1
9862 1
9863 3
9864 0
9865 2
9866 3
9867 3
9868 2
9869 1
9870 2
9871 2
9872 2
9873 5
9874 2
9875 1
9876 2
9877 1
9878 3
9879 4
9880 1
9881 1
9882 1
9883 2
9884 4
9885 1
9886 4
9887 0
9888 0
9889 3
9890 2
9891 3
9892 2
9893 0
9894 1
9895 1
9896 2
9897 2
9898 3
9899 1
9900 4
9901 6
9902 1
9903 1
9904 2
9905 2
9906 4
9907 2
9908 2
9909 2
9910 1
9911 1
9912 2
9913 0
9914 4
9915 3
9916 3
9917 3
9918 1
9919 3
9920 1
9921 1
9922 1
9923 3
9924 4
9925 0
9926 1
9927 2
9928 0
9929 2
9930 6
9931 2
9932 1
9933 1
9934 0
9935 1
9936 3
9937 3
9938 1
9939 1
9940 3
9941 0
9942 1
9943 4
9944 1
9945 1
9946 3
9947 1
9948 4
9949 0
9950 2
9951 3
9952 3
9953 0
9954 0
9955 2
9956 2
9957 3
9958 5
9959 4
9960 0
9961 1
9962 2
9963 0
9964 6
9965 2
9966 4
9967 1
9968 0
9969 0
9970 3
9971 2
9972 2
9973 2
9974 1
9975 1
9976 0
9977 3
9978 2
9979 1
9980 1
9981 3
9982 2
9983 2
9984 3
9985 1
9986 3
9987 2
9988 1
9989 3
9990 3
9991 5
9992 2
9993 2
9994 2
9995 3
9996 0
9997 3
9998 2
9999 2
