0 2
1 2
2 3
3 1
4 2
5 4
6 4
7 1
8 2
9 5
10 4
11 4
12 4
13 2
14 1
15 2
16 4
17 2
18 2
19 1
20 1
21 2
22 1
23 2
24 1
25 3
26 4
27 2
28 0
29 0
30 1
31 1
32 0
33 3
34 0
35 2
36 4
37 1
38 1
39 3
40 1
41 3
42 0
43 2
44 3
45 0
46 1
47 0
48 1
49 2
50 2
51 4
52 3
53 2
54 2
55 6
56 2
57 0
58 1
59 3
60 5
61 1
62 1
63 1
64 0
65 2
66 2
67 2
68 2
69 0
70 3
71 2
72 3
73 1
74 4
75 3
76 1
77 1
78 3
79 1
80 1
81 1
82 1
83 2
84 2
85 4
86 3
87 6
88 2
89 2
90 1
91 2
92 0
93 1
94 4
95 3
96 2
97 3
98 4
99 1
100 2
101 1
102 4
103 1
104 3
105 3
106 4
107 3
108 0
109 3
110 2
111 3
112 2
113 2
114 2
115 1
116 4
117 1
118 2
119 2
120 2
121 4
122 2
123 4
124 0
125 1
126 4
127 1
128 2
129 1
130 1
131 2
132 2
133 2
134 0
135 1
136 2
137 3
138 4
139 3
140 2
141 1
142 4
143 2
144 2
145 0
146 4
147 3
148 5
149 3
150 1
151 3
152 0
153 2
154 1
155 5
156 0
157 2
158 1
159 3
160 2
161 3
162 3
163 4
164 5
165 3
166 5
167 3
168 3
169 1
170 3
171 4
172 1
173 1
174 6
175 0
176 1
177 2
178 1
179 2
180 1
181 4
182 1
183 0
184 1
185 1
186 3
187 1
188 3
189 1
190 1
191 3
192 2
193 2
194 0
195 4
196 2
197 3
198 2
199 4
200 0
201 3
202 3
203 0
204 0
205 0
206 2
207 1
208 2
209 2
210 4
211 3
212 1
213 4
214 5
215 2
216 1
217 0
218 2
219 1
220 6
221 2
222 2
223 1
224 4
225 2
226 1
227 2
228 2
229 1
230 1
231 1
232 4
233 1
234 2
235 3
236 2
237 5
238 4
239 1
240 3
241 1
242 1
243 5
244 4
245 1
246 0
247 2
248 3
249 0
250 3
251 4
252 0
253 2
254 3
255 1
256 3
257 2
258 2
259 3
260 3
261 4
262 2
263 2
264 2
265 1
266 1
267 2
268 0
269 3
270 2
271 4
272 1
273 3
274 2
275 2
276 0
277 4
278 1
279 6
280 2
281 4
282 3
283 3
284 2
285 3
286 5
287 5
288 0
289 0
290 4
291 4
292 1
293 0
294 3
295 3
296 0
297 2
298 2
299 1
300 2
301 1
302 3
303 1
304 4
305 2
306 1
307 1
308 3
309 2
310 1
311 3
312 1
313 1
314 3
315 2
316 1
317 4
318 0
319 0
320 1
321 2
322 5
323 1
324 2
325 3
326 2
327 2
328 3
329 1
330 1
331 0
332 1
333 3
334 3
335 1
336 1
337 0
338 2
339 1
340 1
341 2
342 1
343 2
344 1
345 2
346 3
347 1
348 1
349 4
350 1
351 0
352 1
353 1
354 3
355 0
356 2
357 4
358 3
359 1
360 3
361 2
362 2
363 0
364 2
365 1
366 3
367 2
368 0
369 1
370 2
371 4
372 2
373 1
374 1
375 2
376 2
377 3
378 3
379 5
380 3
381 2
382 2
383 1
384 1
385 1
386 3
387 2
388 1
389 0
390 3
391 6
392 2
393 2
394 4
395 0
396 3
397 6
398 3
399 1
400 1
401 1
402 0
403 2
404 4
405 0
406 2
407 1
408 2
409 2
410 2
411 3
412 0
413 4
414 1
415 1
416 0
417 3
418 1
419 2
420 2
421 4
422 2
423 0
424 1
425 2
426 4
427 0
428 0
429 0
430 1
431 2
432 0
433 2
434 0
435 5
436 2
437 2
438 4
439 0
440 2
441 4
442 2
443 1
444 4
445 2
446 2
447 0
448 3
449 4
450 4
451 2
452 1
453 3
454 1
455 3
456 3
457 1
458 1
459 0
460 3
461 1
462 1
463 3
464 2
465 5
466 1
467 3
468 0
469 2
470 1
471 3
472 5
473 1
474 0
475 3
476 5
477 1
478 1
479 3
480 2
481 5
482 2
483 2
484 3
485 1
486 1
487 4
488 3
489 3
490 3
491 0
492 2
493 3
494 3
495 1
496 4
497 0
498 1
499 1
500 2
501 2
502 0
503 3
504 0
505 5
506 2
507 2
508 3
509 3
510 0
511 1
512 1
513 2
514 1
515 1
516 3
517 3
518 2
519 5
520 5
521 0
522 1
523 1
524 4
525 3
526 1
527 3
528 3
529 2
530 1
531 3
532 2
533 2
534 2
535 0
536 2
537 2
538 3
539 1
540 1
541 4
542 1
543 1
544 2
545 2
546 5
547 2
548 2
549 3
550 2
551 2
552 2
553 1
554 1
555 3
556 3
557 1
558 3
559 3
560 2
561 3
562 1
563 3
564 3
565 2
566 0
567 1
568 3
569 0
570 2
571 3
572 0
573 2
574 1
575 2
576 0
577 2
578 2
579 1
580 2
581 1
582 3
583 1
584 4
585 0
586 2
587 1
588 4
589 3
590 2
591 4
592 0
593 0
594 4
595 0
596 8
597 1
598 1
599 1
600 1
601 2
602 0
603 3
604 2
605 2
606 3
607 3
608 1
609 2
610 2
611 2
612 2
613 4
614 2
615 1
616 0
617 1
618 3
619 3
620 4
621 3
622 3
623 0
624 2
625 3
626 4
627 1
628 1
629 2
630 1
631 2
632 4
633 0
634 1
635 3
636 0
637 2
638 3
639 2
640 2
641 1
642 1
643 1
644 5
645 1
646 2
647 3
648 2
649 3
650 2
651 1
652 1
653 4
654 1
655 3
656 4
657 3
658 1
659 2
660 3
661 2
662 1
663 0
664 2
665 1
666 3
667 3
668 4
669 6
670 1
671 0
672 3
673 3
674 1
675 2
676 1
677 2
678 2
679 3
680 2
681 3
682 2
683 3
684 4
685 2
686 1
687 3
688 1
689 0
690 1
691 1
692 1
693 0
694 2
695 1
696 3
697 1
698 0
699 0
700 5
701 3
702 1
703 2
704 0
705 4
706 0
707 4
708 1
709 1
710 1
711 2
712 1
713 4
714 0
715 3
716 0
717 5
718 1
719 1
720 4
721 4
722 3
723 3
724 3
725 2
726 1
727 0
728 3
729 0
730 3
731 3
732 3
733 2
734 2
735 1
736 3
737 1
738 3
739 0
740 1
741 2
742 2
743 1
744 3
745 3
746 5
747 1
748 2
749 1
750 1
751 2
752 2
753 1
754 1
755 3
756 5
757 1
758 4
759 2
760 3
761 0
762 2
763 2
764 2
765 4
766 1
767 2
768 4
769 1
770 2
771 3
772 4
773 1
774 0
775 2
776 0
777 3
778 2
779 5
780 4
781 1
782 4
783 1
784 2
785 2
786 1
787 1
788 2
789 3
790 1
791 3
792 2
793 2
794 1
795 0
796 2
797 3
798 0
799 0
800 4
801 1
802 1
803 2
804 4
805 0
806 1
807 1
808 0
809 4
810 3
811 3
812 3
813 2
814 1
815 3
816 2
817 1
818 3
819 1
820 1
821 3
822 2
823 3
824 0
825 0
826 2
827 1
828 1
829 4
830 1
831 2
832 2
833 2
834 2
835 0
836 1
837 2
838 1
839 1
840 2
841 1
842 2
843 3
844 3
845 4
846 4
847 2
848 1
849 2
850 3
851 3
852 2
853 4
854 0
855 2
856 6
857 2
858 3
859 2
860 2
861 2
862 0
863 5
864 2
865 1
866 2
867 1
868 3
869 2
870 3
871 2
872 3
873 2
874 1
875 1
876 3
877 3
878 4
879 5
880 0
881 2
882 3
883 1
884 2
885 3
886 2
887 2
888 4
889 2
890 1
891 5
892 2
893 4
894 3
895 1
896 4
897 3
898 1
899 1
900 0
901 2
902 4
903 2
904 5
905 4
906 2
907 2
908 1
909 4
910 3
911 2
912 2
913 4
914 3
915 0
916 2
917 5
918 5
919 4
920 4
921 1
922 2
923 0
924 2
925 2
926 3
927 0
928 2
929 2
930 4
931 0
932 1
933 2
934 0
935 0
936 4
937 4
938 2
939 2
940 1
941 2
942 5
943 1
944 1
945 4
946 3
947 2
948 1
949 2
950 3
951 3
952 0
953 4
954 2
955 4
956 6
957 1
958 0
959 2
960 0
961 2
962 2
963 1
964 2
965 2
966 1
967 4
968 4
969 1
970 1
971 1
972 3
973 3
974 3
975 0
976 2
977 3
978 5
979 2
980 2
981 3
982 7
983 3
984 2
985 1
986 2
987 2
988 3
989 0
990 2
991 3
992 2
993 4
994 0
995 3
996 0
997 0
998 2
999 1
1000 3
1001 5
1002 3
1003 4
1004 2
1005 2
1006 1
1007 2
1008 1
1009 3
1010 2
1011 3
1012 3
1013 1
1014 1
1015 2
1016 4
1017 2
1018 0
1019 1
1020 6
1021 1
1022 0
1023 4
1024 1
1025 2
1026 3
1027 2
1028 1
1029 1
1030 1
1031 1
1032 0
1033 1
1034 1
1035 2
1036 1
1037 0
1038 1
1039 0
1040 2
1041 3
1042 5
1043 3
1044 5
1045 2
1046 2
1047 3
1048 2
1049 3
1050 2
1051 1
1052 1
1053 0
1054 2
1055 3
1056 1
1057 1
1058 3
1059 1
1060 1
1061 3
1062 3
1063 1
1064 2
1065 1
1066 1
1067 2
1068 6
1069 2
1070 2
1071 3
1072 1
1073 0
1074 3
1075 2
1076 5
1077 2
1078 2
1079 1
1080 3
1081 5
1082 3
1083 3
1084 2
1085 3
1086 4
1087 2
1088 2
1089 2
1090 2
1091 4
1092 2
1093 4
1094 2
1095 3
1096 1
1097 2
1098 2
1099 0
1100 1
1101 2
1102 1
1103 2
1104 3
1105 1
1106 3
1107 4
1108 0
1109 2
1110 1
1111 1
1112 0
1113 0
1114 1
1115 3
1116 1
1117 2
1118 3
1119 2
1120 2
1121 2
1122 2
1123 1
1124 1
1125 0
1126 0
1127 2
1128 2
1129 3
1130 0
1131 2
1132 3
1133 2
1134 2
1135 4
1136 3
1137 1
1138 2
1139 2
1140 2
1141 0
1142 2
1143 3
1144 2
1145 2
1146 4
1147 2
1148 2
1149 0
1150 2
1151 2
1152 8
1153 3
1154 2
1155 1
1156 0
1157 5
1158 4
1159 1
1160 2
1161 2
1162 2
1163 0
1164 0
1165 2
1166 2
1167 1
1168 1
1169 6
1170 2
1171 3
1172 2
1173 2
1174 4
1175 1
1176 4
1177 4
1178 2
1179 5
1180 1
1181 1
1182 0
1183 2
1184 2
1185 3
1186 0
1187 3
1188 1
1189 6
1190 2
1191 3
1192 3
1193 3
1194 2
1195 4
1196 0
1197 4
1198 0
1199 4
1200 0
1201 3
1202 0
1203 4
1204 2
1205 1
1206 3
1207 1
1208 2
1209 1
1210 1
1211 3
1212 2
1213 1
1214 2
1215 5
1216 1
1217 2
1218 3
1219 1
1220 1
1221 6
1222 0
1223 1
1224 4
1225 2
1226 3
1227 2
1228 0
1229 0
1230 2
1231 5
1232 2
1233 5
1234 2
1235 1
1236 4
1237 1
1238 6
1239 1
1240 1
1241 1
1242 3
1243 1
1244 1
1245 2
1246 0
1247 0
1248 1
1249 5
1250 2
1251 2
1252 3
1253 1
1254 1
1255 3
1256 2
1257 2
1258 1
1259 4
1260 2
1261 1
1262 1
1263 4
1264 3
1265 2
1266 4
1267 4
1268 1
1269 1
1270 2
1271 3
1272 1
1273 1
1274 4
1275 4
1276 2
1277 0
1278 0
1279 2
1280 1
1281 1
1282 1
1283 8
1284 3
1285 2
1286 3
1287 4
1288 4
1289 2
1290 3
1291 1
1292 2
1293 3
1294 1
1295 2
1296 1
1297 2
1298 1
1299 0
1300 3
1301 0
1302 2
1303 1
1304 1
1305 2
1306 1
1307 0
1308 2
1309 1
1310 1
1311 2
1312 6
1313 0
1314 1
1315 3
1316 0
1317 2
1318 0
1319 2
1320 4
1321 1
1322 0
1323 1
1324 3
1325 5
1326 1
1327 0
1328 5
1329 3
1330 2
1331 0
1332 5
1333 3
1334 5
1335 1
1336 1
1337 0
1338 2
1339 1
1340 0
1341 1
1342 4
1343 3
1344 2
1345 1
1346 1
1347 3
1348 3
1349 2
1350 4
1351 2
1352 3
1353 2
1354 2
1355 2
1356 2
1357 2
1358 3
1359 2
1360 0
1361 3
1362 5
1363 2
1364 2
1365 0
1366 1
1367 1
1368 2
1369 1
1370 2
1371 0
1372 2
1373 1
1374 2
1375 2
1376 3
1377 1
1378 0
1379 4
1380 1
1381 2
1382 0
1383 4
1384 1
1385 1
1386 2
1387 3
1388 1
1389 1
1390 2
1391 2
1392 2
1393 4
1394 2
1395 1
1396 1
1397 2
1398 1
1399 5
1400 2
1401 5
1402 5
1403 2
1404 2
1405 4
1406 1
1407 0
1408 1
1409 2
1410 3
1411 2
1412 0
1413 2
1414 2
1415 4
1416 1
1417 2
1418 0
1419 2
1420 2
1421 3
1422 2
1423 2
1424 4
1425 4
1426 1
1427 3
1428 2
1429 0
1430 5
1431 5
1432 1
1433 4
1434 0
1435 2
1436 1
1437 1
1438 1
1439 2
1440 4
1441 3
1442 3
1443 1
1444 1
1445 0
1446 3
1447 3
1448 2
1449 0
1450 1
1451 0
1452 2
1453 4
1454 0
1455 2
1456 1
1457 0
1458 3
1459 3
1460 0
1461 3
1462 3
1463 5
1464 6
1465 3
1466 1
1467 0
1468 2
1469 2
1470 0
1471 1
1472 3
1473 1
1474 2
1475 6
1476 4
1477 1
1478 2
1479 0
1480 4
1481 0
1482 2
1483 1
1484 2
1485 1
1486 0
1487 6
1488 2
1489 1
1490 3
1491 2
1492 3
1493 1
1494 1
1495 1
1496 3
1497 1
1498 2
1499 0
1500 5
1501 1
1502 3
1503 2
1504 2
1505 1
1506 2
1507 2
1508 3
1509 1
1510 1
1511 1
1512 0
1513 2
1514 2
1515 2
1516 3
1517 4
1518 3
1519 1
1520 4
1521 0
1522 1
1523 2
1524 2
1525 4
1526 0
1527 1
1528 1
1529 3
1530 3
1531 0
1532 0
1533 5
1534 4
1535 0
1536 2
1537 4
1538 2
1539 0
1540 1
1541 2
1542 4
1543 2
1544 1
1545 0
1546 2
1547 1
1548 0
1549 0
1550 4
1551 1
1552 1
1553 4
1554 1
1555 1
1556 0
1557 1
1558 2
1559 1
1560 0
1561 1
1562 1
1563 2
1564 2
1565 4
1566 1
1567 2
1568 1
1569 1
1570 1
1571 3
1572 2
1573 1
1574 2
1575 4
1576 1
1577 2
1578 5
1579 1
1580 5
1581 1
1582 0
1583 3
1584 1
1585 3
1586 1
1587 3
1588 2
1589 1
1590 1
1591 5
1592 5
1593 3
1594 3
1595 3
1596 1
1597 0
1598 3
1599 0
1600 3
1601 1
1602 2
1603 2
1604 3
1605 2
1606 1
1607 0
1608 2
1609 2
1610 2
1611 3
1612 2
1613 3
1614 3
1615 2
1616 4
1617 1
1618 1
1619 4
1620 1
1621 5
1622 3
1623 1
1624 1
1625 3
1626 0
1627 0
1628 1
1629 0
1630 2
1631 3
1632 3
1633 4
1634 2
1635 2
1636 2
1637 4
1638 4
1639 1
1640 0
1641 1
1642 5
1643 1
1644 0
1645 2
1646 1
1647 1
1648 1
1649 4
1650 4
1651 2
1652 2
1653 1
1654 2
1655 3
1656 1
1657 1
1658 3
1659 3
1660 1
1661 0
1662 1
1663 2
1664 2
1665 2
1666 2
1667 3
1668 3
1669 1
1670 0
1671 0
1672 1
1673 1
1674 1
1675 0
1676 2
1677 1
1678 4
1679 2
1680 2
1681 3
1682 4
1683 0
1684 2
1685 3
1686 5
1687 1
1688 1
1689 3
1690 1
1691 1
1692 0
1693 2
1694 0
1695 0
1696 2
1697 4
1698 0
1699 1
1700 2
1701 4
1702 5
1703 1
1704 0
1705 2
1706 5
1707 3
1708 1
1709 3
1710 3
1711 5
1712 2
1713 0
1714 1
1715 1
1716 2
1717 1
1718 0
1719 2
1720 4
1721 4
1722 1
1723 0
1724 1
1725 1
1726 4
1727 1
1728 1
1729 2
1730 5
1731 3
1732 2
1733 3
1734 0
1735 4
1736 2
1737 2
1738 0
1739 2
1740 0
1741 2
1742 2
1743 3
1744 2
1745 1
1746 1
1747 3
1748 0
1749 4
1750 0
1751 4
1752 2
1753 2
1754 4
1755 5
1756 3
1757 4
1758 0
1759 3
1760 2
1761 1
1762 2
1763 1
1764 2
1765 4
1766 1
1767 0
1768 2
1769 0
1770 6
1771 2
1772 0
1773 1
1774 4
1775 1
1776 3
1777 2
1778 4
1779 1
1780 2
1781 1
1782 1
1783 0
1784 2
1785 1
1786 3
1787 0
1788 3
1789 1
1790 4
1791 1
1792 1
1793 2
1794 4
1795 1
1796 1
1797 2
1798 3
1799 0
1800 6
1801 2
1802 3
1803 1
1804 5
1805 1
1806 0
1807 2
1808 3
1809 1
1810 1
1811 3
1812 1
1813 2
1814 1
1815 3
1816 0
1817 3
1818 1
1819 3
1820 3
1821 5
1822 5
1823 3
1824 2
1825 3
1826 1
1827 1
1828 1
1829 2
1830 0
1831 5
1832 1
1833 0
1834 3
1835 6
1836 4
1837 3
1838 4
1839 4
1840 0
1841 0
1842 3
1843 2
1844 1
1845 1
1846 3
1847 1
1848 2
1849 1
1850 3
1851 1
1852 2
1853 5
1854 0
1855 2
1856 4
1857 2
1858 3
1859 2
1860 0
1861 0
1862 3
1863 0
1864 1
1865 2
1866 3
1867 0
1868 1
1869 1
1870 2
1871 1
1872 1
1873 0
1874 2
1875 2
1876 2
1877 4
1878 3
1879 1
1880 2
1881 4
1882 0
1883 1
1884 4
1885 2
1886 1
1887 5
1888 1
1889 1
1890 2
1891 3
1892 3
1893 0
1894 5
1895 2
1896 4
1897 3
1898 1
1899 5
1900 1
1901 3
1902 2
1903 1
1904 1
1905 1
1906 4
1907 3
1908 4
1909 1
1910 3
1911 5
1912 1
1913 3
1914 2
1915 2
1916 5
1917 1
1918 1
1919 2
1920 6
1921 2
1922 4
1923 3
1924 0
1925 2
1926 1
1927 2
1928 4
1929 3
1930 2
1931 2
1932 3
1933 1
1934 2
1935 3
1936 2
1937 2
1938 3
1939 4
1940 1
1941 1
1942 4
1943 2
1944 2
1945 2
1946 1
1947 1
1948 1
1949 3
1950 1
1951 2
1952 0
1953 2
1954 1
1955 1
1956 0
1957 4
1958 3
1959 1
1960 1
1961 1
1962 1
1963 4
1964 2
1965 0
1966 1
1967 4
1968 3
1969 2
1970 1
1971 1
1972 3
1973 0
1974 2
1975 1
1976 3
1977 3
1978 3
1979 0
1980 4
1981 2
1982 2
1983 4
1984 1
1985 2
1986 1
1987 2
1988 0
1989 5
1990 0
1991 3
1992 2
1993 0
1994 3
1995 1
1996 1
1997 1
1998 1
1999 4
2000 2
2001 2
2002 1
2003 2
2004 1
2005 1
2006 1
2007 1
2008 0
2009 3
2010 2
2011 3
2012 3
2013 1
2014 2
2015 3
2016 2
2017 0
2018 1
2019 2
2020 1
2021 1
2022 3
2023 3
2024 5
2025 1
2026 2
2027 0
2028 0
2029 1
2030 0
2031 0
2032 2
2033 6
2034 2
2035 1
2036 1
2037 2
2038 2
2039 3
2040 3
2041 1
2042 1
2043 4
2044 4
2045 1
2046 1
2047 2
2048 0
2049 1
2050 0
2051 2
2052 3
2053 1
2054 2
2055 2
2056 2
2057 1
2058 1
2059 1
2060 2
2061 0
2062 0
2063 1
2064 3
2065 1
2066 2
2067 4
2068 2
2069 2
2070 2
2071 2
2072 0
2073 3
2074 2
2075 3
2076 4
2077 4
2078 0
2079 3
2080 2
2081 3
2082 3
2083 2
2084 0
2085 0
2086 0
2087 3
2088 5
2089 0
2090 1
2091 1
2092 3
2093 2
2094 3
2095 1
2096 3
2097 2
2098 2
2099 5
2100 3
2101 1
2102 0
2103 1
2104 0
2105 1
2106 4
2107 2
2108 1
2109 2
2110 6
2111 3
2112 2
2113 0
2114 1
2115 3
2116 1
2117 0
2118 1
2119 0
2120 0
2121 0
2122 1
2123 4
2124 1
2125 0
2126 3
2127 1
2128 2
2129 2
2130 0
2131 0
2132 2
2133 2
2134 3
2135 1
2136 3
2137 3
2138 0
2139 1
2140 3
2141 3
2142 1
2143 4
2144 3
2145 6
2146 0
2147 0
2148 0
2149 0
2150 2
2151 1
2152 0
2153 2
2154 1
2155 1
2156 2
2157 1
2158 3
2159 3
2160 1
2161 0
2162 1
2163 3
2164 1
2165 5
2166 1
2167 1
2168 1
2169 3
2170 1
2171 0
2172 2
2173 1
2174 2
2175 2
2176 0
2177 0
2178 1
2179 1
2180 1
2181 3
2182 0
2183 2
2184 0
2185 3
2186 1
2187 3
2188 4
2189 3
2190 0
2191 2
2192 1
2193 2
2194 0
2195 2
2196 0
2197 1
2198 3
2199 2
2200 1
2201 4
2202 0
2203 2
2204 3
2205 4
2206 2
2207 4
2208 1
2209 2
2210 1
2211 0
2212 3
2213 1
2214 1
2215 2
2216 6
2217 4
2218 1
2219 0
2220 1
2221 3
2222 2
2223 2
2224 2
2225 2
2226 2
2227 2
2228 1
2229 4
2230 1
2231 0
2232 1
2233 0
2234 4
2235 0
2236 5
2237 6
2238 3
2239 5
2240 0
2241 1
2242 3
2243 3
2244 3
2245 2
2246 3
2247 2
2248 2
2249 6
2250 1
2251 0
2252 2
2253 3
2254 2
2255 3
2256 1
2257 3
2258 1
2259 1
2260 2
2261 1
2262 1
2263 4
2264 2
2265 3
2266 2
2267 0
2268 1
2269 5
2270 2
2271 2
2272 1
2273 1
2274 0
2275 3
2276 2
2277 0
2278 2
2279 4
2280 2
2281 1
2282 0
2283 4
2284 4
2285 0
2286 0
2287 1
2288 1
2289 3
2290 0
2291 3
2292 1
2293 3
2294 2
2295 0
2296 1
2297 1
2298 3
2299 1
2300 3
2301 0
2302 2
2303 2
2304 1
2305 1
2306 0
2307 2
2308 4
2309 0
2310 3
2311 6
2312 1
2313 0
2314 2
2315 1
2316 0
2317 1
2318 3
2319 1
2320 1
2321 0
2322 2
2323 1
2324 4
2325 0
2326 4
2327 2
2328 4
2329 1
2330 2
2331 0
2332 1
2333 0
2334 0
2335 2
2336 1
2337 4
2338 2
2339 1
2340 3
2341 3
2342 1
2343 2
2344 2
2345 3
2346 1
2347 4
2348 2
2349 2
2350 2
2351 2
2352 1
2353 0
2354 3
2355 4
2356 3
2357 2
2358 2
2359 0
2360 1
2361 3
2362 6
2363 1
2364 2
2365 2
2366 0
2367 2
2368 1
2369 1
2370 2
2371 3
2372 4
2373 3
2374 2
2375 1
2376 2
2377 3
2378 4
2379 3
2380 4
2381 2
2382 3
2383 3
2384 3
2385 4
2386 3
2387 4
2388 2
2389 3
2390 1
2391 3
2392 2
2393 2
2394 0
2395 0
2396 4
2397 1
2398 1
2399 1
2400 3
2401 2
2402 2
2403 0
2404 3
2405 4
2406 2
2407 4
2408 4
2409 5
2410 2
2411 1
2412 2
2413 1
2414 3
2415 3
2416 1
2417 0
2418 2
2419 3
2420 3
2421 2
2422 3
2423 0
2424 2
2425 1
2426 2
2427 2
2428 1
2429 4
2430 0
2431 3
2432 2
2433 0
2434 4
2435 1
2436 0
2437 1
2438 1
2439 0
2440 4
2441 3
2442 3
2443 3
2444 0
2445 1
2446 3
2447 1
2448 3
2449 1
2450 3
2451 0
2452 2
2453 1
2454 0
2455 2
2456 3
2457 1
2458 1
2459 0
2460 1
2461 1
2462 5
2463 0
2464 1
2465 2
2466 1
2467 3
2468 1
2469 0
2470 1
2471 3
2472 1
2473 2
2474 2
2475 1
2476 1
2477 5
2478 3
2479 0
2480 2
2481 1
2482 2
2483 2
2484 3
2485 3
2486 1
2487 0
2488 2
2489 1
2490 3
2491 4
2492 3
2493 1
2494 1
2495 5
2496 0
2497 2
2498 2
2499 1
2500 1
2501 3
2502 3
2503 2
2504 2
2505 3
2506 3
2507 2
2508 1
2509 2
2510 0
2511 0
2512 0
2513 3
2514 4
2515 2
2516 4
2517 1
2518 3
2519 3
2520 1
2521 1
2522 1
2523 3
2524 2
2525 4
2526 1
2527 1
2528 2
2529 3
2530 1
2531 3
2532 3
2533 0
2534 1
2535 1
2536 3
2537 2
2538 2
2539 1
2540 2
2541 2
2542 3
2543 4
2544 1
2545 2
2546 1
2547 1
2548 4
2549 0
2550 2
2551 5
2552 3
2553 1
2554 1
2555 0
2556 5
2557 1
2558 2
2559 1
2560 3
2561 4
2562 3
2563 0
2564 2
2565 2
2566 1
2567 2
2568 1
2569 1
2570 0
2571 2
2572 1
2573 1
2574 1
2575 3
2576 0
2577 3
2578 2
2579 3
2580 3
2581 0
2582 0
2583 1
2584 1
2585 2
2586 2
2587 1
2588 7
2589 4
2590 4
2591 1
2592 3
2593 5
2594 2
2595 0
2596 2
2597 2
2598 2
2599 1
2600 3
2601 0
2602 3
2603 3
2604 3
2605 3
2606 0
2607 4
2608 0
2609 0
2610 2
2611 2
2612 4
2613 3
2614 2
2615 1
2616 2
2617 3
2618 2
2619 2
2620 1
2621 2
2622 2
2623 5
2624 3
2625 0
2626 3
2627 1
2628 0
2629 1
2630 2
2631 0
2632 3
2633 4
2634 0
2635 1
2636 0
2637 1
2638 2
2639 0
2640 3
2641 0
2642 3
2643 1
2644 6
2645 0
2646 2
2647 1
2648 0
2649 2
2650 5
2651 5
2652 2
2653 0
2654 4
2655 1
2656 3
2657 2
2658 1
2659 3
2660 1
2661 0
2662 1
2663 4
2664 3
2665 0
2666 0
2667 2
2668 5
2669 1
2670 1
2671 3
2672 0
2673 2
2674 2
2675 2
2676 1
2677 1
2678 1
2679 3
2680 2
2681 0
2682 2
2683 2
2684 1
2685 2
2686 2
2687 3
2688 1
2689 3
2690 4
2691 1
2692 0
2693 0
2694 1
2695 2
2696 2
2697 5
2698 1
2699 1
2700 1
2701 3
2702 1
2703 2
2704 1
2705 4
2706 2
2707 2
2708 5
2709 3
2710 1
2711 1
2712 1
2713 3
2714 2
2715 5
2716 1
2717 3
2718 1
2719 0
2720 2
2721 2
2722 4
2723 2
2724 1
2725 2
2726 1
2727 0
2728 0
2729 0
2730 1
2731 2
2732 1
2733 2
2734 2
2735 0
2736 1
2737 3
2738 1
2739 0
2740 3
2741 1
2742 3
2743 1
2744 0
2745 1
2746 1
2747 3
2748 2
2749 6
2750 2
2751 2
2752 0
2753 3
2754 3
2755 1
2756 3
2757 2
2758 1
2759 3
2760 2
2761 0
2762 1
2763 1
2764 1
2765 0
2766 2
2767 2
2768 2
2769 4
2770 5
2771 3
2772 2
2773 2
2774 4
2775 2
2776 1
2777 1
2778 1
2779 3
2780 1
2781 2
2782 3
2783 3
2784 2
2785 2
2786 3
2787 2
2788 3
2789 2
2790 0
2791 2
2792 2
2793 1
2794 2
2795 4
2796 1
2797 0
2798 1
2799 4
2800 3
2801 0
2802 1
2803 0
2804 2
2805 2
2806 5
2807 1
2808 4
2809 2
2810 2
2811 1
2812 2
2813 1
2814 3
2815 1
2816 1
2817 3
2818 2
2819 3
2820 3
2821 1
2822 1
2823 2
2824 0
2825 2
2826 1
2827 4
2828 2
2829 3
2830 1
2831 0
2832 1
2833 1
2834 1
2835 2
2836 3
2837 1
2838 3
2839 3
2840 4
2841 1
2842 5
2843 1
2844 1
2845 3
2846 0
2847 0
2848 1
2849 2
2850 2
2851 0
2852 4
2853 1
2854 1
2855 2
2856 0
2857 4
2858 2
2859 2
2860 3
2861 1
2862 2
2863 3
2864 5
2865 2
2866 3
2867 3
2868 1
2869 2
2870 2
2871 5
2872 1
2873 1
2874 1
2875 0
2876 3
2877 1
2878 2
2879 3
2880 3
2881 1
2882 0
2883 1
2884 5
2885 3
2886 0
2887 1
2888 3
2889 0
2890 2
2891 1
2892 1
2893 4
2894 2
2895 1
2896 2
2897 0
2898 3
2899 5
2900 4
2901 0
2902 1
2903 2
2904 3
2905 2
2906 0
2907 4
2908 1
2909 0
2910 1
2911 4
2912 4
2913 2
2914 1
2915 2
2916 2
2917 0
2918 2
2919 1
2920 3
2921 3
2922 1
2923 1
2924 0
2925 2
2926 2
2927 3
2928 0
2929 3
2930 2
2931 1
2932 0
2933 0
2934 5
2935 1
2936 2
2937 1
2938 0
2939 2
2940 1
2941 2
2942 1
2943 1
2944 3
2945 2
2946 1
2947 0
2948 3
2949 2
2950 5
2951 1
2952 3
2953 9
2954 0
2955 1
2956 2
2957 3
2958 1
2959 2
2960 2
2961 3
2962 4
2963 2
2964 3
2965 3
2966 3
2967 4
2968 4
2969 3
2970 3
2971 0
2972 5
2973 1
2974 3
2975 1
2976 4
2977 1
2978 1
2979 4
2980 3
2981 4
2982 1
2983 2
2984 1
2985 1
2986 2
2987 2
2988 0
2989 1
2990 4
2991 2
2992 2
2993 4
2994 4
2995 2
2996 2
2997 3
2998 1
2999 1
3000 1
3001 2
3002 2
3003 0
3004 1
3005 3
3006 4
3007 1
3008 1
3009 0
3010 1
3011 3
3012 4
3013 1
3014 0
3015 2
3016 2
3017 2
3018 3
3019 1
3020 0
3021 5
3022 2
3023 1
3024 1
3025 2
3026 0
3027 2
3028 4
3029 2
3030 1
3031 1
3032 3
3033 2
3034 1
3035 0
3036 0
3037 1
3038 3
3039 1
3040 1
3041 3
3042 1
3043 2
3044 3
3045 3
3046 5
3047 3
3048 2
3049 3
3050 1
3051 1
3052 1
3053 0
3054 3
3055 4
3056 5
3057 2
3058 2
3059 3
3060 2
3061 5
3062 5
3063 2
3064 2
3065 2
3066 5
3067 1
3068 1
3069 2
3070 3
3071 2
3072 4
3073 2
3074 2
3075 1
3076 3
3077 1
3078 0
3079 4
3080 1
3081 2
3082 1
3083 4
3084 1
3085 2
3086 2
3087 2
3088 1
3089 6
3090 2
3091 1
3092 1
3093 3
3094 0
3095 1
3096 2
3097 0
3098 3
3099 3
3100 2
3101 1
3102 0
3103 2
3104 4
3105 3
3106 4
3107 3
3108 3
3109 3
3110 0
3111 1
3112 5
3113 1
3114 2
3115 0
3116 2
3117 1
3118 3
3119 2
3120 1
3121 3
3122 3
3123 1
3124 3
3125 1
3126 2
3127 7
3128 0
3129 0
3130 1
3131 1
3132 2
3133 5
3134 4
3135 5
3136 2
3137 3
3138 2
3139 1
3140 4
3141 0
3142 0
3143 4
3144 1
3145 1
3146 0
3147 0
3148 2
3149 2
3150 2
3151 1
3152 2
3153 2
3154 1
3155 3
3156 1
3157 2
3158 3
3159 2
3160 2
3161 2
3162 1
3163 1
3164 5
3165 0
3166 2
3167 4
3168 2
3169 2
3170 4
3171 2
3172 0
3173 3
3174 0
3175 1
3176 1
3177 1
3178 4
3179 2
3180 2
3181 0
3182 1
3183 2
3184 2
3185 2
3186 1
3187 2
3188 2
3189 2
3190 1
3191 2
3192 0
3193 1
3194 3
3195 2
3196 4
3197 1
3198 1
3199 1
3200 2
3201 0
3202 2
3203 2
3204 1
3205 2
3206 0
3207 3
3208 4
3209 0
3210 2
3211 3
3212 1
3213 1
3214 2
3215 2
3216 4
3217 2
3218 2
3219 2
3220 1
3221 6
3222 2
3223 3
3224 6
3225 2
3226 4
3227 2
3228 2
3229 2
3230 3
3231 3
3232 2
3233 3
3234 2
3235 1
3236 1
3237 2
3238 2
3239 1
3240 0
3241 2
3242 3
3243 0
3244 1
3245 2
3246 3
3247 2
3248 0
3249 5
3250 2
3251 2
3252 2
3253 2
3254 2
3255 1
3256 3
3257 2
3258 2
3259 0
3260 3
3261 2
3262 0
3263 1
3264 0
3265 3
3266 2
3267 3
3268 5
3269 2
3270 0
3271 1
3272 1
3273 3
3274 2
3275 3
3276 1
3277 4
3278 0
3279 2
3280 0
3281 0
3282 4
3283 0
3284 0
3285 1
3286 1
3287 2
3288 3
3289 0
3290 0
3291 2
3292 5
3293 3
3294 3
3295 1
3296 4
3297 2
3298 0
3299 3
3300 3
3301 4
3302 1
3303 6
3304 1
3305 2
3306 3
3307 1
3308 3
3309 4
3310 0
3311 4
3312 1
3313 2
3314 1
3315 2
3316 1
3317 0
3318 1
3319 2
3320 1
3321 4
3322 0
3323 1
3324 2
3325 1
3326 2
3327 0
3328 3
3329 1
3330 3
3331 2
3332 1
3333 1
3334 1
3335 1
3336 2
3337 2
3338 1
3339 0
3340 3
3341 3
3342 0
3343 0
3344 2
3345 3
3346 0
3347 1
3348 1
3349 2
3350 3
3351 0
3352 1
3353 0
3354 2
3355 0
3356 0
3357 3
3358 3
3359 3
3360 2
3361 0
3362 5
3363 1
3364 2
3365 2
3366 0
3367 3
3368 2
3369 1
3370 2
3371 2
3372 1
3373 1
3374 4
3375 3
3376 0
3377 3
3378 0
3379 4
3380 1
3381 2
3382 2
3383 2
3384 1
3385 2
3386 0
3387 3
3388 1
3389 1
3390 0
3391 1
3392 2
3393 4
3394 3
3395 3
3396 3
3397 2
3398 3
3399 2
3400 3
3401 4
3402 1
3403 0
3404 2
3405 5
3406 0
3407 2
3408 4
3409 2
3410 3
3411 5
3412 0
3413 1
3414 3
3415 2
3416 4
3417 2
3418 2
3419 1
3420 3
3421 0
3422 8
3423 2
3424 0
3425 4
3426 2
3427 2
3428 1
3429 4
3430 5
3431 2
3432 3
3433 2
3434 2
3435 2
3436 3
3437 1
3438 4
3439 2
3440 2
3441 3
3442 3
3443 3
3444 2
3445 4
3446 2
3447 2
3448 1
3449 2
3450 0
3451 3
3452 2
3453 1
3454 1
3455 0
3456 6
3457 0
3458 2
3459 4
3460 2
3461 3
3462 2
3463 1
3464 4
3465 1
3466 2
3467 1
3468 1
3469 2
3470 4
3471 1
3472 3
3473 3
3474 2
3475 1
3476 1
3477 3
3478 1
3479 2
3480 1
3481 1
3482 5
3483 3
3484 5
3485 4
3486 4
3487 2
3488 2
3489 1
3490 4
3491 1
3492 3
3493 1
3494 2
3495 2
3496 2
3497 2
3498 5
3499 1
3500 2
3501 1
3502 4
3503 1
3504 2
3505 2
3506 3
3507 3
3508 3
3509 3
3510 2
3511 6
3512 3
3513 3
3514 1
3515 0
3516 2
3517 2
3518 1
3519 0
3520 2
3521 0
3522 6
3523 1
3524 0
3525 1
3526 2
3527 2
3528 2
3529 1
3530 4
3531 5
3532 2
3533 0
3534 1
3535 0
3536 1
3537 1
3538 1
3539 3
3540 1
3541 1
3542 1
3543 3
3544 4
3545 3
3546 2
3547 1
3548 2
3549 3
3550 2
3551 0
3552 2
3553 0
3554 0
3555 2
3556 2
3557 2
3558 3
3559 0
3560 4
3561 2
3562 0
3563 3
3564 1
3565 2
3566 4
3567 4
3568 3
3569 0
3570 3
3571 1
3572 2
3573 1
3574 0
3575 2
3576 4
3577 2
3578 2
3579 3
3580 2
3581 1
3582 1
3583 1
3584 2
3585 1
3586 4
3587 1
3588 2
3589 0
3590 1
3591 3
3592 2
3593 1
3594 1
3595 3
3596 2
3597 3
3598 4
3599 1
3600 1
3601 2
3602 2
3603 2
3604 2
3605 3
3606 2
3607 1
3608 3
3609 1
3610 1
3611 2
3612 2
3613 2
3614 2
3615 1
3616 0
3617 1
3618 1
3619 2
3620 2
3621 1
3622 2
3623 2
3624 3
3625 4
3626 3
3627 4
3628 3
3629 2
3630 3
3631 2
3632 3
3633 2
3634 2
3635 2
3636 3
3637 0
3638 3
3639 1
3640 1
3641 1
3642 2
3643 3
3644 5
3645 2
3646 3
3647 1
3648 4
3649 1
3650 0
3651 3
3652 6
3653 2
3654 5
3655 1
3656 2
3657 4
3658 3
3659 2
3660 1
3661 2
3662 0
3663 3
3664 2
3665 1
3666 2
3667 2
3668 0
3669 2
3670 2
3671 2
3672 1
3673 3
3674 2
3675 2
3676 2
3677 0
3678 1
3679 1
3680 4
3681 3
3682 4
3683 1
3684 2
3685 4
3686 3
3687 0
3688 1
3689 4
3690 6
3691 5
3692 3
3693 1
3694 3
3695 1
3696 4
3697 3
3698 1
3699 4
3700 1
3701 1
3702 1
3703 4
3704 1
3705 1
3706 0
3707 1
3708 1
3709 0
3710 3
3711 3
3712 4
3713 3
3714 1
3715 1
3716 0
3717 1
3718 0
3719 1
3720 3
3721 1
3722 1
3723 0
3724 0
3725 1
3726 2
3727 2
3728 2
3729 2
3730 1
3731 4
3732 3
3733 3
3734 2
3735 1
3736 1
3737 3
3738 4
3739 3
3740 5
3741 2
3742 3
3743 2
3744 0
3745 2
3746 1
3747 4
3748 3
3749 2
3750 4
3751 1
3752 3
3753 3
3754 1
3755 4
3756 1
3757 2
3758 4
3759 3
3760 3
3761 3
3762 0
3763 0
3764 3
3765 2
3766 2
3767 2
3768 1
3769 1
3770 3
3771 0
3772 3
3773 2
3774 1
3775 2
3776 2
3777 3
3778 2
3779 2
3780 1
3781 1
3782 3
3783 1
3784 3
3785 1
3786 1
3787 2
3788 2
3789 3
3790 4
3791 3
3792 3
3793 0
3794 1
3795 0
3796 4
3797 5
3798 5
3799 3
3800 1
3801 0
3802 2
3803 2
3804 3
3805 2
3806 3
3807 1
3808 0
3809 8
3810 1
3811 3
3812 1
3813 1
3814 2
3815 2
3816 0
3817 0
3818 0
3819 1
3820 0
3821 1
3822 2
3823 0
3824 4
3825 2
3826 1
3827 1
3828 4
3829 1
3830 2
3831 3
3832 1
3833 4
3834 1
3835 2
3836 2
3837 4
3838 4
3839 2
3840 3
3841 3
3842 0
3843 3
3844 2
3845 3
3846 2
3847 8
3848 4
3849 3
3850 1
3851 0
3852 1
3853 5
3854 1
3855 1
3856 2
3857 0
3858 2
3859 2
3860 3
3861 1
3862 4
3863 2
3864 2
3865 2
3866 2
3867 4
3868 3
3869 4
3870 1
3871 2
3872 2
3873 2
3874 1
3875 5
3876 4
3877 1
3878 5
3879 1
3880 1
3881 0
3882 0
3883 2
3884 1
3885 4
3886 2
3887 1
3888 0
3889 3
3890 2
3891 2
3892 0
3893 2
3894 3
3895 0
3896 5
3897 2
3898 2
3899 1
3900 2
3901 3
3902 0
3903 0
3904 3
3905 1
3906 1
3907 1
3908 1
3909 0
3910 2
3911 7
3912 4
3913 2
3914 0
3915 3
3916 1
3917 4
3918 2
3919 1
3920 2
3921 2
3922 1
3923 2
3924 0
3925 1
3926 1
3927 2
3928 0
3929 1
3930 1
3931 1
3932 6
3933 3
3934 2
3935 2
3936 3
3937 2
3938 4
3939 1
3940 0
3941 1
3942 0
3943 5
3944 5
3945 2
3946 3
3947 3
3948 5
3949 1
3950 1
3951 1
3952 5
3953 2
3954 0
3955 4
3956 4
3957 3
3958 1
3959 0
3960 4
3961 1
3962 4
3963 2
3964 3
3965 5
3966 5
3967 2
3968 1
3969 2
3970 4
3971 4
3972 1
3973 2
3974 2
3975 2
3976 1
3977 3
3978 3
3979 2
3980 0
3981 0
3982 4
3983 0
3984 2
3985 4
3986 1
3987 2
3988 0
3989 0
3990 1
3991 3
3992 0
3993 0
3994 2
3995 2
3996 4
3997 2
3998 1
3999 0
4000 2
4001 0
4002 1
4003 3
4004 0
4005 1
4006 2
4007 3
4008 1
4009 2
4010 4
4011 0
4012 2
4013 1
4014 2
4015 3
4016 0
4017 2
4018 3
4019 2
4020 1
4021 2
4022 1
4023 3
4024 3
4025 1
4026 2
4027 2
4028 3
4029 2
4030 3
4031 0
4032 2
4033 2
4034 1
4035 3
4036 1
4037 2
4038 2
4039 5
4040 3
4041 5
4042 3
4043 0
4044 1
4045 1
4046 3
4047 2
4048 0
4049 3
4050 1
4051 1
4052 5
4053 2
4054 1
4055 2
4056 2
4057 1
4058 3
4059 1
4060 2
4061 2
4062 4
4063 0
4064 1
4065 0
4066 1
4067 4
4068 1
4069 2
4070 3
4071 1
4072 2
4073 3
4074 2
4075 1
4076 3
4077 2
4078 1
4079 2
4080 2
4081 2
4082 2
4083 3
4084 2
4085 2
4086 0
4087 1
4088 1
4089 4
4090 1
4091 0
4092 1
4093 2
4094 1
4095 3
4096 3
4097 1
4098 1
4099 0
4100 0
4101 3
4102 0
4103 1
4104 0
4105 1
4106 2
4107 2
4108 2
4109 3
4110 0
4111 1
4112 3
4113 4
4114 2
4115 3
4116 2
4117 0
4118 1
4119 0
4120 2
4121 2
4122 1
4123 2
4124 1
4125 3
4126 0
4127 0
4128 0
4129 1
4130 1
4131 4
4132 0
4133 2
4134 0
4135 0
4136 4
4137 1
4138 3
4139 1
4140 0
4141 0
4142 2
4143 3
4144 1
4145 2
4146 2
4147 1
4148 4
4149 1
4150 4
4151 1
4152 3
4153 0
4154 0
4155 1
4156 4
4157 0
4158 2
4159 4
4160 2
4161 3
4162 3
4163 1
4164 3
4165 2
4166 1
4167 1
4168 1
4169 1
4170 2
4171 0
4172 1
4173 2
4174 3
4175 4
4176 1
4177 5
4178 1
4179 2
4180 8
4181 1
4182 2
4183 3
4184 1
4185 2
4186 0
4187 4
4188 2
4189 3
4190 2
4191 2
4192 4
4193 1
4194 4
4195 3
4196 4
4197 6
4198 2
4199 1
4200 0
4201 2
4202 3
4203 2
4204 4
4205 1
4206 2
4207 2
4208 1
4209 2
4210 2
4211 2
4212 1
4213 5
4214 5
4215 1
4216 4
4217 2
4218 0
4219 3
4220 7
4221 3
4222 4
4223 2
4224 2
4225 5
4226 0
4227 0
4228 0
4229 1
4230 3
4231 1
4232 0
4233 4
4234 1
4235 2
4236 2
4237 1
4238 2
4239 2
4240 0
4241 3
4242 3
4243 0
4244 1
4245 5
4246 1
4247 2
4248 3
4249 1
4250 2
4251 4
4252 3
4253 2
4254 2
4255 2
4256 0
4257 1
4258 0
4259 1
4260 1
4261 1
4262 2
4263 3
4264 0
4265 1
4266 2
4267 1
4268 4
4269 2
4270 2
4271 1
4272 2
4273 0
4274 3
4275 2
4276 1
4277 0
4278 3
4279 2
4280 2
4281 5
4282 1
4283 4
4284 0
4285 1
4286 5
4287 3
4288 3
4289 1
4290 2
4291 2
4292 3
4293 2
4294 5
4295 2
4296 1
4297 2
4298 2
4299 2
4300 3
4301 4
4302 1
4303 0
4304 2
4305 3
4306 3
4307 2
4308 2
4309 0
4310 0
4311 2
4312 5
4313 5
4314 5
4315 1
4316 0
4317 2
4318 1
4319 1
4320 2
4321 1
4322 1
4323 1
4324 3
4325 1
4326 0
4327 6
4328 2
4329 3
4330 2
4331 3
4332 3
4333 1
4334 0
4335 1
4336 3
4337 1
4338 4
4339 1
4340 2
4341 5
4342 0
4343 1
4344 1
4345 2
4346 2
4347 3
4348 3
4349 2
4350 2
4351 1
4352 2
4353 0
4354 3
4355 3
4356 2
4357 2
4358 0
4359 3
4360 2
4361 4
4362 1
4363 1
4364 3
4365 0
4366 2
4367 4
4368 2
4369 2
4370 1
4371 2
4372 2
4373 1
4374 6
4375 0
4376 2
4377 3
4378 0
4379 2
4380 2
4381 1
4382 2
4383 1
4384 4
4385 2
4386 3
4387 1
4388 3
4389 3
4390 2
4391 1
4392 3
4393 0
4394 2
4395 1
4396 1
4397 2
4398 3
4399 3
4400 0
4401 6
4402 2
4403 1
4404 2
4405 2
4406 2
4407 0
4408 0
4409 3
4410 2
4411 0
4412 2
4413 2
4414 1
4415 2
4416 1
4417 1
4418 2
4419 5
4420 5
4421 3
4422 1
4423 3
4424 3
4425 3
4426 3
4427 5
4428 2
4429 1
4430 1
4431 2
4432 2
4433 0
4434 2
4435 2
4436 4
4437 0
4438 1
4439 3
4440 1
4441 0
4442 2
4443 1
4444 1
4445 2
4446 4
4447 1
4448 2
4449 0
4450 3
4451 3
4452 1
4453 2
4454 0
4455 1
4456 3
4457 1
4458 2
4459 1
4460 6
4461 2
4462 0
4463 3
4464 3
4465 0
4466 3
4467 2
4468 2
4469 3
4470 3
4471 3
4472 2
4473 4
4474 2
4475 4
4476 0
4477 0
4478 1
4479 0
4480 4
4481 3
4482 1
4483 1
4484 4
4485 4
4486 1
4487 2
4488 1
4489 1
4490 3
4491 2
4492 4
4493 3
4494 2
4495 0
4496 3
4497 1
4498 2
4499 6
4500 4
4501 4
4502 2
4503 3
4504 2
4505 6
4506 0
4507 1
4508 0
4509 2
4510 3
4511 0
4512 2
4513 2
4514 4
4515 2
4516 1
4517 1
4518 1
4519 1
4520 3
4521 1
4522 1
4523 2
4524 3
4525 1
4526 4
4527 4
4528 3
4529 2
4530 1
4531 2
4532 2
4533 0
4534 1
4535 5
4536 1
4537 2
4538 2
4539 6
4540 2
4541 2
4542 2
4543 2
4544 2
4545 3
4546 2
4547 4
4548 0
4549 0
4550 0
4551 5
4552 2
4553 4
4554 1
4555 4
4556 6
4557 3
4558 5
4559 2
4560 2
4561 1
4562 3
4563 1
4564 3
4565 3
4566 1
4567 1
4568 3
4569 2
4570 0
4571 7
4572 3
4573 1
4574 4
4575 5
4576 2
4577 3
4578 2
4579 4
4580 4
4581 1
4582 4
4583 5
4584 3
4585 0
4586 3
4587 1
4588 5
4589 4
4590 3
4591 1
4592 7
4593 4
4594 2
4595 0
4596 1
4597 3
4598 2
4599 4
4600 0
4601 0
4602 3
4603 3
4604 2
4605 3
4606 2
4607 2
4608 1
4609 2
4610 6
4611 6
4612 2
4613 2
4614 3
4615 1
4616 2
4617 2
4618 0
4619 3
4620 3
4621 3
4622 2
4623 2
4624 2
4625 1
4626 1
4627 3
4628 2
4629 2
4630 2
4631 1
4632 3
4633 0
4634 1
4635 1
4636 3
4637 4
4638 3
4639 1
4640 2
4641 2
4642 3
4643 2
4644 1
4645 3
4646 2
4647 0
4648 2
4649 3
4650 0
4651 2
4652 1
4653 3
4654 3
4655 2
4656 1
4657 4
4658 2
4659 4
4660 3
4661 4
4662 1
4663 0
4664 0
4665 2
4666 0
4667 2
4668 0
4669 2
4670 1
4671 0
4672 6
4673 3
4674 1
4675 1
4676 1
4677 2
4678 5
4679 2
4680 5
4681 3
4682 1
4683 3
4684 2
4685 0
4686 3
4687 2
4688 3
4689 1
4690 3
4691 1
4692 0
4693 0
4694 2
4695 4
4696 1
4697 1
4698 3
4699 4
4700 1
4701 3
4702 1
4703 0
4704 1
4705 1
4706 4
4707 1
4708 1
4709 1
4710 3
4711 1
4712 3
4713 3
4714 1
4715 0
4716 1
4717 0
4718 1
4719 0
4720 1
4721 4
4722 3
4723 4
4724 3
4725 2
4726 4
4727 4
4728 3
4729 3
4730 1
4731 0
4732 1
4733 2
4734 1
4735 0
4736 2
4737 1
4738 0
4739 2
4740 3
4741 3
4742 4
4743 1
4744 3
4745 1
4746 1
4747 2
4748 2
4749 3
4750 2
4751 1
4752 3
4753 2
4754 4
4755 0
4756 3
4757 1
4758 1
4759 2
4760 2
4761 1
4762 1
4763 4
4764 2
4765 5
4766 4
4767 0
4768 2
4769 3
4770 2
4771 2
4772 2
4773 0
4774 0
4775 1
4776 2
4777 7
4778 1
4779 1
4780 4
4781 1
4782 0
4783 2
4784 4
4785 2
4786 4
4787 1
4788 1
4789 1
4790 2
4791 1
4792 3
4793 2
4794 1
4795 2
4796 2
4797 2
4798 1
4799 2
4800 2
4801 0
4802 2
4803 2
4804 3
4805 0
4806 2
4807 0
4808 3
4809 0
4810 1
4811 1
4812 1
4813 5
4814 3
4815 1
4816 3
4817 3
4818 1
4819 1
4820 3
4821 2
4822 2
4823 1
4824 0
4825 2
4826 1
4827 3
4828 1
4829 2
4830 2
4831 3
4832 0
4833 1
4834 3
4835 4
4836 3
4837 3
4838 4
4839 3
4840 2
4841 1
4842 3
4843 2
4844 3
4845 1
4846 1
4847 0
4848 3
4849 2
4850 1
4851 3
4852 4
4853 0
4854 2
4855 4
4856 2
4857 4
4858 2
4859 0
4860 2
4861 4
4862 1
4863 3
4864 2
4865 3
4866 2
4867 1
4868 2
4869 4
4870 2
4871 1
4872 1
4873 3
4874 3
4875 4
4876 1
4877 4
4878 1
4879 2
4880 1
4881 3
4882 2
4883 1
4884 4
4885 0
4886 1
4887 3
4888 3
4889 4
4890 2
4891 0
4892 1
4893 3
4894 2
4895 1
4896 4
4897 1
4898 3
4899 1
4900 1
4901 2
4902 3
4903 1
4904 0
4905 1
4906 2
4907 2
4908 4
4909 2
4910 1
4911 1
4912 3
4913 2
4914 3
4915 3
4916 3
4917 1
4918 0
4919 2
4920 1
4921 2
4922 0
4923 4
4924 2
4925 2
4926 2
4927 2
4928 1
4929 4
4930 3
4931 2
4932 3
4933 5
4934 6
4935 3
4936 3
4937 2
4938 1
4939 3
4940 2
4941 1
4942 2
4943 0
4944 5
4945 4
4946 1
4947 1
4948 3
4949 4
4950 4
4951 0
4952 3
4953 5
4954 3
4955 3
4956 4
4957 0
4958 1
4959 3
4960 0
4961 2
4962 0
4963 4
4964 1
4965 1
4966 2
4967 1
4968 1
4969 2
4970 1
4971 0
4972 0
4973 1
4974 6
4975 2
4976 0
4977 3
4978 2
4979 2
4980 2
4981 3
4982 3
4983 3
4984 1
4985 4
4986 0
4987 3
4988 1
4989 1
4990 4
4991 3
4992 3
4993 3
4994 1
4995 1
4996 3
4997 2
4998 1
4999 1
5000 0
5001 3
5002 1
5003 1
5004 2
5005 3
5006 0
5007 1
5008 4
5009 2
5010 1
5011 4
5012 4
5013 4
5014 2
5015 1
5016 3
5017 6
5018 1
5019 1
5020 2
5021 4
5022 4
5023 3
5024 2
5025 3
5026 0
5027 0
5028 2
5029 1
5030 1
5031 1
5032 4
5033 2
5034 3
5035 1
5036 0
5037 3
5038 1
5039 0
5040 3
5041 2
5042 4
5043 3
5044 0
5045 1
5046 2
5047 1
5048 1
5049 0
5050 5
5051 1
5052 0
5053 2
5054 1
5055 4
5056 4
5057 3
5058 2
5059 0
5060 1
5061 2
5062 2
5063 1
5064 2
5065 1
5066 0
5067 2
5068 1
5069 0
5070 3
5071 4
5072 2
5073 2
5074 0
5075 3
5076 0
5077 3
5078 1
5079 1
5080 4
5081 3
5082 0
5083 1
5084 3
5085 5
5086 5
5087 1
5088 1
5089 1
5090 6
5091 1
5092 1
5093 3
5094 1
5095 1
5096 0
5097 1
5098 2
5099 2
5100 4
5101 3
5102 1
5103 0
5104 3
5105 1
5106 0
5107 4
5108 1
5109 1
5110 2
5111 1
5112 2
5113 2
5114 1
5115 1
5116 0
5117 1
5118 2
5119 1
5120 2
5121 0
5122 1
5123 1
5124 6
5125 2
5126 4
5127 2
5128 1
5129 2
5130 1
5131 5
5132 3
5133 2
5134 0
5135 3
5136 1
5137 3
5138 1
5139 0
5140 2
5141 1
5142 1
5143 1
5144 2
5145 7
5146 1
5147 3
5148 2
5149 3
5150 1
5151 2
5152 0
5153 0
5154 0
5155 1
5156 1
5157 1
5158 0
5159 2
5160 6
5161 1
5162 1
5163 2
5164 1
5165 4
5166 3
5167 5
5168 4
5169 1
5170 2
5171 1
5172 2
5173 4
5174 0
5175 1
5176 2
5177 2
5178 3
5179 1
5180 0
5181 3
5182 1
5183 1
5184 4
5185 1
5186 3
5187 1
5188 2
5189 0
5190 1
5191 0
5192 4
5193 3
5194 2
5195 1
5196 1
5197 4
5198 0
5199 2
5200 2
5201 1
5202 2
5203 2
5204 1
5205 4
5206 0
5207 3
5208 2
5209 2
5210 2
5211 1
5212 2
5213 2
5214 1
5215 1
5216 3
5217 4
5218 1
5219 2
5220 2
5221 3
5222 2
5223 2
5224 2
5225 1
5226 3
5227 2
5228 1
5229 0
5230 2
5231 3
5232 4
5233 2
5234 4
5235 0
5236 3
5237 3
5238 1
5239 2
5240 0
5241 1
5242 3
5243 2
5244 1
5245 1
5246 2
5247 3
5248 2
5249 3
5250 3
5251 1
5252 1
5253 2
5254 0
5255 3
5256 3
5257 0
5258 0
5259 5
5260 1
5261 0
5262 1
5263 1
5264 0
5265 0
5266 1
5267 2
5268 1
5269 0
5270 2
5271 1
5272 2
5273 1
5274 4
5275 1
5276 1
5277 0
5278 0
5279 1
5280 1
5281 1
5282 2
5283 0
5284 2
5285 0
5286 1
5287 0
5288 1
5289 4
5290 1
5291 4
5292 1
5293 1
5294 1
5295 1
5296 1
5297 2
5298 2
5299 2
5300 1
5301 2
5302 1
5303 2
5304 1
5305 2
5306 1
5307 3
5308 3
5309 3
5310 1
5311 1
5312 4
5313 0
5314 5
5315 3
5316 4
5317 1
5318 3
5319 0
5320 3
5321 2
5322 2
5323 4
5324 2
5325 1
5326 2
5327 4
5328 1
5329 1
5330 0
5331 2
5332 2
5333 0
5334 1
5335 1
5336 4
5337 1
5338 0
5339 4
5340 3
5341 4
5342 1
5343 1
5344 5
5345 1
5346 2
5347 2
5348 1
5349 1
5350 2
5351 4
5352 1
5353 1
5354 1
5355 2
5356 2
5357 2
5358 2
5359 2
5360 2
5361 1
5362 4
5363 3
5364 1
5365 3
5366 5
5367 0
5368 1
5369 1
5370 2
5371 2
5372 1
5373 5
5374 2
5375 4
5376 0
5377 2
5378 2
5379 2
5380 2
5381 2
5382 2
5383 0
5384 2
5385 1
5386 0
5387 1
5388 1
5389 0
5390 0
5391 2
5392 1
5393 2
5394 1
5395 1
5396 3
5397 1
5398 1
5399 4
5400 3
5401 1
5402 2
5403 2
5404 1
5405 1
5406 2
5407 0
5408 1
5409 1
5410 1
5411 3
5412 1
5413 4
5414 0
5415 0
5416 3
5417 2
5418 2
5419 2
5420 0
5421 0
5422 0
5423 2
5424 2
5425 0
5426 3
5427 2
5428 2
5429 1
5430 3
5431 0
5432 2
5433 2
5434 1
5435 3
5436 0
5437 1
5438 2
5439 2
5440 1
5441 3
5442 3
5443 0
5444 1
5445 1
5446 0
5447 1
5448 2
5449 1
5450 5
5451 0
5452 2
5453 2
5454 1
5455 2
5456 2
5457 1
5458 1
5459 3
5460 3
5461 3
5462 1
5463 3
5464 3
5465 4
5466 4
5467 2
5468 2
5469 0
5470 2
5471 2
5472 5
5473 2
5474 4
5475 4
5476 1
5477 2
5478 0
5479 0
5480 1
5481 3
5482 1
5483 4
5484 3
5485 2
5486 2
5487 0
5488 1
5489 2
5490 2
5491 4
5492 0
5493 2
5494 2
5495 2
5496 0
5497 1
5498 3
5499 0
5500 2
5501 2
5502 2
5503 1
5504 0
5505 1
5506 1
5507 2
5508 2
5509 3
5510 5
5511 1
5512 3
5513 5
5514 2
5515 1
5516 3
5517 1
5518 1
5519 2
5520 2
5521 2
5522 1
5523 0
5524 1
5525 2
5526 4
5527 1
5528 4
5529 3
5530 2
5531 1
5532 4
5533 2
5534 3
5535 3
5536 2
5537 3
5538 2
5539 5
5540 0
5541 1
5542 0
5543 3
5544 6
5545 5
5546 0
5547 0
5548 1
5549 4
5550 1
5551 3
5552 2
5553 0
5554 1
5555 3
5556 1
5557 1
5558 3
5559 4
5560 1
5561 1
5562 2
5563 0
5564 3
5565 2
5566 3
5567 3
5568 5
5569 3
5570 2
5571 1
5572 4
5573 2
5574 4
5575 2
5576 0
5577 0
5578 2
5579 1
5580 3
5581 2
5582 1
5583 1
5584 1
5585 1
5586 1
5587 3
5588 1
5589 1
5590 0
5591 4
5592 2
5593 2
5594 3
5595 4
5596 5
5597 2
5598 3
5599 2
5600 2
5601 2
5602 3
5603 0
5604 0
5605 0
5606 2
5607 4
5608 0
5609 2
5610 1
5611 1
5612 1
5613 2
5614 1
5615 1
5616 3
5617 3
5618 0
5619 3
5620 2
5621 0
5622 0
5623 3
5624 3
5625 1
5626 2
5627 3
5628 2
5629 2
5630 3
5631 1
5632 3
5633 0
5634 5
5635 1
5636 0
5637 0
5638 3
5639 0
5640 1
5641 4
5642 2
5643 0
5644 0
5645 3
5646 7
5647 5
5648 1
5649 2
5650 0
5651 3
5652 3
5653 4
5654 1
5655 0
5656 5
5657 3
5658 1
5659 1
5660 3
5661 4
5662 1
5663 1
5664 1
5665 5
5666 4
5667 2
5668 2
5669 1
5670 1
5671 3
5672 0
5673 1
5674 3
5675 1
5676 1
5677 2
5678 0
5679 1
5680 1
5681 6
5682 1
5683 2
5684 2
5685 2
5686 5
5687 0
5688 2
5689 3
5690 1
5691 2
5692 2
5693 2
5694 3
5695 1
5696 0
5697 3
5698 1
5699 2
5700 3
5701 2
5702 1
5703 1
5704 2
5705 5
5706 1
5707 1
5708 1
5709 3
5710 0
5711 1
5712 2
5713 3
5714 5
5715 2
5716 6
5717 2
5718 2
5719 3
5720 2
5721 1
5722 2
5723 3
5724 4
5725 0
5726 0
5727 3
5728 2
5729 2
5730 0
5731 0
5732 1
5733 0
5734 4
5735 3
5736 3
5737 3
5738 3
5739 2
5740 2
5741 2
5742 3
5743 0
5744 1
5745 4
5746 0
5747 1
5748 6
5749 2
5750 1
5751 2
5752 2
5753 1
5754 0
5755 2
5756 0
5757 2
5758 0
5759 1
5760 2
5761 5
5762 1
5763 4
5764 1
5765 0
5766 2
5767 3
5768 1
5769 0
5770 5
5771 3
5772 2
5773 1
5774 1
5775 3
5776 3
5777 2
5778 2
5779 3
5780 1
5781 5
5782 2
5783 0
5784 3
5785 3
5786 1
5787 1
5788 2
5789 1
5790 0
5791 0
5792 1
5793 2
5794 4
5795 5
5796 3
5797 2
5798 2
5799 4
5800 0
5801 1
5802 2
5803 4
5804 2
5805 1
5806 1
5807 2
5808 2
5809 3
5810 0
5811 4
5812 1
5813 2
5814 4
5815 3
5816 4
5817 3
5818 3
5819 4
5820 0
5821 2
5822 2
5823 3
5824 0
5825 0
5826 2
5827 2
5828 4
5829 2
5830 3
5831 1
5832 1
5833 0
5834 2
5835 0
5836 1
5837 2
5838 2
5839 1
5840 5
5841 2
5842 1
5843 2
5844 2
5845 3
5846 6
5847 3
5848 3
5849 1
5850 4
5851 2
5852 1
5853 1
5854 4
5855 2
5856 3
5857 5
5858 1
5859 1
5860 2
5861 2
5862 4
5863 1
5864 2
5865 0
5866 1
5867 1
5868 1
5869 3
5870 3
5871 1
5872 5
5873 2
5874 1
5875 2
5876 2
5877 3
5878 1
5879 3
5880 3
5881 1
5882 0
5883 4
5884 2
5885 0
5886 1
5887 6
5888 2
5889 1
5890 4
5891 3
5892 1
5893 5
5894 2
5895 2
5896 2
5897 1
5898 4
5899 1
5900 2
5901 2
5902 5
5903 2
5904 3
5905 3
5906 0
5907 2
5908 3
5909 0
5910 3
5911 2
5912 0
5913 4
5914 2
5915 2
5916 2
5917 1
5918 3
5919 2
5920 3
5921 3
5922 3
5923 0
5924 1
5925 4
5926 1
5927 2
5928 6
5929 2
5930 2
5931 2
5932 4
5933 1
5934 4
5935 3
5936 2
5937 3
5938 1
5939 1
5940 1
5941 3
5942 4
5943 3
5944 3
5945 2
5946 1
5947 0
5948 1
5949 2
5950 3
5951 4
5952 0
5953 1
5954 3
5955 3
5956 2
5957 4
5958 1
5959 1
5960 1
5961 2
5962 3
5963 3
5964 4
5965 2
5966 3
5967 3
5968 4
5969 3
5970 4
5971 3
5972 2
5973 6
5974 2
5975 3
5976 3
5977 1
5978 1
5979 2
5980 4
5981 2
5982 1
5983 0
5984 0
5985 2
5986 2
5987 2
5988 5
5989 0
5990 3
5991 3
5992 1
5993 0
5994 2
5995 2
5996 3
5997 3
5998 3
5999 5
6000 0
6001 1
6002 1
6003 1
6004 2
6005 2
6006 1
6007 4
6008 3
6009 3
6010 0
6011 3
6012 4
6013 4
6014 2
6015 1
6016 2
6017 3
6018 3
6019 1
6020 2
6021 3
6022 2
6023 3
6024 0
6025 2
6026 3
6027 3
6028 2
6029 1
6030 1
6031 5
6032 3
6033 1
6034 3
6035 2
6036 2
6037 0
6038 1
6039 2
6040 2
6041 0
6042 4
6043 1
6044 4
6045 3
6046 0
6047 1
6048 4
6049 0
6050 1
6051 2
6052 1
6053 3
6054 2
6055 3
6056 0
6057 0
6058 1
6059 1
6060 1
6061 2
6062 2
6063 0
6064 1
6065 1
6066 2
6067 0
6068 2
6069 2
6070 0
6071 4
6072 3
6073 0
6074 1
6075 2
6076 3
6077 3
6078 3
6079 4
6080 4
6081 0
6082 4
6083 1
6084 2
6085 2
6086 3
6087 2
6088 1
6089 2
6090 2
6091 2
6092 1
6093 2
6094 0
6095 2
6096 1
6097 1
6098 3
6099 1
6100 0
6101 4
6102 3
6103 4
6104 3
6105 3
6106 0
6107 3
6108 0
6109 2
6110 2
6111 3
6112 6
6113 2
6114 3
6115 5
6116 2
6117 5
6118 2
6119 3
6120 5
6121 4
6122 2
6123 4
6124 6
6125 2
6126 3
6127 4
6128 1
6129 1
6130 3
6131 1
6132 3
6133 1
6134 1
6135 2
6136 1
6137 0
6138 0
6139 4
6140 3
6141 1
6142 4
6143 1
6144 2
6145 3
6146 3
6147 7
6148 3
6149 1
6150 2
6151 3
6152 0
6153 2
6154 2
6155 1
6156 0
6157 0
6158 0
6159 2
6160 2
6161 3
6162 2
6163 2
6164 4
6165 3
6166 0
6167 0
6168 1
6169 2
6170 2
6171 0
6172 1
6173 0
6174 1
6175 1
6176 2
6177 2
6178 2
6179 0
6180 1
6181 1
6182 4
6183 3
6184 1
6185 4
6186 1
6187 2
6188 0
6189 4
6190 3
6191 2
6192 0
6193 2
6194 1
6195 2
6196 0
6197 1
6198 4
6199 0
6200 2
6201 1
6202 0
6203 2
6204 1
6205 1
6206 2
6207 3
6208 4
6209 1
6210 3
6211 4
6212 2
6213 1
6214 3
6215 2
6216 2
6217 3
6218 0
6219 2
6220 4
6221 2
6222 3
6223 4
6224 3
6225 1
6226 3
6227 2
6228 2
6229 1
6230 1
6231 0
6232 0
6233 1
6234 1
6235 4
6236 4
6237 1
6238 4
6239 0
6240 1
6241 1
6242 2
6243 0
6244 2
6245 2
6246 3
6247 3
6248 2
6249 4
6250 1
6251 3
6252 4
6253 1
6254 1
6255 1
6256 4
6257 5
6258 3
6259 1
6260 4
6261 2
6262 2
6263 1
6264 1
6265 2
6266 2
6267 0
6268 0
6269 1
6270 5
6271 1
6272 3
6273 2
6274 0
6275 3
6276 3
6277 0
6278 4
6279 3
6280 2
6281 3
6282 0
6283 5
6284 0
6285 1
6286 0
6287 1
6288 1
6289 2
6290 2
6291 3
6292 3
6293 1
6294 5
6295 0
6296 2
6297 2
6298 0
6299 1
6300 1
6301 0
6302 1
6303 3
6304 1
6305 2
6306 2
6307 3
6308 1
6309 8
6310 0
6311 2
6312 1
6313 1
6314 5
6315 2
6316 2
6317 2
6318 4
6319 4
6320 7
6321 3
6322 3
6323 1
6324 1
6325 5
6326 1
6327 2
6328 2
6329 1
6330 4
6331 4
6332 3
6333 0
6334 0
6335 3
6336 0
6337 1
6338 3
6339 1
6340 1
6341 1
6342 3
6343 0
6344 2
6345 2
6346 0
6347 1
6348 4
6349 1
6350 0
6351 2
6352 1
6353 2
6354 1
6355 2
6356 5
6357 4
6358 2
6359 2
6360 5
6361 3
6362 2
6363 0
6364 2
6365 3
6366 2
6367 2
6368 1
6369 1
6370 1
6371 2
6372 2
6373 4
6374 2
6375 5
6376 1
6377 3
6378 1
6379 2
6380 0
6381 3
6382 0
6383 2
6384 0
6385 4
6386 0
6387 1
6388 3
6389 4
6390 1
6391 0
6392 2
6393 1
6394 2
6395 1
6396 3
6397 2
6398 2
6399 0
6400 4
6401 1
6402 2
6403 1
6404 0
6405 2
6406 3
6407 0
6408 2
6409 4
6410 3
6411 0
6412 2
6413 0
6414 0
6415 1
6416 3
6417 6
6418 0
6419 0
6420 3
6421 1
6422 3
6423 2
6424 2
6425 2
6426 2
6427 0
6428 4
6429 2
6430 5
6431 3
6432 0
6433 3
6434 3
6435 1
6436 1
6437 5
6438 0
6439 2
6440 1
6441 2
6442 1
6443 3
6444 1
6445 2
6446 2
6447 1
6448 1
6449 6
6450 4
6451 1
6452 3
6453 2
6454 3
6455 1
6456 1
6457 2
6458 3
6459 1
6460 3
6461 6
6462 4
6463 0
6464 5
6465 3
6466 0
6467 2
6468 1
6469 0
6470 1
6471 0
6472 3
6473 3
6474 0
6475 2
6476 6
6477 4
6478 4
6479 2
6480 0
6481 0
6482 3
6483 6
6484 2
6485 5
6486 0
6487 2
6488 3
6489 1
6490 2
6491 4
6492 2
6493 1
6494 0
6495 3
6496 1
6497 2
6498 4
6499 2
6500 2
6501 2
6502 2
6503 6
6504 3
6505 2
6506 2
6507 5
6508 1
6509 1
6510 1
6511 0
6512 1
6513 1
6514 1
6515 2
6516 2
6517 2
6518 0
6519 1
6520 1
6521 2
6522 5
6523 3
6524 2
6525 2
6526 4
6527 4
6528 2
6529 6
6530 2
6531 1
6532 0
6533 1
6534 2
6535 3
6536 0
6537 1
6538 7
6539 1
6540 1
6541 2
6542 4
6543 3
6544 1
6545 3
6546 1
6547 2
6548 2
6549 1
6550 1
6551 1
6552 4
6553 1
6554 2
6555 1
6556 2
6557 2
6558 3
6559 1
6560 0
6561 2
6562 1
6563 5
6564 2
6565 1
6566 3
6567 1
6568 2
6569 1
6570 1
6571 0
6572 0
6573 1
6574 1
6575 1
6576 2
6577 2
6578 1
6579 3
6580 1
6581 0
6582 2
6583 2
6584 2
6585 1
6586 3
6587 2
6588 1
6589 1
6590 3
6591 1
6592 2
6593 2
6594 1
6595 2
6596 2
6597 1
6598 2
6599 1
6600 5
6601 2
6602 1
6603 2
6604 3
6605 1
6606 3
6607 0
6608 1
6609 3
6610 4
6611 4
6612 3
6613 4
6614 0
6615 2
6616 3
6617 2
6618 1
6619 3
6620 1
6621 3
6622 0
6623 5
6624 0
6625 4
6626 2
6627 1
6628 3
6629 3
6630 1
6631 3
6632 1
6633 4
6634 3
6635 0
6636 4
6637 1
6638 2
6639 1
6640 2
6641 2
6642 2
6643 3
6644 2
6645 2
6646 2
6647 1
6648 3
6649 3
6650 1
6651 2
6652 0
6653 3
6654 4
6655 0
6656 3
6657 3
6658 2
6659 0
6660 3
6661 2
6662 4
6663 4
6664 1
6665 4
6666 0
6667 2
6668 0
6669 3
6670 1
6671 2
6672 2
6673 4
6674 1
6675 0
6676 3
6677 1
6678 2
6679 3
6680 0
6681 2
6682 3
6683 2
6684 2
6685 2
6686 2
6687 3
6688 4
6689 3
6690 1
6691 1
6692 3
6693 1
6694 2
6695 1
6696 2
6697 1
6698 4
6699 2
6700 3
6701 1
6702 2
6703 3
6704 2
6705 1
6706 3
6707 2
6708 5
6709 1
6710 3
6711 0
6712 2
6713 0
6714 0
6715 1
6716 1
6717 0
6718 1
6719 2
6720 1
6721 2
6722 3
6723 0
6724 3
6725 2
6726 1
6727 1
6728 3
6729 1
6730 4
6731 0
6732 0
6733 1
6734 3
6735 3
6736 1
6737 1
6738 2
6739 3
6740 2
6741 4
6742 2
6743 3
6744 0
6745 2
6746 1
6747 3
6748 2
6749 1
6750 3
6751 2
6752 0
6753 2
6754 1
6755 1
6756 0
6757 2
6758 2
6759 2
6760 3
6761 0
6762 6
6763 3
6764 1
6765 2
6766 2
6767 1
6768 1
6769 4
6770 2
6771 5
6772 2
6773 1
6774 5
6775 3
6776 1
6777 2
6778 0
6779 4
6780 0
6781 2
6782 0
6783 1
6784 1
6785 2
6786 3
6787 2
6788 2
6789 2
6790 0
6791 3
6792 5
6793 3
6794 3
6795 5
6796 2
6797 1
6798 3
6799 0
6800 1
6801 0
6802 1
6803 3
6804 4
6805 0
6806 1
6807 3
6808 2
6809 2
6810 2
6811 0
6812 1
6813 3
6814 2
6815 1
6816 2
6817 0
6818 3
6819 3
6820 1
6821 1
6822 3
6823 4
6824 4
6825 1
6826 2
6827 1
6828 0
6829 1
6830 1
6831 3
6832 1
6833 3
6834 3
6835 2
6836 3
6837 2
6838 1
6839 3
6840 0
6841 2
6842 1
6843 1
6844 1
6845 1
6846 2
6847 2
6848 2
6849 1
6850 0
6851 2
6852 3
6853 2
6854 4
6855 2
6856 1
6857 0
6858 0
6859 2
6860 5
6861 4
6862 0
6863 2
6864 1
6865 3
6866 2
6867 3
6868 0
6869 1
6870 0
6871 2
6872 1
6873 0
6874 4
6875 1
6876 3
6877 4
6878 2
6879 2
6880 5
6881 2
6882 3
6883 5
6884 2
6885 1
6886 2
6887 6
6888 1
6889 5
6890 0
6891 1
6892 5
6893 5
6894 0
6895 2
6896 2
6897 2
6898 1
6899 2
6900 1
6901 1
6902 3
6903 3
6904 3
6905 2
6906 4
6907 4
6908 1
6909 4
6910 0
6911 4
6912 1
6913 6
6914 1
6915 1
6916 2
6917 2
6918 2
6919 3
6920 5
6921 0
6922 3
6923 3
6924 4
6925 1
6926 3
6927 3
6928 2
6929 2
6930 1
6931 2
6932 2
6933 2
6934 3
6935 3
6936 3
6937 1
6938 3
6939 1
6940 4
6941 1
6942 1
6943 4
6944 1
6945 1
6946 2
6947 1
6948 1
6949 0
6950 3
6951 1
6952 5
6953 2
6954 1
6955 2
6956 1
6957 3
6958 5
6959 2
6960 1
6961 1
6962 1
6963 0
6964 2
6965 0
6966 3
6967 0
6968 3
6969 1
6970 3
6971 3
6972 1
6973 3
6974 2
6975 3
6976 4
6977 3
6978 1
6979 1
6980 1
6981 2
6982 4
6983 1
6984 3
6985 3
6986 2
6987 1
6988 2
6989 0
6990 2
6991 1
6992 5
6993 0
6994 0
6995 0
6996 1
6997 2
6998 1
6999 2
7000 0
7001 4
7002 3
7003 0
7004 4
7005 1
7006 1
7007 4
7008 1
7009 1
7010 3
7011 0
7012 1
7013 1
7014 1
7015 1
7016 1
7017 0
7018 2
7019 1
7020 4
7021 0
7022 1
7023 2
7024 1
7025 4
7026 1
7027 3
7028 3
7029 3
7030 0
7031 3
7032 4
7033 1
7034 8
7035 1
7036 4
7037 0
7038 4
7039 1
7040 4
7041 2
7042 3
7043 0
7044 1
7045 3
7046 1
7047 1
7048 2
7049 1
7050 2
7051 1
7052 5
7053 0
7054 2
7055 0
7056 2
7057 1
7058 3
7059 5
7060 1
7061 2
7062 1
7063 1
7064 3
7065 2
7066 2
7067 4
7068 3
7069 3
7070 1
7071 1
7072 3
7073 1
7074 1
7075 1
7076 0
7077 3
7078 3
7079 0
7080 2
7081 1
7082 0
7083 0
7084 3
7085 3
7086 0
7087 0
7088 1
7089 1
7090 1
7091 3
7092 0
7093 2
7094 2
7095 2
7096 1
7097 4
7098 6
7099 3
7100 2
7101 2
7102 3
7103 2
7104 0
7105 1
7106 2
7107 2
7108 4
7109 3
7110 2
7111 0
7112 1
7113 0
7114 0
7115 3
7116 3
7117 2
7118 1
7119 1
7120 3
7121 2
7122 1
7123 0
7124 2
7125 3
7126 0
7127 2
7128 1
7129 1
7130 3
7131 1
7132 1
7133 4
7134 4
7135 2
7136 2
7137 2
7138 2
7139 2
7140 4
7141 5
7142 2
7143 3
7144 0
7145 1
7146 1
7147 2
7148 2
7149 0
7150 1
7151 1
7152 2
7153 4
7154 0
7155 2
7156 2
7157 1
7158 4
7159 2
7160 1
7161 5
7162 2
7163 3
7164 3
7165 2
7166 2
7167 1
7168 2
7169 1
7170 1
7171 4
7172 7
7173 1
7174 2
7175 3
7176 2
7177 0
7178 0
7179 4
7180 3
7181 3
7182 5
7183 1
7184 1
7185 4
7186 5
7187 2
7188 5
7189 4
7190 2
7191 2
7192 3
7193 5
7194 2
7195 3
7196 1
7197 1
7198 3
7199 4
7200 2
7201 2
7202 1
7203 1
7204 1
7205 2
7206 3
7207 1
7208 2
7209 1
7210 3
7211 4
7212 2
7213 1
7214 3
7215 2
7216 4
7217 0
7218 3
7219 1
7220 5
7221 4
7222 3
7223 6
7224 1
7225 1
7226 3
7227 1
7228 4
7229 0
7230 4
7231 0
7232 4
7233 3
7234 2
7235 1
7236 2
7237 1
7238 1
7239 3
7240 2
7241 3
7242 1
7243 0
7244 1
7245 2
7246 4
7247 3
7248 1
7249 2
7250 2
7251 2
7252 1
7253 5
7254 1
7255 1
7256 5
7257 7
7258 3
7259 2
7260 2
7261 1
7262 1
7263 2
7264 2
7265 3
7266 5
7267 0
7268 1
7269 4
7270 2
7271 3
7272 4
7273 3
7274 1
7275 1
7276 2
7277 3
7278 2
7279 3
7280 2
7281 1
7282 3
7283 3
7284 3
7285 4
7286 3
7287 3
7288 3
7289 2
7290 4
7291 3
7292 4
7293 2
7294 3
7295 2
7296 2
7297 6
7298 1
7299 2
7300 1
7301 3
7302 2
7303 1
7304 3
7305 1
7306 1
7307 4
7308 1
7309 1
7310 2
7311 1
7312 2
7313 1
7314 4
7315 3
7316 2
7317 3
7318 2
7319 2
7320 0
7321 4
7322 1
7323 0
7324 1
7325 2
7326 2
7327 2
7328 0
7329 0
7330 1
7331 3
7332 5
7333 0
7334 4
7335 1
7336 2
7337 2
7338 2
7339 2
7340 7
7341 2
7342 1
7343 0
7344 2
7345 1
7346 2
7347 3
7348 2
7349 1
7350 1
7351 2
7352 5
7353 1
7354 2
7355 3
7356 1
7357 3
7358 0
7359 4
7360 3
7361 4
7362 2
7363 1
7364 1
7365 1
7366 2
7367 0
7368 2
7369 1
7370 1
7371 0
7372 4
7373 3
7374 0
7375 1
7376 2
7377 2
7378 4
7379 0
7380 3
7381 3
7382 1
7383 4
7384 1
7385 5
7386 3
7387 0
7388 1
7389 4
7390 1
7391 4
7392 3
7393 4
7394 3
7395 6
7396 3
7397 0
7398 1
7399 3
7400 0
7401 2
7402 5
7403 2
7404 2
7405 2
7406 1
7407 0
7408 3
7409 1
7410 1
7411 1
7412 2
7413 4
7414 0
7415 2
7416 2
7417 2
7418 4
7419 5
7420 2
7421 2
7422 2
7423 3
7424 0
7425 2
7426 1
7427 1
7428 3
7429 2
7430 2
7431 1
7432 3
7433 2
7434 0
7435 1
7436 1
7437 0
7438 3
7439 0
7440 2
7441 3
7442 2
7443 1
7444 1
7445 2
7446 1
7447 3
7448 0
7449 0
7450 1
7451 3
7452 0
7453 0
7454 5
7455 5
7456 4
7457 2
7458 2
7459 2
7460 0
7461 8
7462 1
7463 0
7464 1
7465 2
7466 6
7467 1
7468 3
7469 3
7470 2
7471 1
7472 1
7473 1
7474 5
7475 2
7476 0
7477 3
7478 1
7479 4
7480 5
7481 1
7482 1
7483 0
7484 2
7485 4
7486 1
7487 0
7488 1
7489 0
7490 0
7491 2
7492 1
7493 3
7494 1
7495 1
7496 2
7497 1
7498 4
7499 4
7500 2
7501 2
7502 4
7503 2
7504 0
7505 0
7506 2
7507 3
7508 0
7509 0
7510 3
7511 5
7512 0
7513 2
7514 2
7515 2
7516 0
7517 1
7518 1
7519 1
7520 1
7521 2
7522 2
7523 3
7524 3
7525 4
7526 1
7527 2
7528 5
7529 0
7530 3
7531 0
7532 1
7533 2
7534 1
7535 2
7536 1
7537 3
7538 4
7539 1
7540 1
7541 1
7542 1
7543 1
7544 2
7545 3
7546 0
7547 4
7548 2
7549 5
7550 3
7551 1
7552 0
7553 2
7554 4
7555 1
7556 0
7557 1
7558 2
7559 3
7560 2
7561 4
7562 1
7563 1
7564 0
7565 2
7566 2
7567 2
7568 2
7569 0
7570 5
7571 0
7572 1
7573 1
7574 1
7575 2
7576 1
7577 0
7578 4
7579 2
7580 1
7581 4
7582 2
7583 1
7584 2
7585 2
7586 5
7587 1
7588 0
7589 1
7590 1
7591 2
7592 1
7593 2
7594 2
7595 2
7596 3
7597 2
7598 3
7599 0
7600 2
7601 1
7602 2
7603 0
7604 1
7605 1
7606 3
7607 0
7608 2
7609 2
7610 3
7611 2
7612 4
7613 3
7614 1
7615 3
7616 2
7617 2
7618 3
7619 2
7620 0
7621 1
7622 2
7623 3
7624 2
7625 1
7626 3
7627 2
7628 2
7629 1
7630 2
7631 2
7632 0
7633 2
7634 1
7635 2
7636 0
7637 1
7638 5
7639 9
7640 1
7641 3
7642 2
7643 1
7644 1
7645 1
7646 1
7647 4
7648 1
7649 2
7650 4
7651 2
7652 0
7653 3
7654 2
7655 2
7656 3
7657 1
7658 0
7659 6
7660 2
7661 0
7662 1
7663 3
7664 1
7665 0
7666 1
7667 2
7668 3
7669 2
7670 3
7671 3
7672 2
7673 3
7674 0
7675 3
7676 0
7677 1
7678 1
7679 8
7680 1
7681 3
7682 1
7683 2
7684 5
7685 3
7686 3
7687 2
7688 4
7689 5
7690 2
7691 1
7692 0
7693 3
7694 2
7695 0
7696 1
7697 3
7698 3
7699 3
7700 1
7701 5
7702 2
7703 2
7704 4
7705 0
7706 4
7707 2
7708 1
7709 2
7710 3
7711 3
7712 1
7713 1
7714 3
7715 3
7716 2
7717 3
7718 1
7719 2
7720 2
7721 1
7722 3
7723 2
7724 0
7725 1
7726 2
7727 2
7728 2
7729 4
7730 2
7731 0
7732 4
7733 5
7734 3
7735 2
7736 4
7737 4
7738 1
7739 3
7740 3
7741 3
7742 1
7743 3
7744 0
7745 1
7746 4
7747 2
7748 4
7749 1
7750 1
7751 2
7752 4
7753 0
7754 5
7755 0
7756 2
7757 1
7758 5
7759 0
7760 1
7761 2
7762 2
7763 3
7764 2
7765 0
7766 2
7767 0
7768 1
7769 2
7770 0
7771 4
7772 2
7773 3
7774 3
7775 0
7776 1
7777 1
7778 5
7779 1
7780 1
7781 3
7782 2
7783 1
7784 4
7785 0
7786 3
7787 1
7788 2
7789 1
7790 3
7791 2
7792 4
7793 2
7794 2
7795 1
7796 2
7797 2
7798 2
7799 3
7800 1
7801 0
7802 2
7803 1
7804 1
7805 0
7806 2
7807 2
7808 0
7809 1
7810 1
7811 2
7812 6
7813 2
7814 1
7815 4
7816 1
7817 2
7818 1
7819 1
7820 3
7821 2
7822 0
7823 2
7824 2
7825 1
7826 0
7827 3
7828 2
7829 1
7830 1
7831 1
7832 1
7833 4
7834 2
7835 2
7836 2
7837 2
7838 0
7839 0
7840 3
7841 1
7842 1
7843 1
7844 1
7845 2
7846 4
7847 2
7848 2
7849 5
7850 0
7851 2
7852 3
7853 2
7854 1
7855 2
7856 1
7857 1
7858 3
7859 1
7860 2
7861 2
7862 0
7863 3
7864 3
7865 2
7866 2
7867 4
7868 0
7869 1
7870 3
7871 1
7872 2
7873 2
7874 3
7875 0
7876 1
7877 5
7878 2
7879 2
7880 1
7881 0
7882 2
7883 1
7884 0
7885 1
7886 1
7887 1
7888 2
7889 1
7890 2
7891 4
7892 4
7893 0
7894 4
7895 1
7896 2
7897 1
7898 4
7899 2
7900 2
7901 2
7902 4
7903 2
7904 3
7905 1
7906 3
7907 2
7908 3
7909 3
7910 4
7911 1
7912 3
7913 2
7914 0
7915 3
7916 1
7917 2
7918 3
7919 1
7920 2
7921 3
7922 3
7923 2
7924 1
7925 1
7926 2
7927 3
7928 1
7929 4
7930 2
7931 1
7932 1
7933 2
7934 3
7935 2
7936 2
7937 2
7938 3
7939 5
7940 4
7941 3
7942 0
7943 3
7944 2
7945 3
7946 3
7947 5
7948 0
7949 3
7950 1
7951 2
7952 1
7953 0
7954 5
7955 2
7956 3
7957 3
7958 0
7959 1
7960 4
7961 3
7962 2
7963 6
7964 2
7965 4
7966 2
7967 3
7968 1
7969 3
7970 4
7971 1
7972 3
7973 3
7974 1
7975 1
7976 1
7977 2
7978 3
7979 5
7980 3
7981 1
7982 2
7983 2
7984 2
7985 1
7986 2
7987 1
7988 1
7989 3
7990 2
7991 3
7992 4
7993 0
7994 6
7995 4
7996 2
7997 2
7998 4
7999 1
8000 1
8001 4
8002 1
8003 3
8004 1
8005 2
8006 3
8007 0
8008 3
8009 2
8010 4
8011 2
8012 0
8013 2
8014 1
8015 2
8016 2
8017 2
8018 4
8019 2
8020 2
8021 2
8022 4
8023 3
8024 3
8025 1
8026 1
8027 3
8028 4
8029 4
8030 1
8031 2
8032 2
8033 1
8034 4
8035 5
8036 0
8037 0
8038 1
8039 3
8040 2
8041 4
8042 0
8043 2
8044 1
8045 3
8046 3
8047 4
8048 1
8049 1
8050 0
8051 2
8052 4
8053 3
8054 3
8055 5
8056 4
8057 2
8058 5
8059 3
8060 0
8061 0
8062 2
8063 1
8064 3
8065 4
8066 1
8067 2
8068 2
8069 1
8070 1
8071 0
8072 1
8073 2
8074 1
8075 2
8076 1
8077 0
8078 0
8079 2
8080 4
8081 0
8082 0
8083 2
8084 2
8085 1
8086 3
8087 0
8088 1
8089 1
8090 3
8091 2
8092 3
8093 2
8094 2
8095 2
8096 2
8097 4
8098 4
8099 2
8100 1
8101 1
8102 3
8103 2
8104 2
8105 4
8106 0
8107 2
8108 7
8109 3
8110 1
8111 1
8112 2
8113 4
8114 3
8115 4
8116 3
8117 0
8118 2
8119 0
8120 3
8121 4
8122 4
8123 2
8124 1
8125 0
8126 2
8127 0
8128 1
8129 2
8130 1
8131 2
8132 4
8133 2
8134 4
8135 1
8136 0
8137 2
8138 4
8139 1
8140 0
8141 0
8142 2
8143 2
8144 0
8145 2
8146 2
8147 3
8148 3
8149 3
8150 0
8151 1
8152 1
8153 4
8154 4
8155 1
8156 2
8157 1
8158 1
8159 0
8160 3
8161 1
8162 3
8163 4
8164 2
8165 3
8166 2
8167 4
8168 5
8169 3
8170 1
8171 0
8172 3
8173 2
8174 2
8175 1
8176 0
8177 3
8178 1
8179 0
8180 2
8181 0
8182 2
8183 1
8184 2
8185 2
8186 3
8187 1
8188 1
8189 1
8190 4
8191 1
8192 3
8193 3
8194 1
8195 1
8196 1
8197 1
8198 1
8199 3
8200 0
8201 1
8202 2
8203 2
8204 1
8205 0
8206 1
8207 2
8208 2
8209 0
8210 0
8211 2
8212 5
8213 2
8214 0
8215 4
8216 0
8217 1
8218 7
8219 1
8220 0
8221 4
8222 0
8223 2
8224 4
8225 3
8226 1
8227 1
8228 5
8229 1
8230 2
8231 4
8232 1
8233 5
8234 2
8235 2
8236 1
8237 2
8238 4
8239 1
8240 2
8241 0
8242 1
8243 1
8244 1
8245 2
8246 3
8247 0
8248 3
8249 1
8250 4
8251 1
8252 1
8253 2
8254 5
8255 2
8256 8
8257 2
8258 3
8259 2
8260 1
8261 4
8262 0
8263 1
8264 2
8265 3
8266 1
8267 3
8268 3
8269 3
8270 3
8271 0
8272 1
8273 1
8274 3
8275 3
8276 3
8277 1
8278 1
8279 2
8280 3
8281 2
8282 1
8283 2
8284 1
8285 2
8286 4
8287 4
8288 2
8289 1
8290 2
8291 1
8292 4
8293 4
8294 1
8295 4
8296 4
8297 0
8298 4
8299 0
8300 2
8301 0
8302 1
8303 3
8304 0
8305 2
8306 2
8307 3
8308 0
8309 1
8310 1
8311 1
8312 0
8313 1
8314 0
8315 3
8316 0
8317 5
8318 2
8319 2
8320 2
8321 1
8322 1
8323 4
8324 0
8325 4
8326 4
8327 0
8328 2
8329 1
8330 2
8331 0
8332 2
8333 1
8334 4
8335 1
8336 5
8337 1
8338 4
8339 4
8340 1
8341 1
8342 3
8343 1
8344 2
8345 1
8346 0
8347 4
8348 1
8349 0
8350 1
8351 1
8352 2
8353 2
8354 3
8355 0
8356 2
8357 2
8358 2
8359 4
8360 2
8361 1
8362 2
8363 1
8364 3
8365 2
8366 1
8367 0
8368 4
8369 3
8370 0
8371 2
8372 2
8373 1
8374 2
8375 1
8376 2
8377 2
8378 2
8379 2
8380 0
8381 0
8382 5
8383 2
8384 1
8385 3
8386 2
8387 1
8388 1
8389 5
8390 4
8391 2
8392 1
8393 4
8394 2
8395 3
8396 1
8397 4
8398 2
8399 3
8400 3
8401 2
8402 3
8403 2
8404 4
8405 1
8406 2
8407 1
8408 0
8409 2
8410 0
8411 0
8412 2
8413 3
8414 4
8415 2
8416 2
8417 2
8418 0
8419 2
8420 2
8421 2
8422 4
8423 3
8424 3
8425 2
8426 2
8427 3
8428 0
8429 3
8430 3
8431 4
8432 4
8433 1
8434 5
8435 1
8436 1
8437 2
8438 2
8439 1
8440 2
8441 0
8442 1
8443 3
8444 3
8445 1
8446 2
8447 0
8448 2
8449 2
8450 2
8451 1
8452 1
8453 1
8454 4
8455 1
8456 3
8457 4
8458 1
8459 3
8460 0
8461 3
8462 3
8463 1
8464 1
8465 1
8466 4
8467 3
8468 1
8469 4
8470 1
8471 2
8472 4
8473 0
8474 3
8475 2
8476 3
8477 2
8478 0
8479 0
8480 3
8481 4
8482 1
8483 2
8484 5
8485 1
8486 2
8487 0
8488 1
8489 4
8490 1
8491 0
8492 5
8493 1
8494 2
8495 1
8496 1
8497 2
8498 1
8499 1
8500 1
8501 2
8502 0
8503 0
8504 4
8505 3
8506 2
8507 0
8508 1
8509 3
8510 1
8511 1
8512 1
8513 2
8514 2
8515 0
8516 1
8517 3
8518 3
8519 2
8520 1
8521 0
8522 1
8523 2
8524 0
8525 1
8526 0
8527 2
8528 1
8529 2
8530 0
8531 0
8532 3
8533 2
8534 1
8535 0
8536 0
8537 1
8538 1
8539 2
8540 5
8541 2
8542 1
8543 1
8544 1
8545 1
8546 1
8547 1
8548 0
8549 1
8550 1
8551 2
8552 2
8553 0
8554 1
8555 1
8556 1
8557 1
8558 1
8559 1
8560 3
8561 1
8562 5
8563 1
8564 1
8565 1
8566 4
8567 4
8568 3
8569 3
8570 2
8571 3
8572 0
8573 1
8574 1
8575 3
8576 2
8577 4
8578 2
8579 1
8580 2
8581 4
8582 2
8583 2
8584 3
8585 1
8586 0
8587 2
8588 1
8589 1
8590 4
8591 3
8592 0
8593 3
8594 2
8595 5
8596 1
8597 2
8598 1
8599 3
8600 1
8601 1
8602 6
8603 1
8604 2
8605 2
8606 1
8607 0
8608 2
8609 3
8610 2
8611 3
8612 3
8613 2
8614 2
8615 1
8616 6
8617 1
8618 1
8619 1
8620 5
8621 2
8622 3
8623 1
8624 1
8625 1
8626 5
8627 5
8628 1
8629 1
8630 1
8631 1
8632 2
8633 3
8634 4
8635 5
8636 4
8637 2
8638 2
8639 2
8640 3
8641 3
8642 2
8643 5
8644 1
8645 3
8646 0
8647 3
8648 1
8649 1
8650 1
8651 0
8652 1
8653 0
8654 2
8655 1
8656 3
8657 1
8658 1
8659 1
8660 3
8661 3
8662 5
8663 2
8664 4
8665 1
8666 5
8667 1
8668 0
8669 3
8670 0
8671 2
8672 1
8673 0
8674 1
8675 1
8676 6
8677 1
8678 1
8679 2
8680 3
8681 3
8682 1
8683 2
8684 1
8685 2
8686 2
8687 3
8688 4
8689 2
8690 1
8691 2
8692 1
8693 1
8694 3
8695 2
8696 3
8697 1
8698 4
8699 1
8700 2
8701 1
8702 1
8703 2
8704 1
8705 1
8706 2
8707 1
8708 3
8709 3
8710 1
8711 2
8712 2
8713 3
8714 2
8715 1
8716 0
8717 6
8718 1
8719 5
8720 3
8721 6
8722 5
8723 3
8724 4
8725 0
8726 3
8727 4
8728 3
8729 0
8730 0
8731 2
8732 1
8733 2
8734 3
8735 2
8736 1
8737 0
8738 0
8739 1
8740 0
8741 1
8742 1
8743 3
8744 1
8745 0
8746 3
8747 2
8748 2
8749 0
8750 6
8751 1
8752 3
8753 3
8754 1
8755 1
8756 0
8757 2
8758 3
8759 1
8760 1
8761 0
8762 1
8763 2
8764 2
8765 2
8766 2
8767 1
8768 2
8769 1
8770 1
8771 3
8772 1
8773 3
8774 4
8775 1
8776 0
8777 5
8778 4
8779 1
8780 2
8781 1
8782 0
8783 4
8784 2
8785 2
8786 1
8787 1
8788 2
8789 3
8790 1
8791 2
8792 2
8793 2
8794 0
8795 3
8796 2
8797 3
8798 2
8799 0
8800 5
8801 2
8802 4
8803 2
8804 3
8805 2
8806 2
8807 5
8808 1
8809 3
8810 5
8811 2
8812 3
8813 1
8814 2
8815 3
8816 0
8817 0
8818 1
8819 2
8820 2
8821 4
8822 3
8823 4
8824 0
8825 2
8826 0
8827 2
8828 1
8829 0
8830 0
8831 1
8832 2
8833 3
8834 1
8835 2
8836 2
8837 4
8838 0
8839 0
8840 1
8841 0
8842 3
8843 4
8844 2
8845 4
8846 2
8847 2
8848 2
8849 2
8850 1
8851 3
8852 3
8853 1
8854 2
8855 0
8856 1
8857 4
8858 1
8859 0
8860 2
8861 6
8862 2
8863 0
8864 3
8865 3
8866 3
8867 0
8868 2
8869 0
8870 3
8871 0
8872 2
8873 1
8874 3
8875 2
8876 1
8877 3
8878 2
8879 3
8880 0
8881 0
8882 4
8883 0
8884 1
8885 1
8886 2
8887 1
8888 3
8889 3
8890 2
8891 2
8892 0
8893 2
8894 1
8895 3
8896 1
8897 4
8898 1
8899 1
8900 1
8901 1
8902 1
8903 0
8904 1
8905 1
8906 2
8907 1
8908 4
8909 0
8910 3
8911 2
8912 1
8913 4
8914 4
8915 1
8916 3
8917 0
8918 1
8919 2
8920 1
8921 3
8922 3
8923 2
8924 0
8925 1
8926 1
8927 1
8928 1
8929 4
8930 0
8931 3
8932 0
8933 1
8934 7
8935 4
8936 4
8937 2
8938 4
8939 3
8940 1
8941 0
8942 6
8943 0
8944 2
8945 2
8946 2
8947 1
8948 1
8949 1
8950 2
8951 2
8952 3
8953 1
8954 0
8955 4
8956 1
8957 2
8958 2
8959 2
8960 1
8961 3
8962 5
8963 3
8964 2
8965 2
8966 2
8967 0
8968 3
8969 3
8970 2
8971 2
8972 1
8973 2
8974 0
8975 3
8976 2
8977 3
8978 1
8979 0
8980 3
8981 2
8982 3
8983 3
8984 1
8985 2
8986 3
8987 0
8988 3
8989 5
8990 1
8991 2
8992 2
8993 2
8994 1
8995 2
8996 3
8997 1
8998 2
8999 7
9000 4
9001 3
9002 1
9003 0
9004 2
9005 3
9006 0
9007 3
9008 1
9009 4
9010 1
9011 6
9012 2
9013 4
9014 1
9015 1
9016 0
9017 0
9018 1
9019 2
9020 1
9021 2
9022 0
9023 3
9024 2
9025 3
9026 2
9027 0
9028 1
9029 3
9030 2
9031 0
9032 3
9033 3
9034 3
9035 1
9036 3
9037 1
9038 3
9039 1
9040 0
9041 3
9042 2
9043 0
9044 2
9045 3
9046 1
9047 2
9048 2
9049 3
9050 1
9051 1
9052 1
9053 3
9054 0
9055 1
9056 3
9057 3
9058 0
9059 5
9060 4
9061 1
9062 1
9063 2
9064 0
9065 1
9066 3
9067 2
9068 1
9069 0
9070 2
9071 2
9072 1
9073 2
9074 0
9075 2
9076 0
9077 4
9078 3
9079 2
9080 5
9081 3
9082 2
9083 4
9084 1
9085 4
9086 2
9087 4
9088 4
9089 2
9090 0
9091 4
9092 0
9093 3
9094 2
9095 1
9096 3
9097 3
9098 4
9099 3
9100 2
9101 3
9102 3
9103 2
9104 4
9105 1
9106 4
9107 2
9108 0
9109 3
9110 4
9111 0
9112 0
9113 2
9114 3
9115 0
9116 2
9117 3
9118 3
9119 1
9120 2
9121 4
9122 1
9123 3
9124 3
9125 1
9126 1
9127 1
9128 1
9129 2
9130 2
9131 3
9132 2
9133 3
9134 3
9135 1
9136 2
9137 5
9138 1
9139 2
9140 2
9141 0
9142 2
9143 2
9144 1
9145 2
9146 2
9147 1
9148 4
9149 3
9150 2
9151 3
9152 2
9153 0
9154 2
9155 1
9156 4
9157 1
9158 3
9159 2
9160 3
9161 3
9162 1
9163 1
9164 1
9165 5
9166 5
9167 2
9168 4
9169 2
9170 2
9171 2
9172 1
9173 2
9174 0
9175 2
9176 3
9177 2
9178 1
9179 2
9180 0
9181 0
9182 2
9183 1
9184 3
9185 0
9186 0
9187 3
9188 3
9189 2
9190 3
9191 5
9192 5
9193 1
9194 0
9195 1
9196 2
9197 1
9198 2
9199 0
9200 3
9201 2
9202 2
9203 0
9204 2
9205 0
9206 1
9207 1
9208 4
9209 0
9210 1
9211 2
9212 0
9213 1
9214 2
9215 2
9216 0
9217 0
9218 4
9219 2
9220 3
9221 0
9222 3
9223 0
9224 6
9225 1
9226 1
9227 7
9228 5
9229 2
9230 2
9231 1
9232 3
9233 3
9234 3
9235 1
9236 1
9237 0
9238 1
9239 2
9240 4
9241 0
9242 2
9243 1
9244 7
9245 1
9246 1
9247 0
9248 0
9249 3
9250 5
9251 1
9252 1
9253 1
9254 1
9255 3
9256 3
9257 1
9258 4
9259 0
9260 2
9261 5
9262 5
9263 2
9264 1
9265 2
9266 3
9267 3
9268 2
9269 7
9270 1
9271 1
9272 4
9273 3
9274 0
9275 1
9276 1
9277 4
9278 3
9279 1
9280 3
9281 1
9282 1
9283 1
9284 3
9285 5
9286 3
9287 1
9288 3
9289 2
9290 1
9291 4
9292 1
9293 3
9294 2
9295 1
9296 2
9297 1
9298 1
9299 1
9300 2
9301 1
9302 0
9303 2
9304 1
9305 1
9306 2
9307 4
9308 0
9309 2
9310 2
9311 7
9312 3
9313 2
9314 4
9315 2
9316 4
9317 3
9318 2
9319 2
9320 3
9321 1
9322 0
9323 4
9324 1
9325 3
9326 2
9327 1
9328 2
9329 1
9330 0
9331 1
9332 2
9333 3
9334 1
9335 1
9336 2
9337 5
9338 0
9339 0
9340 1
9341 2
9342 1
9343 2
9344 0
9345 3
9346 4
9347 1
9348 0
9349 2
9350 3
9351 5
9352 4
9353 1
9354 2
9355 2
9356 1
9357 0
9358 4
9359 2
9360 3
9361 3
9362 2
9363 2
9364 3
9365 0
9366 3
9367 0
9368 7
9369 1
9370 5
9371 2
9372 1
9373 4
9374 0
9375 3
9376 1
9377 2
9378 1
9379 2
9380 3
9381 1
9382 2
9383 2
9384 1
9385 2
9386 1
9387 1
9388 1
9389 2
9390 2
9391 5
9392 1
9393 2
9394 3
9395 4
9396 2
9397 1
9398 2
9399 2
9400 4
9401 0
9402 1
9403 1
9404 1
9405 1
9406 4
9407 0
9408 1
9409 5
9410 3
9411 1
9412 3
9413 1
9414 2
9415 0
9416 4
9417 0
9418 5
9419 2
9420 0
9421 1
9422 0
9423 1
9424 1
9425 3
9426 1
9427 0
9428 3
9429 1
9430 0
9431 2
9432 1
9433 0
9434 1
9435 0
9436 5
9437 2
9438 3
9439 2
9440 0
9441 2
9442 5
9443 4
9444 0
9445 3
9446 2
9447 1
9448 4
9449 3
9450 3
9451 3
9452 0
9453 3
9454 0
9455 1
9456 1
9457 1
9458 2
9459 1
9460 4
9461 3
9462 2
9463 0
9464 3
9465 2
9466 2
9467 0
9468 3
9469 2
9470 4
9471 1
9472 1
9473 2
9474 0
9475 1
9476 4
9477 2
9478 1
9479 1
9480 5
9481 0
9482 5
9483 2
9484 1
9485 5
9486 1
9487 1
9488 2
9489 1
9490 3
9491 1
9492 0
9493 1
9494 2
9495 1
9496 1
9497 5
9498 2
9499 4
9500 1
9501 1
9502 1
9503 0
9504 1
9505 0
9506 1
9507 1
9508 2
9509 4
9510 1
9511 2
9512 3
9513 3
9514 1
9515 3
9516 2
9517 1
9518 3
9519 2
9520 0
9521 1
9522 3
9523 3
9524 3
9525 1
9526 1
9527 3
9528 2
9529 1
9530 3
9531 1
9532 2
9533 2
9534 1
9535 2
9536 1
9537 2
9538 3
9539 6
9540 3
9541 0
9542 3
9543 3
9544 1
9545 3
9546 1
9547 3
9548 2
9549 3
9550 2
9551 1
9552 0
9553 0
9554 2
9555 3
9556 5
9557 2
9558 1
9559 4
9560 3
9561 2
9562 5
9563 1
9564 5
9565 0
9566 3
9567 6
9568 1
9569 0
9570 4
9571 2
9572 0
9573 3
9574 1
9575 1
9576 0
9577 4
9578 0
9579 3
9580 3
9581 2
9582 1
9583 3
9584 3
9585 4
9586 3
9587 0
9588 1
9589 3
9590 1
9591 1
9592 0
9593 3
9594 0
9595 4
9596 3
9597 3
9598 2
9599 2
9600 1
9601 3
9602 4
9603 1
9604 2
9605 1
9606 3
9607 1
9608 2
9609 1
9610 3
9611 1
9612 1
9613 2
9614 3
9615 2
9616 3
9617 0
9618 3
9619 2
9620 3
9621 1
9622 4
9623 0
9624 1
9625 1
9626 2
9627 2
9628 2
9629 1
9630 3
9631 1
9632 1
9633 3
9634 2
9635 2
9636 4
9637 4
9638 2
9639 7
9640 3
9641 2
9642 2
9643 1
9644 3
9645 3
9646 3
9647 1
9648 2
9649 2
9650 3
9651 3
9652 1
9653 1
9654 3
9655 2
9656 2
9657 4
9658 3
9659 1
9660 3
9661 2
9662 2
9663 0
9664 4
9665 4
9666 0
9667 1
9668 1
9669 2
9670 1
9671 1
9672 0
9673 3
9674 2
9675 2
9676 1
9677 2
9678 3
9679 2
9680 2
9681 1
9682 1
9683 1
9684 1
9685 1
9686 2
9687 2
9688 3
9689 4
9690 3
9691 1
9692 0
9693 4
9694 3
9695 4
9696 2
9697 1
9698 2
9699 2
9700 0
9701 2
9702 4
9703 3
9704 0
9705 5
9706 1
9707 3
9708 3
9709 2
9710 2
9711 3
9712 0
9713 4
9714 2
9715 2
9716 1
9717 1
9718 2
9719 5
9720 3
9721 2
9722 3
9723 2
9724 4
9725 2
9726 3
9727 2
9728 2
9729 3
9730 0
9731 3
9732 4
9733 1
9734 1
9735 1
9736 5
9737 4
9738 3
9739 2
9740 2
9741 1
9742 3
9743 3
9744 1
9745 2
9746 3
9747 1
9748 3
9749 1
9750 2
9751 3
9752 1
9753 4
9754 3
9755 3
9756 1
9757 0
9758 3
9759 2
9760 2
9761 6
9762 1
9763 3
9764 2
9765 0
9766 2
9767 4
9768 5
9769 4
9770 4
9771 3
9772 0
9773 1
9774 2
9775 2
9776 2
9777 0
9778 3
9779 2
9780 0
9781 2
9782 0
9783 1
9784 1
9785 1
9786 0
9787 4
9788 0
9789 0
9790 5
9791 1
9792 2
9793 1
9794 2
9795 1
9796 2
9797 1
9798 1
9799 3
9800 2
9801 1
9802 3
9803 2
9804 2
9805 2
9806 1
9807 4
9808 1
9809 1
9810 0
9811 2
9812 1
9813 1
9814 0
9815 2
9816 2
9817 1
9818 5
9819 6
9820 2
9821 4
9822 2
9823 1
9824 4
9825 3
9826 0
9827 2
9828 1
9829 3
9830 2
9831 2
9832 0
9833 0
9834 4
9835 5
9836 2
9837 2
9838 4
9839 1
9840 2
9841 0
9842 4
9843 3
9844 3
9845 4
9846 0
9847 5
9848 2
9849 0
9850 4
9851 1
9852 1
9853 2
9854 2
9855 0
9856 0
9857 3
9858 1
9859 1
9860 1
9861 1
9862 2
9863 1
9864 3
9865 3
9866 3
9867 3
9868 3
9869 5
9870 3
9871 2
9872 2
9873 4
9874 1
9875 2
9876 3
9877 2
9878 2
9879 1
9880 2
9881 1
9882 1
9883 0
9884 1
9885 5
9886 3
9887 2
9888 3
9889 7
9890 1
9891 3
9892 3
9893 2
9894 3
9895 3
9896 1
9897 2
9898 4
9899 2
9900 1
9901 3
9902 2
9903 1
9904 0
9905 0
9906 4
9907 4
9908 5
9909 4
9910 1
9911 3
9912 2
9913 3
9914 1
9915 1
9916 1
9917 2
9918 2
9919 0
9920 3
9921 3
9922 1
9923 2
9924 2
9925 0
9926 4
9927 3
9928 2
9929 5
9930 2
9931 3
9932 5
9933 3
9934 1
9935 0
9936 0
9937 2
9938 6
9939 2
9940 2
9941 0
9942 2
9943 2
9944 1
9945 1
9946 0
9947 5
9948 2
9949 3
9950 1
9951 3
9952 1
9953 0
9954 2
9955 3
9956 1
9957 2
9958 3
9959 2
9960 2
9961 0
9962 2
9963 1
9964 1
9965 2
9966 1
9967 1
9968 1
9969 0
9970 2
9971 3
9972 4
9973 4
9974 2
9975 1
9976 1
9977 1
9978 3
9979 1
9980 4
9981 3
9982 3
9983 2
9984 3
9985 1
9986 4
9987 3
9988 1
9989 2
9990 6
9991 2
9992 2
9993 2
9994 1
9995 1
9996 3
9997 1
9998 1
9999 5
