0 1
1 6
2 6
3 2
4 3
5 5
6 1
7 3
8 6
9 1
10 2
11 2
12 3
13 0
14 4
15 3
16 2
17 1
18 3
19 3
20 4
21 3
22 2
23 0
24 1
25 1
26 2
27 1
28 1
29 3
30 3
31 1
32 4
33 1
34 4
35 3
36 3
37 1
38 2
39 0
40 4
41 2
42 0
43 4
44 3
45 2
46 0
47 1
48 1
49 1
50 0
51 2
52 2
53 0
54 1
55 1
56 3
57 3
58 1
59 3
60 1
61 0
62 0
63 2
64 4
65 2
66 0
67 2
68 1
69 2
70 4
71 1
72 3
73 2
74 2
75 3
76 3
77 1
78 2
79 1
80 1
81 2
82 2
83 3
84 2
85 3
86 3
87 1
88 0
89 0
90 1
91 4
92 2
93 2
94 4
95 2
96 3
97 5
98 0
99 1
100 0
101 5
102 3
103 3
104 1
105 1
106 3
107 3
108 6
109 1
110 3
111 2
112 2
113 2
114 4
115 3
116 3
117 2
118 2
119 3
120 0
121 2
122 5
123 3
124 2
125 3
126 0
127 3
128 2
129 5
130 4
131 4
132 4
133 2
134 3
135 4
136 3
137 3
138 5
139 1
140 3
141 5
142 3
143 1
144 2
145 2
146 3
147 3
148 2
149 2
150 0
151 3
152 3
153 2
154 0
155 4
156 0
157 0
158 2
159 1
160 1
161 0
162 0
163 5
164 1
165 4
166 2
167 0
168 3
169 2
170 0
171 5
172 1
173 0
174 1
175 3
176 4
177 2
178 2
179 3
180 5
181 4
182 1
183 2
184 1
185 2
186 3
187 2
188 3
189 2
190 1
191 3
192 0
193 0
194 2
195 1
196 5
197 4
198 5
199 4
200 3
201 3
202 2
203 3
204 1
205 1
206 1
207 2
208 3
209 2
210 4
211 1
212 1
213 2
214 3
215 4
216 0
217 2
218 1
219 1
220 2
221 3
222 2
223 1
224 1
225 1
226 4
227 1
228 2
229 0
230 0
231 1
232 1
233 2
234 0
235 1
236 5
237 0
238 4
239 6
240 1
241 1
242 6
243 1
244 0
245 2
246 2
247 2
248 3
249 0
250 5
251 2
252 1
253 1
254 2
255 1
256 0
257 2
258 1
259 2
260 7
261 1
262 0
263 0
264 1
265 5
266 2
267 1
268 2
269 2
270 2
271 2
272 2
273 2
274 2
275 1
276 1
277 0
278 1
279 2
280 2
281 1
282 4
283 0
284 4
285 1
286 2
287 0
288 1
289 4
290 2
291 2
292 1
293 1
294 4
295 0
296 1
297 2
298 3
299 5
300 3
301 3
302 1
303 4
304 3
305 4
306 2
307 3
308 0
309 3
310 1
311 2
312 0
313 3
314 0
315 0
316 0
317 1
318 2
319 0
320 4
321 2
322 3
323 2
324 4
325 1
326 5
327 0
328 0
329 0
330 1
331 2
332 2
333 0
334 1
335 1
336 0
337 3
338 2
339 1
340 1
341 0
342 0
343 3
344 4
345 1
346 5
347 4
348 1
349 1
350 0
351 2
352 1
353 0
354 1
355 3
356 1
357 2
358 3
359 1
360 2
361 4
362 2
363 1
364 1
365 1
366 2
367 2
368 1
369 3
370 5
371 3
372 1
373 2
374 3
375 2
376 1
377 1
378 3
379 4
380 6
381 0
382 2
383 2
384 1
385 1
386 1
387 1
388 5
389 2
390 3
391 3
392 1
393 2
394 1
395 2
396 3
397 2
398 2
399 1
400 4
401 2
402 1
403 1
404 3
405 1
406 0
407 1
408 1
409 4
410 0
411 3
412 4
413 2
414 3
415 3
416 0
417 0
418 3
419 1
420 2
421 2
422 2
423 2
424 4
425 2
426 5
427 3
428 1
429 1
430 6
431 1
432 0
433 1
434 2
435 3
436 1
437 3
438 4
439 1
440 2
441 3
442 3
443 1
444 2
445 3
446 4
447 1
448 3
449 2
450 3
451 6
452 1
453 0
454 1
455 2
456 2
457 0
458 1
459 2
460 2
461 4
462 2
463 0
464 0
465 2
466 2
467 1
468 2
469 1
470 1
471 1
472 1
473 2
474 2
475 0
476 0
477 2
478 2
479 4
480 3
481 0
482 5
483 2
484 0
485 3
486 2
487 0
488 2
489 1
490 5
491 2
492 3
493 3
494 1
495 2
496 0
497 1
498 0
499 0
500 0
501 3
502 1
503 2
504 1
505 3
506 2
507 2
508 1
509 1
510 0
511 4
512 3
513 1
514 1
515 1
516 1
517 1
518 0
519 2
520 4
521 4
522 1
523 1
524 1
525 2
526 1
527 4
528 2
529 3
530 0
531 3
532 1
533 2
534 2
535 0
536 0
537 2
538 3
539 1
540 2
541 2
542 4
543 2
544 1
545 1
546 3
547 2
548 2
549 1
550 1
551 3
552 2
553 1
554 1
555 4
556 4
557 2
558 1
559 2
560 3
561 2
562 3
563 3
564 2
565 0
566 2
567 1
568 4
569 0
570 4
571 3
572 1
573 3
574 1
575 2
576 3
577 3
578 2
579 1
580 2
581 1
582 0
583 2
584 3
585 4
586 0
587 1
588 0
589 3
590 2
591 3
592 1
593 2
594 4
595 2
596 1
597 4
598 0
599 1
600 1
601 1
602 4
603 3
604 3
605 1
606 2
607 1
608 0
609 2
610 2
611 3
612 0
613 1
614 1
615 2
616 1
617 0
618 2
619 0
620 1
621 3
622 3
623 6
624 2
625 0
626 2
627 0
628 4
629 2
630 3
631 3
632 3
633 2
634 2
635 2
636 3
637 0
638 3
639 3
640 2
641 3
642 2
643 2
644 3
645 1
646 1
647 0
648 3
649 1
650 1
651 1
652 1
653 0
654 1
655 3
656 4
657 4
658 1
659 1
660 2
661 0
662 1
663 2
664 2
665 2
666 1
667 3
668 4
669 1
670 6
671 1
672 2
673 2
674 3
675 2
676 3
677 0
678 0
679 2
680 0
681 1
682 0
683 4
684 1
685 0
686 5
687 0
688 1
689 1
690 0
691 1
692 1
693 2
694 1
695 1
696 2
697 2
698 2
699 3
700 3
701 1
702 4
703 2
704 2
705 0
706 1
707 2
708 1
709 2
710 4
711 4
712 4
713 2
714 2
715 2
716 6
717 2
718 0
719 2
720 1
721 1
722 1
723 5
724 1
725 1
726 0
727 1
728 0
729 1
730 0
731 1
732 1
733 2
734 3
735 2
736 1
737 1
738 3
739 4
740 3
741 3
742 2
743 0
744 1
745 0
746 3
747 1
748 1
749 5
750 2
751 2
752 1
753 1
754 2
755 3
756 2
757 4
758 2
759 4
760 1
761 1
762 1
763 4
764 2
765 1
766 3
767 6
768 3
769 2
770 3
771 1
772 2
773 0
774 4
775 3
776 1
777 1
778 1
779 3
780 1
781 0
782 7
783 1
784 0
785 3
786 1
787 1
788 2
789 0
790 3
791 1
792 3
793 2
794 3
795 0
796 3
797 2
798 2
799 4
800 2
801 3
802 0
803 3
804 3
805 0
806 1
807 1
808 1
809 3
810 1
811 2
812 2
813 2
814 1
815 2
816 1
817 1
818 2
819 1
820 1
821 2
822 3
823 1
824 1
825 0
826 4
827 6
828 4
829 0
830 3
831 2
832 0
833 4
834 2
835 4
836 5
837 2
838 1
839 3
840 4
841 5
842 2
843 3
844 3
845 1
846 2
847 2
848 5
849 0
850 0
851 1
852 2
853 3
854 2
855 2
856 2
857 1
858 2
859 3
860 2
861 2
862 1
863 2
864 2
865 3
866 1
867 4
868 2
869 0
870 1
871 0
872 3
873 1
874 1
875 1
876 1
877 3
878 0
879 5
880 1
881 0
882 3
883 1
884 0
885 1
886 5
887 0
888 2
889 2
890 2
891 4
892 2
893 2
894 2
895 1
896 3
897 4
898 0
899 4
900 0
901 1
902 4
903 1
904 2
905 1
906 6
907 3
908 0
909 1
910 1
911 2
912 0
913 1
914 0
915 3
916 1
917 3
918 0
919 4
920 1
921 3
922 0
923 3
924 3
925 2
926 4
927 1
928 3
929 0
930 1
931 1
932 0
933 1
934 4
935 2
936 1
937 2
938 0
939 4
940 1
941 2
942 3
943 2
944 3
945 3
946 2
947 4
948 1
949 1
950 2
951 3
952 1
953 1
954 6
955 1
956 2
957 4
958 0
959 3
960 0
961 1
962 2
963 0
964 2
965 3
966 2
967 1
968 3
969 0
970 2
971 4
972 1
973 2
974 1
975 2
976 3
977 0
978 0
979 2
980 1
981 3
982 3
983 1
984 3
985 5
986 3
987 2
988 3
989 4
990 2
991 2
992 2
993 1
994 2
995 5
996 4
997 1
998 0
999 2
1000 2
1001 2
1002 3
1003 3
1004 0
1005 1
1006 2
1007 0
1008 2
1009 3
1010 0
1011 2
1012 1
1013 2
1014 3
1015 1
1016 2
1017 0
1018 0
1019 1
1020 1
1021 0
1022 0
1023 0
1024 3
1025 2
1026 2
1027 2
1028 2
1029 2
1030 1
1031 0
1032 5
1033 1
1034 0
1035 2
1036 5
1037 4
1038 3
1039 1
1040 4
1041 0
1042 2
1043 1
1044 4
1045 2
1046 3
1047 1
1048 2
1049 2
1050 2
1051 0
1052 4
1053 3
1054 3
1055 1
1056 1
1057 3
1058 1
1059 0
1060 0
1061 3
1062 3
1063 1
1064 1
1065 5
1066 1
1067 1
1068 1
1069 1
1070 1
1071 4
1072 2
1073 3
1074 1
1075 4
1076 2
1077 0
1078 0
1079 1
1080 1
1081 1
1082 2
1083 1
1084 3
1085 0
1086 1
1087 3
1088 2
1089 4
1090 0
1091 1
1092 1
1093 3
1094 3
1095 3
1096 2
1097 2
1098 2
1099 0
1100 3
1101 2
1102 3
1103 0
1104 3
1105 1
1106 4
1107 1
1108 3
1109 0
1110 4
1111 2
1112 2
1113 2
1114 2
1115 2
1116 5
1117 0
1118 1
1119 0
1120 1
1121 2
1122 4
1123 2
1124 2
1125 1
1126 2
1127 3
1128 5
1129 1
1130 1
1131 1
1132 3
1133 4
1134 2
1135 0
1136 1
1137 3
1138 2
1139 0
1140 2
1141 2
1142 0
1143 1
1144 1
1145 3
1146 0
1147 5
1148 2
1149 2
1150 2
1151 1
1152 1
1153 0
1154 4
1155 1
1156 2
1157 0
1158 2
1159 4
1160 4
1161 1
1162 4
1163 1
1164 4
1165 2
1166 6
1167 1
1168 1
1169 1
1170 2
1171 4
1172 0
1173 2
1174 2
1175 2
1176 2
1177 1
1178 0
1179 0
1180 2
1181 1
1182 1
1183 1
1184 1
1185 4
1186 1
1187 7
1188 1
1189 1
1190 2
1191 4
1192 2
1193 2
1194 1
1195 2
1196 4
1197 1
1198 2
1199 1
1200 1
1201 3
1202 5
1203 2
1204 2
1205 1
1206 2
1207 2
1208 1
1209 1
1210 2
1211 0
1212 2
1213 1
1214 5
1215 0
1216 2
1217 2
1218 1
1219 2
1220 1
1221 4
1222 3
1223 4
1224 1
1225 5
1226 4
1227 2
1228 2
1229 2
1230 3
1231 1
1232 2
1233 1
1234 1
1235 3
1236 3
1237 0
1238 2
1239 2
1240 3
1241 0
1242 2
1243 5
1244 2
1245 3
1246 0
1247 3
1248 1
1249 2
1250 2
1251 2
1252 5
1253 3
1254 3
1255 2
1256 2
1257 1
1258 3
1259 3
1260 1
1261 2
1262 0
1263 1
1264 3
1265 4
1266 2
1267 0
1268 2
1269 2
1270 3
1271 5
1272 0
1273 3
1274 1
1275 3
1276 2
1277 5
1278 4
1279 7
1280 4
1281 2
1282 2
1283 1
1284 0
1285 1
1286 2
1287 0
1288 1
1289 1
1290 4
1291 1
1292 2
1293 3
1294 2
1295 2
1296 1
1297 1
1298 5
1299 0
1300 6
1301 0
1302 1
1303 2
1304 2
1305 0
1306 2
1307 4
1308 3
1309 2
1310 4
1311 1
1312 3
1313 3
1314 2
1315 2
1316 0
1317 3
1318 2
1319 1
1320 0
1321 2
1322 2
1323 1
1324 4
1325 4
1326 3
1327 3
1328 0
1329 0
1330 1
1331 1
1332 6
1333 3
1334 7
1335 3
1336 4
1337 0
1338 6
1339 6
1340 1
1341 4
1342 1
1343 2
1344 2
1345 3
1346 4
1347 2
1348 1
1349 2
1350 0
1351 1
1352 2
1353 5
1354 4
1355 0
1356 0
1357 4
1358 1
1359 2
1360 2
1361 1
1362 5
1363 4
1364 2
1365 0
1366 1
1367 0
1368 2
1369 0
1370 0
1371 1
1372 0
1373 1
1374 1
1375 0
1376 2
1377 2
1378 0
1379 1
1380 3
1381 2
1382 2
1383 2
1384 1
1385 2
1386 2
1387 1
1388 1
1389 1
1390 4
1391 3
1392 1
1393 0
1394 2
1395 4
1396 3
1397 4
1398 1
1399 1
1400 0
1401 1
1402 5
1403 4
1404 0
1405 2
1406 3
1407 5
1408 2
1409 4
1410 0
1411 1
1412 4
1413 1
1414 1
1415 4
1416 4
1417 3
1418 4
1419 0
1420 3
1421 1
1422 1
1423 2
1424 2
1425 3
1426 2
1427 2
1428 4
1429 3
1430 1
1431 1
1432 1
1433 3
1434 1
1435 0
1436 2
1437 1
1438 2
1439 3
1440 1
1441 1
1442 1
1443 3
1444 0
1445 4
1446 4
1447 2
1448 2
1449 1
1450 1
1451 3
1452 1
1453 1
1454 2
1455 1
1456 1
1457 1
1458 3
1459 1
1460 2
1461 1
1462 2
1463 3
1464 2
1465 0
1466 1
1467 1
1468 0
1469 4
1470 3
1471 2
1472 4
1473 2
1474 3
1475 4
1476 5
1477 1
1478 2
1479 2
1480 1
1481 1
1482 1
1483 1
1484 2
1485 2
1486 1
1487 3
1488 1
1489 3
1490 2
1491 0
1492 1
1493 3
1494 1
1495 2
1496 1
1497 2
1498 2
1499 3
1500 1
1501 0
1502 3
1503 2
1504 1
1505 4
1506 3
1507 1
1508 2
1509 5
1510 2
1511 3
1512 1
1513 0
1514 2
1515 4
1516 4
1517 0
1518 2
1519 3
1520 1
1521 2
1522 6
1523 1
1524 2
1525 2
1526 2
1527 1
1528 3
1529 1
1530 1
1531 3
1532 1
1533 1
1534 1
1535 2
1536 1
1537 1
1538 1
1539 1
1540 2
1541 0
1542 2
1543 3
1544 3
1545 2
1546 1
1547 0
1548 2
1549 2
1550 3
1551 1
1552 0
1553 7
1554 0
1555 4
1556 4
1557 1
1558 1
1559 1
1560 2
1561 4
1562 2
1563 0
1564 1
1565 1
1566 1
1567 3
1568 3
1569 3
1570 7
1571 3
1572 1
1573 7
1574 2
1575 2
1576 3
1577 1
1578 1
1579 0
1580 2
1581 1
1582 3
1583 4
1584 1
1585 2
1586 2
1587 3
1588 2
1589 1
1590 1
1591 2
1592 0
1593 2
1594 2
1595 2
1596 6
1597 4
1598 3
1599 2
1600 4
1601 2
1602 1
1603 3
1604 2
1605 0
1606 1
1607 4
1608 1
1609 3
1610 1
1611 4
1612 0
1613 2
1614 4
1615 2
1616 0
1617 2
1618 5
1619 0
1620 3
1621 1
1622 2
1623 1
1624 3
1625 2
1626 2
1627 0
1628 2
1629 1
1630 4
1631 6
1632 2
1633 0
1634 2
1635 3
1636 0
1637 0
1638 2
1639 3
1640 1
1641 1
1642 0
1643 3
1644 1
1645 1
1646 0
1647 2
1648 1
1649 1
1650 2
1651 2
1652 3
1653 3
1654 2
1655 0
1656 2
1657 1
1658 3
1659 1
1660 5
1661 1
1662 6
1663 2
1664 1
1665 7
1666 2
1667 2
1668 1
1669 3
1670 0
1671 0
1672 1
1673 2
1674 0
1675 3
1676 2
1677 2
1678 1
1679 2
1680 1
1681 2
1682 1
1683 2
1684 0
1685 2
1686 1
1687 2
1688 3
1689 2
1690 0
1691 3
1692 2
1693 1
1694 2
1695 2
1696 3
1697 3
1698 1
1699 3
1700 1
1701 1
1702 1
1703 1
1704 6
1705 0
1706 1
1707 3
1708 3
1709 4
1710 0
1711 3
1712 0
1713 2
1714 1
1715 4
1716 3
1717 1
1718 1
1719 3
1720 1
1721 2
1722 1
1723 1
1724 4
1725 3
1726 3
1727 2
1728 1
1729 2
1730 2
1731 1
1732 3
1733 1
1734 2
1735 6
1736 0
1737 3
1738 2
1739 1
1740 0
1741 3
1742 3
1743 1
1744 2
1745 2
1746 1
1747 0
1748 0
1749 0
1750 3
1751 4
1752 2
1753 0
1754 1
1755 1
1756 1
1757 0
1758 0
1759 2
1760 4
1761 3
1762 1
1763 2
1764 2
1765 1
1766 1
1767 2
1768 0
1769 1
1770 1
1771 2
1772 1
1773 2
1774 4
1775 3
1776 3
1777 4
1778 3
1779 0
1780 2
1781 1
1782 3
1783 1
1784 5
1785 2
1786 2
1787 4
1788 5
1789 1
1790 1
1791 1
1792 2
1793 2
1794 1
1795 5
1796 2
1797 2
1798 5
1799 2
1800 3
1801 1
1802 0
1803 1
1804 5
1805 0
1806 3
1807 2
1808 1
1809 2
1810 2
1811 1
1812 2
1813 2
1814 4
1815 0
1816 1
1817 2
1818 2
1819 0
1820 3
1821 0
1822 7
1823 0
1824 5
1825 2
1826 0
1827 3
1828 3
1829 3
1830 0
1831 2
1832 4
1833 4
1834 0
1835 4
1836 0
1837 3
1838 5
1839 4
1840 0
1841 1
1842 2
1843 1
1844 4
1845 1
1846 2
1847 2
1848 1
1849 3
1850 4
1851 3
1852 6
1853 2
1854 1
1855 1
1856 1
1857 1
1858 3
1859 3
1860 1
1861 2
1862 1
1863 0
1864 1
1865 4
1866 4
1867 2
1868 1
1869 1
1870 3
1871 1
1872 2
1873 1
1874 1
1875 2
1876 3
1877 1
1878 1
1879 2
1880 3
1881 1
1882 4
1883 2
1884 3
1885 3
1886 0
1887 3
1888 2
1889 2
1890 4
1891 1
1892 0
1893 1
1894 2
1895 1
1896 1
1897 4
1898 1
1899 3
1900 3
1901 2
1902 2
1903 3
1904 3
1905 2
1906 2
1907 3
1908 1
1909 0
1910 3
1911 0
1912 1
1913 5
1914 4
1915 1
1916 2
1917 4
1918 2
1919 2
1920 1
1921 3
1922 0
1923 5
1924 3
1925 0
1926 0
1927 0
1928 0
1929 2
1930 1
1931 1
1932 1
1933 1
1934 4
1935 1
1936 5
1937 4
1938 2
1939 2
1940 1
1941 1
1942 0
1943 1
1944 1
1945 3
1946 2
1947 2
1948 1
1949 2
1950 2
1951 2
1952 1
1953 5
1954 4
1955 0
1956 2
1957 3
1958 1
1959 4
1960 1
1961 3
1962 3
1963 3
1964 1
1965 1
1966 2
1967 1
1968 1
1969 3
1970 2
1971 3
1972 1
1973 1
1974 0
1975 1
1976 4
1977 2
1978 3
1979 1
1980 1
1981 2
1982 1
1983 1
1984 3
1985 0
1986 2
1987 4
1988 3
1989 1
1990 1
1991 3
1992 4
1993 2
1994 4
1995 2
1996 2
1997 3
1998 3
1999 1
2000 1
2001 1
2002 4
2003 1
2004 1
2005 3
2006 1
2007 1
2008 1
2009 3
2010 2
2011 0
2012 1
2013 3
2014 3
2015 4
2016 1
2017 2
2018 2
2019 0
2020 2
2021 4
2022 1
2023 1
2024 1
2025 3
2026 3
2027 0
2028 5
2029 4
2030 3
2031 1
2032 3
2033 4
2034 1
2035 4
2036 0
2037 1
2038 2
2039 2
2040 1
2041 2
2042 2
2043 4
2044 3
2045 5
2046 0
2047 4
2048 2
2049 2
2050 2
2051 3
2052 3
2053 1
2054 0
2055 2
2056 1
2057 1
2058 1
2059 1
2060 0
2061 2
2062 0
2063 4
2064 0
2065 2
2066 2
2067 4
2068 1
2069 1
2070 7
2071 2
2072 3
2073 1
2074 3
2075 3
2076 2
2077 1
2078 1
2079 1
2080 1
2081 3
2082 2
2083 5
2084 2
2085 8
2086 2
2087 3
2088 3
2089 0
2090 1
2091 0
2092 1
2093 3
2094 0
2095 2
2096 1
2097 4
2098 1
2099 1
2100 1
2101 1
2102 0
2103 0
2104 4
2105 1
2106 4
2107 2
2108 3
2109 0
2110 1
2111 2
2112 1
2113 1
2114 3
2115 2
2116 3
2117 3
2118 4
2119 4
2120 1
2121 1
2122 1
2123 0
2124 1
2125 1
2126 2
2127 2
2128 1
2129 1
2130 1
2131 2
2132 0
2133 1
2134 3
2135 3
2136 1
2137 6
2138 3
2139 4
2140 2
2141 5
2142 0
2143 3
2144 0
2145 3
2146 0
2147 1
2148 0
2149 2
2150 5
2151 3
2152 2
2153 3
2154 1
2155 3
2156 1
2157 2
2158 2
2159 1
2160 0
2161 2
2162 1
2163 4
2164 2
2165 3
2166 2
2167 0
2168 1
2169 3
2170 4
2171 2
2172 1
2173 1
2174 2
2175 0
2176 0
2177 3
2178 2
2179 3
2180 1
2181 4
2182 3
2183 1
2184 3
2185 3
2186 1
2187 2
2188 2
2189 2
2190 3
2191 1
2192 3
2193 2
2194 2
2195 4
2196 1
2197 3
2198 1
2199 2
2200 1
2201 3
2202 1
2203 3
2204 1
2205 2
2206 1
2207 0
2208 1
2209 2
2210 2
2211 1
2212 1
2213 3
2214 1
2215 1
2216 2
2217 3
2218 2
2219 2
2220 3
2221 5
2222 3
2223 1
2224 0
2225 2
2226 4
2227 6
2228 5
2229 2
2230 0
2231 3
2232 1
2233 1
2234 0
2235 1
2236 1
2237 2
2238 1
2239 2
2240 3
2241 0
2242 1
2243 2
2244 3
2245 2
2246 2
2247 0
2248 1
2249 3
2250 2
2251 2
2252 4
2253 1
2254 4
2255 1
2256 2
2257 1
2258 1
2259 4
2260 2
2261 0
2262 2
2263 2
2264 0
2265 4
2266 3
2267 3
2268 3
2269 3
2270 3
2271 3
2272 4
2273 6
2274 1
2275 2
2276 2
2277 2
2278 2
2279 1
2280 1
2281 1
2282 2
2283 0
2284 4
2285 2
2286 5
2287 0
2288 4
2289 4
2290 4
2291 7
2292 2
2293 0
2294 1
2295 1
2296 1
2297 1
2298 1
2299 1
2300 1
2301 7
2302 2
2303 2
2304 1
2305 1
2306 1
2307 2
2308 2
2309 2
2310 2
2311 5
2312 2
2313 2
2314 3
2315 1
2316 4
2317 0
2318 1
2319 2
2320 1
2321 1
2322 1
2323 1
2324 0
2325 3
2326 1
2327 1
2328 2
2329 2
2330 3
2331 0
2332 3
2333 2
2334 1
2335 0
2336 2
2337 3
2338 4
2339 1
2340 4
2341 5
2342 1
2343 1
2344 3
2345 3
2346 3
2347 4
2348 4
2349 2
2350 2
2351 3
2352 2
2353 3
2354 1
2355 3
2356 3
2357 3
2358 1
2359 0
2360 4
2361 1
2362 2
2363 2
2364 0
2365 0
2366 1
2367 2
2368 3
2369 4
2370 2
2371 2
2372 5
2373 1
2374 2
2375 0
2376 3
2377 4
2378 3
2379 1
2380 2
2381 1
2382 1
2383 3
2384 1
2385 2
2386 1
2387 0
2388 3
2389 4
2390 1
2391 3
2392 1
2393 0
2394 1
2395 1
2396 5
2397 2
2398 1
2399 3
2400 1
2401 3
2402 3
2403 1
2404 2
2405 3
2406 2
2407 2
2408 3
2409 1
2410 0
2411 5
2412 2
2413 3
2414 3
2415 2
2416 2
2417 0
2418 3
2419 1
2420 3
2421 3
2422 2
2423 2
2424 6
2425 1
2426 2
2427 2
2428 1
2429 0
2430 2
2431 1
2432 3
2433 2
2434 0
2435 4
2436 1
2437 2
2438 3
2439 1
2440 0
2441 4
2442 1
2443 2
2444 0
2445 1
2446 4
2447 4
2448 1
2449 3
2450 0
2451 1
2452 1
2453 1
2454 2
2455 2
2456 3
2457 0
2458 0
2459 2
2460 3
2461 1
2462 9
2463 3
2464 3
2465 5
2466 1
2467 2
2468 4
2469 1
2470 3
2471 4
2472 0
2473 4
2474 4
2475 4
2476 3
2477 0
2478 3
2479 2
2480 1
2481 2
2482 2
2483 2
2484 2
2485 1
2486 4
2487 3
2488 1
2489 0
2490 2
2491 4
2492 0
2493 3
2494 1
2495 0
2496 3
2497 2
2498 1
2499 1
2500 3
2501 2
2502 2
2503 2
2504 0
2505 2
2506 6
2507 2
2508 2
2509 0
2510 4
2511 4
2512 2
2513 2
2514 1
2515 0
2516 1
2517 0
2518 1
2519 2
2520 1
2521 1
2522 2
2523 1
2524 1
2525 2
2526 2
2527 0
2528 0
2529 2
2530 1
2531 4
2532 3
2533 1
2534 2
2535 2
2536 0
2537 2
2538 1
2539 0
2540 3
2541 2
2542 2
2543 1
2544 0
2545 3
2546 4
2547 1
2548 4
2549 3
2550 2
2551 2
2552 3
2553 3
2554 1
2555 3
2556 0
2557 3
2558 1
2559 3
2560 1
2561 4
2562 2
2563 1
2564 3
2565 0
2566 1
2567 3
2568 5
2569 2
2570 1
2571 2
2572 6
2573 0
2574 1
2575 1
2576 1
2577 1
2578 1
2579 1
2580 1
2581 3
2582 3
2583 2
2584 7
2585 1
2586 2
2587 2
2588 1
2589 5
2590 5
2591 3
2592 1
2593 2
2594 3
2595 1
2596 2
2597 1
2598 4
2599 2
2600 5
2601 0
2602 1
2603 2
2604 3
2605 3
2606 2
2607 1
2608 4
2609 1
2610 1
2611 2
2612 1
2613 1
2614 4
2615 3
2616 4
2617 2
2618 5
2619 1
2620 0
2621 0
2622 1
2623 1
2624 2
2625 1
2626 1
2627 3
2628 2
2629 3
2630 2
2631 2
2632 0
2633 2
2634 1
2635 1
2636 4
2637 0
2638 1
2639 3
2640 0
2641 4
2642 2
2643 5
2644 1
2645 1
2646 3
2647 3
2648 1
2649 4
2650 3
2651 2
2652 2
2653 0
2654 3
2655 2
2656 1
2657 4
2658 1
2659 0
2660 2
2661 3
2662 1
2663 1
2664 3
2665 0
2666 2
2667 3
2668 1
2669 1
2670 3
2671 7
2672 1
2673 3
2674 2
2675 2
2676 0
2677 2
2678 2
2679 2
2680 1
2681 2
2682 0
2683 2
2684 1
2685 3
2686 0
2687 2
2688 3
2689 7
2690 2
2691 2
2692 1
2693 3
2694 0
2695 3
2696 2
2697 2
2698 3
2699 4
2700 1
2701 2
2702 1
2703 1
2704 2
2705 2
2706 1
2707 0
2708 2
2709 2
2710 1
2711 3
2712 0
2713 5
2714 2
2715 2
2716 3
2717 3
2718 4
2719 1
2720 0
2721 2
2722 2
2723 1
2724 2
2725 3
2726 4
2727 3
2728 0
2729 2
2730 1
2731 1
2732 1
2733 3
2734 1
2735 5
2736 1
2737 1
2738 0
2739 1
2740 2
2741 2
2742 1
2743 2
2744 2
2745 2
2746 1
2747 1
2748 1
2749 1
2750 3
2751 2
2752 3
2753 2
2754 3
2755 0
2756 3
2757 2
2758 6
2759 5
2760 0
2761 0
2762 3
2763 1
2764 7
2765 0
2766 2
2767 3
2768 1
2769 3
2770 1
2771 1
2772 2
2773 2
2774 2
2775 1
2776 2
2777 0
2778 1
2779 2
2780 2
2781 2
2782 5
2783 1
2784 0
2785 4
2786 2
2787 0
2788 4
2789 2
2790 4
2791 1
2792 3
2793 2
2794 2
2795 2
2796 2
2797 1
2798 1
2799 4
2800 2
2801 1
2802 0
2803 2
2804 3
2805 1
2806 3
2807 3
2808 1
2809 0
2810 1
2811 1
2812 3
2813 2
2814 3
2815 0
2816 2
2817 1
2818 2
2819 2
2820 1
2821 1
2822 1
2823 1
2824 2
2825 3
2826 0
2827 2
2828 3
2829 1
2830 2
2831 1
2832 2
2833 2
2834 7
2835 3
2836 1
2837 1
2838 1
2839 0
2840 1
2841 1
2842 5
2843 3
2844 1
2845 0
2846 3
2847 3
2848 2
2849 3
2850 2
2851 3
2852 1
2853 3
2854 1
2855 3
2856 4
2857 1
2858 2
2859 2
2860 2
2861 3
2862 1
2863 1
2864 3
2865 3
2866 2
2867 1
2868 2
2869 4
2870 6
2871 4
2872 3
2873 3
2874 2
2875 2
2876 3
2877 2
2878 2
2879 3
2880 3
2881 4
2882 4
2883 3
2884 4
2885 0
2886 1
2887 1
2888 2
2889 3
2890 3
2891 2
2892 2
2893 1
2894 1
2895 3
2896 1
2897 1
2898 3
2899 0
2900 3
2901 0
2902 0
2903 2
2904 1
2905 2
2906 2
2907 4
2908 0
2909 4
2910 0
2911 1
2912 1
2913 1
2914 1
2915 1
2916 1
2917 3
2918 6
2919 2
2920 1
2921 1
2922 0
2923 1
2924 4
2925 1
2926 1
2927 0
2928 0
2929 1
2930 1
2931 2
2932 4
2933 0
2934 5
2935 3
2936 0
2937 0
2938 1
2939 3
2940 4
2941 1
2942 5
2943 4
2944 1
2945 0
2946 3
2947 2
2948 4
2949 2
2950 1
2951 2
2952 3
2953 3
2954 4
2955 3
2956 2
2957 2
2958 0
2959 2
2960 0
2961 1
2962 5
2963 4
2964 4
2965 3
2966 3
2967 2
2968 2
2969 1
2970 2
2971 1
2972 1
2973 3
2974 1
2975 0
2976 0
2977 2
2978 2
2979 1
2980 4
2981 5
2982 1
2983 0
2984 3
2985 1
2986 0
2987 2
2988 1
2989 2
2990 1
2991 5
2992 2
2993 0
2994 3
2995 3
2996 4
2997 1
2998 1
2999 1
3000 5
3001 2
3002 4
3003 1
3004 4
3005 6
3006 0
3007 4
3008 0
3009 0
3010 1
3011 4
3012 3
3013 1
3014 0
3015 2
3016 2
3017 3
3018 2
3019 0
3020 0
3021 2
3022 1
3023 4
3024 2
3025 4
3026 3
3027 1
3028 0
3029 1
3030 0
3031 1
3032 2
3033 2
3034 3
3035 7
3036 2
3037 1
3038 2
3039 2
3040 1
3041 2
3042 1
3043 1
3044 2
3045 1
3046 0
3047 1
3048 1
3049 1
3050 2
3051 0
3052 4
3053 0
3054 1
3055 1
3056 3
3057 2
3058 2
3059 3
3060 3
3061 4
3062 1
3063 1
3064 0
3065 0
3066 2
3067 2
3068 1
3069 1
3070 1
3071 1
3072 3
3073 1
3074 2
3075 2
3076 2
3077 2
3078 0
3079 4
3080 1
3081 2
3082 0
3083 2
3084 1
3085 2
3086 2
3087 2
3088 0
3089 2
3090 2
3091 3
3092 2
3093 2
3094 1
3095 2
3096 1
3097 1
3098 2
3099 4
3100 1
3101 2
3102 2
3103 2
3104 1
3105 3
3106 2
3107 2
3108 2
3109 2
3110 1
3111 4
3112 7
3113 2
3114 1
3115 1
3116 1
3117 1
3118 3
3119 0
3120 1
3121 1
3122 3
3123 2
3124 0
3125 2
3126 4
3127 2
3128 3
3129 1
3130 1
3131 1
3132 2
3133 2
3134 3
3135 4
3136 0
3137 1
3138 4
3139 2
3140 2
3141 1
3142 1
3143 2
3144 4
3145 2
3146 1
3147 1
3148 1
3149 3
3150 2
3151 0
3152 3
3153 3
3154 0
3155 0
3156 1
3157 1
3158 1
3159 2
3160 2
3161 1
3162 1
3163 3
3164 2
3165 1
3166 1
3167 2
3168 1
3169 5
3170 0
3171 3
3172 3
3173 1
3174 2
3175 3
3176 1
3177 2
3178 2
3179 3
3180 2
3181 0
3182 4
3183 0
3184 1
3185 2
3186 1
3187 1
3188 1
3189 0
3190 3
3191 3
3192 2
3193 0
3194 2
3195 5
3196 1
3197 4
3198 1
3199 1
3200 1
3201 1
3202 1
3203 0
3204 2
3205 5
3206 3
3207 2
3208 4
3209 4
3210 4
3211 3
3212 0
3213 5
3214 5
3215 2
3216 2
3217 2
3218 2
3219 2
3220 4
3221 1
3222 1
3223 5
3224 2
3225 4
3226 5
3227 1
3228 0
3229 3
3230 1
3231 1
3232 5
3233 3
3234 3
3235 0
3236 3
3237 3
3238 3
3239 1
3240 1
3241 0
3242 2
3243 4
3244 3
3245 1
3246 3
3247 0
3248 2
3249 0
3250 0
3251 2
3252 2
3253 2
3254 0
3255 1
3256 1
3257 1
3258 1
3259 5
3260 2
3261 3
3262 1
3263 2
3264 1
3265 2
3266 1
3267 2
3268 1
3269 1
3270 3
3271 1
3272 6
3273 3
3274 0
3275 3
3276 1
3277 2
3278 1
3279 3
3280 3
3281 5
3282 2
3283 1
3284 4
3285 2
3286 3
3287 4
3288 2
3289 5
3290 4
3291 1
3292 2
3293 2
3294 1
3295 2
3296 1
3297 2
3298 1
3299 1
3300 5
3301 3
3302 5
3303 2
3304 2
3305 1
3306 0
3307 1
3308 1
3309 2
3310 4
3311 1
3312 1
3313 3
3314 3
3315 0
3316 0
3317 2
3318 1
3319 1
3320 3
3321 4
3322 3
3323 2
3324 1
3325 1
3326 2
3327 1
3328 5
3329 2
3330 3
3331 3
3332 2
3333 4
3334 2
3335 3
3336 5
3337 5
3338 2
3339 3
3340 2
3341 2
3342 3
3343 2
3344 3
3345 2
3346 3
3347 3
3348 1
3349 6
3350 0
3351 0
3352 3
3353 1
3354 1
3355 2
3356 3
3357 0
3358 1
3359 1
3360 1
3361 0
3362 3
3363 1
3364 2
3365 2
3366 2
3367 3
3368 1
3369 2
3370 3
3371 1
3372 4
3373 1
3374 2
3375 1
3376 2
3377 0
3378 1
3379 1
3380 0
3381 1
3382 2
3383 0
3384 2
3385 0
3386 0
3387 1
3388 4
3389 1
3390 0
3391 2
3392 0
3393 2
3394 1
3395 3
3396 1
3397 3
3398 1
3399 1
3400 6
3401 6
3402 5
3403 2
3404 1
3405 2
3406 1
3407 3
3408 1
3409 3
3410 1
3411 2
3412 3
3413 3
3414 1
3415 0
3416 2
3417 7
3418 2
3419 1
3420 2
3421 2
3422 1
3423 1
3424 1
3425 5
3426 0
3427 5
3428 2
3429 0
3430 1
3431 4
3432 2
3433 0
3434 3
3435 4
3436 2
3437 4
3438 3
3439 3
3440 0
3441 1
3442 1
3443 2
3444 5
3445 2
3446 1
3447 1
3448 3
3449 0
3450 2
3451 2
3452 6
3453 1
3454 3
3455 2
3456 2
3457 2
3458 1
3459 3
3460 3
3461 0
3462 2
3463 2
3464 1
3465 0
3466 1
3467 4
3468 3
3469 1
3470 2
3471 3
3472 2
3473 0
3474 1
3475 3
3476 1
3477 3
3478 1
3479 1
3480 2
3481 1
3482 0
3483 1
3484 3
3485 5
3486 0
3487 0
3488 4
3489 5
3490 1
3491 0
3492 1
3493 0
3494 1
3495 1
3496 2
3497 1
3498 0
3499 7
3500 1
3501 3
3502 2
3503 1
3504 2
3505 0
3506 4
3507 3
3508 1
3509 3
3510 3
3511 4
3512 2
3513 5
3514 2
3515 1
3516 1
3517 4
3518 1
3519 2
3520 2
3521 2
3522 1
3523 3
3524 1
3525 0
3526 2
3527 2
3528 3
3529 0
3530 0
3531 0
3532 1
3533 4
3534 3
3535 2
3536 2
3537 3
3538 2
3539 1
3540 2
3541 5
3542 0
3543 2
3544 0
3545 2
3546 3
3547 3
3548 2
3549 2
3550 2
3551 2
3552 1
3553 2
3554 5
3555 2
3556 1
3557 2
3558 2
3559 0
3560 7
3561 3
3562 1
3563 1
3564 2
3565 2
3566 2
3567 0
3568 3
3569 3
3570 1
3571 4
3572 3
3573 2
3574 4
3575 2
3576 2
3577 0
3578 2
3579 3
3580 3
3581 1
3582 2
3583 5
3584 4
3585 0
3586 4
3587 6
3588 6
3589 2
3590 2
3591 3
3592 0
3593 3
3594 2
3595 3
3596 1
3597 2
3598 3
3599 3
3600 3
3601 0
3602 1
3603 1
3604 2
3605 2
3606 3
3607 3
3608 5
3609 2
3610 2
3611 1
3612 4
3613 1
3614 1
3615 3
3616 2
3617 2
3618 4
3619 2
3620 0
3621 0
3622 2
3623 2
3624 3
3625 3
3626 1
3627 1
3628 0
3629 4
3630 5
3631 1
3632 0
3633 5
3634 2
3635 4
3636 3
3637 1
3638 2
3639 5
3640 2
3641 2
3642 0
3643 2
3644 5
3645 3
3646 2
3647 2
3648 3
3649 1
3650 3
3651 3
3652 1
3653 1
3654 3
3655 3
3656 1
3657 2
3658 1
3659 4
3660 1
3661 2
3662 3
3663 5
3664 4
3665 3
3666 0
3667 3
3668 3
3669 0
3670 4
3671 2
3672 3
3673 1
3674 0
3675 0
3676 1
3677 1
3678 2
3679 4
3680 2
3681 3
3682 1
3683 1
3684 3
3685 4
3686 2
3687 2
3688 3
3689 1
3690 2
3691 3
3692 4
3693 3
3694 2
3695 1
3696 2
3697 4
3698 1
3699 0
3700 4
3701 0
3702 4
3703 3
3704 1
3705 2
3706 4
3707 0
3708 2
3709 3
3710 2
3711 2
3712 1
3713 1
3714 1
3715 2
3716 4
3717 1
3718 2
3719 0
3720 1
3721 2
3722 2
3723 1
3724 2
3725 2
3726 0
3727 4
3728 2
3729 4
3730 3
3731 1
3732 2
3733 2
3734 3
3735 2
3736 4
3737 2
3738 1
3739 0
3740 1
3741 3
3742 3
3743 1
3744 4
3745 3
3746 3
3747 1
3748 2
3749 4
3750 2
3751 1
3752 2
3753 5
3754 1
3755 1
3756 3
3757 1
3758 1
3759 4
3760 2
3761 1
3762 2
3763 0
3764 2
3765 3
3766 4
3767 2
3768 1
3769 0
3770 2
3771 0
3772 2
3773 3
3774 1
3775 1
3776 2
3777 3
3778 4
3779 1
3780 1
3781 6
3782 2
3783 1
3784 2
3785 7
3786 2
3787 1
3788 5
3789 1
3790 4
3791 0
3792 2
3793 1
3794 2
3795 0
3796 1
3797 2
3798 3
3799 2
3800 2
3801 4
3802 6
3803 1
3804 4
3805 2
3806 1
3807 1
3808 2
3809 0
3810 2
3811 0
3812 4
3813 0
3814 3
3815 2
3816 3
3817 3
3818 2
3819 1
3820 2
3821 2
3822 2
3823 1
3824 2
3825 2
3826 2
3827 4
3828 2
3829 2
3830 1
3831 4
3832 4
3833 4
3834 3
3835 1
3836 1
3837 1
3838 4
3839 1
3840 1
3841 2
3842 1
3843 3
3844 1
3845 3
3846 3
3847 2
3848 3
3849 1
3850 2
3851 4
3852 0
3853 3
3854 4
3855 3
3856 1
3857 1
3858 2
3859 3
3860 2
3861 1
3862 2
3863 0
3864 2
3865 2
3866 1
3867 3
3868 3
3869 3
3870 2
3871 3
3872 3
3873 2
3874 1
3875 0
3876 4
3877 0
3878 1
3879 0
3880 1
3881 0
3882 1
3883 2
3884 2
3885 0
3886 1
3887 2
3888 2
3889 3
3890 2
3891 3
3892 2
3893 2
3894 0
3895 1
3896 1
3897 1
3898 0
3899 2
3900 3
3901 1
3902 5
3903 2
3904 1
3905 1
3906 5
3907 1
3908 3
3909 1
3910 6
3911 4
3912 2
3913 0
3914 1
3915 2
3916 2
3917 2
3918 1
3919 2
3920 2
3921 3
3922 1
3923 3
3924 0
3925 1
3926 1
3927 1
3928 3
3929 2
3930 0
3931 3
3932 3
3933 3
3934 1
3935 2
3936 0
3937 0
3938 1
3939 1
3940 5
3941 3
3942 0
3943 0
3944 3
3945 1
3946 2
3947 2
3948 0
3949 1
3950 2
3951 4
3952 1
3953 1
3954 1
3955 0
3956 3
3957 4
3958 5
3959 3
3960 3
3961 2
3962 1
3963 1
3964 1
3965 3
3966 5
3967 2
3968 0
3969 3
3970 4
3971 0
3972 0
3973 4
3974 1
3975 2
3976 0
3977 2
3978 3
3979 3
3980 3
3981 3
3982 1
3983 1
3984 1
3985 3
3986 0
3987 3
3988 5
3989 5
3990 2
3991 2
3992 1
3993 1
3994 0
3995 1
3996 1
3997 5
3998 2
3999 2
4000 1
4001 2
4002 1
4003 1
4004 5
4005 0
4006 3
4007 1
4008 2
4009 4
4010 3
4011 1
4012 1
4013 0
4014 4
4015 0
4016 5
4017 2
4018 2
4019 1
4020 2
4021 0
4022 4
4023 0
4024 2
4025 5
4026 1
4027 6
4028 1
4029 3
4030 1
4031 2
4032 2
4033 2
4034 1
4035 1
4036 2
4037 1
4038 0
4039 2
4040 1
4041 2
4042 1
4043 3
4044 5
4045 2
4046 2
4047 3
4048 4
4049 3
4050 5
4051 3
4052 2
4053 3
4054 3
4055 3
4056 2
4057 2
4058 7
4059 1
4060 1
4061 1
4062 2
4063 3
4064 1
4065 0
4066 1
4067 3
4068 0
4069 2
4070 2
4071 1
4072 2
4073 4
4074 2
4075 3
4076 3
4077 2
4078 1
4079 2
4080 3
4081 2
4082 2
4083 3
4084 1
4085 2
4086 6
4087 2
4088 2
4089 4
4090 0
4091 0
4092 2
4093 1
4094 2
4095 2
4096 0
4097 2
4098 4
4099 1
4100 0
4101 2
4102 3
4103 4
4104 2
4105 3
4106 2
4107 2
4108 0
4109 2
4110 3
4111 3
4112 2
4113 1
4114 3
4115 2
4116 0
4117 6
4118 1
4119 1
4120 0
4121 0
4122 2
4123 3
4124 2
4125 2
4126 2
4127 2
4128 1
4129 3
4130 3
4131 5
4132 2
4133 1
4134 7
4135 4
4136 2
4137 5
4138 2
4139 1
4140 1
4141 4
4142 3
4143 5
4144 5
4145 5
4146 1
4147 2
4148 2
4149 3
4150 2
4151 1
4152 2
4153 4
4154 3
4155 2
4156 4
4157 3
4158 0
4159 1
4160 2
4161 1
4162 5
4163 2
4164 5
4165 0
4166 3
4167 3
4168 2
4169 2
4170 1
4171 0
4172 1
4173 2
4174 3
4175 2
4176 3
4177 3
4178 1
4179 2
4180 5
4181 2
4182 1
4183 4
4184 1
4185 3
4186 5
4187 1
4188 2
4189 5
4190 3
4191 0
4192 1
4193 2
4194 3
4195 2
4196 5
4197 2
4198 1
4199 1
4200 7
4201 5
4202 2
4203 2
4204 4
4205 1
4206 2
4207 3
4208 5
4209 1
4210 1
4211 1
4212 1
4213 4
4214 1
4215 2
4216 2
4217 1
4218 3
4219 0
4220 1
4221 1
4222 1
4223 3
4224 1
4225 2
4226 0
4227 2
4228 3
4229 4
4230 2
4231 1
4232 1
4233 4
4234 2
4235 3
4236 3
4237 2
4238 0
4239 1
4240 0
4241 3
4242 3
4243 1
4244 1
4245 1
4246 3
4247 3
4248 1
4249 0
4250 2
4251 4
4252 4
4253 4
4254 4
4255 1
4256 3
4257 4
4258 0
4259 3
4260 1
4261 0
4262 1
4263 5
4264 0
4265 2
4266 2
4267 3
4268 3
4269 2
4270 1
4271 5
4272 2
4273 0
4274 1
4275 3
4276 2
4277 4
4278 3
4279 3
4280 0
4281 3
4282 2
4283 1
4284 2
4285 2
4286 0
4287 4
4288 5
4289 1
4290 4
4291 0
4292 4
4293 1
4294 4
4295 1
4296 0
4297 0
4298 2
4299 2
4300 4
4301 2
4302 2
4303 2
4304 1
4305 2
4306 1
4307 3
4308 2
4309 5
4310 1
4311 3
4312 1
4313 5
4314 3
4315 0
4316 2
4317 3
4318 2
4319 6
4320 1
4321 1
4322 0
4323 2
4324 2
4325 5
4326 5
4327 3
4328 1
4329 1
4330 1
4331 0
4332 6
4333 3
4334 0
4335 1
4336 1
4337 3
4338 1
4339 4
4340 2
4341 1
4342 2
4343 2
4344 1
4345 4
4346 1
4347 4
4348 1
4349 5
4350 3
4351 2
4352 1
4353 1
4354 3
4355 1
4356 0
4357 2
4358 2
4359 4
4360 0
4361 1
4362 2
4363 2
4364 2
4365 3
4366 1
4367 2
4368 0
4369 2
4370 1
4371 0
4372 3
4373 3
4374 4
4375 2
4376 1
4377 2
4378 1
4379 3
4380 2
4381 4
4382 0
4383 3
4384 3
4385 2
4386 2
4387 0
4388 3
4389 3
4390 4
4391 0
4392 0
4393 2
4394 6
4395 3
4396 3
4397 3
4398 2
4399 1
4400 5
4401 0
4402 2
4403 4
4404 2
4405 0
4406 1
4407 2
4408 0
4409 2
4410 1
4411 1
4412 0
4413 4
4414 3
4415 1
4416 1
4417 3
4418 0
4419 1
4420 1
4421 2
4422 0
4423 1
4424 1
4425 4
4426 4
4427 0
4428 3
4429 2
4430 3
4431 1
4432 0
4433 0
4434 1
4435 5
4436 3
4437 1
4438 4
4439 2
4440 2
4441 1
4442 3
4443 2
4444 1
4445 0
4446 3
4447 2
4448 0
4449 2
4450 2
4451 3
4452 0
4453 2
4454 1
4455 1
4456 2
4457 2
4458 1
4459 3
4460 0
4461 1
4462 3
4463 0
4464 0
4465 2
4466 1
4467 3
4468 4
4469 2
4470 1
4471 3
4472 2
4473 6
4474 3
4475 5
4476 1
4477 1
4478 0
4479 1
4480 3
4481 4
4482 1
4483 0
4484 1
4485 0
4486 2
4487 2
4488 1
4489 2
4490 0
4491 2
4492 1
4493 4
4494 2
4495 1
4496 1
4497 3
4498 4
4499 6
4500 2
4501 3
4502 3
4503 4
4504 5
4505 2
4506 0
4507 1
4508 1
4509 0
4510 0
4511 2
4512 0
4513 2
4514 1
4515 1
4516 1
4517 3
4518 1
4519 0
4520 2
4521 2
4522 3
4523 2
4524 2
4525 2
4526 2
4527 3
4528 2
4529 2
4530 3
4531 1
4532 1
4533 4
4534 5
4535 4
4536 2
4537 3
4538 2
4539 2
4540 1
4541 4
4542 2
4543 1
4544 1
4545 2
4546 2
4547 3
4548 3
4549 1
4550 3
4551 1
4552 0
4553 4
4554 0
4555 3
4556 1
4557 0
4558 2
4559 4
4560 5
4561 2
4562 0
4563 4
4564 1
4565 2
4566 2
4567 1
4568 0
4569 2
4570 2
4571 2
4572 0
4573 2
4574 4
4575 1
4576 2
4577 2
4578 4
4579 2
4580 2
4581 1
4582 4
4583 3
4584 2
4585 1
4586 2
4587 1
4588 2
4589 2
4590 0
4591 0
4592 3
4593 1
4594 1
4595 1
4596 0
4597 1
4598 4
4599 0
4600 5
4601 4
4602 2
4603 1
4604 0
4605 1
4606 3
4607 1
4608 1
4609 3
4610 5
4611 1
4612 0
4613 4
4614 1
4615 2
4616 1
4617 3
4618 2
4619 1
4620 1
4621 3
4622 1
4623 0
4624 2
4625 1
4626 3
4627 1
4628 1
4629 0
4630 3
4631 1
4632 3
4633 0
4634 1
4635 1
4636 1
4637 1
4638 1
4639 3
4640 1
4641 4
4642 1
4643 0
4644 3
4645 3
4646 2
4647 3
4648 3
4649 1
4650 2
4651 1
4652 1
4653 5
4654 4
4655 1
4656 3
4657 2
4658 1
4659 2
4660 4
4661 2
4662 0
4663 0
4664 2
4665 3
4666 2
4667 1
4668 2
4669 2
4670 2
4671 0
4672 2
4673 2
4674 0
4675 1
4676 2
4677 2
4678 5
4679 2
4680 4
4681 3
4682 1
4683 2
4684 0
4685 3
4686 1
4687 2
4688 3
4689 5
4690 0
4691 1
4692 2
4693 2
4694 2
4695 4
4696 1
4697 2
4698 3
4699 2
4700 5
4701 2
4702 1
4703 5
4704 3
4705 2
4706 0
4707 2
4708 5
4709 1
4710 4
4711 3
4712 2
4713 5
4714 1
4715 1
4716 2
4717 1
4718 3
4719 4
4720 1
4721 1
4722 0
4723 1
4724 1
4725 2
4726 5
4727 5
4728 1
4729 2
4730 0
4731 1
4732 5
4733 2
4734 2
4735 3
4736 1
4737 3
4738 3
4739 2
4740 1
4741 3
4742 3
4743 2
4744 1
4745 1
4746 2
4747 0
4748 2
4749 3
4750 1
4751 1
4752 1
4753 3
4754 3
4755 2
4756 0
4757 5
4758 4
4759 1
4760 0
4761 2
4762 2
4763 0
4764 0
4765 4
4766 0
4767 0
4768 3
4769 3
4770 2
4771 1
4772 3
4773 2
4774 2
4775 1
4776 2
4777 1
4778 1
4779 1
4780 1
4781 3
4782 0
4783 3
4784 2
4785 1
4786 1
4787 0
4788 2
4789 0
4790 2
4791 1
4792 1
4793 2
4794 1
4795 1
4796 3
4797 2
4798 1
4799 1
4800 0
4801 2
4802 3
4803 1
4804 4
4805 2
4806 3
4807 1
4808 3
4809 1
4810 2
4811 3
4812 4
4813 2
4814 3
4815 1
4816 1
4817 6
4818 0
4819 1
4820 2
4821 0
4822 1
4823 1
4824 2
4825 3
4826 1
4827 3
4828 2
4829 2
4830 4
4831 2
4832 3
4833 1
4834 1
4835 2
4836 5
4837 2
4838 4
4839 2
4840 4
4841 1
4842 4
4843 3
4844 0
4845 2
4846 1
4847 1
4848 1
4849 1
4850 3
4851 1
4852 0
4853 2
4854 2
4855 3
4856 5
4857 3
4858 0
4859 2
4860 2
4861 4
4862 1
4863 6
4864 0
4865 0
4866 1
4867 2
4868 2
4869 2
4870 4
4871 3
4872 3
4873 0
4874 1
4875 3
4876 1
4877 1
4878 2
4879 2
4880 6
4881 1
4882 5
4883 4
4884 2
4885 1
4886 1
4887 0
4888 2
4889 0
4890 0
4891 2
4892 1
4893 3
4894 2
4895 2
4896 2
4897 3
4898 4
4899 2
4900 4
4901 1
4902 4
4903 4
4904 3
4905 3
4906 0
4907 2
4908 3
4909 1
4910 4
4911 4
4912 1
4913 0
4914 1
4915 1
4916 4
4917 4
4918 3
4919 1
4920 3
4921 3
4922 2
4923 2
4924 1
4925 4
4926 1
4927 3
4928 1
4929 4
4930 0
4931 2
4932 0
4933 2
4934 2
4935 3
4936 0
4937 1
4938 5
4939 2
4940 5
4941 1
4942 2
4943 1
4944 0
4945 1
4946 2
4947 0
4948 2
4949 2
4950 2
4951 3
4952 8
4953 2
4954 1
4955 0
4956 2
4957 3
4958 1
4959 1
4960 1
4961 2
4962 1
4963 1
4964 1
4965 0
4966 3
4967 2
4968 0
4969 1
4970 2
4971 3
4972 0
4973 2
4974 3
4975 3
4976 1
4977 4
4978 2
4979 4
4980 1
4981 3
4982 0
4983 2
4984 2
4985 1
4986 0
4987 2
4988 3
4989 2
4990 5
4991 2
4992 2
4993 1
4994 1
4995 2
4996 0
4997 0
4998 1
4999 0
5000 4
5001 2
5002 2
5003 2
5004 2
5005 3
5006 0
5007 2
5008 2
5009 3
5010 3
5011 2
5012 3
5013 2
5014 1
5015 3
5016 0
5017 2
5018 4
5019 5
5020 3
5021 4
5022 1
5023 5
5024 2
5025 2
5026 2
5027 2
5028 1
5029 3
5030 2
5031 2
5032 4
5033 1
5034 1
5035 3
5036 2
5037 1
5038 2
5039 2
5040 2
5041 1
5042 4
5043 3
5044 2
5045 0
5046 2
5047 0
5048 1
5049 0
5050 7
5051 1
5052 2
5053 1
5054 1
5055 1
5056 2
5057 1
5058 2
5059 5
5060 2
5061 1
5062 4
5063 2
5064 2
5065 4
5066 1
5067 1
5068 2
5069 3
5070 0
5071 1
5072 1
5073 4
5074 0
5075 2
5076 2
5077 2
5078 3
5079 2
5080 1
5081 1
5082 0
5083 5
5084 1
5085 1
5086 3
5087 1
5088 2
5089 2
5090 0
5091 2
5092 2
5093 4
5094 1
5095 1
5096 3
5097 0
5098 1
5099 1
5100 2
5101 4
5102 3
5103 6
5104 1
5105 0
5106 1
5107 0
5108 4
5109 0
5110 4
5111 0
5112 2
5113 1
5114 1
5115 3
5116 1
5117 3
5118 0
5119 3
5120 1
5121 1
5122 3
5123 2
5124 3
5125 1
5126 2
5127 3
5128 6
5129 2
5130 5
5131 2
5132 3
5133 2
5134 2
5135 2
5136 3
5137 2
5138 3
5139 2
5140 1
5141 3
5142 1
5143 3
5144 3
5145 2
5146 3
5147 0
5148 4
5149 2
5150 2
5151 1
5152 3
5153 1
5154 0
5155 2
5156 1
5157 0
5158 3
5159 1
5160 5
5161 0
5162 3
5163 2
5164 1
5165 1
5166 3
5167 1
5168 3
5169 5
5170 4
5171 2
5172 3
5173 6
5174 0
5175 1
5176 2
5177 1
5178 0
5179 3
5180 1
5181 2
5182 2
5183 1
5184 2
5185 3
5186 5
5187 1
5188 3
5189 3
5190 0
5191 3
5192 1
5193 3
5194 4
5195 4
5196 2
5197 1
5198 2
5199 5
5200 0
5201 4
5202 1
5203 2
5204 5
5205 0
5206 2
5207 1
5208 2
5209 2
5210 2
5211 0
5212 3
5213 2
5214 2
5215 1
5216 1
5217 2
5218 3
5219 1
5220 1
5221 1
5222 2
5223 2
5224 2
5225 3
5226 2
5227 1
5228 3
5229 0
5230 2
5231 2
5232 0
5233 2
5234 1
5235 2
5236 6
5237 2
5238 4
5239 1
5240 1
5241 3
5242 3
5243 2
5244 0
5245 2
5246 3
5247 1
5248 1
5249 4
5250 1
5251 0
5252 5
5253 2
5254 0
5255 2
5256 2
5257 2
5258 2
5259 1
5260 2
5261 1
5262 2
5263 3
5264 3
5265 1
5266 0
5267 0
5268 2
5269 3
5270 6
5271 2
5272 0
5273 1
5274 2
5275 2
5276 4
5277 1
5278 1
5279 3
5280 2
5281 1
5282 3
5283 3
5284 1
5285 0
5286 1
5287 3
5288 1
5289 6
5290 3
5291 0
5292 3
5293 3
5294 2
5295 1
5296 3
5297 0
5298 3
5299 1
5300 3
5301 2
5302 1
5303 2
5304 1
5305 3
5306 2
5307 2
5308 4
5309 1
5310 4
5311 3
5312 0
5313 2
5314 2
5315 2
5316 2
5317 1
5318 0
5319 1
5320 1
5321 3
5322 3
5323 2
5324 1
5325 2
5326 4
5327 5
5328 1
5329 2
5330 2
5331 1
5332 3
5333 1
5334 3
5335 3
5336 2
5337 4
5338 4
5339 3
5340 2
5341 2
5342 5
5343 2
5344 3
5345 2
5346 2
5347 3
5348 0
5349 0
5350 0
5351 1
5352 2
5353 1
5354 3
5355 1
5356 2
5357 1
5358 0
5359 3
5360 3
5361 0
5362 4
5363 1
5364 3
5365 2
5366 1
5367 7
5368 2
5369 2
5370 4
5371 1
5372 3
5373 3
5374 2
5375 1
5376 1
5377 2
5378 3
5379 2
5380 1
5381 2
5382 0
5383 4
5384 0
5385 4
5386 3
5387 1
5388 1
5389 3
5390 1
5391 2
5392 0
5393 4
5394 2
5395 1
5396 1
5397 3
5398 1
5399 3
5400 1
5401 1
5402 2
5403 1
5404 2
5405 2
5406 0
5407 0
5408 5
5409 1
5410 1
5411 1
5412 2
5413 1
5414 4
5415 2
5416 4
5417 1
5418 2
5419 2
5420 2
5421 6
5422 1
5423 1
5424 2
5425 4
5426 0
5427 4
5428 1
5429 2
5430 3
5431 3
5432 1
5433 2
5434 3
5435 0
5436 1
5437 1
5438 4
5439 3
5440 6
5441 2
5442 2
5443 1
5444 3
5445 3
5446 1
5447 4
5448 2
5449 2
5450 3
5451 3
5452 1
5453 2
5454 2
5455 2
5456 3
5457 2
5458 3
5459 3
5460 2
5461 1
5462 3
5463 2
5464 0
5465 1
5466 2
5467 2
5468 2
5469 2
5470 1
5471 1
5472 4
5473 1
5474 1
5475 1
5476 2
5477 3
5478 4
5479 2
5480 1
5481 2
5482 1
5483 4
5484 0
5485 0
5486 2
5487 3
5488 4
5489 2
5490 1
5491 1
5492 0
5493 2
5494 3
5495 1
5496 1
5497 2
5498 2
5499 1
5500 3
5501 0
5502 2
5503 4
5504 2
5505 2
5506 1
5507 0
5508 1
5509 0
5510 2
5511 3
5512 1
5513 4
5514 1
5515 1
5516 5
5517 1
5518 1
5519 1
5520 1
5521 6
5522 1
5523 3
5524 1
5525 4
5526 0
5527 1
5528 4
5529 6
5530 3
5531 1
5532 2
5533 1
5534 3
5535 2
5536 0
5537 2
5538 2
5539 1
5540 2
5541 1
5542 3
5543 1
5544 3
5545 1
5546 3
5547 2
5548 2
5549 1
5550 1
5551 4
5552 0
5553 1
5554 2
5555 4
5556 5
5557 4
5558 0
5559 0
5560 2
5561 1
5562 1
5563 0
5564 3
5565 0
5566 2
5567 3
5568 0
5569 0
5570 0
5571 2
5572 2
5573 2
5574 0
5575 2
5576 2
5577 2
5578 0
5579 0
5580 2
5581 3
5582 2
5583 5
5584 3
5585 5
5586 2
5587 3
5588 2
5589 2
5590 1
5591 6
5592 0
5593 2
5594 1
5595 4
5596 2
5597 0
5598 1
5599 0
5600 0
5601 0
5602 4
5603 1
5604 2
5605 1
5606 1
5607 4
5608 0
5609 0
5610 3
5611 1
5612 6
5613 2
5614 1
5615 2
5616 1
5617 0
5618 2
5619 2
5620 1
5621 2
5622 0
5623 2
5624 2
5625 3
5626 0
5627 6
5628 3
5629 0
5630 0
5631 1
5632 5
5633 5
5634 4
5635 3
5636 1
5637 2
5638 3
5639 4
5640 2
5641 1
5642 1
5643 2
5644 2
5645 1
5646 2
5647 2
5648 1
5649 3
5650 1
5651 1
5652 1
5653 2
5654 2
5655 0
5656 0
5657 4
5658 4
5659 1
5660 5
5661 4
5662 2
5663 1
5664 0
5665 1
5666 1
5667 0
5668 0
5669 1
5670 4
5671 4
5672 4
5673 1
5674 0
5675 0
5676 4
5677 3
5678 0
5679 2
5680 3
5681 1
5682 4
5683 1
5684 0
5685 4
5686 2
5687 2
5688 5
5689 1
5690 2
5691 1
5692 2
5693 2
5694 3
5695 2
5696 1
5697 0
5698 2
5699 1
5700 2
5701 5
5702 2
5703 3
5704 2
5705 3
5706 3
5707 4
5708 3
5709 2
5710 1
5711 1
5712 6
5713 1
5714 1
5715 2
5716 3
5717 4
5718 4
5719 2
5720 2
5721 5
5722 3
5723 0
5724 2
5725 2
5726 1
5727 1
5728 2
5729 2
5730 1
5731 4
5732 4
5733 0
5734 3
5735 3
5736 2
5737 1
5738 2
5739 1
5740 4
5741 0
5742 2
5743 3
5744 3
5745 1
5746 0
5747 0
5748 3
5749 1
5750 0
5751 5
5752 0
5753 1
5754 2
5755 0
5756 1
5757 0
5758 1
5759 4
5760 5
5761 5
5762 4
5763 2
5764 1
5765 2
5766 1
5767 1
5768 4
5769 1
5770 1
5771 2
5772 4
5773 2
5774 2
5775 3
5776 1
5777 0
5778 4
5779 3
5780 1
5781 0
5782 3
5783 4
5784 3
5785 1
5786 4
5787 1
5788 4
5789 0
5790 3
5791 1
5792 1
5793 0
5794 1
5795 3
5796 2
5797 0
5798 1
5799 4
5800 1
5801 2
5802 2
5803 3
5804 4
5805 1
5806 2
5807 3
5808 1
5809 3
5810 2
5811 0
5812 1
5813 2
5814 2
5815 0
5816 3
5817 2
5818 0
5819 2
5820 0
5821 0
5822 2
5823 0
5824 1
5825 3
5826 2
5827 2
5828 0
5829 2
5830 1
5831 1
5832 3
5833 2
5834 1
5835 2
5836 0
5837 2
5838 3
5839 1
5840 2
5841 2
5842 2
5843 1
5844 3
5845 3
5846 4
5847 0
5848 3
5849 1
5850 4
5851 2
5852 2
5853 5
5854 2
5855 1
5856 2
5857 1
5858 2
5859 2
5860 7
5861 2
5862 3
5863 4
5864 0
5865 1
5866 1
5867 1
5868 2
5869 4
5870 1
5871 0
5872 5
5873 5
5874 0
5875 2
5876 1
5877 2
5878 1
5879 3
5880 3
5881 3
5882 1
5883 2
5884 2
5885 4
5886 2
5887 1
5888 0
5889 4
5890 7
5891 2
5892 1
5893 1
5894 0
5895 0
5896 4
5897 4
5898 2
5899 5
5900 1
5901 2
5902 2
5903 2
5904 1
5905 3
5906 1
5907 3
5908 2
5909 2
5910 2
5911 0
5912 3
5913 1
5914 3
5915 1
5916 1
5917 3
5918 2
5919 1
5920 3
5921 1
5922 0
5923 0
5924 0
5925 4
5926 5
5927 2
5928 0
5929 0
5930 4
5931 1
5932 3
5933 1
5934 3
5935 1
5936 3
5937 1
5938 0
5939 1
5940 3
5941 2
5942 2
5943 4
5944 2
5945 1
5946 3
5947 0
5948 3
5949 5
5950 4
5951 2
5952 3
5953 0
5954 0
5955 2
5956 3
5957 3
5958 5
5959 5
5960 2
5961 0
5962 0
5963 5
5964 1
5965 2
5966 7
5967 4
5968 2
5969 2
5970 3
5971 3
5972 1
5973 2
5974 2
5975 1
5976 1
5977 0
5978 2
5979 3
5980 3
5981 0
5982 3
5983 1
5984 0
5985 0
5986 3
5987 1
5988 2
5989 3
5990 1
5991 1
5992 0
5993 3
5994 3
5995 5
5996 1
5997 1
5998 1
5999 2
6000 1
6001 2
6002 3
6003 2
6004 3
6005 3
6006 1
6007 1
6008 1
6009 2
6010 2
6011 2
6012 1
6013 2
6014 1
6015 2
6016 0
6017 1
6018 1
6019 0
6020 0
6021 2
6022 2
6023 2
6024 2
6025 0
6026 1
6027 2
6028 5
6029 1
6030 4
6031 1
6032 1
6033 3
6034 1
6035 2
6036 2
6037 1
6038 7
6039 0
6040 4
6041 3
6042 0
6043 4
6044 1
6045 3
6046 5
6047 2
6048 2
6049 2
6050 4
6051 0
6052 3
6053 3
6054 3
6055 2
6056 2
6057 1
6058 4
6059 3
6060 2
6061 2
6062 2
6063 3
6064 2
6065 2
6066 2
6067 2
6068 2
6069 1
6070 1
6071 0
6072 1
6073 5
6074 0
6075 1
6076 3
6077 1
6078 2
6079 1
6080 1
6081 3
6082 4
6083 0
6084 4
6085 2
6086 3
6087 2
6088 0
6089 1
6090 4
6091 4
6092 2
6093 2
6094 1
6095 3
6096 3
6097 1
6098 2
6099 2
6100 3
6101 1
6102 2
6103 2
6104 2
6105 1
6106 1
6107 1
6108 5
6109 0
6110 2
6111 5
6112 0
6113 1
6114 2
6115 3
6116 1
6117 2
6118 0
6119 2
6120 3
6121 1
6122 3
6123 1
6124 2
6125 3
6126 1
6127 3
6128 2
6129 3
6130 1
6131 3
6132 3
6133 1
6134 2
6135 1
6136 1
6137 1
6138 2
6139 1
6140 3
6141 1
6142 0
6143 2
6144 4
6145 1
6146 0
6147 1
6148 1
6149 4
6150 2
6151 1
6152 2
6153 1
6154 4
6155 3
6156 2
6157 3
6158 2
6159 1
6160 3
6161 3
6162 1
6163 2
6164 2
6165 0
6166 3
6167 1
6168 2
6169 2
6170 8
6171 1
6172 2
6173 4
6174 2
6175 0
6176 1
6177 1
6178 2
6179 2
6180 4
6181 4
6182 1
6183 1
6184 2
6185 2
6186 0
6187 0
6188 1
6189 0
6190 0
6191 2
6192 2
6193 3
6194 1
6195 0
6196 1
6197 3
6198 1
6199 2
6200 4
6201 2
6202 3
6203 2
6204 1
6205 3
6206 3
6207 1
6208 2
6209 1
6210 0
6211 1
6212 1
6213 4
6214 4
6215 4
6216 3
6217 3
6218 3
6219 1
6220 0
6221 0
6222 1
6223 5
6224 1
6225 2
6226 0
6227 4
6228 2
6229 3
6230 1
6231 4
6232 0
6233 2
6234 3
6235 0
6236 1
6237 1
6238 3
6239 1
6240 3
6241 3
6242 2
6243 1
6244 2
6245 3
6246 0
6247 6
6248 1
6249 0
6250 2
6251 0
6252 3
6253 1
6254 1
6255 4
6256 2
6257 1
6258 2
6259 3
6260 2
6261 2
6262 1
6263 3
6264 2
6265 1
6266 1
6267 1
6268 2
6269 2
6270 0
6271 1
6272 4
6273 3
6274 0
6275 0
6276 2
6277 0
6278 3
6279 3
6280 1
6281 0
6282 1
6283 3
6284 1
6285 2
6286 3
6287 3
6288 5
6289 2
6290 1
6291 4
6292 2
6293 2
6294 2
6295 4
6296 2
6297 2
6298 3
6299 1
6300 0
6301 1
6302 3
6303 3
6304 2
6305 3
6306 2
6307 4
6308 1
6309 3
6310 2
6311 1
6312 2
6313 5
6314 4
6315 0
6316 1
6317 4
6318 4
6319 1
6320 3
6321 3
6322 0
6323 0
6324 3
6325 2
6326 4
6327 3
6328 1
6329 4
6330 4
6331 2
6332 2
6333 0
6334 1
6335 0
6336 1
6337 1
6338 2
6339 0
6340 2
6341 3
6342 2
6343 0
6344 1
6345 4
6346 2
6347 2
6348 1
6349 5
6350 4
6351 2
6352 4
6353 3
6354 1
6355 1
6356 3
6357 3
6358 4
6359 1
6360 1
6361 2
6362 2
6363 3
6364 2
6365 5
6366 3
6367 1
6368 3
6369 4
6370 1
6371 0
6372 3
6373 4
6374 4
6375 2
6376 0
6377 2
6378 1
6379 2
6380 0
6381 0
6382 2
6383 3
6384 5
6385 4
6386 1
6387 1
6388 2
6389 1
6390 3
6391 2
6392 2
6393 0
6394 3
6395 3
6396 3
6397 2
6398 4
6399 3
6400 3
6401 1
6402 1
6403 0
6404 2
6405 0
6406 2
6407 3
6408 2
6409 4
6410 3
6411 2
6412 4
6413 5
6414 3
6415 1
6416 2
6417 0
6418 4
6419 2
6420 1
6421 2
6422 2
6423 2
6424 2
6425 2
6426 0
6427 0
6428 3
6429 3
6430 2
6431 1
6432 0
6433 2
6434 2
6435 2
6436 1
6437 2
6438 1
6439 0
6440 1
6441 2
6442 2
6443 0
6444 1
6445 3
6446 1
6447 1
6448 2
6449 3
6450 2
6451 0
6452 0
6453 3
6454 0
6455 5
6456 2
6457 3
6458 1
6459 3
6460 3
6461 5
6462 1
6463 1
6464 1
6465 1
6466 2
6467 1
6468 3
6469 2
6470 1
6471 1
6472 4
6473 0
6474 0
6475 4
6476 2
6477 3
6478 5
6479 3
6480 4
6481 1
6482 4
6483 3
6484 3
6485 2
6486 2
6487 1
6488 2
6489 1
6490 2
6491 2
6492 0
6493 4
6494 3
6495 0
6496 1
6497 1
6498 2
6499 1
6500 1
6501 1
6502 1
6503 3
6504 2
6505 1
6506 2
6507 2
6508 1
6509 4
6510 1
6511 2
6512 0
6513 2
6514 2
6515 1
6516 1
6517 0
6518 0
6519 3
6520 2
6521 2
6522 3
6523 3
6524 2
6525 4
6526 4
6527 3
6528 1
6529 0
6530 3
6531 1
6532 2
6533 0
6534 4
6535 3
6536 0
6537 1
6538 3
6539 1
6540 2
6541 1
6542 2
6543 3
6544 3
6545 2
6546 3
6547 1
6548 2
6549 0
6550 1
6551 5
6552 5
6553 2
6554 1
6555 7
6556 0
6557 1
6558 1
6559 3
6560 0
6561 0
6562 2
6563 1
6564 2
6565 1
6566 1
6567 1
6568 0
6569 3
6570 1
6571 2
6572 2
6573 1
6574 2
6575 2
6576 1
6577 3
6578 2
6579 0
6580 2
6581 1
6582 2
6583 2
6584 2
6585 1
6586 1
6587 2
6588 1
6589 2
6590 2
6591 4
6592 2
6593 6
6594 1
6595 1
6596 3
6597 1
6598 0
6599 1
6600 2
6601 1
6602 1
6603 0
6604 1
6605 2
6606 2
6607 1
6608 2
6609 0
6610 1
6611 1
6612 3
6613 3
6614 2
6615 2
6616 0
6617 1
6618 1
6619 3
6620 1
6621 2
6622 3
6623 2
6624 1
6625 2
6626 1
6627 3
6628 3
6629 2
6630 3
6631 0
6632 3
6633 0
6634 0
6635 1
6636 3
6637 2
6638 4
6639 2
6640 2
6641 1
6642 2
6643 1
6644 1
6645 0
6646 2
6647 5
6648 2
6649 4
6650 3
6651 3
6652 3
6653 5
6654 1
6655 0
6656 1
6657 3
6658 4
6659 1
6660 2
6661 3
6662 1
6663 3
6664 2
6665 6
6666 1
6667 0
6668 5
6669 1
6670 2
6671 2
6672 0
6673 1
6674 0
6675 2
6676 2
6677 1
6678 5
6679 2
6680 0
6681 2
6682 0
6683 3
6684 0
6685 1
6686 2
6687 0
6688 2
6689 5
6690 4
6691 3
6692 1
6693 1
6694 0
6695 3
6696 0
6697 2
6698 1
6699 3
6700 4
6701 1
6702 2
6703 1
6704 1
6705 3
6706 1
6707 2
6708 0
6709 2
6710 3
6711 2
6712 0
6713 1
6714 0
6715 3
6716 4
6717 5
6718 2
6719 1
6720 4
6721 3
6722 2
6723 4
6724 2
6725 1
6726 0
6727 1
6728 2
6729 2
6730 2
6731 0
6732 1
6733 2
6734 1
6735 4
6736 1
6737 3
6738 4
6739 2
6740 3
6741 1
6742 3
6743 2
6744 2
6745 4
6746 3
6747 3
6748 4
6749 4
6750 1
6751 1
6752 2
6753 0
6754 2
6755 1
6756 2
6757 1
6758 2
6759 4
6760 2
6761 1
6762 2
6763 1
6764 2
6765 3
6766 2
6767 3
6768 1
6769 2
6770 0
6771 4
6772 1
6773 2
6774 1
6775 1
6776 1
6777 3
6778 2
6779 3
6780 5
6781 1
6782 4
6783 0
6784 3
6785 4
6786 1
6787 1
6788 4
6789 3
6790 3
6791 7
6792 1
6793 0
6794 2
6795 1
6796 1
6797 3
6798 0
6799 4
6800 0
6801 0
6802 3
6803 1
6804 2
6805 0
6806 2
6807 1
6808 1
6809 2
6810 1
6811 0
6812 1
6813 2
6814 4
6815 0
6816 3
6817 1
6818 1
6819 1
6820 2
6821 3
6822 2
6823 1
6824 1
6825 3
6826 0
6827 2
6828 0
6829 1
6830 2
6831 1
6832 4
6833 2
6834 1
6835 0
6836 4
6837 3
6838 4
6839 1
6840 2
6841 2
6842 3
6843 1
6844 1
6845 3
6846 1
6847 0
6848 1
6849 2
6850 2
6851 2
6852 3
6853 3
6854 4
6855 2
6856 3
6857 0
6858 4
6859 3
6860 0
6861 4
6862 0
6863 1
6864 1
6865 2
6866 3
6867 3
6868 4
6869 2
6870 2
6871 4
6872 2
6873 2
6874 2
6875 3
6876 6
6877 3
6878 1
6879 5
6880 2
6881 2
6882 4
6883 2
6884 1
6885 1
6886 3
6887 0
6888 3
6889 2
6890 1
6891 0
6892 3
6893 1
6894 3
6895 0
6896 0
6897 2
6898 1
6899 3
6900 5
6901 2
6902 2
6903 0
6904 1
6905 1
6906 1
6907 0
6908 2
6909 1
6910 0
6911 4
6912 4
6913 0
6914 2
6915 3
6916 2
6917 2
6918 3
6919 1
6920 4
6921 2
6922 5
6923 4
6924 0
6925 1
6926 3
6927 3
6928 0
6929 2
6930 2
6931 1
6932 3
6933 1
6934 1
6935 1
6936 2
6937 3
6938 0
6939 1
6940 5
6941 2
6942 2
6943 3
6944 1
6945 0
6946 5
6947 0
6948 1
6949 1
6950 0
6951 0
6952 1
6953 2
6954 3
6955 0
6956 4
6957 1
6958 0
6959 1
6960 2
6961 3
6962 3
6963 1
6964 4
6965 2
6966 3
6967 4
6968 3
6969 2
6970 4
6971 1
6972 2
6973 0
6974 2
6975 4
6976 2
6977 3
6978 3
6979 0
6980 3
6981 0
6982 2
6983 1
6984 3
6985 1
6986 1
6987 2
6988 1
6989 3
6990 3
6991 3
6992 1
6993 1
6994 1
6995 1
6996 1
6997 1
6998 7
6999 2
7000 3
7001 3
7002 3
7003 4
7004 3
7005 1
7006 1
7007 2
7008 3
7009 4
7010 5
7011 3
7012 2
7013 2
7014 4
7015 2
7016 4
7017 5
7018 2
7019 4
7020 2
7021 3
7022 1
7023 3
7024 4
7025 1
7026 1
7027 3
7028 3
7029 3
7030 1
7031 0
7032 1
7033 2
7034 0
7035 5
7036 1
7037 4
7038 3
7039 3
7040 4
7041 1
7042 0
7043 3
7044 1
7045 1
7046 1
7047 2
7048 3
7049 2
7050 1
7051 0
7052 3
7053 3
7054 7
7055 0
7056 1
7057 1
7058 2
7059 0
7060 1
7061 3
7062 2
7063 1
7064 2
7065 1
7066 2
7067 2
7068 0
7069 4
7070 2
7071 5
7072 3
7073 3
7074 0
7075 1
7076 1
7077 2
7078 3
7079 1
7080 3
7081 0
7082 5
7083 0
7084 1
7085 5
7086 4
7087 3
7088 0
7089 1
7090 2
7091 1
7092 0
7093 1
7094 2
7095 2
7096 2
7097 1
7098 2
7099 6
7100 5
7101 2
7102 2
7103 1
7104 0
7105 4
7106 0
7107 1
7108 1
7109 2
7110 0
7111 3
7112 3
7113 1
7114 2
7115 1
7116 2
7117 2
7118 2
7119 1
7120 2
7121 2
7122 1
7123 4
7124 2
7125 1
7126 1
7127 2
7128 2
7129 0
7130 1
7131 0
7132 1
7133 2
7134 0
7135 2
7136 3
7137 3
7138 1
7139 1
7140 3
7141 2
7142 2
7143 0
7144 1
7145 1
7146 2
7147 3
7148 1
7149 1
7150 0
7151 1
7152 3
7153 7
7154 3
7155 2
7156 1
7157 0
7158 1
7159 2
7160 1
7161 3
7162 4
7163 1
7164 1
7165 2
7166 1
7167 2
7168 3
7169 3
7170 1
7171 1
7172 4
7173 2
7174 1
7175 2
7176 6
7177 2
7178 1
7179 0
7180 1
7181 2
7182 0
7183 3
7184 0
7185 1
7186 5
7187 5
7188 3
7189 0
7190 2
7191 4
7192 4
7193 3
7194 2
7195 3
7196 5
7197 2
7198 2
7199 1
7200 2
7201 2
7202 3
7203 3
7204 2
7205 2
7206 0
7207 2
7208 2
7209 1
7210 1
7211 3
7212 1
7213 3
7214 1
7215 0
7216 1
7217 3
7218 4
7219 2
7220 2
7221 2
7222 2
7223 3
7224 2
7225 2
7226 2
7227 2
7228 1
7229 1
7230 1
7231 1
7232 1
7233 2
7234 1
7235 1
7236 3
7237 1
7238 1
7239 4
7240 4
7241 1
7242 2
7243 0
7244 0
7245 4
7246 0
7247 2
7248 3
7249 4
7250 5
7251 1
7252 0
7253 2
7254 1
7255 3
7256 1
7257 3
7258 4
7259 1
7260 2
7261 2
7262 2
7263 2
7264 3
7265 2
7266 4
7267 3
7268 5
7269 2
7270 2
7271 1
7272 1
7273 2
7274 0
7275 1
7276 4
7277 1
7278 1
7279 1
7280 2
7281 0
7282 3
7283 3
7284 2
7285 2
7286 2
7287 5
7288 2
7289 1
7290 5
7291 1
7292 1
7293 2
7294 1
7295 3
7296 3
7297 0
7298 1
7299 0
7300 2
7301 5
7302 1
7303 1
7304 7
7305 3
7306 1
7307 2
7308 2
7309 2
7310 2
7311 3
7312 1
7313 1
7314 3
7315 1
7316 3
7317 2
7318 2
7319 4
7320 2
7321 1
7322 2
7323 1
7324 2
7325 4
7326 2
7327 1
7328 2
7329 4
7330 0
7331 2
7332 1
7333 2
7334 4
7335 1
7336 3
7337 1
7338 4
7339 1
7340 2
7341 3
7342 1
7343 0
7344 1
7345 2
7346 5
7347 3
7348 1
7349 2
7350 1
7351 2
7352 1
7353 0
7354 0
7355 1
7356 2
7357 4
7358 2
7359 1
7360 1
7361 5
7362 4
7363 3
7364 1
7365 3
7366 3
7367 4
7368 1
7369 0
7370 2
7371 1
7372 3
7373 0
7374 2
7375 3
7376 2
7377 1
7378 0
7379 2
7380 5
7381 2
7382 1
7383 2
7384 3
7385 2
7386 0
7387 6
7388 4
7389 3
7390 1
7391 0
7392 5
7393 4
7394 2
7395 3
7396 3
7397 3
7398 0
7399 2
7400 1
7401 4
7402 1
7403 1
7404 3
7405 3
7406 2
7407 2
7408 0
7409 0
7410 1
7411 0
7412 2
7413 4
7414 3
7415 3
7416 3
7417 2
7418 1
7419 0
7420 3
7421 2
7422 2
7423 2
7424 1
7425 3
7426 2
7427 5
7428 3
7429 2
7430 4
7431 2
7432 3
7433 3
7434 0
7435 1
7436 1
7437 0
7438 0
7439 3
7440 1
7441 0
7442 0
7443 0
7444 1
7445 2
7446 3
7447 4
7448 0
7449 0
7450 2
7451 2
7452 0
7453 3
7454 1
7455 2
7456 1
7457 4
7458 0
7459 2
7460 2
7461 1
7462 1
7463 2
7464 3
7465 2
7466 1
7467 1
7468 5
7469 2
7470 5
7471 5
7472 3
7473 1
7474 2
7475 1
7476 1
7477 4
7478 2
7479 5
7480 2
7481 2
7482 1
7483 3
7484 1
7485 1
7486 2
7487 2
7488 1
7489 1
7490 3
7491 1
7492 3
7493 1
7494 2
7495 1
7496 2
7497 1
7498 2
7499 0
7500 1
7501 3
7502 2
7503 2
7504 2
7505 2
7506 3
7507 3
7508 2
7509 1
7510 2
7511 1
7512 5
7513 0
7514 4
7515 2
7516 3
7517 0
7518 0
7519 2
7520 0
7521 1
7522 1
7523 1
7524 1
7525 1
7526 1
7527 1
7528 1
7529 1
7530 3
7531 1
7532 2
7533 3
7534 4
7535 2
7536 1
7537 0
7538 2
7539 1
7540 7
7541 0
7542 2
7543 3
7544 0
7545 2
7546 2
7547 2
7548 2
7549 0
7550 2
7551 3
7552 5
7553 2
7554 2
7555 4
7556 0
7557 4
7558 3
7559 1
7560 4
7561 0
7562 4
7563 5
7564 1
7565 0
7566 1
7567 2
7568 1
7569 0
7570 1
7571 2
7572 1
7573 5
7574 3
7575 0
7576 3
7577 6
7578 2
7579 5
7580 0
7581 1
7582 3
7583 1
7584 2
7585 4
7586 1
7587 1
7588 1
7589 1
7590 2
7591 3
7592 1
7593 1
7594 4
7595 4
7596 3
7597 1
7598 4
7599 1
7600 3
7601 3
7602 3
7603 1
7604 1
7605 3
7606 3
7607 1
7608 4
7609 4
7610 2
7611 2
7612 4
7613 3
7614 2
7615 4
7616 5
7617 2
7618 1
7619 3
7620 1
7621 4
7622 1
7623 0
7624 1
7625 4
7626 0
7627 1
7628 1
7629 1
7630 2
7631 3
7632 1
7633 1
7634 1
7635 1
7636 2
7637 2
7638 1
7639 1
7640 1
7641 3
7642 2
7643 2
7644 4
7645 0
7646 1
7647 2
7648 3
7649 0
7650 3
7651 3
7652 3
7653 0
7654 4
7655 1
7656 2
7657 1
7658 3
7659 3
7660 2
7661 2
7662 1
7663 3
7664 3
7665 1
7666 1
7667 2
7668 1
7669 2
7670 1
7671 2
7672 0
7673 1
7674 1
7675 3
7676 1
7677 1
7678 0
7679 5
7680 2
7681 3
7682 1
7683 4
7684 1
7685 6
7686 2
7687 3
7688 4
7689 0
7690 5
7691 2
7692 1
7693 1
7694 2
7695 0
7696 2
7697 4
7698 1
7699 4
7700 2
7701 3
7702 0
7703 1
7704 3
7705 2
7706 1
7707 2
7708 2
7709 0
7710 1
7711 0
7712 1
7713 2
7714 4
7715 2
7716 2
7717 1
7718 1
7719 1
7720 1
7721 2
7722 2
7723 1
7724 1
7725 3
7726 0
7727 3
7728 2
7729 1
7730 1
7731 0
7732 0
7733 2
7734 3
7735 4
7736 4
7737 2
7738 2
7739 0
7740 1
7741 3
7742 2
7743 1
7744 7
7745 2
7746 0
7747 2
7748 0
7749 2
7750 3
7751 1
7752 1
7753 3
7754 0
7755 1
7756 2
7757 0
7758 2
7759 0
7760 0
7761 5
7762 2
7763 4
7764 1
7765 2
7766 5
7767 3
7768 2
7769 3
7770 2
7771 1
7772 5
7773 0
7774 3
7775 0
7776 3
7777 1
7778 0
7779 2
7780 2
7781 0
7782 0
7783 4
7784 1
7785 2
7786 2
7787 3
7788 3
7789 4
7790 1
7791 2
7792 1
7793 2
7794 2
7795 2
7796 1
7797 0
7798 0
7799 3
7800 3
7801 0
7802 0
7803 2
7804 0
7805 1
7806 1
7807 1
7808 4
7809 0
7810 1
7811 3
7812 2
7813 1
7814 2
7815 1
7816 0
7817 3
7818 3
7819 1
7820 1
7821 2
7822 3
7823 3
7824 1
7825 3
7826 3
7827 1
7828 3
7829 3
7830 1
7831 4
7832 3
7833 1
7834 0
7835 5
7836 1
7837 3
7838 1
7839 0
7840 1
7841 4
7842 2
7843 2
7844 1
7845 0
7846 1
7847 1
7848 1
7849 3
7850 3
7851 4
7852 0
7853 2
7854 1
7855 2
7856 3
7857 0
7858 1
7859 3
7860 0
7861 3
7862 5
7863 1
7864 2
7865 3
7866 2
7867 2
7868 0
7869 2
7870 5
7871 1
7872 0
7873 1
7874 4
7875 1
7876 3
7877 1
7878 2
7879 1
7880 0
7881 2
7882 1
7883 1
7884 4
7885 1
7886 2
7887 4
7888 1
7889 3
7890 2
7891 0
7892 0
7893 3
7894 3
7895 1
7896 4
7897 1
7898 2
7899 3
7900 3
7901 6
7902 1
7903 1
7904 3
7905 3
7906 1
7907 3
7908 3
7909 1
7910 1
7911 3
7912 2
7913 2
7914 1
7915 0
7916 1
7917 2
7918 1
7919 1
7920 2
7921 5
7922 1
7923 1
7924 10
7925 2
7926 1
7927 3
7928 4
7929 2
7930 2
7931 3
7932 2
7933 2
7934 0
7935 0
7936 0
7937 0
7938 0
7939 2
7940 0
7941 2
7942 4
7943 5
7944 1
7945 0
7946 3
7947 5
7948 2
7949 2
7950 2
7951 4
7952 4
7953 0
7954 4
7955 3
7956 6
7957 2
7958 3
7959 3
7960 2
7961 1
7962 0
7963 1
7964 3
7965 2
7966 2
7967 1
7968 5
7969 2
7970 1
7971 3
7972 2
7973 0
7974 2
7975 2
7976 1
7977 6
7978 2
7979 3
7980 3
7981 3
7982 3
7983 0
7984 3
7985 0
7986 3
7987 2
7988 4
7989 1
7990 1
7991 5
7992 1
7993 3
7994 4
7995 2
7996 1
7997 2
7998 6
7999 2
8000 2
8001 3
8002 1
8003 4
8004 2
8005 2
8006 1
8007 0
8008 0
8009 1
8010 2
8011 0
8012 0
8013 1
8014 4
8015 2
8016 2
8017 6
8018 2
8019 2
8020 4
8021 0
8022 3
8023 2
8024 2
8025 0
8026 2
8027 1
8028 4
8029 1
8030 0
8031 2
8032 3
8033 2
8034 1
8035 4
8036 0
8037 2
8038 1
8039 3
8040 2
8041 1
8042 1
8043 3
8044 1
8045 1
8046 4
8047 3
8048 0
8049 2
8050 0
8051 3
8052 3
8053 1
8054 1
8055 3
8056 2
8057 2
8058 2
8059 3
8060 3
8061 5
8062 3
8063 2
8064 2
8065 3
8066 2
8067 1
8068 1
8069 4
8070 2
8071 1
8072 4
8073 1
8074 1
8075 2
8076 2
8077 2
8078 2
8079 0
8080 2
8081 1
8082 2
8083 3
8084 6
8085 3
8086 0
8087 1
8088 1
8089 2
8090 0
8091 3
8092 0
8093 0
8094 2
8095 3
8096 3
8097 2
8098 5
8099 2
8100 3
8101 1
8102 0
8103 2
8104 4
8105 3
8106 4
8107 0
8108 2
8109 2
8110 3
8111 2
8112 1
8113 1
8114 2
8115 3
8116 3
8117 6
8118 1
8119 3
8120 2
8121 0
8122 3
8123 2
8124 2
8125 0
8126 2
8127 3
8128 6
8129 2
8130 5
8131 3
8132 2
8133 1
8134 1
8135 1
8136 0
8137 3
8138 3
8139 3
8140 2
8141 0
8142 2
8143 1
8144 2
8145 1
8146 3
8147 3
8148 5
8149 5
8150 0
8151 2
8152 1
8153 2
8154 1
8155 5
8156 1
8157 1
8158 1
8159 2
8160 2
8161 1
8162 1
8163 1
8164 3
8165 3
8166 1
8167 3
8168 2
8169 1
8170 2
8171 2
8172 3
8173 0
8174 2
8175 2
8176 2
8177 1
8178 2
8179 3
8180 3
8181 2
8182 1
8183 4
8184 1
8185 1
8186 4
8187 1
8188 2
8189 1
8190 1
8191 3
8192 2
8193 0
8194 2
8195 2
8196 2
8197 3
8198 4
8199 1
8200 2
8201 3
8202 2
8203 4
8204 2
8205 1
8206 1
8207 0
8208 1
8209 2
8210 2
8211 0
8212 5
8213 1
8214 3
8215 2
8216 2
8217 2
8218 2
8219 1
8220 3
8221 0
8222 0
8223 4
8224 1
8225 1
8226 2
8227 7
8228 1
8229 2
8230 3
8231 4
8232 4
8233 1
8234 4
8235 1
8236 1
8237 3
8238 3
8239 1
8240 1
8241 1
8242 2
8243 4
8244 1
8245 5
8246 0
8247 3
8248 0
8249 4
8250 3
8251 1
8252 2
8253 1
8254 0
8255 0
8256 4
8257 7
8258 2
8259 1
8260 2
8261 0
8262 3
8263 5
8264 2
8265 4
8266 3
8267 4
8268 2
8269 3
8270 2
8271 4
8272 1
8273 2
8274 1
8275 2
8276 2
8277 1
8278 0
8279 4
8280 2
8281 1
8282 4
8283 1
8284 3
8285 1
8286 4
8287 1
8288 2
8289 1
8290 3
8291 0
8292 0
8293 0
8294 0
8295 3
8296 1
8297 1
8298 4
8299 3
8300 3
8301 4
8302 1
8303 1
8304 2
8305 1
8306 1
8307 1
8308 1
8309 1
8310 0
8311 3
8312 3
8313 1
8314 2
8315 1
8316 1
8317 3
8318 1
8319 0
8320 5
8321 0
8322 4
8323 3
8324 0
8325 3
8326 1
8327 5
8328 4
8329 2
8330 3
8331 2
8332 1
8333 0
8334 1
8335 2
8336 0
8337 7
8338 1
8339 0
8340 1
8341 3
8342 2
8343 2
8344 2
8345 4
8346 2
8347 3
8348 2
8349 1
8350 2
8351 2
8352 2
8353 1
8354 2
8355 2
8356 3
8357 4
8358 3
8359 2
8360 3
8361 0
8362 3
8363 4
8364 0
8365 3
8366 2
8367 4
8368 4
8369 4
8370 4
8371 2
8372 3
8373 0
8374 2
8375 1
8376 3
8377 2
8378 1
8379 3
8380 2
8381 2
8382 0
8383 2
8384 0
8385 4
8386 5
8387 0
8388 2
8389 2
8390 2
8391 0
8392 2
8393 3
8394 1
8395 3
8396 7
8397 2
8398 1
8399 2
8400 1
8401 3
8402 5
8403 0
8404 3
8405 5
8406 1
8407 2
8408 3
8409 0
8410 1
8411 1
8412 0
8413 7
8414 1
8415 2
8416 1
8417 0
8418 4
8419 3
8420 5
8421 2
8422 3
8423 5
8424 2
8425 1
8426 2
8427 4
8428 2
8429 0
8430 2
8431 0
8432 1
8433 1
8434 2
8435 1
8436 2
8437 0
8438 1
8439 0
8440 5
8441 2
8442 4
8443 6
8444 2
8445 1
8446 3
8447 7
8448 2
8449 1
8450 3
8451 3
8452 4
8453 6
8454 0
8455 1
8456 3
8457 0
8458 0
8459 2
8460 0
8461 4
8462 1
8463 3
8464 0
8465 1
8466 2
8467 4
8468 3
8469 4
8470 1
8471 2
8472 2
8473 2
8474 0
8475 2
8476 3
8477 3
8478 1
8479 0
8480 1
8481 3
8482 3
8483 1
8484 1
8485 9
8486 1
8487 2
8488 3
8489 3
8490 1
8491 2
8492 1
8493 3
8494 1
8495 1
8496 2
8497 0
8498 3
8499 2
8500 2
8501 3
8502 4
8503 0
8504 5
8505 2
8506 3
8507 1
8508 0
8509 1
8510 1
8511 3
8512 1
8513 1
8514 3
8515 2
8516 4
8517 2
8518 2
8519 1
8520 1
8521 0
8522 2
8523 1
8524 1
8525 2
8526 0
8527 1
8528 2
8529 5
8530 2
8531 1
8532 2
8533 0
8534 0
8535 2
8536 2
8537 1
8538 2
8539 1
8540 2
8541 0
8542 2
8543 1
8544 4
8545 2
8546 2
8547 1
8548 3
8549 2
8550 2
8551 1
8552 1
8553 2
8554 6
8555 3
8556 4
8557 1
8558 1
8559 3
8560 1
8561 3
8562 1
8563 2
8564 0
8565 1
8566 2
8567 6
8568 2
8569 1
8570 0
8571 3
8572 1
8573 2
8574 3
8575 0
8576 2
8577 1
8578 5
8579 5
8580 6
8581 0
8582 1
8583 2
8584 4
8585 6
8586 2
8587 2
8588 1
8589 0
8590 0
8591 2
8592 3
8593 1
8594 1
8595 1
8596 4
8597 3
8598 5
8599 2
8600 0
8601 1
8602 1
8603 1
8604 3
8605 2
8606 1
8607 2
8608 2
8609 0
8610 0
8611 3
8612 2
8613 4
8614 2
8615 3
8616 1
8617 2
8618 0
8619 3
8620 3
8621 3
8622 1
8623 2
8624 2
8625 1
8626 0
8627 6
8628 1
8629 0
8630 2
8631 1
8632 3
8633 3
8634 1
8635 2
8636 0
8637 2
8638 2
8639 1
8640 3
8641 2
8642 2
8643 1
8644 0
8645 2
8646 2
8647 1
8648 3
8649 2
8650 2
8651 1
8652 4
8653 0
8654 3
8655 2
8656 4
8657 4
8658 1
8659 0
8660 3
8661 1
8662 0
8663 1
8664 1
8665 2
8666 2
8667 1
8668 3
8669 2
8670 2
8671 4
8672 3
8673 1
8674 2
8675 0
8676 3
8677 4
8678 3
8679 1
8680 1
8681 1
8682 2
8683 1
8684 2
8685 1
8686 2
8687 4
8688 1
8689 2
8690 1
8691 1
8692 0
8693 1
8694 1
8695 2
8696 3
8697 3
8698 4
8699 0
8700 0
8701 0
8702 3
8703 0
8704 3
8705 1
8706 4
8707 2
8708 0
8709 1
8710 2
8711 5
8712 2
8713 0
8714 3
8715 2
8716 3
8717 3
8718 2
8719 3
8720 1
8721 0
8722 3
8723 1
8724 1
8725 2
8726 4
8727 1
8728 3
8729 2
8730 3
8731 0
8732 1
8733 0
8734 3
8735 0
8736 2
8737 1
8738 2
8739 0
8740 3
8741 2
8742 3
8743 0
8744 3
8745 2
8746 2
8747 3
8748 3
8749 1
8750 0
8751 0
8752 0
8753 2
8754 2
8755 0
8756 0
8757 1
8758 2
8759 4
8760 4
8761 1
8762 2
8763 3
8764 0
8765 0
8766 0
8767 2
8768 3
8769 4
8770 1
8771 4
8772 5
8773 2
8774 4
8775 2
8776 3
8777 5
8778 2
8779 3
8780 5
8781 1
8782 0
8783 0
8784 2
8785 0
8786 0
8787 1
8788 2
8789 2
8790 4
8791 1
8792 2
8793 2
8794 0
8795 3
8796 2
8797 2
8798 1
8799 5
8800 1
8801 4
8802 0
8803 0
8804 0
8805 2
8806 2
8807 1
8808 1
8809 1
8810 2
8811 3
8812 3
8813 2
8814 2
8815 3
8816 0
8817 3
8818 1
8819 5
8820 1
8821 0
8822 0
8823 2
8824 5
8825 3
8826 2
8827 4
8828 3
8829 3
8830 4
8831 2
8832 2
8833 3
8834 2
8835 0
8836 1
8837 1
8838 2
8839 1
8840 1
8841 2
8842 3
8843 3
8844 4
8845 3
8846 3
8847 2
8848 3
8849 3
8850 3
8851 1
8852 2
8853 2
8854 1
8855 1
8856 0
8857 3
8858 2
8859 2
8860 6
8861 4
8862 0
8863 2
8864 1
8865 3
8866 1
8867 0
8868 2
8869 1
8870 1
8871 2
8872 1
8873 3
8874 3
8875 2
8876 2
8877 1
8878 3
8879 1
8880 0
8881 2
8882 1
8883 1
8884 4
8885 0
8886 1
8887 2
8888 1
8889 3
8890 1
8891 5
8892 2
8893 4
8894 2
8895 3
8896 4
8897 1
8898 4
8899 2
8900 0
8901 3
8902 2
8903 3
8904 1
8905 4
8906 4
8907 3
8908 3
8909 2
8910 2
8911 1
8912 3
8913 0
8914 3
8915 1
8916 2
8917 1
8918 3
8919 1
8920 1
8921 1
8922 1
8923 1
8924 0
8925 1
8926 2
8927 2
8928 3
8929 2
8930 2
8931 3
8932 3
8933 2
8934 1
8935 3
8936 0
8937 1
8938 1
8939 1
8940 2
8941 4
8942 2
8943 2
8944 2
8945 2
8946 3
8947 3
8948 5
8949 2
8950 1
8951 1
8952 2
8953 2
8954 5
8955 2
8956 3
8957 1
8958 2
8959 3
8960 0
8961 3
8962 1
8963 2
8964 1
8965 1
8966 3
8967 1
8968 1
8969 6
8970 2
8971 1
8972 3
8973 2
8974 3
8975 1
8976 0
8977 1
8978 5
8979 4
8980 0
8981 1
8982 2
8983 1
8984 1
8985 1
8986 0
8987 3
8988 2
8989 4
8990 6
8991 3
8992 1
8993 2
8994 1
8995 1
8996 0
8997 2
8998 3
8999 1
9000 2
9001 1
9002 2
9003 2
9004 3
9005 2
9006 2
9007 1
9008 4
9009 3
9010 2
9011 2
9012 3
9013 4
9014 2
9015 0
9016 1
9017 3
9018 0
9019 5
9020 4
9021 3
9022 2
9023 2
9024 4
9025 3
9026 2
9027 1
9028 1
9029 1
9030 1
9031 2
9032 1
9033 3
9034 2
9035 1
9036 1
9037 0
9038 1
9039 4
9040 0
9041 3
9042 2
9043 1
9044 0
9045 2
9046 2
9047 1
9048 2
9049 1
9050 1
9051 5
9052 3
9053 1
9054 2
9055 1
9056 3
9057 1
9058 2
9059 2
9060 2
9061 2
9062 1
9063 3
9064 1
9065 1
9066 2
9067 0
9068 1
9069 2
9070 2
9071 1
9072 0
9073 3
9074 2
9075 1
9076 3
9077 2
9078 2
9079 1
9080 4
9081 5
9082 0
9083 3
9084 1
9085 2
9086 5
9087 2
9088 0
9089 1
9090 0
9091 3
9092 2
9093 3
9094 1
9095 3
9096 3
9097 2
9098 4
9099 0
9100 2
9101 2
9102 1
9103 3
9104 1
9105 3
9106 1
9107 0
9108 4
9109 3
9110 2
9111 3
9112 2
9113 3
9114 0
9115 2
9116 3
9117 2
9118 5
9119 2
9120 0
9121 1
9122 1
9123 1
9124 2
9125 6
9126 0
9127 0
9128 2
9129 3
9130 2
9131 0
9132 3
9133 3
9134 1
9135 1
9136 3
9137 3
9138 4
9139 6
9140 2
9141 1
9142 3
9143 2
9144 2
9145 2
9146 1
9147 2
9148 1
9149 1
9150 0
9151 2
9152 2
9153 3
9154 2
9155 3
9156 2
9157 2
9158 2
9159 1
9160 3
9161 1
9162 3
9163 3
9164 2
9165 2
9166 2
9167 3
9168 2
9169 4
9170 2
9171 0
9172 4
9173 1
9174 0
9175 5
9176 1
9177 0
9178 2
9179 2
9180 3
9181 0
9182 2
9183 1
9184 2
9185 4
9186 1
9187 2
9188 1
9189 1
9190 1
9191 1
9192 1
9193 5
9194 2
9195 1
9196 1
9197 2
9198 1
9199 2
9200 0
9201 1
9202 3
9203 3
9204 1
9205 0
9206 2
9207 1
9208 7
9209 4
9210 2
9211 2
9212 0
9213 1
9214 3
9215 2
9216 4
9217 4
9218 1
9219 3
9220 3
9221 1
9222 3
9223 1
9224 0
9225 1
9226 2
9227 3
9228 4
9229 2
9230 4
9231 5
9232 4
9233 0
9234 1
9235 2
9236 0
9237 1
9238 1
9239 3
9240 2
9241 2
9242 5
9243 1
9244 1
9245 2
9246 3
9247 0
9248 1
9249 0
9250 0
9251 1
9252 1
9253 2
9254 2
9255 1
9256 1
9257 4
9258 3
9259 1
9260 3
9261 2
9262 3
9263 3
9264 1
9265 0
9266 3
9267 2
9268 1
9269 3
9270 3
9271 1
9272 7
9273 0
9274 1
9275 4
9276 3
9277 5
9278 1
9279 0
9280 3
9281 2
9282 3
9283 1
9284 4
9285 1
9286 0
9287 3
9288 2
9289 5
9290 4
9291 4
9292 2
9293 2
9294 1
9295 1
9296 2
9297 2
9298 1
9299 6
9300 2
9301 0
9302 2
9303 1
9304 2
9305 2
9306 0
9307 3
9308 3
9309 2
9310 4
9311 2
9312 1
9313 5
9314 1
9315 1
9316 3
9317 3
9318 0
9319 2
9320 2
9321 1
9322 0
9323 1
9324 5
9325 1
9326 2
9327 0
9328 4
9329 2
9330 1
9331 4
9332 2
9333 5
9334 1
9335 3
9336 1
9337 3
9338 3
9339 2
9340 0
9341 2
9342 2
9343 1
9344 3
9345 2
9346 2
9347 2
9348 0
9349 5
9350 1
9351 2
9352 0
9353 2
9354 2
9355 0
9356 5
9357 2
9358 4
9359 3
9360 1
9361 2
9362 1
9363 3
9364 2
9365 0
9366 3
9367 3
9368 0
9369 1
9370 1
9371 2
9372 0
9373 1
9374 1
9375 4
9376 2
9377 2
9378 4
9379 2
9380 1
9381 2
9382 1
9383 3
9384 1
9385 1
9386 3
9387 1
9388 4
9389 1
9390 2
9391 3
9392 0
9393 0
9394 2
9395 1
9396 2
9397 0
9398 2
9399 3
9400 2
9401 3
9402 0
9403 1
9404 2
9405 2
9406 4
9407 1
9408 2
9409 1
9410 2
9411 2
9412 4
9413 0
9414 3
9415 2
9416 3
9417 3
9418 1
9419 2
9420 2
9421 1
9422 4
9423 0
9424 2
9425 5
9426 5
9427 2
9428 2
9429 2
9430 2
9431 0
9432 3
9433 3
9434 1
9435 2
9436 2
9437 1
9438 4
9439 2
9440 1
9441 1
9442 3
9443 2
9444 0
9445 0
9446 2
9447 4
9448 5
9449 0
9450 0
9451 3
9452 2
9453 0
9454 5
9455 1
9456 2
9457 1
9458 1
9459 1
9460 1
9461 1
9462 1
9463 2
9464 0
9465 5
9466 2
9467 2
9468 0
9469 0
9470 1
9471 2
9472 2
9473 0
9474 6
9475 4
9476 2
9477 3
9478 2
9479 1
9480 2
9481 2
9482 2
9483 0
9484 2
9485 2
9486 0
9487 3
9488 2
9489 3
9490 5
9491 6
9492 3
9493 1
9494 2
9495 1
9496 2
9497 4
9498 1
9499 1
9500 2
9501 3
9502 2
9503 1
9504 3
9505 5
9506 4
9507 3
9508 3
9509 3
9510 2
9511 2
9512 2
9513 2
9514 5
9515 1
9516 0
9517 6
9518 2
9519 2
9520 3
9521 2
9522 0
9523 1
9524 1
9525 1
9526 3
9527 1
9528 3
9529 3
9530 3
9531 2
9532 3
9533 1
9534 3
9535 4
9536 1
9537 3
9538 3
9539 1
9540 3
9541 2
9542 4
9543 3
9544 0
9545 4
9546 2
9547 4
9548 1
9549 2
9550 4
9551 4
9552 3
9553 4
9554 2
9555 2
9556 5
9557 1
9558 4
9559 0
9560 3
9561 1
9562 1
9563 0
9564 4
9565 3
9566 3
9567 2
9568 2
9569 4
9570 1
9571 1
9572 2
9573 1
9574 1
9575 4
9576 2
9577 1
9578 1
9579 5
9580 0
9581 3
9582 0
9583 4
9584 3
9585 3
9586 3
9587 0
9588 0
9589 2
9590 2
9591 1
9592 4
9593 1
9594 2
9595 4
9596 1
9597 2
9598 1
9599 0
9600 1
9601 4
9602 0
9603 2
9604 0
9605 2
9606 2
9607 1
9608 1
9609 1
9610 2
9611 2
9612 1
9613 1
9614 5
9615 1
9616 2
9617 2
9618 2
9619 2
9620 1
9621 1
9622 4
9623 3
9624 3
9625 2
9626 2
9627 2
9628 1
9629 3
9630 2
9631 1
9632 2
9633 1
9634 3
9635 3
9636 3
9637 1
9638 1
9639 3
9640 1
9641 3
9642 2
9643 0
9644 2
9645 1
9646 2
9647 3
9648 3
9649 3
9650 1
9651 2
9652 2
9653 1
9654 4
9655 2
9656 3
9657 2
9658 3
9659 3
9660 2
9661 0
9662 3
9663 3
9664 4
9665 5
9666 1
9667 1
9668 0
9669 0
9670 1
9671 1
9672 2
9673 3
9674 1
9675 2
9676 3
9677 1
9678 0
9679 3
9680 3
9681 1
9682 2
9683 1
9684 1
9685 6
9686 1
9687 1
9688 1
9689 1
9690 1
9691 1
9692 2
9693 6
9694 2
9695 2
9696 0
9697 3
9698 0
9699 4
9700 3
9701 3
9702 2
9703 4
9704 3
9705 1
9706 0
9707 0
9708 2
9709 0
9710 1
9711 2
9712 2
9713 4
9714 4
9715 0
9716 2
9717 6
9718 1
9719 3
9720 3
9721 1
9722 4
9723 2
9724 0
9725 3
9726 5
9727 3
9728 0
9729 2
9730 4
9731 2
9732 2
9733 0
9734 2
9735 3
9736 2
9737 5
9738 0
9739 0
9740 2
9741 3
9742 1
9743 1
9744 3
9745 2
9746 2
9747 4
9748 2
9749 2
9750 2
9751 4
9752 1
9753 2
9754 3
9755 5
9756 2
9757 0
9758 4
9759 0
9760 1
9761 3
9762 2
9763 2
9764 2
9765 2
9766 1
9767 2
9768 6
9769 3
9770 1
9771 1
9772 2
9773 1
9774 2
9775 1
9776 2
9777 0
9778 2
9779 6
9780 0
9781 3
9782 0
9783 2
9784 2
9785 3
9786 0
9787 0
9788 1
9789 0
9790 3
9791 4
9792 0
9793 3
9794 1
9795 2
9796 2
9797 6
9798 0
9799 2
9800 2
9801 3
9802 0
9803 1
9804 1
9805 4
9806 3
9807 0
9808 2
9809 1
9810 2
9811 1
9812 1
9813 1
9814 3
9815 2
9816 0
9817 0
9818 2
9819 3
9820 3
9821 8
9822 4
9823 3
9824 1
9825 4
9826 4
9827 0
9828 2
9829 2
9830 3
9831 1
9832 1
9833 2
9834 5
9835 1
9836 3
9837 1
9838 2
9839 3
9840 3
9841 2
9842 1
9843 2
9844 1
9845 3
9846 2
9847 1
9848 2
9849 1
9850 4
9851 4
9852 0
9853 2
9854 3
9855 2
9856 3
9857 1
9858 0
9859 4
9860 3
9861 2
9862 3
9863 3
9864 3
9865 2
9866 1
9867 4
9868 2
9869 0
9870 1
9871 2
9872 1
9873 3
9874 3
9875 1
9876 2
9877 2
9878 1
9879 0
9880 2
9881 4
9882 3
9883 0
9884 3
9885 2
9886 2
9887 1
9888 3
9889 0
9890 2
9891 5
9892 4
9893 2
9894 1
9895 3
9896 4
9897 2
9898 3
9899 1
9900 1
9901 1
9902 2
9903 2
9904 3
9905 1
9906 1
9907 3
9908 4
9909 2
9910 1
9911 4
9912 1
9913 3
9914 1
9915 4
9916 1
9917 2
9918 4
9919 1
9920 1
9921 1
9922 6
9923 1
9924 2
9925 2
9926 3
9927 3
9928 3
9929 2
9930 3
9931 3
9932 1
9933 2
9934 6
9935 1
9936 0
9937 8
9938 1
9939 2
9940 2
9941 1
9942 3
9943 5
9944 3
9945 3
9946 1
9947 2
9948 2
9949 2
9950 1
9951 2
9952 4
9953 0
9954 0
9955 3
9956 2
9957 2
9958 1
9959 0
9960 1
9961 0
9962 2
9963 0
9964 1
9965 6
9966 2
9967 2
9968 2
9969 2
9970 3
9971 4
9972 2
9973 0
9974 1
9975 3
9976 2
9977 2
9978 1
9979 1
9980 3
9981 0
9982 2
9983 1
9984 2
9985 4
9986 2
9987 0
9988 1
9989 2
9990 3
9991 3
9992 2
9993 4
9994 6
9995 2
9996 1
9997 0
9998 1
9999 0
