100 0
101 0
102 0
103 0
104 0
105 0
106 0
107 0
108 0
109 0
110 0
111 0
112 0
113 0
114 0
115 0
116 0
117 0
118 0
119 0
120 0
121 0
122 0
123 0
124 0
125 0
126 0
127 0
128 0
129 0
130 0
131 0
132 0
133 0
134 0
135 0
136 0
137 0
138 0
139 0
140 0
141 0
142 0
143 0
144 0
145 0
146 0
147 0
148 0
149 0
150 0
151 0
152 0
153 0
154 0
155 0
156 0
157 0
158 0
159 0
160 0
161 0
162 0
163 0
164 0
165 0
166 0
167 0
168 0
169 0
170 0
171 0
172 0
173 0
174 0
175 0
176 0
177 0
178 0
179 0
180 0
181 0
182 0
183 0
184 0
185 0
186 0
187 0
188 0
189 0
190 0
191 0
192 0
193 0
194 0
195 0
196 0
197 0
198 0
199 0
200 0
201 0
202 0
203 0
204 0
205 0
206 0
207 0
208 0
209 0
210 0
211 0
212 0
213 0
214 0
215 0
216 0
217 0
218 0
219 0
220 0
221 0
222 0
223 0
224 0
225 0
226 0
227 0
228 0
229 0
230 0
231 0
232 0
233 0
234 0
235 0
236 0
237 0
238 0
239 0
240 0
241 0
242 0
243 0
244 0
245 1
246 1
247 1
248 1
249 1
250 1
251 1
252 1
253 1
254 1
255 1
256 1
257 1
258 1
259 1
260 1
261 1
262 1
263 1
264 1
265 1
266 1
267 1
268 1
269 1
270 1
271 1
272 1
273 1
274 1
275 1
276 1
277 1
278 1
279 1
280 1
281 1
282 1
283 1
284 1
285 1
286 1
287 1
288 1
289 1
290 1
291 1
292 1
293 1
294 1
295 1
296 1
297 1
298 1
299 1
300 1
301 1
302 1
303 1
304 1
305 1
306 1
307 1
308 1
309 1
310 1
311 1
312 1
313 1
314 1
315 1
316 1
317 1
318 1
319 1
320 1
321 1
322 1
323 1
324 1
325 1
326 1
327 1
328 1
329 1
330 1
331 1
332 1
333 1
334 1
335 1
336 1
337 1
338 1
339 1
340 1
341 1
342 1
343 1
344 1
345 1
346 1
347 1
348 1
349 1
350 1
351 1
352 1
353 1
354 1
355 1
356 1
357 1
358 1
359 1
360 1
361 1
362 1
363 1
364 1
365 1
366 1
367 1
368 1
369 1
370 1
371 1
372 1
373 1
374 1
375 1
376 1
377 1
378 1
379 1
380 1
381 1
382 1
383 1
384 1
385 1
386 1
387 1
388 1
389 1
390 1
391 1
392 1
393 1
394 1
395 1
396 1
397 1
398 1
399 1
400 1
401 1
402 1
403 1
404 1
405 1
406 1
407 1
408 1
409 1
410 1
411 1
412 1
413 1
414 1
415 1
416 1
417 1
418 1
419 1
420 1
421 1
422 1
423 1
424 1
425 1
426 1
427 1
428 1
429 1
430 1
431 1
432 1
433 1
434 1
435 1
436 1
437 1
438 1
439 1
440 1
441 1
442 1
443 1
444 1
445 1
446 1
447 1
448 1
449 1
450 1
451 1
452 1
453 1
454 1
455 1
456 1
457 1
458 1
459 1
460 1
461 1
462 1
463 1
464 1
465 1
466 1
467 1
468 1
469 1
470 1
471 1
472 1
473 1
474 1
475 1
476 1
477 1
478 1
479 1
480 1
481 1
482 1
483 1
484 1
485 1
486 1
487 1
488 1
489 1
490 1
491 1
492 1
493 1
494 1
495 1
496 1
497 1
498 1
499 1
500 1
501 1
502 1
503 1
504 1
505 1
506 1
507 1
508 1
509 1
510 1
511 1
512 1
513 1
514 1
515 1
516 1
517 1
518 1
519 1
520 1
521 1
522 1
523 1
524 1
525 1
526 1
527 1
528 1
529 1
530 1
531 1
532 1
533 1
534 1
535 1
536 1
537 1
538 1
539 1
540 1
541 1
542 1
543 1
544 1
545 1
546 1
547 1
548 1
549 1
550 1
551 1
552 1
553 1
554 1
555 1
556 1
557 1
558 1
559 1
560 1
561 1
562 1
563 1
564 1
565 1
566 1
567 1
568 1
569 1
570 1
571 1
572 1
573 1
574 1
575 1
576 1
577 1
578 1
579 1
580 1
581 1
582 1
583 1
584 1
585 1
586 1
587 1
588 1
589 1
590 1
591 1
592 1
593 1
594 1
595 1
596 1
597 1
598 1
599 1
600 1
601 1
602 1
603 1
604 1
605 1
606 1
607 1
608 1
609 1
610 1
611 1
612 1
613 1
614 1
615 1
616 1
617 1
618 1
619 1
620 1
621 1
622 1
623 1
624 1
625 1
626 1
627 1
628 1
629 1
630 1
631 1
632 1
633 1
634 1
635 1
636 1
637 1
638 1
639 1
640 1
641 1
642 1
643 1
644 1
645 1
646 1
647 1
648 1
649 1
650 1
651 1
652 1
653 1
654 1
655 1
656 1
657 1
658 1
659 1
660 1
661 1
662 1
663 1
664 1
665 1
666 1
667 1
668 1
669 1
670 1
671 1
672 1
673 1
674 1
675 1
676 1
677 1
678 1
679 1
680 1
681 1
682 1
683 1
684 1
685 1
686 1
687 1
688 1
689 1
690 1
691 1
692 1
693 1
694 1
695 1
696 1
697 1
698 1
699 1
700 1
701 1
702 1
703 1
704 1
705 1
706 1
707 1
708 1
709 1
710 1
711 1
712 1
713 1
714 1
715 1
716 1
717 1
718 1
719 1
720 1
721 1
722 1
723 1
724 1
725 1
726 1
727 1
728 1
729 1
730 1
731 1
732 1
733 1
734 1
735 1
736 1
737 1
738 1
739 1
740 1
741 1
742 1
743 1
744 1
745 1
746 1
747 1
748 1
749 1
750 1
751 1
752 1
753 1
754 1
755 1
756 1
757 1
758 1
759 1
760 1
761 1
762 1
763 1
764 1
765 1
766 1
767 1
768 1
769 1
770 1
771 1
772 1
773 1
774 1
775 1
776 1
777 1
778 1
779 1
780 1
781 1
782 1
783 1
784 1
785 1
786 1
787 1
788 1
789 1
790 1
791 1
792 1
793 1
794 1
795 1
796 1
797 1
798 1
799 1
800 1
801 1
802 1
803 1
804 1
805 1
806 1
807 1
808 1
809 1
810 1
811 1
812 1
813 1
814 1
815 1
816 1
817 1
818 1
819 1
820 1
821 1
822 1
823 1
824 1
825 1
826 1
827 1
828 1
829 1
830 1
831 1
832 1
833 1
834 1
835 1
836 1
837 1
838 1
839 1
840 1
841 1
842 1
843 1
844 1
845 1
846 1
847 1
848 1
849 1
850 1
851 1
852 1
853 1
854 1
855 1
856 1
857 1
858 1
859 1
860 1
861 1
862 1
863 1
864 1
865 1
866 1
867 1
868 1
869 1
870 1
871 1
872 1
873 1
874 1
875 1
876 1
877 1
878 1
879 1
880 1
881 1
882 1
883 1
884 1
885 1
886 1
887 1
888 1
889 1
890 1
891 1
892 1
893 1
894 1
895 1
896 1
897 1
898 1
899 1
900 1
901 1
902 1
903 1
904 1
905 1
906 1
907 1
908 1
909 1
910 1
911 1
912 1
913 1
914 1
915 1
916 1
917 1
918 1
919 1
920 1
921 1
922 1
923 1
924 1
925 1
926 1
927 1
928 1
929 1
930 1
931 1
932 1
933 1
934 1
935 1
936 1
937 1
938 1
939 1
940 1
941 1
942 1
943 1
944 1
945 1
946 1
947 1
948 1
949 1
950 1
951 1
952 1
953 1
954 1
955 1
956 1
957 1
958 1
959 1
960 1
961 1
962 1
963 1
964 1
965 1
966 1
967 1
968 1
969 1
970 1
971 1
972 1
973 1
974 1
975 1
976 1
977 1
978 1
979 1
980 1
981 1
982 1
983 1
984 1
985 1
986 1
987 1
988 1
989 1
990 1
991 1
992 1
993 1
994 1
995 1
996 1
997 1
998 1
999 1
1000 1
1001 1
1002 1
1003 1
1004 1
1005 1
1006 1
1007 1
1008 1
1009 1
1010 1
1011 1
1012 1
1013 1
1014 1
1015 1
1016 1
1017 1
1018 1
1019 1
1020 1
1021 1
1022 1
1023 1
1024 1
1025 1
1026 1
1027 1
1028 1
1029 1
1030 1
1031 1
1032 1
1033 1
1034 1
1035 1
1036 1
1037 1
1038 1
1039 1
1040 1
1041 1
1042 1
1043 1
1044 1
1045 1
1046 1
1047 1
1048 1
1049 1
1050 1
1051 1
1052 1
1053 1
1054 1
1055 1
1056 1
1057 1
1058 1
1059 1
1060 1
1061 1
1062 1
1063 1
1064 1
1065 1
1066 1
1067 1
1068 1
1069 1
1070 1
1071 1
1072 1
1073 1
1074 1
1075 1
1076 1
1077 1
1078 1
1079 1
1080 1
1081 1
1082 1
1083 1
1084 1
1085 1
1086 1
1087 1
1088 1
1089 1
1090 1
1091 1
1092 1
1093 1
1094 1
1095 1
1096 1
1097 1
1098 1
1099 1
1100 1
1101 1
1102 1
1103 1
1104 1
1105 1
1106 1
1107 1
1108 1
1109 1
1110 1
1111 1
1112 1
1113 1
1114 1
1115 1
1116 1
1117 1
1118 1
1119 1
1120 1
1121 1
1122 1
1123 1
1124 1
1125 1
1126 1
1127 1
1128 1
1129 1
1130 1
1131 1
1132 1
1133 1
1134 1
1135 1
1136 1
1137 1
1138 1
1139 1
1140 1
1141 1
1142 1
1143 1
1144 1
1145 1
1146 1
1147 1
1148 1
1149 1
1150 1
1151 1
1152 1
1153 1
1154 1
1155 1
1156 1
1157 1
1158 1
1159 1
1160 1
1161 1
1162 1
1163 1
1164 1
1165 1
1166 1
1167 1
1168 1
1169 1
1170 1
1171 1
1172 1
1173 1
1174 1
1175 1
1176 1
1177 1
1178 1
1179 1
1180 1
1181 1
1182 1
1183 1
1184 1
1185 1
1186 1
1187 1
1188 1
1189 1
1190 1
1191 1
1192 1
1193 1
1194 1
1195 1
1196 1
1197 1
1198 2
1199 2
1200 2
1201 2
1202 2
1203 2
1204 2
1205 2
1206 2
1207 2
1208 2
1209 2
1210 2
1211 2
1212 2
1213 2
1214 2
1215 2
1216 2
1217 2
1218 2
1219 2
1220 2
1221 2
1222 2
1223 2
1224 2
1225 2
1226 2
1227 2
1228 2
1229 2
1230 2
1231 2
1232 2
1233 2
1234 2
1235 2
1236 2
1237 2
1238 2
1239 2
1240 2
1241 2
1242 2
1243 2
1244 2
1245 2
1246 2
1247 2
1248 2
1249 2
1250 2
1251 2
1252 2
1253 2
1254 2
1255 2
1256 2
1257 2
1258 2
1259 2
1260 2
1261 2
1262 2
1263 2
1264 2
1265 2
1266 2
1267 2
1268 2
1269 2
1270 2
1271 2
1272 2
1273 2
1274 2
1275 2
1276 2
1277 2
1278 2
1279 2
1280 2
1281 2
1282 2
1283 2
1284 2
1285 2
1286 2
1287 2
1288 2
1289 2
1290 2
1291 2
1292 2
1293 2
1294 2
1295 2
1296 2
1297 2
1298 2
1299 2
1300 2
1301 2
1302 2
1303 2
1304 2
1305 2
1306 2
1307 2
1308 2
1309 2
1310 2
1311 2
1312 2
1313 2
1314 2
1315 2
1316 2
1317 2
1318 2
1319 2
1320 2
1321 2
1322 2
1323 2
1324 2
1325 2
1326 2
1327 2
1328 2
1329 2
1330 2
1331 2
1332 2
1333 2
1334 2
1335 2
1336 2
1337 2
1338 2
1339 2
1340 2
1341 2
1342 2
1343 2
1344 2
1345 2
1346 2
1347 2
1348 2
1349 2
1350 2
1351 2
1352 2
1353 2
1354 2
1355 2
1356 2
1357 2
1358 2
1359 2
1360 2
1361 2
1362 2
1363 2
1364 2
1365 2
1366 2
1367 2
1368 2
1369 2
1370 2
1371 2
1372 2
1373 2
1374 2
1375 2
1376 2
1377 2
1378 2
1379 2
1380 2
1381 2
1382 2
1383 2
1384 2
1385 2
1386 2
1387 2
1388 2
1389 2
1390 2
1391 2
1392 2
1393 2
1394 2
1395 2
1396 2
1397 2
1398 2
1399 2
1400 2
1401 2
1402 2
1403 2
1404 2
1405 2
1406 2
1407 2
1408 2
1409 2
1410 2
1411 2
1412 2
1413 2
1414 2
1415 2
1416 2
1417 2
1418 2
1419 2
1420 2
1421 2
1422 2
1423 2
1424 2
1425 2
1426 2
1427 2
1428 3
1429 3
1430 3
1431 3
1432 3
1433 3
1434 3
1435 3
1436 3
1437 3
1438 3
1439 3
1440 3
1441 3
1442 3
1443 3
1444 3
1445 3
1446 3
1447 3
1448 3
1449 3
1450 3
1451 3
1452 3
1453 3
1454 3
1455 3
1456 3
1457 3
1458 3
1459 3
1460 3
1461 3
1462 3
1463 3
1464 3
1465 3
1466 3
1467 3
1468 3
1469 3
1470 3
1471 3
1472 3
1473 3
1474 3
1475 3
1476 3
1477 3
1478 3
1479 3
1480 3
1481 3
1482 3
1483 3
1484 3
1485 3
1486 3
1487 3
1488 3
1489 3
1490 3
1491 3
1492 3
1493 3
1494 3
1495 3
1496 3
1497 3
1498 3
1499 3
1500 3
1501 3
1502 3
1503 3
1504 3
1505 3
1506 3
1507 3
1508 3
1509 3
1510 3
1511 3
1512 3
1513 3
1514 3
1515 3
1516 3
1517 3
1518 3
1519 3
1520 3
1521 3
1522 3
1523 3
1524 3
1525 3
1526 3
1527 3
1528 3
1529 3
1530 3
1531 3
1532 3
1533 3
1534 3
1535 3
1536 3
1537 3
1538 3
1539 3
1540 3
1541 3
1542 3
1543 3
1544 3
1545 3
1546 3
1547 3
1548 3
1549 3
1550 3
1551 3
1552 3
1553 3
1554 3
1555 3
1556 3
1557 3
1558 3
1559 3
1560 3
1561 3
1562 3
1563 3
1564 3
1565 3
1566 3
1567 3
1568 3
1569 3
1570 3
1571 3
1572 3
1573 3
1574 3
1575 3
1576 3
1577 3
1578 3
1579 3
1580 3
1581 3
1582 3
1583 3
1584 3
1585 3
1586 3
1587 3
1588 3
1589 3
1590 3
1591 3
1592 3
1593 3
1594 3
1595 3
1596 3
1597 3
1598 3
1599 3
1600 3
1601 3
1602 3
1603 3
1604 3
1605 3
1606 3
1607 3
1608 3
1609 3
1610 3
1611 3
1612 3
1613 3
1614 3
1615 3
1616 3
1617 3
1618 3
1619 3
1620 3
1621 3
1622 3
1623 3
1624 3
1625 3
1626 3
1627 3
1628 3
1629 3
1630 3
1631 3
1632 3
1633 3
1634 3
1635 3
1636 3
1637 3
1638 3
1639 3
1640 3
1641 3
1642 3
1643 3
1644 3
1645 3
1646 3
1647 3
1648 3
1649 3
1650 3
1651 3
1652 3
1653 3
1654 3
1655 3
1656 3
1657 3
1658 3
1659 3
1660 3
1661 3
1662 3
1663 3
1664 3
1665 3
1666 3
1667 3
1668 3
1669 3
1670 3
1671 3
1672 3
1673 3
1674 3
1675 3
1676 3
1677 3
1678 3
1679 3
1680 3
1681 3
1682 3
1683 3
1684 3
1685 3
1686 3
1687 3
1688 3
1689 3
1690 3
1691 3
1692 3
1693 3
1694 3
1695 3
1696 3
1697 3
1698 3
1699 3
1700 3
1701 3
1702 3
1703 3
1704 3
1705 3
1706 3
1707 3
1708 3
1709 3
1710 3
1711 3
1712 3
1713 3
1714 3
1715 3
1716 3
1717 3
1718 3
1719 3
1720 3
1721 3
1722 3
1723 3
1724 3
1725 3
1726 3
1727 3
1728 3
1729 3
1730 3
1731 3
1732 3
1733 3
1734 3
1735 3
1736 3
1737 3
1738 3
1739 3
1740 3
1741 3
1742 3
1743 3
1744 3
1745 3
1746 3
1747 3
1748 3
1749 3
1750 3
1751 3
1752 3
1753 3
1754 3
1755 3
1756 3
1757 3
1758 3
1759 3
1760 3
1761 3
1762 3
1763 3
1764 3
1765 3
1766 3
1767 3
1768 3
1769 3
1770 3
1771 3
1772 3
1773 3
1774 3
1775 3
1776 3
1777 3
1778 3
1779 3
1780 3
1781 3
1782 3
1783 3
1784 3
1785 3
1786 3
1787 3
1788 3
1789 3
1790 3
1791 3
1792 3
1793 3
1794 3
1795 3
1796 3
1797 3
1798 3
1799 3
1800 3
1801 3
1802 3
1803 3
1804 3
1805 3
1806 3
1807 3
1808 3
1809 3
1810 3
1811 3
1812 3
1813 3
1814 3
1815 3
1816 3
1817 3
1818 3
1819 3
1820 3
1821 3
1822 3
1823 3
1824 3
1825 3
1826 3
1827 3
1828 3
1829 3
1830 3
1831 3
1832 3
1833 3
1834 3
1835 3
1836 3
1837 3
1838 3
1839 3
1840 3
1841 3
1842 3
1843 3
1844 3
1845 3
1846 3
1847 3
1848 3
1849 3
1850 3
1851 3
1852 3
1853 3
1854 3
1855 3
1856 3
1857 3
1858 3
1859 3
1860 3
1861 3
1862 3
1863 3
1864 3
1865 3
1866 3
1867 3
1868 3
1869 3
1870 3
1871 3
1872 3
1873 3
1874 3
1875 3
1876 3
1877 3
1878 3
1879 3
1880 3
1881 3
1882 3
1883 3
1884 3
1885 3
1886 3
1887 3
1888 3
1889 3
1890 3
1891 3
1892 3
1893 3
1894 3
1895 3
1896 3
1897 3
1898 3
1899 3
1900 3
1901 3
1902 3
1903 3
1904 3
1905 3
1906 3
1907 3
1908 3
1909 3
1910 3
1911 3
1912 3
1913 3
1914 3
1915 3
1916 3
1917 3
1918 3
1919 3
1920 3
1921 3
1922 3
1923 3
1924 3
1925 3
1926 3
1927 3
1928 3
1929 3
1930 3
1931 3
1932 3
1933 3
1934 3
1935 3
1936 3
1937 3
1938 3
1939 3
1940 3
1941 3
1942 3
1943 3
1944 3
1945 3
1946 3
1947 3
1948 3
1949 3
1950 3
1951 3
1952 3
1953 3
1954 3
1955 3
1956 3
1957 3
1958 3
1959 3
1960 3
1961 3
1962 3
1963 3
1964 3
1965 3
1966 3
1967 3
1968 3
1969 3
1970 3
1971 3
1972 3
1973 3
1974 3
1975 3
1976 3
1977 3
1978 3
1979 3
1980 3
1981 3
1982 3
1983 3
1984 3
1985 3
1986 3
1987 3
1988 3
1989 3
1990 4
1991 4
1992 4
1993 4
1994 4
1995 4
1996 4
1997 4
1998 4
1999 4
2000 4
2001 4
2002 4
2003 4
2004 4
2005 4
2006 4
2007 4
2008 4
2009 4
2010 4
2011 4
2012 4
2013 4
2014 4
2015 4
2016 4
2017 4
2018 4
2019 4
2020 4
2021 4
2022 4
2023 4
2024 4
2025 4
2026 4
2027 4
2028 4
2029 4
2030 4
2031 4
2032 4
2033 4
2034 4
2035 4
2036 4
2037 4
2038 4
2039 4
2040 4
2041 4
2042 4
2043 4
2044 4
2045 4
2046 4
2047 4
2048 4
2049 4
2050 4
2051 4
2052 4
2053 4
2054 4
2055 4
2056 4
2057 4
2058 4
2059 4
2060 4
2061 4
2062 4
2063 4
2064 4
2065 4
2066 4
2067 4
2068 4
2069 4
2070 4
2071 4
2072 4
2073 4
2074 4
2075 4
2076 4
2077 4
2078 4
2079 4
2080 4
2081 4
2082 4
2083 4
2084 4
2085 4
2086 4
2087 4
2088 4
2089 4
2090 4
2091 4
2092 4
2093 4
2094 4
2095 4
2096 4
2097 4
2098 4
2099 4
2100 4
2101 4
2102 4
2103 4
2104 4
2105 4
2106 4
2107 4
2108 4
2109 4
2110 4
2111 4
2112 4
2113 4
2114 4
2115 4
2116 4
2117 4
2118 4
2119 4
2120 4
2121 4
2122 4
2123 4
2124 4
2125 4
2126 4
2127 4
2128 4
2129 4
2130 4
2131 4
2132 4
2133 4
2134 4
2135 4
2136 4
2137 4
2138 4
2139 4
2140 4
2141 4
2142 4
2143 4
2144 4
2145 4
2146 4
2147 4
2148 4
2149 4
2150 4
2151 4
2152 4
2153 4
2154 4
2155 4
2156 4
2157 4
2158 4
2159 4
2160 4
2161 4
2162 4
2163 4
2164 4
2165 4
2166 4
2167 4
2168 4
2169 4
2170 4
2171 4
2172 4
2173 4
2174 4
2175 4
2176 4
2177 4
2178 4
2179 4
2180 4
2181 4
2182 4
2183 4
2184 4
2185 4
2186 4
2187 4
2188 4
2189 4
2190 4
2191 4
2192 4
2193 4
2194 4
2195 4
2196 4
2197 4
2198 4
2199 4
2200 4
2201 4
2202 4
2203 4
2204 4
2205 4
2206 4
2207 4
2208 4
2209 4
2210 4
2211 4
2212 4
2213 4
2214 4
2215 4
2216 4
2217 4
2218 4
2219 5
2220 5
2221 5
2222 5
2223 5
2224 5
2225 5
2226 5
2227 5
2228 5
2229 5
2230 5
2231 5
2232 5
2233 5
2234 5
2235 5
2236 5
2237 5
2238 5
2239 5
2240 5
2241 5
2242 5
2243 5
2244 5
2245 5
2246 5
2247 5
2248 5
2249 5
2250 5
2251 5
2252 5
2253 5
2254 5
2255 5
2256 5
2257 5
2258 5
2259 5
2260 5
2261 5
2262 5
2263 5
2264 5
2265 5
2266 5
2267 5
2268 5
2269 5
2270 5
2271 5
2272 5
2273 5
2274 5
2275 5
2276 5
2277 5
2278 5
2279 5
2280 5
2281 5
2282 5
2283 5
2284 5
2285 5
2286 5
2287 5
2288 5
2289 5
2290 5
2291 5
2292 5
2293 5
2294 5
2295 5
2296 5
2297 5
2298 5
2299 5
2300 5
2301 5
2302 5
2303 5
2304 5
2305 5
2306 5
2307 5
2308 5
2309 5
2310 5
2311 5
2312 5
2313 5
2314 5
2315 5
2316 5
2317 5
2318 5
2319 5
2320 5
2321 5
2322 5
2323 5
2324 5
2325 5
2326 5
2327 5
2328 5
2329 5
2330 5
2331 5
2332 5
2333 5
2334 5
2335 5
2336 5
2337 5
2338 5
2339 5
2340 5
2341 5
2342 5
2343 5
2344 5
2345 5
2346 5
2347 5
2348 5
2349 5
2350 5
2351 5
2352 5
2353 5
2354 5
2355 5
2356 5
2357 5
2358 5
2359 5
2360 5
2361 5
2362 5
2363 5
2364 5
2365 5
2366 5
2367 5
2368 5
2369 5
2370 5
2371 5
2372 5
2373 5
2374 5
2375 5
2376 5
2377 5
2378 5
2379 5
2380 5
2381 5
2382 5
2383 5
2384 5
2385 5
2386 5
2387 5
2388 5
2389 5
2390 5
2391 5
2392 5
2393 5
2394 5
2395 5
2396 5
2397 5
2398 5
2399 5
2400 5
2401 5
2402 5
2403 5
2404 5
2405 5
2406 5
2407 5
2408 5
2409 5
2410 5
2411 5
2412 5
2413 5
2414 5
2415 5
2416 5
2417 5
2418 5
2419 5
2420 5
2421 5
2422 5
2423 5
2424 5
2425 5
2426 5
2427 5
2428 5
2429 5
2430 5
2431 5
2432 5
2433 5
2434 5
2435 5
2436 5
2437 5
2438 5
2439 5
2440 5
2441 5
2442 5
2443 5
2444 5
2445 5
2446 5
2447 5
2448 5
2449 5
2450 5
2451 5
2452 5
2453 5
2454 5
2455 5
2456 5
2457 5
2458 5
2459 5
2460 5
2461 5
2462 5
2463 5
2464 5
2465 5
2466 5
2467 5
2468 5
2469 5
2470 5
2471 5
2472 5
2473 5
2474 5
2475 5
2476 5
2477 5
2478 5
2479 5
2480 5
2481 5
2482 5
2483 5
2484 5
2485 5
2486 5
2487 5
2488 5
2489 5
2490 5
2491 5
2492 5
2493 5
2494 5
2495 5
2496 5
2497 5
2498 5
2499 5
2500 5
2501 5
2502 5
2503 5
2504 5
2505 5
2506 5
2507 5
2508 5
2509 5
2510 5
2511 5
2512 5
2513 5
2514 5
2515 5
2516 5
2517 5
2518 5
2519 5
2520 5
2521 5
2522 5
2523 5
2524 5
2525 5
2526 5
2527 5
2528 5
2529 5
2530 5
2531 5
2532 5
2533 5
2534 5
2535 5
2536 5
2537 5
2538 5
2539 5
2540 5
2541 5
2542 5
2543 5
2544 5
2545 5
2546 5
2547 5
2548 5
2549 5
2550 5
2551 5
2552 5
2553 5
2554 5
2555 5
2556 5
2557 5
2558 5
2559 5
2560 5
2561 5
2562 5
2563 5
2564 5
2565 5
2566 5
2567 5
2568 5
2569 5
2570 5
2571 5
2572 5
2573 5
2574 5
2575 5
2576 5
2577 5
2578 5
2579 5
2580 5
2581 5
2582 5
2583 5
2584 5
2585 5
2586 5
2587 5
2588 5
2589 5
2590 5
2591 5
2592 5
2593 5
2594 5
2595 5
2596 5
2597 5
2598 5
2599 5
2600 5
2601 5
2602 5
2603 5
2604 5
2605 5
2606 5
2607 5
2608 5
2609 5
2610 5
2611 5
2612 5
2613 5
2614 5
2615 5
2616 5
2617 5
2618 5
2619 5
2620 5
2621 5
2622 5
2623 5
2624 5
2625 5
2626 5
2627 5
2628 5
2629 5
2630 5
2631 5
2632 5
2633 5
2634 5
2635 5
2636 5
2637 5
2638 5
2639 5
2640 5
2641 5
2642 5
2643 5
2644 5
2645 5
2646 5
2647 5
2648 5
2649 5
2650 5
2651 5
2652 5
2653 5
2654 5
2655 5
2656 5
2657 5
2658 5
2659 5
2660 5
2661 5
2662 5
2663 5
2664 5
2665 5
2666 5
2667 5
2668 5
2669 5
2670 5
2671 5
2672 5
2673 5
2674 5
2675 5
2676 5
2677 5
2678 5
2679 5
2680 5
2681 5
2682 5
2683 5
2684 5
2685 5
2686 5
2687 5
2688 5
2689 5
2690 5
2691 5
2692 5
2693 5
2694 5
2695 5
2696 5
2697 5
2698 5
2699 5
2700 5
2701 5
2702 5
2703 5
2704 5
2705 5
2706 5
2707 5
2708 5
2709 5
2710 5
2711 5
2712 5
2713 5
2714 5
2715 5
2716 5
2717 5
2718 5
2719 5
2720 5
2721 5
2722 5
2723 5
2724 5
2725 5
2726 5
2727 5
2728 5
2729 5
2730 5
2731 5
2732 5
2733 5
2734 5
2735 5
2736 5
2737 5
2738 5
2739 5
2740 5
2741 5
2742 5
2743 5
2744 5
2745 5
2746 5
2747 5
2748 5
2749 5
2750 5
2751 5
2752 5
2753 5
2754 5
2755 5
2756 5
2757 5
2758 5
2759 5
2760 5
2761 5
2762 5
2763 5
2764 5
2765 5
2766 5
2767 5
2768 5
2769 5
2770 5
2771 5
2772 5
2773 5
2774 5
2775 5
2776 5
2777 5
2778 5
2779 5
2780 5
2781 5
2782 5
2783 5
2784 5
2785 5
2786 5
2787 5
2788 5
2789 5
2790 5
2791 5
2792 5
2793 5
2794 5
2795 5
2796 5
2797 5
2798 5
2799 5
2800 5
2801 5
2802 5
2803 5
2804 5
2805 5
2806 5
2807 5
2808 5
2809 5
2810 5
2811 5
2812 5
2813 5
2814 5
2815 5
2816 5
2817 5
2818 5
2819 5
2820 5
2821 5
2822 5
2823 5
2824 5
2825 5
2826 5
2827 5
2828 5
2829 5
2830 5
2831 5
2832 5
2833 5
2834 5
2835 5
2836 5
2837 5
2838 5
2839 5
2840 5
2841 5
2842 5
2843 5
2844 5
2845 5
2846 5
2847 5
2848 5
2849 5
2850 5
2851 5
2852 5
2853 5
2854 5
2855 5
2856 5
2857 5
2858 5
2859 5
2860 5
2861 5
2862 5
2863 5
2864 5
2865 5
2866 5
2867 5
2868 5
2869 5
2870 5
2871 5
2872 5
2873 5
2874 5
2875 5
2876 5
2877 5
2878 5
2879 5
2880 5
2881 5
2882 5
2883 5
2884 5
2885 5
2886 5
2887 5
2888 5
2889 5
2890 5
2891 5
2892 5
2893 5
2894 5
2895 5
2896 5
2897 5
2898 5
2899 5
2900 5
2901 5
2902 5
2903 5
2904 5
2905 5
2906 5
2907 5
2908 5
2909 5
2910 5
2911 5
2912 5
2913 5
2914 5
2915 5
2916 5
2917 5
2918 5
2919 5
2920 5
2921 5
2922 5
2923 5
2924 5
2925 5
2926 5
2927 5
2928 5
2929 5
2930 5
2931 5
2932 5
2933 5
2934 5
2935 5
2936 5
2937 5
2938 5
2939 5
2940 5
2941 5
2942 5
2943 5
2944 5
2945 5
2946 5
2947 5
2948 5
2949 5
2950 5
2951 5
2952 5
2953 5
2954 5
2955 5
2956 5
2957 5
2958 5
2959 5
2960 5
2961 5
2962 5
2963 5
2964 5
2965 5
2966 5
2967 5
2968 5
2969 5
2970 5
2971 5
2972 5
2973 5
2974 5
2975 5
2976 5
2977 5
2978 5
2979 5
2980 5
2981 5
2982 5
2983 5
2984 5
2985 5
2986 5
2987 5
2988 5
2989 5
2990 5
2991 5
2992 5
2993 5
2994 5
2995 5
2996 5
2997 5
2998 5
2999 5
3000 5
3001 5
3002 5
3003 5
3004 5
3005 5
3006 5
3007 5
3008 5
3009 5
3010 5
3011 5
3012 5
3013 5
3014 5
3015 5
3016 5
3017 5
3018 5
3019 5
3020 5
3021 5
3022 5
3023 5
3024 5
3025 5
3026 5
3027 5
3028 5
3029 5
3030 5
3031 5
3032 5
3033 5
3034 5
3035 5
3036 5
3037 5
3038 5
3039 5
3040 5
3041 5
3042 5
3043 5
3044 5
3045 5
3046 5
3047 5
3048 5
3049 5
3050 5
3051 5
3052 5
3053 5
3054 5
3055 5
3056 5
3057 5
3058 5
3059 5
3060 5
3061 5
3062 5
3063 5
3064 5
3065 5
3066 5
3067 5
3068 5
3069 5
3070 5
3071 5
3072 5
3073 5
3074 5
3075 5
3076 5
3077 5
3078 5
3079 5
3080 5
3081 5
3082 5
3083 5
3084 5
3085 5
3086 5
3087 5
3088 5
3089 5
3090 5
3091 5
3092 5
3093 5
3094 5
3095 5
3096 5
3097 5
3098 5
3099 5
3100 5
3101 5
3102 5
3103 5
3104 5
3105 5
3106 5
3107 5
3108 5
3109 5
3110 5
3111 5
3112 5
3113 5
3114 5
3115 5
3116 5
3117 5
3118 5
3119 5
3120 5
3121 5
3122 5
3123 5
3124 5
3125 5
3126 5
3127 5
3128 5
3129 5
3130 5
3131 5
3132 5
3133 5
3134 5
3135 5
3136 5
3137 5
3138 5
3139 5
3140 5
3141 5
3142 5
3143 5
3144 5
3145 5
3146 5
3147 5
3148 5
3149 5
3150 5
3151 5
3152 5
3153 5
3154 5
3155 5
3156 5
3157 5
3158 5
3159 5
3160 5
3161 5
3162 5
3163 5
3164 5
3165 5
3166 5
3167 5
3168 5
3169 5
3170 5
3171 5
3172 5
3173 5
3174 5
3175 5
3176 5
3177 5
3178 5
3179 5
3180 5
3181 5
3182 5
3183 5
3184 5
3185 5
3186 5
3187 5
3188 5
3189 5
3190 5
3191 5
3192 5
3193 5
3194 5
3195 5
3196 5
3197 5
3198 5
3199 5
3200 5
3201 5
3202 5
3203 5
3204 5
3205 5
3206 5
3207 5
3208 5
3209 5
3210 5
3211 5
3212 5
3213 5
3214 5
3215 5
3216 5
3217 5
3218 5
3219 5
3220 5
3221 5
3222 5
3223 5
3224 5
3225 5
3226 5
3227 5
3228 5
3229 5
3230 5
3231 5
3232 5
3233 5
3234 5
3235 5
3236 5
3237 5
3238 5
3239 5
3240 5
3241 5
3242 5
3243 5
3244 5
3245 5
3246 5
3247 5
3248 5
3249 5
3250 5
3251 5
3252 5
3253 5
3254 5
3255 5
3256 5
3257 5
3258 5
3259 5
3260 5
3261 5
3262 5
3263 5
3264 5
3265 5
3266 5
3267 5
3268 5
3269 5
3270 5
3271 5
3272 5
3273 5
3274 5
3275 5
3276 5
3277 5
3278 5
3279 5
3280 5
3281 5
3282 5
3283 5
3284 5
3285 5
3286 5
3287 5
3288 5
3289 5
3290 5
3291 5
3292 5
3293 5
3294 5
3295 5
3296 5
3297 5
3298 5
3299 5
3300 5
3301 5
3302 5
3303 5
3304 5
3305 5
3306 5
3307 5
3308 5
3309 5
3310 5
3311 5
3312 5
3313 5
3314 5
3315 5
3316 5
3317 5
3318 5
3319 5
3320 5
3321 5
3322 5
3323 5
3324 5
3325 5
3326 5
3327 5
3328 5
3329 5
3330 5
3331 5
3332 5
3333 5
3334 5
3335 5
3336 5
3337 5
3338 5
3339 5
3340 5
3341 5
3342 5
3343 5
3344 5
3345 5
3346 5
3347 5
3348 5
3349 5
3350 5
3351 5
3352 5
3353 5
3354 5
3355 5
3356 5
3357 5
3358 5
3359 5
3360 5
3361 5
3362 5
3363 5
3364 5
3365 5
3366 5
3367 5
3368 5
3369 5
3370 5
3371 5
3372 5
3373 5
3374 5
3375 5
3376 5
3377 5
3378 5
3379 5
3380 5
3381 5
3382 5
3383 5
3384 5
3385 5
3386 5
3387 5
3388 5
3389 5
3390 5
3391 5
3392 5
3393 5
3394 5
3395 5
3396 5
3397 5
3398 5
3399 5
3400 5
3401 5
3402 5
3403 5
3404 5
3405 5
3406 5
3407 5
3408 5
3409 5
3410 5
3411 5
3412 5
3413 5
3414 5
3415 5
3416 5
3417 5
3418 5
3419 5
3420 5
3421 5
3422 5
3423 5
3424 5
3425 5
3426 5
3427 5
3428 5
3429 5
3430 5
3431 5
3432 5
3433 5
3434 5
3435 5
3436 5
3437 5
3438 5
3439 5
3440 5
3441 5
3442 5
3443 5
3444 5
3445 5
3446 5
3447 5
3448 5
3449 5
3450 5
3451 5
3452 5
3453 5
3454 5
3455 5
3456 5
3457 5
3458 5
3459 5
3460 5
3461 5
3462 5
3463 5
3464 5
3465 5
3466 5
3467 5
3468 5
3469 5
3470 5
3471 5
3472 5
3473 5
3474 5
3475 5
3476 5
3477 5
3478 5
3479 5
3480 5
3481 5
3482 5
3483 5
3484 5
3485 5
3486 5
3487 5
3488 5
3489 5
3490 5
3491 5
3492 5
3493 5
3494 5
3495 5
3496 5
3497 5
3498 5
3499 5
3500 5
3501 5
3502 5
3503 5
3504 5
3505 5
3506 5
3507 5
3508 5
3509 5
3510 5
3511 5
3512 5
3513 5
3514 5
3515 5
3516 5
3517 5
3518 5
3519 5
3520 5
3521 5
3522 5
3523 5
3524 5
3525 5
3526 5
3527 5
3528 5
3529 5
3530 5
3531 5
3532 5
3533 5
3534 5
3535 5
3536 5
3537 5
3538 5
3539 5
3540 5
3541 5
3542 5
3543 5
3544 5
3545 5
3546 5
3547 5
3548 5
3549 5
3550 5
3551 5
3552 5
3553 5
3554 5
3555 5
3556 5
3557 5
3558 5
3559 5
3560 5
3561 5
3562 5
3563 5
3564 5
3565 5
3566 5
3567 5
3568 5
3569 5
3570 5
3571 5
3572 5
3573 5
3574 5
3575 5
3576 5
3577 5
3578 5
3579 5
3580 5
3581 5
3582 5
3583 5
3584 5
3585 5
3586 5
3587 5
3588 5
3589 5
3590 5
3591 5
3592 5
3593 5
3594 5
3595 5
3596 5
3597 5
3598 5
3599 5
3600 5
3601 5
3602 5
3603 5
3604 5
3605 5
3606 5
3607 5
3608 5
3609 5
3610 5
3611 5
3612 5
3613 5
3614 5
3615 5
3616 5
3617 5
3618 5
3619 5
3620 5
3621 5
3622 5
3623 5
3624 5
3625 5
3626 5
3627 5
3628 5
3629 5
3630 5
3631 5
3632 5
3633 5
3634 5
3635 5
3636 5
3637 5
3638 5
3639 5
3640 5
3641 5
3642 5
3643 5
3644 5
3645 5
3646 5
3647 5
3648 5
3649 5
3650 5
3651 5
3652 5
3653 5
3654 5
3655 5
3656 5
3657 5
3658 5
3659 5
3660 5
3661 5
3662 5
3663 5
3664 5
3665 5
3666 5
3667 5
3668 5
3669 5
3670 5
3671 5
3672 5
3673 5
3674 5
3675 5
3676 5
3677 5
3678 5
3679 5
3680 5
3681 5
3682 5
3683 5
3684 5
3685 5
3686 5
3687 5
3688 5
3689 5
3690 5
3691 5
3692 5
3693 5
3694 5
3695 5
3696 5
3697 5
3698 5
3699 5
3700 5
3701 5
3702 5
3703 5
3704 5
3705 5
3706 5
3707 5
3708 5
3709 5
3710 5
3711 5
3712 5
3713 5
3714 5
3715 5
3716 5
3717 5
3718 5
3719 5
3720 5
3721 5
3722 5
3723 5
3724 5
3725 5
3726 5
3727 5
3728 5
3729 5
3730 5
3731 5
3732 5
3733 5
3734 5
3735 5
3736 5
3737 5
3738 5
3739 5
3740 5
3741 5
3742 5
3743 5
3744 5
3745 5
3746 5
3747 5
3748 5
3749 5
3750 5
3751 5
3752 5
3753 5
3754 5
3755 5
3756 5
3757 5
3758 5
3759 5
3760 5
3761 5
3762 5
3763 5
3764 5
3765 5
3766 5
3767 5
3768 6
3769 6
3770 6
3771 6
3772 6
3773 6
3774 6
3775 6
3776 6
3777 6
3778 6
3779 6
3780 6
3781 6
3782 6
3783 6
3784 6
3785 6
3786 6
3787 6
3788 6
3789 6
3790 6
3791 6
3792 6
3793 6
3794 6
3795 6
3796 6
3797 6
3798 6
3799 6
3800 6
3801 6
3802 6
3803 6
3804 6
3805 6
3806 6
3807 6
3808 6
3809 6
3810 6
3811 6
3812 6
3813 6
3814 6
3815 6
3816 6
3817 6
3818 6
3819 6
3820 6
3821 6
3822 6
3823 6
3824 6
3825 6
3826 6
3827 6
3828 6
3829 6
3830 6
3831 6
3832 6
3833 6
3834 6
3835 6
3836 6
3837 6
3838 6
3839 6
3840 6
3841 6
3842 6
3843 6
3844 6
3845 6
3846 6
3847 6
3848 6
3849 7
3850 7
3851 7
3852 7
3853 7
3854 7
3855 7
3856 7
3857 7
3858 7
3859 7
3860 7
3861 7
3862 7
3863 7
3864 7
3865 7
3866 7
3867 7
3868 7
3869 7
3870 7
3871 7
3872 7
3873 7
3874 7
3875 7
3876 7
3877 7
3878 7
3879 7
3880 7
3881 7
3882 7
3883 7
3884 7
3885 7
3886 7
3887 7
3888 7
3889 7
3890 7
3891 7
3892 7
3893 7
3894 7
3895 7
3896 7
3897 7
3898 7
3899 7
3900 7
3901 7
3902 7
3903 7
3904 7
3905 7
3906 7
3907 7
3908 7
3909 7
3910 7
3911 7
3912 7
3913 7
3914 7
3915 7
3916 7
3917 7
3918 7
3919 7
3920 7
3921 7
3922 7
3923 7
3924 7
3925 7
3926 7
3927 7
3928 7
3929 7
3930 7
3931 7
3932 7
3933 7
3934 7
3935 7
3936 7
3937 7
3938 7
3939 7
3940 7
3941 7
3942 7
3943 7
3944 7
3945 7
3946 7
3947 7
3948 7
3949 7
3950 7
3951 7
3952 7
3953 7
3954 7
3955 7
3956 7
3957 7
3958 7
3959 7
3960 7
3961 7
3962 7
3963 7
3964 7
3965 7
3966 7
3967 7
3968 7
3969 7
3970 7
3971 7
3972 7
3973 7
3974 7
3975 7
3976 7
3977 7
3978 7
3979 7
3980 7
3981 7
3982 7
3983 7
3984 7
3985 7
3986 7
3987 7
3988 7
3989 7
3990 7
3991 7
3992 7
3993 7
3994 7
3995 7
3996 7
3997 7
3998 7
3999 7
4000 7
4001 7
4002 7
4003 7
4004 7
4005 7
4006 7
4007 7
4008 7
4009 7
4010 7
4011 7
4012 7
4013 7
4014 7
4015 7
4016 7
4017 7
4018 7
4019 7
4020 7
4021 7
4022 7
4023 7
4024 7
4025 7
4026 7
4027 7
4028 7
4029 7
4030 7
4031 7
4032 7
4033 7
4034 7
4035 7
4036 7
4037 7
4038 7
4039 7
4040 7
4041 7
4042 7
4043 7
4044 7
4045 7
4046 7
4047 7
4048 7
4049 7
4050 7
4051 7
4052 7
4053 7
4054 7
4055 7
4056 7
4057 7
4058 7
4059 7
4060 7
4061 7
4062 7
4063 7
4064 7
4065 7
4066 7
4067 7
4068 7
4069 7
4070 7
4071 7
4072 7
4073 7
4074 7
4075 7
4076 7
4077 7
4078 7
4079 7
4080 7
4081 7
4082 7
4083 7
4084 7
4085 7
4086 7
4087 7
4088 7
4089 7
4090 7
4091 7
4092 8
4093 8
4094 8
4095 8
4096 8
4097 8
4098 8
4099 8
4100 8
4101 8
4102 8
4103 8
4104 8
4105 8
4106 8
4107 8
4108 8
4109 8
4110 8
4111 8
4112 8
4113 8
4114 8
4115 8
4116 8
4117 8
4118 8
4119 8
4120 8
4121 8
4122 8
4123 8
4124 8
4125 8
4126 8
4127 8
4128 8
4129 8
4130 8
4131 8
4132 8
4133 8
4134 8
4135 8
4136 8
4137 8
4138 8
4139 8
4140 8
4141 8
4142 8
4143 8
4144 8
4145 8
4146 8
4147 8
4148 8
4149 8
4150 8
4151 8
4152 8
4153 8
4154 8
4155 8
4156 8
4157 8
4158 8
4159 8
4160 8
4161 8
4162 8
4163 8
4164 8
4165 8
4166 8
4167 8
4168 8
4169 8
4170 8
4171 8
4172 8
4173 8
4174 8
4175 8
4176 8
4177 8
4178 8
4179 8
4180 8
4181 8
4182 8
4183 8
4184 8
4185 8
4186 8
4187 8
4188 8
4189 8
4190 8
4191 8
4192 8
4193 8
4194 8
4195 8
4196 8
4197 8
4198 8
4199 8
4200 8
4201 8
4202 8
4203 8
4204 8
4205 8
4206 8
4207 8
4208 8
4209 8
4210 8
4211 8
4212 8
4213 8
4214 8
4215 8
4216 8
4217 8
4218 8
4219 8
4220 8
4221 8
4222 8
4223 8
4224 8
4225 8
4226 8
4227 8
4228 8
4229 8
4230 8
4231 8
4232 8
4233 8
4234 8
4235 8
4236 8
4237 8
4238 8
4239 8
4240 8
4241 8
4242 8
4243 8
4244 8
4245 8
4246 8
4247 8
4248 8
4249 8
4250 8
4251 8
4252 8
4253 8
4254 8
4255 8
4256 8
4257 8
4258 8
4259 8
4260 8
4261 8
4262 8
4263 8
4264 8
4265 8
4266 8
4267 8
4268 8
4269 8
4270 8
4271 8
4272 8
4273 8
4274 8
4275 8
4276 8
4277 8
4278 8
4279 8
4280 8
4281 8
4282 8
4283 8
4284 8
4285 8
4286 8
4287 8
4288 8
4289 8
4290 8
4291 8
4292 8
4293 8
4294 8
4295 8
4296 8
4297 8
4298 8
4299 8
4300 8
4301 8
4302 8
4303 8
4304 8
4305 8
4306 8
4307 8
4308 8
4309 8
4310 8
4311 8
4312 8
4313 8
4314 8
4315 8
4316 8
4317 8
4318 8
4319 8
4320 8
4321 8
4322 8
4323 8
4324 8
4325 8
4326 8
4327 8
4328 8
4329 8
4330 8
4331 8
4332 8
4333 8
4334 8
4335 8
4336 8
4337 8
4338 8
4339 8
4340 8
4341 8
4342 8
4343 8
4344 8
4345 8
4346 8
4347 8
4348 8
4349 8
4350 8
4351 8
4352 8
4353 8
4354 8
4355 8
4356 8
4357 8
4358 8
4359 8
4360 8
4361 8
4362 8
4363 8
4364 8
4365 8
4366 8
4367 8
4368 8
4369 8
4370 8
4371 8
4372 8
4373 8
4374 8
4375 8
4376 8
4377 8
4378 8
4379 8
4380 8
4381 8
4382 8
4383 8
4384 8
4385 8
4386 8
4387 8
4388 8
4389 8
4390 8
4391 8
4392 8
4393 8
4394 8
4395 8
4396 8
4397 8
4398 8
4399 8
4400 8
4401 8
4402 8
4403 8
4404 8
4405 8
4406 8
4407 8
4408 8
4409 8
4410 8
4411 8
4412 8
4413 8
4414 8
4415 8
4416 8
4417 8
4418 8
4419 8
4420 8
4421 8
4422 8
4423 8
4424 8
4425 8
4426 8
4427 8
4428 8
4429 8
4430 8
4431 8
4432 8
4433 8
4434 8
4435 8
4436 8
4437 8
4438 8
4439 8
4440 8
4441 8
4442 8
4443 8
4444 8
4445 8
4446 8
4447 8
4448 8
4449 8
4450 8
4451 8
4452 8
4453 8
4454 8
4455 8
4456 8
4457 8
4458 8
4459 8
4460 8
4461 8
4462 8
4463 8
4464 8
4465 8
4466 8
4467 8
4468 8
4469 8
4470 8
4471 8
4472 8
4473 8
4474 8
4475 8
4476 8
4477 8
4478 8
4479 8
4480 8
4481 8
4482 8
4483 8
4484 8
4485 8
4486 8
4487 8
4488 8
4489 8
4490 8
4491 8
4492 8
4493 8
4494 8
4495 8
4496 8
4497 8
4498 8
4499 8
4500 8
4501 8
4502 8
4503 8
4504 8
4505 8
4506 8
4507 8
4508 8
4509 8
4510 8
4511 8
4512 8
4513 8
4514 8
4515 8
4516 8
4517 8
4518 8
4519 8
4520 8
4521 8
4522 8
4523 8
4524 8
4525 8
4526 8
4527 8
4528 8
4529 8
4530 8
4531 8
4532 8
4533 8
4534 8
4535 8
4536 8
4537 8
4538 8
4539 8
4540 9
4541 9
4542 9
4543 9
4544 9
4545 9
4546 9
4547 9
4548 9
4549 9
4550 9
4551 9
4552 9
4553 9
4554 9
4555 9
4556 9
4557 9
4558 9
4559 9
4560 9
4561 9
4562 9
4563 9
4564 9
4565 9
4566 9
4567 9
4568 9
4569 9
4570 9
4571 9
4572 9
4573 9
4574 9
4575 9
4576 9
4577 9
4578 9
4579 9
4580 9
4581 9
4582 9
4583 9
4584 9
4585 9
4586 9
4587 9
4588 9
4589 9
4590 9
4591 9
4592 9
4593 9
4594 9
4595 9
4596 9
4597 9
4598 9
4599 9
4600 9
4601 9
4602 9
4603 9
4604 9
4605 9
4606 9
4607 9
4608 9
4609 9
4610 9
4611 9
4612 9
4613 9
4614 9
4615 9
4616 9
4617 9
4618 9
4619 9
4620 9
4621 9
4622 9
4623 9
4624 9
4625 9
4626 9
4627 9
4628 9
4629 9
4630 9
4631 9
4632 9
4633 9
4634 9
4635 9
4636 9
4637 9
4638 9
4639 9
4640 9
4641 9
4642 9
4643 9
4644 9
4645 9
4646 9
4647 9
4648 9
4649 9
4650 9
4651 9
4652 9
4653 9
4654 9
4655 9
4656 9
4657 9
4658 9
4659 9
4660 9
4661 9
4662 9
4663 9
4664 9
4665 9
4666 9
4667 9
4668 9
4669 9
4670 9
4671 9
4672 9
4673 9
4674 9
4675 9
4676 9
4677 9
4678 9
4679 9
4680 9
4681 9
4682 9
4683 9
4684 9
4685 9
4686 9
4687 9
4688 9
4689 9
4690 9
4691 9
4692 9
4693 9
4694 9
4695 9
4696 9
4697 9
4698 9
4699 9
4700 9
4701 9
4702 9
4703 9
4704 9
4705 9
4706 9
4707 9
4708 9
4709 9
4710 9
4711 9
4712 9
4713 9
4714 9
4715 9
4716 9
4717 9
4718 9
4719 9
4720 9
4721 9
4722 9
4723 9
4724 9
4725 9
4726 9
4727 9
4728 9
4729 9
4730 9
4731 9
4732 9
4733 9
4734 9
4735 9
4736 9
4737 9
4738 9
4739 9
4740 9
4741 9
4742 9
4743 9
4744 9
4745 9
4746 9
4747 9
4748 9
4749 9
4750 9
4751 9
4752 9
4753 9
4754 9
4755 9
4756 9
4757 9
4758 9
4759 9
4760 9
4761 9
4762 9
4763 9
4764 9
4765 9
4766 9
4767 9
4768 9
4769 9
4770 9
4771 9
4772 9
4773 9
4774 9
4775 9
4776 9
4777 9
4778 9
4779 9
4780 9
4781 9
4782 9
4783 9
4784 9
4785 9
4786 9
4787 9
4788 9
4789 9
4790 9
4791 9
4792 9
4793 9
4794 9
4795 9
4796 9
4797 9
4798 9
4799 9
4800 9
4801 9
4802 9
4803 9
4804 9
4805 9
4806 9
4807 9
4808 9
4809 9
4810 9
4811 9
4812 9
4813 9
4814 9
4815 9
4816 9
4817 9
4818 9
4819 9
4820 9
4821 9
4822 9
4823 9
4824 9
4825 9
4826 9
4827 9
4828 9
4829 9
4830 9
4831 9
4832 9
4833 9
4834 9
4835 9
4836 9
4837 9
4838 9
4839 9
4840 9
4841 9
4842 9
4843 9
4844 9
4845 9
4846 9
4847 9
4848 9
4849 9
4850 9
4851 9
4852 9
4853 9
4854 9
4855 9
4856 9
4857 9
4858 9
4859 9
4860 9
4861 9
4862 9
4863 9
4864 9
4865 9
4866 9
4867 9
4868 9
4869 9
4870 9
4871 9
4872 9
4873 9
4874 9
4875 9
4876 9
4877 9
4878 9
4879 9
4880 9
4881 9
4882 9
4883 9
4884 9
4885 9
4886 9
4887 9
4888 9
4889 9
4890 9
4891 9
4892 9
4893 9
4894 9
4895 9
4896 9
4897 9
4898 9
4899 9
4900 9
4901 9
4902 9
4903 9
4904 9
4905 9
4906 9
4907 9
4908 9
4909 9
4910 9
4911 9
4912 9
4913 9
4914 9
4915 9
4916 9
4917 9
4918 9
4919 9
4920 9
4921 9
4922 9
4923 9
4924 9
4925 9
4926 9
4927 9
4928 9
4929 9
4930 9
4931 9
4932 9
4933 9
4934 9
4935 9
4936 9
4937 9
4938 9
4939 9
4940 9
4941 9
4942 9
4943 9
4944 9
4945 9
4946 9
4947 9
4948 9
4949 9
4950 9
4951 9
4952 9
4953 9
4954 9
4955 9
4956 9
4957 9
4958 9
4959 9
4960 9
4961 9
4962 9
4963 9
4964 9
4965 9
4966 9
4967 9
4968 9
4969 9
4970 9
4971 9
4972 9
4973 9
4974 9
4975 9
4976 9
4977 9
4978 9
4979 9
4980 9
4981 9
4982 9
4983 9
4984 9
4985 9
4986 9
4987 9
4988 9
4989 9
4990 9
4991 9
4992 9
4993 9
4994 9
4995 9
4996 9
4997 9
4998 9
4999 9
5000 9
5001 9
5002 9
5003 9
5004 9
5005 9
5006 9
5007 9
5008 9
5009 9
5010 9
5011 9
5012 9
5013 9
5014 9
5015 9
5016 9
5017 9
5018 9
5019 9
5020 9
5021 9
5022 9
5023 9
5024 9
5025 9
5026 9
5027 9
5028 9
5029 9
5030 9
5031 9
5032 9
5033 9
5034 9
5035 9
5036 9
5037 9
5038 9
5039 9
5040 9
5041 9
5042 9
5043 9
5044 9
5045 9
5046 9
5047 9
5048 9
5049 9
5050 9
5051 9
5052 9
5053 9
5054 9
5055 9
5056 9
5057 9
5058 9
5059 9
5060 9
5061 9
5062 9
5063 9
5064 9
5065 9
5066 9
5067 9
5068 9
5069 9
5070 9
5071 9
5072 9
5073 9
5074 9
5075 9
5076 9
5077 9
5078 9
5079 9
5080 9
5081 9
5082 9
5083 9
5084 9
5085 9
5086 9
5087 9
5088 9
5089 9
5090 9
5091 9
5092 9
5093 9
5094 9
5095 9
5096 9
5097 9
5098 9
5099 9
5100 9
5101 9
5102 9
5103 9
5104 9
5105 9
5106 9
5107 9
5108 9
5109 9
5110 9
5111 9
5112 9
5113 9
5114 9
5115 9
5116 9
5117 9
5118 9
5119 9
5120 9
5121 9
5122 9
5123 9
5124 9
5125 9
5126 9
5127 9
5128 9
5129 9
5130 9
5131 9
5132 9
5133 9
5134 9
5135 9
5136 9
5137 9
5138 9
5139 9
5140 9
5141 9
5142 9
5143 9
5144 9
5145 9
5146 9
5147 9
5148 9
5149 9
5150 9
5151 9
5152 9
5153 9
5154 9
5155 9
5156 9
5157 9
5158 9
5159 9
5160 9
5161 9
5162 9
5163 9
5164 9
5165 9
5166 9
5167 9
5168 9
5169 9
5170 9
5171 9
5172 9
5173 9
5174 9
5175 9
5176 9
5177 9
5178 9
5179 9
5180 9
5181 9
5182 9
5183 9
5184 9
5185 9
5186 9
5187 9
5188 9
5189 9
5190 9
5191 9
5192 9
5193 9
5194 9
5195 9
5196 9
5197 9
5198 9
5199 9
5200 9
5201 9
5202 9
5203 9
5204 9
5205 9
5206 9
5207 9
5208 9
5209 9
5210 9
5211 9
5212 9
5213 9
5214 9
5215 9
5216 9
5217 9
5218 9
5219 9
5220 9
5221 9
5222 9
5223 9
5224 9
5225 9
5226 9
5227 9
5228 9
5229 9
5230 9
5231 9
5232 9
5233 9
5234 9
5235 9
5236 9
5237 9
5238 9
5239 9
5240 9
5241 9
5242 9
5243 9
5244 9
5245 9
5246 9
5247 9
5248 9
5249 9
5250 9
5251 9
5252 9
5253 9
5254 9
5255 9
5256 9
5257 9
5258 9
5259 9
5260 9
5261 9
5262 9
5263 9
5264 9
5265 9
5266 9
5267 9
5268 9
5269 9
5270 10
5271 10
5272 10
5273 10
5274 10
5275 10
5276 10
5277 10
5278 10
5279 10
5280 10
5281 10
5282 10
5283 10
5284 10
5285 10
5286 10
5287 10
5288 10
5289 10
5290 10
5291 10
5292 10
5293 10
5294 10
5295 10
5296 10
5297 10
5298 10
5299 10
5300 10
5301 10
5302 10
5303 10
5304 10
5305 10
5306 10
5307 10
5308 10
5309 10
5310 10
5311 10
5312 10
5313 10
5314 10
5315 10
5316 10
5317 10
5318 10
5319 10
5320 10
5321 10
5322 10
5323 10
5324 10
5325 10
5326 10
5327 10
5328 10
5329 10
5330 10
5331 10
5332 10
5333 10
5334 10
5335 10
5336 10
5337 10
5338 10
5339 10
5340 10
5341 10
5342 10
5343 10
5344 10
5345 10
5346 10
5347 10
5348 10
5349 10
5350 10
5351 10
5352 10
5353 10
5354 10
5355 10
5356 10
5357 10
5358 10
5359 10
5360 10
5361 10
5362 10
5363 10
5364 10
5365 10
5366 10
5367 10
5368 10
5369 10
5370 10
5371 10
5372 10
5373 11
5374 11
5375 11
5376 11
5377 11
5378 11
5379 11
5380 11
5381 11
5382 11
5383 11
5384 11
5385 11
5386 11
5387 11
5388 11
5389 11
5390 11
5391 11
5392 11
5393 11
5394 11
5395 11
5396 11
5397 11
5398 11
5399 11
5400 11
5401 11
5402 11
5403 11
5404 11
5405 11
5406 11
5407 11
5408 11
5409 11
5410 11
5411 11
5412 11
5413 11
5414 11
5415 11
5416 11
5417 11
5418 11
5419 11
5420 11
5421 11
5422 11
5423 11
5424 11
5425 11
5426 11
5427 11
5428 11
5429 11
5430 11
5431 11
5432 11
5433 11
5434 11
5435 11
5436 11
5437 11
5438 11
5439 11
5440 11
5441 11
5442 11
5443 11
5444 11
5445 11
5446 11
5447 11
5448 11
5449 11
5450 11
5451 11
5452 11
5453 11
5454 11
5455 11
5456 11
5457 11
5458 11
5459 11
5460 11
5461 11
5462 11
5463 11
5464 11
5465 11
5466 11
5467 11
5468 11
5469 11
5470 11
5471 11
5472 11
5473 11
5474 11
5475 11
5476 11
5477 11
5478 11
5479 11
5480 11
5481 11
5482 11
5483 11
5484 11
5485 11
5486 11
5487 11
5488 11
5489 11
5490 11
5491 11
5492 11
5493 11
5494 11
5495 11
5496 11
5497 11
5498 11
5499 11
5500 11
5501 11
5502 11
5503 11
5504 11
5505 11
5506 11
5507 11
5508 11
5509 11
5510 11
5511 11
5512 11
5513 11
5514 11
5515 11
5516 11
5517 11
5518 11
5519 11
5520 11
5521 11
5522 11
5523 11
5524 11
5525 11
5526 11
5527 11
5528 11
5529 11
5530 11
5531 11
5532 11
5533 11
5534 11
5535 11
5536 11
5537 11
5538 11
5539 11
5540 11
5541 11
5542 11
5543 11
5544 11
5545 11
5546 11
5547 11
5548 11
5549 11
5550 11
5551 11
5552 11
5553 11
5554 11
5555 11
5556 11
5557 11
5558 11
5559 11
5560 11
5561 11
5562 11
5563 11
5564 11
5565 11
5566 11
5567 11
5568 11
5569 11
5570 11
5571 11
5572 11
5573 11
5574 11
5575 11
5576 11
5577 11
5578 11
5579 11
5580 11
5581 11
5582 11
5583 11
5584 11
5585 11
5586 11
5587 11
5588 11
5589 11
5590 11
5591 11
5592 11
5593 11
5594 11
5595 11
5596 11
5597 11
5598 11
5599 11
5600 11
5601 11
5602 11
5603 11
5604 11
5605 11
5606 11
5607 11
5608 11
5609 11
5610 11
5611 11
5612 11
5613 11
5614 11
5615 11
5616 11
5617 11
5618 11
5619 11
5620 11
5621 11
5622 11
5623 11
5624 11
5625 11
5626 11
5627 11
5628 11
5629 11
5630 11
5631 11
5632 11
5633 11
5634 11
5635 11
5636 11
5637 11
5638 11
5639 11
5640 11
5641 11
5642 11
5643 11
5644 11
5645 11
5646 11
5647 11
5648 11
5649 11
5650 11
5651 11
5652 11
5653 11
5654 11
5655 11
5656 11
5657 11
5658 11
5659 11
5660 11
5661 11
5662 11
5663 11
5664 11
5665 11
5666 11
5667 11
5668 11
5669 11
5670 11
5671 11
5672 11
5673 11
5674 11
5675 11
5676 11
5677 11
5678 11
5679 11
5680 11
5681 11
5682 11
5683 11
5684 11
5685 11
5686 11
5687 11
5688 11
5689 11
5690 11
5691 11
5692 11
5693 11
5694 11
5695 11
5696 11
5697 11
5698 11
5699 11
5700 11
5701 11
5702 11
5703 11
5704 11
5705 12
5706 12
5707 12
5708 12
5709 12
5710 12
5711 12
5712 12
5713 12
5714 12
5715 12
5716 12
5717 12
5718 12
5719 12
5720 12
5721 12
5722 12
5723 12
5724 12
5725 12
5726 12
5727 12
5728 12
5729 12
5730 12
5731 12
5732 12
5733 12
5734 12
5735 12
5736 12
5737 12
5738 12
5739 12
5740 12
5741 12
5742 12
5743 12
5744 12
5745 12
5746 12
5747 12
5748 12
5749 12
5750 12
5751 12
5752 12
5753 12
5754 12
5755 12
5756 12
5757 12
5758 12
5759 12
5760 12
5761 12
5762 12
5763 12
5764 12
5765 12
5766 12
5767 12
5768 12
5769 12
5770 12
5771 12
5772 12
5773 12
5774 12
5775 12
5776 12
5777 12
5778 12
5779 12
5780 12
5781 12
5782 12
5783 12
5784 12
5785 12
5786 12
5787 12
5788 12
5789 12
5790 12
5791 12
5792 12
5793 12
5794 12
5795 12
5796 12
5797 12
5798 12
5799 12
5800 12
5801 12
5802 12
5803 12
5804 12
5805 12
5806 12
5807 12
5808 12
5809 12
5810 12
5811 12
5812 12
5813 12
5814 12
5815 12
5816 12
5817 12
5818 12
5819 12
5820 12
5821 12
5822 12
5823 12
5824 12
5825 12
5826 12
5827 12
5828 12
5829 12
5830 12
5831 12
5832 12
5833 12
5834 12
5835 12
5836 12
5837 12
5838 12
5839 12
5840 12
5841 12
5842 12
5843 12
5844 12
5845 12
5846 12
5847 12
5848 12
5849 12
5850 12
5851 12
5852 12
5853 12
5854 12
5855 12
5856 12
5857 12
5858 12
5859 12
5860 12
5861 12
5862 12
5863 12
5864 12
5865 12
5866 12
5867 12
5868 12
5869 12
5870 12
5871 12
5872 12
5873 12
5874 12
5875 12
5876 12
5877 12
5878 12
5879 12
5880 12
5881 12
5882 12
5883 12
5884 12
5885 12
5886 12
5887 12
5888 12
5889 12
5890 12
5891 12
5892 12
5893 12
5894 12
5895 12
5896 12
5897 12
5898 12
5899 12
5900 12
5901 12
5902 12
5903 12
5904 12
5905 12
5906 12
5907 12
5908 12
5909 12
5910 12
5911 12
5912 12
5913 12
5914 12
5915 12
5916 12
5917 12
5918 12
5919 12
5920 12
5921 12
5922 12
5923 12
5924 12
5925 12
5926 12
5927 12
5928 12
5929 12
5930 12
5931 12
5932 12
5933 12
5934 12
5935 12
5936 12
5937 12
5938 12
5939 12
5940 12
5941 12
5942 12
5943 12
5944 12
5945 12
5946 12
5947 12
5948 12
5949 12
5950 12
5951 12
5952 12
5953 12
5954 12
5955 12
5956 12
5957 12
5958 12
5959 12
5960 12
5961 12
5962 12
5963 12
5964 12
5965 12
5966 12
5967 12
5968 12
5969 12
5970 12
5971 12
5972 12
5973 12
5974 12
5975 12
5976 12
5977 12
5978 12
5979 12
5980 12
5981 12
5982 12
5983 12
5984 12
5985 12
5986 12
5987 12
5988 12
5989 12
5990 12
5991 12
5992 12
5993 12
5994 12
5995 12
5996 12
5997 12
5998 12
5999 12
6000 12
6001 12
6002 12
6003 12
6004 12
6005 12
6006 12
6007 12
6008 12
6009 12
6010 12
6011 12
6012 12
6013 12
6014 12
6015 12
6016 12
6017 12
6018 12
6019 12
6020 12
6021 12
6022 12
6023 12
6024 12
6025 12
6026 12
6027 12
6028 12
6029 12
6030 12
6031 12
6032 12
6033 12
6034 12
6035 12
6036 12
6037 12
6038 12
6039 12
6040 12
6041 12
6042 12
6043 12
6044 12
6045 12
6046 12
6047 12
6048 12
6049 12
6050 12
6051 12
6052 12
6053 12
6054 12
6055 12
6056 12
6057 12
6058 12
6059 12
6060 12
6061 12
6062 12
6063 12
6064 12
6065 12
6066 12
6067 12
6068 12
6069 12
6070 12
6071 12
6072 12
6073 12
6074 12
6075 12
6076 12
6077 12
6078 12
6079 12
6080 12
6081 12
6082 12
6083 12
6084 12
6085 12
6086 12
6087 12
6088 12
6089 12
6090 12
6091 12
6092 12
6093 12
6094 12
6095 12
6096 12
6097 12
6098 12
6099 12
6100 12
6101 12
6102 12
6103 12
6104 12
6105 12
6106 12
6107 12
6108 12
6109 12
6110 12
6111 12
6112 12
6113 12
6114 12
6115 12
6116 12
6117 12
6118 12
6119 12
6120 12
6121 12
6122 12
6123 12
6124 12
6125 12
6126 12
6127 12
6128 12
6129 12
6130 12
6131 12
6132 12
6133 12
6134 12
6135 12
6136 12
6137 12
6138 12
6139 12
6140 12
6141 12
6142 12
6143 12
6144 12
6145 12
6146 12
6147 12
6148 12
6149 12
6150 12
6151 12
6152 12
6153 12
6154 12
6155 12
6156 12
6157 12
6158 12
6159 12
6160 12
6161 12
6162 12
6163 12
6164 12
6165 12
6166 12
6167 12
6168 12
6169 12
6170 12
6171 12
6172 12
6173 12
6174 12
6175 12
6176 12
6177 12
6178 12
6179 12
6180 12
6181 12
6182 12
6183 12
6184 12
6185 12
6186 12
6187 12
6188 12
6189 12
6190 12
6191 12
6192 12
6193 12
6194 12
6195 12
6196 12
6197 12
6198 12
6199 12
6200 12
6201 12
6202 12
6203 12
6204 12
6205 12
6206 12
6207 12
6208 12
6209 12
6210 12
6211 12
6212 12
6213 12
6214 12
6215 12
6216 12
6217 12
6218 12
6219 12
6220 12
6221 12
6222 12
6223 12
6224 12
6225 12
6226 12
6227 12
6228 12
6229 12
6230 12
6231 12
6232 12
6233 12
6234 12
6235 12
6236 12
6237 12
6238 12
6239 12
6240 12
6241 12
6242 12
6243 12
6244 12
6245 12
6246 12
6247 12
6248 12
6249 12
6250 12
6251 12
6252 12
6253 12
6254 12
6255 12
6256 12
6257 12
6258 12
6259 12
6260 12
6261 12
6262 12
6263 12
6264 12
6265 12
6266 12
6267 12
6268 12
6269 12
6270 12
6271 12
6272 12
6273 12
6274 12
6275 12
6276 12
6277 12
6278 12
6279 12
6280 12
6281 12
6282 12
6283 12
6284 12
6285 12
6286 12
6287 12
6288 12
6289 12
6290 12
6291 12
6292 12
6293 12
6294 12
6295 12
6296 12
6297 12
6298 12
6299 12
6300 12
6301 12
6302 12
6303 12
6304 12
6305 12
6306 12
6307 12
6308 12
6309 12
6310 12
6311 12
6312 12
6313 12
6314 12
6315 12
6316 12
6317 12
6318 12
6319 12
6320 12
6321 12
6322 12
6323 12
6324 12
6325 12
6326 12
6327 12
6328 12
6329 12
6330 12
6331 12
6332 12
6333 12
6334 12
6335 12
6336 12
6337 12
6338 12
6339 12
6340 12
6341 12
6342 12
6343 12
6344 12
6345 12
6346 12
6347 12
6348 12
6349 12
6350 12
6351 12
6352 12
6353 12
6354 12
6355 12
6356 12
6357 12
6358 12
6359 12
6360 12
6361 12
6362 12
6363 12
6364 12
6365 12
6366 12
6367 12
6368 12
6369 12
6370 12
6371 12
6372 12
6373 12
6374 12
6375 12
6376 12
6377 12
6378 12
6379 12
6380 12
6381 12
6382 12
6383 12
6384 12
6385 12
6386 12
6387 12
6388 12
6389 12
6390 12
6391 12
6392 12
6393 12
6394 12
6395 12
6396 12
6397 12
6398 12
6399 12
6400 12
6401 12
6402 12
6403 12
6404 12
6405 12
6406 12
6407 12
6408 12
6409 12
6410 12
6411 12
6412 12
6413 12
6414 12
6415 12
6416 12
6417 12
6418 12
6419 12
6420 12
6421 12
6422 12
6423 12
6424 12
6425 12
6426 12
6427 12
6428 12
6429 12
6430 12
6431 12
6432 12
6433 12
6434 12
6435 12
6436 12
6437 12
6438 12
6439 12
6440 12
6441 12
6442 12
6443 12
6444 12
6445 12
6446 12
6447 12
6448 12
6449 12
6450 12
6451 12
6452 12
6453 12
6454 12
6455 12
6456 12
6457 12
6458 12
6459 12
6460 12
6461 12
6462 12
6463 12
6464 12
6465 12
6466 12
6467 12
6468 12
6469 12
6470 12
6471 12
6472 12
6473 12
6474 12
6475 12
6476 12
6477 12
6478 12
6479 12
6480 12
6481 12
6482 12
6483 12
6484 12
6485 12
6486 12
6487 12
6488 12
6489 12
6490 12
6491 12
6492 12
6493 12
6494 12
6495 12
6496 12
6497 12
6498 12
6499 12
6500 12
6501 12
6502 12
6503 12
6504 12
6505 12
6506 12
6507 12
6508 12
6509 12
6510 12
6511 12
6512 12
6513 12
6514 12
6515 12
6516 12
6517 12
6518 12
6519 12
6520 12
6521 12
6522 12
6523 12
6524 12
6525 12
6526 12
6527 12
6528 12
6529 12
6530 12
6531 12
6532 12
6533 12
6534 12
6535 12
6536 12
6537 12
6538 12
6539 12
6540 12
6541 12
6542 12
6543 12
6544 12
6545 12
6546 12
6547 12
6548 12
6549 12
6550 12
6551 12
6552 12
6553 12
6554 12
6555 12
6556 12
6557 12
6558 12
6559 12
6560 12
6561 12
6562 12
6563 12
6564 12
6565 12
6566 12
6567 12
6568 12
6569 12
6570 12
6571 12
6572 12
6573 12
6574 12
6575 12
6576 12
6577 12
6578 12
6579 12
6580 12
6581 12
6582 12
6583 12
6584 12
6585 12
6586 12
6587 12
6588 12
6589 12
6590 12
6591 12
6592 12
6593 12
6594 12
6595 12
6596 12
6597 12
6598 12
6599 12
6600 12
6601 12
6602 12
6603 12
6604 12
6605 12
6606 12
6607 12
6608 12
6609 12
6610 12
6611 12
6612 12
6613 12
6614 12
6615 12
6616 12
6617 12
6618 12
6619 12
6620 12
6621 12
6622 12
6623 12
6624 12
6625 12
6626 12
6627 12
6628 12
6629 12
6630 12
6631 12
6632 12
6633 12
6634 12
6635 12
6636 12
6637 12
6638 12
6639 12
6640 12
6641 12
6642 12
6643 12
6644 12
6645 12
6646 12
6647 12
6648 12
6649 12
6650 12
6651 12
6652 12
6653 12
6654 12
6655 12
6656 12
6657 12
6658 12
6659 12
6660 12
6661 12
6662 12
6663 12
6664 12
6665 12
6666 12
6667 12
6668 12
6669 12
6670 12
6671 12
6672 12
6673 12
6674 12
6675 12
6676 12
6677 12
6678 12
6679 12
6680 12
6681 12
6682 12
6683 12
6684 12
6685 12
6686 12
6687 12
6688 12
6689 12
6690 12
6691 12
6692 12
6693 12
6694 12
6695 12
6696 12
6697 12
6698 12
6699 12
6700 12
6701 12
6702 12
6703 12
6704 12
6705 12
6706 12
6707 12
6708 12
6709 12
6710 12
6711 12
6712 12
6713 12
6714 12
6715 12
6716 12
6717 12
6718 12
6719 12
6720 12
6721 12
6722 12
6723 12
6724 12
6725 12
6726 12
6727 12
6728 12
6729 12
6730 12
6731 12
6732 12
6733 12
6734 12
6735 12
6736 12
6737 12
6738 12
6739 12
6740 12
6741 12
6742 12
6743 12
6744 12
6745 12
6746 12
6747 12
6748 12
6749 12
6750 12
6751 12
6752 12
6753 12
6754 12
6755 12
6756 12
6757 12
6758 12
6759 12
6760 12
6761 12
6762 12
6763 12
6764 12
6765 12
6766 12
6767 12
6768 12
6769 12
6770 12
6771 12
6772 12
6773 12
6774 12
6775 12
6776 12
6777 12
6778 12
6779 12
6780 12
6781 12
6782 12
6783 12
6784 12
6785 12
6786 12
6787 12
6788 12
6789 12
6790 12
6791 12
6792 12
6793 12
6794 12
6795 12
6796 12
6797 12
6798 12
6799 12
6800 12
6801 12
6802 12
6803 12
6804 12
6805 12
6806 12
6807 12
6808 12
6809 12
6810 12
6811 12
6812 12
6813 12
6814 12
6815 12
6816 12
6817 12
6818 12
6819 12
6820 12
6821 12
6822 12
6823 12
6824 12
6825 12
6826 12
6827 12
6828 12
6829 12
6830 12
6831 12
6832 12
6833 12
6834 12
6835 12
6836 12
6837 12
6838 12
6839 12
6840 12
6841 12
6842 12
6843 12
6844 12
6845 12
6846 12
6847 12
6848 12
6849 12
6850 12
6851 12
6852 12
6853 12
6854 12
6855 12
6856 12
6857 12
6858 12
6859 12
6860 12
6861 12
6862 12
6863 12
6864 12
6865 12
6866 12
6867 12
6868 12
6869 12
6870 12
6871 12
6872 12
6873 12
6874 12
6875 12
6876 12
6877 12
6878 12
6879 12
6880 12
6881 12
6882 12
6883 12
6884 12
6885 12
6886 12
6887 12
6888 12
6889 12
6890 12
6891 12
6892 12
6893 12
6894 12
6895 12
6896 12
6897 12
6898 12
6899 12
6900 12
6901 12
6902 12
6903 12
6904 12
6905 12
6906 12
6907 12
6908 12
6909 12
6910 12
6911 12
6912 12
6913 12
6914 12
6915 12
6916 12
6917 12
6918 12
6919 12
6920 12
6921 12
6922 12
6923 12
6924 12
6925 12
6926 12
6927 12
6928 12
6929 12
6930 12
6931 12
6932 12
6933 12
6934 12
6935 12
6936 12
6937 12
6938 12
6939 12
6940 12
6941 12
6942 12
6943 12
6944 12
6945 12
6946 12
6947 12
6948 12
6949 12
6950 12
6951 12
6952 12
6953 12
6954 12
6955 12
6956 12
6957 12
6958 12
6959 12
6960 12
6961 12
6962 12
6963 12
6964 12
6965 12
6966 12
6967 12
6968 12
6969 12
6970 12
6971 12
6972 12
6973 12
6974 12
6975 12
6976 12
6977 12
6978 12
6979 12
6980 12
6981 12
6982 12
6983 12
6984 12
6985 12
6986 12
6987 12
6988 12
6989 12
6990 12
6991 12
6992 12
6993 12
6994 12
6995 12
6996 12
6997 12
6998 12
6999 12
7000 12
7001 12
7002 12
7003 12
7004 12
7005 12
7006 12
7007 12
7008 12
7009 12
7010 12
7011 12
7012 12
7013 12
7014 12
7015 12
7016 12
7017 12
7018 12
7019 12
7020 12
7021 12
7022 12
7023 12
7024 12
7025 12
7026 12
7027 12
7028 12
7029 12
7030 12
7031 12
7032 12
7033 12
7034 12
7035 12
7036 12
7037 12
7038 12
7039 12
7040 12
7041 12
7042 12
7043 12
7044 12
7045 12
7046 12
7047 12
7048 12
7049 12
7050 12
7051 12
7052 12
7053 12
7054 12
7055 12
7056 12
7057 12
7058 12
7059 12
7060 12
7061 12
7062 12
7063 12
7064 12
7065 12
7066 12
7067 12
7068 12
7069 12
7070 12
7071 12
7072 12
7073 12
7074 12
7075 12
7076 12
7077 12
7078 12
7079 12
7080 12
7081 12
7082 12
7083 12
7084 12
7085 12
7086 12
7087 12
7088 12
7089 12
7090 12
7091 12
7092 12
7093 12
7094 12
7095 12
7096 12
7097 12
7098 12
7099 12
7100 12
7101 12
7102 12
7103 12
7104 12
7105 12
7106 12
7107 12
7108 12
7109 12
7110 12
7111 12
7112 12
7113 12
7114 12
7115 12
7116 12
7117 12
7118 12
7119 12
7120 12
7121 12
7122 12
7123 12
7124 12
7125 12
7126 12
7127 12
7128 12
7129 12
7130 12
7131 12
7132 12
7133 12
7134 12
7135 12
7136 12
7137 12
7138 12
7139 12
7140 12
7141 12
7142 12
7143 12
7144 12
7145 12
7146 12
7147 12
7148 12
7149 12
7150 12
7151 12
7152 12
7153 12
7154 12
7155 12
7156 12
7157 12
7158 12
7159 12
7160 12
7161 12
7162 12
7163 12
7164 12
7165 12
7166 12
7167 12
7168 12
7169 12
7170 12
7171 12
7172 12
7173 12
7174 12
7175 12
7176 12
7177 12
7178 12
7179 12
7180 12
7181 12
7182 12
7183 12
7184 12
7185 12
7186 12
7187 12
7188 12
7189 12
7190 12
7191 12
7192 12
7193 12
7194 12
7195 12
7196 12
7197 12
7198 12
7199 12
7200 12
7201 12
7202 12
7203 12
7204 12
7205 12
7206 12
7207 12
7208 12
7209 12
7210 12
7211 12
7212 12
7213 12
7214 12
7215 12
7216 12
7217 12
7218 12
7219 12
7220 12
7221 12
7222 12
7223 12
7224 12
7225 12
7226 12
7227 12
7228 12
7229 12
7230 12
7231 12
7232 12
7233 12
7234 12
7235 12
7236 12
7237 12
7238 12
7239 12
7240 12
7241 12
7242 12
7243 12
7244 12
7245 12
7246 12
7247 12
7248 12
7249 12
7250 12
7251 12
7252 12
7253 12
7254 12
7255 12
7256 12
7257 12
7258 12
7259 12
7260 12
7261 12
7262 12
7263 12
7264 12
7265 12
7266 12
7267 12
7268 12
7269 12
7270 12
7271 12
7272 12
7273 12
7274 12
7275 12
7276 12
7277 12
7278 12
7279 12
7280 12
7281 12
7282 12
7283 12
7284 12
7285 12
7286 12
7287 12
7288 12
7289 12
7290 12
7291 12
7292 12
7293 12
7294 12
7295 12
7296 12
7297 12
7298 12
7299 12
7300 12
7301 12
7302 12
7303 12
7304 12
7305 12
7306 12
7307 12
7308 12
7309 12
7310 12
7311 12
7312 12
7313 12
7314 12
7315 12
7316 12
7317 12
7318 12
7319 12
7320 12
7321 12
7322 12
7323 12
7324 12
7325 12
7326 12
7327 12
7328 12
7329 12
7330 12
7331 12
7332 12
7333 12
7334 12
7335 12
7336 12
7337 12
7338 12
7339 12
7340 12
7341 12
7342 12
7343 12
7344 12
7345 12
7346 12
7347 12
7348 12
7349 12
7350 12
7351 12
7352 12
7353 12
7354 12
7355 12
7356 12
7357 12
7358 12
7359 12
7360 12
7361 12
7362 12
7363 12
7364 12
7365 12
7366 12
7367 12
7368 12
7369 12
7370 12
7371 12
7372 12
7373 12
7374 12
7375 12
7376 12
7377 12
7378 12
7379 12
7380 12
7381 12
7382 12
7383 12
7384 12
7385 12
7386 12
7387 12
7388 12
7389 12
7390 12
7391 12
7392 12
7393 12
7394 12
7395 12
7396 12
7397 12
7398 12
7399 12
7400 12
7401 12
7402 12
7403 12
7404 12
7405 12
7406 12
7407 12
7408 12
7409 12
7410 12
7411 12
7412 12
7413 12
7414 12
7415 12
7416 12
7417 12
7418 12
7419 12
7420 12
7421 12
7422 12
7423 12
7424 12
7425 12
7426 12
7427 12
7428 12
7429 12
7430 12
7431 12
7432 12
7433 12
7434 12
7435 12
7436 12
7437 12
7438 12
7439 12
7440 12
7441 12
7442 12
7443 12
7444 12
7445 12
7446 12
7447 12
7448 12
7449 12
7450 12
7451 12
7452 12
7453 12
7454 12
7455 12
7456 12
7457 12
7458 12
7459 12
7460 12
7461 12
7462 12
7463 12
7464 12
7465 12
7466 12
7467 12
7468 12
7469 12
7470 12
7471 12
7472 12
7473 12
7474 12
7475 12
7476 12
7477 12
7478 12
7479 12
7480 12
7481 12
7482 12
7483 12
7484 12
7485 12
7486 12
7487 12
7488 12
7489 12
7490 12
7491 12
7492 12
7493 12
7494 12
7495 12
7496 12
7497 12
7498 12
7499 12
7500 12
7501 12
7502 12
7503 12
7504 12
7505 12
7506 12
7507 12
7508 12
7509 12
7510 12
7511 12
7512 12
7513 12
7514 12
7515 12
7516 12
7517 12
7518 12
7519 12
7520 12
7521 12
7522 12
7523 12
7524 12
7525 12
7526 12
7527 12
7528 12
7529 12
7530 12
7531 12
7532 12
7533 12
7534 12
7535 12
7536 12
7537 12
7538 12
7539 12
7540 12
7541 12
7542 12
7543 12
7544 12
7545 12
7546 12
7547 12
7548 12
7549 12
7550 12
7551 12
7552 12
7553 12
7554 12
7555 12
7556 12
7557 12
7558 12
7559 12
7560 12
7561 12
7562 12
7563 12
7564 12
7565 12
7566 12
7567 12
7568 12
7569 12
7570 12
7571 12
7572 12
7573 12
7574 12
7575 12
7576 12
7577 12
7578 12
7579 12
7580 12
7581 12
7582 12
7583 12
7584 12
7585 12
7586 12
7587 12
7588 12
7589 12
7590 12
7591 12
7592 12
7593 12
7594 12
7595 12
7596 12
7597 12
7598 12
7599 12
7600 12
7601 12
7602 12
7603 12
7604 12
7605 12
7606 12
7607 12
7608 12
7609 12
7610 12
7611 12
7612 12
7613 12
7614 12
7615 12
7616 12
7617 12
7618 12
7619 12
7620 12
7621 12
7622 12
7623 12
7624 12
7625 12
7626 12
7627 12
7628 12
7629 12
7630 12
7631 12
7632 12
7633 12
7634 12
7635 12
7636 12
7637 12
7638 12
7639 12
7640 12
7641 12
7642 12
7643 12
7644 12
7645 12
7646 12
7647 12
7648 12
7649 12
7650 12
7651 12
7652 12
7653 12
7654 12
7655 12
7656 12
7657 12
7658 12
7659 12
7660 12
7661 12
7662 12
7663 12
7664 12
7665 12
7666 12
7667 12
7668 12
7669 12
7670 12
7671 12
7672 12
7673 12
7674 12
7675 12
7676 12
7677 12
7678 12
7679 12
7680 12
7681 12
7682 12
7683 12
7684 12
7685 12
7686 12
7687 12
7688 12
7689 12
7690 12
7691 12
7692 12
7693 12
7694 12
7695 12
7696 12
7697 12
7698 12
7699 12
7700 12
7701 12
7702 12
7703 12
7704 12
7705 12
7706 12
7707 12
7708 12
7709 12
7710 12
7711 12
7712 12
7713 12
7714 12
7715 12
7716 12
7717 12
7718 12
7719 12
7720 12
7721 12
7722 12
7723 12
7724 12
7725 12
7726 12
7727 12
7728 12
7729 12
7730 12
7731 12
7732 12
7733 12
7734 12
7735 12
7736 12
7737 12
7738 12
7739 12
7740 12
7741 12
7742 12
7743 12
7744 12
7745 12
7746 12
7747 12
7748 12
7749 12
7750 12
7751 12
7752 12
7753 12
7754 12
7755 12
7756 12
7757 12
7758 12
7759 12
7760 12
7761 12
7762 12
7763 12
7764 12
7765 12
7766 12
7767 12
7768 12
7769 12
7770 12
7771 12
7772 12
7773 12
7774 12
7775 12
7776 12
7777 12
7778 12
7779 12
7780 12
7781 12
7782 12
7783 12
7784 12
7785 12
7786 12
7787 12
7788 12
7789 12
7790 12
7791 12
7792 12
7793 12
7794 12
7795 12
7796 12
7797 12
7798 12
7799 12
7800 12
7801 12
7802 12
7803 12
7804 12
7805 12
7806 12
7807 12
7808 12
7809 12
7810 12
7811 12
7812 12
7813 12
7814 12
7815 12
7816 12
7817 12
7818 12
7819 12
7820 12
7821 12
7822 12
7823 12
7824 12
7825 12
7826 12
7827 12
7828 12
7829 12
7830 12
7831 12
7832 12
7833 12
7834 12
7835 12
7836 12
7837 12
7838 12
7839 12
7840 12
7841 12
7842 12
7843 12
7844 12
7845 12
7846 12
7847 12
7848 12
7849 12
7850 12
7851 12
7852 12
7853 12
7854 12
7855 12
7856 12
7857 12
7858 12
7859 12
7860 12
7861 12
7862 12
7863 12
7864 12
7865 12
7866 12
7867 12
7868 12
7869 12
7870 12
7871 12
7872 12
7873 12
7874 12
7875 12
7876 12
7877 12
7878 12
7879 12
7880 12
7881 12
7882 12
7883 12
7884 12
7885 12
7886 12
7887 12
7888 12
7889 12
7890 12
7891 12
7892 12
7893 12
7894 12
7895 12
7896 12
7897 12
7898 12
7899 12
7900 12
7901 12
7902 12
7903 12
7904 12
7905 12
7906 12
7907 12
7908 12
7909 12
7910 12
7911 12
7912 12
7913 12
7914 12
7915 12
7916 12
7917 12
7918 12
7919 12
7920 12
7921 12
7922 12
7923 12
7924 12
7925 12
7926 12
7927 12
7928 12
7929 12
7930 12
7931 12
7932 12
7933 12
7934 12
7935 12
7936 12
7937 12
7938 12
7939 12
7940 12
7941 12
7942 12
7943 12
7944 12
7945 12
7946 12
7947 12
7948 12
7949 12
7950 12
7951 12
7952 12
7953 12
7954 12
7955 12
7956 12
7957 12
7958 12
7959 12
7960 12
7961 12
7962 12
7963 12
7964 12
7965 12
7966 12
7967 12
7968 12
7969 12
7970 12
7971 12
7972 12
7973 12
7974 12
7975 12
7976 12
7977 12
7978 12
7979 12
7980 12
7981 12
7982 12
7983 12
7984 12
7985 12
7986 12
7987 12
7988 12
7989 12
7990 12
7991 12
7992 12
7993 12
7994 12
7995 12
7996 12
7997 12
7998 12
7999 12
8000 12
8001 12
8002 12
8003 12
8004 12
8005 12
8006 12
8007 12
8008 12
8009 12
8010 12
8011 12
8012 12
8013 12
8014 12
8015 12
8016 12
8017 12
8018 12
8019 12
8020 12
8021 12
8022 12
8023 12
8024 12
8025 12
8026 12
8027 12
8028 12
8029 12
8030 12
8031 12
8032 12
8033 12
8034 12
8035 12
8036 12
8037 12
8038 12
8039 12
8040 12
8041 12
8042 12
8043 12
8044 12
8045 12
8046 12
8047 12
8048 12
8049 12
8050 12
8051 12
8052 12
8053 12
8054 12
8055 12
8056 12
8057 12
8058 12
8059 12
8060 12
8061 12
8062 12
8063 12
8064 12
8065 12
8066 12
8067 12
8068 12
8069 12
8070 12
8071 12
8072 12
8073 12
8074 12
8075 12
8076 12
8077 12
8078 12
8079 12
8080 12
8081 12
8082 12
8083 12
8084 12
8085 12
8086 12
8087 12
8088 12
8089 12
8090 12
8091 12
8092 12
8093 12
8094 12
8095 12
8096 12
8097 12
8098 12
8099 12
8100 12
8101 12
8102 12
8103 12
8104 12
8105 12
8106 12
8107 12
8108 12
8109 12
8110 12
8111 12
8112 12
8113 12
8114 12
8115 12
8116 12
8117 12
8118 12
8119 12
8120 12
8121 12
8122 12
8123 12
8124 12
8125 12
8126 12
8127 12
8128 12
8129 12
8130 12
8131 12
8132 12
8133 12
8134 12
8135 12
8136 12
8137 12
8138 12
8139 12
8140 12
8141 12
8142 12
8143 12
8144 12
8145 12
8146 12
8147 12
8148 12
8149 12
8150 12
8151 12
8152 12
8153 12
8154 12
8155 12
8156 12
8157 12
8158 12
8159 12
8160 12
8161 12
8162 12
8163 12
8164 12
8165 12
8166 12
8167 12
8168 12
8169 12
8170 12
8171 12
8172 12
8173 12
8174 12
8175 12
8176 12
8177 12
8178 12
8179 12
8180 12
8181 12
8182 12
8183 12
8184 12
8185 12
8186 12
8187 12
8188 12
8189 12
8190 12
8191 12
8192 12
8193 12
8194 12
8195 12
8196 12
8197 12
8198 12
8199 12
8200 12
8201 12
8202 12
8203 12
8204 12
8205 12
8206 12
8207 12
8208 12
8209 12
8210 12
8211 12
8212 12
8213 12
8214 12
8215 12
8216 12
8217 12
8218 12
8219 12
8220 12
8221 12
8222 12
8223 12
8224 12
8225 12
8226 12
8227 12
8228 12
8229 12
8230 12
8231 12
8232 12
8233 12
8234 12
8235 12
8236 12
8237 12
8238 12
8239 12
8240 12
8241 12
8242 12
8243 12
8244 12
8245 12
8246 12
8247 12
8248 12
8249 12
8250 12
8251 12
8252 12
8253 12
8254 12
8255 12
8256 12
8257 12
8258 12
8259 12
8260 12
8261 12
8262 12
8263 12
8264 12
8265 12
8266 12
8267 12
8268 12
8269 12
8270 12
8271 12
8272 12
8273 12
8274 12
8275 12
8276 12
8277 12
8278 12
8279 12
8280 12
8281 12
8282 12
8283 12
8284 12
8285 12
8286 12
8287 12
8288 12
8289 12
8290 12
8291 12
8292 12
8293 12
8294 12
8295 12
8296 12
8297 12
8298 12
8299 12
8300 12
8301 12
8302 12
8303 12
8304 12
8305 12
8306 12
8307 12
8308 12
8309 12
8310 12
8311 12
8312 12
8313 12
8314 12
8315 12
8316 12
8317 12
8318 12
8319 12
8320 12
8321 12
8322 12
8323 12
8324 12
8325 12
8326 12
8327 12
8328 12
8329 12
8330 12
8331 12
8332 12
8333 12
8334 12
8335 12
8336 12
8337 12
8338 12
8339 12
8340 12
8341 12
8342 12
8343 12
8344 12
8345 12
8346 12
8347 12
8348 12
8349 12
8350 12
8351 12
8352 12
8353 12
8354 12
8355 12
8356 12
8357 12
8358 12
8359 12
8360 12
8361 12
8362 12
8363 12
8364 12
8365 12
8366 12
8367 12
8368 12
8369 12
8370 12
8371 12
8372 12
8373 12
8374 12
8375 12
8376 12
8377 12
8378 12
8379 12
8380 12
8381 12
8382 12
8383 12
8384 12
8385 12
8386 12
8387 12
8388 12
8389 12
8390 12
8391 12
8392 12
8393 12
8394 12
8395 12
8396 12
8397 12
8398 12
8399 12
8400 12
8401 12
8402 12
8403 12
8404 12
8405 12
8406 12
8407 12
8408 12
8409 12
8410 12
8411 12
8412 12
8413 12
8414 12
8415 12
8416 12
8417 12
8418 12
8419 12
8420 12
8421 12
8422 12
8423 12
8424 12
8425 12
8426 12
8427 12
8428 12
8429 12
8430 12
8431 12
8432 12
8433 12
8434 12
8435 12
8436 12
8437 12
8438 12
8439 12
8440 12
8441 12
8442 12
8443 12
8444 12
8445 12
8446 12
8447 12
8448 12
8449 12
8450 12
8451 12
8452 12
8453 12
8454 12
8455 12
8456 12
8457 12
8458 12
8459 12
8460 12
8461 12
8462 12
8463 12
8464 12
8465 12
8466 12
8467 12
8468 12
8469 12
8470 12
8471 12
8472 12
8473 12
8474 12
8475 12
8476 12
8477 12
8478 12
8479 12
8480 12
8481 12
8482 12
8483 12
8484 12
8485 12
8486 12
8487 12
8488 12
8489 12
8490 12
8491 12
8492 12
8493 12
8494 12
8495 12
8496 12
8497 12
8498 12
8499 12
8500 12
8501 12
8502 12
8503 12
8504 12
8505 12
8506 12
8507 12
8508 12
8509 12
8510 12
8511 12
8512 12
8513 12
8514 12
8515 12
8516 12
8517 12
8518 12
8519 12
8520 12
8521 12
8522 12
8523 12
8524 12
8525 12
8526 12
8527 12
8528 12
8529 12
8530 12
8531 12
8532 12
8533 12
8534 12
8535 12
8536 12
8537 12
8538 12
8539 12
8540 12
8541 12
8542 12
8543 12
8544 12
8545 12
8546 12
8547 12
8548 12
8549 12
8550 12
8551 12
8552 12
8553 12
8554 12
8555 12
8556 12
8557 12
8558 12
8559 12
8560 12
8561 12
8562 12
8563 12
8564 12
8565 12
8566 12
8567 12
8568 12
8569 12
8570 12
8571 12
8572 12
8573 12
8574 12
8575 12
8576 12
8577 12
8578 12
8579 12
8580 12
8581 12
8582 12
8583 12
8584 12
8585 12
8586 12
8587 12
8588 12
8589 12
8590 12
8591 12
8592 12
8593 12
8594 12
8595 12
8596 12
8597 12
8598 12
8599 12
8600 12
8601 12
8602 12
8603 12
8604 12
8605 12
8606 12
8607 12
8608 12
8609 12
8610 12
8611 12
8612 12
8613 12
8614 12
8615 12
8616 12
8617 12
8618 12
8619 12
8620 12
8621 12
8622 12
8623 12
8624 12
8625 12
8626 12
8627 12
8628 12
8629 12
8630 12
8631 12
8632 12
8633 12
8634 12
8635 12
8636 12
8637 12
8638 12
8639 12
8640 12
8641 12
8642 12
8643 12
8644 12
8645 12
8646 12
8647 12
8648 12
8649 12
8650 12
8651 12
8652 12
8653 12
8654 12
8655 12
8656 12
8657 12
8658 12
8659 12
8660 12
8661 12
8662 12
8663 12
8664 12
8665 12
8666 12
8667 12
8668 12
8669 12
8670 12
8671 12
8672 12
8673 12
8674 12
8675 12
8676 12
8677 12
8678 12
8679 12
8680 12
8681 12
8682 12
8683 12
8684 12
8685 12
8686 12
8687 12
8688 12
8689 12
8690 12
8691 12
8692 12
8693 12
8694 12
8695 12
8696 12
8697 12
8698 12
8699 12
8700 12
8701 12
8702 12
8703 12
8704 12
8705 12
8706 12
8707 12
8708 12
8709 12
8710 12
8711 12
8712 12
8713 12
8714 12
8715 12
8716 12
8717 12
8718 12
8719 12
8720 12
8721 12
8722 12
8723 12
8724 12
8725 12
8726 12
8727 12
8728 12
8729 12
8730 12
8731 12
8732 12
8733 12
8734 12
8735 12
8736 12
8737 12
8738 12
8739 12
8740 12
8741 12
8742 12
8743 12
8744 12
8745 12
8746 12
8747 12
8748 12
8749 12
8750 12
8751 12
8752 12
8753 12
8754 12
8755 12
8756 12
8757 12
8758 12
8759 12
8760 12
8761 12
8762 12
8763 12
8764 12
8765 12
8766 12
8767 12
8768 12
8769 12
8770 12
8771 12
8772 12
8773 12
8774 12
8775 12
8776 12
8777 12
8778 12
8779 12
8780 12
8781 12
8782 12
8783 12
8784 12
8785 12
8786 12
8787 12
8788 12
8789 12
8790 12
8791 12
8792 12
8793 12
8794 12
8795 12
8796 12
8797 12
8798 12
8799 12
8800 12
8801 12
8802 12
8803 12
8804 12
8805 12
8806 12
8807 12
8808 12
8809 12
8810 12
8811 12
8812 12
8813 12
8814 12
8815 12
8816 12
8817 12
8818 12
8819 12
8820 12
8821 12
8822 12
8823 12
8824 12
8825 12
8826 12
8827 12
8828 12
8829 12
8830 12
8831 12
8832 12
8833 12
8834 12
8835 12
8836 12
8837 12
8838 12
8839 12
8840 12
8841 12
8842 12
8843 12
8844 12
8845 12
8846 12
8847 12
8848 12
8849 12
8850 12
8851 12
8852 12
8853 12
8854 12
8855 12
8856 12
8857 12
8858 12
8859 12
8860 12
8861 12
8862 12
8863 12
8864 12
8865 12
8866 12
8867 12
8868 12
8869 12
8870 12
8871 12
8872 12
8873 12
8874 12
8875 12
8876 12
8877 12
8878 12
8879 12
8880 12
8881 12
8882 12
8883 12
8884 12
8885 12
8886 12
8887 12
8888 12
8889 12
8890 12
8891 12
8892 12
8893 12
8894 12
8895 12
8896 12
8897 12
8898 12
8899 12
8900 12
8901 12
8902 12
8903 12
8904 12
8905 12
8906 12
8907 12
8908 12
8909 12
8910 12
8911 12
8912 12
8913 12
8914 12
8915 12
8916 12
8917 12
8918 12
8919 12
8920 12
8921 12
8922 12
8923 12
8924 12
8925 12
8926 12
8927 12
8928 12
8929 12
8930 12
8931 12
8932 12
8933 12
8934 12
8935 12
8936 12
8937 12
8938 12
8939 12
8940 12
8941 12
8942 12
8943 12
8944 12
8945 12
8946 12
8947 12
8948 12
8949 12
8950 12
8951 12
8952 12
8953 12
8954 12
8955 12
8956 12
8957 12
8958 12
8959 12
8960 12
8961 12
8962 12
8963 12
8964 12
8965 12
8966 12
8967 12
8968 12
8969 12
8970 12
8971 12
8972 12
8973 12
8974 12
8975 12
8976 12
8977 12
8978 12
8979 12
8980 12
8981 12
8982 12
8983 12
8984 12
8985 12
8986 12
8987 12
8988 12
8989 12
8990 12
8991 12
8992 12
8993 12
8994 12
8995 12
8996 12
8997 12
8998 12
8999 12
9000 12
9001 12
9002 12
9003 12
9004 12
9005 12
9006 12
9007 12
9008 12
9009 12
9010 12
9011 12
9012 12
9013 12
9014 12
9015 12
9016 12
9017 12
9018 12
9019 12
9020 12
9021 12
9022 12
9023 12
9024 12
9025 12
9026 12
9027 12
9028 12
9029 12
9030 12
9031 12
9032 12
9033 12
9034 12
9035 12
9036 12
9037 12
9038 12
9039 12
9040 12
9041 12
9042 12
9043 12
9044 12
9045 12
9046 12
9047 12
9048 12
9049 12
9050 12
9051 12
9052 12
9053 12
9054 12
9055 12
9056 12
9057 12
9058 12
9059 12
9060 12
9061 12
9062 12
9063 12
9064 12
9065 12
9066 12
9067 12
9068 12
9069 12
9070 12
9071 12
9072 12
9073 12
9074 12
9075 12
9076 12
9077 12
9078 12
9079 12
9080 12
9081 12
9082 12
9083 12
9084 12
9085 12
9086 12
9087 12
9088 12
9089 12
9090 12
9091 12
9092 12
9093 12
9094 12
9095 12
9096 12
9097 12
9098 12
9099 12
9100 12
9101 12
9102 12
9103 12
9104 12
9105 12
9106 12
9107 12
9108 12
9109 12
9110 12
9111 12
9112 12
9113 12
9114 12
9115 12
9116 12
9117 12
9118 12
9119 12
9120 12
9121 12
9122 12
9123 12
9124 12
9125 12
9126 12
9127 12
9128 12
9129 12
9130 12
9131 12
9132 12
9133 12
9134 12
9135 12
9136 12
9137 12
9138 12
9139 12
9140 12
9141 12
9142 12
9143 12
9144 12
9145 12
9146 12
9147 12
9148 12
9149 12
9150 12
9151 13
9152 13
9153 13
9154 13
9155 13
9156 13
9157 13
9158 13
9159 13
9160 13
9161 13
9162 13
9163 13
9164 13
9165 13
9166 13
9167 13
9168 13
9169 13
9170 13
9171 13
9172 13
9173 13
9174 13
9175 13
9176 13
9177 13
9178 13
9179 13
9180 13
9181 13
9182 13
9183 13
9184 13
9185 13
9186 13
9187 13
9188 13
9189 13
9190 13
9191 13
9192 13
9193 13
9194 13
9195 13
9196 13
9197 13
9198 13
9199 13
9200 13
9201 13
9202 13
9203 13
9204 13
9205 13
9206 13
9207 13
9208 13
9209 13
9210 13
9211 13
9212 13
9213 13
9214 13
9215 13
9216 13
9217 13
9218 13
9219 13
9220 13
9221 13
9222 13
9223 13
9224 13
9225 13
9226 13
9227 13
9228 13
9229 13
9230 13
9231 13
9232 13
9233 13
9234 13
9235 13
9236 13
9237 13
9238 13
9239 13
9240 13
9241 13
9242 13
9243 13
9244 13
9245 13
9246 13
9247 13
9248 13
9249 13
9250 13
9251 13
9252 13
9253 13
9254 13
9255 13
9256 13
9257 13
9258 13
9259 13
9260 13
9261 13
9262 13
9263 13
9264 13
9265 13
9266 13
9267 13
9268 13
9269 13
9270 13
9271 13
9272 13
9273 13
9274 13
9275 13
9276 13
9277 13
9278 13
9279 13
9280 13
9281 13
9282 13
9283 13
9284 13
9285 13
9286 13
9287 13
9288 13
9289 13
9290 13
9291 13
9292 13
9293 13
9294 13
9295 13
9296 13
9297 13
9298 13
9299 13
9300 13
9301 13
9302 13
9303 13
9304 13
9305 13
9306 13
9307 13
9308 13
9309 13
9310 13
9311 13
9312 13
9313 13
9314 13
9315 13
9316 13
9317 13
9318 13
9319 13
9320 13
9321 13
9322 13
9323 13
9324 13
9325 13
9326 13
9327 13
9328 13
9329 13
9330 13
9331 13
9332 13
9333 13
9334 13
9335 13
9336 13
9337 13
9338 13
9339 13
9340 13
9341 13
9342 13
9343 13
9344 13
9345 13
9346 13
9347 13
9348 13
9349 13
9350 13
9351 13
9352 13
9353 13
9354 13
9355 13
9356 13
9357 13
9358 13
9359 13
9360 13
9361 13
9362 13
9363 13
9364 13
9365 13
9366 13
9367 13
9368 13
9369 13
9370 13
9371 13
9372 13
9373 13
9374 13
9375 13
9376 13
9377 13
9378 13
9379 13
9380 13
9381 13
9382 13
9383 13
9384 13
9385 13
9386 13
9387 13
9388 13
9389 13
9390 13
9391 13
9392 13
9393 13
9394 13
9395 13
9396 13
9397 13
9398 13
9399 13
9400 13
9401 13
9402 13
9403 13
9404 13
9405 13
9406 13
9407 13
9408 13
9409 13
9410 13
9411 13
9412 13
9413 13
9414 13
9415 13
9416 13
9417 13
9418 13
9419 13
9420 13
9421 13
9422 13
9423 13
9424 13
9425 13
9426 13
9427 13
9428 13
9429 13
9430 13
9431 13
9432 13
9433 13
9434 13
9435 13
9436 13
9437 13
9438 13
9439 13
9440 13
9441 13
9442 13
9443 13
9444 13
9445 13
9446 13
9447 13
9448 13
9449 13
9450 13
9451 13
9452 13
9453 13
9454 13
9455 13
9456 13
9457 13
9458 13
9459 13
9460 13
9461 13
9462 13
9463 13
9464 13
9465 13
9466 13
9467 13
9468 13
9469 13
9470 13
9471 13
9472 13
9473 13
9474 13
9475 13
9476 13
9477 13
9478 13
9479 13
9480 13
9481 13
9482 13
9483 13
9484 13
9485 13
9486 13
9487 13
9488 13
9489 13
9490 13
9491 13
9492 13
9493 13
9494 13
9495 13
9496 13
9497 13
9498 13
9499 13
9500 13
9501 13
9502 13
9503 13
9504 13
9505 13
9506 13
9507 13
9508 13
9509 13
9510 13
9511 13
9512 13
9513 13
9514 13
9515 13
9516 13
9517 13
9518 13
9519 13
9520 13
9521 13
9522 13
9523 13
9524 13
9525 13
9526 13
9527 13
9528 13
9529 13
9530 13
9531 13
9532 13
9533 13
9534 13
9535 13
9536 13
9537 13
9538 13
9539 13
9540 13
9541 13
9542 13
9543 13
9544 13
9545 13
9546 13
9547 13
9548 13
9549 13
9550 13
9551 13
9552 13
9553 13
9554 13
9555 13
9556 13
9557 13
9558 13
9559 13
9560 13
9561 13
9562 13
9563 13
9564 13
9565 13
9566 13
9567 13
9568 13
9569 13
9570 13
9571 13
9572 13
9573 13
9574 13
9575 13
9576 13
9577 13
9578 13
9579 13
9580 13
9581 13
9582 13
9583 13
9584 13
9585 13
9586 13
9587 13
9588 13
9589 13
9590 13
9591 13
9592 13
9593 13
9594 13
9595 13
9596 13
9597 13
9598 13
9599 13
9600 13
9601 13
9602 13
9603 13
9604 13
9605 13
9606 13
9607 13
9608 13
9609 13
9610 13
9611 13
9612 13
9613 13
9614 13
9615 13
9616 13
9617 13
9618 13
9619 13
9620 13
9621 13
9622 13
9623 13
9624 13
9625 13
9626 13
9627 13
9628 13
9629 13
9630 13
9631 13
9632 13
9633 13
9634 13
9635 13
9636 13
9637 13
9638 13
9639 13
9640 13
9641 13
9642 13
9643 13
9644 13
9645 13
9646 13
9647 13
9648 13
9649 13
9650 13
9651 13
9652 13
9653 13
9654 13
9655 13
9656 13
9657 13
9658 13
9659 13
9660 13
9661 13
9662 13
9663 13
9664 13
9665 13
9666 13
9667 13
9668 13
9669 13
9670 13
9671 13
9672 13
9673 13
9674 13
9675 13
9676 13
9677 13
9678 13
9679 13
9680 13
9681 13
9682 13
9683 13
9684 13
9685 13
9686 13
9687 13
9688 13
9689 13
9690 13
9691 13
9692 13
9693 13
9694 13
9695 13
9696 13
9697 13
9698 13
9699 13
9700 13
9701 13
9702 13
9703 13
9704 13
9705 13
9706 13
9707 13
9708 13
9709 13
9710 13
9711 13
9712 13
9713 13
9714 13
9715 13
9716 13
9717 13
9718 13
9719 13
9720 13
9721 13
9722 13
9723 13
9724 13
9725 13
9726 13
9727 13
9728 13
9729 13
9730 13
9731 13
9732 13
9733 13
9734 13
9735 13
9736 13
9737 13
9738 13
9739 13
9740 13
9741 13
9742 13
9743 13
9744 13
9745 13
9746 13
9747 13
9748 13
9749 13
9750 13
9751 13
9752 13
9753 13
9754 13
9755 13
9756 13
9757 13
9758 13
9759 13
9760 13
9761 13
9762 13
9763 13
9764 13
9765 13
9766 13
9767 13
9768 13
9769 13
9770 13
9771 13
9772 13
9773 13
9774 13
9775 13
9776 13
9777 13
9778 13
9779 13
9780 13
9781 13
9782 13
9783 13
9784 13
9785 13
9786 13
9787 13
9788 13
9789 13
9790 13
9791 13
9792 13
9793 13
9794 13
9795 13
9796 13
9797 13
9798 13
9799 13
9800 13
9801 13
9802 13
9803 13
9804 13
9805 13
9806 13
9807 13
9808 13
9809 13
9810 13
9811 13
9812 13
9813 13
9814 13
9815 13
9816 13
9817 13
9818 13
9819 13
9820 13
9821 13
9822 13
9823 13
9824 13
9825 13
9826 13
9827 13
9828 13
9829 13
9830 13
9831 13
9832 13
9833 13
9834 13
9835 13
9836 13
9837 13
9838 13
9839 13
9840 13
9841 13
9842 13
9843 13
9844 13
9845 13
9846 13
9847 13
9848 13
9849 13
9850 13
9851 13
9852 13
9853 13
9854 13
9855 13
9856 13
9857 13
9858 13
9859 13
9860 13
9861 13
9862 13
9863 13
9864 13
9865 13
9866 13
9867 13
9868 13
9869 13
9870 13
9871 13
9872 13
9873 13
9874 13
9875 13
9876 13
9877 13
9878 13
9879 13
9880 13
9881 13
9882 13
9883 13
9884 13
9885 13
9886 13
9887 13
9888 13
9889 13
9890 13
9891 13
9892 13
9893 13
9894 13
9895 13
9896 13
9897 13
9898 13
9899 13
9900 13
9901 13
9902 13
9903 13
9904 13
9905 13
9906 13
9907 13
9908 13
9909 13
9910 13
9911 13
9912 13
9913 13
9914 13
9915 13
9916 13
9917 13
9918 13
9919 13
9920 13
9921 13
9922 13
9923 13
9924 13
9925 13
9926 13
9927 13
9928 13
9929 13
9930 13
9931 13
9932 13
9933 13
9934 13
9935 13
9936 13
9937 13
9938 13
9939 13
9940 13
9941 13
9942 13
9943 13
9944 13
9945 13
9946 13
9947 13
9948 13
9949 13
9950 13
9951 13
9952 13
9953 13
9954 13
9955 13
9956 13
9957 13
9958 13
9959 13
9960 13
9961 13
9962 13
9963 13
9964 13
9965 13
9966 13
9967 13
9968 13
9969 13
9970 13
9971 13
9972 13
9973 13
9974 13
9975 13
9976 13
9977 13
9978 13
9979 13
9980 13
9981 13
9982 13
9983 13
9984 13
9985 13
9986 13
9987 13
9988 13
9989 13
9990 13
9991 13
9992 13
9993 13
9994 13
9995 13
9996 13
9997 13
9998 13
9999 13
10000 13
