1000 2
1001 2
1002 2
1003 2
1004 2
1005 2
1006 2
1007 2
1008 2
1009 2
1010 2
1011 2
1012 2
1013 2
1014 2
1015 2
1016 2
1017 2
1018 2
1019 2
1020 2
1021 2
1022 2
1023 2
1024 2
1025 2
1026 2
1027 2
1028 2
1029 2
1030 2
1031 2
1032 2
1033 2
1034 2
1035 2
1036 2
1037 2
1038 2
1039 2
1040 2
1041 2
1042 2
1043 2
1044 2
1045 2
1046 2
1047 2
1048 2
1049 2
1050 2
1051 2
1052 2
1053 2
1054 2
1055 2
1056 2
1057 2
1058 2
1059 2
1060 2
1061 2
1062 2
1063 2
1064 2
1065 2
1066 2
1067 2
1068 2
1069 2
1070 2
1071 2
1072 2
1073 2
1074 2
1075 2
1076 2
1077 2
1078 2
1079 2
1080 2
1081 2
1082 2
1083 2
1084 2
1085 2
1086 2
1087 2
1088 2
1089 2
1090 2
1091 2
1092 2
1093 2
1094 2
1095 2
1096 2
1097 2
1098 2
1099 2
1100 2
1101 2
1102 2
1103 2
1104 2
1105 2
1106 2
1107 2
1108 2
1109 2
1110 2
1111 2
1112 2
1113 2
1114 2
1115 2
1116 2
1117 2
1118 2
1119 2
1120 2
1121 2
1122 2
1123 2
1124 2
1125 2
1126 2
1127 2
1128 2
1129 2
1130 2
1131 2
1132 2
1133 2
1134 2
1135 2
1136 2
1137 2
1138 2
1139 2
1140 2
1141 2
1142 2
1143 2
1144 2
1145 2
1146 2
1147 2
1148 2
1149 2
1150 2
1151 2
1152 2
1153 2
1154 2
1155 2
1156 2
1157 2
1158 2
1159 2
1160 2
1161 2
1162 2
1163 2
1164 2
1165 2
1166 2
1167 2
1168 2
1169 2
1170 2
1171 2
1172 2
1173 2
1174 2
1175 2
1176 2
1177 2
1178 2
1179 2
1180 2
1181 2
1182 2
1183 2
1184 2
1185 2
1186 2
1187 2
1188 2
1189 2
1190 2
1191 2
1192 2
1193 2
1194 2
1195 2
1196 2
1197 2
1198 2
1199 2
1200 2
1201 2
1202 2
1203 2
1204 2
1205 2
1206 2
1207 2
1208 2
1209 2
1210 2
1211 2
1212 2
1213 2
1214 2
1215 2
1216 2
1217 2
1218 2
1219 2
1220 2
1221 2
1222 2
1223 2
1224 2
1225 2
1226 2
1227 2
1228 2
1229 2
1230 2
1231 2
1232 2
1233 2
1234 2
1235 2
1236 2
1237 2
1238 2
1239 2
1240 2
1241 2
1242 2
1243 2
1244 2
1245 2
1246 2
1247 2
1248 2
1249 2
1250 2
1251 2
1252 2
1253 2
1254 2
1255 2
1256 2
1257 2
1258 2
1259 2
1260 2
1261 2
1262 2
1263 2
1264 2
1265 2
1266 2
1267 2
1268 2
1269 2
1270 2
1271 2
1272 2
1273 2
1274 2
1275 2
1276 2
1277 2
1278 2
1279 2
1280 2
1281 2
1282 2
1283 2
1284 2
1285 2
1286 2
1287 2
1288 2
1289 2
1290 2
1291 2
1292 2
1293 2
1294 2
1295 2
1296 2
1297 2
1298 2
1299 2
1300 2
1301 2
1302 2
1303 2
1304 2
1305 2
1306 2
1307 2
1308 2
1309 2
1310 2
1311 2
1312 2
1313 2
1314 2
1315 2
1316 2
1317 2
1318 2
1319 2
1320 2
1321 2
1322 2
1323 2
1324 2
1325 2
1326 2
1327 2
1328 2
1329 3
1330 3
1331 3
1332 3
1333 3
1334 3
1335 3
1336 3
1337 3
1338 3
1339 3
1340 3
1341 3
1342 3
1343 3
1344 3
1345 3
1346 3
1347 3
1348 3
1349 3
1350 3
1351 3
1352 3
1353 3
1354 3
1355 3
1356 3
1357 3
1358 3
1359 3
1360 3
1361 3
1362 3
1363 3
1364 3
1365 3
1366 3
1367 3
1368 3
1369 3
1370 3
1371 3
1372 3
1373 3
1374 3
1375 3
1376 3
1377 3
1378 3
1379 3
1380 3
1381 3
1382 3
1383 3
1384 3
1385 3
1386 3
1387 3
1388 3
1389 3
1390 3
1391 3
1392 3
1393 3
1394 3
1395 3
1396 3
1397 3
1398 3
1399 3
1400 3
1401 3
1402 3
1403 3
1404 3
1405 3
1406 3
1407 3
1408 3
1409 3
1410 3
1411 3
1412 3
1413 3
1414 3
1415 3
1416 3
1417 3
1418 3
1419 3
1420 3
1421 3
1422 3
1423 3
1424 3
1425 3
1426 3
1427 3
1428 3
1429 3
1430 3
1431 3
1432 3
1433 3
1434 3
1435 3
1436 3
1437 3
1438 3
1439 3
1440 3
1441 3
1442 3
1443 3
1444 3
1445 3
1446 3
1447 3
1448 3
1449 3
1450 3
1451 3
1452 3
1453 3
1454 3
1455 3
1456 3
1457 3
1458 3
1459 3
1460 3
1461 3
1462 3
1463 3
1464 3
1465 3
1466 3
1467 3
1468 3
1469 3
1470 3
1471 3
1472 3
1473 3
1474 3
1475 3
1476 3
1477 4
1478 4
1479 4
1480 4
1481 4
1482 4
1483 4
1484 4
1485 4
1486 4
1487 4
1488 4
1489 4
1490 4
1491 4
1492 4
1493 4
1494 4
1495 4
1496 4
1497 4
1498 4
1499 4
1500 4
1501 4
1502 4
1503 4
1504 4
1505 4
1506 4
1507 4
1508 4
1509 4
1510 4
1511 4
1512 4
1513 4
1514 4
1515 4
1516 4
1517 4
1518 4
1519 4
1520 4
1521 4
1522 4
1523 4
1524 4
1525 4
1526 4
1527 4
1528 4
1529 4
1530 4
1531 4
1532 4
1533 4
1534 4
1535 4
1536 4
1537 4
1538 4
1539 4
1540 4
1541 4
1542 4
1543 4
1544 4
1545 4
1546 4
1547 4
1548 4
1549 4
1550 4
1551 4
1552 4
1553 4
1554 4
1555 4
1556 4
1557 4
1558 4
1559 4
1560 4
1561 4
1562 4
1563 4
1564 4
1565 4
1566 4
1567 4
1568 4
1569 4
1570 4
1571 4
1572 4
1573 4
1574 4
1575 4
1576 4
1577 4
1578 4
1579 4
1580 4
1581 4
1582 4
1583 4
1584 4
1585 4
1586 4
1587 4
1588 4
1589 4
1590 4
1591 4
1592 4
1593 4
1594 4
1595 4
1596 4
1597 4
1598 4
1599 4
1600 4
1601 4
1602 4
1603 4
1604 4
1605 4
1606 4
1607 4
1608 4
1609 4
1610 4
1611 4
1612 4
1613 4
1614 4
1615 4
1616 4
1617 4
1618 4
1619 4
1620 4
1621 4
1622 4
1623 4
1624 4
1625 4
1626 4
1627 4
1628 4
1629 4
1630 4
1631 4
1632 4
1633 4
1634 4
1635 4
1636 4
1637 4
1638 4
1639 4
1640 4
1641 4
1642 4
1643 4
1644 4
1645 4
1646 4
1647 4
1648 4
1649 4
1650 4
1651 4
1652 4
1653 4
1654 4
1655 4
1656 4
1657 4
1658 4
1659 4
1660 4
1661 4
1662 4
1663 4
1664 4
1665 4
1666 4
1667 4
1668 4
1669 4
1670 4
1671 4
1672 4
1673 4
1674 4
1675 4
1676 4
1677 4
1678 4
1679 4
1680 4
1681 4
1682 4
1683 4
1684 4
1685 4
1686 4
1687 4
1688 4
1689 4
1690 4
1691 4
1692 4
1693 4
1694 4
1695 4
1696 4
1697 4
1698 4
1699 4
1700 4
1701 4
1702 4
1703 4
1704 4
1705 4
1706 4
1707 4
1708 4
1709 4
1710 4
1711 4
1712 4
1713 4
1714 4
1715 4
1716 4
1717 4
1718 4
1719 4
1720 4
1721 4
1722 4
1723 4
1724 4
1725 4
1726 4
1727 4
1728 4
1729 4
1730 4
1731 4
1732 4
1733 4
1734 4
1735 4
1736 4
1737 4
1738 4
1739 4
1740 4
1741 4
1742 4
1743 4
1744 4
1745 4
1746 4
1747 4
1748 4
1749 4
1750 4
1751 4
1752 4
1753 4
1754 4
1755 4
1756 4
1757 4
1758 4
1759 4
1760 4
1761 4
1762 4
1763 4
1764 4
1765 4
1766 4
1767 4
1768 4
1769 4
1770 4
1771 4
1772 4
1773 4
1774 4
1775 4
1776 4
1777 4
1778 4
1779 4
1780 4
1781 4
1782 4
1783 4
1784 4
1785 4
1786 4
1787 4
1788 4
1789 4
1790 4
1791 4
1792 4
1793 4
1794 4
1795 4
1796 4
1797 4
1798 4
1799 4
1800 4
1801 4
1802 4
1803 4
1804 4
1805 4
1806 4
1807 4
1808 4
1809 4
1810 4
1811 4
1812 4
1813 4
1814 4
1815 4
1816 4
1817 4
1818 4
1819 4
1820 4
1821 4
1822 4
1823 4
1824 4
1825 4
1826 4
1827 4
1828 4
1829 4
1830 4
1831 4
1832 4
1833 4
1834 4
1835 4
1836 4
1837 4
1838 4
1839 4
1840 4
1841 4
1842 4
1843 4
1844 4
1845 4
1846 4
1847 4
1848 4
1849 4
1850 4
1851 4
1852 4
1853 4
1854 4
1855 4
1856 4
1857 4
1858 4
1859 4
1860 4
1861 4
1862 4
1863 4
1864 4
1865 4
1866 4
1867 4
1868 4
1869 4
1870 4
1871 4
1872 4
1873 4
1874 4
1875 4
1876 4
1877 4
1878 4
1879 4
1880 4
1881 4
1882 4
1883 4
1884 4
1885 4
1886 4
1887 4
1888 4
1889 4
1890 4
1891 4
1892 4
1893 4
1894 4
1895 4
1896 4
1897 4
1898 4
1899 4
1900 4
1901 4
1902 4
1903 4
1904 4
1905 4
1906 4
1907 4
1908 4
1909 4
1910 4
1911 4
1912 4
1913 4
1914 4
1915 4
1916 4
1917 4
1918 4
1919 4
1920 4
1921 4
1922 4
1923 4
1924 4
1925 4
1926 4
1927 4
1928 4
1929 4
1930 4
1931 4
1932 4
1933 4
1934 4
1935 4
1936 4
1937 4
1938 4
1939 4
1940 4
1941 4
1942 4
1943 4
1944 4
1945 4
1946 4
1947 4
1948 4
1949 4
1950 4
1951 4
1952 4
1953 4
1954 4
1955 4
1956 4
1957 4
1958 4
1959 4
1960 4
1961 4
1962 4
1963 4
1964 4
1965 4
1966 4
1967 4
1968 4
1969 4
1970 4
1971 4
1972 4
1973 4
1974 4
1975 4
1976 4
1977 4
1978 4
1979 4
1980 4
1981 4
1982 4
1983 4
1984 4
1985 4
1986 4
1987 4
1988 4
1989 4
1990 4
1991 4
1992 4
1993 4
1994 4
1995 4
1996 4
1997 4
1998 4
1999 4
2000 4
2001 4
2002 4
2003 4
2004 4
2005 4
2006 4
2007 4
2008 4
2009 4
2010 4
2011 4
2012 4
2013 4
2014 4
2015 4
2016 4
2017 4
2018 4
2019 4
2020 4
2021 4
2022 4
2023 4
2024 4
2025 4
2026 4
2027 4
2028 4
2029 4
2030 4
2031 4
2032 4
2033 4
2034 4
2035 4
2036 4
2037 4
2038 4
2039 4
2040 4
2041 4
2042 4
2043 4
2044 4
2045 4
2046 4
2047 4
2048 4
2049 4
2050 4
2051 4
2052 4
2053 4
2054 4
2055 4
2056 4
2057 4
2058 4
2059 4
2060 4
2061 4
2062 4
2063 4
2064 4
2065 4
2066 4
2067 4
2068 4
2069 4
2070 4
2071 4
2072 4
2073 4
2074 4
2075 4
2076 4
2077 4
2078 4
2079 4
2080 4
2081 4
2082 4
2083 4
2084 4
2085 4
2086 4
2087 4
2088 4
2089 4
2090 4
2091 4
2092 4
2093 4
2094 4
2095 4
2096 4
2097 4
2098 4
2099 4
2100 4
2101 4
2102 4
2103 4
2104 4
2105 4
2106 4
2107 4
2108 4
2109 4
2110 4
2111 4
2112 4
2113 4
2114 4
2115 4
2116 4
2117 4
2118 4
2119 4
2120 4
2121 4
2122 4
2123 4
2124 4
2125 4
2126 4
2127 4
2128 4
2129 4
2130 4
2131 4
2132 4
2133 4
2134 4
2135 4
2136 4
2137 4
2138 4
2139 4
2140 4
2141 4
2142 4
2143 4
2144 4
2145 4
2146 4
2147 4
2148 4
2149 4
2150 4
2151 4
2152 4
2153 4
2154 4
2155 4
2156 4
2157 4
2158 4
2159 4
2160 4
2161 4
2162 4
2163 4
2164 4
2165 4
2166 4
2167 4
2168 4
2169 4
2170 4
2171 4
2172 4
2173 4
2174 4
2175 4
2176 4
2177 4
2178 4
2179 4
2180 4
2181 4
2182 4
2183 4
2184 4
2185 4
2186 4
2187 4
2188 4
2189 4
2190 4
2191 4
2192 4
2193 4
2194 4
2195 4
2196 4
2197 4
2198 4
2199 4
2200 4
2201 4
2202 4
2203 4
2204 4
2205 4
2206 4
2207 4
2208 4
2209 4
2210 4
2211 4
2212 4
2213 4
2214 4
2215 4
2216 4
2217 4
2218 4
2219 4
2220 4
2221 4
2222 4
2223 4
2224 4
2225 4
2226 4
2227 4
2228 4
2229 4
2230 4
2231 4
2232 4
2233 4
2234 4
2235 4
2236 4
2237 4
2238 4
2239 4
2240 4
2241 4
2242 4
2243 4
2244 4
2245 4
2246 4
2247 4
2248 4
2249 4
2250 4
2251 4
2252 4
2253 4
2254 4
2255 4
2256 4
2257 4
2258 4
2259 4
2260 4
2261 4
2262 4
2263 4
2264 4
2265 4
2266 4
2267 4
2268 4
2269 4
2270 4
2271 4
2272 4
2273 4
2274 4
2275 4
2276 4
2277 4
2278 4
2279 4
2280 4
2281 4
2282 4
2283 4
2284 4
2285 4
2286 4
2287 4
2288 4
2289 4
2290 4
2291 4
2292 4
2293 4
2294 4
2295 4
2296 4
2297 4
2298 4
2299 4
2300 4
2301 4
2302 4
2303 4
2304 4
2305 4
2306 4
2307 4
2308 4
2309 4
2310 4
2311 4
2312 4
2313 4
2314 4
2315 4
2316 4
2317 4
2318 4
2319 4
2320 4
2321 4
2322 4
2323 4
2324 4
2325 4
2326 4
2327 4
2328 4
2329 4
2330 4
2331 4
2332 4
2333 4
2334 4
2335 4
2336 4
2337 4
2338 4
2339 4
2340 4
2341 4
2342 4
2343 4
2344 4
2345 4
2346 4
2347 4
2348 4
2349 4
2350 4
2351 4
2352 4
2353 4
2354 4
2355 4
2356 4
2357 4
2358 4
2359 4
2360 4
2361 4
2362 4
2363 4
2364 4
2365 4
2366 4
2367 4
2368 4
2369 4
2370 4
2371 4
2372 4
2373 4
2374 4
2375 4
2376 4
2377 4
2378 4
2379 4
2380 4
2381 4
2382 4
2383 4
2384 4
2385 4
2386 4
2387 4
2388 4
2389 4
2390 4
2391 4
2392 4
2393 4
2394 4
2395 4
2396 4
2397 4
2398 4
2399 5
2400 5
2401 5
2402 5
2403 5
2404 5
2405 5
2406 5
2407 5
2408 5
2409 5
2410 5
2411 5
2412 5
2413 5
2414 5
2415 5
2416 5
2417 5
2418 5
2419 5
2420 5
2421 5
2422 5
2423 5
2424 5
2425 5
2426 5
2427 5
2428 5
2429 5
2430 5
2431 5
2432 5
2433 5
2434 5
2435 5
2436 5
2437 5
2438 5
2439 5
2440 5
2441 5
2442 5
2443 5
2444 5
2445 5
2446 5
2447 5
2448 5
2449 5
2450 5
2451 5
2452 5
2453 5
2454 5
2455 5
2456 5
2457 5
2458 5
2459 5
2460 5
2461 5
2462 5
2463 5
2464 5
2465 5
2466 5
2467 5
2468 5
2469 5
2470 5
2471 5
2472 5
2473 5
2474 5
2475 5
2476 5
2477 5
2478 5
2479 5
2480 5
2481 5
2482 5
2483 5
2484 5
2485 5
2486 5
2487 5
2488 5
2489 5
2490 5
2491 5
2492 5
2493 5
2494 5
2495 5
2496 5
2497 5
2498 5
2499 5
2500 5
2501 5
2502 5
2503 5
2504 5
2505 5
2506 5
2507 5
2508 5
2509 5
2510 5
2511 5
2512 5
2513 5
2514 5
2515 5
2516 5
2517 5
2518 5
2519 5
2520 5
2521 5
2522 5
2523 5
2524 5
2525 5
2526 5
2527 5
2528 5
2529 5
2530 5
2531 5
2532 5
2533 5
2534 5
2535 5
2536 5
2537 5
2538 5
2539 5
2540 5
2541 5
2542 5
2543 5
2544 5
2545 5
2546 5
2547 5
2548 5
2549 5
2550 5
2551 5
2552 5
2553 5
2554 5
2555 5
2556 5
2557 5
2558 5
2559 5
2560 5
2561 5
2562 5
2563 5
2564 5
2565 5
2566 5
2567 5
2568 5
2569 5
2570 5
2571 5
2572 5
2573 5
2574 5
2575 5
2576 5
2577 5
2578 5
2579 5
2580 5
2581 5
2582 5
2583 5
2584 5
2585 5
2586 5
2587 5
2588 5
2589 5
2590 5
2591 5
2592 5
2593 5
2594 5
2595 5
2596 5
2597 5
2598 5
2599 5
2600 5
2601 5
2602 5
2603 5
2604 5
2605 5
2606 5
2607 5
2608 5
2609 5
2610 5
2611 5
2612 5
2613 5
2614 5
2615 5
2616 5
2617 5
2618 5
2619 5
2620 5
2621 5
2622 5
2623 5
2624 5
2625 5
2626 5
2627 5
2628 5
2629 5
2630 5
2631 5
2632 5
2633 5
2634 5
2635 5
2636 5
2637 5
2638 5
2639 5
2640 5
2641 5
2642 5
2643 5
2644 5
2645 5
2646 5
2647 5
2648 5
2649 5
2650 5
2651 5
2652 5
2653 5
2654 5
2655 5
2656 5
2657 5
2658 5
2659 5
2660 5
2661 5
2662 5
2663 5
2664 5
2665 5
2666 5
2667 5
2668 5
2669 5
2670 5
2671 5
2672 5
2673 5
2674 5
2675 5
2676 5
2677 5
2678 5
2679 5
2680 5
2681 5
2682 5
2683 5
2684 5
2685 5
2686 5
2687 5
2688 5
2689 5
2690 5
2691 5
2692 5
2693 5
2694 5
2695 5
2696 5
2697 5
2698 5
2699 5
2700 5
2701 5
2702 5
2703 5
2704 5
2705 5
2706 5
2707 5
2708 5
2709 5
2710 5
2711 5
2712 5
2713 5
2714 5
2715 5
2716 5
2717 5
2718 5
2719 5
2720 5
2721 5
2722 5
2723 5
2724 5
2725 5
2726 5
2727 5
2728 5
2729 5
2730 5
2731 5
2732 5
2733 5
2734 5
2735 5
2736 5
2737 5
2738 5
2739 5
2740 5
2741 5
2742 5
2743 5
2744 5
2745 5
2746 5
2747 5
2748 5
2749 5
2750 5
2751 5
2752 5
2753 5
2754 5
2755 5
2756 5
2757 5
2758 5
2759 5
2760 5
2761 5
2762 5
2763 5
2764 5
2765 5
2766 5
2767 5
2768 5
2769 5
2770 5
2771 5
2772 5
2773 5
2774 5
2775 5
2776 5
2777 5
2778 5
2779 5
2780 5
2781 5
2782 5
2783 5
2784 5
2785 5
2786 5
2787 5
2788 5
2789 5
2790 5
2791 5
2792 5
2793 5
2794 5
2795 5
2796 5
2797 5
2798 5
2799 5
2800 5
2801 5
2802 5
2803 5
2804 5
2805 5
2806 5
2807 5
2808 5
2809 5
2810 5
2811 5
2812 5
2813 5
2814 5
2815 5
2816 5
2817 5
2818 5
2819 5
2820 5
2821 5
2822 5
2823 5
2824 5
2825 5
2826 5
2827 5
2828 5
2829 5
2830 5
2831 5
2832 5
2833 5
2834 5
2835 5
2836 5
2837 5
2838 5
2839 5
2840 5
2841 5
2842 5
2843 5
2844 5
2845 5
2846 5
2847 5
2848 5
2849 5
2850 5
2851 5
2852 5
2853 5
2854 5
2855 5
2856 5
2857 5
2858 5
2859 5
2860 5
2861 5
2862 5
2863 5
2864 5
2865 5
2866 5
2867 5
2868 5
2869 5
2870 5
2871 5
2872 5
2873 5
2874 5
2875 5
2876 5
2877 5
2878 5
2879 5
2880 5
2881 5
2882 5
2883 5
2884 5
2885 5
2886 5
2887 5
2888 5
2889 5
2890 5
2891 5
2892 5
2893 5
2894 5
2895 5
2896 5
2897 5
2898 5
2899 5
2900 5
2901 5
2902 5
2903 5
2904 5
2905 5
2906 5
2907 5
2908 5
2909 5
2910 5
2911 5
2912 5
2913 5
2914 5
2915 5
2916 5
2917 5
2918 5
2919 5
2920 5
2921 5
2922 5
2923 5
2924 5
2925 5
2926 5
2927 5
2928 5
2929 5
2930 5
2931 5
2932 5
2933 5
2934 5
2935 5
2936 5
2937 5
2938 5
2939 5
2940 5
2941 5
2942 5
2943 5
2944 6
2945 6
2946 6
2947 6
2948 6
2949 6
2950 6
2951 6
2952 6
2953 6
2954 6
2955 6
2956 6
2957 6
2958 6
2959 6
2960 6
2961 6
2962 6
2963 6
2964 6
2965 6
2966 6
2967 6
2968 6
2969 6
2970 6
2971 6
2972 6
2973 6
2974 6
2975 6
2976 6
2977 6
2978 6
2979 6
2980 6
2981 6
2982 6
2983 6
2984 6
2985 6
2986 6
2987 6
2988 6
2989 6
2990 6
2991 6
2992 6
2993 6
2994 6
2995 6
2996 6
2997 6
2998 6
2999 6
3000 6
3001 6
3002 6
3003 6
3004 6
3005 6
3006 6
3007 6
3008 6
3009 6
3010 6
3011 6
3012 6
3013 6
3014 6
3015 6
3016 6
3017 6
3018 6
3019 6
3020 6
3021 6
3022 6
3023 6
3024 6
3025 6
3026 6
3027 6
3028 6
3029 6
3030 6
3031 6
3032 6
3033 6
3034 6
3035 6
3036 6
3037 6
3038 6
3039 6
3040 6
3041 6
3042 6
3043 6
3044 6
3045 6
3046 6
3047 6
3048 6
3049 6
3050 6
3051 6
3052 6
3053 6
3054 6
3055 6
3056 6
3057 6
3058 6
3059 6
3060 6
3061 6
3062 6
3063 6
3064 6
3065 6
3066 6
3067 6
3068 6
3069 6
3070 6
3071 6
3072 6
3073 6
3074 6
3075 6
3076 6
3077 6
3078 6
3079 6
3080 6
3081 6
3082 6
3083 6
3084 6
3085 6
3086 6
3087 6
3088 6
3089 6
3090 6
3091 6
3092 6
3093 6
3094 6
3095 6
3096 6
3097 6
3098 6
3099 6
3100 6
3101 6
3102 6
3103 6
3104 6
3105 6
3106 6
3107 6
3108 6
3109 6
3110 6
3111 6
3112 6
3113 6
3114 6
3115 6
3116 6
3117 6
3118 6
3119 6
3120 6
3121 6
3122 6
3123 6
3124 6
3125 6
3126 6
3127 6
3128 6
3129 6
3130 6
3131 6
3132 6
3133 6
3134 6
3135 6
3136 6
3137 6
3138 6
3139 6
3140 6
3141 6
3142 6
3143 6
3144 6
3145 6
3146 6
3147 6
3148 6
3149 6
3150 6
3151 6
3152 6
3153 6
3154 6
3155 6
3156 6
3157 6
3158 6
3159 6
3160 6
3161 6
3162 6
3163 6
3164 6
3165 6
3166 6
3167 6
3168 6
3169 6
3170 6
3171 6
3172 6
3173 6
3174 6
3175 6
3176 6
3177 6
3178 6
3179 6
3180 6
3181 6
3182 6
3183 6
3184 6
3185 6
3186 6
3187 6
3188 6
3189 6
3190 6
3191 6
3192 6
3193 6
3194 6
3195 6
3196 6
3197 6
3198 6
3199 6
3200 6
3201 6
3202 6
3203 6
3204 6
3205 6
3206 6
3207 6
3208 6
3209 6
3210 6
3211 6
3212 6
3213 6
3214 6
3215 6
3216 6
3217 6
3218 6
3219 6
3220 6
3221 6
3222 6
3223 6
3224 6
3225 6
3226 6
3227 6
3228 6
3229 6
3230 6
3231 6
3232 6
3233 6
3234 6
3235 6
3236 6
3237 6
3238 6
3239 6
3240 6
3241 6
3242 6
3243 6
3244 6
3245 6
3246 6
3247 6
3248 6
3249 6
3250 6
3251 6
3252 6
3253 6
3254 6
3255 6
3256 6
3257 6
3258 6
3259 6
3260 6
3261 6
3262 6
3263 6
3264 6
3265 6
3266 6
3267 6
3268 6
3269 6
3270 6
3271 6
3272 6
3273 6
3274 6
3275 6
3276 6
3277 6
3278 6
3279 6
3280 6
3281 6
3282 6
3283 6
3284 6
3285 6
3286 6
3287 6
3288 6
3289 6
3290 6
3291 6
3292 6
3293 6
3294 6
3295 6
3296 6
3297 6
3298 6
3299 6
3300 6
3301 6
3302 6
3303 6
3304 6
3305 6
3306 6
3307 6
3308 6
3309 6
3310 6
3311 6
3312 6
3313 6
3314 6
3315 6
3316 6
3317 6
3318 6
3319 6
3320 6
3321 6
3322 6
3323 6
3324 6
3325 6
3326 6
3327 6
3328 6
3329 6
3330 6
3331 6
3332 6
3333 6
3334 6
3335 6
3336 6
3337 6
3338 6
3339 6
3340 6
3341 6
3342 6
3343 6
3344 6
3345 6
3346 6
3347 6
3348 6
3349 6
3350 6
3351 6
3352 6
3353 6
3354 6
3355 6
3356 6
3357 6
3358 6
3359 6
3360 6
3361 6
3362 6
3363 6
3364 6
3365 6
3366 6
3367 6
3368 6
3369 6
3370 6
3371 6
3372 6
3373 6
3374 6
3375 6
3376 6
3377 6
3378 6
3379 6
3380 6
3381 6
3382 6
3383 6
3384 6
3385 6
3386 6
3387 6
3388 6
3389 6
3390 6
3391 6
3392 6
3393 6
3394 6
3395 6
3396 6
3397 6
3398 6
3399 6
3400 6
3401 6
3402 6
3403 6
3404 6
3405 6
3406 6
3407 6
3408 6
3409 6
3410 6
3411 6
3412 6
3413 6
3414 6
3415 6
3416 6
3417 6
3418 6
3419 6
3420 6
3421 6
3422 6
3423 6
3424 6
3425 6
3426 6
3427 6
3428 6
3429 6
3430 6
3431 6
3432 6
3433 6
3434 6
3435 6
3436 6
3437 6
3438 6
3439 6
3440 6
3441 6
3442 6
3443 6
3444 6
3445 6
3446 6
3447 6
3448 6
3449 6
3450 6
3451 6
3452 6
3453 6
3454 6
3455 6
3456 6
3457 6
3458 6
3459 6
3460 6
3461 6
3462 6
3463 6
3464 6
3465 6
3466 6
3467 6
3468 6
3469 6
3470 6
3471 6
3472 6
3473 6
3474 6
3475 6
3476 6
3477 6
3478 6
3479 6
3480 6
3481 6
3482 6
3483 6
3484 6
3485 6
3486 6
3487 6
3488 6
3489 6
3490 6
3491 6
3492 6
3493 6
3494 6
3495 6
3496 6
3497 6
3498 6
3499 6
3500 6
3501 6
3502 6
3503 6
3504 6
3505 6
3506 6
3507 6
3508 6
3509 6
3510 6
3511 6
3512 6
3513 6
3514 6
3515 6
3516 6
3517 6
3518 6
3519 6
3520 6
3521 6
3522 6
3523 6
3524 6
3525 6
3526 6
3527 6
3528 6
3529 6
3530 6
3531 6
3532 6
3533 6
3534 6
3535 6
3536 6
3537 6
3538 6
3539 6
3540 6
3541 6
3542 6
3543 6
3544 6
3545 6
3546 6
3547 6
3548 6
3549 6
3550 6
3551 6
3552 6
3553 6
3554 6
3555 6
3556 6
3557 6
3558 6
3559 6
3560 6
3561 6
3562 6
3563 6
3564 6
3565 6
3566 6
3567 6
3568 6
3569 6
3570 6
3571 6
3572 6
3573 6
3574 6
3575 6
3576 6
3577 6
3578 6
3579 6
3580 6
3581 6
3582 6
3583 6
3584 6
3585 6
3586 6
3587 6
3588 6
3589 6
3590 6
3591 6
3592 6
3593 6
3594 6
3595 6
3596 6
3597 6
3598 6
3599 6
3600 6
3601 6
3602 6
3603 6
3604 6
3605 6
3606 6
3607 6
3608 6
3609 6
3610 6
3611 6
3612 6
3613 6
3614 6
3615 6
3616 6
3617 6
3618 6
3619 6
3620 6
3621 6
3622 6
3623 6
3624 6
3625 6
3626 6
3627 6
3628 6
3629 6
3630 6
3631 6
3632 6
3633 6
3634 6
3635 6
3636 6
3637 6
3638 6
3639 6
3640 6
3641 6
3642 6
3643 6
3644 6
3645 6
3646 6
3647 6
3648 6
3649 6
3650 6
3651 6
3652 6
3653 6
3654 6
3655 6
3656 6
3657 6
3658 6
3659 6
3660 6
3661 6
3662 6
3663 6
3664 6
3665 6
3666 6
3667 6
3668 6
3669 6
3670 6
3671 6
3672 6
3673 6
3674 6
3675 6
3676 6
3677 6
3678 6
3679 6
3680 6
3681 6
3682 6
3683 6
3684 6
3685 6
3686 6
3687 6
3688 6
3689 6
3690 6
3691 6
3692 6
3693 6
3694 6
3695 6
3696 6
3697 6
3698 6
3699 6
3700 6
3701 6
3702 6
3703 6
3704 6
3705 6
3706 6
3707 6
3708 6
3709 6
3710 6
3711 6
3712 6
3713 6
3714 6
3715 6
3716 6
3717 6
3718 6
3719 6
3720 6
3721 6
3722 6
3723 6
3724 6
3725 6
3726 6
3727 6
3728 6
3729 6
3730 6
3731 6
3732 6
3733 6
3734 6
3735 6
3736 6
3737 6
3738 6
3739 6
3740 6
3741 6
3742 6
3743 6
3744 6
3745 6
3746 6
3747 6
3748 6
3749 6
3750 6
3751 6
3752 6
3753 6
3754 6
3755 6
3756 6
3757 6
3758 6
3759 6
3760 6
3761 6
3762 6
3763 6
3764 6
3765 6
3766 6
3767 6
3768 6
3769 6
3770 6
3771 6
3772 6
3773 6
3774 6
3775 6
3776 6
3777 6
3778 6
3779 6
3780 6
3781 6
3782 6
3783 6
3784 6
3785 6
3786 6
3787 6
3788 7
3789 7
3790 7
3791 7
3792 7
3793 7
3794 7
3795 7
3796 7
3797 7
3798 7
3799 7
3800 7
3801 7
3802 7
3803 7
3804 7
3805 7
3806 7
3807 7
3808 7
3809 7
3810 7
3811 7
3812 7
3813 7
3814 7
3815 7
3816 7
3817 7
3818 7
3819 7
3820 7
3821 7
3822 7
3823 7
3824 7
3825 7
3826 7
3827 7
3828 7
3829 7
3830 7
3831 7
3832 7
3833 7
3834 7
3835 7
3836 7
3837 7
3838 7
3839 7
3840 7
3841 7
3842 7
3843 7
3844 7
3845 7
3846 7
3847 7
3848 7
3849 7
3850 7
3851 7
3852 7
3853 7
3854 7
3855 7
3856 7
3857 7
3858 7
3859 7
3860 7
3861 7
3862 7
3863 7
3864 7
3865 7
3866 7
3867 7
3868 7
3869 7
3870 7
3871 7
3872 7
3873 7
3874 7
3875 7
3876 7
3877 7
3878 7
3879 7
3880 7
3881 7
3882 7
3883 7
3884 7
3885 7
3886 7
3887 7
3888 7
3889 7
3890 7
3891 7
3892 7
3893 7
3894 7
3895 7
3896 7
3897 7
3898 7
3899 7
3900 7
3901 7
3902 7
3903 7
3904 7
3905 7
3906 7
3907 7
3908 7
3909 7
3910 7
3911 7
3912 7
3913 7
3914 7
3915 7
3916 7
3917 7
3918 7
3919 7
3920 7
3921 7
3922 7
3923 7
3924 7
3925 7
3926 7
3927 7
3928 7
3929 7
3930 7
3931 7
3932 7
3933 7
3934 7
3935 7
3936 7
3937 7
3938 7
3939 7
3940 7
3941 7
3942 7
3943 7
3944 7
3945 7
3946 7
3947 7
3948 7
3949 7
3950 7
3951 7
3952 7
3953 7
3954 7
3955 7
3956 7
3957 7
3958 7
3959 7
3960 7
3961 7
3962 7
3963 7
3964 7
3965 7
3966 7
3967 7
3968 7
3969 7
3970 7
3971 7
3972 7
3973 7
3974 7
3975 7
3976 7
3977 7
3978 7
3979 7
3980 7
3981 7
3982 7
3983 7
3984 7
3985 7
3986 7
3987 7
3988 7
3989 7
3990 7
3991 7
3992 7
3993 7
3994 7
3995 7
3996 7
3997 7
3998 7
3999 7
4000 7
4001 7
4002 7
4003 7
4004 7
4005 7
4006 7
4007 7
4008 7
4009 7
4010 7
4011 7
4012 7
4013 7
4014 7
4015 7
4016 7
4017 7
4018 7
4019 7
4020 7
4021 7
4022 7
4023 7
4024 7
4025 7
4026 7
4027 7
4028 7
4029 7
4030 7
4031 7
4032 7
4033 7
4034 7
4035 7
4036 7
4037 7
4038 7
4039 7
4040 7
4041 7
4042 7
4043 7
4044 7
4045 7
4046 7
4047 7
4048 7
4049 7
4050 7
4051 7
4052 7
4053 7
4054 7
4055 7
4056 7
4057 7
4058 7
4059 7
4060 7
4061 7
4062 7
4063 7
4064 7
4065 7
4066 7
4067 7
4068 7
4069 7
4070 7
4071 7
4072 7
4073 7
4074 7
4075 7
4076 7
4077 7
4078 7
4079 7
4080 7
4081 7
4082 7
4083 7
4084 7
4085 7
4086 7
4087 7
4088 7
4089 7
4090 7
4091 7
4092 7
4093 7
4094 7
4095 7
4096 7
4097 7
4098 7
4099 7
4100 7
4101 7
4102 7
4103 7
4104 7
4105 7
4106 7
4107 7
4108 7
4109 7
4110 7
4111 7
4112 7
4113 7
4114 7
4115 7
4116 7
4117 7
4118 7
4119 7
4120 7
4121 7
4122 7
4123 7
4124 7
4125 7
4126 7
4127 7
4128 7
4129 7
4130 7
4131 7
4132 7
4133 7
4134 7
4135 7
4136 7
4137 7
4138 7
4139 7
4140 7
4141 7
4142 7
4143 7
4144 7
4145 7
4146 7
4147 7
4148 7
4149 7
4150 7
4151 7
4152 7
4153 7
4154 7
4155 7
4156 7
4157 7
4158 7
4159 7
4160 7
4161 7
4162 7
4163 7
4164 7
4165 7
4166 7
4167 7
4168 7
4169 7
4170 7
4171 7
4172 7
4173 7
4174 7
4175 7
4176 7
4177 7
4178 7
4179 7
4180 7
4181 7
4182 7
4183 7
4184 7
4185 7
4186 7
4187 7
4188 7
4189 7
4190 7
4191 7
4192 7
4193 7
4194 7
4195 7
4196 7
4197 7
4198 7
4199 7
4200 7
4201 7
4202 7
4203 7
4204 7
4205 7
4206 7
4207 7
4208 7
4209 7
4210 7
4211 7
4212 7
4213 7
4214 7
4215 7
4216 7
4217 7
4218 7
4219 7
4220 7
4221 7
4222 7
4223 7
4224 7
4225 7
4226 7
4227 7
4228 7
4229 7
4230 7
4231 7
4232 7
4233 7
4234 7
4235 7
4236 7
4237 7
4238 7
4239 7
4240 7
4241 7
4242 7
4243 7
4244 7
4245 7
4246 7
4247 7
4248 7
4249 7
4250 7
4251 7
4252 7
4253 7
4254 7
4255 7
4256 7
4257 7
4258 7
4259 7
4260 7
4261 7
4262 7
4263 7
4264 7
4265 7
4266 7
4267 7
4268 7
4269 7
4270 7
4271 7
4272 7
4273 7
4274 7
4275 7
4276 7
4277 7
4278 7
4279 7
4280 7
4281 7
4282 7
4283 7
4284 7
4285 7
4286 7
4287 7
4288 7
4289 7
4290 7
4291 7
4292 7
4293 7
4294 7
4295 7
4296 7
4297 7
4298 7
4299 7
4300 7
4301 7
4302 7
4303 7
4304 7
4305 7
4306 7
4307 7
4308 7
4309 7
4310 7
4311 7
4312 7
4313 7
4314 7
4315 7
4316 7
4317 7
4318 7
4319 7
4320 7
4321 7
4322 7
4323 7
4324 7
4325 7
4326 7
4327 7
4328 7
4329 7
4330 7
4331 7
4332 7
4333 7
4334 7
4335 7
4336 7
4337 7
4338 7
4339 7
4340 7
4341 7
4342 7
4343 7
4344 7
4345 7
4346 7
4347 7
4348 7
4349 7
4350 7
4351 7
4352 7
4353 7
4354 7
4355 7
4356 7
4357 7
4358 7
4359 7
4360 7
4361 7
4362 7
4363 7
4364 7
4365 7
4366 7
4367 7
4368 7
4369 7
4370 7
4371 7
4372 7
4373 7
4374 7
4375 7
4376 7
4377 7
4378 7
4379 7
4380 7
4381 7
4382 7
4383 7
4384 7
4385 7
4386 7
4387 7
4388 7
4389 7
4390 7
4391 7
4392 7
4393 7
4394 7
4395 7
4396 7
4397 7
4398 7
4399 7
4400 7
4401 7
4402 7
4403 7
4404 7
4405 7
4406 7
4407 7
4408 7
4409 7
4410 7
4411 7
4412 7
4413 7
4414 7
4415 7
4416 7
4417 7
4418 7
4419 7
4420 7
4421 7
4422 7
4423 7
4424 7
4425 7
4426 7
4427 7
4428 7
4429 7
4430 7
4431 7
4432 7
4433 7
4434 7
4435 7
4436 7
4437 7
4438 7
4439 7
4440 7
4441 7
4442 7
4443 7
4444 7
4445 7
4446 7
4447 7
4448 7
4449 7
4450 7
4451 7
4452 7
4453 7
4454 7
4455 7
4456 7
4457 7
4458 7
4459 7
4460 7
4461 7
4462 7
4463 7
4464 7
4465 7
4466 7
4467 7
4468 7
4469 7
4470 7
4471 7
4472 7
4473 7
4474 7
4475 7
4476 7
4477 7
4478 7
4479 7
4480 7
4481 7
4482 7
4483 7
4484 7
4485 7
4486 7
4487 7
4488 7
4489 7
4490 7
4491 7
4492 7
4493 7
4494 7
4495 7
4496 7
4497 7
4498 7
4499 7
4500 7
4501 7
4502 7
4503 7
4504 7
4505 7
4506 7
4507 7
4508 7
4509 7
4510 7
4511 7
4512 7
4513 7
4514 7
4515 7
4516 7
4517 7
4518 7
4519 7
4520 7
4521 7
4522 7
4523 7
4524 7
4525 7
4526 7
4527 7
4528 7
4529 7
4530 7
4531 7
4532 7
4533 7
4534 7
4535 7
4536 7
4537 7
4538 7
4539 7
4540 7
4541 7
4542 7
4543 7
4544 7
4545 7
4546 7
4547 7
4548 7
4549 7
4550 7
4551 7
4552 7
4553 7
4554 7
4555 7
4556 7
4557 7
4558 7
4559 7
4560 7
4561 7
4562 7
4563 7
4564 7
4565 7
4566 7
4567 7
4568 7
4569 7
4570 7
4571 7
4572 7
4573 7
4574 7
4575 7
4576 7
4577 7
4578 7
4579 7
4580 7
4581 7
4582 7
4583 7
4584 7
4585 7
4586 7
4587 7
4588 7
4589 7
4590 7
4591 7
4592 7
4593 7
4594 7
4595 7
4596 7
4597 7
4598 7
4599 7
4600 7
4601 7
4602 7
4603 7
4604 7
4605 7
4606 7
4607 7
4608 7
4609 7
4610 7
4611 7
4612 7
4613 7
4614 7
4615 7
4616 7
4617 7
4618 7
4619 7
4620 7
4621 7
4622 7
4623 7
4624 7
4625 7
4626 7
4627 7
4628 7
4629 7
4630 7
4631 7
4632 7
4633 7
4634 7
4635 7
4636 7
4637 7
4638 7
4639 7
4640 7
4641 7
4642 7
4643 7
4644 7
4645 7
4646 7
4647 7
4648 7
4649 7
4650 7
4651 7
4652 7
4653 7
4654 7
4655 7
4656 7
4657 7
4658 7
4659 7
4660 7
4661 7
4662 7
4663 7
4664 7
4665 7
4666 7
4667 7
4668 7
4669 7
4670 7
4671 7
4672 7
4673 7
4674 7
4675 7
4676 7
4677 7
4678 7
4679 7
4680 7
4681 7
4682 7
4683 7
4684 7
4685 7
4686 7
4687 7
4688 7
4689 7
4690 7
4691 7
4692 7
4693 7
4694 7
4695 7
4696 7
4697 7
4698 7
4699 7
4700 7
4701 7
4702 7
4703 7
4704 7
4705 7
4706 7
4707 7
4708 7
4709 7
4710 7
4711 7
4712 7
4713 7
4714 7
4715 7
4716 7
4717 7
4718 7
4719 7
4720 7
4721 7
4722 7
4723 7
4724 7
4725 7
4726 7
4727 7
4728 7
4729 7
4730 7
4731 7
4732 7
4733 7
4734 7
4735 7
4736 7
4737 7
4738 7
4739 7
4740 7
4741 7
4742 7
4743 7
4744 7
4745 7
4746 7
4747 7
4748 7
4749 7
4750 7
4751 7
4752 7
4753 7
4754 7
4755 7
4756 7
4757 7
4758 7
4759 7
4760 7
4761 7
4762 7
4763 7
4764 7
4765 7
4766 7
4767 7
4768 7
4769 7
4770 7
4771 7
4772 7
4773 7
4774 7
4775 7
4776 7
4777 7
4778 7
4779 7
4780 7
4781 7
4782 7
4783 7
4784 7
4785 7
4786 7
4787 7
4788 7
4789 7
4790 7
4791 7
4792 7
4793 7
4794 7
4795 7
4796 7
4797 7
4798 7
4799 7
4800 7
4801 7
4802 7
4803 7
4804 7
4805 7
4806 7
4807 7
4808 7
4809 7
4810 7
4811 7
4812 7
4813 7
4814 7
4815 7
4816 7
4817 7
4818 7
4819 7
4820 7
4821 7
4822 7
4823 7
4824 7
4825 7
4826 7
4827 7
4828 7
4829 7
4830 7
4831 7
4832 7
4833 7
4834 7
4835 7
4836 7
4837 7
4838 7
4839 7
4840 7
4841 7
4842 7
4843 7
4844 7
4845 7
4846 7
4847 7
4848 7
4849 7
4850 7
4851 7
4852 7
4853 7
4854 7
4855 7
4856 7
4857 7
4858 7
4859 7
4860 7
4861 7
4862 7
4863 7
4864 7
4865 7
4866 7
4867 7
4868 7
4869 7
4870 7
4871 7
4872 7
4873 7
4874 7
4875 7
4876 7
4877 7
4878 7
4879 7
4880 7
4881 7
4882 7
4883 7
4884 7
4885 7
4886 7
4887 7
4888 7
4889 7
4890 7
4891 7
4892 7
4893 7
4894 7
4895 7
4896 7
4897 7
4898 7
4899 7
4900 7
4901 7
4902 7
4903 7
4904 7
4905 7
4906 7
4907 7
4908 7
4909 7
4910 7
4911 7
4912 7
4913 7
4914 7
4915 7
4916 7
4917 7
4918 7
4919 7
4920 7
4921 7
4922 7
4923 7
4924 7
4925 7
4926 7
4927 7
4928 7
4929 7
4930 7
4931 7
4932 7
4933 7
4934 7
4935 7
4936 7
4937 7
4938 7
4939 7
4940 7
4941 7
4942 7
4943 7
4944 7
4945 7
4946 7
4947 7
4948 7
4949 7
4950 7
4951 7
4952 7
4953 7
4954 7
4955 7
4956 7
4957 7
4958 7
4959 7
4960 7
4961 7
4962 7
4963 7
4964 7
4965 7
4966 7
4967 7
4968 7
4969 7
4970 7
4971 7
4972 7
4973 7
4974 7
4975 7
4976 7
4977 7
4978 7
4979 7
4980 7
4981 7
4982 7
4983 7
4984 7
4985 7
4986 7
4987 7
4988 7
4989 7
4990 7
4991 7
4992 7
4993 7
4994 7
4995 7
4996 7
4997 7
4998 7
4999 7
5000 7
5001 7
5002 7
5003 7
5004 7
5005 7
5006 7
5007 7
5008 7
5009 7
5010 7
5011 7
5012 7
5013 7
5014 7
5015 7
5016 7
5017 7
5018 7
5019 7
5020 7
5021 7
5022 7
5023 7
5024 7
5025 7
5026 7
5027 7
5028 7
5029 7
5030 7
5031 7
5032 7
5033 7
5034 7
5035 7
5036 7
5037 7
5038 7
5039 7
5040 7
5041 7
5042 7
5043 7
5044 7
5045 7
5046 7
5047 7
5048 7
5049 7
5050 7
5051 7
5052 7
5053 7
5054 7
5055 7
5056 7
5057 7
5058 7
5059 7
5060 7
5061 7
5062 7
5063 7
5064 7
5065 7
5066 7
5067 7
5068 7
5069 7
5070 7
5071 7
5072 7
5073 7
5074 7
5075 7
5076 7
5077 7
5078 7
5079 7
5080 7
5081 7
5082 7
5083 7
5084 7
5085 7
5086 7
5087 7
5088 7
5089 7
5090 7
5091 7
5092 7
5093 7
5094 7
5095 7
5096 7
5097 7
5098 7
5099 7
5100 7
5101 7
5102 7
5103 7
5104 7
5105 7
5106 7
5107 7
5108 7
5109 7
5110 7
5111 7
5112 7
5113 7
5114 7
5115 7
5116 7
5117 7
5118 7
5119 7
5120 7
5121 7
5122 7
5123 7
5124 7
5125 7
5126 7
5127 7
5128 7
5129 7
5130 7
5131 7
5132 7
5133 7
5134 7
5135 7
5136 7
5137 7
5138 7
5139 7
5140 7
5141 7
5142 7
5143 7
5144 7
5145 7
5146 7
5147 7
5148 7
5149 7
5150 7
5151 7
5152 7
5153 7
5154 7
5155 7
5156 7
5157 7
5158 7
5159 7
5160 7
5161 7
5162 7
5163 7
5164 7
5165 7
5166 7
5167 7
5168 7
5169 7
5170 7
5171 7
5172 7
5173 7
5174 7
5175 7
5176 7
5177 7
5178 7
5179 7
5180 7
5181 7
5182 7
5183 7
5184 7
5185 7
5186 7
5187 7
5188 7
5189 7
5190 7
5191 7
5192 7
5193 7
5194 7
5195 7
5196 7
5197 7
5198 7
5199 7
5200 7
5201 7
5202 7
5203 7
5204 7
5205 7
5206 7
5207 7
5208 7
5209 7
5210 7
5211 7
5212 7
5213 7
5214 7
5215 7
5216 7
5217 7
5218 7
5219 7
5220 7
5221 7
5222 7
5223 7
5224 7
5225 7
5226 7
5227 7
5228 7
5229 7
5230 7
5231 7
5232 7
5233 7
5234 7
5235 7
5236 7
5237 7
5238 7
5239 7
5240 7
5241 7
5242 7
5243 7
5244 7
5245 7
5246 7
5247 7
5248 7
5249 7
5250 7
5251 7
5252 7
5253 7
5254 7
5255 7
5256 7
5257 7
5258 7
5259 7
5260 7
5261 7
5262 7
5263 7
5264 7
5265 7
5266 7
5267 7
5268 7
5269 7
5270 7
5271 7
5272 7
5273 7
5274 7
5275 7
5276 7
5277 7
5278 7
5279 7
5280 7
5281 7
5282 7
5283 7
5284 7
5285 7
5286 7
5287 7
5288 7
5289 7
5290 7
5291 7
5292 7
5293 7
5294 7
5295 7
5296 7
5297 7
5298 7
5299 7
5300 7
5301 7
5302 7
5303 7
5304 7
5305 7
5306 7
5307 7
5308 7
5309 7
5310 7
5311 7
5312 7
5313 7
5314 7
5315 7
5316 7
5317 7
5318 7
5319 7
5320 7
5321 7
5322 7
5323 7
5324 7
5325 7
5326 7
5327 7
5328 7
5329 7
5330 7
5331 7
5332 7
5333 7
5334 7
5335 7
5336 7
5337 7
5338 7
5339 7
5340 7
5341 7
5342 7
5343 7
5344 7
5345 7
5346 7
5347 7
5348 7
5349 7
5350 7
5351 7
5352 7
5353 7
5354 7
5355 7
5356 7
5357 7
5358 7
5359 7
5360 7
5361 7
5362 7
5363 7
5364 7
5365 7
5366 7
5367 7
5368 7
5369 7
5370 7
5371 7
5372 7
5373 7
5374 7
5375 7
5376 7
5377 7
5378 7
5379 7
5380 7
5381 7
5382 7
5383 7
5384 7
5385 7
5386 7
5387 7
5388 7
5389 7
5390 7
5391 7
5392 7
5393 7
5394 7
5395 7
5396 7
5397 7
5398 7
5399 7
5400 7
5401 7
5402 7
5403 7
5404 7
5405 7
5406 7
5407 7
5408 7
5409 7
5410 7
5411 7
5412 7
5413 7
5414 7
5415 7
5416 7
5417 7
5418 7
5419 7
5420 7
5421 7
5422 7
5423 7
5424 7
5425 7
5426 7
5427 7
5428 7
5429 7
5430 7
5431 7
5432 7
5433 7
5434 7
5435 7
5436 7
5437 7
5438 7
5439 7
5440 7
5441 7
5442 7
5443 7
5444 7
5445 7
5446 7
5447 7
5448 7
5449 7
5450 7
5451 7
5452 7
5453 7
5454 7
5455 7
5456 7
5457 7
5458 7
5459 7
5460 7
5461 7
5462 7
5463 7
5464 7
5465 7
5466 7
5467 7
5468 7
5469 7
5470 7
5471 7
5472 7
5473 7
5474 7
5475 7
5476 7
5477 7
5478 7
5479 7
5480 7
5481 7
5482 7
5483 7
5484 7
5485 7
5486 7
5487 7
5488 7
5489 7
5490 7
5491 7
5492 7
5493 7
5494 7
5495 7
5496 7
5497 7
5498 7
5499 7
5500 7
5501 7
5502 7
5503 7
5504 7
5505 7
5506 7
5507 7
5508 7
5509 7
5510 7
5511 7
5512 7
5513 7
5514 7
5515 7
5516 7
5517 7
5518 7
5519 7
5520 7
5521 7
5522 7
5523 7
5524 7
5525 7
5526 7
5527 7
5528 7
5529 7
5530 7
5531 7
5532 7
5533 7
5534 7
5535 7
5536 7
5537 7
5538 7
5539 7
5540 7
5541 7
5542 7
5543 7
5544 7
5545 7
5546 7
5547 7
5548 7
5549 7
5550 8
5551 8
5552 8
5553 8
5554 8
5555 8
5556 8
5557 8
5558 8
5559 8
5560 8
5561 8
5562 8
5563 8
5564 8
5565 8
5566 8
5567 8
5568 8
5569 8
5570 8
5571 8
5572 8
5573 8
5574 8
5575 8
5576 8
5577 8
5578 8
5579 8
5580 8
5581 8
5582 8
5583 8
5584 8
5585 8
5586 8
5587 8
5588 8
5589 8
5590 8
5591 8
5592 8
5593 8
5594 8
5595 8
5596 8
5597 8
5598 8
5599 8
5600 8
5601 8
5602 8
5603 8
5604 8
5605 8
5606 8
5607 8
5608 8
5609 8
5610 8
5611 8
5612 8
5613 8
5614 8
5615 8
5616 8
5617 8
5618 8
5619 8
5620 8
5621 8
5622 8
5623 8
5624 8
5625 8
5626 8
5627 8
5628 8
5629 8
5630 8
5631 8
5632 8
5633 8
5634 8
5635 8
5636 8
5637 8
5638 8
5639 8
5640 8
5641 8
5642 8
5643 8
5644 8
5645 8
5646 8
5647 8
5648 8
5649 8
5650 8
5651 8
5652 8
5653 8
5654 8
5655 8
5656 8
5657 8
5658 8
5659 8
5660 8
5661 8
5662 8
5663 8
5664 8
5665 8
5666 8
5667 8
5668 8
5669 8
5670 8
5671 8
5672 8
5673 8
5674 8
5675 8
5676 8
5677 8
5678 8
5679 8
5680 8
5681 8
5682 8
5683 8
5684 9
5685 9
5686 9
5687 9
5688 9
5689 9
5690 9
5691 9
5692 9
5693 9
5694 9
5695 9
5696 9
5697 9
5698 9
5699 9
5700 9
5701 9
5702 9
5703 9
5704 9
5705 9
5706 9
5707 9
5708 9
5709 9
5710 9
5711 9
5712 9
5713 9
5714 9
5715 9
5716 9
5717 9
5718 9
5719 9
5720 9
5721 9
5722 9
5723 9
5724 9
5725 9
5726 9
5727 9
5728 9
5729 9
5730 9
5731 9
5732 9
5733 9
5734 9
5735 9
5736 9
5737 9
5738 9
5739 9
5740 9
5741 9
5742 9
5743 9
5744 9
5745 9
5746 9
5747 9
5748 9
5749 9
5750 9
5751 9
5752 9
5753 9
5754 9
5755 9
5756 9
5757 9
5758 9
5759 9
5760 9
5761 9
5762 9
5763 9
5764 9
5765 9
5766 9
5767 9
5768 9
5769 9
5770 9
5771 9
5772 9
5773 9
5774 9
5775 9
5776 9
5777 9
5778 9
5779 9
5780 9
5781 9
5782 9
5783 9
5784 9
5785 9
5786 9
5787 9
5788 9
5789 9
5790 9
5791 9
5792 9
5793 9
5794 9
5795 9
5796 9
5797 9
5798 9
5799 9
5800 9
5801 9
5802 9
5803 9
5804 9
5805 9
5806 9
5807 9
5808 9
5809 9
5810 9
5811 9
5812 9
5813 9
5814 9
5815 9
5816 9
5817 9
5818 9
5819 9
5820 9
5821 9
5822 9
5823 9
5824 9
5825 9
5826 9
5827 9
5828 9
5829 9
5830 9
5831 9
5832 9
5833 9
5834 9
5835 9
5836 9
5837 9
5838 9
5839 9
5840 9
5841 9
5842 9
5843 9
5844 9
5845 9
5846 9
5847 9
5848 9
5849 9
5850 9
5851 9
5852 9
5853 9
5854 9
5855 9
5856 9
5857 9
5858 9
5859 9
5860 9
5861 9
5862 9
5863 9
5864 9
5865 9
5866 9
5867 9
5868 9
5869 9
5870 9
5871 9
5872 9
5873 9
5874 9
5875 9
5876 9
5877 9
5878 9
5879 9
5880 9
5881 9
5882 9
5883 9
5884 9
5885 9
5886 9
5887 9
5888 9
5889 9
5890 9
5891 9
5892 9
5893 9
5894 9
5895 9
5896 9
5897 9
5898 9
5899 9
5900 9
5901 9
5902 9
5903 9
5904 9
5905 9
5906 9
5907 9
5908 9
5909 9
5910 9
5911 9
5912 9
5913 9
5914 9
5915 9
5916 9
5917 9
5918 9
5919 9
5920 9
5921 9
5922 9
5923 9
5924 9
5925 9
5926 9
5927 9
5928 9
5929 9
5930 9
5931 9
5932 9
5933 9
5934 9
5935 10
5936 10
5937 10
5938 10
5939 10
5940 10
5941 10
5942 10
5943 10
5944 10
5945 10
5946 10
5947 10
5948 10
5949 10
5950 10
5951 10
5952 10
5953 10
5954 10
5955 10
5956 10
5957 10
5958 10
5959 10
5960 10
5961 10
5962 10
5963 10
5964 10
5965 10
5966 10
5967 10
5968 10
5969 10
5970 10
5971 10
5972 10
5973 10
5974 10
5975 10
5976 10
5977 10
5978 10
5979 10
5980 10
5981 10
5982 10
5983 10
5984 10
5985 10
5986 10
5987 10
5988 10
5989 10
5990 10
5991 10
5992 10
5993 10
5994 10
5995 10
5996 10
5997 10
5998 10
5999 10
6000 10
6001 10
6002 10
6003 10
6004 10
6005 10
6006 10
6007 10
6008 10
6009 10
6010 10
6011 10
6012 10
6013 10
6014 10
6015 10
6016 10
6017 10
6018 10
6019 10
6020 10
6021 10
6022 10
6023 10
6024 10
6025 10
6026 10
6027 10
6028 10
6029 10
6030 10
6031 10
6032 10
6033 10
6034 10
6035 10
6036 10
6037 10
6038 10
6039 10
6040 10
6041 10
6042 10
6043 10
6044 10
6045 10
6046 10
6047 10
6048 10
6049 10
6050 10
6051 10
6052 10
6053 10
6054 10
6055 10
6056 10
6057 10
6058 10
6059 10
6060 10
6061 10
6062 10
6063 10
6064 10
6065 10
6066 10
6067 10
6068 10
6069 10
6070 10
6071 10
6072 10
6073 10
6074 10
6075 10
6076 10
6077 10
6078 10
6079 10
6080 10
6081 10
6082 10
6083 10
6084 10
6085 10
6086 10
6087 10
6088 10
6089 10
6090 10
6091 10
6092 10
6093 10
6094 10
6095 10
6096 10
6097 10
6098 10
6099 10
6100 10
6101 10
6102 10
6103 10
6104 10
6105 10
6106 10
6107 10
6108 10
6109 10
6110 10
6111 10
6112 10
6113 11
6114 11
6115 11
6116 11
6117 11
6118 11
6119 11
6120 11
6121 11
6122 11
6123 11
6124 11
6125 11
6126 11
6127 11
6128 11
6129 11
6130 11
6131 11
6132 11
6133 11
6134 11
6135 11
6136 11
6137 11
6138 11
6139 11
6140 11
6141 11
6142 11
6143 11
6144 11
6145 11
6146 11
6147 11
6148 11
6149 11
6150 11
6151 11
6152 11
6153 11
6154 11
6155 11
6156 11
6157 11
6158 11
6159 11
6160 11
6161 11
6162 11
6163 11
6164 11
6165 11
6166 11
6167 11
6168 11
6169 11
6170 11
6171 11
6172 11
6173 11
6174 11
6175 11
6176 11
6177 11
6178 11
6179 11
6180 11
6181 11
6182 11
6183 11
6184 11
6185 11
6186 11
6187 11
6188 11
6189 11
6190 11
6191 11
6192 11
6193 11
6194 11
6195 11
6196 11
6197 11
6198 11
6199 11
6200 11
6201 11
6202 11
6203 11
6204 11
6205 11
6206 11
6207 11
6208 11
6209 11
6210 11
6211 11
6212 11
6213 11
6214 11
6215 11
6216 11
6217 11
6218 11
6219 11
6220 11
6221 11
6222 11
6223 11
6224 11
6225 11
6226 11
6227 11
6228 11
6229 11
6230 11
6231 11
6232 11
6233 11
6234 11
6235 11
6236 11
6237 11
6238 11
6239 11
6240 11
6241 11
6242 11
6243 11
6244 11
6245 11
6246 11
6247 11
6248 11
6249 11
6250 11
6251 11
6252 11
6253 11
6254 11
6255 11
6256 11
6257 11
6258 11
6259 11
6260 11
6261 11
6262 11
6263 11
6264 11
6265 11
6266 11
6267 11
6268 11
6269 11
6270 11
6271 11
6272 11
6273 11
6274 11
6275 11
6276 11
6277 11
6278 11
6279 11
6280 11
6281 11
6282 11
6283 11
6284 11
6285 11
6286 11
6287 11
6288 11
6289 11
6290 11
6291 11
6292 11
6293 11
6294 11
6295 11
6296 11
6297 11
6298 11
6299 11
6300 11
6301 11
6302 11
6303 11
6304 11
6305 11
6306 11
6307 11
6308 11
6309 11
6310 11
6311 11
6312 11
6313 11
6314 11
6315 11
6316 11
6317 11
6318 11
6319 11
6320 11
6321 11
6322 11
6323 11
6324 11
6325 11
6326 11
6327 11
6328 11
6329 11
6330 11
6331 11
6332 11
6333 11
6334 11
6335 11
6336 11
6337 11
6338 11
6339 11
6340 11
6341 11
6342 11
6343 11
6344 11
6345 11
6346 11
6347 11
6348 11
6349 11
6350 11
6351 11
6352 11
6353 11
6354 11
6355 11
6356 11
6357 11
6358 11
6359 11
6360 11
6361 11
6362 11
6363 11
6364 11
6365 11
6366 11
6367 11
6368 11
6369 11
6370 11
6371 11
6372 11
6373 11
6374 11
6375 11
6376 11
6377 11
6378 11
6379 11
6380 11
6381 11
6382 11
6383 11
6384 11
6385 11
6386 11
6387 11
6388 11
6389 11
6390 11
6391 11
6392 11
6393 11
6394 11
6395 11
6396 11
6397 11
6398 11
6399 11
6400 11
6401 11
6402 11
6403 11
6404 11
6405 11
6406 11
6407 11
6408 11
6409 11
6410 11
6411 11
6412 11
6413 11
6414 11
6415 11
6416 11
6417 11
6418 11
6419 11
6420 11
6421 11
6422 11
6423 11
6424 11
6425 11
6426 11
6427 11
6428 11
6429 11
6430 11
6431 11
6432 11
6433 11
6434 11
6435 11
6436 11
6437 11
6438 11
6439 11
6440 11
6441 11
6442 11
6443 11
6444 11
6445 11
6446 11
6447 11
6448 11
6449 11
6450 11
6451 11
6452 11
6453 11
6454 11
6455 11
6456 11
6457 11
6458 11
6459 11
6460 11
6461 11
6462 11
6463 11
6464 11
6465 11
6466 11
6467 11
6468 11
6469 11
6470 11
6471 11
6472 11
6473 11
6474 11
6475 11
6476 11
6477 11
6478 11
6479 11
6480 11
6481 11
6482 11
6483 11
6484 11
6485 11
6486 11
6487 11
6488 11
6489 11
6490 11
6491 11
6492 11
6493 11
6494 11
6495 11
6496 11
6497 11
6498 11
6499 11
6500 11
6501 11
6502 11
6503 11
6504 11
6505 11
6506 11
6507 11
6508 11
6509 11
6510 11
6511 11
6512 11
6513 11
6514 11
6515 11
6516 11
6517 11
6518 11
6519 11
6520 11
6521 11
6522 11
6523 11
6524 11
6525 11
6526 11
6527 11
6528 11
6529 11
6530 11
6531 11
6532 11
6533 11
6534 11
6535 11
6536 11
6537 11
6538 11
6539 11
6540 11
6541 11
6542 11
6543 11
6544 11
6545 11
6546 11
6547 11
6548 11
6549 11
6550 11
6551 11
6552 11
6553 11
6554 11
6555 11
6556 11
6557 11
6558 11
6559 11
6560 11
6561 11
6562 11
6563 11
6564 11
6565 11
6566 11
6567 11
6568 11
6569 11
6570 11
6571 11
6572 11
6573 11
6574 11
6575 11
6576 11
6577 11
6578 11
6579 11
6580 11
6581 11
6582 11
6583 11
6584 11
6585 11
6586 11
6587 11
6588 11
6589 11
6590 11
6591 11
6592 11
6593 11
6594 11
6595 11
6596 11
6597 11
6598 11
6599 11
6600 11
6601 11
6602 11
6603 11
6604 11
6605 11
6606 11
6607 11
6608 11
6609 11
6610 11
6611 11
6612 11
6613 11
6614 11
6615 11
6616 11
6617 11
6618 11
6619 11
6620 11
6621 11
6622 11
6623 11
6624 11
6625 11
6626 11
6627 11
6628 11
6629 11
6630 11
6631 11
6632 11
6633 11
6634 11
6635 11
6636 11
6637 11
6638 11
6639 11
6640 11
6641 11
6642 11
6643 11
6644 11
6645 11
6646 11
6647 11
6648 11
6649 11
6650 11
6651 11
6652 11
6653 11
6654 11
6655 11
6656 11
6657 11
6658 11
6659 11
6660 11
6661 11
6662 11
6663 11
6664 11
6665 11
6666 11
6667 11
6668 11
6669 11
6670 11
6671 11
6672 11
6673 11
6674 11
6675 11
6676 11
6677 11
6678 11
6679 11
6680 11
6681 11
6682 11
6683 11
6684 11
6685 11
6686 11
6687 11
6688 11
6689 11
6690 11
6691 11
6692 11
6693 11
6694 11
6695 11
6696 11
6697 11
6698 11
6699 11
6700 11
6701 11
6702 11
6703 11
6704 11
6705 11
6706 11
6707 11
6708 11
6709 11
6710 11
6711 11
6712 11
6713 11
6714 11
6715 11
6716 11
6717 11
6718 11
6719 11
6720 11
6721 11
6722 11
6723 11
6724 11
6725 11
6726 11
6727 11
6728 11
6729 11
6730 11
6731 11
6732 11
6733 11
6734 11
6735 11
6736 11
6737 11
6738 11
6739 11
6740 11
6741 11
6742 11
6743 11
6744 11
6745 11
6746 11
6747 11
6748 11
6749 11
6750 11
6751 11
6752 11
6753 11
6754 11
6755 11
6756 11
6757 11
6758 11
6759 11
6760 11
6761 11
6762 11
6763 11
6764 11
6765 11
6766 11
6767 11
6768 11
6769 11
6770 11
6771 11
6772 11
6773 11
6774 11
6775 11
6776 11
6777 11
6778 11
6779 11
6780 11
6781 11
6782 11
6783 11
6784 11
6785 11
6786 11
6787 11
6788 11
6789 11
6790 11
6791 11
6792 11
6793 11
6794 11
6795 11
6796 11
6797 11
6798 11
6799 11
6800 11
6801 11
6802 11
6803 11
6804 11
6805 11
6806 11
6807 11
6808 11
6809 11
6810 11
6811 11
6812 11
6813 11
6814 11
6815 11
6816 11
6817 11
6818 11
6819 11
6820 11
6821 11
6822 11
6823 11
6824 11
6825 11
6826 11
6827 11
6828 11
6829 11
6830 11
6831 11
6832 11
6833 11
6834 11
6835 11
6836 11
6837 11
6838 11
6839 11
6840 11
6841 11
6842 11
6843 11
6844 11
6845 11
6846 11
6847 11
6848 11
6849 11
6850 11
6851 11
6852 11
6853 11
6854 11
6855 11
6856 11
6857 11
6858 11
6859 11
6860 11
6861 11
6862 11
6863 11
6864 11
6865 11
6866 11
6867 11
6868 11
6869 11
6870 11
6871 11
6872 11
6873 11
6874 11
6875 11
6876 11
6877 11
6878 11
6879 11
6880 11
6881 11
6882 11
6883 11
6884 11
6885 11
6886 11
6887 11
6888 11
6889 11
6890 11
6891 11
6892 11
6893 11
6894 11
6895 11
6896 11
6897 11
6898 11
6899 11
6900 11
6901 11
6902 11
6903 11
6904 11
6905 11
6906 11
6907 11
6908 11
6909 11
6910 11
6911 11
6912 11
6913 11
6914 11
6915 11
6916 11
6917 11
6918 11
6919 11
6920 11
6921 11
6922 11
6923 11
6924 11
6925 11
6926 11
6927 11
6928 11
6929 11
6930 11
6931 11
6932 11
6933 11
6934 11
6935 11
6936 11
6937 11
6938 11
6939 11
6940 11
6941 11
6942 11
6943 11
6944 11
6945 11
6946 11
6947 11
6948 11
6949 11
6950 11
6951 11
6952 11
6953 11
6954 11
6955 11
6956 11
6957 11
6958 11
6959 11
6960 11
6961 11
6962 11
6963 11
6964 11
6965 11
6966 11
6967 11
6968 11
6969 11
6970 11
6971 11
6972 11
6973 11
6974 11
6975 11
6976 11
6977 11
6978 11
6979 11
6980 11
6981 11
6982 11
6983 11
6984 11
6985 11
6986 11
6987 11
6988 11
6989 11
6990 11
6991 11
6992 11
6993 11
6994 11
6995 11
6996 11
6997 11
6998 11
6999 11
7000 11
7001 11
7002 11
7003 11
7004 11
7005 11
7006 11
7007 11
7008 11
7009 11
7010 11
7011 11
7012 11
7013 11
7014 11
7015 11
7016 11
7017 11
7018 11
7019 11
7020 11
7021 11
7022 11
7023 11
7024 11
7025 11
7026 11
7027 11
7028 11
7029 11
7030 11
7031 11
7032 11
7033 11
7034 11
7035 11
7036 11
7037 11
7038 11
7039 12
7040 12
7041 12
7042 12
7043 12
7044 12
7045 12
7046 12
7047 12
7048 12
7049 12
7050 12
7051 12
7052 12
7053 12
7054 12
7055 12
7056 12
7057 12
7058 12
7059 12
7060 12
7061 12
7062 12
7063 12
7064 12
7065 12
7066 12
7067 12
7068 12
7069 12
7070 12
7071 12
7072 12
7073 12
7074 12
7075 12
7076 12
7077 12
7078 12
7079 12
7080 12
7081 12
7082 12
7083 12
7084 12
7085 12
7086 12
7087 12
7088 12
7089 12
7090 12
7091 12
7092 12
7093 12
7094 12
7095 12
7096 12
7097 12
7098 12
7099 12
7100 12
7101 12
7102 12
7103 12
7104 12
7105 12
7106 12
7107 12
7108 12
7109 12
7110 12
7111 12
7112 12
7113 12
7114 12
7115 12
7116 12
7117 12
7118 12
7119 12
7120 12
7121 12
7122 12
7123 12
7124 12
7125 12
7126 12
7127 12
7128 12
7129 12
7130 12
7131 12
7132 12
7133 12
7134 12
7135 12
7136 12
7137 12
7138 12
7139 12
7140 12
7141 12
7142 12
7143 12
7144 12
7145 12
7146 12
7147 12
7148 12
7149 12
7150 12
7151 12
7152 12
7153 12
7154 12
7155 12
7156 12
7157 12
7158 12
7159 12
7160 12
7161 12
7162 12
7163 12
7164 12
7165 12
7166 12
7167 12
7168 12
7169 12
7170 12
7171 12
7172 12
7173 12
7174 12
7175 12
7176 12
7177 12
7178 12
7179 12
7180 12
7181 12
7182 12
7183 12
7184 12
7185 12
7186 12
7187 12
7188 12
7189 12
7190 12
7191 12
7192 12
7193 12
7194 12
7195 12
7196 12
7197 12
7198 12
7199 12
7200 12
7201 12
7202 12
7203 12
7204 12
7205 12
7206 12
7207 12
7208 12
7209 12
7210 12
7211 12
7212 12
7213 12
7214 12
7215 12
7216 12
7217 12
7218 12
7219 12
7220 12
7221 12
7222 12
7223 12
7224 12
7225 12
7226 12
7227 12
7228 12
7229 12
7230 12
7231 12
7232 12
7233 12
7234 12
7235 12
7236 12
7237 12
7238 12
7239 12
7240 12
7241 12
7242 12
7243 12
7244 12
7245 12
7246 12
7247 12
7248 12
7249 12
7250 12
7251 12
7252 12
7253 12
7254 12
7255 12
7256 12
7257 12
7258 12
7259 12
7260 12
7261 12
7262 12
7263 12
7264 12
7265 12
7266 12
7267 12
7268 12
7269 12
7270 12
7271 12
7272 12
7273 12
7274 12
7275 12
7276 12
7277 12
7278 12
7279 12
7280 12
7281 12
7282 12
7283 12
7284 12
7285 12
7286 12
7287 12
7288 12
7289 12
7290 12
7291 12
7292 12
7293 12
7294 12
7295 12
7296 12
7297 12
7298 12
7299 12
7300 12
7301 12
7302 12
7303 12
7304 12
7305 12
7306 12
7307 12
7308 12
7309 12
7310 12
7311 12
7312 12
7313 12
7314 12
7315 12
7316 12
7317 12
7318 12
7319 12
7320 12
7321 12
7322 12
7323 12
7324 12
7325 12
7326 12
7327 12
7328 12
7329 12
7330 12
7331 12
7332 12
7333 12
7334 12
7335 12
7336 12
7337 12
7338 12
7339 12
7340 12
7341 12
7342 12
7343 12
7344 12
7345 12
7346 12
7347 12
7348 12
7349 12
7350 12
7351 12
7352 12
7353 12
7354 12
7355 12
7356 12
7357 12
7358 12
7359 12
7360 12
7361 12
7362 12
7363 12
7364 12
7365 12
7366 12
7367 12
7368 12
7369 12
7370 12
7371 12
7372 12
7373 12
7374 12
7375 12
7376 12
7377 12
7378 12
7379 12
7380 12
7381 12
7382 12
7383 12
7384 12
7385 12
7386 12
7387 12
7388 12
7389 12
7390 12
7391 12
7392 12
7393 12
7394 12
7395 12
7396 12
7397 12
7398 12
7399 12
7400 12
7401 12
7402 12
7403 12
7404 12
7405 12
7406 12
7407 12
7408 12
7409 12
7410 12
7411 12
7412 12
7413 12
7414 12
7415 12
7416 12
7417 12
7418 12
7419 12
7420 12
7421 12
7422 12
7423 12
7424 12
7425 12
7426 12
7427 12
7428 12
7429 12
7430 12
7431 12
7432 12
7433 12
7434 12
7435 12
7436 12
7437 12
7438 12
7439 12
7440 12
7441 12
7442 12
7443 12
7444 12
7445 12
7446 12
7447 12
7448 12
7449 12
7450 12
7451 12
7452 12
7453 12
7454 12
7455 12
7456 12
7457 12
7458 12
7459 12
7460 12
7461 12
7462 12
7463 12
7464 12
7465 12
7466 12
7467 12
7468 12
7469 12
7470 12
7471 12
7472 12
7473 12
7474 12
7475 12
7476 12
7477 12
7478 12
7479 12
7480 12
7481 12
7482 12
7483 12
7484 12
7485 12
7486 12
7487 12
7488 12
7489 12
7490 12
7491 12
7492 12
7493 12
7494 12
7495 12
7496 12
7497 12
7498 12
7499 12
7500 12
7501 12
7502 12
7503 12
7504 12
7505 12
7506 12
7507 12
7508 12
7509 12
7510 12
7511 12
7512 12
7513 12
7514 12
7515 12
7516 12
7517 12
7518 12
7519 12
7520 12
7521 12
7522 12
7523 12
7524 12
7525 12
7526 12
7527 12
7528 12
7529 12
7530 12
7531 12
7532 12
7533 12
7534 12
7535 12
7536 12
7537 12
7538 12
7539 12
7540 12
7541 12
7542 12
7543 12
7544 12
7545 12
7546 12
7547 12
7548 12
7549 12
7550 12
7551 12
7552 12
7553 12
7554 12
7555 12
7556 12
7557 12
7558 12
7559 12
7560 12
7561 12
7562 12
7563 12
7564 12
7565 12
7566 12
7567 12
7568 12
7569 12
7570 12
7571 12
7572 12
7573 12
7574 12
7575 12
7576 12
7577 12
7578 12
7579 12
7580 12
7581 12
7582 12
7583 12
7584 12
7585 12
7586 12
7587 12
7588 12
7589 12
7590 12
7591 12
7592 12
7593 12
7594 12
7595 12
7596 12
7597 12
7598 12
7599 12
7600 12
7601 12
7602 12
7603 12
7604 12
7605 12
7606 12
7607 12
7608 12
7609 12
7610 12
7611 12
7612 12
7613 12
7614 12
7615 12
7616 12
7617 12
7618 12
7619 12
7620 12
7621 12
7622 12
7623 12
7624 12
7625 12
7626 12
7627 12
7628 12
7629 12
7630 12
7631 12
7632 12
7633 12
7634 12
7635 12
7636 12
7637 12
7638 12
7639 12
7640 12
7641 12
7642 12
7643 12
7644 12
7645 12
7646 12
7647 12
7648 12
7649 12
7650 12
7651 12
7652 12
7653 12
7654 12
7655 12
7656 12
7657 12
7658 12
7659 12
7660 12
7661 12
7662 12
7663 12
7664 12
7665 12
7666 12
7667 12
7668 12
7669 12
7670 12
7671 12
7672 12
7673 12
7674 12
7675 12
7676 12
7677 12
7678 12
7679 12
7680 12
7681 12
7682 12
7683 12
7684 12
7685 12
7686 12
7687 12
7688 12
7689 12
7690 12
7691 12
7692 12
7693 12
7694 12
7695 12
7696 12
7697 12
7698 12
7699 12
7700 12
7701 12
7702 12
7703 12
7704 12
7705 12
7706 12
7707 12
7708 12
7709 12
7710 12
7711 12
7712 12
7713 12
7714 12
7715 12
7716 12
7717 12
7718 12
7719 12
7720 12
7721 12
7722 12
7723 12
7724 12
7725 12
7726 12
7727 12
7728 12
7729 12
7730 12
7731 12
7732 12
7733 12
7734 12
7735 12
7736 12
7737 12
7738 12
7739 12
7740 12
7741 12
7742 12
7743 12
7744 12
7745 12
7746 12
7747 12
7748 12
7749 12
7750 12
7751 12
7752 12
7753 12
7754 12
7755 12
7756 12
7757 12
7758 12
7759 12
7760 12
7761 12
7762 12
7763 12
7764 12
7765 12
7766 12
7767 12
7768 12
7769 12
7770 12
7771 12
7772 12
7773 12
7774 12
7775 12
7776 12
7777 12
7778 12
7779 12
7780 12
7781 12
7782 12
7783 12
7784 12
7785 12
7786 12
7787 12
7788 12
7789 12
7790 12
7791 12
7792 12
7793 12
7794 12
7795 12
7796 12
7797 12
7798 12
7799 12
7800 12
7801 12
7802 12
7803 12
7804 12
7805 12
7806 12
7807 12
7808 12
7809 12
7810 12
7811 12
7812 12
7813 12
7814 12
7815 12
7816 12
7817 12
7818 12
7819 12
7820 12
7821 12
7822 12
7823 12
7824 12
7825 12
7826 12
7827 12
7828 12
7829 12
7830 12
7831 12
7832 12
7833 12
7834 12
7835 12
7836 12
7837 12
7838 12
7839 12
7840 12
7841 12
7842 12
7843 12
7844 12
7845 12
7846 12
7847 12
7848 12
7849 12
7850 12
7851 12
7852 12
7853 12
7854 12
7855 12
7856 12
7857 12
7858 12
7859 12
7860 12
7861 12
7862 12
7863 12
7864 12
7865 12
7866 12
7867 12
7868 12
7869 12
7870 12
7871 12
7872 12
7873 12
7874 12
7875 12
7876 12
7877 12
7878 12
7879 12
7880 12
7881 12
7882 12
7883 12
7884 12
7885 12
7886 12
7887 12
7888 12
7889 12
7890 12
7891 12
7892 12
7893 12
7894 12
7895 12
7896 12
7897 12
7898 12
7899 12
7900 12
7901 12
7902 12
7903 12
7904 12
7905 12
7906 12
7907 12
7908 12
7909 12
7910 12
7911 12
7912 12
7913 12
7914 12
7915 12
7916 12
7917 12
7918 12
7919 12
7920 12
7921 12
7922 12
7923 12
7924 12
7925 12
7926 12
7927 12
7928 12
7929 12
7930 12
7931 12
7932 12
7933 12
7934 12
7935 12
7936 12
7937 12
7938 12
7939 12
7940 12
7941 12
7942 12
7943 12
7944 12
7945 12
7946 12
7947 12
7948 12
7949 12
7950 12
7951 12
7952 12
7953 12
7954 12
7955 12
7956 12
7957 12
7958 12
7959 12
7960 12
7961 12
7962 12
7963 12
7964 12
7965 12
7966 12
7967 12
7968 12
7969 12
7970 12
7971 12
7972 12
7973 12
7974 12
7975 12
7976 12
7977 12
7978 12
7979 12
7980 12
7981 12
7982 12
7983 12
7984 12
7985 12
7986 12
7987 12
7988 12
7989 12
7990 12
7991 12
7992 12
7993 12
7994 12
7995 12
7996 12
7997 12
7998 12
7999 12
8000 12
8001 12
8002 12
8003 12
8004 12
8005 12
8006 12
8007 12
8008 12
8009 12
8010 12
8011 12
8012 12
8013 12
8014 12
8015 12
8016 12
8017 12
8018 12
8019 12
8020 12
8021 12
8022 12
8023 12
8024 12
8025 12
8026 12
8027 12
8028 12
8029 12
8030 12
8031 12
8032 12
8033 12
8034 12
8035 12
8036 12
8037 12
8038 12
8039 12
8040 12
8041 12
8042 12
8043 12
8044 12
8045 12
8046 12
8047 12
8048 12
8049 12
8050 12
8051 12
8052 12
8053 12
8054 12
8055 12
8056 12
8057 12
8058 12
8059 12
8060 12
8061 12
8062 12
8063 12
8064 12
8065 12
8066 12
8067 12
8068 12
8069 12
8070 12
8071 12
8072 12
8073 12
8074 12
8075 12
8076 12
8077 12
8078 12
8079 12
8080 12
8081 12
8082 12
8083 12
8084 12
8085 12
8086 12
8087 12
8088 12
8089 12
8090 12
8091 12
8092 12
8093 12
8094 12
8095 12
8096 12
8097 12
8098 12
8099 12
8100 12
8101 12
8102 12
8103 12
8104 12
8105 12
8106 12
8107 12
8108 12
8109 12
8110 12
8111 12
8112 12
8113 12
8114 12
8115 12
8116 12
8117 12
8118 12
8119 12
8120 12
8121 12
8122 12
8123 12
8124 12
8125 12
8126 12
8127 12
8128 12
8129 12
8130 12
8131 12
8132 12
8133 12
8134 12
8135 12
8136 12
8137 12
8138 12
8139 12
8140 12
8141 12
8142 12
8143 12
8144 12
8145 12
8146 12
8147 12
8148 12
8149 12
8150 12
8151 12
8152 12
8153 12
8154 12
8155 12
8156 12
8157 12
8158 12
8159 12
8160 12
8161 12
8162 12
8163 12
8164 12
8165 12
8166 12
8167 12
8168 12
8169 12
8170 12
8171 12
8172 12
8173 12
8174 12
8175 12
8176 12
8177 12
8178 12
8179 12
8180 12
8181 12
8182 12
8183 12
8184 12
8185 12
8186 12
8187 12
8188 12
8189 12
8190 12
8191 12
8192 12
8193 12
8194 12
8195 12
8196 12
8197 12
8198 12
8199 12
8200 12
8201 12
8202 12
8203 12
8204 12
8205 12
8206 12
8207 12
8208 12
8209 12
8210 12
8211 12
8212 12
8213 12
8214 12
8215 12
8216 12
8217 12
8218 12
8219 12
8220 12
8221 13
8222 13
8223 13
8224 13
8225 13
8226 13
8227 13
8228 13
8229 13
8230 13
8231 13
8232 13
8233 13
8234 13
8235 13
8236 13
8237 13
8238 13
8239 13
8240 13
8241 13
8242 13
8243 13
8244 13
8245 13
8246 13
8247 13
8248 13
8249 13
8250 13
8251 13
8252 13
8253 13
8254 13
8255 13
8256 13
8257 13
8258 13
8259 13
8260 13
8261 13
8262 13
8263 13
8264 13
8265 13
8266 13
8267 13
8268 13
8269 13
8270 13
8271 13
8272 13
8273 13
8274 13
8275 13
8276 13
8277 13
8278 13
8279 13
8280 13
8281 13
8282 13
8283 13
8284 13
8285 13
8286 13
8287 13
8288 13
8289 13
8290 13
8291 13
8292 13
8293 13
8294 13
8295 13
8296 13
8297 13
8298 13
8299 13
8300 13
8301 13
8302 13
8303 13
8304 13
8305 13
8306 13
8307 13
8308 13
8309 13
8310 13
8311 13
8312 13
8313 13
8314 13
8315 13
8316 13
8317 13
8318 13
8319 13
8320 13
8321 13
8322 13
8323 13
8324 13
8325 13
8326 13
8327 13
8328 13
8329 13
8330 13
8331 13
8332 13
8333 13
8334 13
8335 13
8336 13
8337 13
8338 13
8339 13
8340 13
8341 13
8342 13
8343 13
8344 13
8345 13
8346 13
8347 13
8348 13
8349 13
8350 13
8351 13
8352 13
8353 13
8354 13
8355 13
8356 13
8357 13
8358 13
8359 13
8360 13
8361 13
8362 13
8363 13
8364 13
8365 13
8366 13
8367 13
8368 13
8369 13
8370 13
8371 13
8372 13
8373 13
8374 13
8375 13
8376 13
8377 13
8378 13
8379 13
8380 13
8381 13
8382 13
8383 13
8384 13
8385 13
8386 13
8387 13
8388 13
8389 13
8390 13
8391 13
8392 13
8393 13
8394 13
8395 13
8396 13
8397 13
8398 13
8399 13
8400 13
8401 13
8402 13
8403 13
8404 13
8405 13
8406 13
8407 13
8408 13
8409 13
8410 13
8411 13
8412 13
8413 13
8414 13
8415 13
8416 13
8417 13
8418 13
8419 13
8420 13
8421 13
8422 13
8423 13
8424 13
8425 13
8426 13
8427 13
8428 13
8429 13
8430 13
8431 13
8432 13
8433 13
8434 13
8435 13
8436 13
8437 13
8438 13
8439 13
8440 13
8441 13
8442 13
8443 13
8444 13
8445 13
8446 13
8447 13
8448 13
8449 13
8450 13
8451 13
8452 13
8453 13
8454 13
8455 13
8456 13
8457 13
8458 13
8459 13
8460 13
8461 13
8462 13
8463 13
8464 13
8465 13
8466 13
8467 13
8468 13
8469 13
8470 13
8471 13
8472 13
8473 13
8474 13
8475 13
8476 13
8477 13
8478 13
8479 13
8480 13
8481 13
8482 13
8483 13
8484 13
8485 13
8486 13
8487 13
8488 13
8489 13
8490 13
8491 13
8492 13
8493 13
8494 13
8495 13
8496 13
8497 13
8498 13
8499 13
8500 13
8501 13
8502 13
8503 13
8504 13
8505 13
8506 13
8507 13
8508 13
8509 13
8510 13
8511 13
8512 13
8513 13
8514 13
8515 13
8516 13
8517 13
8518 13
8519 14
8520 14
8521 14
8522 14
8523 14
8524 14
8525 14
8526 14
8527 14
8528 14
8529 14
8530 14
8531 14
8532 14
8533 14
8534 14
8535 14
8536 14
8537 14
8538 14
8539 14
8540 14
8541 14
8542 14
8543 14
8544 14
8545 14
8546 14
8547 14
8548 14
8549 14
8550 14
8551 14
8552 14
8553 14
8554 14
8555 14
8556 14
8557 14
8558 14
8559 14
8560 14
8561 14
8562 14
8563 14
8564 14
8565 14
8566 14
8567 14
8568 14
8569 14
8570 14
8571 14
8572 14
8573 14
8574 14
8575 14
8576 14
8577 14
8578 14
8579 14
8580 14
8581 14
8582 14
8583 14
8584 14
8585 14
8586 14
8587 14
8588 14
8589 14
8590 14
8591 14
8592 14
8593 14
8594 14
8595 14
8596 14
8597 14
8598 14
8599 14
8600 14
8601 14
8602 14
8603 14
8604 14
8605 14
8606 14
8607 14
8608 14
8609 14
8610 14
8611 14
8612 14
8613 14
8614 14
8615 14
8616 14
8617 14
8618 14
8619 14
8620 14
8621 14
8622 14
8623 14
8624 14
8625 14
8626 14
8627 14
8628 14
8629 14
8630 14
8631 14
8632 14
8633 14
8634 14
8635 14
8636 14
8637 14
8638 14
8639 14
8640 14
8641 14
8642 14
8643 14
8644 14
8645 14
8646 14
8647 14
8648 14
8649 14
8650 14
8651 14
8652 14
8653 14
8654 14
8655 14
8656 14
8657 14
8658 14
8659 14
8660 14
8661 14
8662 14
8663 14
8664 14
8665 14
8666 14
8667 14
8668 14
8669 14
8670 14
8671 14
8672 14
8673 14
8674 14
8675 14
8676 14
8677 14
8678 14
8679 14
8680 14
8681 14
8682 14
8683 14
8684 14
8685 14
8686 14
8687 14
8688 14
8689 14
8690 14
8691 14
8692 14
8693 14
8694 14
8695 14
8696 14
8697 14
8698 14
8699 14
8700 14
8701 14
8702 14
8703 14
8704 14
8705 14
8706 14
8707 14
8708 14
8709 14
8710 14
8711 14
8712 14
8713 14
8714 14
8715 14
8716 14
8717 14
8718 14
8719 14
8720 14
8721 14
8722 14
8723 14
8724 14
8725 14
8726 14
8727 14
8728 14
8729 14
8730 14
8731 14
8732 14
8733 14
8734 14
8735 14
8736 14
8737 14
8738 14
8739 14
8740 14
8741 14
8742 14
8743 14
8744 14
8745 14
8746 14
8747 14
8748 14
8749 14
8750 14
8751 14
8752 14
8753 14
8754 14
8755 14
8756 14
8757 14
8758 14
8759 14
8760 14
8761 14
8762 14
8763 14
8764 14
8765 14
8766 14
8767 14
8768 14
8769 14
8770 14
8771 14
8772 14
8773 14
8774 14
8775 14
8776 14
8777 14
8778 14
8779 14
8780 14
8781 14
8782 14
8783 14
8784 14
8785 14
8786 14
8787 14
8788 14
8789 14
8790 14
8791 14
8792 14
8793 14
8794 14
8795 14
8796 14
8797 14
8798 14
8799 14
8800 14
8801 14
8802 14
8803 14
8804 14
8805 14
8806 14
8807 14
8808 14
8809 14
8810 14
8811 14
8812 14
8813 14
8814 14
8815 14
8816 14
8817 14
8818 14
8819 14
8820 14
8821 14
8822 14
8823 14
8824 14
8825 14
8826 14
8827 14
8828 14
8829 14
8830 14
8831 14
8832 14
8833 14
8834 14
8835 14
8836 14
8837 14
8838 14
8839 14
8840 14
8841 14
8842 14
8843 14
8844 14
8845 14
8846 14
8847 14
8848 14
8849 14
8850 14
8851 14
8852 14
8853 14
8854 14
8855 14
8856 14
8857 14
8858 14
8859 14
8860 14
8861 14
8862 14
8863 14
8864 14
8865 14
8866 14
8867 14
8868 14
8869 14
8870 14
8871 14
8872 14
8873 14
8874 14
8875 14
8876 14
8877 14
8878 14
8879 14
8880 14
8881 14
8882 14
8883 14
8884 14
8885 14
8886 14
8887 14
8888 14
8889 14
8890 14
8891 14
8892 14
8893 14
8894 14
8895 14
8896 14
8897 14
8898 14
8899 14
8900 14
8901 14
8902 14
8903 14
8904 14
8905 14
8906 14
8907 14
8908 14
8909 14
8910 14
8911 14
8912 14
8913 14
8914 14
8915 14
8916 14
8917 14
8918 14
8919 14
8920 14
8921 14
8922 14
8923 14
8924 14
8925 14
8926 14
8927 14
8928 14
8929 14
8930 14
8931 14
8932 14
8933 14
8934 14
8935 14
8936 14
8937 14
8938 14
8939 14
8940 14
8941 14
8942 14
8943 14
8944 14
8945 14
8946 14
8947 14
8948 14
8949 14
8950 14
8951 14
8952 14
8953 14
8954 14
8955 14
8956 14
8957 14
8958 14
8959 14
8960 14
8961 14
8962 14
8963 14
8964 14
8965 14
8966 14
8967 14
8968 14
8969 14
8970 14
8971 14
8972 14
8973 14
8974 14
8975 14
8976 14
8977 14
8978 14
8979 14
8980 14
8981 14
8982 14
8983 14
8984 14
8985 14
8986 14
8987 14
8988 14
8989 14
8990 14
8991 14
8992 14
8993 14
8994 14
8995 14
8996 14
8997 14
8998 14
8999 14
9000 14
9001 14
9002 14
9003 14
9004 14
9005 14
9006 14
9007 14
9008 14
9009 14
9010 14
9011 14
9012 14
9013 14
9014 14
9015 14
9016 14
9017 14
9018 14
9019 14
9020 14
9021 14
9022 14
9023 14
9024 14
9025 14
9026 14
9027 14
9028 14
9029 14
9030 14
9031 14
9032 14
9033 14
9034 14
9035 14
9036 14
9037 14
9038 14
9039 14
9040 14
9041 14
9042 14
9043 14
9044 14
9045 14
9046 14
9047 14
9048 14
9049 14
9050 14
9051 14
9052 14
9053 14
9054 14
9055 14
9056 14
9057 14
9058 14
9059 14
9060 14
9061 14
9062 14
9063 14
9064 14
9065 14
9066 14
9067 14
9068 14
9069 14
9070 14
9071 14
9072 14
9073 14
9074 14
9075 14
9076 14
9077 14
9078 14
9079 14
9080 14
9081 14
9082 14
9083 14
9084 14
9085 14
9086 14
9087 14
9088 14
9089 14
9090 14
9091 14
9092 14
9093 14
9094 14
9095 14
9096 14
9097 14
9098 14
9099 14
9100 14
9101 14
9102 14
9103 14
9104 14
9105 14
9106 14
9107 14
9108 14
9109 14
9110 14
9111 14
9112 14
9113 14
9114 14
9115 14
9116 14
9117 14
9118 14
9119 14
9120 14
9121 14
9122 14
9123 14
9124 14
9125 14
9126 14
9127 14
9128 14
9129 14
9130 14
9131 14
9132 14
9133 14
9134 14
9135 14
9136 14
9137 14
9138 14
9139 14
9140 14
9141 14
9142 14
9143 14
9144 14
9145 14
9146 14
9147 14
9148 14
9149 14
9150 14
9151 14
9152 14
9153 14
9154 14
9155 14
9156 14
9157 14
9158 14
9159 14
9160 14
9161 14
9162 14
9163 14
9164 14
9165 14
9166 14
9167 14
9168 14
9169 14
9170 14
9171 14
9172 14
9173 14
9174 14
9175 14
9176 14
9177 14
9178 14
9179 14
9180 14
9181 14
9182 14
9183 14
9184 14
9185 14
9186 14
9187 14
9188 14
9189 14
9190 14
9191 14
9192 14
9193 14
9194 14
9195 14
9196 14
9197 14
9198 14
9199 14
9200 14
9201 14
9202 14
9203 14
9204 14
9205 14
9206 14
9207 14
9208 14
9209 14
9210 14
9211 14
9212 14
9213 14
9214 14
9215 14
9216 14
9217 14
9218 14
9219 14
9220 14
9221 14
9222 14
9223 14
9224 14
9225 14
9226 14
9227 14
9228 14
9229 14
9230 14
9231 14
9232 14
9233 14
9234 14
9235 14
9236 14
9237 14
9238 14
9239 14
9240 14
9241 14
9242 14
9243 14
9244 14
9245 14
9246 14
9247 14
9248 14
9249 14
9250 14
9251 14
9252 14
9253 14
9254 14
9255 14
9256 14
9257 14
9258 14
9259 14
9260 14
9261 14
9262 14
9263 14
9264 14
9265 14
9266 14
9267 14
9268 14
9269 14
9270 14
9271 14
9272 14
9273 14
9274 14
9275 14
9276 14
9277 14
9278 14
9279 14
9280 14
9281 14
9282 14
9283 14
9284 14
9285 14
9286 14
9287 14
9288 14
9289 14
9290 14
9291 14
9292 14
9293 14
9294 14
9295 14
9296 14
9297 14
9298 14
9299 14
9300 14
9301 14
9302 14
9303 14
9304 14
9305 14
9306 14
9307 14
9308 14
9309 14
9310 14
9311 14
9312 14
9313 14
9314 14
9315 14
9316 14
9317 14
9318 14
9319 14
9320 14
9321 14
9322 14
9323 14
9324 14
9325 14
9326 14
9327 14
9328 14
9329 14
9330 14
9331 14
9332 14
9333 14
9334 14
9335 14
9336 14
9337 14
9338 14
9339 14
9340 14
9341 14
9342 14
9343 14
9344 14
9345 14
9346 14
9347 14
9348 14
9349 14
9350 14
9351 14
9352 14
9353 14
9354 14
9355 14
9356 14
9357 14
9358 14
9359 14
9360 14
9361 14
9362 14
9363 14
9364 14
9365 14
9366 14
9367 14
9368 14
9369 14
9370 14
9371 14
9372 14
9373 14
9374 14
9375 14
9376 14
9377 15
9378 15
9379 15
9380 15
9381 15
9382 15
9383 15
9384 15
9385 15
9386 15
9387 15
9388 15
9389 15
9390 15
9391 15
9392 15
9393 15
9394 15
9395 15
9396 15
9397 15
9398 15
9399 15
9400 15
9401 15
9402 15
9403 15
9404 15
9405 15
9406 15
9407 15
9408 15
9409 15
9410 15
9411 15
9412 15
9413 15
9414 15
9415 15
9416 15
9417 15
9418 15
9419 15
9420 15
9421 15
9422 15
9423 15
9424 15
9425 15
9426 15
9427 15
9428 15
9429 15
9430 15
9431 15
9432 15
9433 15
9434 15
9435 15
9436 15
9437 15
9438 15
9439 15
9440 15
9441 15
9442 15
9443 15
9444 15
9445 15
9446 15
9447 15
9448 15
9449 15
9450 15
9451 15
9452 15
9453 15
9454 15
9455 15
9456 15
9457 15
9458 15
9459 15
9460 15
9461 15
9462 15
9463 15
9464 15
9465 15
9466 15
9467 15
9468 15
9469 15
9470 15
9471 15
9472 15
9473 15
9474 15
9475 15
9476 15
9477 15
9478 15
9479 15
9480 15
9481 15
9482 15
9483 15
9484 15
9485 15
9486 15
9487 15
9488 15
9489 15
9490 15
9491 15
9492 15
9493 15
9494 15
9495 15
9496 15
9497 15
9498 15
9499 15
9500 15
9501 15
9502 15
9503 16
9504 16
9505 16
9506 16
9507 16
9508 16
9509 16
9510 16
9511 16
9512 16
9513 16
9514 16
9515 16
9516 16
9517 16
9518 16
9519 16
9520 16
9521 16
9522 16
9523 16
9524 16
9525 16
9526 16
9527 16
9528 16
9529 16
9530 16
9531 16
9532 16
9533 16
9534 16
9535 16
9536 16
9537 16
9538 16
9539 16
9540 16
9541 16
9542 16
9543 16
9544 16
9545 16
9546 16
9547 16
9548 16
9549 16
9550 16
9551 16
9552 16
9553 16
9554 16
9555 16
9556 16
9557 16
9558 16
9559 16
9560 16
9561 16
9562 16
9563 16
9564 16
9565 16
9566 16
9567 16
9568 16
9569 16
9570 16
9571 16
9572 16
9573 16
9574 16
9575 16
9576 16
9577 16
9578 16
9579 16
9580 16
9581 16
9582 16
9583 16
9584 16
9585 16
9586 16
9587 16
9588 16
9589 16
9590 16
9591 16
9592 16
9593 16
9594 16
9595 16
9596 16
9597 16
9598 16
9599 16
9600 16
9601 16
9602 16
9603 16
9604 16
9605 16
9606 16
9607 16
9608 16
9609 16
9610 16
9611 16
9612 16
9613 16
9614 16
9615 16
9616 16
9617 16
9618 16
9619 16
9620 16
9621 16
9622 16
9623 16
9624 16
9625 16
9626 16
9627 16
9628 16
9629 16
9630 16
9631 16
9632 16
9633 16
9634 16
9635 16
9636 16
9637 16
9638 16
9639 16
9640 16
9641 16
9642 16
9643 16
9644 16
9645 16
9646 16
9647 16
9648 16
9649 16
9650 16
9651 16
9652 16
9653 16
9654 16
9655 16
9656 16
9657 16
9658 16
9659 16
9660 16
9661 16
9662 16
9663 16
9664 16
9665 16
9666 16
9667 16
9668 16
9669 16
9670 16
9671 16
9672 16
9673 16
9674 16
9675 16
9676 16
9677 16
9678 16
9679 16
9680 16
9681 16
9682 16
9683 16
9684 16
9685 16
9686 16
9687 16
9688 16
9689 16
9690 16
9691 16
9692 16
9693 16
9694 16
9695 16
9696 16
9697 16
9698 16
9699 16
9700 16
9701 16
9702 16
9703 16
9704 16
9705 16
9706 16
9707 16
9708 16
9709 16
9710 16
9711 16
9712 16
9713 16
9714 16
9715 16
9716 16
9717 16
9718 16
9719 16
9720 16
9721 16
9722 16
9723 16
9724 16
9725 16
9726 16
9727 16
9728 16
9729 16
9730 16
9731 16
9732 16
9733 17
9734 17
9735 17
9736 17
9737 17
9738 17
9739 17
9740 17
9741 17
9742 17
9743 17
9744 17
9745 17
9746 17
9747 17
9748 17
9749 17
9750 17
9751 17
9752 17
9753 17
9754 17
9755 17
9756 17
9757 17
9758 17
9759 17
9760 17
9761 17
9762 17
9763 17
9764 17
9765 17
9766 17
9767 17
9768 17
9769 17
9770 17
9771 17
9772 17
9773 17
9774 17
9775 17
9776 17
9777 17
9778 17
9779 17
9780 17
9781 17
9782 17
9783 17
9784 17
9785 17
9786 17
9787 17
9788 17
9789 17
9790 17
9791 17
9792 17
9793 17
9794 17
9795 17
9796 17
9797 17
9798 17
9799 17
9800 17
9801 17
9802 17
9803 17
9804 17
9805 17
9806 17
9807 17
9808 17
9809 17
9810 17
9811 17
9812 17
9813 17
9814 17
9815 17
9816 17
9817 17
9818 17
9819 17
9820 17
9821 17
9822 17
9823 17
9824 17
9825 17
9826 17
9827 17
9828 17
9829 17
9830 17
9831 17
9832 17
9833 17
9834 17
9835 17
9836 17
9837 17
9838 17
9839 17
9840 17
9841 17
9842 17
9843 17
9844 17
9845 17
9846 17
9847 17
9848 17
9849 17
9850 17
9851 17
9852 17
9853 17
9854 17
9855 17
9856 17
9857 17
9858 17
9859 17
9860 17
9861 17
9862 17
9863 17
9864 17
9865 17
9866 17
9867 17
9868 17
9869 17
9870 17
9871 17
9872 17
9873 17
9874 17
9875 17
9876 17
9877 17
9878 17
9879 17
9880 17
9881 17
9882 17
9883 17
9884 17
9885 17
9886 17
9887 17
9888 17
9889 17
9890 17
9891 17
9892 17
9893 17
9894 17
9895 17
9896 17
9897 17
9898 17
9899 17
9900 17
9901 17
9902 17
9903 17
9904 17
9905 17
9906 17
9907 17
9908 17
9909 17
9910 17
9911 17
9912 17
9913 17
9914 17
9915 17
9916 17
9917 17
9918 17
9919 17
9920 17
9921 17
9922 17
9923 17
9924 17
9925 17
9926 17
9927 17
9928 17
9929 17
9930 17
9931 17
9932 17
9933 17
9934 17
9935 17
9936 17
9937 17
9938 17
9939 17
9940 17
9941 17
9942 17
9943 17
9944 17
9945 17
9946 17
9947 17
9948 17
9949 17
9950 17
9951 17
9952 17
9953 17
9954 17
9955 17
9956 17
9957 17
9958 17
9959 17
9960 17
9961 17
9962 17
9963 17
9964 17
9965 17
9966 17
9967 17
9968 17
9969 17
9970 17
9971 17
9972 17
9973 17
9974 17
9975 17
9976 17
9977 17
9978 17
9979 17
9980 17
9981 17
9982 17
9983 17
9984 17
9985 17
9986 17
9987 17
9988 17
9989 17
9990 17
9991 17
9992 17
9993 17
9994 17
9995 17
9996 17
9997 17
9998 17
9999 17
10000 17
