1000 4
1001 4
1002 4
1003 4
1004 4
1005 4
1006 4
1007 4
1008 4
1009 4
1010 4
1011 4
1012 4
1013 4
1014 4
1015 4
1016 4
1017 4
1018 4
1019 4
1020 4
1021 4
1022 4
1023 4
1024 4
1025 4
1026 4
1027 4
1028 4
1029 4
1030 4
1031 4
1032 4
1033 4
1034 4
1035 4
1036 4
1037 4
1038 4
1039 4
1040 4
1041 4
1042 4
1043 4
1044 4
1045 4
1046 4
1047 4
1048 4
1049 4
1050 4
1051 4
1052 4
1053 4
1054 4
1055 4
1056 4
1057 4
1058 4
1059 4
1060 4
1061 4
1062 4
1063 4
1064 4
1065 4
1066 4
1067 4
1068 4
1069 4
1070 4
1071 4
1072 4
1073 4
1074 4
1075 4
1076 4
1077 4
1078 4
1079 4
1080 4
1081 4
1082 4
1083 4
1084 4
1085 4
1086 4
1087 4
1088 4
1089 4
1090 4
1091 4
1092 4
1093 4
1094 4
1095 4
1096 4
1097 4
1098 4
1099 4
1100 4
1101 4
1102 4
1103 4
1104 4
1105 4
1106 4
1107 4
1108 4
1109 4
1110 4
1111 4
1112 4
1113 4
1114 4
1115 4
1116 4
1117 4
1118 4
1119 4
1120 4
1121 4
1122 4
1123 4
1124 4
1125 4
1126 4
1127 4
1128 4
1129 4
1130 4
1131 4
1132 4
1133 4
1134 4
1135 4
1136 4
1137 4
1138 4
1139 4
1140 4
1141 4
1142 4
1143 4
1144 4
1145 4
1146 4
1147 4
1148 4
1149 4
1150 4
1151 4
1152 4
1153 4
1154 4
1155 4
1156 4
1157 4
1158 4
1159 4
1160 4
1161 4
1162 4
1163 4
1164 4
1165 4
1166 4
1167 4
1168 4
1169 4
1170 4
1171 4
1172 4
1173 4
1174 4
1175 4
1176 4
1177 4
1178 4
1179 4
1180 4
1181 4
1182 4
1183 4
1184 4
1185 4
1186 4
1187 4
1188 4
1189 4
1190 4
1191 4
1192 4
1193 4
1194 4
1195 4
1196 4
1197 4
1198 4
1199 4
1200 4
1201 4
1202 4
1203 4
1204 4
1205 4
1206 4
1207 4
1208 4
1209 4
1210 4
1211 4
1212 4
1213 4
1214 4
1215 4
1216 4
1217 4
1218 4
1219 4
1220 4
1221 4
1222 4
1223 4
1224 4
1225 4
1226 4
1227 4
1228 4
1229 4
1230 4
1231 4
1232 4
1233 4
1234 4
1235 4
1236 4
1237 4
1238 4
1239 4
1240 4
1241 4
1242 4
1243 4
1244 4
1245 4
1246 4
1247 4
1248 4
1249 4
1250 4
1251 4
1252 5
1253 5
1254 5
1255 5
1256 5
1257 5
1258 5
1259 5
1260 5
1261 5
1262 5
1263 5
1264 5
1265 5
1266 5
1267 5
1268 5
1269 5
1270 5
1271 5
1272 5
1273 5
1274 5
1275 5
1276 5
1277 5
1278 5
1279 5
1280 5
1281 5
1282 5
1283 5
1284 5
1285 5
1286 5
1287 5
1288 5
1289 5
1290 5
1291 5
1292 5
1293 5
1294 5
1295 5
1296 5
1297 5
1298 5
1299 5
1300 5
1301 5
1302 5
1303 5
1304 5
1305 5
1306 5
1307 5
1308 5
1309 5
1310 5
1311 5
1312 5
1313 5
1314 5
1315 5
1316 5
1317 5
1318 5
1319 5
1320 5
1321 5
1322 5
1323 5
1324 5
1325 5
1326 5
1327 5
1328 5
1329 5
1330 5
1331 5
1332 5
1333 5
1334 5
1335 5
1336 5
1337 5
1338 5
1339 5
1340 5
1341 5
1342 5
1343 5
1344 5
1345 5
1346 5
1347 5
1348 5
1349 5
1350 5
1351 5
1352 5
1353 5
1354 5
1355 5
1356 5
1357 5
1358 5
1359 5
1360 5
1361 5
1362 5
1363 5
1364 5
1365 5
1366 5
1367 5
1368 5
1369 5
1370 5
1371 5
1372 5
1373 5
1374 5
1375 5
1376 5
1377 5
1378 5
1379 5
1380 5
1381 5
1382 5
1383 5
1384 5
1385 5
1386 5
1387 5
1388 5
1389 5
1390 5
1391 5
1392 5
1393 5
1394 5
1395 5
1396 5
1397 5
1398 5
1399 5
1400 5
1401 5
1402 5
1403 5
1404 5
1405 5
1406 5
1407 5
1408 5
1409 5
1410 5
1411 5
1412 5
1413 5
1414 5
1415 5
1416 5
1417 5
1418 5
1419 5
1420 5
1421 5
1422 5
1423 5
1424 5
1425 5
1426 5
1427 5
1428 5
1429 5
1430 5
1431 5
1432 5
1433 5
1434 5
1435 5
1436 5
1437 5
1438 5
1439 5
1440 5
1441 5
1442 5
1443 5
1444 5
1445 5
1446 5
1447 5
1448 5
1449 5
1450 5
1451 5
1452 5
1453 5
1454 5
1455 5
1456 5
1457 5
1458 5
1459 5
1460 5
1461 5
1462 5
1463 5
1464 5
1465 5
1466 5
1467 5
1468 5
1469 5
1470 5
1471 5
1472 5
1473 5
1474 5
1475 5
1476 5
1477 5
1478 5
1479 5
1480 5
1481 5
1482 5
1483 5
1484 5
1485 5
1486 5
1487 5
1488 5
1489 5
1490 5
1491 5
1492 5
1493 5
1494 5
1495 5
1496 5
1497 5
1498 5
1499 5
1500 5
1501 5
1502 5
1503 5
1504 5
1505 5
1506 5
1507 5
1508 5
1509 5
1510 5
1511 5
1512 5
1513 5
1514 5
1515 5
1516 5
1517 5
1518 5
1519 5
1520 5
1521 5
1522 5
1523 5
1524 5
1525 5
1526 5
1527 5
1528 5
1529 5
1530 5
1531 5
1532 5
1533 5
1534 5
1535 5
1536 5
1537 5
1538 5
1539 5
1540 5
1541 5
1542 5
1543 5
1544 5
1545 5
1546 5
1547 5
1548 5
1549 5
1550 5
1551 5
1552 5
1553 5
1554 5
1555 5
1556 5
1557 5
1558 5
1559 5
1560 5
1561 5
1562 5
1563 5
1564 5
1565 5
1566 5
1567 5
1568 5
1569 5
1570 5
1571 5
1572 5
1573 5
1574 5
1575 5
1576 5
1577 5
1578 5
1579 5
1580 5
1581 5
1582 5
1583 5
1584 5
1585 5
1586 5
1587 5
1588 5
1589 5
1590 5
1591 5
1592 5
1593 5
1594 5
1595 5
1596 5
1597 5
1598 5
1599 5
1600 5
1601 5
1602 5
1603 5
1604 5
1605 5
1606 5
1607 5
1608 5
1609 5
1610 5
1611 5
1612 5
1613 5
1614 5
1615 5
1616 5
1617 5
1618 5
1619 5
1620 5
1621 5
1622 5
1623 5
1624 5
1625 5
1626 5
1627 5
1628 5
1629 5
1630 5
1631 5
1632 5
1633 5
1634 5
1635 5
1636 5
1637 5
1638 5
1639 5
1640 5
1641 5
1642 5
1643 5
1644 5
1645 5
1646 5
1647 5
1648 5
1649 5
1650 5
1651 5
1652 5
1653 5
1654 5
1655 5
1656 5
1657 5
1658 5
1659 5
1660 5
1661 5
1662 5
1663 5
1664 5
1665 5
1666 5
1667 5
1668 5
1669 5
1670 5
1671 5
1672 5
1673 5
1674 5
1675 5
1676 5
1677 5
1678 5
1679 5
1680 5
1681 5
1682 5
1683 5
1684 5
1685 5
1686 5
1687 5
1688 5
1689 5
1690 5
1691 5
1692 5
1693 5
1694 5
1695 5
1696 5
1697 5
1698 5
1699 5
1700 5
1701 5
1702 5
1703 5
1704 5
1705 5
1706 5
1707 5
1708 5
1709 5
1710 5
1711 5
1712 5
1713 5
1714 5
1715 5
1716 5
1717 5
1718 5
1719 5
1720 5
1721 5
1722 5
1723 5
1724 5
1725 5
1726 5
1727 5
1728 5
1729 5
1730 5
1731 5
1732 5
1733 5
1734 5
1735 5
1736 5
1737 5
1738 5
1739 5
1740 5
1741 5
1742 5
1743 5
1744 5
1745 5
1746 5
1747 5
1748 5
1749 5
1750 5
1751 5
1752 5
1753 5
1754 5
1755 5
1756 5
1757 5
1758 5
1759 5
1760 5
1761 5
1762 5
1763 5
1764 5
1765 5
1766 5
1767 5
1768 5
1769 5
1770 5
1771 5
1772 5
1773 5
1774 5
1775 5
1776 5
1777 5
1778 5
1779 5
1780 5
1781 5
1782 5
1783 5
1784 5
1785 5
1786 5
1787 5
1788 5
1789 5
1790 5
1791 5
1792 5
1793 5
1794 5
1795 5
1796 5
1797 5
1798 5
1799 5
1800 5
1801 5
1802 5
1803 5
1804 5
1805 5
1806 5
1807 5
1808 5
1809 5
1810 5
1811 5
1812 5
1813 5
1814 5
1815 5
1816 5
1817 5
1818 5
1819 5
1820 5
1821 5
1822 5
1823 5
1824 5
1825 5
1826 5
1827 5
1828 5
1829 5
1830 5
1831 5
1832 5
1833 5
1834 5
1835 5
1836 5
1837 5
1838 5
1839 5
1840 5
1841 5
1842 5
1843 5
1844 5
1845 5
1846 5
1847 5
1848 5
1849 5
1850 5
1851 5
1852 5
1853 5
1854 5
1855 5
1856 5
1857 5
1858 5
1859 5
1860 5
1861 5
1862 5
1863 5
1864 5
1865 5
1866 5
1867 5
1868 5
1869 5
1870 5
1871 5
1872 5
1873 5
1874 5
1875 5
1876 5
1877 5
1878 5
1879 5
1880 5
1881 5
1882 5
1883 5
1884 5
1885 5
1886 5
1887 5
1888 5
1889 5
1890 5
1891 5
1892 5
1893 5
1894 5
1895 5
1896 5
1897 5
1898 5
1899 5
1900 5
1901 5
1902 5
1903 5
1904 5
1905 5
1906 5
1907 5
1908 5
1909 5
1910 5
1911 5
1912 5
1913 5
1914 5
1915 5
1916 5
1917 5
1918 5
1919 5
1920 5
1921 5
1922 5
1923 5
1924 5
1925 5
1926 5
1927 5
1928 5
1929 5
1930 5
1931 5
1932 5
1933 5
1934 5
1935 5
1936 5
1937 5
1938 5
1939 5
1940 5
1941 5
1942 5
1943 5
1944 5
1945 5
1946 5
1947 5
1948 5
1949 5
1950 5
1951 5
1952 5
1953 5
1954 5
1955 5
1956 5
1957 5
1958 5
1959 5
1960 5
1961 5
1962 5
1963 5
1964 5
1965 5
1966 5
1967 5
1968 5
1969 5
1970 5
1971 5
1972 5
1973 5
1974 5
1975 5
1976 5
1977 5
1978 5
1979 5
1980 5
1981 5
1982 5
1983 5
1984 5
1985 5
1986 5
1987 5
1988 5
1989 5
1990 5
1991 5
1992 5
1993 5
1994 5
1995 5
1996 5
1997 5
1998 5
1999 5
2000 5
2001 5
2002 5
2003 5
2004 5
2005 5
2006 5
2007 5
2008 5
2009 5
2010 5
2011 5
2012 5
2013 5
2014 5
2015 5
2016 5
2017 5
2018 5
2019 5
2020 5
2021 5
2022 5
2023 5
2024 5
2025 5
2026 5
2027 5
2028 5
2029 5
2030 5
2031 5
2032 5
2033 5
2034 5
2035 5
2036 5
2037 5
2038 5
2039 5
2040 5
2041 5
2042 5
2043 5
2044 5
2045 5
2046 5
2047 6
2048 6
2049 6
2050 6
2051 6
2052 6
2053 6
2054 6
2055 6
2056 6
2057 6
2058 6
2059 6
2060 6
2061 6
2062 6
2063 6
2064 6
2065 6
2066 6
2067 6
2068 6
2069 6
2070 6
2071 6
2072 6
2073 6
2074 6
2075 6
2076 6
2077 6
2078 6
2079 6
2080 6
2081 6
2082 6
2083 6
2084 6
2085 6
2086 6
2087 6
2088 6
2089 6
2090 6
2091 6
2092 6
2093 6
2094 6
2095 6
2096 6
2097 6
2098 6
2099 6
2100 6
2101 6
2102 6
2103 6
2104 6
2105 6
2106 6
2107 6
2108 6
2109 6
2110 6
2111 6
2112 6
2113 6
2114 6
2115 6
2116 6
2117 6
2118 6
2119 6
2120 6
2121 6
2122 6
2123 6
2124 6
2125 6
2126 6
2127 6
2128 6
2129 6
2130 6
2131 6
2132 6
2133 6
2134 6
2135 6
2136 6
2137 6
2138 6
2139 6
2140 6
2141 6
2142 6
2143 6
2144 6
2145 6
2146 6
2147 6
2148 6
2149 6
2150 6
2151 6
2152 6
2153 6
2154 6
2155 6
2156 6
2157 6
2158 6
2159 6
2160 6
2161 6
2162 6
2163 6
2164 6
2165 6
2166 6
2167 6
2168 6
2169 6
2170 6
2171 6
2172 6
2173 6
2174 6
2175 6
2176 6
2177 6
2178 6
2179 6
2180 6
2181 6
2182 6
2183 6
2184 6
2185 6
2186 6
2187 6
2188 6
2189 6
2190 6
2191 6
2192 6
2193 6
2194 6
2195 6
2196 6
2197 6
2198 6
2199 6
2200 6
2201 6
2202 6
2203 6
2204 6
2205 6
2206 6
2207 6
2208 6
2209 6
2210 6
2211 6
2212 6
2213 6
2214 6
2215 6
2216 6
2217 6
2218 6
2219 6
2220 6
2221 6
2222 6
2223 6
2224 6
2225 6
2226 6
2227 6
2228 6
2229 6
2230 6
2231 6
2232 6
2233 6
2234 6
2235 6
2236 6
2237 6
2238 6
2239 6
2240 6
2241 6
2242 6
2243 6
2244 6
2245 6
2246 6
2247 6
2248 6
2249 6
2250 6
2251 6
2252 6
2253 6
2254 6
2255 6
2256 6
2257 6
2258 6
2259 6
2260 6
2261 6
2262 6
2263 6
2264 6
2265 6
2266 6
2267 6
2268 6
2269 6
2270 6
2271 6
2272 6
2273 6
2274 6
2275 6
2276 6
2277 6
2278 6
2279 6
2280 6
2281 6
2282 6
2283 6
2284 6
2285 6
2286 6
2287 6
2288 6
2289 6
2290 6
2291 6
2292 6
2293 6
2294 6
2295 6
2296 6
2297 6
2298 6
2299 6
2300 6
2301 6
2302 6
2303 6
2304 6
2305 6
2306 6
2307 6
2308 6
2309 6
2310 6
2311 6
2312 6
2313 6
2314 6
2315 6
2316 6
2317 6
2318 6
2319 6
2320 6
2321 6
2322 6
2323 6
2324 6
2325 6
2326 6
2327 6
2328 6
2329 6
2330 6
2331 6
2332 6
2333 6
2334 6
2335 6
2336 6
2337 6
2338 6
2339 6
2340 6
2341 6
2342 6
2343 6
2344 6
2345 6
2346 6
2347 6
2348 6
2349 6
2350 6
2351 6
2352 6
2353 6
2354 6
2355 6
2356 6
2357 6
2358 6
2359 6
2360 6
2361 6
2362 6
2363 6
2364 6
2365 6
2366 6
2367 6
2368 6
2369 6
2370 6
2371 6
2372 6
2373 6
2374 6
2375 6
2376 6
2377 6
2378 6
2379 6
2380 6
2381 6
2382 6
2383 6
2384 6
2385 6
2386 6
2387 6
2388 6
2389 6
2390 6
2391 6
2392 6
2393 6
2394 6
2395 6
2396 6
2397 6
2398 6
2399 6
2400 6
2401 6
2402 6
2403 6
2404 6
2405 6
2406 6
2407 6
2408 6
2409 6
2410 6
2411 6
2412 6
2413 6
2414 6
2415 6
2416 6
2417 6
2418 6
2419 6
2420 6
2421 6
2422 6
2423 6
2424 6
2425 6
2426 6
2427 6
2428 6
2429 6
2430 6
2431 6
2432 6
2433 6
2434 6
2435 6
2436 6
2437 6
2438 6
2439 6
2440 6
2441 6
2442 6
2443 6
2444 6
2445 6
2446 6
2447 6
2448 6
2449 6
2450 6
2451 6
2452 6
2453 6
2454 6
2455 6
2456 6
2457 6
2458 6
2459 6
2460 6
2461 6
2462 6
2463 6
2464 6
2465 6
2466 6
2467 6
2468 6
2469 6
2470 6
2471 6
2472 6
2473 6
2474 6
2475 6
2476 6
2477 6
2478 6
2479 6
2480 6
2481 6
2482 6
2483 6
2484 6
2485 6
2486 6
2487 6
2488 6
2489 6
2490 6
2491 6
2492 6
2493 6
2494 6
2495 6
2496 6
2497 6
2498 6
2499 6
2500 6
2501 6
2502 6
2503 6
2504 6
2505 6
2506 6
2507 6
2508 6
2509 6
2510 6
2511 6
2512 6
2513 6
2514 6
2515 6
2516 6
2517 6
2518 6
2519 6
2520 6
2521 6
2522 6
2523 6
2524 6
2525 6
2526 6
2527 6
2528 6
2529 6
2530 6
2531 6
2532 6
2533 6
2534 6
2535 6
2536 6
2537 6
2538 6
2539 6
2540 6
2541 6
2542 6
2543 6
2544 6
2545 6
2546 6
2547 6
2548 6
2549 6
2550 6
2551 6
2552 6
2553 6
2554 6
2555 6
2556 6
2557 6
2558 6
2559 6
2560 6
2561 6
2562 6
2563 6
2564 6
2565 6
2566 6
2567 6
2568 6
2569 6
2570 6
2571 6
2572 6
2573 6
2574 6
2575 6
2576 6
2577 6
2578 6
2579 6
2580 6
2581 6
2582 6
2583 6
2584 6
2585 6
2586 6
2587 6
2588 6
2589 6
2590 6
2591 6
2592 6
2593 6
2594 6
2595 6
2596 6
2597 6
2598 6
2599 6
2600 6
2601 6
2602 6
2603 6
2604 6
2605 6
2606 6
2607 6
2608 6
2609 6
2610 6
2611 6
2612 6
2613 6
2614 6
2615 6
2616 6
2617 6
2618 6
2619 6
2620 6
2621 6
2622 6
2623 6
2624 6
2625 6
2626 6
2627 6
2628 6
2629 6
2630 6
2631 6
2632 6
2633 6
2634 6
2635 6
2636 6
2637 6
2638 6
2639 6
2640 6
2641 6
2642 6
2643 6
2644 6
2645 6
2646 6
2647 6
2648 6
2649 6
2650 6
2651 6
2652 6
2653 6
2654 6
2655 6
2656 6
2657 6
2658 6
2659 6
2660 6
2661 6
2662 6
2663 6
2664 6
2665 6
2666 6
2667 6
2668 6
2669 6
2670 6
2671 6
2672 6
2673 6
2674 6
2675 6
2676 6
2677 6
2678 6
2679 6
2680 6
2681 6
2682 6
2683 6
2684 6
2685 6
2686 6
2687 6
2688 6
2689 6
2690 6
2691 6
2692 6
2693 6
2694 6
2695 6
2696 6
2697 6
2698 6
2699 6
2700 6
2701 6
2702 6
2703 6
2704 6
2705 6
2706 6
2707 6
2708 6
2709 6
2710 6
2711 6
2712 6
2713 6
2714 6
2715 6
2716 6
2717 6
2718 6
2719 6
2720 6
2721 6
2722 6
2723 6
2724 6
2725 6
2726 6
2727 6
2728 6
2729 6
2730 6
2731 6
2732 6
2733 6
2734 6
2735 6
2736 6
2737 6
2738 6
2739 6
2740 6
2741 6
2742 6
2743 6
2744 6
2745 6
2746 6
2747 6
2748 6
2749 6
2750 6
2751 6
2752 6
2753 6
2754 6
2755 6
2756 6
2757 6
2758 6
2759 6
2760 6
2761 6
2762 6
2763 6
2764 6
2765 6
2766 6
2767 6
2768 6
2769 6
2770 6
2771 6
2772 6
2773 6
2774 6
2775 6
2776 6
2777 6
2778 6
2779 6
2780 6
2781 6
2782 6
2783 6
2784 6
2785 6
2786 6
2787 6
2788 6
2789 6
2790 6
2791 6
2792 6
2793 6
2794 6
2795 6
2796 6
2797 6
2798 6
2799 6
2800 6
2801 6
2802 6
2803 6
2804 6
2805 6
2806 6
2807 6
2808 6
2809 6
2810 6
2811 6
2812 6
2813 6
2814 6
2815 6
2816 6
2817 6
2818 6
2819 6
2820 6
2821 6
2822 6
2823 6
2824 6
2825 6
2826 6
2827 6
2828 6
2829 6
2830 6
2831 6
2832 6
2833 6
2834 6
2835 6
2836 6
2837 6
2838 6
2839 6
2840 6
2841 6
2842 6
2843 6
2844 6
2845 6
2846 6
2847 6
2848 6
2849 6
2850 6
2851 6
2852 6
2853 6
2854 6
2855 6
2856 6
2857 6
2858 6
2859 6
2860 6
2861 6
2862 6
2863 6
2864 6
2865 6
2866 6
2867 6
2868 6
2869 6
2870 6
2871 6
2872 6
2873 6
2874 6
2875 6
2876 6
2877 6
2878 6
2879 6
2880 6
2881 6
2882 6
2883 6
2884 6
2885 6
2886 6
2887 6
2888 6
2889 6
2890 6
2891 6
2892 6
2893 6
2894 6
2895 6
2896 6
2897 6
2898 6
2899 6
2900 6
2901 6
2902 6
2903 6
2904 6
2905 6
2906 6
2907 6
2908 6
2909 6
2910 6
2911 6
2912 6
2913 6
2914 6
2915 6
2916 6
2917 6
2918 6
2919 6
2920 6
2921 6
2922 6
2923 6
2924 6
2925 6
2926 6
2927 6
2928 6
2929 6
2930 6
2931 6
2932 6
2933 6
2934 6
2935 6
2936 6
2937 6
2938 6
2939 6
2940 6
2941 6
2942 6
2943 6
2944 6
2945 6
2946 6
2947 6
2948 6
2949 6
2950 6
2951 6
2952 6
2953 6
2954 6
2955 6
2956 6
2957 6
2958 6
2959 6
2960 6
2961 6
2962 6
2963 6
2964 6
2965 6
2966 6
2967 6
2968 6
2969 6
2970 6
2971 6
2972 6
2973 6
2974 6
2975 6
2976 6
2977 6
2978 6
2979 6
2980 6
2981 6
2982 6
2983 6
2984 6
2985 6
2986 6
2987 6
2988 6
2989 6
2990 6
2991 6
2992 6
2993 6
2994 6
2995 6
2996 6
2997 6
2998 6
2999 6
3000 6
3001 6
3002 6
3003 6
3004 6
3005 6
3006 6
3007 6
3008 6
3009 6
3010 6
3011 6
3012 6
3013 6
3014 6
3015 6
3016 6
3017 6
3018 6
3019 6
3020 6
3021 6
3022 6
3023 6
3024 6
3025 6
3026 6
3027 6
3028 6
3029 6
3030 6
3031 6
3032 6
3033 6
3034 6
3035 6
3036 6
3037 6
3038 6
3039 6
3040 6
3041 6
3042 6
3043 6
3044 6
3045 6
3046 6
3047 6
3048 6
3049 6
3050 6
3051 6
3052 6
3053 6
3054 6
3055 6
3056 6
3057 6
3058 6
3059 6
3060 6
3061 6
3062 6
3063 6
3064 6
3065 6
3066 6
3067 6
3068 6
3069 6
3070 6
3071 6
3072 6
3073 6
3074 6
3075 6
3076 6
3077 6
3078 6
3079 6
3080 6
3081 6
3082 6
3083 6
3084 6
3085 6
3086 6
3087 6
3088 6
3089 6
3090 6
3091 6
3092 6
3093 6
3094 6
3095 6
3096 6
3097 6
3098 6
3099 6
3100 6
3101 6
3102 6
3103 6
3104 6
3105 6
3106 6
3107 6
3108 6
3109 6
3110 6
3111 6
3112 6
3113 6
3114 6
3115 6
3116 6
3117 6
3118 6
3119 6
3120 6
3121 6
3122 6
3123 6
3124 6
3125 6
3126 6
3127 6
3128 6
3129 6
3130 6
3131 6
3132 6
3133 6
3134 6
3135 6
3136 6
3137 6
3138 6
3139 6
3140 6
3141 6
3142 6
3143 6
3144 6
3145 6
3146 6
3147 6
3148 6
3149 6
3150 6
3151 6
3152 6
3153 6
3154 6
3155 6
3156 6
3157 6
3158 6
3159 6
3160 6
3161 6
3162 6
3163 6
3164 6
3165 6
3166 6
3167 6
3168 6
3169 6
3170 6
3171 6
3172 6
3173 6
3174 6
3175 6
3176 6
3177 6
3178 6
3179 6
3180 6
3181 6
3182 6
3183 6
3184 6
3185 6
3186 6
3187 6
3188 6
3189 6
3190 6
3191 6
3192 6
3193 6
3194 6
3195 6
3196 6
3197 6
3198 6
3199 6
3200 6
3201 6
3202 6
3203 6
3204 6
3205 6
3206 6
3207 6
3208 6
3209 6
3210 6
3211 6
3212 6
3213 6
3214 6
3215 6
3216 6
3217 6
3218 6
3219 6
3220 6
3221 6
3222 6
3223 6
3224 6
3225 6
3226 6
3227 6
3228 6
3229 6
3230 6
3231 6
3232 6
3233 6
3234 6
3235 6
3236 6
3237 6
3238 6
3239 6
3240 6
3241 6
3242 6
3243 6
3244 6
3245 6
3246 6
3247 6
3248 6
3249 6
3250 6
3251 6
3252 6
3253 6
3254 6
3255 6
3256 6
3257 6
3258 6
3259 6
3260 6
3261 6
3262 6
3263 6
3264 6
3265 6
3266 6
3267 6
3268 6
3269 6
3270 6
3271 6
3272 6
3273 6
3274 6
3275 6
3276 6
3277 6
3278 6
3279 6
3280 6
3281 6
3282 6
3283 6
3284 6
3285 6
3286 6
3287 6
3288 6
3289 6
3290 6
3291 6
3292 6
3293 6
3294 6
3295 6
3296 6
3297 6
3298 6
3299 6
3300 6
3301 6
3302 6
3303 6
3304 6
3305 6
3306 6
3307 6
3308 6
3309 6
3310 6
3311 6
3312 6
3313 6
3314 6
3315 6
3316 6
3317 6
3318 6
3319 6
3320 6
3321 6
3322 6
3323 6
3324 6
3325 6
3326 6
3327 6
3328 6
3329 6
3330 6
3331 6
3332 6
3333 6
3334 6
3335 6
3336 6
3337 6
3338 6
3339 6
3340 6
3341 6
3342 6
3343 6
3344 6
3345 6
3346 6
3347 6
3348 6
3349 6
3350 6
3351 6
3352 6
3353 6
3354 6
3355 6
3356 6
3357 6
3358 6
3359 6
3360 6
3361 6
3362 6
3363 6
3364 6
3365 6
3366 6
3367 6
3368 6
3369 6
3370 6
3371 6
3372 6
3373 6
3374 6
3375 6
3376 6
3377 6
3378 6
3379 6
3380 6
3381 6
3382 6
3383 6
3384 6
3385 6
3386 6
3387 6
3388 6
3389 6
3390 6
3391 6
3392 6
3393 6
3394 6
3395 6
3396 6
3397 6
3398 6
3399 6
3400 6
3401 6
3402 6
3403 6
3404 6
3405 6
3406 6
3407 6
3408 6
3409 6
3410 6
3411 6
3412 6
3413 6
3414 6
3415 6
3416 6
3417 6
3418 6
3419 6
3420 6
3421 6
3422 6
3423 6
3424 6
3425 6
3426 6
3427 6
3428 6
3429 6
3430 6
3431 6
3432 6
3433 6
3434 6
3435 6
3436 6
3437 6
3438 6
3439 6
3440 6
3441 6
3442 6
3443 6
3444 6
3445 6
3446 6
3447 6
3448 6
3449 6
3450 6
3451 6
3452 6
3453 6
3454 6
3455 6
3456 6
3457 6
3458 6
3459 6
3460 6
3461 6
3462 6
3463 6
3464 6
3465 6
3466 6
3467 6
3468 6
3469 6
3470 6
3471 6
3472 6
3473 6
3474 6
3475 6
3476 6
3477 6
3478 6
3479 6
3480 6
3481 6
3482 6
3483 6
3484 6
3485 6
3486 6
3487 6
3488 6
3489 6
3490 6
3491 6
3492 6
3493 6
3494 6
3495 6
3496 6
3497 6
3498 6
3499 6
3500 6
3501 6
3502 6
3503 6
3504 6
3505 6
3506 6
3507 6
3508 6
3509 6
3510 6
3511 6
3512 6
3513 6
3514 6
3515 6
3516 6
3517 6
3518 6
3519 6
3520 6
3521 6
3522 6
3523 6
3524 6
3525 6
3526 6
3527 6
3528 6
3529 6
3530 6
3531 6
3532 6
3533 6
3534 6
3535 6
3536 6
3537 6
3538 6
3539 6
3540 6
3541 6
3542 6
3543 6
3544 6
3545 6
3546 6
3547 6
3548 6
3549 6
3550 6
3551 6
3552 6
3553 6
3554 6
3555 6
3556 6
3557 6
3558 6
3559 6
3560 6
3561 6
3562 6
3563 6
3564 6
3565 6
3566 6
3567 6
3568 6
3569 6
3570 6
3571 6
3572 6
3573 6
3574 6
3575 6
3576 6
3577 6
3578 6
3579 6
3580 6
3581 6
3582 6
3583 6
3584 6
3585 6
3586 6
3587 6
3588 6
3589 6
3590 6
3591 6
3592 6
3593 6
3594 6
3595 6
3596 6
3597 6
3598 6
3599 6
3600 6
3601 6
3602 6
3603 6
3604 6
3605 6
3606 6
3607 6
3608 6
3609 6
3610 6
3611 6
3612 6
3613 6
3614 6
3615 6
3616 6
3617 6
3618 6
3619 6
3620 6
3621 6
3622 6
3623 6
3624 6
3625 6
3626 6
3627 6
3628 6
3629 6
3630 6
3631 6
3632 6
3633 6
3634 6
3635 6
3636 6
3637 6
3638 6
3639 6
3640 6
3641 6
3642 6
3643 6
3644 6
3645 6
3646 6
3647 6
3648 6
3649 6
3650 6
3651 6
3652 6
3653 6
3654 6
3655 6
3656 6
3657 6
3658 6
3659 6
3660 6
3661 6
3662 6
3663 6
3664 6
3665 6
3666 6
3667 6
3668 6
3669 6
3670 6
3671 6
3672 6
3673 6
3674 6
3675 6
3676 6
3677 6
3678 6
3679 6
3680 6
3681 6
3682 6
3683 6
3684 6
3685 6
3686 6
3687 6
3688 6
3689 6
3690 6
3691 6
3692 6
3693 6
3694 6
3695 6
3696 6
3697 6
3698 6
3699 6
3700 6
3701 6
3702 6
3703 6
3704 6
3705 6
3706 6
3707 6
3708 6
3709 6
3710 6
3711 6
3712 6
3713 6
3714 6
3715 6
3716 6
3717 6
3718 7
3719 7
3720 7
3721 7
3722 7
3723 7
3724 7
3725 7
3726 7
3727 7
3728 7
3729 7
3730 7
3731 7
3732 7
3733 8
3734 8
3735 8
3736 8
3737 8
3738 8
3739 8
3740 8
3741 8
3742 8
3743 8
3744 8
3745 8
3746 8
3747 8
3748 8
3749 8
3750 8
3751 8
3752 8
3753 8
3754 8
3755 8
3756 8
3757 8
3758 8
3759 8
3760 8
3761 8
3762 8
3763 9
3764 9
3765 9
3766 9
3767 9
3768 9
3769 9
3770 9
3771 9
3772 9
3773 9
3774 9
3775 9
3776 9
3777 9
3778 9
3779 9
3780 9
3781 9
3782 9
3783 9
3784 9
3785 9
3786 9
3787 9
3788 9
3789 9
3790 9
3791 9
3792 9
3793 9
3794 9
3795 9
3796 9
3797 9
3798 9
3799 9
3800 9
3801 9
3802 9
3803 9
3804 9
3805 9
3806 9
3807 9
3808 9
3809 9
3810 9
3811 9
3812 9
3813 9
3814 9
3815 9
3816 9
3817 9
3818 9
3819 9
3820 9
3821 9
3822 9
3823 9
3824 9
3825 9
3826 9
3827 9
3828 9
3829 9
3830 9
3831 9
3832 9
3833 9
3834 9
3835 9
3836 9
3837 9
3838 9
3839 9
3840 9
3841 9
3842 9
3843 9
3844 9
3845 9
3846 9
3847 9
3848 9
3849 9
3850 9
3851 9
3852 9
3853 9
3854 9
3855 9
3856 9
3857 9
3858 9
3859 9
3860 9
3861 9
3862 9
3863 9
3864 9
3865 9
3866 9
3867 9
3868 9
3869 9
3870 9
3871 9
3872 9
3873 9
3874 9
3875 9
3876 9
3877 9
3878 9
3879 9
3880 9
3881 9
3882 9
3883 9
3884 9
3885 9
3886 9
3887 9
3888 9
3889 9
3890 9
3891 9
3892 9
3893 9
3894 9
3895 9
3896 9
3897 9
3898 9
3899 9
3900 9
3901 9
3902 9
3903 9
3904 9
3905 9
3906 9
3907 9
3908 9
3909 9
3910 9
3911 9
3912 9
3913 9
3914 9
3915 9
3916 9
3917 9
3918 9
3919 9
3920 9
3921 9
3922 9
3923 9
3924 9
3925 9
3926 9
3927 9
3928 9
3929 9
3930 9
3931 9
3932 9
3933 9
3934 9
3935 9
3936 9
3937 9
3938 9
3939 9
3940 9
3941 9
3942 9
3943 9
3944 9
3945 9
3946 9
3947 9
3948 9
3949 9
3950 9
3951 9
3952 9
3953 9
3954 9
3955 9
3956 9
3957 9
3958 9
3959 9
3960 9
3961 9
3962 9
3963 9
3964 9
3965 9
3966 9
3967 9
3968 9
3969 9
3970 9
3971 9
3972 9
3973 9
3974 9
3975 9
3976 9
3977 9
3978 9
3979 9
3980 9
3981 9
3982 9
3983 9
3984 9
3985 9
3986 9
3987 9
3988 9
3989 9
3990 9
3991 9
3992 9
3993 9
3994 9
3995 9
3996 9
3997 9
3998 9
3999 9
4000 9
4001 9
4002 9
4003 9
4004 9
4005 9
4006 9
4007 9
4008 9
4009 9
4010 9
4011 9
4012 9
4013 9
4014 9
4015 9
4016 9
4017 9
4018 9
4019 9
4020 9
4021 9
4022 9
4023 9
4024 9
4025 9
4026 9
4027 9
4028 9
4029 9
4030 9
4031 9
4032 9
4033 9
4034 9
4035 9
4036 9
4037 9
4038 9
4039 9
4040 9
4041 9
4042 9
4043 9
4044 9
4045 9
4046 9
4047 9
4048 9
4049 9
4050 9
4051 9
4052 9
4053 9
4054 9
4055 9
4056 9
4057 9
4058 9
4059 9
4060 9
4061 9
4062 9
4063 9
4064 9
4065 9
4066 9
4067 9
4068 9
4069 9
4070 9
4071 9
4072 9
4073 9
4074 9
4075 9
4076 9
4077 9
4078 9
4079 9
4080 9
4081 9
4082 9
4083 9
4084 9
4085 9
4086 9
4087 9
4088 9
4089 9
4090 9
4091 9
4092 9
4093 9
4094 9
4095 9
4096 9
4097 9
4098 9
4099 9
4100 9
4101 9
4102 9
4103 9
4104 9
4105 9
4106 9
4107 9
4108 9
4109 9
4110 9
4111 9
4112 9
4113 9
4114 9
4115 9
4116 9
4117 9
4118 9
4119 9
4120 9
4121 9
4122 9
4123 9
4124 9
4125 9
4126 9
4127 9
4128 9
4129 9
4130 9
4131 9
4132 9
4133 9
4134 9
4135 9
4136 9
4137 9
4138 9
4139 9
4140 9
4141 9
4142 9
4143 9
4144 9
4145 9
4146 9
4147 9
4148 9
4149 9
4150 9
4151 9
4152 9
4153 9
4154 9
4155 9
4156 9
4157 9
4158 9
4159 9
4160 9
4161 9
4162 9
4163 9
4164 9
4165 9
4166 9
4167 9
4168 9
4169 9
4170 9
4171 9
4172 9
4173 9
4174 9
4175 9
4176 9
4177 9
4178 9
4179 9
4180 9
4181 9
4182 9
4183 9
4184 9
4185 9
4186 9
4187 9
4188 9
4189 9
4190 9
4191 9
4192 9
4193 9
4194 9
4195 9
4196 9
4197 9
4198 9
4199 9
4200 9
4201 9
4202 9
4203 9
4204 9
4205 9
4206 9
4207 9
4208 9
4209 9
4210 9
4211 9
4212 9
4213 9
4214 9
4215 9
4216 9
4217 9
4218 9
4219 9
4220 9
4221 9
4222 9
4223 9
4224 9
4225 9
4226 9
4227 9
4228 9
4229 9
4230 9
4231 9
4232 9
4233 9
4234 9
4235 9
4236 9
4237 9
4238 9
4239 9
4240 9
4241 9
4242 9
4243 9
4244 9
4245 9
4246 9
4247 9
4248 9
4249 9
4250 9
4251 9
4252 9
4253 9
4254 9
4255 9
4256 9
4257 9
4258 9
4259 9
4260 9
4261 9
4262 9
4263 9
4264 9
4265 9
4266 9
4267 9
4268 9
4269 9
4270 9
4271 9
4272 9
4273 9
4274 9
4275 9
4276 9
4277 9
4278 9
4279 9
4280 9
4281 10
4282 10
4283 10
4284 10
4285 10
4286 10
4287 10
4288 10
4289 10
4290 10
4291 10
4292 10
4293 10
4294 10
4295 10
4296 10
4297 10
4298 10
4299 10
4300 10
4301 10
4302 10
4303 10
4304 10
4305 10
4306 10
4307 10
4308 10
4309 10
4310 10
4311 10
4312 10
4313 10
4314 10
4315 10
4316 10
4317 10
4318 10
4319 10
4320 10
4321 10
4322 10
4323 10
4324 10
4325 10
4326 10
4327 10
4328 10
4329 10
4330 10
4331 10
4332 10
4333 10
4334 10
4335 10
4336 10
4337 10
4338 10
4339 10
4340 10
4341 10
4342 10
4343 10
4344 10
4345 10
4346 10
4347 10
4348 10
4349 10
4350 10
4351 10
4352 10
4353 10
4354 10
4355 10
4356 10
4357 10
4358 10
4359 10
4360 10
4361 10
4362 10
4363 10
4364 10
4365 10
4366 11
4367 11
4368 11
4369 11
4370 11
4371 11
4372 11
4373 11
4374 11
4375 11
4376 11
4377 11
4378 11
4379 11
4380 11
4381 11
4382 11
4383 11
4384 11
4385 11
4386 11
4387 11
4388 11
4389 11
4390 11
4391 11
4392 11
4393 11
4394 11
4395 11
4396 11
4397 11
4398 11
4399 11
4400 11
4401 11
4402 11
4403 11
4404 11
4405 11
4406 11
4407 11
4408 11
4409 11
4410 11
4411 11
4412 11
4413 11
4414 11
4415 11
4416 11
4417 11
4418 11
4419 11
4420 11
4421 11
4422 11
4423 11
4424 11
4425 11
4426 11
4427 11
4428 11
4429 11
4430 11
4431 11
4432 11
4433 11
4434 11
4435 11
4436 11
4437 11
4438 11
4439 11
4440 11
4441 11
4442 11
4443 11
4444 11
4445 11
4446 11
4447 11
4448 11
4449 11
4450 11
4451 11
4452 11
4453 11
4454 11
4455 11
4456 11
4457 11
4458 11
4459 11
4460 11
4461 11
4462 11
4463 11
4464 11
4465 11
4466 11
4467 11
4468 11
4469 11
4470 11
4471 11
4472 11
4473 11
4474 11
4475 11
4476 11
4477 11
4478 11
4479 11
4480 11
4481 11
4482 11
4483 11
4484 11
4485 11
4486 11
4487 11
4488 11
4489 11
4490 11
4491 11
4492 11
4493 11
4494 11
4495 11
4496 11
4497 11
4498 11
4499 11
4500 11
4501 11
4502 11
4503 11
4504 11
4505 11
4506 11
4507 11
4508 11
4509 11
4510 11
4511 11
4512 11
4513 11
4514 11
4515 11
4516 11
4517 11
4518 11
4519 11
4520 11
4521 11
4522 11
4523 11
4524 11
4525 11
4526 11
4527 11
4528 11
4529 11
4530 11
4531 11
4532 11
4533 11
4534 11
4535 11
4536 11
4537 11
4538 11
4539 11
4540 11
4541 11
4542 11
4543 11
4544 11
4545 11
4546 11
4547 12
4548 12
4549 12
4550 12
4551 12
4552 12
4553 12
4554 12
4555 12
4556 12
4557 12
4558 12
4559 12
4560 12
4561 12
4562 12
4563 12
4564 12
4565 12
4566 12
4567 12
4568 12
4569 12
4570 12
4571 12
4572 12
4573 12
4574 12
4575 12
4576 12
4577 12
4578 12
4579 12
4580 12
4581 12
4582 12
4583 12
4584 12
4585 12
4586 12
4587 12
4588 12
4589 12
4590 12
4591 12
4592 12
4593 12
4594 12
4595 12
4596 12
4597 12
4598 12
4599 12
4600 12
4601 12
4602 12
4603 12
4604 12
4605 12
4606 12
4607 12
4608 12
4609 12
4610 12
4611 12
4612 12
4613 12
4614 12
4615 12
4616 12
4617 12
4618 12
4619 12
4620 12
4621 12
4622 12
4623 12
4624 12
4625 12
4626 12
4627 12
4628 12
4629 12
4630 12
4631 12
4632 12
4633 12
4634 12
4635 12
4636 12
4637 12
4638 12
4639 12
4640 12
4641 12
4642 12
4643 12
4644 12
4645 12
4646 12
4647 12
4648 12
4649 12
4650 12
4651 12
4652 12
4653 12
4654 12
4655 12
4656 12
4657 12
4658 12
4659 12
4660 12
4661 12
4662 12
4663 12
4664 12
4665 12
4666 12
4667 12
4668 12
4669 12
4670 12
4671 12
4672 12
4673 12
4674 12
4675 12
4676 12
4677 12
4678 12
4679 12
4680 12
4681 12
4682 12
4683 12
4684 12
4685 12
4686 12
4687 12
4688 12
4689 12
4690 12
4691 12
4692 12
4693 12
4694 12
4695 12
4696 12
4697 12
4698 12
4699 12
4700 12
4701 12
4702 12
4703 12
4704 12
4705 12
4706 12
4707 12
4708 12
4709 12
4710 12
4711 12
4712 12
4713 12
4714 12
4715 12
4716 12
4717 12
4718 12
4719 12
4720 12
4721 12
4722 12
4723 12
4724 12
4725 12
4726 12
4727 12
4728 12
4729 12
4730 12
4731 12
4732 12
4733 12
4734 12
4735 12
4736 12
4737 12
4738 12
4739 12
4740 12
4741 12
4742 12
4743 12
4744 12
4745 12
4746 12
4747 12
4748 12
4749 12
4750 12
4751 12
4752 12
4753 12
4754 12
4755 12
4756 12
4757 12
4758 12
4759 12
4760 12
4761 12
4762 12
4763 12
4764 12
4765 12
4766 12
4767 12
4768 12
4769 12
4770 12
4771 12
4772 12
4773 12
4774 12
4775 12
4776 12
4777 12
4778 12
4779 12
4780 12
4781 12
4782 12
4783 12
4784 12
4785 12
4786 12
4787 12
4788 12
4789 12
4790 12
4791 12
4792 12
4793 12
4794 12
4795 12
4796 12
4797 12
4798 12
4799 12
4800 12
4801 12
4802 12
4803 12
4804 12
4805 12
4806 12
4807 12
4808 12
4809 12
4810 12
4811 12
4812 12
4813 12
4814 12
4815 12
4816 12
4817 12
4818 12
4819 12
4820 12
4821 12
4822 12
4823 12
4824 12
4825 12
4826 12
4827 12
4828 12
4829 12
4830 12
4831 12
4832 12
4833 12
4834 12
4835 12
4836 12
4837 12
4838 12
4839 12
4840 12
4841 12
4842 12
4843 12
4844 12
4845 12
4846 12
4847 12
4848 12
4849 12
4850 12
4851 12
4852 12
4853 12
4854 12
4855 12
4856 12
4857 12
4858 12
4859 12
4860 12
4861 12
4862 12
4863 12
4864 12
4865 12
4866 12
4867 12
4868 12
4869 12
4870 12
4871 12
4872 12
4873 12
4874 12
4875 12
4876 12
4877 12
4878 12
4879 12
4880 12
4881 12
4882 12
4883 12
4884 12
4885 12
4886 12
4887 12
4888 12
4889 12
4890 12
4891 12
4892 12
4893 12
4894 12
4895 12
4896 12
4897 12
4898 12
4899 12
4900 12
4901 12
4902 12
4903 12
4904 12
4905 12
4906 12
4907 12
4908 12
4909 12
4910 12
4911 12
4912 12
4913 12
4914 12
4915 12
4916 12
4917 12
4918 12
4919 12
4920 12
4921 12
4922 12
4923 12
4924 12
4925 12
4926 12
4927 12
4928 12
4929 12
4930 12
4931 12
4932 12
4933 12
4934 12
4935 12
4936 12
4937 12
4938 12
4939 12
4940 12
4941 12
4942 12
4943 12
4944 12
4945 12
4946 12
4947 12
4948 12
4949 12
4950 12
4951 12
4952 12
4953 12
4954 12
4955 12
4956 12
4957 12
4958 12
4959 12
4960 12
4961 12
4962 12
4963 12
4964 12
4965 12
4966 12
4967 12
4968 12
4969 12
4970 12
4971 12
4972 12
4973 12
4974 12
4975 12
4976 12
4977 12
4978 12
4979 12
4980 12
4981 12
4982 12
4983 12
4984 12
4985 12
4986 12
4987 12
4988 12
4989 12
4990 12
4991 12
4992 12
4993 12
4994 12
4995 12
4996 12
4997 12
4998 12
4999 12
5000 12
5001 12
5002 12
5003 12
5004 12
5005 12
5006 12
5007 12
5008 12
5009 12
5010 12
5011 12
5012 12
5013 12
5014 12
5015 12
5016 12
5017 12
5018 12
5019 12
5020 12
5021 12
5022 12
5023 12
5024 12
5025 12
5026 12
5027 12
5028 12
5029 12
5030 12
5031 12
5032 12
5033 12
5034 12
5035 12
5036 12
5037 12
5038 12
5039 12
5040 12
5041 12
5042 12
5043 12
5044 12
5045 12
5046 12
5047 12
5048 12
5049 12
5050 12
5051 12
5052 12
5053 12
5054 12
5055 12
5056 12
5057 12
5058 12
5059 12
5060 12
5061 12
5062 12
5063 12
5064 12
5065 12
5066 12
5067 12
5068 12
5069 12
5070 12
5071 12
5072 12
5073 12
5074 12
5075 12
5076 12
5077 12
5078 12
5079 12
5080 12
5081 12
5082 12
5083 12
5084 12
5085 12
5086 12
5087 12
5088 12
5089 12
5090 12
5091 12
5092 12
5093 12
5094 12
5095 12
5096 12
5097 12
5098 12
5099 12
5100 12
5101 12
5102 12
5103 12
5104 12
5105 12
5106 12
5107 12
5108 12
5109 12
5110 12
5111 12
5112 12
5113 12
5114 12
5115 12
5116 12
5117 12
5118 12
5119 12
5120 12
5121 12
5122 12
5123 12
5124 12
5125 12
5126 12
5127 12
5128 12
5129 12
5130 12
5131 12
5132 12
5133 12
5134 12
5135 12
5136 12
5137 12
5138 12
5139 12
5140 12
5141 12
5142 12
5143 12
5144 12
5145 12
5146 12
5147 12
5148 12
5149 12
5150 12
5151 12
5152 12
5153 12
5154 12
5155 12
5156 12
5157 12
5158 12
5159 12
5160 12
5161 12
5162 12
5163 12
5164 12
5165 12
5166 12
5167 12
5168 12
5169 12
5170 12
5171 12
5172 12
5173 12
5174 12
5175 12
5176 12
5177 12
5178 12
5179 12
5180 12
5181 12
5182 12
5183 12
5184 12
5185 12
5186 12
5187 12
5188 12
5189 12
5190 12
5191 12
5192 12
5193 12
5194 12
5195 12
5196 12
5197 12
5198 12
5199 12
5200 12
5201 12
5202 12
5203 12
5204 12
5205 12
5206 12
5207 12
5208 12
5209 12
5210 12
5211 12
5212 12
5213 12
5214 12
5215 12
5216 12
5217 12
5218 12
5219 12
5220 12
5221 12
5222 12
5223 12
5224 12
5225 12
5226 12
5227 12
5228 12
5229 12
5230 12
5231 12
5232 12
5233 12
5234 12
5235 12
5236 12
5237 12
5238 12
5239 12
5240 12
5241 12
5242 12
5243 12
5244 12
5245 12
5246 12
5247 12
5248 12
5249 12
5250 12
5251 12
5252 12
5253 12
5254 12
5255 12
5256 12
5257 12
5258 12
5259 12
5260 12
5261 12
5262 12
5263 12
5264 12
5265 12
5266 12
5267 12
5268 12
5269 12
5270 12
5271 12
5272 12
5273 12
5274 12
5275 12
5276 12
5277 12
5278 12
5279 12
5280 12
5281 12
5282 12
5283 12
5284 12
5285 12
5286 12
5287 12
5288 12
5289 12
5290 12
5291 12
5292 12
5293 12
5294 12
5295 12
5296 12
5297 12
5298 12
5299 12
5300 12
5301 12
5302 12
5303 12
5304 12
5305 12
5306 12
5307 12
5308 12
5309 12
5310 12
5311 12
5312 12
5313 12
5314 12
5315 12
5316 12
5317 12
5318 12
5319 12
5320 12
5321 12
5322 12
5323 12
5324 12
5325 12
5326 12
5327 12
5328 12
5329 12
5330 12
5331 12
5332 12
5333 12
5334 12
5335 12
5336 12
5337 12
5338 12
5339 12
5340 12
5341 12
5342 12
5343 12
5344 12
5345 12
5346 12
5347 12
5348 12
5349 12
5350 12
5351 12
5352 12
5353 12
5354 12
5355 12
5356 12
5357 12
5358 12
5359 12
5360 12
5361 12
5362 12
5363 12
5364 12
5365 12
5366 12
5367 12
5368 12
5369 12
5370 12
5371 12
5372 12
5373 12
5374 12
5375 12
5376 12
5377 12
5378 12
5379 12
5380 12
5381 12
5382 12
5383 12
5384 12
5385 12
5386 12
5387 12
5388 12
5389 12
5390 12
5391 12
5392 12
5393 12
5394 12
5395 12
5396 12
5397 12
5398 12
5399 12
5400 12
5401 12
5402 12
5403 12
5404 12
5405 12
5406 12
5407 12
5408 12
5409 12
5410 12
5411 12
5412 12
5413 12
5414 12
5415 12
5416 12
5417 12
5418 12
5419 12
5420 12
5421 12
5422 12
5423 12
5424 12
5425 12
5426 12
5427 12
5428 12
5429 12
5430 12
5431 12
5432 12
5433 12
5434 12
5435 12
5436 12
5437 12
5438 12
5439 12
5440 12
5441 12
5442 12
5443 12
5444 12
5445 12
5446 12
5447 12
5448 12
5449 12
5450 12
5451 12
5452 12
5453 12
5454 12
5455 12
5456 12
5457 12
5458 12
5459 12
5460 12
5461 12
5462 12
5463 12
5464 12
5465 12
5466 12
5467 12
5468 12
5469 12
5470 12
5471 12
5472 12
5473 12
5474 12
5475 12
5476 12
5477 12
5478 12
5479 12
5480 12
5481 12
5482 12
5483 12
5484 12
5485 12
5486 12
5487 12
5488 12
5489 12
5490 12
5491 12
5492 12
5493 12
5494 12
5495 12
5496 12
5497 12
5498 12
5499 12
5500 12
5501 12
5502 12
5503 12
5504 12
5505 12
5506 12
5507 12
5508 12
5509 12
5510 12
5511 12
5512 12
5513 12
5514 12
5515 12
5516 12
5517 12
5518 12
5519 12
5520 12
5521 12
5522 12
5523 12
5524 12
5525 12
5526 12
5527 12
5528 12
5529 12
5530 12
5531 12
5532 12
5533 12
5534 12
5535 12
5536 12
5537 12
5538 12
5539 12
5540 12
5541 12
5542 12
5543 12
5544 12
5545 12
5546 12
5547 12
5548 12
5549 12
5550 12
5551 12
5552 12
5553 12
5554 12
5555 12
5556 12
5557 12
5558 12
5559 12
5560 12
5561 12
5562 12
5563 12
5564 12
5565 12
5566 12
5567 12
5568 12
5569 12
5570 12
5571 12
5572 12
5573 12
5574 12
5575 12
5576 12
5577 12
5578 12
5579 12
5580 12
5581 12
5582 12
5583 12
5584 12
5585 12
5586 12
5587 12
5588 12
5589 12
5590 12
5591 12
5592 12
5593 12
5594 12
5595 12
5596 12
5597 12
5598 12
5599 12
5600 12
5601 12
5602 12
5603 12
5604 12
5605 12
5606 12
5607 12
5608 12
5609 12
5610 12
5611 12
5612 12
5613 12
5614 12
5615 12
5616 12
5617 12
5618 12
5619 12
5620 12
5621 12
5622 12
5623 12
5624 12
5625 12
5626 12
5627 12
5628 12
5629 12
5630 12
5631 12
5632 12
5633 12
5634 12
5635 12
5636 12
5637 12
5638 12
5639 12
5640 12
5641 12
5642 12
5643 12
5644 12
5645 12
5646 12
5647 12
5648 12
5649 12
5650 12
5651 12
5652 12
5653 12
5654 12
5655 12
5656 12
5657 12
5658 12
5659 12
5660 12
5661 12
5662 12
5663 12
5664 12
5665 12
5666 12
5667 12
5668 12
5669 12
5670 12
5671 12
5672 12
5673 12
5674 12
5675 12
5676 12
5677 12
5678 12
5679 12
5680 12
5681 12
5682 12
5683 12
5684 12
5685 13
5686 13
5687 13
5688 13
5689 13
5690 13
5691 13
5692 13
5693 13
5694 13
5695 13
5696 13
5697 13
5698 13
5699 13
5700 13
5701 13
5702 13
5703 13
5704 13
5705 13
5706 13
5707 13
5708 13
5709 13
5710 14
5711 14
5712 14
5713 14
5714 14
5715 14
5716 14
5717 14
5718 14
5719 14
5720 14
5721 14
5722 14
5723 14
5724 14
5725 14
5726 14
5727 14
5728 14
5729 14
5730 14
5731 14
5732 14
5733 14
5734 14
5735 14
5736 14
5737 14
5738 14
5739 14
5740 14
5741 14
5742 14
5743 14
5744 14
5745 14
5746 14
5747 14
5748 14
5749 14
5750 14
5751 14
5752 14
5753 14
5754 14
5755 14
5756 14
5757 14
5758 14
5759 14
5760 14
5761 14
5762 14
5763 14
5764 14
5765 14
5766 14
5767 14
5768 14
5769 14
5770 14
5771 14
5772 14
5773 14
5774 14
5775 14
5776 14
5777 14
5778 14
5779 14
5780 14
5781 14
5782 14
5783 14
5784 14
5785 14
5786 14
5787 14
5788 14
5789 14
5790 14
5791 14
5792 14
5793 14
5794 14
5795 14
5796 14
5797 14
5798 14
5799 14
5800 14
5801 14
5802 14
5803 14
5804 14
5805 14
5806 14
5807 14
5808 14
5809 14
5810 14
5811 14
5812 14
5813 14
5814 14
5815 14
5816 14
5817 14
5818 14
5819 14
5820 14
5821 14
5822 14
5823 14
5824 14
5825 14
5826 14
5827 14
5828 14
5829 14
5830 14
5831 14
5832 14
5833 14
5834 14
5835 14
5836 14
5837 14
5838 14
5839 14
5840 14
5841 14
5842 14
5843 14
5844 14
5845 14
5846 14
5847 14
5848 14
5849 14
5850 14
5851 14
5852 14
5853 14
5854 14
5855 14
5856 14
5857 14
5858 14
5859 14
5860 14
5861 14
5862 14
5863 14
5864 14
5865 14
5866 14
5867 14
5868 14
5869 14
5870 14
5871 14
5872 14
5873 14
5874 14
5875 14
5876 14
5877 14
5878 14
5879 14
5880 14
5881 14
5882 14
5883 14
5884 14
5885 14
5886 14
5887 14
5888 14
5889 14
5890 14
5891 14
5892 14
5893 14
5894 14
5895 14
5896 14
5897 14
5898 14
5899 14
5900 14
5901 14
5902 14
5903 14
5904 14
5905 14
5906 14
5907 14
5908 14
5909 14
5910 14
5911 14
5912 14
5913 14
5914 14
5915 14
5916 14
5917 14
5918 14
5919 14
5920 14
5921 14
5922 14
5923 14
5924 14
5925 14
5926 14
5927 14
5928 14
5929 14
5930 14
5931 14
5932 14
5933 14
5934 14
5935 14
5936 14
5937 14
5938 14
5939 14
5940 14
5941 14
5942 14
5943 14
5944 14
5945 14
5946 14
5947 14
5948 14
5949 14
5950 14
5951 14
5952 14
5953 14
5954 14
5955 14
5956 14
5957 14
5958 14
5959 14
5960 14
5961 14
5962 14
5963 14
5964 14
5965 14
5966 14
5967 14
5968 14
5969 14
5970 14
5971 14
5972 14
5973 14
5974 14
5975 14
5976 14
5977 14
5978 14
5979 14
5980 14
5981 14
5982 14
5983 14
5984 14
5985 14
5986 14
5987 14
5988 14
5989 14
5990 14
5991 14
5992 14
5993 14
5994 14
5995 14
5996 14
5997 14
5998 14
5999 14
6000 14
6001 14
6002 14
6003 14
6004 14
6005 14
6006 14
6007 14
6008 14
6009 14
6010 14
6011 14
6012 14
6013 14
6014 14
6015 14
6016 14
6017 14
6018 14
6019 14
6020 14
6021 14
6022 14
6023 14
6024 14
6025 14
6026 14
6027 14
6028 14
6029 14
6030 14
6031 14
6032 14
6033 14
6034 14
6035 14
6036 14
6037 14
6038 14
6039 14
6040 14
6041 14
6042 14
6043 14
6044 14
6045 14
6046 14
6047 14
6048 14
6049 14
6050 14
6051 14
6052 14
6053 14
6054 14
6055 14
6056 14
6057 14
6058 14
6059 14
6060 14
6061 14
6062 14
6063 14
6064 14
6065 14
6066 14
6067 14
6068 14
6069 14
6070 14
6071 14
6072 14
6073 14
6074 14
6075 14
6076 14
6077 14
6078 14
6079 14
6080 14
6081 14
6082 14
6083 14
6084 14
6085 14
6086 14
6087 14
6088 14
6089 14
6090 14
6091 14
6092 14
6093 14
6094 14
6095 14
6096 14
6097 14
6098 14
6099 14
6100 14
6101 14
6102 14
6103 14
6104 14
6105 14
6106 14
6107 14
6108 14
6109 14
6110 14
6111 14
6112 14
6113 14
6114 14
6115 14
6116 14
6117 14
6118 14
6119 14
6120 14
6121 14
6122 14
6123 14
6124 14
6125 14
6126 14
6127 14
6128 14
6129 14
6130 14
6131 14
6132 14
6133 14
6134 14
6135 14
6136 14
6137 14
6138 14
6139 14
6140 14
6141 14
6142 14
6143 14
6144 14
6145 14
6146 14
6147 14
6148 14
6149 14
6150 14
6151 14
6152 14
6153 14
6154 14
6155 14
6156 14
6157 14
6158 14
6159 14
6160 14
6161 14
6162 14
6163 14
6164 14
6165 14
6166 14
6167 14
6168 14
6169 14
6170 14
6171 14
6172 14
6173 14
6174 14
6175 14
6176 14
6177 14
6178 14
6179 14
6180 14
6181 14
6182 14
6183 14
6184 14
6185 14
6186 14
6187 14
6188 14
6189 14
6190 14
6191 14
6192 14
6193 14
6194 14
6195 14
6196 14
6197 14
6198 14
6199 14
6200 14
6201 14
6202 14
6203 14
6204 14
6205 14
6206 14
6207 14
6208 14
6209 14
6210 14
6211 14
6212 14
6213 14
6214 14
6215 14
6216 14
6217 14
6218 14
6219 14
6220 14
6221 14
6222 14
6223 14
6224 14
6225 14
6226 14
6227 14
6228 14
6229 14
6230 14
6231 14
6232 14
6233 14
6234 14
6235 14
6236 14
6237 14
6238 14
6239 14
6240 14
6241 14
6242 14
6243 14
6244 14
6245 14
6246 14
6247 14
6248 14
6249 14
6250 14
6251 14
6252 14
6253 14
6254 14
6255 14
6256 14
6257 14
6258 14
6259 14
6260 14
6261 14
6262 14
6263 14
6264 14
6265 14
6266 14
6267 14
6268 14
6269 14
6270 14
6271 14
6272 14
6273 14
6274 14
6275 14
6276 14
6277 14
6278 14
6279 14
6280 14
6281 14
6282 14
6283 14
6284 14
6285 14
6286 14
6287 14
6288 14
6289 14
6290 14
6291 14
6292 14
6293 14
6294 14
6295 14
6296 14
6297 14
6298 14
6299 14
6300 14
6301 14
6302 14
6303 14
6304 14
6305 14
6306 14
6307 14
6308 14
6309 14
6310 14
6311 14
6312 14
6313 14
6314 14
6315 14
6316 14
6317 14
6318 14
6319 14
6320 14
6321 14
6322 14
6323 14
6324 14
6325 14
6326 14
6327 14
6328 14
6329 14
6330 14
6331 14
6332 14
6333 14
6334 14
6335 14
6336 14
6337 14
6338 14
6339 14
6340 14
6341 14
6342 14
6343 14
6344 14
6345 14
6346 14
6347 14
6348 14
6349 14
6350 14
6351 14
6352 14
6353 14
6354 14
6355 14
6356 14
6357 14
6358 14
6359 14
6360 14
6361 14
6362 14
6363 14
6364 14
6365 14
6366 14
6367 14
6368 14
6369 14
6370 14
6371 14
6372 14
6373 14
6374 14
6375 14
6376 14
6377 14
6378 14
6379 14
6380 14
6381 14
6382 14
6383 14
6384 14
6385 14
6386 14
6387 14
6388 14
6389 14
6390 14
6391 14
6392 14
6393 14
6394 14
6395 14
6396 14
6397 14
6398 14
6399 14
6400 14
6401 14
6402 14
6403 14
6404 14
6405 14
6406 14
6407 14
6408 14
6409 14
6410 14
6411 14
6412 14
6413 14
6414 14
6415 14
6416 14
6417 14
6418 14
6419 14
6420 14
6421 14
6422 14
6423 14
6424 14
6425 14
6426 14
6427 14
6428 14
6429 14
6430 14
6431 14
6432 14
6433 14
6434 14
6435 14
6436 14
6437 14
6438 14
6439 14
6440 14
6441 14
6442 14
6443 14
6444 14
6445 14
6446 14
6447 14
6448 14
6449 14
6450 14
6451 14
6452 14
6453 14
6454 14
6455 14
6456 14
6457 14
6458 14
6459 14
6460 14
6461 14
6462 14
6463 14
6464 14
6465 14
6466 14
6467 14
6468 14
6469 14
6470 14
6471 14
6472 14
6473 14
6474 14
6475 14
6476 14
6477 14
6478 14
6479 14
6480 14
6481 14
6482 14
6483 14
6484 14
6485 14
6486 14
6487 14
6488 14
6489 14
6490 14
6491 14
6492 14
6493 14
6494 14
6495 14
6496 14
6497 14
6498 14
6499 14
6500 14
6501 14
6502 14
6503 14
6504 14
6505 14
6506 14
6507 14
6508 14
6509 14
6510 14
6511 14
6512 14
6513 14
6514 14
6515 14
6516 14
6517 14
6518 14
6519 14
6520 14
6521 14
6522 14
6523 14
6524 14
6525 14
6526 14
6527 14
6528 14
6529 14
6530 14
6531 14
6532 14
6533 14
6534 14
6535 14
6536 14
6537 14
6538 14
6539 14
6540 14
6541 14
6542 14
6543 14
6544 14
6545 14
6546 14
6547 14
6548 14
6549 14
6550 14
6551 14
6552 14
6553 14
6554 14
6555 14
6556 14
6557 14
6558 14
6559 14
6560 14
6561 14
6562 14
6563 14
6564 14
6565 14
6566 14
6567 14
6568 14
6569 14
6570 14
6571 14
6572 14
6573 14
6574 14
6575 14
6576 14
6577 14
6578 14
6579 14
6580 14
6581 14
6582 14
6583 14
6584 14
6585 14
6586 14
6587 14
6588 14
6589 14
6590 14
6591 14
6592 14
6593 14
6594 14
6595 14
6596 14
6597 14
6598 14
6599 14
6600 14
6601 14
6602 14
6603 14
6604 14
6605 14
6606 14
6607 14
6608 14
6609 14
6610 14
6611 14
6612 14
6613 14
6614 14
6615 14
6616 14
6617 14
6618 14
6619 14
6620 14
6621 14
6622 14
6623 14
6624 14
6625 14
6626 14
6627 14
6628 14
6629 14
6630 14
6631 14
6632 14
6633 14
6634 14
6635 14
6636 14
6637 14
6638 14
6639 14
6640 14
6641 14
6642 14
6643 14
6644 14
6645 14
6646 14
6647 14
6648 14
6649 14
6650 14
6651 14
6652 14
6653 14
6654 14
6655 14
6656 14
6657 14
6658 14
6659 14
6660 14
6661 14
6662 14
6663 14
6664 14
6665 14
6666 14
6667 14
6668 14
6669 14
6670 14
6671 14
6672 14
6673 14
6674 14
6675 14
6676 14
6677 14
6678 14
6679 14
6680 14
6681 14
6682 14
6683 14
6684 14
6685 14
6686 14
6687 14
6688 14
6689 14
6690 14
6691 14
6692 14
6693 14
6694 14
6695 14
6696 14
6697 14
6698 14
6699 14
6700 14
6701 14
6702 14
6703 14
6704 14
6705 14
6706 14
6707 14
6708 14
6709 14
6710 14
6711 14
6712 14
6713 14
6714 14
6715 14
6716 14
6717 14
6718 14
6719 14
6720 14
6721 14
6722 14
6723 14
6724 14
6725 14
6726 14
6727 14
6728 14
6729 14
6730 14
6731 14
6732 14
6733 14
6734 14
6735 14
6736 14
6737 14
6738 14
6739 14
6740 14
6741 14
6742 14
6743 14
6744 14
6745 14
6746 14
6747 14
6748 14
6749 14
6750 14
6751 14
6752 14
6753 14
6754 14
6755 14
6756 14
6757 14
6758 14
6759 14
6760 14
6761 14
6762 14
6763 14
6764 14
6765 14
6766 14
6767 14
6768 14
6769 14
6770 14
6771 14
6772 14
6773 14
6774 14
6775 14
6776 14
6777 14
6778 14
6779 14
6780 14
6781 14
6782 14
6783 14
6784 14
6785 14
6786 14
6787 14
6788 14
6789 14
6790 14
6791 14
6792 14
6793 14
6794 14
6795 14
6796 14
6797 14
6798 14
6799 14
6800 14
6801 14
6802 14
6803 14
6804 14
6805 14
6806 14
6807 14
6808 14
6809 14
6810 14
6811 14
6812 14
6813 14
6814 14
6815 14
6816 14
6817 14
6818 14
6819 14
6820 14
6821 14
6822 14
6823 14
6824 14
6825 14
6826 14
6827 14
6828 14
6829 14
6830 14
6831 14
6832 14
6833 14
6834 14
6835 14
6836 14
6837 14
6838 14
6839 14
6840 14
6841 14
6842 14
6843 14
6844 14
6845 14
6846 14
6847 14
6848 14
6849 14
6850 14
6851 14
6852 14
6853 14
6854 14
6855 14
6856 14
6857 14
6858 14
6859 14
6860 14
6861 14
6862 14
6863 14
6864 14
6865 14
6866 14
6867 14
6868 14
6869 14
6870 14
6871 14
6872 14
6873 14
6874 14
6875 14
6876 14
6877 14
6878 14
6879 14
6880 14
6881 14
6882 14
6883 14
6884 14
6885 14
6886 14
6887 14
6888 14
6889 14
6890 14
6891 14
6892 14
6893 14
6894 14
6895 14
6896 14
6897 14
6898 14
6899 14
6900 14
6901 14
6902 14
6903 14
6904 14
6905 14
6906 14
6907 14
6908 14
6909 14
6910 14
6911 14
6912 14
6913 14
6914 14
6915 14
6916 14
6917 14
6918 14
6919 14
6920 14
6921 14
6922 14
6923 14
6924 14
6925 14
6926 14
6927 14
6928 14
6929 14
6930 14
6931 14
6932 14
6933 14
6934 14
6935 14
6936 14
6937 14
6938 14
6939 14
6940 14
6941 14
6942 14
6943 14
6944 14
6945 14
6946 14
6947 14
6948 14
6949 14
6950 14
6951 14
6952 14
6953 14
6954 14
6955 14
6956 14
6957 14
6958 14
6959 14
6960 14
6961 14
6962 14
6963 14
6964 15
6965 15
6966 15
6967 15
6968 15
6969 15
6970 15
6971 15
6972 15
6973 15
6974 15
6975 15
6976 15
6977 15
6978 15
6979 15
6980 15
6981 15
6982 15
6983 15
6984 15
6985 15
6986 15
6987 15
6988 15
6989 15
6990 15
6991 15
6992 15
6993 15
6994 15
6995 15
6996 15
6997 15
6998 15
6999 15
7000 15
7001 15
7002 15
7003 15
7004 15
7005 15
7006 15
7007 15
7008 15
7009 15
7010 15
7011 15
7012 15
7013 15
7014 15
7015 15
7016 15
7017 15
7018 15
7019 15
7020 15
7021 15
7022 15
7023 15
7024 15
7025 15
7026 15
7027 15
7028 15
7029 15
7030 15
7031 15
7032 15
7033 15
7034 15
7035 15
7036 15
7037 15
7038 15
7039 15
7040 15
7041 15
7042 15
7043 15
7044 15
7045 15
7046 15
7047 15
7048 15
7049 15
7050 15
7051 15
7052 15
7053 15
7054 15
7055 15
7056 15
7057 15
7058 15
7059 15
7060 15
7061 15
7062 15
7063 15
7064 15
7065 15
7066 15
7067 15
7068 15
7069 15
7070 15
7071 15
7072 15
7073 15
7074 15
7075 15
7076 15
7077 15
7078 15
7079 15
7080 15
7081 15
7082 15
7083 15
7084 15
7085 15
7086 15
7087 15
7088 15
7089 15
7090 15
7091 15
7092 15
7093 15
7094 15
7095 15
7096 15
7097 15
7098 15
7099 15
7100 15
7101 15
7102 15
7103 15
7104 15
7105 15
7106 15
7107 15
7108 15
7109 15
7110 15
7111 15
7112 15
7113 15
7114 15
7115 15
7116 15
7117 15
7118 15
7119 15
7120 15
7121 15
7122 15
7123 15
7124 15
7125 15
7126 15
7127 15
7128 15
7129 15
7130 15
7131 15
7132 15
7133 15
7134 15
7135 15
7136 15
7137 15
7138 15
7139 15
7140 15
7141 15
7142 15
7143 15
7144 15
7145 15
7146 15
7147 15
7148 15
7149 15
7150 15
7151 15
7152 15
7153 15
7154 15
7155 15
7156 15
7157 15
7158 15
7159 15
7160 15
7161 15
7162 15
7163 15
7164 15
7165 15
7166 15
7167 15
7168 15
7169 15
7170 15
7171 15
7172 15
7173 15
7174 15
7175 15
7176 15
7177 15
7178 15
7179 15
7180 15
7181 15
7182 15
7183 15
7184 15
7185 15
7186 15
7187 15
7188 15
7189 15
7190 15
7191 15
7192 15
7193 15
7194 15
7195 15
7196 15
7197 15
7198 15
7199 15
7200 15
7201 15
7202 15
7203 15
7204 15
7205 15
7206 15
7207 15
7208 15
7209 15
7210 15
7211 15
7212 15
7213 15
7214 15
7215 15
7216 15
7217 15
7218 15
7219 15
7220 15
7221 15
7222 15
7223 15
7224 15
7225 15
7226 15
7227 15
7228 15
7229 15
7230 15
7231 15
7232 15
7233 15
7234 15
7235 15
7236 15
7237 15
7238 15
7239 15
7240 15
7241 15
7242 15
7243 15
7244 15
7245 15
7246 15
7247 15
7248 15
7249 15
7250 15
7251 15
7252 15
7253 15
7254 15
7255 15
7256 15
7257 15
7258 15
7259 15
7260 15
7261 15
7262 15
7263 15
7264 15
7265 15
7266 15
7267 15
7268 15
7269 15
7270 15
7271 15
7272 15
7273 15
7274 15
7275 15
7276 15
7277 15
7278 15
7279 15
7280 15
7281 15
7282 15
7283 15
7284 15
7285 15
7286 15
7287 15
7288 15
7289 15
7290 15
7291 15
7292 15
7293 15
7294 15
7295 15
7296 15
7297 15
7298 15
7299 15
7300 15
7301 15
7302 15
7303 15
7304 15
7305 15
7306 15
7307 15
7308 15
7309 15
7310 15
7311 15
7312 15
7313 15
7314 15
7315 15
7316 15
7317 15
7318 15
7319 15
7320 15
7321 15
7322 15
7323 15
7324 15
7325 15
7326 15
7327 15
7328 15
7329 15
7330 15
7331 15
7332 15
7333 15
7334 15
7335 15
7336 15
7337 15
7338 15
7339 15
7340 15
7341 15
7342 15
7343 15
7344 15
7345 15
7346 15
7347 15
7348 15
7349 15
7350 15
7351 15
7352 15
7353 15
7354 15
7355 15
7356 15
7357 15
7358 15
7359 15
7360 15
7361 15
7362 15
7363 15
7364 15
7365 15
7366 15
7367 15
7368 15
7369 15
7370 15
7371 15
7372 15
7373 15
7374 15
7375 15
7376 15
7377 15
7378 15
7379 15
7380 15
7381 15
7382 15
7383 15
7384 15
7385 15
7386 15
7387 15
7388 15
7389 15
7390 15
7391 15
7392 15
7393 15
7394 15
7395 15
7396 15
7397 15
7398 15
7399 15
7400 15
7401 15
7402 15
7403 15
7404 15
7405 15
7406 15
7407 15
7408 15
7409 15
7410 15
7411 15
7412 15
7413 15
7414 15
7415 15
7416 15
7417 15
7418 15
7419 15
7420 15
7421 15
7422 15
7423 15
7424 15
7425 15
7426 15
7427 15
7428 15
7429 15
7430 15
7431 15
7432 15
7433 15
7434 15
7435 15
7436 15
7437 15
7438 15
7439 15
7440 15
7441 15
7442 15
7443 15
7444 15
7445 15
7446 15
7447 15
7448 15
7449 15
7450 15
7451 15
7452 15
7453 15
7454 15
7455 15
7456 15
7457 15
7458 15
7459 15
7460 15
7461 15
7462 15
7463 15
7464 15
7465 15
7466 15
7467 15
7468 15
7469 15
7470 15
7471 15
7472 15
7473 15
7474 15
7475 15
7476 15
7477 15
7478 15
7479 15
7480 15
7481 15
7482 15
7483 15
7484 15
7485 15
7486 15
7487 15
7488 15
7489 15
7490 15
7491 15
7492 15
7493 15
7494 15
7495 15
7496 15
7497 15
7498 15
7499 15
7500 15
7501 15
7502 15
7503 15
7504 16
7505 16
7506 16
7507 16
7508 16
7509 16
7510 16
7511 16
7512 16
7513 16
7514 16
7515 16
7516 16
7517 16
7518 16
7519 16
7520 16
7521 16
7522 16
7523 16
7524 16
7525 16
7526 16
7527 16
7528 16
7529 16
7530 16
7531 16
7532 16
7533 16
7534 16
7535 16
7536 16
7537 16
7538 16
7539 16
7540 16
7541 16
7542 16
7543 16
7544 16
7545 16
7546 16
7547 16
7548 16
7549 16
7550 16
7551 16
7552 16
7553 16
7554 16
7555 16
7556 16
7557 16
7558 16
7559 16
7560 17
7561 17
7562 17
7563 17
7564 17
7565 17
7566 17
7567 17
7568 17
7569 17
7570 17
7571 17
7572 17
7573 17
7574 17
7575 17
7576 17
7577 17
7578 17
7579 17
7580 17
7581 17
7582 17
7583 17
7584 17
7585 17
7586 17
7587 17
7588 17
7589 17
7590 17
7591 17
7592 17
7593 17
7594 17
7595 17
7596 17
7597 17
7598 17
7599 17
7600 17
7601 17
7602 17
7603 17
7604 17
7605 17
7606 17
7607 17
7608 17
7609 17
7610 17
7611 17
7612 17
7613 17
7614 17
7615 17
7616 17
7617 17
7618 17
7619 17
7620 17
7621 17
7622 17
7623 17
7624 17
7625 17
7626 17
7627 17
7628 17
7629 17
7630 17
7631 17
7632 17
7633 17
7634 17
7635 17
7636 17
7637 17
7638 17
7639 17
7640 17
7641 17
7642 17
7643 17
7644 17
7645 17
7646 17
7647 17
7648 17
7649 17
7650 17
7651 17
7652 17
7653 17
7654 17
7655 17
7656 17
7657 17
7658 17
7659 17
7660 17
7661 17
7662 17
7663 17
7664 17
7665 17
7666 17
7667 17
7668 17
7669 17
7670 17
7671 17
7672 17
7673 17
7674 17
7675 17
7676 17
7677 17
7678 17
7679 17
7680 17
7681 17
7682 17
7683 17
7684 17
7685 17
7686 17
7687 17
7688 17
7689 17
7690 17
7691 17
7692 17
7693 17
7694 17
7695 17
7696 17
7697 17
7698 17
7699 17
7700 17
7701 17
7702 17
7703 17
7704 17
7705 17
7706 17
7707 17
7708 17
7709 17
7710 17
7711 17
7712 17
7713 17
7714 17
7715 17
7716 17
7717 17
7718 17
7719 17
7720 17
7721 17
7722 17
7723 17
7724 17
7725 17
7726 17
7727 17
7728 17
7729 17
7730 17
7731 17
7732 17
7733 17
7734 17
7735 17
7736 17
7737 17
7738 17
7739 17
7740 17
7741 17
7742 17
7743 17
7744 17
7745 17
7746 17
7747 17
7748 17
7749 17
7750 17
7751 17
7752 17
7753 17
7754 17
7755 17
7756 17
7757 17
7758 17
7759 17
7760 17
7761 17
7762 17
7763 17
7764 17
7765 17
7766 17
7767 17
7768 17
7769 17
7770 17
7771 17
7772 17
7773 17
7774 17
7775 17
7776 17
7777 17
7778 17
7779 17
7780 17
7781 17
7782 17
7783 17
7784 17
7785 17
7786 17
7787 17
7788 17
7789 17
7790 17
7791 17
7792 17
7793 17
7794 17
7795 17
7796 17
7797 17
7798 17
7799 17
7800 17
7801 17
7802 17
7803 17
7804 17
7805 17
7806 17
7807 17
7808 17
7809 17
7810 17
7811 17
7812 17
7813 17
7814 17
7815 17
7816 17
7817 17
7818 17
7819 17
7820 17
7821 17
7822 17
7823 17
7824 17
7825 17
7826 17
7827 17
7828 17
7829 17
7830 17
7831 17
7832 17
7833 17
7834 17
7835 17
7836 17
7837 17
7838 17
7839 17
7840 17
7841 17
7842 17
7843 17
7844 17
7845 17
7846 17
7847 17
7848 17
7849 17
7850 17
7851 17
7852 17
7853 17
7854 17
7855 17
7856 17
7857 17
7858 17
7859 17
7860 17
7861 17
7862 17
7863 17
7864 17
7865 17
7866 17
7867 17
7868 17
7869 17
7870 17
7871 17
7872 17
7873 17
7874 17
7875 17
7876 17
7877 17
7878 17
7879 17
7880 17
7881 17
7882 17
7883 17
7884 17
7885 17
7886 17
7887 17
7888 17
7889 17
7890 17
7891 17
7892 17
7893 17
7894 17
7895 17
7896 17
7897 17
7898 17
7899 17
7900 17
7901 17
7902 17
7903 17
7904 17
7905 17
7906 17
7907 17
7908 17
7909 17
7910 17
7911 17
7912 17
7913 17
7914 17
7915 17
7916 17
7917 17
7918 17
7919 17
7920 17
7921 17
7922 17
7923 17
7924 17
7925 17
7926 17
7927 17
7928 17
7929 17
7930 17
7931 17
7932 17
7933 17
7934 17
7935 17
7936 17
7937 17
7938 17
7939 17
7940 17
7941 17
7942 17
7943 17
7944 17
7945 17
7946 17
7947 17
7948 17
7949 17
7950 17
7951 17
7952 17
7953 17
7954 17
7955 17
7956 17
7957 17
7958 17
7959 17
7960 17
7961 17
7962 17
7963 17
7964 17
7965 17
7966 17
7967 17
7968 17
7969 17
7970 17
7971 17
7972 17
7973 17
7974 17
7975 17
7976 17
7977 17
7978 17
7979 17
7980 17
7981 17
7982 17
7983 17
7984 17
7985 17
7986 17
7987 17
7988 17
7989 17
7990 17
7991 17
7992 17
7993 17
7994 17
7995 17
7996 17
7997 17
7998 17
7999 17
8000 17
8001 17
8002 17
8003 17
8004 17
8005 17
8006 17
8007 17
8008 17
8009 17
8010 17
8011 17
8012 17
8013 17
8014 17
8015 17
8016 17
8017 17
8018 17
8019 17
8020 17
8021 17
8022 17
8023 17
8024 17
8025 17
8026 17
8027 17
8028 17
8029 17
8030 17
8031 17
8032 17
8033 17
8034 17
8035 17
8036 17
8037 17
8038 17
8039 17
8040 17
8041 17
8042 17
8043 17
8044 17
8045 17
8046 17
8047 17
8048 17
8049 17
8050 17
8051 17
8052 17
8053 17
8054 17
8055 17
8056 17
8057 17
8058 17
8059 17
8060 17
8061 17
8062 17
8063 17
8064 17
8065 17
8066 17
8067 17
8068 17
8069 17
8070 17
8071 17
8072 17
8073 17
8074 17
8075 17
8076 17
8077 17
8078 17
8079 17
8080 17
8081 17
8082 17
8083 17
8084 17
8085 17
8086 17
8087 17
8088 17
8089 17
8090 17
8091 17
8092 17
8093 17
8094 17
8095 17
8096 17
8097 17
8098 17
8099 17
8100 17
8101 17
8102 17
8103 17
8104 17
8105 17
8106 17
8107 17
8108 17
8109 17
8110 17
8111 17
8112 17
8113 17
8114 17
8115 17
8116 17
8117 17
8118 17
8119 17
8120 17
8121 17
8122 17
8123 17
8124 17
8125 17
8126 17
8127 17
8128 17
8129 17
8130 17
8131 17
8132 17
8133 17
8134 17
8135 17
8136 17
8137 17
8138 17
8139 17
8140 17
8141 17
8142 17
8143 17
8144 17
8145 17
8146 17
8147 17
8148 17
8149 17
8150 17
8151 17
8152 17
8153 17
8154 17
8155 17
8156 17
8157 17
8158 17
8159 17
8160 17
8161 17
8162 17
8163 17
8164 17
8165 17
8166 17
8167 17
8168 17
8169 17
8170 17
8171 17
8172 17
8173 17
8174 17
8175 17
8176 17
8177 17
8178 17
8179 17
8180 17
8181 17
8182 17
8183 17
8184 17
8185 17
8186 17
8187 17
8188 17
8189 17
8190 17
8191 17
8192 17
8193 17
8194 17
8195 17
8196 17
8197 17
8198 17
8199 17
8200 17
8201 17
8202 17
8203 17
8204 17
8205 17
8206 17
8207 17
8208 17
8209 17
8210 17
8211 17
8212 17
8213 17
8214 17
8215 17
8216 17
8217 17
8218 17
8219 17
8220 17
8221 17
8222 17
8223 17
8224 17
8225 17
8226 17
8227 17
8228 17
8229 17
8230 17
8231 17
8232 17
8233 17
8234 17
8235 17
8236 17
8237 17
8238 17
8239 17
8240 17
8241 17
8242 17
8243 17
8244 17
8245 17
8246 17
8247 17
8248 17
8249 17
8250 17
8251 17
8252 17
8253 17
8254 17
8255 17
8256 17
8257 17
8258 17
8259 17
8260 17
8261 17
8262 17
8263 17
8264 17
8265 17
8266 17
8267 17
8268 17
8269 17
8270 18
8271 18
8272 18
8273 18
8274 18
8275 18
8276 18
8277 18
8278 18
8279 18
8280 18
8281 18
8282 18
8283 18
8284 18
8285 18
8286 18
8287 18
8288 18
8289 18
8290 18
8291 18
8292 18
8293 18
8294 18
8295 18
8296 18
8297 18
8298 18
8299 18
8300 18
8301 18
8302 18
8303 18
8304 18
8305 18
8306 18
8307 18
8308 18
8309 18
8310 18
8311 18
8312 18
8313 18
8314 18
8315 18
8316 18
8317 18
8318 18
8319 18
8320 18
8321 18
8322 18
8323 18
8324 18
8325 18
8326 18
8327 18
8328 18
8329 18
8330 18
8331 18
8332 18
8333 18
8334 18
8335 18
8336 18
8337 18
8338 18
8339 18
8340 18
8341 18
8342 18
8343 18
8344 18
8345 18
8346 18
8347 18
8348 18
8349 18
8350 18
8351 18
8352 18
8353 18
8354 18
8355 18
8356 18
8357 18
8358 18
8359 18
8360 18
8361 18
8362 18
8363 18
8364 18
8365 18
8366 18
8367 18
8368 18
8369 18
8370 18
8371 18
8372 18
8373 18
8374 18
8375 18
8376 18
8377 18
8378 18
8379 18
8380 18
8381 18
8382 18
8383 18
8384 18
8385 18
8386 18
8387 18
8388 18
8389 18
8390 18
8391 18
8392 18
8393 18
8394 18
8395 18
8396 18
8397 18
8398 18
8399 18
8400 18
8401 18
8402 18
8403 18
8404 18
8405 18
8406 18
8407 18
8408 18
8409 18
8410 18
8411 18
8412 18
8413 18
8414 18
8415 18
8416 18
8417 18
8418 18
8419 18
8420 18
8421 18
8422 18
8423 18
8424 18
8425 18
8426 18
8427 18
8428 18
8429 18
8430 18
8431 18
8432 18
8433 18
8434 18
8435 18
8436 18
8437 18
8438 18
8439 18
8440 18
8441 18
8442 18
8443 18
8444 18
8445 18
8446 18
8447 18
8448 18
8449 18
8450 18
8451 18
8452 18
8453 18
8454 18
8455 18
8456 18
8457 18
8458 18
8459 18
8460 18
8461 18
8462 18
8463 18
8464 18
8465 18
8466 18
8467 18
8468 18
8469 18
8470 18
8471 18
8472 18
8473 18
8474 18
8475 18
8476 18
8477 18
8478 18
8479 18
8480 18
8481 18
8482 18
8483 18
8484 18
8485 18
8486 18
8487 18
8488 18
8489 18
8490 18
8491 18
8492 18
8493 18
8494 18
8495 18
8496 18
8497 18
8498 18
8499 18
8500 18
8501 18
8502 18
8503 18
8504 18
8505 18
8506 18
8507 18
8508 18
8509 18
8510 18
8511 18
8512 18
8513 18
8514 18
8515 18
8516 18
8517 18
8518 18
8519 18
8520 18
8521 18
8522 18
8523 18
8524 18
8525 18
8526 18
8527 18
8528 18
8529 18
8530 18
8531 18
8532 18
8533 18
8534 18
8535 18
8536 18
8537 18
8538 18
8539 18
8540 18
8541 18
8542 18
8543 18
8544 18
8545 18
8546 18
8547 18
8548 18
8549 18
8550 18
8551 18
8552 18
8553 18
8554 18
8555 18
8556 18
8557 18
8558 18
8559 18
8560 18
8561 18
8562 18
8563 18
8564 18
8565 18
8566 18
8567 18
8568 18
8569 18
8570 18
8571 18
8572 18
8573 18
8574 18
8575 18
8576 18
8577 18
8578 18
8579 18
8580 18
8581 18
8582 18
8583 18
8584 18
8585 18
8586 18
8587 18
8588 18
8589 18
8590 18
8591 18
8592 18
8593 18
8594 18
8595 18
8596 18
8597 18
8598 18
8599 18
8600 18
8601 18
8602 18
8603 18
8604 18
8605 18
8606 18
8607 18
8608 18
8609 18
8610 18
8611 18
8612 18
8613 18
8614 18
8615 18
8616 18
8617 18
8618 18
8619 18
8620 18
8621 18
8622 18
8623 18
8624 18
8625 18
8626 18
8627 18
8628 18
8629 18
8630 18
8631 18
8632 18
8633 18
8634 18
8635 18
8636 18
8637 18
8638 18
8639 18
8640 18
8641 18
8642 18
8643 18
8644 18
8645 18
8646 18
8647 18
8648 18
8649 18
8650 18
8651 18
8652 18
8653 18
8654 18
8655 18
8656 18
8657 18
8658 18
8659 18
8660 18
8661 18
8662 18
8663 18
8664 18
8665 18
8666 18
8667 18
8668 18
8669 18
8670 18
8671 18
8672 18
8673 18
8674 18
8675 18
8676 18
8677 18
8678 18
8679 18
8680 18
8681 18
8682 18
8683 18
8684 18
8685 18
8686 18
8687 18
8688 18
8689 18
8690 18
8691 18
8692 18
8693 18
8694 18
8695 18
8696 18
8697 18
8698 18
8699 18
8700 18
8701 18
8702 18
8703 18
8704 18
8705 18
8706 18
8707 18
8708 18
8709 18
8710 18
8711 18
8712 18
8713 18
8714 18
8715 18
8716 18
8717 18
8718 18
8719 18
8720 18
8721 18
8722 18
8723 18
8724 18
8725 18
8726 18
8727 18
8728 18
8729 18
8730 18
8731 18
8732 18
8733 18
8734 18
8735 18
8736 18
8737 18
8738 18
8739 18
8740 18
8741 18
8742 18
8743 18
8744 18
8745 18
8746 18
8747 18
8748 18
8749 18
8750 18
8751 18
8752 18
8753 18
8754 18
8755 18
8756 18
8757 18
8758 18
8759 18
8760 18
8761 18
8762 18
8763 18
8764 18
8765 18
8766 18
8767 18
8768 18
8769 18
8770 18
8771 18
8772 18
8773 18
8774 18
8775 18
8776 18
8777 18
8778 18
8779 18
8780 18
8781 18
8782 18
8783 18
8784 18
8785 18
8786 18
8787 18
8788 18
8789 18
8790 18
8791 18
8792 18
8793 18
8794 18
8795 18
8796 18
8797 18
8798 18
8799 18
8800 18
8801 18
8802 18
8803 18
8804 19
8805 19
8806 19
8807 19
8808 19
8809 19
8810 19
8811 19
8812 19
8813 19
8814 19
8815 19
8816 19
8817 19
8818 19
8819 19
8820 19
8821 19
8822 19
8823 19
8824 19
8825 19
8826 19
8827 19
8828 19
8829 19
8830 19
8831 19
8832 19
8833 19
8834 19
8835 19
8836 19
8837 19
8838 19
8839 19
8840 19
8841 19
8842 19
8843 19
8844 19
8845 19
8846 19
8847 19
8848 19
8849 19
8850 19
8851 19
8852 19
8853 19
8854 19
8855 19
8856 19
8857 19
8858 19
8859 19
8860 19
8861 19
8862 19
8863 19
8864 19
8865 19
8866 19
8867 19
8868 19
8869 19
8870 19
8871 19
8872 19
8873 19
8874 19
8875 19
8876 19
8877 19
8878 19
8879 19
8880 19
8881 19
8882 19
8883 19
8884 19
8885 19
8886 19
8887 19
8888 19
8889 19
8890 19
8891 19
8892 19
8893 19
8894 19
8895 19
8896 19
8897 19
8898 19
8899 19
8900 19
8901 19
8902 19
8903 19
8904 19
8905 19
8906 19
8907 19
8908 19
8909 19
8910 19
8911 19
8912 19
8913 19
8914 19
8915 19
8916 19
8917 19
8918 19
8919 19
8920 19
8921 19
8922 19
8923 19
8924 19
8925 19
8926 19
8927 19
8928 19
8929 19
8930 19
8931 19
8932 19
8933 19
8934 19
8935 19
8936 19
8937 19
8938 19
8939 19
8940 19
8941 19
8942 19
8943 19
8944 19
8945 19
8946 19
8947 19
8948 19
8949 19
8950 19
8951 20
8952 20
8953 20
8954 20
8955 20
8956 20
8957 20
8958 20
8959 20
8960 20
8961 20
8962 20
8963 20
8964 20
8965 20
8966 20
8967 20
8968 20
8969 20
8970 20
8971 20
8972 20
8973 20
8974 20
8975 20
8976 20
8977 20
8978 20
8979 20
8980 20
8981 20
8982 20
8983 20
8984 20
8985 20
8986 20
8987 20
8988 20
8989 20
8990 20
8991 20
8992 20
8993 20
8994 20
8995 20
8996 20
8997 20
8998 20
8999 20
9000 20
9001 20
9002 20
9003 20
9004 20
9005 20
9006 20
9007 20
9008 20
9009 20
9010 20
9011 20
9012 20
9013 20
9014 20
9015 20
9016 20
9017 20
9018 20
9019 20
9020 20
9021 20
9022 20
9023 20
9024 20
9025 20
9026 20
9027 20
9028 20
9029 20
9030 20
9031 20
9032 20
9033 20
9034 20
9035 20
9036 20
9037 20
9038 20
9039 20
9040 20
9041 20
9042 20
9043 20
9044 20
9045 20
9046 20
9047 20
9048 20
9049 20
9050 20
9051 20
9052 20
9053 20
9054 20
9055 20
9056 20
9057 20
9058 20
9059 20
9060 20
9061 20
9062 20
9063 20
9064 20
9065 20
9066 20
9067 20
9068 20
9069 20
9070 20
9071 20
9072 20
9073 20
9074 20
9075 20
9076 20
9077 20
9078 20
9079 20
9080 20
9081 20
9082 20
9083 20
9084 20
9085 20
9086 20
9087 20
9088 20
9089 20
9090 20
9091 20
9092 20
9093 20
9094 20
9095 20
9096 20
9097 20
9098 20
9099 20
9100 20
9101 20
9102 20
9103 20
9104 20
9105 20
9106 20
9107 20
9108 20
9109 20
9110 20
9111 20
9112 20
9113 20
9114 20
9115 20
9116 20
9117 20
9118 20
9119 20
9120 20
9121 20
9122 20
9123 20
9124 20
9125 20
9126 20
9127 20
9128 20
9129 20
9130 20
9131 20
9132 20
9133 20
9134 20
9135 20
9136 20
9137 20
9138 20
9139 20
9140 20
9141 20
9142 20
9143 20
9144 20
9145 20
9146 20
9147 20
9148 20
9149 20
9150 20
9151 20
9152 20
9153 20
9154 20
9155 20
9156 20
9157 20
9158 20
9159 20
9160 20
9161 20
9162 20
9163 20
9164 20
9165 20
9166 20
9167 20
9168 20
9169 20
9170 20
9171 20
9172 20
9173 20
9174 20
9175 20
9176 20
9177 20
9178 20
9179 20
9180 20
9181 20
9182 20
9183 20
9184 20
9185 20
9186 20
9187 20
9188 20
9189 20
9190 20
9191 20
9192 20
9193 20
9194 20
9195 20
9196 20
9197 20
9198 20
9199 20
9200 20
9201 20
9202 20
9203 20
9204 20
9205 20
9206 20
9207 20
9208 20
9209 20
9210 20
9211 20
9212 20
9213 20
9214 20
9215 20
9216 20
9217 20
9218 20
9219 20
9220 20
9221 20
9222 20
9223 20
9224 20
9225 20
9226 20
9227 20
9228 20
9229 20
9230 20
9231 20
9232 20
9233 20
9234 20
9235 20
9236 20
9237 20
9238 20
9239 20
9240 20
9241 20
9242 20
9243 20
9244 20
9245 20
9246 20
9247 20
9248 20
9249 20
9250 20
9251 20
9252 20
9253 20
9254 20
9255 20
9256 20
9257 20
9258 20
9259 20
9260 20
9261 20
9262 20
9263 20
9264 20
9265 20
9266 20
9267 20
9268 20
9269 20
9270 20
9271 20
9272 20
9273 20
9274 20
9275 20
9276 20
9277 20
9278 20
9279 20
9280 20
9281 20
9282 20
9283 20
9284 20
9285 20
9286 20
9287 20
9288 20
9289 20
9290 20
9291 20
9292 20
9293 20
9294 20
9295 20
9296 20
9297 20
9298 20
9299 20
9300 20
9301 20
9302 20
9303 20
9304 20
9305 20
9306 20
9307 20
9308 20
9309 20
9310 20
9311 20
9312 20
9313 20
9314 20
9315 20
9316 20
9317 20
9318 20
9319 20
9320 20
9321 20
9322 20
9323 20
9324 20
9325 20
9326 20
9327 20
9328 20
9329 20
9330 20
9331 20
9332 20
9333 20
9334 20
9335 20
9336 20
9337 20
9338 20
9339 20
9340 20
9341 20
9342 20
9343 20
9344 20
9345 20
9346 20
9347 20
9348 20
9349 20
9350 20
9351 20
9352 20
9353 20
9354 20
9355 20
9356 20
9357 20
9358 20
9359 20
9360 20
9361 20
9362 20
9363 20
9364 20
9365 20
9366 20
9367 20
9368 20
9369 20
9370 20
9371 20
9372 20
9373 20
9374 20
9375 20
9376 20
9377 20
9378 20
9379 20
9380 20
9381 20
9382 20
9383 20
9384 20
9385 20
9386 20
9387 20
9388 20
9389 20
9390 20
9391 20
9392 20
9393 20
9394 20
9395 20
9396 20
9397 20
9398 20
9399 20
9400 20
9401 20
9402 20
9403 20
9404 20
9405 20
9406 20
9407 20
9408 20
9409 20
9410 20
9411 20
9412 20
9413 20
9414 20
9415 20
9416 20
9417 20
9418 20
9419 20
9420 20
9421 20
9422 20
9423 20
9424 20
9425 20
9426 20
9427 20
9428 20
9429 20
9430 20
9431 20
9432 20
9433 20
9434 20
9435 20
9436 20
9437 20
9438 20
9439 20
9440 20
9441 20
9442 20
9443 20
9444 20
9445 20
9446 20
9447 20
9448 20
9449 20
9450 20
9451 20
9452 20
9453 20
9454 20
9455 20
9456 20
9457 20
9458 20
9459 20
9460 20
9461 20
9462 20
9463 20
9464 20
9465 20
9466 20
9467 20
9468 20
9469 20
9470 20
9471 20
9472 20
9473 20
9474 20
9475 20
9476 20
9477 20
9478 20
9479 20
9480 20
9481 20
9482 20
9483 20
9484 20
9485 20
9486 20
9487 20
9488 20
9489 20
9490 20
9491 20
9492 20
9493 20
9494 20
9495 20
9496 20
9497 20
9498 20
9499 20
9500 20
9501 20
9502 20
9503 20
9504 20
9505 20
9506 20
9507 20
9508 20
9509 20
9510 20
9511 20
9512 20
9513 20
9514 20
9515 20
9516 20
9517 20
9518 20
9519 20
9520 20
9521 20
9522 20
9523 20
9524 20
9525 20
9526 20
9527 21
9528 21
9529 21
9530 21
9531 21
9532 21
9533 21
9534 21
9535 21
9536 21
9537 21
9538 21
9539 21
9540 21
9541 21
9542 21
9543 21
9544 21
9545 21
9546 21
9547 21
9548 21
9549 21
9550 21
9551 21
9552 21
9553 21
9554 21
9555 21
9556 21
9557 21
9558 21
9559 21
9560 21
9561 21
9562 21
9563 21
9564 21
9565 21
9566 21
9567 21
9568 21
9569 21
9570 21
9571 21
9572 21
9573 21
9574 21
9575 21
9576 21
9577 21
9578 21
9579 21
9580 21
9581 21
9582 21
9583 21
9584 21
9585 21
9586 21
9587 21
9588 21
9589 21
9590 21
9591 21
9592 21
9593 21
9594 21
9595 21
9596 21
9597 21
9598 21
9599 21
9600 21
9601 21
9602 21
9603 21
9604 21
9605 21
9606 21
9607 21
9608 21
9609 21
9610 21
9611 21
9612 21
9613 21
9614 21
9615 21
9616 21
9617 21
9618 21
9619 21
9620 21
9621 21
9622 21
9623 21
9624 21
9625 21
9626 21
9627 21
9628 21
9629 21
9630 21
9631 21
9632 21
9633 21
9634 21
9635 21
9636 21
9637 21
9638 21
9639 21
9640 21
9641 21
9642 21
9643 21
9644 21
9645 21
9646 21
9647 21
9648 21
9649 21
9650 21
9651 21
9652 21
9653 21
9654 21
9655 21
9656 21
9657 21
9658 21
9659 21
9660 21
9661 21
9662 21
9663 21
9664 21
9665 21
9666 21
9667 21
9668 21
9669 21
9670 21
9671 21
9672 21
9673 21
9674 21
9675 21
9676 21
9677 21
9678 21
9679 21
9680 21
9681 21
9682 21
9683 21
9684 21
9685 21
9686 21
9687 21
9688 21
9689 21
9690 21
9691 21
9692 21
9693 21
9694 21
9695 21
9696 21
9697 21
9698 21
9699 21
9700 21
9701 21
9702 21
9703 21
9704 21
9705 21
9706 21
9707 21
9708 21
9709 21
9710 21
9711 21
9712 21
9713 21
9714 21
9715 21
9716 21
9717 21
9718 21
9719 21
9720 21
9721 21
9722 21
9723 21
9724 21
9725 21
9726 21
9727 21
9728 21
9729 21
9730 21
9731 21
9732 21
9733 21
9734 21
9735 21
9736 21
9737 21
9738 21
9739 21
9740 21
9741 21
9742 21
9743 21
9744 21
9745 21
9746 21
9747 21
9748 21
9749 21
9750 21
9751 21
9752 21
9753 21
9754 21
9755 21
9756 21
9757 21
9758 21
9759 21
9760 21
9761 21
9762 21
9763 21
9764 21
9765 21
9766 21
9767 21
9768 21
9769 21
9770 21
9771 21
9772 21
9773 21
9774 21
9775 21
9776 21
9777 21
9778 21
9779 21
9780 21
9781 21
9782 21
9783 21
9784 21
9785 21
9786 21
9787 21
9788 21
9789 21
9790 21
9791 21
9792 21
9793 21
9794 21
9795 21
9796 21
9797 21
9798 21
9799 21
9800 21
9801 21
9802 21
9803 21
9804 21
9805 21
9806 21
9807 21
9808 21
9809 21
9810 21
9811 21
9812 21
9813 21
9814 21
9815 21
9816 21
9817 21
9818 21
9819 21
9820 21
9821 21
9822 21
9823 21
9824 21
9825 21
9826 21
9827 21
9828 21
9829 21
9830 21
9831 21
9832 21
9833 21
9834 21
9835 21
9836 21
9837 21
9838 21
9839 21
9840 21
9841 21
9842 21
9843 21
9844 21
9845 21
9846 21
9847 21
9848 21
9849 21
9850 21
9851 21
9852 21
9853 21
9854 21
9855 21
9856 21
9857 21
9858 21
9859 21
9860 21
9861 21
9862 21
9863 21
9864 21
9865 21
9866 21
9867 21
9868 21
9869 21
9870 21
9871 21
9872 21
9873 21
9874 21
9875 21
9876 21
9877 21
9878 21
9879 21
9880 21
9881 21
9882 21
9883 21
9884 21
9885 21
9886 21
9887 21
9888 21
9889 21
9890 21
9891 21
9892 21
9893 21
9894 21
9895 21
9896 21
9897 21
9898 21
9899 21
9900 21
9901 21
9902 21
9903 21
9904 21
9905 21
9906 21
9907 21
9908 21
9909 21
9910 21
9911 21
9912 21
9913 21
9914 21
9915 21
9916 21
9917 21
9918 21
9919 21
9920 21
9921 21
9922 21
9923 21
9924 21
9925 21
9926 21
9927 21
9928 21
9929 21
9930 21
9931 21
9932 21
9933 21
9934 21
9935 21
9936 21
9937 21
9938 21
9939 21
9940 21
9941 21
9942 21
9943 21
9944 21
9945 21
9946 21
9947 21
9948 21
9949 21
9950 21
9951 21
9952 21
9953 21
9954 21
9955 21
9956 21
9957 21
9958 21
9959 21
9960 21
9961 21
9962 21
9963 21
9964 21
9965 21
9966 21
9967 21
9968 21
9969 21
9970 21
9971 21
9972 21
9973 21
9974 21
9975 21
9976 21
9977 21
9978 21
9979 21
9980 21
9981 21
9982 21
9983 21
9984 21
9985 21
9986 21
9987 21
9988 21
9989 21
9990 21
9991 21
9992 21
9993 21
9994 21
9995 21
9996 21
9997 21
9998 21
9999 21
10000 21
