100 0
101 0
102 0
103 0
104 0
105 0
106 0
107 0
108 0
109 0
110 0
111 0
112 0
113 0
114 0
115 0
116 0
117 0
118 0
119 0
120 0
121 0
122 0
123 0
124 0
125 0
126 0
127 0
128 0
129 0
130 0
131 0
132 0
133 0
134 0
135 0
136 0
137 0
138 0
139 0
140 0
141 0
142 0
143 0
144 0
145 0
146 0
147 0
148 0
149 0
150 0
151 0
152 0
153 0
154 0
155 0
156 0
157 0
158 0
159 0
160 0
161 0
162 0
163 0
164 0
165 0
166 0
167 0
168 0
169 0
170 0
171 0
172 0
173 0
174 0
175 0
176 0
177 0
178 0
179 0
180 0
181 0
182 0
183 0
184 0
185 0
186 0
187 0
188 0
189 0
190 0
191 0
192 0
193 0
194 0
195 0
196 0
197 0
198 0
199 0
200 0
201 0
202 0
203 0
204 0
205 0
206 0
207 0
208 0
209 0
210 0
211 0
212 0
213 0
214 0
215 0
216 0
217 0
218 0
219 0
220 0
221 0
222 0
223 0
224 0
225 0
226 0
227 0
228 0
229 0
230 0
231 0
232 0
233 0
234 0
235 0
236 0
237 0
238 0
239 0
240 0
241 0
242 0
243 0
244 0
245 0
246 0
247 0
248 0
249 0
250 0
251 0
252 0
253 0
254 0
255 0
256 0
257 0
258 0
259 0
260 0
261 0
262 0
263 0
264 0
265 0
266 0
267 0
268 0
269 0
270 0
271 0
272 0
273 0
274 0
275 0
276 0
277 0
278 0
279 0
280 0
281 0
282 0
283 0
284 0
285 0
286 0
287 0
288 0
289 0
290 0
291 0
292 0
293 0
294 0
295 0
296 0
297 0
298 0
299 0
300 0
301 0
302 0
303 0
304 0
305 0
306 0
307 0
308 0
309 0
310 0
311 0
312 0
313 0
314 0
315 0
316 0
317 0
318 0
319 0
320 0
321 0
322 0
323 0
324 0
325 0
326 0
327 0
328 0
329 0
330 0
331 0
332 0
333 0
334 0
335 0
336 0
337 0
338 0
339 0
340 0
341 0
342 0
343 0
344 0
345 0
346 0
347 0
348 0
349 0
350 0
351 0
352 0
353 0
354 0
355 0
356 0
357 0
358 0
359 0
360 0
361 0
362 0
363 0
364 0
365 0
366 0
367 0
368 0
369 0
370 0
371 0
372 0
373 0
374 0
375 0
376 0
377 0
378 0
379 0
380 0
381 0
382 0
383 0
384 0
385 0
386 0
387 0
388 0
389 0
390 0
391 0
392 0
393 0
394 0
395 0
396 0
397 0
398 0
399 0
400 0
401 0
402 0
403 0
404 0
405 0
406 0
407 0
408 0
409 0
410 0
411 0
412 0
413 0
414 0
415 0
416 0
417 0
418 0
419 0
420 0
421 0
422 0
423 0
424 0
425 0
426 0
427 0
428 0
429 0
430 0
431 0
432 0
433 0
434 0
435 0
436 0
437 0
438 0
439 0
440 0
441 0
442 0
443 0
444 0
445 0
446 0
447 0
448 0
449 0
450 0
451 0
452 0
453 0
454 0
455 0
456 0
457 0
458 0
459 0
460 0
461 0
462 0
463 0
464 0
465 0
466 0
467 0
468 0
469 0
470 0
471 0
472 0
473 0
474 0
475 0
476 0
477 0
478 0
479 0
480 0
481 0
482 0
483 0
484 0
485 0
486 0
487 0
488 0
489 0
490 0
491 0
492 0
493 0
494 0
495 0
496 0
497 0
498 0
499 0
500 0
501 0
502 0
503 0
504 0
505 0
506 0
507 0
508 0
509 0
510 0
511 0
512 0
513 0
514 0
515 0
516 0
517 0
518 0
519 0
520 0
521 0
522 0
523 0
524 0
525 0
526 0
527 0
528 0
529 0
530 0
531 0
532 0
533 0
534 0
535 0
536 0
537 0
538 0
539 0
540 0
541 0
542 0
543 0
544 0
545 0
546 0
547 0
548 0
549 0
550 0
551 0
552 0
553 0
554 0
555 0
556 0
557 0
558 0
559 0
560 0
561 0
562 0
563 0
564 0
565 0
566 0
567 0
568 0
569 0
570 0
571 0
572 0
573 0
574 0
575 0
576 0
577 0
578 0
579 0
580 0
581 0
582 0
583 0
584 0
585 0
586 0
587 0
588 0
589 0
590 0
591 0
592 0
593 0
594 0
595 0
596 0
597 0
598 0
599 0
600 0
601 0
602 0
603 0
604 0
605 0
606 0
607 0
608 0
609 0
610 0
611 0
612 0
613 0
614 0
615 0
616 0
617 0
618 0
619 0
620 0
621 0
622 0
623 0
624 0
625 0
626 0
627 0
628 0
629 0
630 0
631 0
632 0
633 0
634 0
635 0
636 0
637 0
638 0
639 0
640 0
641 0
642 0
643 0
644 0
645 0
646 0
647 0
648 0
649 0
650 0
651 0
652 0
653 0
654 0
655 0
656 0
657 0
658 0
659 0
660 0
661 0
662 1
663 1
664 1
665 1
666 1
667 1
668 1
669 1
670 1
671 1
672 1
673 1
674 1
675 1
676 1
677 1
678 1
679 1
680 1
681 1
682 1
683 1
684 1
685 1
686 1
687 1
688 1
689 1
690 1
691 1
692 1
693 1
694 1
695 1
696 1
697 1
698 1
699 1
700 1
701 1
702 1
703 1
704 1
705 1
706 1
707 1
708 1
709 1
710 1
711 1
712 1
713 1
714 1
715 1
716 1
717 1
718 1
719 1
720 1
721 1
722 1
723 1
724 1
725 1
726 1
727 1
728 1
729 1
730 1
731 1
732 1
733 1
734 1
735 1
736 1
737 1
738 1
739 1
740 1
741 1
742 1
743 1
744 1
745 1
746 1
747 1
748 1
749 1
750 1
751 1
752 1
753 1
754 1
755 1
756 1
757 1
758 1
759 1
760 1
761 1
762 1
763 1
764 1
765 1
766 1
767 1
768 1
769 1
770 1
771 1
772 1
773 1
774 1
775 1
776 1
777 1
778 1
779 1
780 1
781 1
782 1
783 1
784 1
785 1
786 1
787 1
788 1
789 1
790 1
791 1
792 1
793 1
794 1
795 1
796 1
797 1
798 1
799 1
800 1
801 1
802 1
803 1
804 1
805 1
806 1
807 1
808 1
809 1
810 1
811 1
812 1
813 1
814 1
815 1
816 1
817 1
818 1
819 1
820 1
821 1
822 1
823 1
824 1
825 1
826 1
827 1
828 1
829 1
830 1
831 1
832 1
833 1
834 1
835 1
836 1
837 1
838 1
839 1
840 1
841 1
842 1
843 1
844 1
845 1
846 1
847 1
848 1
849 1
850 1
851 1
852 1
853 1
854 1
855 1
856 1
857 1
858 1
859 1
860 1
861 1
862 1
863 1
864 1
865 1
866 1
867 1
868 1
869 1
870 1
871 1
872 1
873 1
874 1
875 1
876 1
877 1
878 1
879 1
880 1
881 1
882 1
883 1
884 1
885 1
886 1
887 1
888 1
889 1
890 1
891 1
892 1
893 1
894 1
895 1
896 1
897 1
898 1
899 1
900 1
901 1
902 1
903 1
904 1
905 1
906 1
907 1
908 1
909 1
910 1
911 1
912 1
913 1
914 1
915 1
916 1
917 1
918 1
919 1
920 1
921 1
922 1
923 1
924 1
925 1
926 1
927 1
928 1
929 1
930 1
931 1
932 1
933 1
934 1
935 1
936 1
937 1
938 1
939 1
940 1
941 1
942 1
943 1
944 1
945 1
946 1
947 1
948 1
949 1
950 1
951 1
952 1
953 1
954 1
955 1
956 1
957 1
958 1
959 1
960 1
961 1
962 1
963 1
964 1
965 1
966 1
967 1
968 1
969 1
970 1
971 1
972 1
973 1
974 1
975 1
976 1
977 1
978 1
979 1
980 1
981 1
982 1
983 1
984 1
985 1
986 1
987 1
988 1
989 1
990 1
991 1
992 1
993 1
994 1
995 1
996 1
997 1
998 1
999 1
1000 1
1001 1
1002 1
1003 1
1004 1
1005 1
1006 1
1007 1
1008 1
1009 1
1010 1
1011 1
1012 1
1013 1
1014 1
1015 1
1016 1
1017 1
1018 1
1019 1
1020 1
1021 1
1022 1
1023 1
1024 1
1025 1
1026 1
1027 1
1028 1
1029 1
1030 1
1031 1
1032 1
1033 1
1034 1
1035 1
1036 1
1037 1
1038 1
1039 1
1040 1
1041 1
1042 1
1043 1
1044 1
1045 1
1046 1
1047 1
1048 1
1049 1
1050 1
1051 1
1052 1
1053 1
1054 1
1055 1
1056 1
1057 1
1058 1
1059 1
1060 1
1061 1
1062 1
1063 1
1064 1
1065 1
1066 1
1067 1
1068 1
1069 1
1070 1
1071 1
1072 1
1073 1
1074 1
1075 1
1076 1
1077 1
1078 1
1079 1
1080 1
1081 1
1082 1
1083 1
1084 1
1085 1
1086 1
1087 1
1088 1
1089 1
1090 1
1091 1
1092 1
1093 1
1094 1
1095 1
1096 1
1097 1
1098 1
1099 1
1100 1
1101 1
1102 1
1103 1
1104 1
1105 1
1106 1
1107 1
1108 1
1109 1
1110 1
1111 1
1112 1
1113 1
1114 1
1115 1
1116 1
1117 1
1118 1
1119 1
1120 1
1121 1
1122 1
1123 1
1124 1
1125 1
1126 1
1127 1
1128 1
1129 1
1130 1
1131 1
1132 1
1133 1
1134 1
1135 1
1136 1
1137 1
1138 1
1139 1
1140 1
1141 1
1142 1
1143 1
1144 1
1145 1
1146 1
1147 1
1148 1
1149 1
1150 1
1151 1
1152 1
1153 1
1154 1
1155 1
1156 1
1157 1
1158 1
1159 1
1160 1
1161 1
1162 1
1163 1
1164 1
1165 1
1166 1
1167 1
1168 1
1169 1
1170 1
1171 1
1172 1
1173 1
1174 1
1175 1
1176 1
1177 1
1178 1
1179 1
1180 1
1181 1
1182 1
1183 1
1184 1
1185 1
1186 1
1187 1
1188 1
1189 1
1190 1
1191 1
1192 1
1193 1
1194 1
1195 1
1196 1
1197 1
1198 1
1199 1
1200 1
1201 1
1202 1
1203 1
1204 1
1205 1
1206 1
1207 1
1208 1
1209 1
1210 1
1211 1
1212 1
1213 1
1214 1
1215 1
1216 1
1217 1
1218 1
1219 1
1220 1
1221 1
1222 1
1223 1
1224 1
1225 1
1226 1
1227 1
1228 1
1229 1
1230 1
1231 1
1232 1
1233 1
1234 1
1235 1
1236 1
1237 1
1238 1
1239 1
1240 1
1241 1
1242 1
1243 1
1244 1
1245 1
1246 1
1247 1
1248 1
1249 1
1250 1
1251 1
1252 1
1253 1
1254 1
1255 1
1256 1
1257 1
1258 1
1259 1
1260 1
1261 1
1262 1
1263 1
1264 1
1265 1
1266 1
1267 1
1268 1
1269 1
1270 1
1271 1
1272 1
1273 1
1274 1
1275 1
1276 1
1277 1
1278 1
1279 1
1280 1
1281 1
1282 1
1283 1
1284 1
1285 1
1286 1
1287 1
1288 1
1289 1
1290 1
1291 1
1292 1
1293 1
1294 1
1295 1
1296 1
1297 1
1298 1
1299 1
1300 1
1301 1
1302 1
1303 1
1304 1
1305 1
1306 1
1307 1
1308 1
1309 1
1310 1
1311 1
1312 1
1313 1
1314 1
1315 1
1316 1
1317 1
1318 1
1319 1
1320 1
1321 1
1322 1
1323 1
1324 1
1325 1
1326 1
1327 1
1328 1
1329 1
1330 1
1331 1
1332 1
1333 1
1334 1
1335 1
1336 1
1337 1
1338 1
1339 1
1340 1
1341 1
1342 1
1343 1
1344 1
1345 1
1346 1
1347 1
1348 1
1349 1
1350 1
1351 1
1352 1
1353 1
1354 1
1355 1
1356 1
1357 1
1358 1
1359 1
1360 1
1361 1
1362 1
1363 1
1364 1
1365 1
1366 1
1367 1
1368 1
1369 1
1370 1
1371 1
1372 1
1373 1
1374 1
1375 1
1376 1
1377 1
1378 1
1379 1
1380 1
1381 1
1382 1
1383 1
1384 1
1385 1
1386 1
1387 1
1388 1
1389 1
1390 1
1391 1
1392 1
1393 1
1394 1
1395 1
1396 1
1397 1
1398 1
1399 1
1400 1
1401 1
1402 1
1403 1
1404 1
1405 1
1406 1
1407 1
1408 1
1409 1
1410 1
1411 1
1412 1
1413 1
1414 1
1415 1
1416 1
1417 1
1418 1
1419 1
1420 1
1421 1
1422 1
1423 1
1424 1
1425 1
1426 1
1427 1
1428 1
1429 1
1430 1
1431 1
1432 1
1433 1
1434 1
1435 1
1436 1
1437 1
1438 1
1439 1
1440 1
1441 1
1442 1
1443 1
1444 1
1445 1
1446 1
1447 1
1448 1
1449 1
1450 1
1451 1
1452 1
1453 1
1454 1
1455 1
1456 1
1457 1
1458 1
1459 1
1460 1
1461 1
1462 1
1463 1
1464 1
1465 1
1466 1
1467 1
1468 1
1469 1
1470 1
1471 1
1472 1
1473 1
1474 1
1475 1
1476 1
1477 1
1478 1
1479 1
1480 1
1481 1
1482 1
1483 1
1484 1
1485 1
1486 1
1487 1
1488 1
1489 1
1490 1
1491 1
1492 1
1493 1
1494 1
1495 1
1496 1
1497 1
1498 1
1499 1
1500 1
1501 1
1502 1
1503 1
1504 1
1505 1
1506 1
1507 1
1508 1
1509 1
1510 1
1511 1
1512 1
1513 1
1514 1
1515 1
1516 1
1517 1
1518 1
1519 1
1520 1
1521 1
1522 1
1523 1
1524 1
1525 1
1526 1
1527 1
1528 1
1529 1
1530 1
1531 1
1532 1
1533 1
1534 1
1535 1
1536 1
1537 1
1538 1
1539 1
1540 1
1541 1
1542 1
1543 1
1544 1
1545 1
1546 1
1547 1
1548 1
1549 1
1550 1
1551 1
1552 1
1553 1
1554 1
1555 1
1556 1
1557 1
1558 1
1559 1
1560 1
1561 1
1562 1
1563 1
1564 1
1565 1
1566 1
1567 1
1568 1
1569 1
1570 1
1571 1
1572 1
1573 1
1574 1
1575 1
1576 1
1577 1
1578 1
1579 1
1580 1
1581 1
1582 1
1583 1
1584 1
1585 1
1586 1
1587 1
1588 1
1589 1
1590 1
1591 1
1592 1
1593 1
1594 1
1595 1
1596 1
1597 1
1598 1
1599 1
1600 1
1601 1
1602 1
1603 1
1604 1
1605 1
1606 1
1607 1
1608 1
1609 1
1610 1
1611 1
1612 1
1613 1
1614 1
1615 1
1616 1
1617 1
1618 1
1619 1
1620 1
1621 1
1622 1
1623 1
1624 1
1625 1
1626 1
1627 1
1628 1
1629 1
1630 1
1631 1
1632 1
1633 1
1634 1
1635 1
1636 1
1637 1
1638 1
1639 1
1640 1
1641 1
1642 1
1643 1
1644 1
1645 1
1646 1
1647 1
1648 1
1649 1
1650 1
1651 1
1652 1
1653 1
1654 1
1655 1
1656 1
1657 1
1658 1
1659 1
1660 1
1661 1
1662 1
1663 1
1664 1
1665 1
1666 1
1667 1
1668 1
1669 1
1670 1
1671 1
1672 1
1673 1
1674 1
1675 1
1676 1
1677 1
1678 1
1679 1
1680 1
1681 1
1682 1
1683 1
1684 1
1685 1
1686 1
1687 1
1688 1
1689 1
1690 1
1691 1
1692 1
1693 1
1694 1
1695 1
1696 1
1697 1
1698 1
1699 1
1700 1
1701 1
1702 1
1703 1
1704 1
1705 1
1706 1
1707 1
1708 1
1709 1
1710 1
1711 1
1712 1
1713 1
1714 1
1715 1
1716 1
1717 1
1718 1
1719 1
1720 1
1721 1
1722 1
1723 1
1724 1
1725 1
1726 1
1727 1
1728 1
1729 1
1730 1
1731 1
1732 1
1733 1
1734 1
1735 1
1736 1
1737 1
1738 1
1739 1
1740 1
1741 1
1742 1
1743 1
1744 1
1745 1
1746 1
1747 1
1748 1
1749 1
1750 1
1751 1
1752 1
1753 1
1754 1
1755 1
1756 1
1757 1
1758 1
1759 1
1760 1
1761 1
1762 1
1763 1
1764 1
1765 1
1766 1
1767 1
1768 1
1769 1
1770 1
1771 1
1772 1
1773 1
1774 1
1775 1
1776 1
1777 1
1778 1
1779 1
1780 1
1781 1
1782 1
1783 1
1784 1
1785 1
1786 1
1787 1
1788 1
1789 1
1790 1
1791 1
1792 1
1793 1
1794 1
1795 1
1796 1
1797 1
1798 1
1799 1
1800 1
1801 1
1802 1
1803 1
1804 1
1805 1
1806 1
1807 1
1808 1
1809 1
1810 1
1811 1
1812 1
1813 1
1814 1
1815 1
1816 1
1817 1
1818 1
1819 1
1820 1
1821 1
1822 1
1823 1
1824 1
1825 1
1826 1
1827 1
1828 1
1829 1
1830 1
1831 1
1832 1
1833 1
1834 1
1835 1
1836 1
1837 1
1838 1
1839 1
1840 1
1841 1
1842 1
1843 1
1844 1
1845 1
1846 1
1847 1
1848 1
1849 1
1850 1
1851 1
1852 1
1853 1
1854 1
1855 1
1856 1
1857 1
1858 1
1859 1
1860 1
1861 1
1862 1
1863 1
1864 1
1865 1
1866 1
1867 1
1868 1
1869 1
1870 1
1871 1
1872 1
1873 1
1874 1
1875 1
1876 1
1877 1
1878 1
1879 1
1880 1
1881 1
1882 1
1883 1
1884 1
1885 1
1886 1
1887 1
1888 1
1889 1
1890 1
1891 1
1892 1
1893 1
1894 1
1895 1
1896 1
1897 1
1898 1
1899 1
1900 1
1901 1
1902 1
1903 1
1904 1
1905 1
1906 1
1907 1
1908 1
1909 1
1910 1
1911 1
1912 1
1913 1
1914 1
1915 1
1916 1
1917 1
1918 1
1919 1
1920 1
1921 1
1922 1
1923 1
1924 1
1925 1
1926 1
1927 1
1928 1
1929 1
1930 1
1931 1
1932 1
1933 1
1934 1
1935 1
1936 1
1937 1
1938 1
1939 1
1940 1
1941 1
1942 1
1943 1
1944 1
1945 1
1946 1
1947 1
1948 1
1949 1
1950 1
1951 1
1952 1
1953 1
1954 1
1955 1
1956 1
1957 1
1958 1
1959 1
1960 1
1961 1
1962 1
1963 1
1964 1
1965 1
1966 1
1967 1
1968 1
1969 1
1970 1
1971 1
1972 1
1973 1
1974 1
1975 1
1976 1
1977 1
1978 1
1979 1
1980 1
1981 1
1982 1
1983 2
1984 2
1985 2
1986 2
1987 2
1988 2
1989 2
1990 2
1991 2
1992 2
1993 2
1994 2
1995 2
1996 2
1997 2
1998 2
1999 2
2000 2
2001 2
2002 2
2003 2
2004 2
2005 2
2006 2
2007 2
2008 2
2009 2
2010 2
2011 2
2012 2
2013 2
2014 2
2015 2
2016 2
2017 2
2018 2
2019 2
2020 2
2021 2
2022 2
2023 2
2024 2
2025 2
2026 2
2027 2
2028 2
2029 2
2030 2
2031 2
2032 2
2033 2
2034 2
2035 2
2036 2
2037 2
2038 2
2039 2
2040 2
2041 2
2042 2
2043 2
2044 2
2045 2
2046 2
2047 2
2048 2
2049 2
2050 2
2051 2
2052 2
2053 2
2054 2
2055 2
2056 2
2057 2
2058 2
2059 2
2060 2
2061 2
2062 2
2063 2
2064 2
2065 2
2066 2
2067 2
2068 2
2069 2
2070 2
2071 2
2072 2
2073 2
2074 2
2075 2
2076 2
2077 2
2078 2
2079 2
2080 2
2081 2
2082 2
2083 2
2084 2
2085 2
2086 2
2087 2
2088 2
2089 2
2090 2
2091 2
2092 2
2093 2
2094 2
2095 2
2096 2
2097 2
2098 2
2099 2
2100 2
2101 2
2102 2
2103 2
2104 2
2105 2
2106 2
2107 2
2108 2
2109 2
2110 2
2111 2
2112 2
2113 2
2114 2
2115 2
2116 2
2117 2
2118 2
2119 2
2120 2
2121 2
2122 2
2123 2
2124 2
2125 2
2126 2
2127 2
2128 2
2129 2
2130 2
2131 2
2132 2
2133 2
2134 2
2135 2
2136 2
2137 2
2138 2
2139 2
2140 2
2141 2
2142 2
2143 2
2144 2
2145 2
2146 2
2147 2
2148 2
2149 2
2150 2
2151 2
2152 2
2153 2
2154 2
2155 2
2156 2
2157 2
2158 2
2159 2
2160 2
2161 2
2162 2
2163 2
2164 2
2165 2
2166 2
2167 2
2168 2
2169 2
2170 2
2171 2
2172 2
2173 2
2174 2
2175 2
2176 2
2177 2
2178 2
2179 2
2180 2
2181 2
2182 2
2183 2
2184 2
2185 2
2186 2
2187 2
2188 2
2189 2
2190 2
2191 2
2192 2
2193 2
2194 2
2195 2
2196 2
2197 2
2198 2
2199 2
2200 2
2201 2
2202 2
2203 2
2204 2
2205 2
2206 2
2207 2
2208 2
2209 2
2210 2
2211 2
2212 2
2213 2
2214 2
2215 2
2216 2
2217 2
2218 2
2219 2
2220 2
2221 2
2222 2
2223 2
2224 2
2225 2
2226 2
2227 2
2228 2
2229 2
2230 2
2231 2
2232 2
2233 2
2234 2
2235 2
2236 2
2237 2
2238 2
2239 2
2240 2
2241 2
2242 2
2243 2
2244 2
2245 2
2246 2
2247 2
2248 2
2249 2
2250 2
2251 2
2252 2
2253 2
2254 2
2255 2
2256 2
2257 2
2258 2
2259 2
2260 2
2261 2
2262 2
2263 2
2264 2
2265 2
2266 2
2267 2
2268 2
2269 2
2270 2
2271 2
2272 2
2273 2
2274 2
2275 2
2276 2
2277 2
2278 2
2279 2
2280 2
2281 2
2282 2
2283 2
2284 2
2285 2
2286 2
2287 2
2288 2
2289 2
2290 2
2291 2
2292 2
2293 2
2294 2
2295 2
2296 2
2297 2
2298 2
2299 2
2300 2
2301 2
2302 2
2303 2
2304 2
2305 2
2306 2
2307 2
2308 3
2309 3
2310 3
2311 3
2312 3
2313 3
2314 3
2315 3
2316 3
2317 3
2318 3
2319 3
2320 3
2321 3
2322 3
2323 3
2324 3
2325 3
2326 3
2327 3
2328 3
2329 3
2330 3
2331 3
2332 3
2333 3
2334 3
2335 3
2336 3
2337 3
2338 3
2339 3
2340 3
2341 3
2342 3
2343 3
2344 3
2345 3
2346 3
2347 3
2348 3
2349 3
2350 3
2351 3
2352 3
2353 3
2354 3
2355 3
2356 3
2357 3
2358 3
2359 3
2360 3
2361 3
2362 3
2363 3
2364 3
2365 3
2366 3
2367 3
2368 3
2369 3
2370 3
2371 3
2372 3
2373 3
2374 3
2375 3
2376 3
2377 3
2378 3
2379 3
2380 3
2381 3
2382 3
2383 3
2384 3
2385 3
2386 3
2387 3
2388 3
2389 3
2390 3
2391 3
2392 3
2393 3
2394 3
2395 3
2396 3
2397 3
2398 3
2399 3
2400 3
2401 3
2402 3
2403 3
2404 3
2405 3
2406 3
2407 3
2408 3
2409 3
2410 3
2411 3
2412 3
2413 3
2414 3
2415 3
2416 3
2417 3
2418 3
2419 3
2420 3
2421 3
2422 3
2423 3
2424 3
2425 3
2426 3
2427 3
2428 3
2429 3
2430 3
2431 3
2432 3
2433 3
2434 3
2435 3
2436 3
2437 3
2438 3
2439 3
2440 3
2441 3
2442 3
2443 3
2444 3
2445 3
2446 3
2447 3
2448 3
2449 3
2450 3
2451 3
2452 3
2453 3
2454 3
2455 3
2456 3
2457 3
2458 3
2459 3
2460 3
2461 3
2462 3
2463 3
2464 3
2465 3
2466 3
2467 3
2468 3
2469 3
2470 3
2471 3
2472 3
2473 3
2474 3
2475 3
2476 3
2477 3
2478 3
2479 3
2480 3
2481 3
2482 3
2483 3
2484 3
2485 3
2486 3
2487 3
2488 3
2489 3
2490 3
2491 3
2492 3
2493 3
2494 3
2495 3
2496 3
2497 3
2498 3
2499 3
2500 3
2501 3
2502 3
2503 3
2504 3
2505 3
2506 3
2507 3
2508 3
2509 3
2510 3
2511 3
2512 3
2513 3
2514 3
2515 3
2516 3
2517 3
2518 3
2519 3
2520 3
2521 3
2522 3
2523 3
2524 3
2525 3
2526 3
2527 3
2528 3
2529 3
2530 3
2531 3
2532 3
2533 3
2534 3
2535 3
2536 3
2537 3
2538 3
2539 3
2540 3
2541 3
2542 3
2543 3
2544 3
2545 3
2546 3
2547 3
2548 3
2549 3
2550 3
2551 3
2552 3
2553 3
2554 3
2555 3
2556 3
2557 3
2558 3
2559 3
2560 3
2561 3
2562 3
2563 3
2564 3
2565 3
2566 3
2567 3
2568 3
2569 3
2570 3
2571 3
2572 3
2573 3
2574 3
2575 3
2576 3
2577 3
2578 3
2579 3
2580 3
2581 3
2582 3
2583 3
2584 3
2585 3
2586 3
2587 3
2588 3
2589 3
2590 3
2591 3
2592 3
2593 3
2594 3
2595 3
2596 3
2597 3
2598 3
2599 3
2600 3
2601 3
2602 3
2603 3
2604 3
2605 3
2606 3
2607 3
2608 3
2609 3
2610 3
2611 3
2612 3
2613 3
2614 3
2615 3
2616 3
2617 3
2618 3
2619 3
2620 3
2621 3
2622 3
2623 3
2624 3
2625 3
2626 3
2627 3
2628 3
2629 3
2630 3
2631 3
2632 3
2633 3
2634 3
2635 3
2636 3
2637 3
2638 3
2639 3
2640 3
2641 3
2642 3
2643 4
2644 4
2645 4
2646 4
2647 4
2648 4
2649 4
2650 4
2651 4
2652 4
2653 4
2654 4
2655 4
2656 4
2657 4
2658 4
2659 4
2660 4
2661 4
2662 4
2663 4
2664 4
2665 4
2666 4
2667 4
2668 4
2669 4
2670 4
2671 4
2672 4
2673 4
2674 4
2675 4
2676 4
2677 4
2678 4
2679 4
2680 4
2681 4
2682 4
2683 4
2684 4
2685 4
2686 4
2687 4
2688 4
2689 4
2690 4
2691 4
2692 4
2693 4
2694 4
2695 4
2696 4
2697 4
2698 4
2699 4
2700 4
2701 4
2702 4
2703 4
2704 4
2705 4
2706 4
2707 4
2708 4
2709 4
2710 4
2711 4
2712 4
2713 4
2714 4
2715 4
2716 4
2717 4
2718 4
2719 4
2720 4
2721 4
2722 4
2723 4
2724 4
2725 4
2726 4
2727 4
2728 4
2729 4
2730 4
2731 4
2732 4
2733 4
2734 4
2735 4
2736 4
2737 4
2738 4
2739 4
2740 4
2741 4
2742 4
2743 4
2744 4
2745 4
2746 4
2747 4
2748 4
2749 4
2750 4
2751 4
2752 4
2753 4
2754 4
2755 4
2756 4
2757 4
2758 4
2759 4
2760 4
2761 4
2762 5
2763 5
2764 5
2765 5
2766 5
2767 5
2768 5
2769 5
2770 5
2771 5
2772 5
2773 5
2774 5
2775 5
2776 5
2777 5
2778 5
2779 5
2780 5
2781 5
2782 5
2783 5
2784 5
2785 5
2786 6
2787 6
2788 6
2789 6
2790 6
2791 6
2792 6
2793 6
2794 6
2795 6
2796 6
2797 6
2798 6
2799 6
2800 6
2801 6
2802 6
2803 6
2804 6
2805 6
2806 6
2807 6
2808 6
2809 6
2810 6
2811 6
2812 6
2813 6
2814 6
2815 6
2816 6
2817 6
2818 6
2819 6
2820 6
2821 6
2822 6
2823 6
2824 6
2825 6
2826 6
2827 6
2828 6
2829 6
2830 6
2831 6
2832 6
2833 6
2834 6
2835 6
2836 6
2837 6
2838 6
2839 6
2840 6
2841 6
2842 6
2843 6
2844 6
2845 6
2846 6
2847 6
2848 6
2849 6
2850 6
2851 6
2852 6
2853 6
2854 6
2855 6
2856 6
2857 6
2858 6
2859 6
2860 6
2861 6
2862 6
2863 6
2864 6
2865 6
2866 6
2867 6
2868 6
2869 6
2870 6
2871 6
2872 6
2873 6
2874 6
2875 6
2876 6
2877 6
2878 6
2879 6
2880 6
2881 6
2882 6
2883 6
2884 6
2885 6
2886 6
2887 6
2888 6
2889 6
2890 6
2891 6
2892 6
2893 6
2894 6
2895 6
2896 6
2897 6
2898 6
2899 6
2900 6
2901 6
2902 6
2903 6
2904 6
2905 6
2906 6
2907 6
2908 6
2909 6
2910 6
2911 6
2912 6
2913 6
2914 6
2915 6
2916 6
2917 6
2918 6
2919 6
2920 6
2921 6
2922 6
2923 6
2924 6
2925 6
2926 6
2927 6
2928 6
2929 6
2930 6
2931 6
2932 6
2933 6
2934 6
2935 6
2936 6
2937 6
2938 6
2939 6
2940 6
2941 6
2942 6
2943 6
2944 6
2945 6
2946 6
2947 6
2948 6
2949 6
2950 6
2951 6
2952 6
2953 6
2954 6
2955 6
2956 6
2957 6
2958 6
2959 6
2960 6
2961 6
2962 6
2963 6
2964 6
2965 6
2966 6
2967 6
2968 6
2969 6
2970 6
2971 6
2972 6
2973 6
2974 6
2975 6
2976 6
2977 6
2978 6
2979 6
2980 6
2981 6
2982 6
2983 6
2984 6
2985 6
2986 6
2987 6
2988 6
2989 6
2990 6
2991 6
2992 6
2993 6
2994 6
2995 6
2996 6
2997 6
2998 6
2999 6
3000 6
3001 6
3002 6
3003 6
3004 6
3005 6
3006 6
3007 6
3008 6
3009 6
3010 6
3011 6
3012 6
3013 6
3014 6
3015 6
3016 6
3017 6
3018 6
3019 6
3020 6
3021 6
3022 6
3023 6
3024 6
3025 6
3026 6
3027 6
3028 6
3029 6
3030 6
3031 6
3032 6
3033 6
3034 6
3035 6
3036 6
3037 6
3038 6
3039 6
3040 6
3041 6
3042 6
3043 6
3044 6
3045 6
3046 6
3047 6
3048 6
3049 6
3050 6
3051 6
3052 6
3053 6
3054 6
3055 6
3056 6
3057 6
3058 6
3059 6
3060 6
3061 6
3062 6
3063 6
3064 6
3065 6
3066 6
3067 6
3068 6
3069 6
3070 6
3071 6
3072 6
3073 6
3074 6
3075 6
3076 6
3077 6
3078 6
3079 6
3080 6
3081 6
3082 6
3083 6
3084 6
3085 6
3086 6
3087 6
3088 6
3089 6
3090 6
3091 6
3092 6
3093 6
3094 6
3095 6
3096 6
3097 6
3098 6
3099 6
3100 6
3101 6
3102 6
3103 6
3104 6
3105 6
3106 6
3107 6
3108 6
3109 6
3110 6
3111 6
3112 6
3113 6
3114 6
3115 6
3116 6
3117 6
3118 6
3119 6
3120 6
3121 6
3122 6
3123 6
3124 6
3125 6
3126 6
3127 6
3128 6
3129 6
3130 6
3131 6
3132 6
3133 6
3134 6
3135 6
3136 6
3137 6
3138 6
3139 6
3140 6
3141 6
3142 6
3143 6
3144 6
3145 6
3146 6
3147 6
3148 6
3149 6
3150 6
3151 6
3152 6
3153 6
3154 6
3155 6
3156 6
3157 6
3158 6
3159 6
3160 6
3161 6
3162 6
3163 6
3164 6
3165 6
3166 6
3167 6
3168 6
3169 6
3170 6
3171 6
3172 6
3173 6
3174 6
3175 6
3176 6
3177 6
3178 6
3179 6
3180 6
3181 6
3182 6
3183 6
3184 6
3185 6
3186 6
3187 6
3188 6
3189 6
3190 6
3191 6
3192 6
3193 6
3194 6
3195 6
3196 6
3197 6
3198 6
3199 6
3200 6
3201 6
3202 6
3203 6
3204 6
3205 6
3206 6
3207 6
3208 6
3209 6
3210 6
3211 6
3212 6
3213 6
3214 6
3215 6
3216 6
3217 6
3218 6
3219 6
3220 6
3221 6
3222 6
3223 6
3224 6
3225 6
3226 6
3227 6
3228 6
3229 6
3230 6
3231 6
3232 6
3233 6
3234 6
3235 6
3236 6
3237 6
3238 6
3239 6
3240 6
3241 6
3242 6
3243 6
3244 6
3245 6
3246 6
3247 6
3248 6
3249 6
3250 6
3251 6
3252 6
3253 6
3254 6
3255 6
3256 6
3257 6
3258 6
3259 6
3260 6
3261 6
3262 6
3263 6
3264 6
3265 6
3266 6
3267 6
3268 6
3269 6
3270 6
3271 6
3272 6
3273 6
3274 6
3275 6
3276 6
3277 6
3278 6
3279 6
3280 6
3281 6
3282 6
3283 6
3284 6
3285 6
3286 6
3287 6
3288 6
3289 6
3290 6
3291 6
3292 6
3293 6
3294 6
3295 6
3296 6
3297 6
3298 6
3299 6
3300 6
3301 6
3302 6
3303 6
3304 6
3305 6
3306 6
3307 6
3308 6
3309 6
3310 6
3311 6
3312 6
3313 6
3314 6
3315 6
3316 6
3317 6
3318 6
3319 6
3320 6
3321 6
3322 6
3323 6
3324 6
3325 6
3326 6
3327 6
3328 6
3329 6
3330 6
3331 6
3332 6
3333 6
3334 6
3335 6
3336 6
3337 6
3338 6
3339 6
3340 6
3341 6
3342 6
3343 6
3344 6
3345 6
3346 6
3347 6
3348 6
3349 6
3350 6
3351 6
3352 6
3353 6
3354 6
3355 6
3356 6
3357 6
3358 6
3359 6
3360 6
3361 6
3362 6
3363 6
3364 6
3365 6
3366 6
3367 6
3368 6
3369 6
3370 6
3371 6
3372 6
3373 6
3374 6
3375 6
3376 6
3377 6
3378 6
3379 6
3380 6
3381 6
3382 6
3383 6
3384 6
3385 6
3386 6
3387 6
3388 6
3389 6
3390 6
3391 6
3392 6
3393 6
3394 6
3395 6
3396 6
3397 6
3398 6
3399 6
3400 6
3401 6
3402 6
3403 6
3404 6
3405 6
3406 6
3407 6
3408 6
3409 6
3410 6
3411 6
3412 6
3413 6
3414 6
3415 6
3416 6
3417 6
3418 6
3419 6
3420 6
3421 6
3422 6
3423 6
3424 6
3425 6
3426 6
3427 6
3428 6
3429 6
3430 6
3431 6
3432 6
3433 6
3434 6
3435 6
3436 6
3437 6
3438 6
3439 6
3440 6
3441 6
3442 6
3443 6
3444 6
3445 6
3446 6
3447 6
3448 6
3449 6
3450 6
3451 6
3452 6
3453 6
3454 6
3455 6
3456 6
3457 6
3458 6
3459 6
3460 6
3461 6
3462 6
3463 6
3464 6
3465 6
3466 6
3467 6
3468 6
3469 6
3470 6
3471 6
3472 6
3473 6
3474 6
3475 6
3476 6
3477 6
3478 6
3479 6
3480 6
3481 6
3482 6
3483 6
3484 6
3485 6
3486 6
3487 6
3488 6
3489 6
3490 6
3491 6
3492 6
3493 6
3494 6
3495 6
3496 6
3497 6
3498 6
3499 6
3500 6
3501 6
3502 6
3503 6
3504 6
3505 6
3506 6
3507 6
3508 6
3509 6
3510 6
3511 6
3512 6
3513 6
3514 6
3515 6
3516 6
3517 6
3518 6
3519 6
3520 6
3521 6
3522 6
3523 6
3524 6
3525 6
3526 6
3527 6
3528 6
3529 6
3530 6
3531 6
3532 6
3533 6
3534 6
3535 6
3536 6
3537 6
3538 6
3539 6
3540 6
3541 6
3542 6
3543 6
3544 6
3545 6
3546 6
3547 6
3548 6
3549 6
3550 6
3551 6
3552 6
3553 6
3554 6
3555 6
3556 6
3557 6
3558 6
3559 6
3560 6
3561 6
3562 6
3563 6
3564 6
3565 6
3566 6
3567 6
3568 6
3569 6
3570 6
3571 6
3572 6
3573 6
3574 6
3575 6
3576 6
3577 6
3578 6
3579 6
3580 6
3581 6
3582 6
3583 6
3584 6
3585 6
3586 6
3587 6
3588 6
3589 6
3590 6
3591 6
3592 6
3593 6
3594 6
3595 6
3596 6
3597 6
3598 6
3599 6
3600 6
3601 6
3602 6
3603 6
3604 6
3605 6
3606 6
3607 6
3608 6
3609 6
3610 6
3611 6
3612 6
3613 6
3614 6
3615 6
3616 6
3617 6
3618 6
3619 6
3620 6
3621 6
3622 6
3623 6
3624 6
3625 6
3626 6
3627 6
3628 6
3629 6
3630 6
3631 6
3632 6
3633 6
3634 6
3635 6
3636 6
3637 6
3638 6
3639 6
3640 6
3641 6
3642 6
3643 6
3644 6
3645 6
3646 6
3647 6
3648 6
3649 6
3650 6
3651 6
3652 6
3653 6
3654 6
3655 6
3656 6
3657 6
3658 6
3659 6
3660 6
3661 6
3662 6
3663 6
3664 6
3665 6
3666 6
3667 6
3668 6
3669 6
3670 6
3671 6
3672 6
3673 6
3674 6
3675 6
3676 6
3677 6
3678 6
3679 6
3680 6
3681 6
3682 6
3683 6
3684 6
3685 6
3686 6
3687 6
3688 6
3689 6
3690 6
3691 6
3692 6
3693 6
3694 6
3695 6
3696 6
3697 6
3698 6
3699 6
3700 6
3701 6
3702 6
3703 6
3704 6
3705 6
3706 6
3707 6
3708 6
3709 6
3710 6
3711 6
3712 6
3713 6
3714 6
3715 6
3716 6
3717 6
3718 6
3719 6
3720 6
3721 6
3722 6
3723 6
3724 6
3725 6
3726 6
3727 6
3728 6
3729 6
3730 6
3731 6
3732 6
3733 6
3734 6
3735 6
3736 6
3737 6
3738 6
3739 6
3740 6
3741 6
3742 6
3743 6
3744 6
3745 6
3746 6
3747 6
3748 6
3749 6
3750 6
3751 6
3752 6
3753 6
3754 6
3755 6
3756 6
3757 6
3758 6
3759 6
3760 6
3761 6
3762 6
3763 6
3764 6
3765 6
3766 6
3767 6
3768 6
3769 6
3770 6
3771 6
3772 6
3773 6
3774 6
3775 6
3776 6
3777 6
3778 6
3779 6
3780 6
3781 6
3782 6
3783 6
3784 6
3785 6
3786 6
3787 6
3788 6
3789 6
3790 6
3791 6
3792 6
3793 6
3794 6
3795 6
3796 6
3797 6
3798 6
3799 6
3800 6
3801 6
3802 6
3803 6
3804 6
3805 6
3806 6
3807 6
3808 6
3809 6
3810 6
3811 6
3812 6
3813 6
3814 6
3815 6
3816 6
3817 6
3818 6
3819 6
3820 6
3821 6
3822 6
3823 6
3824 6
3825 6
3826 6
3827 6
3828 6
3829 6
3830 6
3831 6
3832 6
3833 6
3834 6
3835 6
3836 6
3837 6
3838 6
3839 6
3840 6
3841 6
3842 6
3843 6
3844 6
3845 6
3846 6
3847 6
3848 6
3849 6
3850 6
3851 6
3852 6
3853 6
3854 6
3855 6
3856 6
3857 6
3858 6
3859 6
3860 6
3861 6
3862 6
3863 6
3864 6
3865 6
3866 6
3867 6
3868 6
3869 6
3870 6
3871 6
3872 6
3873 6
3874 6
3875 6
3876 6
3877 6
3878 6
3879 6
3880 6
3881 6
3882 6
3883 6
3884 6
3885 6
3886 6
3887 6
3888 6
3889 6
3890 6
3891 6
3892 6
3893 6
3894 6
3895 6
3896 6
3897 6
3898 6
3899 6
3900 6
3901 6
3902 6
3903 6
3904 6
3905 6
3906 6
3907 6
3908 6
3909 6
3910 6
3911 6
3912 6
3913 6
3914 6
3915 6
3916 6
3917 6
3918 6
3919 6
3920 6
3921 6
3922 6
3923 6
3924 6
3925 6
3926 6
3927 6
3928 6
3929 6
3930 6
3931 6
3932 6
3933 6
3934 6
3935 6
3936 6
3937 6
3938 6
3939 6
3940 6
3941 6
3942 6
3943 6
3944 6
3945 6
3946 6
3947 6
3948 6
3949 6
3950 6
3951 6
3952 6
3953 6
3954 6
3955 6
3956 6
3957 6
3958 6
3959 6
3960 6
3961 6
3962 6
3963 6
3964 6
3965 6
3966 6
3967 6
3968 6
3969 6
3970 6
3971 6
3972 6
3973 6
3974 6
3975 6
3976 6
3977 6
3978 6
3979 6
3980 6
3981 6
3982 6
3983 6
3984 6
3985 6
3986 6
3987 6
3988 6
3989 6
3990 6
3991 6
3992 6
3993 6
3994 6
3995 6
3996 6
3997 6
3998 6
3999 6
4000 6
4001 6
4002 6
4003 6
4004 6
4005 6
4006 6
4007 6
4008 6
4009 6
4010 6
4011 6
4012 6
4013 6
4014 6
4015 6
4016 6
4017 6
4018 6
4019 6
4020 6
4021 6
4022 6
4023 6
4024 6
4025 6
4026 6
4027 6
4028 6
4029 6
4030 6
4031 6
4032 6
4033 6
4034 6
4035 6
4036 6
4037 6
4038 6
4039 6
4040 6
4041 6
4042 6
4043 6
4044 6
4045 6
4046 6
4047 6
4048 6
4049 6
4050 6
4051 6
4052 6
4053 6
4054 6
4055 6
4056 6
4057 6
4058 6
4059 6
4060 6
4061 6
4062 6
4063 6
4064 6
4065 6
4066 6
4067 6
4068 6
4069 6
4070 6
4071 6
4072 6
4073 6
4074 6
4075 6
4076 6
4077 6
4078 6
4079 6
4080 6
4081 6
4082 6
4083 6
4084 6
4085 6
4086 6
4087 6
4088 6
4089 6
4090 6
4091 6
4092 6
4093 6
4094 6
4095 6
4096 6
4097 6
4098 6
4099 6
4100 6
4101 6
4102 6
4103 6
4104 6
4105 6
4106 6
4107 6
4108 6
4109 6
4110 6
4111 6
4112 6
4113 6
4114 6
4115 6
4116 6
4117 6
4118 6
4119 6
4120 6
4121 6
4122 6
4123 6
4124 6
4125 6
4126 6
4127 6
4128 6
4129 6
4130 6
4131 6
4132 6
4133 6
4134 6
4135 6
4136 6
4137 6
4138 6
4139 6
4140 6
4141 6
4142 6
4143 6
4144 6
4145 6
4146 6
4147 6
4148 6
4149 6
4150 6
4151 6
4152 6
4153 6
4154 6
4155 6
4156 6
4157 6
4158 6
4159 6
4160 6
4161 6
4162 6
4163 6
4164 6
4165 6
4166 6
4167 6
4168 6
4169 6
4170 6
4171 6
4172 6
4173 6
4174 6
4175 6
4176 6
4177 6
4178 6
4179 6
4180 6
4181 6
4182 6
4183 6
4184 6
4185 6
4186 6
4187 6
4188 6
4189 6
4190 6
4191 6
4192 6
4193 6
4194 6
4195 6
4196 6
4197 6
4198 6
4199 6
4200 6
4201 6
4202 6
4203 6
4204 6
4205 6
4206 6
4207 6
4208 6
4209 6
4210 6
4211 6
4212 6
4213 6
4214 6
4215 6
4216 6
4217 6
4218 6
4219 6
4220 6
4221 6
4222 6
4223 6
4224 6
4225 6
4226 6
4227 6
4228 6
4229 6
4230 6
4231 6
4232 6
4233 6
4234 6
4235 6
4236 6
4237 6
4238 6
4239 6
4240 6
4241 6
4242 6
4243 6
4244 6
4245 6
4246 6
4247 6
4248 6
4249 6
4250 6
4251 6
4252 6
4253 6
4254 6
4255 6
4256 6
4257 6
4258 6
4259 6
4260 6
4261 6
4262 6
4263 6
4264 6
4265 6
4266 6
4267 6
4268 6
4269 6
4270 6
4271 6
4272 6
4273 6
4274 6
4275 6
4276 6
4277 6
4278 6
4279 6
4280 6
4281 6
4282 6
4283 6
4284 6
4285 6
4286 6
4287 6
4288 6
4289 6
4290 6
4291 6
4292 6
4293 6
4294 6
4295 6
4296 6
4297 6
4298 6
4299 6
4300 6
4301 6
4302 6
4303 6
4304 6
4305 6
4306 6
4307 6
4308 6
4309 6
4310 6
4311 6
4312 6
4313 6
4314 6
4315 6
4316 6
4317 6
4318 6
4319 6
4320 6
4321 6
4322 6
4323 6
4324 6
4325 6
4326 6
4327 6
4328 6
4329 6
4330 6
4331 6
4332 6
4333 6
4334 6
4335 6
4336 6
4337 6
4338 6
4339 6
4340 6
4341 6
4342 6
4343 6
4344 6
4345 6
4346 6
4347 6
4348 6
4349 6
4350 6
4351 6
4352 6
4353 6
4354 6
4355 6
4356 6
4357 6
4358 6
4359 6
4360 6
4361 6
4362 6
4363 6
4364 6
4365 6
4366 6
4367 6
4368 6
4369 6
4370 6
4371 6
4372 6
4373 6
4374 6
4375 6
4376 6
4377 6
4378 6
4379 6
4380 6
4381 6
4382 6
4383 6
4384 6
4385 6
4386 6
4387 6
4388 6
4389 6
4390 6
4391 6
4392 6
4393 6
4394 6
4395 6
4396 6
4397 6
4398 6
4399 6
4400 6
4401 6
4402 6
4403 6
4404 6
4405 6
4406 6
4407 6
4408 6
4409 6
4410 6
4411 6
4412 6
4413 6
4414 6
4415 6
4416 6
4417 6
4418 6
4419 6
4420 6
4421 6
4422 6
4423 6
4424 6
4425 6
4426 6
4427 6
4428 6
4429 6
4430 6
4431 6
4432 6
4433 6
4434 6
4435 6
4436 6
4437 6
4438 6
4439 6
4440 6
4441 6
4442 6
4443 6
4444 6
4445 6
4446 6
4447 6
4448 6
4449 6
4450 6
4451 6
4452 6
4453 6
4454 6
4455 6
4456 6
4457 6
4458 6
4459 6
4460 6
4461 6
4462 6
4463 6
4464 6
4465 6
4466 6
4467 6
4468 6
4469 6
4470 6
4471 6
4472 6
4473 6
4474 6
4475 6
4476 6
4477 6
4478 6
4479 6
4480 6
4481 6
4482 6
4483 6
4484 6
4485 6
4486 6
4487 6
4488 6
4489 6
4490 6
4491 6
4492 6
4493 6
4494 6
4495 6
4496 6
4497 6
4498 6
4499 6
4500 6
4501 6
4502 6
4503 6
4504 6
4505 6
4506 6
4507 6
4508 6
4509 6
4510 6
4511 6
4512 6
4513 6
4514 6
4515 6
4516 6
4517 6
4518 6
4519 6
4520 6
4521 6
4522 6
4523 6
4524 6
4525 6
4526 6
4527 6
4528 6
4529 6
4530 6
4531 6
4532 6
4533 6
4534 6
4535 6
4536 6
4537 6
4538 6
4539 6
4540 6
4541 6
4542 6
4543 6
4544 6
4545 6
4546 6
4547 6
4548 6
4549 6
4550 6
4551 6
4552 6
4553 6
4554 6
4555 6
4556 6
4557 6
4558 6
4559 6
4560 6
4561 6
4562 6
4563 6
4564 6
4565 6
4566 6
4567 6
4568 6
4569 6
4570 6
4571 6
4572 6
4573 6
4574 6
4575 6
4576 6
4577 6
4578 6
4579 6
4580 6
4581 6
4582 6
4583 6
4584 6
4585 6
4586 6
4587 6
4588 6
4589 6
4590 6
4591 6
4592 6
4593 6
4594 6
4595 6
4596 6
4597 6
4598 6
4599 6
4600 6
4601 6
4602 6
4603 6
4604 6
4605 6
4606 6
4607 6
4608 6
4609 6
4610 6
4611 6
4612 6
4613 6
4614 6
4615 6
4616 6
4617 6
4618 6
4619 6
4620 6
4621 6
4622 6
4623 6
4624 6
4625 6
4626 6
4627 6
4628 6
4629 6
4630 6
4631 6
4632 6
4633 6
4634 6
4635 6
4636 6
4637 6
4638 6
4639 6
4640 6
4641 6
4642 6
4643 6
4644 6
4645 6
4646 6
4647 6
4648 6
4649 6
4650 6
4651 6
4652 6
4653 6
4654 6
4655 7
4656 7
4657 7
4658 7
4659 7
4660 7
4661 7
4662 7
4663 7
4664 7
4665 7
4666 7
4667 7
4668 7
4669 7
4670 7
4671 7
4672 7
4673 7
4674 7
4675 7
4676 7
4677 7
4678 7
4679 7
4680 7
4681 7
4682 7
4683 7
4684 7
4685 7
4686 7
4687 7
4688 7
4689 7
4690 7
4691 7
4692 7
4693 7
4694 7
4695 7
4696 7
4697 7
4698 7
4699 7
4700 7
4701 7
4702 7
4703 7
4704 7
4705 7
4706 7
4707 7
4708 7
4709 7
4710 7
4711 7
4712 7
4713 7
4714 7
4715 7
4716 7
4717 7
4718 7
4719 7
4720 7
4721 7
4722 7
4723 7
4724 7
4725 7
4726 7
4727 7
4728 7
4729 7
4730 7
4731 7
4732 7
4733 7
4734 7
4735 7
4736 7
4737 7
4738 7
4739 7
4740 7
4741 7
4742 7
4743 7
4744 7
4745 7
4746 7
4747 7
4748 7
4749 7
4750 7
4751 7
4752 7
4753 7
4754 7
4755 7
4756 7
4757 7
4758 7
4759 7
4760 7
4761 7
4762 7
4763 7
4764 7
4765 7
4766 7
4767 7
4768 7
4769 7
4770 7
4771 7
4772 7
4773 7
4774 7
4775 7
4776 7
4777 7
4778 7
4779 7
4780 7
4781 7
4782 7
4783 7
4784 7
4785 7
4786 7
4787 7
4788 7
4789 7
4790 7
4791 7
4792 7
4793 7
4794 7
4795 7
4796 7
4797 7
4798 7
4799 7
4800 7
4801 7
4802 7
4803 7
4804 7
4805 7
4806 7
4807 7
4808 7
4809 7
4810 7
4811 7
4812 7
4813 7
4814 7
4815 7
4816 7
4817 7
4818 7
4819 7
4820 7
4821 7
4822 7
4823 7
4824 7
4825 7
4826 7
4827 7
4828 7
4829 7
4830 7
4831 7
4832 7
4833 7
4834 7
4835 7
4836 7
4837 7
4838 7
4839 7
4840 7
4841 7
4842 7
4843 7
4844 7
4845 7
4846 7
4847 7
4848 7
4849 7
4850 7
4851 7
4852 7
4853 7
4854 7
4855 7
4856 7
4857 7
4858 7
4859 7
4860 7
4861 7
4862 7
4863 7
4864 7
4865 7
4866 7
4867 7
4868 7
4869 7
4870 7
4871 7
4872 7
4873 7
4874 7
4875 7
4876 7
4877 7
4878 7
4879 7
4880 7
4881 7
4882 7
4883 7
4884 7
4885 7
4886 7
4887 7
4888 7
4889 7
4890 7
4891 7
4892 7
4893 7
4894 7
4895 7
4896 7
4897 7
4898 7
4899 7
4900 7
4901 7
4902 7
4903 7
4904 7
4905 7
4906 7
4907 7
4908 7
4909 7
4910 7
4911 7
4912 7
4913 7
4914 7
4915 7
4916 7
4917 7
4918 7
4919 7
4920 7
4921 7
4922 7
4923 7
4924 7
4925 7
4926 7
4927 7
4928 7
4929 7
4930 7
4931 7
4932 7
4933 7
4934 7
4935 7
4936 7
4937 7
4938 7
4939 7
4940 7
4941 7
4942 7
4943 7
4944 7
4945 7
4946 7
4947 7
4948 7
4949 7
4950 7
4951 7
4952 7
4953 7
4954 7
4955 7
4956 7
4957 7
4958 7
4959 7
4960 7
4961 7
4962 7
4963 7
4964 7
4965 7
4966 7
4967 7
4968 7
4969 7
4970 7
4971 7
4972 7
4973 7
4974 7
4975 7
4976 7
4977 7
4978 7
4979 7
4980 7
4981 7
4982 7
4983 7
4984 7
4985 7
4986 7
4987 7
4988 7
4989 7
4990 7
4991 7
4992 7
4993 7
4994 7
4995 7
4996 7
4997 7
4998 7
4999 7
5000 7
5001 7
5002 7
5003 7
5004 7
5005 7
5006 7
5007 7
5008 7
5009 7
5010 7
5011 7
5012 7
5013 7
5014 7
5015 7
5016 7
5017 7
5018 7
5019 7
5020 7
5021 7
5022 7
5023 7
5024 7
5025 7
5026 7
5027 7
5028 7
5029 7
5030 7
5031 7
5032 7
5033 7
5034 7
5035 7
5036 7
5037 7
5038 7
5039 7
5040 7
5041 7
5042 7
5043 7
5044 7
5045 7
5046 7
5047 7
5048 7
5049 7
5050 7
5051 7
5052 7
5053 7
5054 7
5055 7
5056 7
5057 7
5058 7
5059 7
5060 7
5061 7
5062 7
5063 7
5064 7
5065 7
5066 7
5067 7
5068 7
5069 7
5070 7
5071 7
5072 7
5073 7
5074 7
5075 7
5076 7
5077 7
5078 7
5079 7
5080 7
5081 7
5082 7
5083 7
5084 7
5085 7
5086 7
5087 7
5088 7
5089 7
5090 7
5091 7
5092 7
5093 7
5094 7
5095 7
5096 7
5097 7
5098 7
5099 7
5100 7
5101 7
5102 7
5103 7
5104 7
5105 7
5106 7
5107 7
5108 7
5109 7
5110 7
5111 7
5112 7
5113 7
5114 7
5115 7
5116 7
5117 7
5118 7
5119 7
5120 8
5121 8
5122 8
5123 8
5124 8
5125 8
5126 8
5127 8
5128 8
5129 8
5130 8
5131 8
5132 8
5133 8
5134 8
5135 8
5136 8
5137 8
5138 8
5139 8
5140 8
5141 8
5142 8
5143 8
5144 8
5145 8
5146 8
5147 8
5148 8
5149 8
5150 8
5151 8
5152 8
5153 8
5154 8
5155 8
5156 8
5157 8
5158 8
5159 8
5160 8
5161 8
5162 8
5163 8
5164 8
5165 8
5166 8
5167 8
5168 8
5169 8
5170 8
5171 8
5172 8
5173 8
5174 8
5175 8
5176 8
5177 8
5178 8
5179 8
5180 8
5181 8
5182 8
5183 8
5184 8
5185 8
5186 8
5187 8
5188 8
5189 8
5190 8
5191 8
5192 8
5193 8
5194 8
5195 8
5196 8
5197 8
5198 8
5199 8
5200 8
5201 8
5202 8
5203 8
5204 8
5205 8
5206 8
5207 8
5208 8
5209 8
5210 8
5211 8
5212 8
5213 8
5214 8
5215 8
5216 8
5217 8
5218 8
5219 8
5220 8
5221 8
5222 8
5223 8
5224 8
5225 8
5226 8
5227 8
5228 8
5229 8
5230 8
5231 8
5232 8
5233 8
5234 8
5235 8
5236 8
5237 8
5238 8
5239 8
5240 8
5241 8
5242 8
5243 8
5244 8
5245 8
5246 8
5247 8
5248 8
5249 8
5250 8
5251 8
5252 8
5253 8
5254 8
5255 8
5256 8
5257 8
5258 8
5259 8
5260 8
5261 8
5262 8
5263 8
5264 8
5265 8
5266 8
5267 8
5268 8
5269 8
5270 8
5271 8
5272 8
5273 8
5274 8
5275 8
5276 8
5277 8
5278 8
5279 8
5280 8
5281 8
5282 8
5283 8
5284 8
5285 8
5286 8
5287 8
5288 8
5289 8
5290 8
5291 8
5292 8
5293 8
5294 8
5295 8
5296 8
5297 8
5298 8
5299 8
5300 8
5301 8
5302 8
5303 8
5304 8
5305 8
5306 8
5307 8
5308 8
5309 8
5310 8
5311 8
5312 8
5313 8
5314 8
5315 8
5316 8
5317 8
5318 8
5319 8
5320 8
5321 8
5322 8
5323 8
5324 8
5325 8
5326 8
5327 8
5328 8
5329 8
5330 8
5331 8
5332 8
5333 8
5334 8
5335 8
5336 8
5337 8
5338 8
5339 8
5340 8
5341 8
5342 8
5343 8
5344 8
5345 8
5346 8
5347 8
5348 8
5349 8
5350 8
5351 8
5352 8
5353 8
5354 8
5355 8
5356 8
5357 8
5358 8
5359 8
5360 8
5361 8
5362 8
5363 8
5364 8
5365 8
5366 8
5367 8
5368 8
5369 8
5370 8
5371 8
5372 8
5373 8
5374 8
5375 8
5376 8
5377 8
5378 8
5379 8
5380 8
5381 8
5382 8
5383 8
5384 8
5385 8
5386 8
5387 8
5388 8
5389 8
5390 8
5391 8
5392 8
5393 8
5394 8
5395 8
5396 8
5397 8
5398 8
5399 8
5400 8
5401 8
5402 8
5403 8
5404 8
5405 8
5406 8
5407 8
5408 8
5409 8
5410 8
5411 8
5412 8
5413 8
5414 8
5415 8
5416 8
5417 8
5418 8
5419 8
5420 8
5421 8
5422 8
5423 8
5424 8
5425 8
5426 8
5427 8
5428 8
5429 8
5430 8
5431 8
5432 8
5433 8
5434 8
5435 8
5436 8
5437 8
5438 8
5439 8
5440 8
5441 8
5442 8
5443 8
5444 8
5445 8
5446 8
5447 8
5448 8
5449 8
5450 8
5451 8
5452 8
5453 8
5454 8
5455 8
5456 8
5457 8
5458 8
5459 8
5460 8
5461 8
5462 8
5463 8
5464 8
5465 8
5466 8
5467 8
5468 8
5469 8
5470 8
5471 8
5472 8
5473 8
5474 8
5475 8
5476 8
5477 8
5478 8
5479 8
5480 8
5481 8
5482 8
5483 8
5484 8
5485 8
5486 8
5487 8
5488 8
5489 8
5490 8
5491 8
5492 8
5493 8
5494 8
5495 8
5496 8
5497 8
5498 8
5499 8
5500 8
5501 8
5502 8
5503 8
5504 8
5505 8
5506 8
5507 8
5508 8
5509 8
5510 8
5511 8
5512 8
5513 8
5514 8
5515 8
5516 8
5517 8
5518 8
5519 8
5520 8
5521 8
5522 8
5523 8
5524 8
5525 8
5526 8
5527 8
5528 8
5529 8
5530 8
5531 8
5532 8
5533 8
5534 8
5535 8
5536 8
5537 8
5538 8
5539 8
5540 8
5541 8
5542 8
5543 8
5544 8
5545 8
5546 8
5547 8
5548 8
5549 8
5550 8
5551 8
5552 8
5553 8
5554 8
5555 8
5556 8
5557 8
5558 8
5559 8
5560 8
5561 8
5562 8
5563 8
5564 8
5565 8
5566 8
5567 8
5568 8
5569 8
5570 8
5571 8
5572 8
5573 8
5574 8
5575 8
5576 8
5577 8
5578 8
5579 8
5580 8
5581 8
5582 8
5583 8
5584 8
5585 8
5586 8
5587 8
5588 8
5589 8
5590 8
5591 8
5592 8
5593 8
5594 8
5595 8
5596 8
5597 8
5598 8
5599 8
5600 8
5601 8
5602 8
5603 8
5604 8
5605 8
5606 8
5607 8
5608 8
5609 8
5610 8
5611 8
5612 8
5613 8
5614 8
5615 8
5616 8
5617 8
5618 8
5619 8
5620 8
5621 8
5622 8
5623 8
5624 8
5625 8
5626 8
5627 8
5628 8
5629 8
5630 8
5631 8
5632 8
5633 8
5634 8
5635 8
5636 8
5637 8
5638 8
5639 8
5640 8
5641 8
5642 8
5643 8
5644 8
5645 8
5646 8
5647 8
5648 8
5649 8
5650 8
5651 8
5652 8
5653 8
5654 8
5655 8
5656 8
5657 8
5658 8
5659 8
5660 8
5661 8
5662 8
5663 8
5664 8
5665 8
5666 8
5667 8
5668 8
5669 8
5670 8
5671 8
5672 8
5673 8
5674 8
5675 8
5676 8
5677 8
5678 8
5679 8
5680 8
5681 8
5682 8
5683 8
5684 8
5685 8
5686 8
5687 8
5688 8
5689 8
5690 8
5691 8
5692 8
5693 8
5694 8
5695 8
5696 8
5697 8
5698 8
5699 8
5700 8
5701 8
5702 8
5703 8
5704 8
5705 8
5706 8
5707 8
5708 8
5709 8
5710 8
5711 8
5712 8
5713 8
5714 8
5715 8
5716 8
5717 8
5718 8
5719 8
5720 8
5721 8
5722 8
5723 8
5724 8
5725 8
5726 8
5727 8
5728 8
5729 8
5730 8
5731 8
5732 8
5733 8
5734 8
5735 8
5736 8
5737 8
5738 8
5739 8
5740 8
5741 8
5742 8
5743 8
5744 8
5745 8
5746 8
5747 8
5748 8
5749 8
5750 8
5751 8
5752 8
5753 8
5754 8
5755 8
5756 8
5757 8
5758 8
5759 8
5760 8
5761 8
5762 8
5763 8
5764 8
5765 8
5766 8
5767 8
5768 8
5769 8
5770 8
5771 8
5772 8
5773 8
5774 8
5775 8
5776 8
5777 8
5778 8
5779 8
5780 8
5781 8
5782 8
5783 8
5784 8
5785 8
5786 8
5787 8
5788 8
5789 8
5790 8
5791 8
5792 8
5793 8
5794 8
5795 8
5796 8
5797 8
5798 8
5799 8
5800 8
5801 8
5802 8
5803 8
5804 8
5805 8
5806 8
5807 9
5808 9
5809 9
5810 9
5811 9
5812 9
5813 9
5814 9
5815 9
5816 9
5817 9
5818 9
5819 9
5820 9
5821 9
5822 9
5823 9
5824 9
5825 9
5826 9
5827 9
5828 9
5829 9
5830 9
5831 9
5832 9
5833 9
5834 9
5835 9
5836 9
5837 9
5838 9
5839 9
5840 9
5841 9
5842 9
5843 9
5844 9
5845 9
5846 9
5847 9
5848 9
5849 9
5850 9
5851 9
5852 9
5853 9
5854 9
5855 9
5856 9
5857 9
5858 9
5859 9
5860 9
5861 9
5862 9
5863 9
5864 9
5865 9
5866 9
5867 9
5868 9
5869 9
5870 9
5871 9
5872 9
5873 9
5874 9
5875 9
5876 9
5877 9
5878 9
5879 9
5880 9
5881 9
5882 9
5883 9
5884 9
5885 9
5886 9
5887 9
5888 9
5889 9
5890 9
5891 9
5892 9
5893 9
5894 9
5895 9
5896 9
5897 9
5898 9
5899 9
5900 9
5901 9
5902 9
5903 9
5904 9
5905 9
5906 9
5907 9
5908 9
5909 9
5910 9
5911 9
5912 9
5913 9
5914 9
5915 9
5916 9
5917 9
5918 9
5919 9
5920 9
5921 9
5922 9
5923 9
5924 9
5925 9
5926 9
5927 9
5928 9
5929 9
5930 9
5931 9
5932 9
5933 9
5934 9
5935 9
5936 10
5937 10
5938 10
5939 10
5940 10
5941 10
5942 10
5943 10
5944 10
5945 10
5946 10
5947 10
5948 10
5949 10
5950 10
5951 10
5952 10
5953 10
5954 10
5955 10
5956 10
5957 10
5958 10
5959 10
5960 10
5961 10
5962 10
5963 10
5964 10
5965 10
5966 10
5967 10
5968 10
5969 10
5970 10
5971 10
5972 10
5973 10
5974 10
5975 10
5976 10
5977 10
5978 10
5979 10
5980 10
5981 10
5982 10
5983 10
5984 10
5985 10
5986 10
5987 10
5988 10
5989 10
5990 10
5991 10
5992 10
5993 10
5994 10
5995 10
5996 10
5997 10
5998 10
5999 10
6000 10
6001 10
6002 10
6003 10
6004 10
6005 10
6006 10
6007 10
6008 10
6009 10
6010 10
6011 10
6012 10
6013 10
6014 10
6015 10
6016 10
6017 10
6018 10
6019 10
6020 10
6021 10
6022 10
6023 10
6024 10
6025 10
6026 10
6027 10
6028 10
6029 10
6030 10
6031 10
6032 10
6033 10
6034 10
6035 10
6036 10
6037 10
6038 10
6039 10
6040 10
6041 10
6042 10
6043 10
6044 10
6045 10
6046 10
6047 10
6048 10
6049 10
6050 10
6051 10
6052 10
6053 10
6054 10
6055 10
6056 10
6057 10
6058 10
6059 10
6060 10
6061 10
6062 10
6063 10
6064 10
6065 10
6066 10
6067 10
6068 10
6069 10
6070 10
6071 10
6072 10
6073 10
6074 10
6075 10
6076 10
6077 10
6078 10
6079 10
6080 10
6081 10
6082 10
6083 10
6084 10
6085 10
6086 10
6087 10
6088 10
6089 10
6090 10
6091 10
6092 10
6093 10
6094 10
6095 10
6096 10
6097 10
6098 10
6099 10
6100 10
6101 10
6102 10
6103 10
6104 10
6105 10
6106 10
6107 10
6108 10
6109 10
6110 10
6111 10
6112 10
6113 10
6114 10
6115 10
6116 10
6117 10
6118 10
6119 10
6120 10
6121 10
6122 10
6123 10
6124 10
6125 10
6126 10
6127 10
6128 10
6129 10
6130 10
6131 10
6132 10
6133 10
6134 10
6135 10
6136 10
6137 10
6138 10
6139 10
6140 10
6141 10
6142 10
6143 10
6144 10
6145 10
6146 10
6147 10
6148 10
6149 10
6150 10
6151 10
6152 10
6153 10
6154 10
6155 10
6156 10
6157 10
6158 10
6159 10
6160 10
6161 10
6162 10
6163 10
6164 10
6165 10
6166 10
6167 10
6168 10
6169 10
6170 10
6171 10
6172 10
6173 10
6174 10
6175 10
6176 10
6177 10
6178 10
6179 10
6180 10
6181 10
6182 10
6183 10
6184 10
6185 10
6186 10
6187 10
6188 10
6189 10
6190 10
6191 10
6192 10
6193 10
6194 10
6195 10
6196 10
6197 10
6198 10
6199 10
6200 10
6201 10
6202 10
6203 10
6204 10
6205 10
6206 10
6207 10
6208 10
6209 10
6210 10
6211 10
6212 10
6213 10
6214 10
6215 10
6216 10
6217 10
6218 10
6219 10
6220 10
6221 10
6222 10
6223 10
6224 10
6225 10
6226 10
6227 10
6228 10
6229 10
6230 10
6231 10
6232 10
6233 10
6234 10
6235 10
6236 10
6237 10
6238 10
6239 10
6240 10
6241 10
6242 10
6243 10
6244 10
6245 10
6246 10
6247 10
6248 10
6249 10
6250 10
6251 10
6252 10
6253 10
6254 10
6255 10
6256 10
6257 10
6258 10
6259 10
6260 10
6261 10
6262 10
6263 10
6264 10
6265 10
6266 10
6267 10
6268 10
6269 10
6270 10
6271 10
6272 10
6273 10
6274 10
6275 10
6276 10
6277 10
6278 10
6279 10
6280 10
6281 10
6282 10
6283 10
6284 10
6285 10
6286 10
6287 10
6288 10
6289 10
6290 10
6291 10
6292 10
6293 10
6294 10
6295 10
6296 10
6297 10
6298 10
6299 10
6300 10
6301 10
6302 10
6303 10
6304 10
6305 10
6306 10
6307 10
6308 10
6309 10
6310 10
6311 10
6312 10
6313 10
6314 10
6315 10
6316 10
6317 10
6318 10
6319 10
6320 10
6321 10
6322 10
6323 10
6324 10
6325 10
6326 10
6327 10
6328 10
6329 10
6330 10
6331 10
6332 10
6333 10
6334 10
6335 10
6336 10
6337 10
6338 10
6339 10
6340 10
6341 10
6342 10
6343 10
6344 10
6345 10
6346 10
6347 10
6348 10
6349 10
6350 10
6351 10
6352 10
6353 10
6354 10
6355 10
6356 10
6357 10
6358 10
6359 10
6360 10
6361 10
6362 10
6363 10
6364 10
6365 10
6366 10
6367 10
6368 10
6369 10
6370 10
6371 10
6372 10
6373 10
6374 10
6375 10
6376 10
6377 10
6378 10
6379 10
6380 10
6381 10
6382 10
6383 10
6384 10
6385 10
6386 10
6387 10
6388 10
6389 10
6390 10
6391 10
6392 10
6393 10
6394 10
6395 10
6396 10
6397 10
6398 10
6399 10
6400 10
6401 10
6402 10
6403 10
6404 10
6405 10
6406 10
6407 10
6408 10
6409 10
6410 10
6411 10
6412 10
6413 10
6414 10
6415 10
6416 10
6417 10
6418 10
6419 10
6420 10
6421 10
6422 10
6423 10
6424 10
6425 10
6426 10
6427 10
6428 10
6429 10
6430 10
6431 10
6432 10
6433 10
6434 10
6435 10
6436 10
6437 10
6438 10
6439 10
6440 10
6441 10
6442 10
6443 10
6444 10
6445 10
6446 10
6447 10
6448 10
6449 10
6450 10
6451 10
6452 10
6453 10
6454 10
6455 10
6456 10
6457 10
6458 10
6459 10
6460 10
6461 10
6462 10
6463 10
6464 10
6465 10
6466 10
6467 10
6468 10
6469 10
6470 10
6471 10
6472 10
6473 10
6474 10
6475 10
6476 10
6477 10
6478 10
6479 10
6480 10
6481 10
6482 10
6483 10
6484 10
6485 10
6486 10
6487 10
6488 10
6489 10
6490 10
6491 10
6492 10
6493 10
6494 10
6495 10
6496 10
6497 10
6498 10
6499 10
6500 10
6501 10
6502 10
6503 10
6504 10
6505 10
6506 10
6507 10
6508 10
6509 10
6510 10
6511 10
6512 10
6513 10
6514 10
6515 10
6516 10
6517 10
6518 10
6519 10
6520 10
6521 10
6522 10
6523 10
6524 10
6525 10
6526 10
6527 10
6528 10
6529 10
6530 10
6531 10
6532 10
6533 10
6534 10
6535 10
6536 10
6537 10
6538 10
6539 10
6540 10
6541 10
6542 10
6543 10
6544 10
6545 10
6546 10
6547 10
6548 10
6549 10
6550 10
6551 10
6552 10
6553 10
6554 10
6555 10
6556 10
6557 10
6558 10
6559 10
6560 10
6561 10
6562 10
6563 10
6564 10
6565 10
6566 10
6567 10
6568 10
6569 10
6570 10
6571 10
6572 10
6573 10
6574 10
6575 10
6576 10
6577 10
6578 10
6579 10
6580 10
6581 10
6582 10
6583 10
6584 10
6585 10
6586 10
6587 10
6588 10
6589 10
6590 10
6591 10
6592 10
6593 10
6594 10
6595 10
6596 10
6597 10
6598 10
6599 10
6600 10
6601 10
6602 10
6603 10
6604 10
6605 10
6606 10
6607 10
6608 10
6609 10
6610 10
6611 10
6612 10
6613 10
6614 10
6615 10
6616 10
6617 10
6618 10
6619 10
6620 10
6621 10
6622 10
6623 10
6624 10
6625 10
6626 10
6627 10
6628 10
6629 10
6630 10
6631 10
6632 10
6633 10
6634 10
6635 10
6636 10
6637 10
6638 10
6639 10
6640 10
6641 10
6642 10
6643 10
6644 10
6645 10
6646 10
6647 10
6648 10
6649 10
6650 10
6651 10
6652 10
6653 10
6654 10
6655 10
6656 10
6657 10
6658 10
6659 10
6660 10
6661 10
6662 10
6663 10
6664 10
6665 10
6666 10
6667 10
6668 10
6669 10
6670 10
6671 10
6672 10
6673 10
6674 10
6675 10
6676 10
6677 10
6678 10
6679 10
6680 10
6681 10
6682 10
6683 10
6684 10
6685 10
6686 10
6687 10
6688 10
6689 10
6690 10
6691 10
6692 10
6693 10
6694 10
6695 10
6696 10
6697 10
6698 10
6699 10
6700 10
6701 10
6702 10
6703 10
6704 10
6705 10
6706 10
6707 10
6708 10
6709 10
6710 10
6711 10
6712 10
6713 10
6714 10
6715 10
6716 10
6717 10
6718 10
6719 10
6720 10
6721 10
6722 10
6723 10
6724 10
6725 10
6726 10
6727 10
6728 10
6729 10
6730 10
6731 10
6732 10
6733 10
6734 10
6735 10
6736 10
6737 10
6738 10
6739 10
6740 10
6741 10
6742 10
6743 10
6744 10
6745 10
6746 10
6747 10
6748 10
6749 10
6750 10
6751 10
6752 10
6753 10
6754 10
6755 10
6756 10
6757 10
6758 10
6759 10
6760 10
6761 10
6762 11
6763 11
6764 11
6765 11
6766 11
6767 11
6768 11
6769 11
6770 11
6771 11
6772 11
6773 11
6774 11
6775 11
6776 11
6777 11
6778 11
6779 11
6780 11
6781 11
6782 11
6783 11
6784 11
6785 11
6786 11
6787 11
6788 11
6789 11
6790 11
6791 11
6792 11
6793 11
6794 11
6795 11
6796 11
6797 11
6798 11
6799 11
6800 11
6801 11
6802 11
6803 11
6804 11
6805 11
6806 11
6807 11
6808 11
6809 11
6810 11
6811 11
6812 11
6813 11
6814 11
6815 11
6816 11
6817 11
6818 11
6819 11
6820 11
6821 11
6822 11
6823 11
6824 11
6825 11
6826 11
6827 11
6828 11
6829 11
6830 11
6831 11
6832 11
6833 11
6834 11
6835 11
6836 11
6837 11
6838 11
6839 11
6840 11
6841 11
6842 11
6843 11
6844 11
6845 11
6846 11
6847 11
6848 11
6849 11
6850 11
6851 11
6852 11
6853 11
6854 11
6855 11
6856 11
6857 11
6858 11
6859 11
6860 11
6861 11
6862 11
6863 11
6864 11
6865 11
6866 11
6867 11
6868 11
6869 11
6870 11
6871 11
6872 11
6873 11
6874 11
6875 11
6876 11
6877 11
6878 11
6879 11
6880 11
6881 11
6882 11
6883 11
6884 11
6885 11
6886 11
6887 11
6888 11
6889 11
6890 11
6891 11
6892 11
6893 11
6894 11
6895 11
6896 11
6897 11
6898 11
6899 11
6900 11
6901 11
6902 11
6903 11
6904 11
6905 11
6906 11
6907 11
6908 11
6909 11
6910 11
6911 11
6912 11
6913 11
6914 11
6915 11
6916 11
6917 11
6918 11
6919 11
6920 11
6921 11
6922 11
6923 11
6924 11
6925 11
6926 11
6927 11
6928 11
6929 11
6930 11
6931 11
6932 11
6933 11
6934 11
6935 11
6936 11
6937 11
6938 11
6939 11
6940 11
6941 11
6942 11
6943 11
6944 11
6945 11
6946 11
6947 11
6948 11
6949 11
6950 11
6951 11
6952 11
6953 11
6954 11
6955 11
6956 11
6957 11
6958 11
6959 11
6960 11
6961 11
6962 11
6963 11
6964 11
6965 11
6966 11
6967 11
6968 11
6969 11
6970 11
6971 11
6972 11
6973 11
6974 11
6975 11
6976 11
6977 11
6978 11
6979 11
6980 11
6981 11
6982 11
6983 11
6984 11
6985 11
6986 11
6987 11
6988 11
6989 11
6990 11
6991 11
6992 11
6993 11
6994 11
6995 11
6996 11
6997 11
6998 11
6999 11
7000 11
7001 11
7002 11
7003 11
7004 11
7005 11
7006 11
7007 11
7008 11
7009 11
7010 11
7011 11
7012 11
7013 11
7014 11
7015 11
7016 11
7017 11
7018 11
7019 11
7020 11
7021 11
7022 11
7023 11
7024 11
7025 11
7026 11
7027 11
7028 11
7029 11
7030 11
7031 11
7032 11
7033 11
7034 11
7035 11
7036 11
7037 11
7038 11
7039 11
7040 11
7041 11
7042 11
7043 11
7044 11
7045 11
7046 11
7047 11
7048 11
7049 11
7050 11
7051 11
7052 11
7053 11
7054 11
7055 11
7056 11
7057 11
7058 11
7059 11
7060 11
7061 11
7062 11
7063 11
7064 11
7065 11
7066 11
7067 11
7068 11
7069 11
7070 11
7071 11
7072 11
7073 11
7074 11
7075 11
7076 11
7077 11
7078 11
7079 11
7080 11
7081 11
7082 11
7083 11
7084 11
7085 11
7086 11
7087 11
7088 11
7089 11
7090 11
7091 11
7092 11
7093 11
7094 11
7095 11
7096 11
7097 11
7098 11
7099 11
7100 11
7101 11
7102 11
7103 11
7104 11
7105 11
7106 11
7107 11
7108 11
7109 11
7110 11
7111 11
7112 11
7113 11
7114 11
7115 11
7116 11
7117 11
7118 11
7119 11
7120 11
7121 11
7122 11
7123 11
7124 11
7125 11
7126 11
7127 11
7128 11
7129 11
7130 11
7131 11
7132 11
7133 11
7134 11
7135 11
7136 11
7137 11
7138 11
7139 11
7140 11
7141 11
7142 11
7143 11
7144 11
7145 11
7146 11
7147 11
7148 11
7149 11
7150 11
7151 11
7152 11
7153 11
7154 11
7155 11
7156 11
7157 11
7158 11
7159 11
7160 11
7161 11
7162 11
7163 11
7164 11
7165 11
7166 11
7167 11
7168 11
7169 11
7170 11
7171 11
7172 11
7173 11
7174 11
7175 11
7176 11
7177 11
7178 11
7179 11
7180 11
7181 11
7182 11
7183 11
7184 11
7185 11
7186 11
7187 11
7188 11
7189 11
7190 11
7191 11
7192 11
7193 11
7194 11
7195 11
7196 11
7197 11
7198 11
7199 11
7200 11
7201 11
7202 11
7203 11
7204 11
7205 11
7206 11
7207 11
7208 11
7209 11
7210 11
7211 11
7212 11
7213 11
7214 11
7215 11
7216 11
7217 11
7218 11
7219 11
7220 11
7221 11
7222 11
7223 11
7224 11
7225 11
7226 11
7227 11
7228 11
7229 11
7230 11
7231 11
7232 11
7233 11
7234 11
7235 11
7236 11
7237 11
7238 11
7239 11
7240 11
7241 11
7242 11
7243 11
7244 11
7245 11
7246 11
7247 11
7248 11
7249 11
7250 11
7251 11
7252 11
7253 11
7254 11
7255 11
7256 11
7257 11
7258 11
7259 11
7260 11
7261 11
7262 11
7263 11
7264 11
7265 11
7266 11
7267 11
7268 11
7269 11
7270 11
7271 11
7272 11
7273 11
7274 11
7275 11
7276 11
7277 11
7278 11
7279 11
7280 11
7281 11
7282 11
7283 11
7284 11
7285 11
7286 11
7287 11
7288 11
7289 11
7290 11
7291 11
7292 11
7293 11
7294 11
7295 11
7296 11
7297 11
7298 11
7299 11
7300 11
7301 11
7302 11
7303 11
7304 11
7305 11
7306 11
7307 11
7308 11
7309 11
7310 11
7311 11
7312 11
7313 11
7314 11
7315 11
7316 11
7317 11
7318 11
7319 11
7320 11
7321 11
7322 11
7323 11
7324 12
7325 12
7326 12
7327 12
7328 12
7329 12
7330 12
7331 12
7332 12
7333 12
7334 12
7335 12
7336 12
7337 12
7338 12
7339 12
7340 12
7341 12
7342 12
7343 12
7344 12
7345 12
7346 12
7347 12
7348 12
7349 12
7350 12
7351 12
7352 12
7353 12
7354 12
7355 12
7356 12
7357 12
7358 12
7359 12
7360 12
7361 12
7362 12
7363 12
7364 12
7365 12
7366 12
7367 12
7368 12
7369 12
7370 12
7371 12
7372 12
7373 12
7374 12
7375 12
7376 12
7377 12
7378 12
7379 12
7380 12
7381 12
7382 12
7383 12
7384 12
7385 12
7386 12
7387 12
7388 12
7389 12
7390 12
7391 12
7392 12
7393 12
7394 12
7395 12
7396 12
7397 12
7398 12
7399 12
7400 12
7401 12
7402 12
7403 12
7404 12
7405 12
7406 12
7407 12
7408 12
7409 12
7410 12
7411 12
7412 12
7413 12
7414 12
7415 12
7416 12
7417 12
7418 12
7419 12
7420 12
7421 12
7422 12
7423 12
7424 12
7425 12
7426 12
7427 12
7428 12
7429 12
7430 12
7431 12
7432 12
7433 12
7434 12
7435 12
7436 12
7437 12
7438 12
7439 12
7440 12
7441 12
7442 12
7443 12
7444 12
7445 12
7446 12
7447 12
7448 12
7449 12
7450 12
7451 12
7452 12
7453 12
7454 12
7455 12
7456 12
7457 12
7458 12
7459 12
7460 12
7461 12
7462 12
7463 12
7464 12
7465 12
7466 12
7467 12
7468 12
7469 12
7470 12
7471 12
7472 12
7473 12
7474 12
7475 12
7476 12
7477 12
7478 12
7479 12
7480 12
7481 12
7482 12
7483 12
7484 12
7485 12
7486 12
7487 12
7488 12
7489 12
7490 12
7491 12
7492 12
7493 12
7494 12
7495 12
7496 12
7497 12
7498 12
7499 12
7500 12
7501 12
7502 12
7503 12
7504 12
7505 12
7506 12
7507 12
7508 12
7509 12
7510 12
7511 12
7512 12
7513 12
7514 12
7515 12
7516 12
7517 12
7518 12
7519 12
7520 12
7521 12
7522 12
7523 12
7524 12
7525 12
7526 12
7527 12
7528 12
7529 12
7530 12
7531 12
7532 12
7533 12
7534 12
7535 12
7536 12
7537 12
7538 12
7539 12
7540 12
7541 12
7542 12
7543 12
7544 12
7545 12
7546 12
7547 12
7548 12
7549 12
7550 12
7551 12
7552 12
7553 12
7554 12
7555 12
7556 12
7557 12
7558 12
7559 12
7560 12
7561 12
7562 12
7563 12
7564 12
7565 12
7566 12
7567 12
7568 12
7569 12
7570 12
7571 12
7572 12
7573 12
7574 12
7575 12
7576 12
7577 12
7578 12
7579 12
7580 12
7581 12
7582 12
7583 12
7584 12
7585 12
7586 12
7587 12
7588 12
7589 12
7590 12
7591 12
7592 12
7593 12
7594 12
7595 12
7596 12
7597 12
7598 12
7599 12
7600 12
7601 12
7602 12
7603 12
7604 12
7605 12
7606 12
7607 12
7608 12
7609 12
7610 12
7611 12
7612 12
7613 12
7614 12
7615 12
7616 12
7617 12
7618 12
7619 12
7620 12
7621 12
7622 12
7623 12
7624 12
7625 12
7626 12
7627 12
7628 12
7629 12
7630 12
7631 12
7632 12
7633 12
7634 12
7635 12
7636 12
7637 12
7638 12
7639 12
7640 12
7641 12
7642 12
7643 12
7644 12
7645 12
7646 12
7647 12
7648 12
7649 12
7650 12
7651 12
7652 12
7653 12
7654 12
7655 12
7656 12
7657 12
7658 12
7659 12
7660 12
7661 12
7662 12
7663 12
7664 12
7665 12
7666 12
7667 12
7668 12
7669 12
7670 12
7671 12
7672 12
7673 12
7674 12
7675 12
7676 12
7677 12
7678 12
7679 12
7680 12
7681 12
7682 12
7683 12
7684 12
7685 12
7686 12
7687 12
7688 12
7689 12
7690 12
7691 12
7692 12
7693 12
7694 12
7695 12
7696 12
7697 12
7698 12
7699 12
7700 12
7701 12
7702 12
7703 12
7704 12
7705 12
7706 12
7707 12
7708 12
7709 12
7710 12
7711 12
7712 12
7713 12
7714 12
7715 12
7716 13
7717 13
7718 13
7719 13
7720 13
7721 13
7722 13
7723 13
7724 13
7725 13
7726 13
7727 13
7728 13
7729 13
7730 13
7731 13
7732 13
7733 13
7734 13
7735 13
7736 13
7737 13
7738 13
7739 13
7740 13
7741 13
7742 13
7743 13
7744 13
7745 13
7746 13
7747 13
7748 13
7749 13
7750 13
7751 13
7752 13
7753 13
7754 13
7755 13
7756 13
7757 13
7758 13
7759 13
7760 13
7761 13
7762 13
7763 13
7764 13
7765 13
7766 13
7767 13
7768 13
7769 13
7770 13
7771 13
7772 13
7773 13
7774 13
7775 13
7776 13
7777 13
7778 13
7779 13
7780 13
7781 13
7782 13
7783 13
7784 13
7785 13
7786 13
7787 13
7788 13
7789 13
7790 13
7791 13
7792 13
7793 13
7794 13
7795 13
7796 13
7797 13
7798 13
7799 13
7800 13
7801 13
7802 13
7803 13
7804 13
7805 13
7806 13
7807 13
7808 13
7809 13
7810 13
7811 13
7812 13
7813 13
7814 13
7815 13
7816 13
7817 13
7818 13
7819 13
7820 13
7821 13
7822 13
7823 13
7824 13
7825 13
7826 13
7827 13
7828 13
7829 13
7830 13
7831 13
7832 13
7833 13
7834 13
7835 13
7836 13
7837 13
7838 13
7839 13
7840 13
7841 13
7842 13
7843 13
7844 13
7845 13
7846 13
7847 13
7848 13
7849 13
7850 13
7851 13
7852 13
7853 13
7854 13
7855 13
7856 13
7857 13
7858 13
7859 13
7860 13
7861 13
7862 13
7863 13
7864 13
7865 13
7866 13
7867 13
7868 13
7869 13
7870 13
7871 13
7872 13
7873 13
7874 13
7875 13
7876 13
7877 13
7878 13
7879 13
7880 13
7881 13
7882 13
7883 13
7884 13
7885 13
7886 13
7887 13
7888 13
7889 13
7890 13
7891 13
7892 13
7893 13
7894 13
7895 13
7896 13
7897 13
7898 13
7899 13
7900 13
7901 13
7902 13
7903 13
7904 13
7905 13
7906 13
7907 13
7908 13
7909 13
7910 13
7911 13
7912 13
7913 13
7914 13
7915 13
7916 13
7917 13
7918 13
7919 13
7920 13
7921 13
7922 13
7923 13
7924 13
7925 13
7926 13
7927 13
7928 13
7929 13
7930 13
7931 13
7932 13
7933 13
7934 13
7935 13
7936 13
7937 13
7938 13
7939 13
7940 13
7941 13
7942 13
7943 13
7944 13
7945 13
7946 13
7947 13
7948 13
7949 13
7950 13
7951 13
7952 13
7953 13
7954 13
7955 13
7956 13
7957 13
7958 13
7959 13
7960 13
7961 13
7962 13
7963 13
7964 13
7965 13
7966 13
7967 13
7968 13
7969 13
7970 13
7971 13
7972 13
7973 13
7974 13
7975 13
7976 13
7977 13
7978 13
7979 13
7980 13
7981 13
7982 13
7983 13
7984 13
7985 13
7986 13
7987 13
7988 13
7989 13
7990 13
7991 13
7992 13
7993 13
7994 13
7995 13
7996 13
7997 13
7998 13
7999 13
8000 13
8001 13
8002 13
8003 13
8004 13
8005 13
8006 13
8007 13
8008 13
8009 13
8010 13
8011 13
8012 13
8013 13
8014 13
8015 13
8016 13
8017 13
8018 13
8019 13
8020 13
8021 13
8022 13
8023 13
8024 13
8025 13
8026 13
8027 13
8028 13
8029 13
8030 13
8031 13
8032 13
8033 13
8034 13
8035 13
8036 13
8037 13
8038 13
8039 13
8040 13
8041 13
8042 13
8043 13
8044 13
8045 13
8046 13
8047 13
8048 13
8049 13
8050 13
8051 13
8052 13
8053 13
8054 13
8055 13
8056 13
8057 13
8058 13
8059 13
8060 13
8061 13
8062 13
8063 13
8064 13
8065 13
8066 13
8067 13
8068 13
8069 13
8070 13
8071 13
8072 13
8073 13
8074 13
8075 13
8076 13
8077 13
8078 13
8079 13
8080 13
8081 13
8082 13
8083 13
8084 13
8085 13
8086 13
8087 13
8088 13
8089 13
8090 13
8091 13
8092 13
8093 13
8094 13
8095 13
8096 13
8097 13
8098 13
8099 13
8100 13
8101 13
8102 13
8103 13
8104 13
8105 13
8106 13
8107 13
8108 13
8109 13
8110 13
8111 13
8112 13
8113 13
8114 13
8115 13
8116 13
8117 13
8118 13
8119 13
8120 13
8121 13
8122 13
8123 13
8124 13
8125 13
8126 13
8127 13
8128 13
8129 13
8130 13
8131 13
8132 13
8133 13
8134 13
8135 13
8136 13
8137 13
8138 13
8139 13
8140 13
8141 13
8142 13
8143 13
8144 13
8145 13
8146 13
8147 13
8148 13
8149 13
8150 13
8151 13
8152 13
8153 13
8154 13
8155 13
8156 13
8157 13
8158 13
8159 13
8160 13
8161 13
8162 13
8163 13
8164 13
8165 13
8166 13
8167 13
8168 13
8169 13
8170 13
8171 13
8172 13
8173 13
8174 13
8175 13
8176 13
8177 13
8178 13
8179 13
8180 13
8181 13
8182 13
8183 13
8184 13
8185 13
8186 13
8187 13
8188 13
8189 13
8190 13
8191 13
8192 13
8193 13
8194 13
8195 13
8196 13
8197 13
8198 13
8199 13
8200 13
8201 13
8202 13
8203 13
8204 13
8205 13
8206 13
8207 13
8208 13
8209 13
8210 13
8211 13
8212 13
8213 13
8214 13
8215 13
8216 13
8217 13
8218 13
8219 13
8220 13
8221 13
8222 13
8223 13
8224 13
8225 13
8226 13
8227 13
8228 13
8229 13
8230 13
8231 13
8232 13
8233 13
8234 13
8235 13
8236 13
8237 13
8238 13
8239 13
8240 13
8241 13
8242 13
8243 13
8244 13
8245 13
8246 13
8247 13
8248 13
8249 13
8250 13
8251 13
8252 13
8253 13
8254 13
8255 13
8256 13
8257 13
8258 13
8259 13
8260 13
8261 13
8262 13
8263 13
8264 13
8265 13
8266 13
8267 13
8268 13
8269 13
8270 13
8271 13
8272 13
8273 13
8274 13
8275 13
8276 13
8277 13
8278 13
8279 13
8280 13
8281 13
8282 13
8283 13
8284 13
8285 13
8286 13
8287 13
8288 13
8289 13
8290 13
8291 13
8292 13
8293 13
8294 13
8295 13
8296 13
8297 13
8298 13
8299 13
8300 13
8301 13
8302 13
8303 13
8304 13
8305 13
8306 13
8307 13
8308 13
8309 13
8310 13
8311 13
8312 13
8313 13
8314 13
8315 13
8316 13
8317 13
8318 13
8319 13
8320 13
8321 13
8322 13
8323 13
8324 13
8325 13
8326 13
8327 13
8328 13
8329 13
8330 13
8331 13
8332 13
8333 13
8334 13
8335 13
8336 13
8337 13
8338 13
8339 13
8340 13
8341 13
8342 13
8343 13
8344 13
8345 13
8346 13
8347 13
8348 13
8349 13
8350 13
8351 13
8352 13
8353 13
8354 13
8355 13
8356 13
8357 13
8358 13
8359 13
8360 13
8361 13
8362 13
8363 13
8364 13
8365 13
8366 13
8367 13
8368 13
8369 13
8370 13
8371 13
8372 13
8373 13
8374 13
8375 13
8376 13
8377 13
8378 13
8379 13
8380 13
8381 13
8382 13
8383 13
8384 13
8385 13
8386 13
8387 13
8388 13
8389 13
8390 13
8391 13
8392 13
8393 13
8394 13
8395 13
8396 13
8397 13
8398 13
8399 13
8400 13
8401 13
8402 13
8403 13
8404 13
8405 13
8406 13
8407 13
8408 13
8409 13
8410 13
8411 13
8412 13
8413 13
8414 13
8415 13
8416 13
8417 13
8418 13
8419 13
8420 13
8421 13
8422 13
8423 13
8424 13
8425 13
8426 13
8427 13
8428 13
8429 13
8430 13
8431 13
8432 13
8433 13
8434 13
8435 13
8436 13
8437 13
8438 13
8439 13
8440 13
8441 13
8442 13
8443 13
8444 13
8445 13
8446 13
8447 13
8448 13
8449 13
8450 13
8451 13
8452 13
8453 13
8454 13
8455 13
8456 13
8457 13
8458 13
8459 13
8460 13
8461 13
8462 13
8463 13
8464 13
8465 13
8466 13
8467 13
8468 13
8469 13
8470 13
8471 13
8472 13
8473 13
8474 13
8475 13
8476 14
8477 14
8478 14
8479 14
8480 14
8481 14
8482 14
8483 14
8484 14
8485 14
8486 14
8487 14
8488 14
8489 14
8490 14
8491 14
8492 14
8493 14
8494 14
8495 14
8496 14
8497 14
8498 14
8499 14
8500 14
8501 14
8502 14
8503 14
8504 14
8505 14
8506 14
8507 14
8508 14
8509 14
8510 14
8511 14
8512 14
8513 14
8514 14
8515 14
8516 14
8517 14
8518 14
8519 14
8520 14
8521 14
8522 14
8523 14
8524 14
8525 14
8526 14
8527 14
8528 14
8529 14
8530 14
8531 14
8532 14
8533 14
8534 14
8535 14
8536 14
8537 14
8538 14
8539 14
8540 14
8541 14
8542 14
8543 14
8544 14
8545 14
8546 14
8547 14
8548 14
8549 14
8550 14
8551 14
8552 14
8553 14
8554 14
8555 14
8556 14
8557 14
8558 14
8559 14
8560 14
8561 14
8562 14
8563 14
8564 14
8565 14
8566 14
8567 14
8568 14
8569 14
8570 14
8571 14
8572 14
8573 14
8574 14
8575 14
8576 14
8577 14
8578 14
8579 14
8580 14
8581 14
8582 14
8583 14
8584 14
8585 14
8586 14
8587 14
8588 14
8589 14
8590 14
8591 14
8592 14
8593 14
8594 14
8595 14
8596 14
8597 14
8598 14
8599 14
8600 14
8601 14
8602 14
8603 14
8604 14
8605 14
8606 14
8607 14
8608 14
8609 14
8610 14
8611 14
8612 14
8613 14
8614 14
8615 14
8616 14
8617 14
8618 14
8619 14
8620 14
8621 14
8622 14
8623 14
8624 14
8625 14
8626 14
8627 14
8628 14
8629 14
8630 14
8631 14
8632 14
8633 14
8634 14
8635 14
8636 14
8637 14
8638 14
8639 14
8640 14
8641 14
8642 14
8643 14
8644 14
8645 14
8646 14
8647 14
8648 14
8649 14
8650 14
8651 14
8652 14
8653 14
8654 14
8655 14
8656 14
8657 14
8658 14
8659 14
8660 14
8661 14
8662 14
8663 14
8664 14
8665 14
8666 14
8667 14
8668 14
8669 14
8670 14
8671 14
8672 14
8673 14
8674 14
8675 14
8676 14
8677 14
8678 14
8679 14
8680 14
8681 14
8682 14
8683 14
8684 14
8685 14
8686 14
8687 14
8688 14
8689 14
8690 14
8691 14
8692 14
8693 14
8694 14
8695 14
8696 14
8697 14
8698 14
8699 14
8700 14
8701 14
8702 14
8703 14
8704 14
8705 14
8706 14
8707 14
8708 14
8709 14
8710 14
8711 14
8712 14
8713 14
8714 14
8715 14
8716 14
8717 14
8718 14
8719 14
8720 14
8721 14
8722 14
8723 14
8724 14
8725 14
8726 14
8727 14
8728 14
8729 14
8730 14
8731 14
8732 14
8733 14
8734 14
8735 14
8736 14
8737 14
8738 14
8739 14
8740 14
8741 14
8742 14
8743 14
8744 14
8745 14
8746 14
8747 14
8748 14
8749 14
8750 14
8751 14
8752 14
8753 14
8754 14
8755 14
8756 14
8757 14
8758 14
8759 14
8760 14
8761 14
8762 14
8763 14
8764 14
8765 14
8766 14
8767 14
8768 14
8769 14
8770 14
8771 14
8772 14
8773 14
8774 14
8775 14
8776 14
8777 14
8778 14
8779 14
8780 14
8781 14
8782 14
8783 14
8784 14
8785 14
8786 14
8787 14
8788 14
8789 14
8790 14
8791 14
8792 14
8793 14
8794 14
8795 14
8796 14
8797 14
8798 14
8799 14
8800 14
8801 14
8802 14
8803 14
8804 14
8805 14
8806 14
8807 14
8808 14
8809 14
8810 14
8811 14
8812 14
8813 14
8814 14
8815 14
8816 14
8817 14
8818 14
8819 14
8820 14
8821 14
8822 14
8823 14
8824 14
8825 14
8826 14
8827 14
8828 14
8829 14
8830 14
8831 14
8832 14
8833 14
8834 14
8835 14
8836 14
8837 14
8838 14
8839 14
8840 14
8841 14
8842 14
8843 14
8844 14
8845 14
8846 14
8847 14
8848 14
8849 14
8850 14
8851 14
8852 14
8853 14
8854 14
8855 14
8856 14
8857 14
8858 14
8859 14
8860 14
8861 14
8862 14
8863 14
8864 14
8865 14
8866 14
8867 14
8868 14
8869 14
8870 14
8871 14
8872 14
8873 14
8874 14
8875 14
8876 14
8877 14
8878 14
8879 14
8880 14
8881 14
8882 14
8883 14
8884 14
8885 14
8886 14
8887 14
8888 14
8889 14
8890 14
8891 14
8892 14
8893 14
8894 14
8895 14
8896 14
8897 14
8898 14
8899 14
8900 14
8901 14
8902 14
8903 14
8904 14
8905 14
8906 14
8907 14
8908 14
8909 14
8910 14
8911 14
8912 14
8913 14
8914 14
8915 14
8916 14
8917 14
8918 14
8919 14
8920 14
8921 14
8922 14
8923 14
8924 14
8925 14
8926 14
8927 14
8928 14
8929 14
8930 14
8931 14
8932 14
8933 14
8934 14
8935 14
8936 14
8937 14
8938 14
8939 14
8940 14
8941 14
8942 14
8943 14
8944 14
8945 14
8946 14
8947 14
8948 14
8949 14
8950 14
8951 14
8952 14
8953 14
8954 14
8955 14
8956 14
8957 14
8958 14
8959 14
8960 14
8961 14
8962 14
8963 14
8964 14
8965 14
8966 14
8967 14
8968 14
8969 14
8970 14
8971 14
8972 14
8973 14
8974 14
8975 14
8976 14
8977 14
8978 14
8979 14
8980 14
8981 14
8982 14
8983 14
8984 14
8985 14
8986 14
8987 14
8988 14
8989 14
8990 14
8991 14
8992 14
8993 14
8994 14
8995 14
8996 14
8997 14
8998 14
8999 14
9000 14
9001 14
9002 14
9003 14
9004 14
9005 14
9006 14
9007 14
9008 14
9009 14
9010 14
9011 14
9012 14
9013 14
9014 14
9015 14
9016 14
9017 14
9018 14
9019 14
9020 14
9021 14
9022 14
9023 14
9024 14
9025 14
9026 14
9027 14
9028 14
9029 14
9030 14
9031 14
9032 14
9033 14
9034 14
9035 14
9036 14
9037 14
9038 14
9039 14
9040 14
9041 14
9042 14
9043 14
9044 14
9045 14
9046 14
9047 14
9048 14
9049 14
9050 14
9051 14
9052 14
9053 14
9054 14
9055 14
9056 14
9057 14
9058 14
9059 14
9060 14
9061 14
9062 14
9063 14
9064 14
9065 14
9066 14
9067 14
9068 14
9069 14
9070 14
9071 14
9072 14
9073 14
9074 14
9075 14
9076 14
9077 14
9078 14
9079 14
9080 14
9081 14
9082 14
9083 14
9084 14
9085 14
9086 14
9087 14
9088 14
9089 14
9090 14
9091 14
9092 14
9093 14
9094 14
9095 14
9096 14
9097 14
9098 14
9099 14
9100 14
9101 14
9102 14
9103 14
9104 14
9105 14
9106 14
9107 14
9108 14
9109 14
9110 14
9111 14
9112 14
9113 14
9114 14
9115 14
9116 14
9117 14
9118 14
9119 14
9120 14
9121 14
9122 14
9123 14
9124 14
9125 14
9126 14
9127 14
9128 14
9129 14
9130 14
9131 14
9132 14
9133 14
9134 14
9135 14
9136 14
9137 14
9138 14
9139 14
9140 14
9141 14
9142 14
9143 14
9144 14
9145 14
9146 14
9147 14
9148 14
9149 14
9150 14
9151 14
9152 14
9153 14
9154 14
9155 14
9156 14
9157 14
9158 14
9159 14
9160 14
9161 14
9162 14
9163 14
9164 14
9165 14
9166 14
9167 14
9168 14
9169 14
9170 14
9171 14
9172 14
9173 14
9174 14
9175 14
9176 14
9177 14
9178 14
9179 14
9180 14
9181 14
9182 14
9183 14
9184 14
9185 14
9186 14
9187 14
9188 14
9189 14
9190 14
9191 14
9192 14
9193 14
9194 14
9195 14
9196 14
9197 14
9198 14
9199 15
9200 15
9201 15
9202 15
9203 15
9204 15
9205 15
9206 15
9207 15
9208 15
9209 15
9210 15
9211 15
9212 15
9213 15
9214 15
9215 15
9216 15
9217 15
9218 15
9219 15
9220 15
9221 15
9222 15
9223 15
9224 15
9225 15
9226 15
9227 15
9228 15
9229 15
9230 15
9231 15
9232 15
9233 15
9234 15
9235 15
9236 15
9237 15
9238 15
9239 15
9240 15
9241 15
9242 15
9243 15
9244 15
9245 15
9246 15
9247 15
9248 15
9249 15
9250 15
9251 15
9252 15
9253 15
9254 15
9255 15
9256 15
9257 15
9258 15
9259 15
9260 15
9261 15
9262 15
9263 15
9264 15
9265 15
9266 15
9267 15
9268 15
9269 15
9270 15
9271 15
9272 15
9273 15
9274 15
9275 15
9276 15
9277 15
9278 15
9279 15
9280 15
9281 15
9282 15
9283 15
9284 15
9285 15
9286 15
9287 15
9288 15
9289 15
9290 15
9291 15
9292 15
9293 15
9294 15
9295 15
9296 15
9297 15
9298 15
9299 15
9300 15
9301 15
9302 15
9303 15
9304 15
9305 15
9306 15
9307 15
9308 15
9309 15
9310 15
9311 15
9312 15
9313 15
9314 15
9315 15
9316 15
9317 15
9318 15
9319 15
9320 15
9321 15
9322 15
9323 15
9324 15
9325 15
9326 15
9327 15
9328 15
9329 15
9330 15
9331 15
9332 15
9333 15
9334 15
9335 15
9336 15
9337 15
9338 15
9339 15
9340 15
9341 15
9342 15
9343 15
9344 15
9345 15
9346 15
9347 15
9348 15
9349 15
9350 15
9351 15
9352 15
9353 15
9354 15
9355 15
9356 15
9357 15
9358 15
9359 15
9360 15
9361 15
9362 15
9363 15
9364 15
9365 15
9366 15
9367 15
9368 15
9369 15
9370 15
9371 15
9372 15
9373 15
9374 15
9375 15
9376 15
9377 15
9378 15
9379 15
9380 15
9381 15
9382 15
9383 15
9384 15
9385 15
9386 15
9387 15
9388 15
9389 15
9390 15
9391 15
9392 15
9393 15
9394 15
9395 15
9396 15
9397 15
9398 15
9399 15
9400 15
9401 15
9402 15
9403 15
9404 15
9405 15
9406 15
9407 15
9408 15
9409 15
9410 15
9411 15
9412 15
9413 15
9414 15
9415 15
9416 15
9417 15
9418 15
9419 15
9420 15
9421 15
9422 15
9423 15
9424 15
9425 15
9426 15
9427 15
9428 15
9429 15
9430 15
9431 15
9432 15
9433 15
9434 15
9435 15
9436 15
9437 15
9438 15
9439 15
9440 15
9441 15
9442 15
9443 15
9444 15
9445 15
9446 15
9447 15
9448 15
9449 15
9450 15
9451 15
9452 15
9453 15
9454 15
9455 15
9456 15
9457 15
9458 15
9459 15
9460 15
9461 15
9462 15
9463 15
9464 15
9465 15
9466 15
9467 15
9468 15
9469 15
9470 15
9471 15
9472 15
9473 15
9474 15
9475 15
9476 15
9477 15
9478 15
9479 15
9480 15
9481 15
9482 15
9483 15
9484 15
9485 15
9486 15
9487 15
9488 15
9489 15
9490 15
9491 15
9492 15
9493 15
9494 15
9495 15
9496 15
9497 15
9498 15
9499 15
9500 15
9501 15
9502 15
9503 15
9504 15
9505 15
9506 15
9507 15
9508 15
9509 15
9510 15
9511 15
9512 15
9513 15
9514 15
9515 15
9516 15
9517 15
9518 15
9519 15
9520 15
9521 15
9522 15
9523 15
9524 15
9525 15
9526 15
9527 15
9528 15
9529 15
9530 15
9531 15
9532 15
9533 15
9534 15
9535 15
9536 15
9537 15
9538 15
9539 15
9540 15
9541 15
9542 15
9543 15
9544 15
9545 15
9546 15
9547 15
9548 15
9549 15
9550 15
9551 15
9552 15
9553 15
9554 15
9555 15
9556 15
9557 15
9558 15
9559 15
9560 15
9561 15
9562 15
9563 15
9564 15
9565 15
9566 15
9567 15
9568 15
9569 15
9570 15
9571 15
9572 15
9573 15
9574 15
9575 15
9576 15
9577 15
9578 15
9579 15
9580 15
9581 15
9582 15
9583 15
9584 15
9585 15
9586 15
9587 15
9588 15
9589 15
9590 15
9591 15
9592 15
9593 15
9594 15
9595 15
9596 15
9597 15
9598 15
9599 15
9600 15
9601 15
9602 15
9603 15
9604 15
9605 15
9606 15
9607 15
9608 15
9609 15
9610 15
9611 15
9612 15
9613 15
9614 15
9615 15
9616 15
9617 15
9618 15
9619 15
9620 15
9621 15
9622 15
9623 15
9624 15
9625 15
9626 15
9627 15
9628 15
9629 15
9630 15
9631 15
9632 15
9633 15
9634 15
9635 15
9636 15
9637 15
9638 15
9639 15
9640 15
9641 15
9642 15
9643 15
9644 15
9645 15
9646 15
9647 15
9648 15
9649 15
9650 15
9651 15
9652 15
9653 15
9654 15
9655 15
9656 15
9657 15
9658 15
9659 16
9660 16
9661 16
9662 16
9663 16
9664 16
9665 16
9666 16
9667 16
9668 16
9669 16
9670 16
9671 16
9672 16
9673 16
9674 16
9675 16
9676 16
9677 16
9678 16
9679 16
9680 16
9681 16
9682 16
9683 16
9684 16
9685 16
9686 17
9687 17
9688 17
9689 17
9690 17
9691 17
9692 17
9693 17
9694 17
9695 17
9696 17
9697 17
9698 17
9699 17
9700 17
9701 17
9702 17
9703 17
9704 17
9705 17
9706 17
9707 17
9708 17
9709 17
9710 17
9711 17
9712 17
9713 17
9714 17
9715 17
9716 17
9717 17
9718 17
9719 17
9720 17
9721 17
9722 17
9723 17
9724 17
9725 17
9726 17
9727 17
9728 17
9729 17
9730 17
9731 17
9732 17
9733 17
9734 17
9735 17
9736 17
9737 17
9738 17
9739 17
9740 17
9741 17
9742 17
9743 17
9744 17
9745 17
9746 17
9747 17
9748 17
9749 17
9750 17
9751 17
9752 17
9753 17
9754 17
9755 17
9756 17
9757 17
9758 17
9759 17
9760 17
9761 17
9762 17
9763 17
9764 17
9765 17
9766 17
9767 17
9768 17
9769 17
9770 17
9771 17
9772 17
9773 17
9774 17
9775 17
9776 17
9777 17
9778 17
9779 17
9780 17
9781 17
9782 17
9783 17
9784 17
9785 17
9786 17
9787 17
9788 17
9789 17
9790 17
9791 17
9792 17
9793 17
9794 17
9795 17
9796 17
9797 17
9798 17
9799 17
9800 17
9801 17
9802 17
9803 17
9804 17
9805 17
9806 17
9807 17
9808 17
9809 17
9810 17
9811 17
9812 17
9813 17
9814 17
9815 17
9816 17
9817 17
9818 17
9819 17
9820 17
9821 17
9822 17
9823 17
9824 17
9825 17
9826 17
9827 17
9828 17
9829 17
9830 17
9831 17
9832 17
9833 17
9834 17
9835 17
9836 17
9837 17
9838 17
9839 17
9840 17
9841 17
9842 17
9843 17
9844 17
9845 17
9846 17
9847 17
9848 17
9849 17
9850 17
9851 17
9852 17
9853 17
9854 17
9855 17
9856 17
9857 17
9858 17
9859 17
9860 17
9861 17
9862 17
9863 17
9864 17
9865 17
9866 17
9867 17
9868 17
9869 17
9870 17
9871 17
9872 17
9873 17
9874 17
9875 17
9876 17
9877 17
9878 17
9879 17
9880 17
9881 17
9882 17
9883 17
9884 17
9885 17
9886 17
9887 17
9888 17
9889 17
9890 17
9891 17
9892 17
9893 17
9894 17
9895 17
9896 17
9897 17
9898 17
9899 17
9900 17
9901 17
9902 17
9903 17
9904 17
9905 17
9906 17
9907 17
9908 17
9909 17
9910 17
9911 17
9912 17
9913 17
9914 17
9915 17
9916 17
9917 17
9918 17
9919 17
9920 17
9921 17
9922 17
9923 17
9924 17
9925 17
9926 17
9927 17
9928 17
9929 17
9930 17
9931 17
9932 17
9933 17
9934 17
9935 17
9936 17
9937 17
9938 17
9939 17
9940 17
9941 17
9942 17
9943 17
9944 17
9945 17
9946 17
9947 17
9948 17
9949 17
9950 17
9951 17
9952 17
9953 17
9954 17
9955 17
9956 17
9957 17
9958 17
9959 17
9960 17
9961 17
9962 17
9963 17
9964 17
9965 17
9966 17
9967 17
9968 17
9969 17
9970 17
9971 17
9972 17
9973 17
9974 17
9975 17
9976 17
9977 17
9978 17
9979 17
9980 17
9981 17
9982 17
9983 17
9984 17
9985 17
9986 17
9987 17
9988 17
9989 17
9990 17
9991 17
9992 17
9993 17
9994 17
9995 17
9996 17
9997 17
9998 17
9999 17
10000 17
