100 0
101 0
102 0
103 0
104 0
105 0
106 0
107 0
108 0
109 0
110 0
111 0
112 0
113 0
114 0
115 0
116 0
117 0
118 0
119 0
120 0
121 0
122 0
123 0
124 0
125 0
126 0
127 0
128 0
129 0
130 0
131 0
132 0
133 0
134 0
135 0
136 0
137 0
138 0
139 0
140 0
141 0
142 0
143 0
144 0
145 0
146 0
147 0
148 0
149 0
150 0
151 0
152 0
153 0
154 0
155 0
156 0
157 0
158 0
159 0
160 0
161 0
162 0
163 0
164 0
165 0
166 0
167 0
168 0
169 0
170 0
171 0
172 0
173 0
174 0
175 0
176 0
177 0
178 0
179 0
180 0
181 0
182 0
183 0
184 0
185 0
186 0
187 0
188 0
189 0
190 0
191 0
192 0
193 0
194 0
195 0
196 0
197 0
198 0
199 0
200 0
201 0
202 0
203 0
204 0
205 0
206 0
207 0
208 0
209 0
210 0
211 0
212 0
213 0
214 0
215 0
216 0
217 0
218 0
219 0
220 0
221 0
222 0
223 0
224 0
225 0
226 0
227 0
228 0
229 0
230 0
231 0
232 0
233 0
234 0
235 0
236 0
237 0
238 0
239 0
240 0
241 0
242 0
243 0
244 0
245 0
246 0
247 0
248 0
249 0
250 0
251 0
252 0
253 0
254 0
255 0
256 0
257 0
258 0
259 0
260 0
261 0
262 0
263 0
264 0
265 0
266 0
267 0
268 0
269 0
270 0
271 0
272 0
273 0
274 0
275 0
276 0
277 0
278 0
279 0
280 0
281 0
282 0
283 0
284 0
285 0
286 0
287 0
288 0
289 0
290 0
291 0
292 0
293 0
294 0
295 0
296 0
297 0
298 0
299 0
300 0
301 0
302 0
303 0
304 0
305 0
306 0
307 0
308 0
309 0
310 0
311 0
312 0
313 0
314 0
315 0
316 0
317 0
318 0
319 0
320 0
321 0
322 0
323 0
324 0
325 0
326 0
327 0
328 0
329 0
330 0
331 0
332 0
333 0
334 0
335 0
336 0
337 0
338 0
339 0
340 0
341 0
342 0
343 0
344 0
345 0
346 0
347 0
348 0
349 0
350 0
351 0
352 0
353 0
354 0
355 0
356 0
357 0
358 0
359 0
360 0
361 0
362 0
363 0
364 0
365 0
366 0
367 0
368 0
369 0
370 0
371 0
372 0
373 0
374 0
375 0
376 0
377 0
378 0
379 0
380 0
381 0
382 0
383 0
384 0
385 0
386 0
387 0
388 0
389 0
390 0
391 0
392 0
393 0
394 0
395 0
396 0
397 0
398 0
399 0
400 0
401 0
402 0
403 0
404 0
405 0
406 0
407 0
408 0
409 0
410 0
411 0
412 0
413 0
414 0
415 0
416 0
417 0
418 0
419 0
420 0
421 0
422 0
423 0
424 0
425 0
426 0
427 0
428 0
429 0
430 0
431 0
432 0
433 0
434 0
435 0
436 0
437 0
438 0
439 0
440 0
441 0
442 0
443 0
444 0
445 0
446 0
447 0
448 0
449 0
450 0
451 0
452 0
453 0
454 0
455 0
456 0
457 0
458 0
459 0
460 0
461 0
462 0
463 0
464 0
465 0
466 0
467 0
468 0
469 0
470 0
471 0
472 0
473 0
474 0
475 0
476 0
477 0
478 0
479 0
480 0
481 0
482 0
483 0
484 0
485 0
486 0
487 0
488 0
489 0
490 0
491 0
492 0
493 0
494 0
495 0
496 0
497 0
498 0
499 0
500 0
501 0
502 0
503 0
504 0
505 0
506 0
507 0
508 0
509 0
510 0
511 0
512 0
513 0
514 0
515 0
516 0
517 0
518 0
519 0
520 0
521 0
522 0
523 0
524 0
525 0
526 0
527 0
528 0
529 0
530 0
531 0
532 0
533 0
534 0
535 0
536 0
537 0
538 0
539 0
540 0
541 0
542 0
543 0
544 0
545 0
546 0
547 0
548 0
549 0
550 0
551 0
552 0
553 0
554 0
555 0
556 0
557 0
558 0
559 0
560 0
561 0
562 0
563 0
564 0
565 0
566 0
567 0
568 0
569 0
570 0
571 0
572 0
573 0
574 0
575 0
576 0
577 0
578 0
579 0
580 0
581 0
582 0
583 0
584 0
585 0
586 0
587 0
588 0
589 0
590 0
591 0
592 0
593 0
594 0
595 0
596 0
597 0
598 0
599 0
600 0
601 0
602 0
603 0
604 0
605 0
606 0
607 0
608 0
609 0
610 0
611 0
612 0
613 0
614 0
615 0
616 0
617 0
618 0
619 0
620 0
621 0
622 0
623 0
624 0
625 0
626 0
627 0
628 0
629 0
630 0
631 0
632 0
633 0
634 0
635 0
636 0
637 0
638 0
639 0
640 0
641 0
642 0
643 0
644 0
645 0
646 0
647 0
648 0
649 0
650 0
651 0
652 0
653 0
654 0
655 0
656 0
657 0
658 0
659 0
660 0
661 0
662 0
663 0
664 0
665 0
666 0
667 0
668 0
669 0
670 0
671 0
672 0
673 0
674 0
675 0
676 0
677 0
678 0
679 0
680 0
681 0
682 0
683 0
684 0
685 0
686 0
687 0
688 0
689 0
690 0
691 0
692 0
693 0
694 0
695 0
696 0
697 0
698 0
699 0
700 0
701 0
702 0
703 0
704 0
705 0
706 0
707 0
708 0
709 0
710 0
711 0
712 0
713 0
714 0
715 0
716 0
717 0
718 0
719 0
720 0
721 0
722 0
723 0
724 0
725 0
726 0
727 0
728 0
729 0
730 0
731 0
732 0
733 0
734 0
735 0
736 0
737 0
738 0
739 0
740 0
741 0
742 0
743 0
744 0
745 0
746 0
747 0
748 0
749 0
750 0
751 0
752 0
753 0
754 0
755 0
756 0
757 0
758 0
759 0
760 0
761 0
762 0
763 0
764 0
765 0
766 0
767 0
768 0
769 0
770 0
771 0
772 0
773 0
774 0
775 0
776 0
777 0
778 0
779 0
780 0
781 0
782 0
783 0
784 0
785 0
786 0
787 0
788 0
789 0
790 0
791 0
792 0
793 0
794 0
795 0
796 0
797 0
798 0
799 0
800 0
801 0
802 0
803 0
804 0
805 0
806 0
807 0
808 0
809 0
810 0
811 0
812 0
813 0
814 0
815 0
816 0
817 0
818 0
819 0
820 0
821 0
822 0
823 0
824 0
825 0
826 0
827 0
828 0
829 0
830 0
831 0
832 0
833 0
834 0
835 0
836 0
837 0
838 0
839 0
840 0
841 0
842 0
843 0
844 0
845 0
846 0
847 0
848 0
849 0
850 0
851 0
852 0
853 0
854 0
855 0
856 0
857 0
858 0
859 0
860 0
861 0
862 0
863 0
864 0
865 0
866 0
867 0
868 0
869 0
870 0
871 0
872 0
873 0
874 0
875 0
876 0
877 0
878 0
879 0
880 0
881 0
882 0
883 0
884 0
885 0
886 0
887 0
888 0
889 0
890 0
891 0
892 0
893 0
894 0
895 0
896 0
897 0
898 0
899 0
900 0
901 0
902 0
903 0
904 0
905 0
906 0
907 0
908 0
909 0
910 0
911 0
912 0
913 0
914 0
915 0
916 0
917 0
918 0
919 0
920 0
921 0
922 0
923 0
924 0
925 0
926 0
927 0
928 0
929 0
930 0
931 0
932 0
933 0
934 0
935 0
936 0
937 0
938 0
939 0
940 0
941 0
942 0
943 0
944 0
945 0
946 0
947 0
948 0
949 0
950 0
951 0
952 0
953 0
954 0
955 0
956 0
957 0
958 0
959 0
960 0
961 0
962 0
963 0
964 0
965 0
966 1
967 1
968 1
969 1
970 1
971 1
972 1
973 1
974 1
975 1
976 1
977 1
978 1
979 1
980 1
981 1
982 1
983 1
984 1
985 1
986 1
987 1
988 1
989 1
990 1
991 1
992 1
993 1
994 1
995 1
996 1
997 1
998 1
999 1
1000 1
1001 1
1002 1
1003 1
1004 1
1005 1
1006 1
1007 1
1008 1
1009 1
1010 1
1011 1
1012 1
1013 1
1014 1
1015 1
1016 1
1017 1
1018 1
1019 1
1020 1
1021 1
1022 1
1023 1
1024 1
1025 1
1026 1
1027 1
1028 1
1029 1
1030 1
1031 1
1032 1
1033 1
1034 1
1035 1
1036 1
1037 1
1038 1
1039 1
1040 1
1041 1
1042 1
1043 1
1044 1
1045 1
1046 1
1047 1
1048 1
1049 1
1050 1
1051 1
1052 1
1053 1
1054 1
1055 1
1056 1
1057 1
1058 1
1059 1
1060 1
1061 1
1062 1
1063 1
1064 1
1065 1
1066 1
1067 1
1068 1
1069 1
1070 1
1071 1
1072 1
1073 1
1074 1
1075 1
1076 1
1077 1
1078 1
1079 1
1080 1
1081 1
1082 1
1083 1
1084 1
1085 1
1086 1
1087 1
1088 1
1089 1
1090 1
1091 1
1092 1
1093 1
1094 1
1095 1
1096 1
1097 1
1098 1
1099 1
1100 1
1101 1
1102 1
1103 1
1104 1
1105 1
1106 1
1107 1
1108 1
1109 1
1110 1
1111 1
1112 1
1113 1
1114 1
1115 1
1116 1
1117 1
1118 1
1119 1
1120 1
1121 1
1122 1
1123 1
1124 1
1125 1
1126 1
1127 1
1128 1
1129 1
1130 1
1131 1
1132 1
1133 1
1134 1
1135 1
1136 1
1137 1
1138 1
1139 1
1140 1
1141 1
1142 1
1143 1
1144 1
1145 1
1146 1
1147 1
1148 1
1149 1
1150 1
1151 1
1152 1
1153 1
1154 1
1155 1
1156 1
1157 1
1158 1
1159 1
1160 1
1161 1
1162 1
1163 1
1164 1
1165 1
1166 1
1167 1
1168 1
1169 1
1170 1
1171 1
1172 1
1173 1
1174 1
1175 1
1176 1
1177 1
1178 1
1179 1
1180 1
1181 1
1182 1
1183 1
1184 1
1185 1
1186 1
1187 1
1188 1
1189 1
1190 1
1191 1
1192 1
1193 1
1194 1
1195 1
1196 1
1197 1
1198 1
1199 1
1200 1
1201 1
1202 1
1203 1
1204 1
1205 1
1206 1
1207 1
1208 1
1209 1
1210 1
1211 1
1212 1
1213 1
1214 1
1215 1
1216 1
1217 1
1218 1
1219 1
1220 1
1221 1
1222 1
1223 1
1224 1
1225 1
1226 1
1227 1
1228 1
1229 1
1230 1
1231 1
1232 1
1233 1
1234 1
1235 1
1236 1
1237 1
1238 1
1239 1
1240 1
1241 1
1242 1
1243 1
1244 1
1245 1
1246 1
1247 1
1248 1
1249 1
1250 1
1251 1
1252 1
1253 1
1254 1
1255 1
1256 1
1257 1
1258 1
1259 1
1260 1
1261 1
1262 1
1263 1
1264 1
1265 1
1266 1
1267 1
1268 1
1269 1
1270 1
1271 1
1272 1
1273 1
1274 1
1275 1
1276 1
1277 1
1278 1
1279 1
1280 1
1281 1
1282 1
1283 1
1284 1
1285 1
1286 1
1287 1
1288 1
1289 1
1290 1
1291 1
1292 1
1293 1
1294 1
1295 1
1296 1
1297 1
1298 1
1299 1
1300 1
1301 1
1302 1
1303 1
1304 1
1305 1
1306 1
1307 1
1308 1
1309 1
1310 1
1311 1
1312 1
1313 1
1314 1
1315 1
1316 1
1317 1
1318 1
1319 1
1320 1
1321 1
1322 1
1323 1
1324 1
1325 1
1326 1
1327 1
1328 1
1329 1
1330 1
1331 1
1332 1
1333 1
1334 1
1335 1
1336 1
1337 1
1338 1
1339 1
1340 1
1341 1
1342 1
1343 1
1344 1
1345 1
1346 1
1347 1
1348 1
1349 1
1350 1
1351 1
1352 1
1353 1
1354 1
1355 1
1356 1
1357 1
1358 1
1359 1
1360 1
1361 1
1362 1
1363 1
1364 1
1365 1
1366 1
1367 1
1368 1
1369 1
1370 1
1371 1
1372 1
1373 1
1374 1
1375 1
1376 1
1377 1
1378 1
1379 1
1380 1
1381 1
1382 1
1383 1
1384 1
1385 1
1386 1
1387 1
1388 1
1389 1
1390 1
1391 1
1392 1
1393 1
1394 1
1395 1
1396 1
1397 1
1398 1
1399 1
1400 1
1401 1
1402 1
1403 1
1404 1
1405 1
1406 1
1407 1
1408 1
1409 1
1410 1
1411 1
1412 1
1413 1
1414 1
1415 1
1416 1
1417 1
1418 1
1419 1
1420 1
1421 1
1422 1
1423 1
1424 1
1425 1
1426 1
1427 1
1428 1
1429 1
1430 1
1431 1
1432 1
1433 1
1434 1
1435 1
1436 1
1437 1
1438 1
1439 1
1440 1
1441 1
1442 1
1443 1
1444 1
1445 1
1446 1
1447 1
1448 1
1449 1
1450 1
1451 1
1452 1
1453 1
1454 1
1455 1
1456 1
1457 1
1458 1
1459 1
1460 1
1461 1
1462 1
1463 1
1464 1
1465 1
1466 1
1467 1
1468 1
1469 1
1470 1
1471 1
1472 1
1473 1
1474 1
1475 1
1476 1
1477 1
1478 1
1479 1
1480 1
1481 1
1482 1
1483 1
1484 1
1485 1
1486 1
1487 1
1488 1
1489 1
1490 1
1491 1
1492 1
1493 1
1494 1
1495 1
1496 1
1497 1
1498 1
1499 1
1500 1
1501 1
1502 1
1503 1
1504 1
1505 1
1506 1
1507 1
1508 1
1509 1
1510 1
1511 1
1512 1
1513 1
1514 1
1515 1
1516 1
1517 1
1518 1
1519 1
1520 1
1521 1
1522 1
1523 1
1524 1
1525 1
1526 1
1527 1
1528 1
1529 1
1530 1
1531 1
1532 1
1533 1
1534 1
1535 1
1536 1
1537 1
1538 1
1539 1
1540 1
1541 1
1542 1
1543 1
1544 1
1545 1
1546 1
1547 1
1548 1
1549 1
1550 1
1551 1
1552 1
1553 1
1554 1
1555 1
1556 1
1557 1
1558 1
1559 1
1560 1
1561 1
1562 1
1563 1
1564 1
1565 1
1566 1
1567 1
1568 1
1569 1
1570 1
1571 1
1572 1
1573 1
1574 1
1575 1
1576 1
1577 1
1578 1
1579 1
1580 1
1581 1
1582 1
1583 1
1584 1
1585 1
1586 1
1587 1
1588 1
1589 1
1590 1
1591 1
1592 1
1593 1
1594 1
1595 1
1596 1
1597 1
1598 1
1599 1
1600 1
1601 1
1602 1
1603 1
1604 1
1605 1
1606 1
1607 1
1608 1
1609 1
1610 1
1611 1
1612 1
1613 1
1614 1
1615 1
1616 1
1617 1
1618 1
1619 1
1620 1
1621 1
1622 1
1623 1
1624 1
1625 1
1626 1
1627 1
1628 1
1629 1
1630 1
1631 1
1632 1
1633 1
1634 1
1635 1
1636 1
1637 1
1638 1
1639 1
1640 1
1641 1
1642 1
1643 1
1644 1
1645 1
1646 1
1647 1
1648 1
1649 1
1650 1
1651 1
1652 1
1653 1
1654 1
1655 1
1656 1
1657 1
1658 1
1659 1
1660 1
1661 1
1662 1
1663 1
1664 1
1665 1
1666 1
1667 1
1668 1
1669 1
1670 1
1671 1
1672 1
1673 1
1674 1
1675 1
1676 1
1677 1
1678 1
1679 1
1680 1
1681 1
1682 1
1683 1
1684 1
1685 1
1686 1
1687 1
1688 1
1689 1
1690 1
1691 1
1692 1
1693 1
1694 1
1695 1
1696 1
1697 1
1698 1
1699 1
1700 1
1701 1
1702 1
1703 1
1704 1
1705 1
1706 1
1707 1
1708 1
1709 1
1710 1
1711 1
1712 1
1713 1
1714 1
1715 1
1716 1
1717 1
1718 1
1719 1
1720 1
1721 1
1722 1
1723 1
1724 1
1725 1
1726 1
1727 1
1728 1
1729 1
1730 1
1731 1
1732 1
1733 1
1734 1
1735 1
1736 1
1737 1
1738 1
1739 1
1740 1
1741 1
1742 1
1743 1
1744 1
1745 1
1746 1
1747 1
1748 1
1749 1
1750 1
1751 1
1752 1
1753 1
1754 1
1755 1
1756 1
1757 1
1758 1
1759 1
1760 1
1761 1
1762 1
1763 1
1764 1
1765 1
1766 1
1767 1
1768 1
1769 1
1770 1
1771 1
1772 1
1773 1
1774 1
1775 1
1776 1
1777 1
1778 1
1779 1
1780 1
1781 1
1782 1
1783 1
1784 1
1785 1
1786 1
1787 1
1788 1
1789 1
1790 1
1791 1
1792 1
1793 1
1794 1
1795 1
1796 1
1797 1
1798 1
1799 1
1800 1
1801 1
1802 1
1803 1
1804 1
1805 1
1806 1
1807 1
1808 1
1809 1
1810 1
1811 1
1812 1
1813 1
1814 1
1815 1
1816 1
1817 1
1818 1
1819 1
1820 1
1821 1
1822 1
1823 1
1824 1
1825 1
1826 1
1827 1
1828 1
1829 1
1830 1
1831 1
1832 1
1833 1
1834 1
1835 1
1836 1
1837 1
1838 1
1839 1
1840 1
1841 1
1842 1
1843 1
1844 1
1845 1
1846 1
1847 1
1848 1
1849 1
1850 1
1851 1
1852 1
1853 1
1854 1
1855 1
1856 1
1857 1
1858 1
1859 1
1860 1
1861 1
1862 1
1863 1
1864 1
1865 1
1866 1
1867 1
1868 1
1869 1
1870 1
1871 1
1872 1
1873 1
1874 1
1875 1
1876 1
1877 1
1878 1
1879 1
1880 1
1881 1
1882 1
1883 1
1884 1
1885 1
1886 1
1887 1
1888 1
1889 1
1890 1
1891 1
1892 1
1893 1
1894 1
1895 1
1896 1
1897 1
1898 1
1899 1
1900 1
1901 1
1902 1
1903 1
1904 1
1905 1
1906 1
1907 1
1908 1
1909 1
1910 1
1911 1
1912 1
1913 1
1914 1
1915 1
1916 1
1917 1
1918 1
1919 1
1920 1
1921 1
1922 1
1923 1
1924 1
1925 1
1926 1
1927 1
1928 1
1929 1
1930 1
1931 1
1932 1
1933 1
1934 1
1935 1
1936 1
1937 1
1938 1
1939 1
1940 1
1941 1
1942 1
1943 1
1944 1
1945 1
1946 1
1947 1
1948 1
1949 1
1950 1
1951 1
1952 1
1953 1
1954 2
1955 2
1956 2
1957 2
1958 2
1959 2
1960 2
1961 2
1962 2
1963 2
1964 2
1965 2
1966 2
1967 2
1968 2
1969 2
1970 2
1971 2
1972 2
1973 2
1974 2
1975 2
1976 2
1977 2
1978 2
1979 2
1980 2
1981 2
1982 2
1983 2
1984 2
1985 2
1986 2
1987 2
1988 2
1989 2
1990 2
1991 2
1992 2
1993 2
1994 2
1995 2
1996 2
1997 2
1998 2
1999 2
2000 2
2001 2
2002 2
2003 2
2004 2
2005 2
2006 2
2007 2
2008 2
2009 2
2010 2
2011 2
2012 2
2013 2
2014 2
2015 2
2016 2
2017 2
2018 2
2019 2
2020 2
2021 2
2022 2
2023 2
2024 2
2025 2
2026 2
2027 2
2028 2
2029 2
2030 2
2031 2
2032 2
2033 2
2034 2
2035 2
2036 2
2037 2
2038 2
2039 2
2040 2
2041 2
2042 2
2043 2
2044 2
2045 2
2046 2
2047 2
2048 2
2049 2
2050 2
2051 2
2052 2
2053 2
2054 2
2055 2
2056 2
2057 2
2058 2
2059 2
2060 2
2061 2
2062 2
2063 2
2064 2
2065 2
2066 2
2067 2
2068 2
2069 2
2070 2
2071 2
2072 2
2073 2
2074 2
2075 2
2076 2
2077 2
2078 2
2079 2
2080 2
2081 2
2082 2
2083 2
2084 2
2085 2
2086 2
2087 2
2088 2
2089 2
2090 2
2091 2
2092 2
2093 2
2094 2
2095 2
2096 2
2097 2
2098 2
2099 2
2100 2
2101 2
2102 2
2103 2
2104 2
2105 2
2106 2
2107 2
2108 2
2109 2
2110 2
2111 2
2112 2
2113 2
2114 2
2115 2
2116 2
2117 2
2118 2
2119 2
2120 2
2121 2
2122 2
2123 2
2124 2
2125 2
2126 2
2127 2
2128 2
2129 2
2130 2
2131 2
2132 3
2133 3
2134 3
2135 3
2136 3
2137 3
2138 3
2139 3
2140 3
2141 3
2142 3
2143 3
2144 3
2145 3
2146 3
2147 3
2148 3
2149 3
2150 3
2151 3
2152 3
2153 3
2154 3
2155 3
2156 3
2157 3
2158 3
2159 3
2160 3
2161 3
2162 3
2163 3
2164 3
2165 3
2166 3
2167 3
2168 3
2169 3
2170 3
2171 3
2172 3
2173 3
2174 3
2175 3
2176 3
2177 3
2178 3
2179 3
2180 3
2181 3
2182 3
2183 3
2184 3
2185 3
2186 3
2187 3
2188 3
2189 3
2190 3
2191 3
2192 3
2193 3
2194 3
2195 3
2196 3
2197 3
2198 3
2199 3
2200 3
2201 3
2202 3
2203 3
2204 3
2205 3
2206 3
2207 3
2208 3
2209 3
2210 3
2211 3
2212 3
2213 3
2214 3
2215 3
2216 3
2217 3
2218 3
2219 4
2220 4
2221 4
2222 4
2223 4
2224 4
2225 4
2226 4
2227 4
2228 4
2229 4
2230 4
2231 4
2232 4
2233 4
2234 4
2235 4
2236 4
2237 4
2238 4
2239 4
2240 4
2241 4
2242 4
2243 4
2244 4
2245 4
2246 4
2247 4
2248 4
2249 4
2250 4
2251 4
2252 4
2253 4
2254 4
2255 4
2256 4
2257 4
2258 4
2259 4
2260 4
2261 4
2262 4
2263 4
2264 4
2265 4
2266 4
2267 4
2268 4
2269 4
2270 4
2271 4
2272 4
2273 4
2274 4
2275 4
2276 4
2277 4
2278 4
2279 4
2280 4
2281 4
2282 4
2283 4
2284 4
2285 4
2286 4
2287 4
2288 4
2289 4
2290 4
2291 4
2292 4
2293 4
2294 4
2295 4
2296 4
2297 4
2298 4
2299 4
2300 4
2301 4
2302 4
2303 4
2304 4
2305 4
2306 4
2307 4
2308 4
2309 4
2310 4
2311 4
2312 4
2313 4
2314 4
2315 4
2316 4
2317 4
2318 4
2319 4
2320 4
2321 4
2322 4
2323 4
2324 4
2325 4
2326 4
2327 4
2328 4
2329 4
2330 4
2331 4
2332 4
2333 4
2334 4
2335 4
2336 4
2337 4
2338 4
2339 4
2340 4
2341 4
2342 4
2343 4
2344 4
2345 4
2346 4
2347 4
2348 4
2349 4
2350 4
2351 4
2352 4
2353 4
2354 4
2355 4
2356 4
2357 4
2358 4
2359 4
2360 4
2361 4
2362 4
2363 4
2364 4
2365 4
2366 4
2367 4
2368 4
2369 4
2370 4
2371 4
2372 4
2373 4
2374 4
2375 4
2376 4
2377 4
2378 4
2379 4
2380 4
2381 4
2382 4
2383 4
2384 4
2385 4
2386 4
2387 4
2388 4
2389 4
2390 4
2391 4
2392 4
2393 4
2394 4
2395 4
2396 4
2397 4
2398 4
2399 4
2400 4
2401 4
2402 4
2403 4
2404 4
2405 4
2406 4
2407 4
2408 4
2409 4
2410 4
2411 4
2412 4
2413 4
2414 4
2415 4
2416 4
2417 4
2418 4
2419 4
2420 4
2421 4
2422 4
2423 4
2424 4
2425 4
2426 4
2427 4
2428 4
2429 4
2430 4
2431 4
2432 4
2433 4
2434 4
2435 4
2436 4
2437 4
2438 4
2439 4
2440 4
2441 4
2442 4
2443 4
2444 4
2445 4
2446 4
2447 4
2448 4
2449 4
2450 4
2451 4
2452 4
2453 4
2454 4
2455 4
2456 4
2457 4
2458 4
2459 4
2460 4
2461 4
2462 4
2463 4
2464 4
2465 4
2466 4
2467 4
2468 4
2469 4
2470 4
2471 4
2472 4
2473 4
2474 4
2475 4
2476 4
2477 4
2478 4
2479 4
2480 4
2481 4
2482 4
2483 4
2484 4
2485 4
2486 4
2487 4
2488 4
2489 4
2490 4
2491 4
2492 4
2493 4
2494 4
2495 4
2496 4
2497 4
2498 4
2499 4
2500 4
2501 4
2502 4
2503 4
2504 4
2505 4
2506 4
2507 4
2508 4
2509 4
2510 4
2511 4
2512 4
2513 4
2514 4
2515 4
2516 4
2517 4
2518 4
2519 4
2520 4
2521 4
2522 4
2523 4
2524 4
2525 4
2526 4
2527 4
2528 4
2529 4
2530 4
2531 4
2532 4
2533 4
2534 4
2535 4
2536 4
2537 4
2538 4
2539 4
2540 4
2541 4
2542 4
2543 4
2544 4
2545 4
2546 4
2547 4
2548 4
2549 4
2550 4
2551 4
2552 4
2553 4
2554 4
2555 4
2556 4
2557 4
2558 4
2559 4
2560 4
2561 4
2562 4
2563 4
2564 4
2565 4
2566 4
2567 4
2568 4
2569 4
2570 4
2571 4
2572 4
2573 4
2574 4
2575 4
2576 4
2577 4
2578 4
2579 4
2580 4
2581 4
2582 4
2583 4
2584 4
2585 4
2586 4
2587 4
2588 4
2589 4
2590 4
2591 4
2592 4
2593 4
2594 4
2595 4
2596 4
2597 4
2598 4
2599 4
2600 4
2601 4
2602 4
2603 4
2604 4
2605 4
2606 4
2607 4
2608 4
2609 4
2610 4
2611 4
2612 4
2613 4
2614 4
2615 4
2616 4
2617 4
2618 4
2619 4
2620 4
2621 4
2622 4
2623 4
2624 4
2625 4
2626 4
2627 4
2628 4
2629 4
2630 4
2631 4
2632 4
2633 4
2634 4
2635 4
2636 4
2637 4
2638 4
2639 4
2640 4
2641 4
2642 4
2643 4
2644 4
2645 4
2646 4
2647 4
2648 4
2649 4
2650 4
2651 4
2652 4
2653 4
2654 4
2655 4
2656 4
2657 4
2658 4
2659 4
2660 4
2661 4
2662 4
2663 4
2664 4
2665 4
2666 4
2667 4
2668 4
2669 4
2670 4
2671 4
2672 4
2673 4
2674 4
2675 4
2676 4
2677 4
2678 4
2679 4
2680 4
2681 4
2682 4
2683 4
2684 4
2685 4
2686 4
2687 4
2688 4
2689 4
2690 4
2691 4
2692 4
2693 4
2694 4
2695 4
2696 4
2697 4
2698 4
2699 4
2700 4
2701 4
2702 4
2703 4
2704 4
2705 4
2706 4
2707 4
2708 4
2709 4
2710 4
2711 4
2712 4
2713 4
2714 4
2715 4
2716 4
2717 4
2718 4
2719 4
2720 4
2721 4
2722 4
2723 4
2724 4
2725 4
2726 4
2727 4
2728 4
2729 4
2730 4
2731 4
2732 4
2733 4
2734 4
2735 4
2736 4
2737 4
2738 4
2739 4
2740 4
2741 4
2742 4
2743 4
2744 4
2745 4
2746 4
2747 4
2748 4
2749 4
2750 4
2751 4
2752 4
2753 4
2754 4
2755 4
2756 4
2757 4
2758 4
2759 4
2760 4
2761 4
2762 4
2763 4
2764 4
2765 4
2766 4
2767 4
2768 4
2769 4
2770 4
2771 4
2772 4
2773 4
2774 4
2775 4
2776 4
2777 4
2778 4
2779 4
2780 4
2781 4
2782 4
2783 4
2784 4
2785 4
2786 4
2787 4
2788 4
2789 4
2790 4
2791 4
2792 4
2793 4
2794 4
2795 4
2796 4
2797 4
2798 4
2799 4
2800 4
2801 4
2802 4
2803 4
2804 4
2805 4
2806 4
2807 4
2808 4
2809 4
2810 4
2811 4
2812 4
2813 4
2814 4
2815 4
2816 4
2817 4
2818 4
2819 4
2820 4
2821 4
2822 4
2823 4
2824 4
2825 4
2826 4
2827 4
2828 4
2829 4
2830 4
2831 4
2832 4
2833 4
2834 4
2835 4
2836 4
2837 4
2838 4
2839 4
2840 4
2841 4
2842 4
2843 4
2844 4
2845 4
2846 4
2847 4
2848 4
2849 4
2850 4
2851 4
2852 4
2853 4
2854 4
2855 4
2856 4
2857 4
2858 4
2859 4
2860 4
2861 4
2862 4
2863 4
2864 4
2865 4
2866 4
2867 4
2868 4
2869 4
2870 4
2871 4
2872 4
2873 4
2874 4
2875 4
2876 4
2877 4
2878 4
2879 4
2880 4
2881 4
2882 4
2883 4
2884 4
2885 4
2886 4
2887 4
2888 4
2889 4
2890 4
2891 4
2892 4
2893 4
2894 4
2895 4
2896 4
2897 4
2898 4
2899 4
2900 4
2901 4
2902 4
2903 4
2904 4
2905 4
2906 4
2907 4
2908 4
2909 4
2910 4
2911 4
2912 4
2913 4
2914 4
2915 4
2916 4
2917 4
2918 4
2919 4
2920 4
2921 4
2922 4
2923 4
2924 4
2925 4
2926 4
2927 4
2928 4
2929 4
2930 4
2931 4
2932 4
2933 4
2934 4
2935 4
2936 4
2937 4
2938 4
2939 4
2940 4
2941 4
2942 4
2943 4
2944 4
2945 4
2946 4
2947 4
2948 4
2949 4
2950 4
2951 4
2952 4
2953 4
2954 4
2955 4
2956 4
2957 4
2958 4
2959 4
2960 4
2961 4
2962 4
2963 4
2964 4
2965 4
2966 4
2967 4
2968 4
2969 4
2970 4
2971 4
2972 4
2973 4
2974 4
2975 4
2976 4
2977 4
2978 4
2979 4
2980 4
2981 4
2982 4
2983 4
2984 4
2985 4
2986 4
2987 4
2988 4
2989 4
2990 4
2991 4
2992 4
2993 4
2994 4
2995 4
2996 4
2997 4
2998 4
2999 4
3000 4
3001 4
3002 4
3003 4
3004 4
3005 4
3006 4
3007 4
3008 4
3009 4
3010 4
3011 4
3012 4
3013 4
3014 4
3015 4
3016 4
3017 4
3018 4
3019 4
3020 4
3021 4
3022 4
3023 4
3024 4
3025 4
3026 4
3027 4
3028 4
3029 4
3030 4
3031 4
3032 4
3033 4
3034 4
3035 4
3036 4
3037 4
3038 4
3039 4
3040 4
3041 4
3042 4
3043 4
3044 4
3045 4
3046 4
3047 4
3048 4
3049 4
3050 4
3051 4
3052 4
3053 4
3054 4
3055 4
3056 4
3057 4
3058 4
3059 4
3060 4
3061 4
3062 4
3063 4
3064 4
3065 4
3066 4
3067 4
3068 4
3069 4
3070 4
3071 4
3072 4
3073 4
3074 4
3075 4
3076 4
3077 4
3078 4
3079 4
3080 4
3081 4
3082 4
3083 4
3084 4
3085 4
3086 4
3087 4
3088 4
3089 4
3090 4
3091 4
3092 4
3093 4
3094 4
3095 4
3096 4
3097 4
3098 4
3099 4
3100 4
3101 4
3102 4
3103 4
3104 4
3105 4
3106 4
3107 4
3108 4
3109 4
3110 4
3111 4
3112 4
3113 4
3114 4
3115 4
3116 4
3117 4
3118 4
3119 4
3120 4
3121 4
3122 4
3123 4
3124 4
3125 4
3126 4
3127 4
3128 4
3129 4
3130 4
3131 4
3132 4
3133 4
3134 4
3135 4
3136 4
3137 4
3138 4
3139 4
3140 4
3141 4
3142 4
3143 4
3144 4
3145 4
3146 4
3147 4
3148 4
3149 4
3150 4
3151 4
3152 4
3153 4
3154 4
3155 4
3156 4
3157 4
3158 4
3159 4
3160 4
3161 4
3162 4
3163 4
3164 4
3165 4
3166 4
3167 4
3168 4
3169 4
3170 4
3171 4
3172 4
3173 4
3174 4
3175 4
3176 4
3177 4
3178 4
3179 4
3180 4
3181 4
3182 4
3183 4
3184 4
3185 4
3186 4
3187 4
3188 4
3189 4
3190 4
3191 4
3192 4
3193 4
3194 4
3195 4
3196 4
3197 4
3198 4
3199 4
3200 4
3201 4
3202 4
3203 4
3204 4
3205 4
3206 4
3207 4
3208 4
3209 4
3210 4
3211 4
3212 4
3213 4
3214 4
3215 4
3216 4
3217 4
3218 4
3219 4
3220 4
3221 4
3222 4
3223 4
3224 4
3225 4
3226 4
3227 4
3228 4
3229 4
3230 4
3231 4
3232 4
3233 4
3234 4
3235 4
3236 4
3237 4
3238 4
3239 4
3240 4
3241 4
3242 4
3243 4
3244 4
3245 4
3246 4
3247 4
3248 4
3249 4
3250 4
3251 4
3252 4
3253 4
3254 4
3255 4
3256 4
3257 4
3258 4
3259 4
3260 4
3261 4
3262 4
3263 4
3264 4
3265 4
3266 4
3267 4
3268 4
3269 4
3270 4
3271 4
3272 4
3273 4
3274 4
3275 4
3276 4
3277 4
3278 4
3279 4
3280 4
3281 4
3282 4
3283 4
3284 4
3285 4
3286 4
3287 4
3288 4
3289 4
3290 4
3291 4
3292 4
3293 4
3294 4
3295 4
3296 4
3297 4
3298 4
3299 4
3300 4
3301 4
3302 4
3303 4
3304 4
3305 4
3306 4
3307 4
3308 4
3309 4
3310 4
3311 4
3312 4
3313 4
3314 4
3315 4
3316 4
3317 4
3318 4
3319 4
3320 4
3321 4
3322 4
3323 4
3324 4
3325 4
3326 4
3327 4
3328 4
3329 4
3330 4
3331 4
3332 4
3333 4
3334 4
3335 4
3336 4
3337 4
3338 4
3339 4
3340 4
3341 4
3342 4
3343 4
3344 4
3345 4
3346 4
3347 4
3348 4
3349 4
3350 4
3351 4
3352 4
3353 4
3354 4
3355 4
3356 4
3357 4
3358 4
3359 4
3360 4
3361 4
3362 4
3363 4
3364 4
3365 4
3366 4
3367 4
3368 4
3369 4
3370 4
3371 4
3372 4
3373 4
3374 4
3375 4
3376 4
3377 4
3378 4
3379 4
3380 4
3381 4
3382 4
3383 4
3384 4
3385 4
3386 4
3387 4
3388 4
3389 4
3390 4
3391 4
3392 4
3393 4
3394 4
3395 4
3396 4
3397 4
3398 4
3399 4
3400 4
3401 4
3402 4
3403 4
3404 4
3405 4
3406 4
3407 4
3408 4
3409 4
3410 4
3411 4
3412 4
3413 4
3414 4
3415 4
3416 4
3417 4
3418 4
3419 4
3420 4
3421 4
3422 4
3423 4
3424 4
3425 4
3426 4
3427 4
3428 4
3429 4
3430 4
3431 4
3432 4
3433 4
3434 4
3435 4
3436 4
3437 4
3438 4
3439 4
3440 4
3441 4
3442 4
3443 4
3444 4
3445 4
3446 4
3447 4
3448 4
3449 4
3450 4
3451 4
3452 4
3453 4
3454 4
3455 4
3456 4
3457 4
3458 4
3459 4
3460 4
3461 4
3462 4
3463 4
3464 5
3465 5
3466 5
3467 5
3468 5
3469 5
3470 5
3471 5
3472 5
3473 5
3474 5
3475 5
3476 5
3477 5
3478 5
3479 5
3480 5
3481 5
3482 5
3483 5
3484 5
3485 5
3486 5
3487 5
3488 5
3489 5
3490 5
3491 5
3492 5
3493 5
3494 5
3495 5
3496 5
3497 5
3498 5
3499 5
3500 5
3501 5
3502 5
3503 5
3504 5
3505 5
3506 5
3507 5
3508 5
3509 5
3510 5
3511 5
3512 5
3513 5
3514 5
3515 5
3516 5
3517 5
3518 5
3519 5
3520 5
3521 5
3522 5
3523 5
3524 5
3525 5
3526 5
3527 5
3528 5
3529 5
3530 5
3531 5
3532 5
3533 5
3534 5
3535 5
3536 5
3537 5
3538 5
3539 5
3540 5
3541 5
3542 5
3543 5
3544 5
3545 5
3546 5
3547 5
3548 5
3549 5
3550 5
3551 5
3552 5
3553 5
3554 5
3555 5
3556 5
3557 5
3558 5
3559 5
3560 5
3561 5
3562 5
3563 5
3564 5
3565 5
3566 5
3567 5
3568 5
3569 5
3570 5
3571 5
3572 5
3573 5
3574 5
3575 5
3576 5
3577 5
3578 5
3579 5
3580 5
3581 5
3582 5
3583 5
3584 5
3585 5
3586 5
3587 5
3588 5
3589 5
3590 5
3591 5
3592 5
3593 5
3594 5
3595 5
3596 5
3597 5
3598 5
3599 5
3600 5
3601 5
3602 5
3603 5
3604 5
3605 5
3606 5
3607 5
3608 5
3609 5
3610 5
3611 5
3612 5
3613 5
3614 5
3615 5
3616 5
3617 5
3618 5
3619 5
3620 5
3621 5
3622 5
3623 5
3624 5
3625 5
3626 5
3627 5
3628 5
3629 5
3630 5
3631 5
3632 5
3633 5
3634 5
3635 5
3636 5
3637 5
3638 5
3639 5
3640 5
3641 5
3642 5
3643 5
3644 5
3645 5
3646 5
3647 5
3648 5
3649 5
3650 5
3651 5
3652 5
3653 5
3654 5
3655 5
3656 5
3657 5
3658 5
3659 5
3660 5
3661 5
3662 5
3663 5
3664 5
3665 5
3666 5
3667 5
3668 5
3669 5
3670 5
3671 5
3672 5
3673 5
3674 5
3675 5
3676 5
3677 5
3678 5
3679 5
3680 5
3681 5
3682 5
3683 5
3684 5
3685 5
3686 5
3687 5
3688 5
3689 5
3690 5
3691 5
3692 5
3693 5
3694 5
3695 5
3696 5
3697 5
3698 5
3699 5
3700 5
3701 5
3702 5
3703 5
3704 5
3705 5
3706 5
3707 5
3708 5
3709 5
3710 5
3711 5
3712 5
3713 5
3714 5
3715 5
3716 5
3717 5
3718 5
3719 5
3720 5
3721 5
3722 5
3723 5
3724 5
3725 5
3726 5
3727 5
3728 5
3729 5
3730 5
3731 5
3732 5
3733 5
3734 5
3735 5
3736 5
3737 5
3738 5
3739 5
3740 5
3741 5
3742 5
3743 5
3744 5
3745 5
3746 5
3747 5
3748 5
3749 5
3750 5
3751 5
3752 5
3753 5
3754 5
3755 5
3756 5
3757 5
3758 5
3759 5
3760 5
3761 5
3762 5
3763 5
3764 5
3765 5
3766 5
3767 5
3768 5
3769 5
3770 5
3771 5
3772 5
3773 5
3774 5
3775 5
3776 5
3777 5
3778 5
3779 5
3780 5
3781 5
3782 5
3783 5
3784 5
3785 5
3786 5
3787 5
3788 5
3789 5
3790 5
3791 5
3792 5
3793 5
3794 5
3795 5
3796 5
3797 5
3798 5
3799 5
3800 5
3801 5
3802 5
3803 5
3804 5
3805 5
3806 5
3807 5
3808 5
3809 5
3810 5
3811 5
3812 5
3813 5
3814 5
3815 5
3816 5
3817 5
3818 5
3819 5
3820 5
3821 5
3822 5
3823 5
3824 5
3825 5
3826 5
3827 5
3828 5
3829 5
3830 5
3831 5
3832 5
3833 5
3834 5
3835 5
3836 5
3837 5
3838 5
3839 5
3840 5
3841 5
3842 5
3843 5
3844 5
3845 5
3846 5
3847 5
3848 5
3849 5
3850 5
3851 5
3852 5
3853 5
3854 5
3855 5
3856 5
3857 5
3858 5
3859 5
3860 5
3861 5
3862 5
3863 5
3864 5
3865 5
3866 5
3867 5
3868 5
3869 5
3870 5
3871 5
3872 5
3873 5
3874 5
3875 5
3876 5
3877 5
3878 5
3879 5
3880 5
3881 5
3882 5
3883 5
3884 5
3885 5
3886 5
3887 5
3888 5
3889 5
3890 5
3891 5
3892 5
3893 5
3894 5
3895 5
3896 5
3897 5
3898 5
3899 5
3900 5
3901 5
3902 5
3903 5
3904 5
3905 5
3906 5
3907 5
3908 5
3909 5
3910 5
3911 5
3912 5
3913 5
3914 5
3915 5
3916 5
3917 5
3918 5
3919 5
3920 5
3921 5
3922 5
3923 5
3924 5
3925 5
3926 5
3927 5
3928 5
3929 5
3930 5
3931 5
3932 5
3933 5
3934 5
3935 5
3936 5
3937 5
3938 5
3939 5
3940 5
3941 5
3942 5
3943 5
3944 5
3945 5
3946 5
3947 5
3948 5
3949 5
3950 5
3951 5
3952 5
3953 5
3954 5
3955 5
3956 5
3957 5
3958 5
3959 5
3960 5
3961 5
3962 5
3963 5
3964 5
3965 5
3966 5
3967 5
3968 5
3969 5
3970 5
3971 5
3972 5
3973 5
3974 5
3975 5
3976 5
3977 5
3978 5
3979 5
3980 5
3981 5
3982 5
3983 5
3984 5
3985 5
3986 5
3987 5
3988 5
3989 5
3990 5
3991 5
3992 5
3993 5
3994 5
3995 5
3996 5
3997 5
3998 5
3999 5
4000 5
4001 5
4002 5
4003 5
4004 5
4005 5
4006 5
4007 5
4008 5
4009 5
4010 5
4011 5
4012 5
4013 5
4014 5
4015 5
4016 5
4017 5
4018 5
4019 5
4020 5
4021 5
4022 5
4023 5
4024 5
4025 5
4026 5
4027 5
4028 5
4029 5
4030 5
4031 5
4032 5
4033 5
4034 5
4035 5
4036 5
4037 5
4038 5
4039 5
4040 5
4041 5
4042 5
4043 5
4044 5
4045 5
4046 5
4047 5
4048 5
4049 5
4050 5
4051 5
4052 5
4053 5
4054 5
4055 5
4056 5
4057 5
4058 5
4059 5
4060 5
4061 5
4062 5
4063 5
4064 5
4065 5
4066 5
4067 5
4068 5
4069 5
4070 5
4071 5
4072 5
4073 5
4074 5
4075 5
4076 5
4077 5
4078 5
4079 5
4080 5
4081 5
4082 5
4083 5
4084 5
4085 5
4086 5
4087 5
4088 5
4089 5
4090 5
4091 5
4092 5
4093 5
4094 5
4095 5
4096 5
4097 5
4098 5
4099 5
4100 5
4101 5
4102 5
4103 5
4104 5
4105 5
4106 5
4107 5
4108 5
4109 5
4110 5
4111 5
4112 5
4113 5
4114 5
4115 5
4116 5
4117 5
4118 5
4119 5
4120 5
4121 5
4122 5
4123 5
4124 5
4125 5
4126 5
4127 5
4128 5
4129 5
4130 5
4131 5
4132 5
4133 5
4134 5
4135 5
4136 5
4137 5
4138 5
4139 5
4140 5
4141 5
4142 5
4143 5
4144 5
4145 5
4146 5
4147 5
4148 5
4149 5
4150 5
4151 5
4152 5
4153 5
4154 5
4155 5
4156 5
4157 5
4158 5
4159 5
4160 5
4161 5
4162 5
4163 5
4164 5
4165 5
4166 5
4167 5
4168 5
4169 5
4170 5
4171 5
4172 5
4173 5
4174 5
4175 5
4176 5
4177 5
4178 5
4179 5
4180 5
4181 5
4182 5
4183 5
4184 5
4185 5
4186 5
4187 5
4188 5
4189 5
4190 5
4191 5
4192 5
4193 5
4194 5
4195 5
4196 5
4197 5
4198 5
4199 5
4200 5
4201 5
4202 5
4203 5
4204 5
4205 5
4206 5
4207 5
4208 5
4209 5
4210 5
4211 5
4212 5
4213 5
4214 5
4215 5
4216 5
4217 5
4218 5
4219 5
4220 5
4221 5
4222 5
4223 5
4224 5
4225 5
4226 5
4227 5
4228 5
4229 5
4230 6
4231 6
4232 6
4233 6
4234 6
4235 6
4236 6
4237 6
4238 6
4239 6
4240 6
4241 6
4242 6
4243 6
4244 6
4245 6
4246 6
4247 6
4248 6
4249 6
4250 6
4251 6
4252 6
4253 6
4254 6
4255 6
4256 6
4257 6
4258 6
4259 6
4260 6
4261 6
4262 6
4263 6
4264 6
4265 6
4266 6
4267 6
4268 6
4269 6
4270 6
4271 6
4272 6
4273 6
4274 6
4275 6
4276 6
4277 6
4278 6
4279 6
4280 6
4281 6
4282 6
4283 6
4284 6
4285 6
4286 6
4287 6
4288 6
4289 6
4290 6
4291 6
4292 6
4293 6
4294 6
4295 6
4296 6
4297 6
4298 6
4299 6
4300 6
4301 6
4302 6
4303 6
4304 6
4305 6
4306 6
4307 6
4308 6
4309 6
4310 6
4311 6
4312 6
4313 6
4314 6
4315 6
4316 6
4317 6
4318 6
4319 6
4320 6
4321 6
4322 6
4323 6
4324 6
4325 6
4326 6
4327 6
4328 6
4329 6
4330 6
4331 6
4332 6
4333 6
4334 6
4335 6
4336 6
4337 6
4338 6
4339 6
4340 6
4341 6
4342 6
4343 6
4344 6
4345 6
4346 6
4347 6
4348 6
4349 6
4350 6
4351 6
4352 6
4353 6
4354 6
4355 6
4356 6
4357 6
4358 6
4359 6
4360 6
4361 6
4362 6
4363 6
4364 6
4365 6
4366 6
4367 6
4368 6
4369 6
4370 6
4371 6
4372 6
4373 6
4374 6
4375 6
4376 6
4377 6
4378 6
4379 6
4380 6
4381 6
4382 6
4383 6
4384 6
4385 6
4386 6
4387 6
4388 6
4389 6
4390 6
4391 6
4392 6
4393 6
4394 6
4395 6
4396 6
4397 6
4398 6
4399 6
4400 6
4401 6
4402 6
4403 6
4404 6
4405 6
4406 6
4407 6
4408 6
4409 6
4410 6
4411 6
4412 6
4413 6
4414 6
4415 6
4416 6
4417 6
4418 6
4419 6
4420 6
4421 6
4422 6
4423 6
4424 6
4425 6
4426 6
4427 6
4428 6
4429 6
4430 6
4431 6
4432 6
4433 6
4434 6
4435 6
4436 6
4437 6
4438 6
4439 6
4440 6
4441 6
4442 6
4443 6
4444 6
4445 6
4446 6
4447 6
4448 6
4449 6
4450 6
4451 6
4452 6
4453 6
4454 6
4455 6
4456 6
4457 6
4458 6
4459 6
4460 6
4461 6
4462 6
4463 6
4464 6
4465 6
4466 6
4467 6
4468 6
4469 6
4470 6
4471 6
4472 6
4473 6
4474 6
4475 7
4476 7
4477 7
4478 7
4479 7
4480 7
4481 7
4482 7
4483 7
4484 7
4485 7
4486 7
4487 7
4488 7
4489 7
4490 7
4491 7
4492 7
4493 7
4494 7
4495 7
4496 7
4497 7
4498 7
4499 7
4500 7
4501 7
4502 7
4503 7
4504 7
4505 7
4506 7
4507 7
4508 7
4509 7
4510 7
4511 7
4512 7
4513 7
4514 7
4515 7
4516 7
4517 7
4518 7
4519 7
4520 7
4521 7
4522 7
4523 7
4524 7
4525 7
4526 7
4527 7
4528 7
4529 7
4530 7
4531 7
4532 7
4533 7
4534 7
4535 7
4536 7
4537 7
4538 7
4539 7
4540 7
4541 7
4542 7
4543 7
4544 7
4545 7
4546 7
4547 7
4548 7
4549 7
4550 7
4551 7
4552 7
4553 7
4554 7
4555 7
4556 7
4557 7
4558 7
4559 7
4560 7
4561 7
4562 7
4563 7
4564 7
4565 7
4566 7
4567 7
4568 7
4569 7
4570 7
4571 7
4572 7
4573 7
4574 7
4575 7
4576 7
4577 7
4578 7
4579 7
4580 7
4581 7
4582 7
4583 7
4584 7
4585 7
4586 7
4587 7
4588 7
4589 7
4590 7
4591 7
4592 7
4593 7
4594 7
4595 7
4596 7
4597 7
4598 7
4599 7
4600 7
4601 7
4602 7
4603 7
4604 7
4605 7
4606 7
4607 7
4608 7
4609 7
4610 7
4611 7
4612 7
4613 7
4614 7
4615 7
4616 7
4617 7
4618 7
4619 7
4620 7
4621 7
4622 7
4623 7
4624 7
4625 7
4626 7
4627 7
4628 7
4629 7
4630 7
4631 7
4632 7
4633 7
4634 7
4635 7
4636 7
4637 7
4638 7
4639 7
4640 7
4641 7
4642 7
4643 7
4644 7
4645 7
4646 7
4647 7
4648 7
4649 7
4650 7
4651 7
4652 7
4653 7
4654 7
4655 7
4656 7
4657 7
4658 7
4659 7
4660 7
4661 7
4662 7
4663 7
4664 7
4665 7
4666 7
4667 7
4668 7
4669 7
4670 7
4671 7
4672 7
4673 7
4674 7
4675 7
4676 7
4677 7
4678 7
4679 7
4680 7
4681 7
4682 7
4683 7
4684 7
4685 7
4686 7
4687 7
4688 7
4689 7
4690 7
4691 7
4692 7
4693 7
4694 7
4695 7
4696 7
4697 7
4698 7
4699 7
4700 7
4701 7
4702 7
4703 7
4704 7
4705 7
4706 7
4707 7
4708 7
4709 7
4710 7
4711 7
4712 7
4713 7
4714 7
4715 7
4716 7
4717 7
4718 7
4719 7
4720 7
4721 7
4722 7
4723 7
4724 7
4725 7
4726 7
4727 7
4728 7
4729 7
4730 7
4731 7
4732 7
4733 7
4734 7
4735 7
4736 7
4737 7
4738 7
4739 7
4740 7
4741 7
4742 7
4743 7
4744 7
4745 7
4746 7
4747 7
4748 7
4749 7
4750 7
4751 7
4752 7
4753 7
4754 7
4755 7
4756 7
4757 7
4758 7
4759 7
4760 7
4761 7
4762 7
4763 7
4764 7
4765 7
4766 7
4767 7
4768 7
4769 7
4770 7
4771 7
4772 7
4773 7
4774 7
4775 7
4776 7
4777 7
4778 7
4779 7
4780 7
4781 7
4782 7
4783 7
4784 7
4785 7
4786 7
4787 7
4788 7
4789 7
4790 7
4791 7
4792 7
4793 7
4794 7
4795 7
4796 7
4797 7
4798 7
4799 7
4800 7
4801 7
4802 7
4803 7
4804 7
4805 7
4806 7
4807 7
4808 7
4809 7
4810 7
4811 7
4812 7
4813 7
4814 7
4815 7
4816 7
4817 7
4818 7
4819 7
4820 7
4821 7
4822 7
4823 7
4824 7
4825 7
4826 7
4827 7
4828 7
4829 7
4830 7
4831 7
4832 7
4833 7
4834 7
4835 7
4836 7
4837 7
4838 7
4839 7
4840 7
4841 7
4842 7
4843 7
4844 7
4845 7
4846 7
4847 7
4848 7
4849 7
4850 7
4851 7
4852 7
4853 7
4854 7
4855 7
4856 7
4857 7
4858 7
4859 7
4860 7
4861 7
4862 7
4863 7
4864 7
4865 7
4866 7
4867 7
4868 7
4869 7
4870 7
4871 7
4872 7
4873 7
4874 7
4875 7
4876 7
4877 7
4878 7
4879 7
4880 7
4881 7
4882 7
4883 7
4884 7
4885 7
4886 7
4887 7
4888 7
4889 7
4890 7
4891 7
4892 7
4893 7
4894 7
4895 7
4896 7
4897 7
4898 7
4899 7
4900 7
4901 7
4902 7
4903 7
4904 7
4905 7
4906 7
4907 7
4908 7
4909 7
4910 7
4911 7
4912 7
4913 7
4914 7
4915 7
4916 7
4917 7
4918 7
4919 7
4920 7
4921 7
4922 7
4923 7
4924 7
4925 7
4926 7
4927 7
4928 7
4929 7
4930 7
4931 7
4932 7
4933 7
4934 7
4935 7
4936 7
4937 7
4938 7
4939 7
4940 7
4941 7
4942 7
4943 7
4944 7
4945 7
4946 7
4947 7
4948 7
4949 7
4950 7
4951 7
4952 7
4953 7
4954 7
4955 7
4956 7
4957 7
4958 7
4959 7
4960 7
4961 7
4962 7
4963 7
4964 7
4965 7
4966 7
4967 7
4968 7
4969 7
4970 7
4971 7
4972 7
4973 7
4974 7
4975 7
4976 7
4977 7
4978 7
4979 7
4980 7
4981 7
4982 7
4983 7
4984 7
4985 7
4986 7
4987 7
4988 7
4989 7
4990 7
4991 7
4992 7
4993 7
4994 7
4995 7
4996 7
4997 7
4998 7
4999 7
5000 7
5001 7
5002 7
5003 7
5004 7
5005 7
5006 7
5007 7
5008 7
5009 7
5010 7
5011 7
5012 7
5013 7
5014 7
5015 7
5016 7
5017 7
5018 7
5019 7
5020 7
5021 7
5022 7
5023 7
5024 7
5025 7
5026 7
5027 7
5028 7
5029 7
5030 7
5031 7
5032 7
5033 7
5034 7
5035 7
5036 7
5037 7
5038 7
5039 7
5040 7
5041 7
5042 7
5043 7
5044 7
5045 7
5046 7
5047 7
5048 7
5049 7
5050 7
5051 7
5052 7
5053 7
5054 7
5055 7
5056 7
5057 7
5058 7
5059 7
5060 7
5061 7
5062 7
5063 7
5064 7
5065 7
5066 7
5067 7
5068 7
5069 7
5070 7
5071 7
5072 7
5073 7
5074 7
5075 7
5076 7
5077 7
5078 7
5079 7
5080 7
5081 7
5082 7
5083 7
5084 7
5085 7
5086 7
5087 7
5088 7
5089 7
5090 7
5091 7
5092 7
5093 7
5094 7
5095 7
5096 7
5097 7
5098 7
5099 7
5100 7
5101 7
5102 7
5103 7
5104 7
5105 7
5106 7
5107 7
5108 7
5109 7
5110 7
5111 7
5112 7
5113 7
5114 7
5115 7
5116 7
5117 7
5118 7
5119 7
5120 7
5121 7
5122 7
5123 7
5124 7
5125 7
5126 7
5127 7
5128 7
5129 7
5130 7
5131 7
5132 7
5133 7
5134 7
5135 7
5136 7
5137 7
5138 7
5139 7
5140 7
5141 7
5142 7
5143 7
5144 7
5145 7
5146 7
5147 7
5148 7
5149 7
5150 7
5151 7
5152 7
5153 7
5154 7
5155 7
5156 7
5157 7
5158 7
5159 7
5160 7
5161 7
5162 7
5163 7
5164 7
5165 7
5166 7
5167 7
5168 7
5169 7
5170 7
5171 7
5172 7
5173 7
5174 7
5175 7
5176 7
5177 7
5178 7
5179 7
5180 7
5181 7
5182 7
5183 7
5184 7
5185 7
5186 7
5187 7
5188 7
5189 7
5190 7
5191 7
5192 7
5193 7
5194 7
5195 7
5196 7
5197 7
5198 7
5199 7
5200 7
5201 7
5202 7
5203 7
5204 7
5205 7
5206 7
5207 7
5208 7
5209 7
5210 7
5211 7
5212 7
5213 7
5214 7
5215 7
5216 7
5217 7
5218 7
5219 7
5220 7
5221 7
5222 7
5223 7
5224 7
5225 7
5226 7
5227 7
5228 7
5229 7
5230 7
5231 7
5232 7
5233 7
5234 7
5235 7
5236 7
5237 7
5238 7
5239 7
5240 7
5241 7
5242 7
5243 7
5244 7
5245 7
5246 7
5247 7
5248 7
5249 7
5250 7
5251 7
5252 7
5253 7
5254 7
5255 7
5256 7
5257 7
5258 7
5259 7
5260 7
5261 7
5262 7
5263 7
5264 7
5265 7
5266 7
5267 7
5268 7
5269 7
5270 7
5271 7
5272 7
5273 7
5274 7
5275 7
5276 7
5277 7
5278 7
5279 7
5280 7
5281 7
5282 7
5283 7
5284 7
5285 7
5286 7
5287 7
5288 7
5289 7
5290 7
5291 7
5292 7
5293 7
5294 7
5295 7
5296 7
5297 7
5298 7
5299 7
5300 7
5301 7
5302 7
5303 7
5304 7
5305 7
5306 7
5307 7
5308 7
5309 7
5310 7
5311 7
5312 7
5313 7
5314 7
5315 7
5316 7
5317 7
5318 7
5319 7
5320 7
5321 7
5322 7
5323 7
5324 7
5325 7
5326 7
5327 7
5328 7
5329 7
5330 7
5331 7
5332 7
5333 7
5334 7
5335 7
5336 7
5337 7
5338 7
5339 7
5340 7
5341 7
5342 7
5343 7
5344 7
5345 7
5346 7
5347 7
5348 7
5349 7
5350 7
5351 7
5352 7
5353 7
5354 7
5355 7
5356 7
5357 7
5358 7
5359 7
5360 7
5361 7
5362 7
5363 7
5364 7
5365 7
5366 7
5367 7
5368 7
5369 7
5370 7
5371 7
5372 8
5373 8
5374 8
5375 8
5376 8
5377 8
5378 8
5379 8
5380 8
5381 8
5382 8
5383 8
5384 8
5385 8
5386 8
5387 8
5388 8
5389 8
5390 8
5391 8
5392 8
5393 8
5394 8
5395 8
5396 8
5397 8
5398 8
5399 8
5400 8
5401 8
5402 8
5403 8
5404 8
5405 8
5406 8
5407 8
5408 8
5409 8
5410 8
5411 8
5412 8
5413 8
5414 8
5415 8
5416 8
5417 8
5418 8
5419 8
5420 8
5421 8
5422 8
5423 8
5424 8
5425 8
5426 8
5427 8
5428 8
5429 8
5430 8
5431 8
5432 8
5433 8
5434 8
5435 8
5436 8
5437 8
5438 8
5439 8
5440 8
5441 8
5442 8
5443 8
5444 8
5445 8
5446 8
5447 8
5448 8
5449 8
5450 8
5451 8
5452 8
5453 8
5454 8
5455 8
5456 8
5457 8
5458 8
5459 8
5460 8
5461 8
5462 8
5463 8
5464 8
5465 8
5466 8
5467 8
5468 8
5469 8
5470 8
5471 8
5472 8
5473 8
5474 8
5475 8
5476 8
5477 8
5478 8
5479 8
5480 8
5481 8
5482 8
5483 8
5484 8
5485 8
5486 8
5487 8
5488 8
5489 8
5490 8
5491 8
5492 8
5493 8
5494 8
5495 8
5496 8
5497 8
5498 8
5499 8
5500 8
5501 8
5502 8
5503 8
5504 8
5505 8
5506 8
5507 8
5508 8
5509 8
5510 8
5511 8
5512 8
5513 8
5514 8
5515 8
5516 8
5517 8
5518 8
5519 8
5520 8
5521 8
5522 8
5523 8
5524 8
5525 8
5526 8
5527 8
5528 8
5529 8
5530 8
5531 8
5532 8
5533 8
5534 8
5535 8
5536 8
5537 8
5538 8
5539 8
5540 8
5541 8
5542 8
5543 8
5544 8
5545 8
5546 8
5547 8
5548 8
5549 8
5550 8
5551 8
5552 8
5553 8
5554 8
5555 8
5556 8
5557 8
5558 8
5559 8
5560 8
5561 8
5562 8
5563 8
5564 8
5565 8
5566 8
5567 8
5568 8
5569 8
5570 8
5571 8
5572 8
5573 8
5574 8
5575 8
5576 8
5577 8
5578 8
5579 8
5580 8
5581 8
5582 8
5583 8
5584 8
5585 8
5586 8
5587 8
5588 8
5589 8
5590 8
5591 8
5592 8
5593 8
5594 8
5595 8
5596 8
5597 8
5598 8
5599 8
5600 8
5601 8
5602 8
5603 8
5604 8
5605 8
5606 8
5607 8
5608 8
5609 8
5610 8
5611 8
5612 8
5613 8
5614 8
5615 8
5616 8
5617 8
5618 8
5619 8
5620 8
5621 8
5622 8
5623 8
5624 8
5625 8
5626 8
5627 8
5628 8
5629 8
5630 8
5631 8
5632 8
5633 8
5634 8
5635 8
5636 8
5637 8
5638 8
5639 8
5640 8
5641 8
5642 8
5643 8
5644 8
5645 8
5646 8
5647 8
5648 8
5649 8
5650 8
5651 8
5652 8
5653 8
5654 8
5655 8
5656 8
5657 8
5658 8
5659 8
5660 8
5661 8
5662 8
5663 8
5664 8
5665 8
5666 8
5667 8
5668 8
5669 8
5670 8
5671 8
5672 8
5673 8
5674 8
5675 8
5676 8
5677 8
5678 8
5679 8
5680 8
5681 8
5682 8
5683 8
5684 8
5685 8
5686 8
5687 8
5688 8
5689 8
5690 8
5691 8
5692 8
5693 8
5694 8
5695 8
5696 8
5697 8
5698 8
5699 8
5700 8
5701 8
5702 8
5703 8
5704 8
5705 8
5706 8
5707 8
5708 8
5709 8
5710 8
5711 8
5712 8
5713 8
5714 8
5715 8
5716 8
5717 8
5718 8
5719 8
5720 8
5721 8
5722 8
5723 8
5724 8
5725 8
5726 8
5727 8
5728 8
5729 8
5730 8
5731 8
5732 8
5733 8
5734 8
5735 8
5736 8
5737 8
5738 8
5739 8
5740 8
5741 8
5742 8
5743 8
5744 8
5745 8
5746 8
5747 8
5748 8
5749 8
5750 8
5751 8
5752 8
5753 8
5754 8
5755 8
5756 8
5757 8
5758 8
5759 8
5760 8
5761 8
5762 8
5763 8
5764 8
5765 8
5766 8
5767 8
5768 8
5769 8
5770 8
5771 8
5772 8
5773 8
5774 8
5775 8
5776 8
5777 8
5778 8
5779 8
5780 8
5781 8
5782 8
5783 8
5784 8
5785 8
5786 8
5787 8
5788 8
5789 8
5790 8
5791 8
5792 8
5793 8
5794 8
5795 8
5796 8
5797 8
5798 8
5799 8
5800 8
5801 8
5802 8
5803 8
5804 8
5805 8
5806 8
5807 8
5808 8
5809 8
5810 8
5811 8
5812 8
5813 8
5814 8
5815 8
5816 8
5817 8
5818 8
5819 8
5820 8
5821 8
5822 8
5823 8
5824 8
5825 8
5826 8
5827 8
5828 8
5829 8
5830 8
5831 8
5832 8
5833 8
5834 8
5835 8
5836 8
5837 8
5838 8
5839 8
5840 8
5841 8
5842 8
5843 8
5844 8
5845 8
5846 8
5847 8
5848 8
5849 8
5850 8
5851 8
5852 8
5853 8
5854 8
5855 8
5856 8
5857 9
5858 9
5859 9
5860 9
5861 9
5862 9
5863 9
5864 9
5865 9
5866 9
5867 9
5868 9
5869 9
5870 9
5871 9
5872 9
5873 9
5874 9
5875 9
5876 9
5877 9
5878 9
5879 9
5880 9
5881 9
5882 9
5883 9
5884 9
5885 9
5886 9
5887 9
5888 9
5889 9
5890 9
5891 9
5892 9
5893 9
5894 9
5895 9
5896 9
5897 9
5898 9
5899 9
5900 9
5901 9
5902 9
5903 9
5904 9
5905 9
5906 9
5907 9
5908 9
5909 9
5910 9
5911 9
5912 9
5913 9
5914 9
5915 9
5916 9
5917 9
5918 9
5919 9
5920 9
5921 9
5922 9
5923 9
5924 9
5925 9
5926 9
5927 9
5928 9
5929 9
5930 9
5931 9
5932 9
5933 9
5934 9
5935 9
5936 9
5937 9
5938 9
5939 9
5940 9
5941 9
5942 9
5943 9
5944 9
5945 9
5946 9
5947 9
5948 9
5949 9
5950 9
5951 9
5952 9
5953 9
5954 9
5955 9
5956 9
5957 9
5958 9
5959 9
5960 9
5961 9
5962 9
5963 9
5964 9
5965 9
5966 9
5967 9
5968 9
5969 9
5970 9
5971 9
5972 9
5973 9
5974 9
5975 9
5976 9
5977 9
5978 9
5979 9
5980 9
5981 9
5982 9
5983 9
5984 9
5985 9
5986 9
5987 9
5988 9
5989 9
5990 9
5991 9
5992 9
5993 9
5994 9
5995 9
5996 9
5997 9
5998 9
5999 9
6000 9
6001 9
6002 9
6003 9
6004 9
6005 9
6006 9
6007 9
6008 9
6009 9
6010 9
6011 9
6012 9
6013 9
6014 9
6015 9
6016 9
6017 9
6018 9
6019 9
6020 9
6021 9
6022 9
6023 9
6024 9
6025 9
6026 9
6027 9
6028 9
6029 9
6030 9
6031 9
6032 9
6033 9
6034 9
6035 9
6036 9
6037 9
6038 9
6039 9
6040 9
6041 9
6042 9
6043 9
6044 9
6045 9
6046 9
6047 9
6048 9
6049 9
6050 9
6051 9
6052 9
6053 9
6054 9
6055 9
6056 9
6057 9
6058 9
6059 9
6060 9
6061 9
6062 9
6063 9
6064 9
6065 9
6066 9
6067 9
6068 9
6069 9
6070 9
6071 9
6072 9
6073 9
6074 9
6075 9
6076 9
6077 9
6078 9
6079 9
6080 9
6081 9
6082 9
6083 9
6084 9
6085 9
6086 9
6087 9
6088 9
6089 9
6090 9
6091 9
6092 9
6093 9
6094 9
6095 9
6096 9
6097 9
6098 9
6099 9
6100 9
6101 9
6102 9
6103 9
6104 9
6105 9
6106 9
6107 9
6108 9
6109 9
6110 9
6111 9
6112 9
6113 9
6114 9
6115 9
6116 9
6117 9
6118 9
6119 9
6120 9
6121 9
6122 9
6123 9
6124 9
6125 9
6126 9
6127 9
6128 9
6129 9
6130 9
6131 9
6132 9
6133 9
6134 9
6135 9
6136 9
6137 9
6138 9
6139 9
6140 9
6141 9
6142 9
6143 9
6144 9
6145 9
6146 9
6147 9
6148 9
6149 9
6150 9
6151 9
6152 9
6153 9
6154 9
6155 9
6156 9
6157 9
6158 9
6159 9
6160 9
6161 9
6162 9
6163 9
6164 9
6165 9
6166 9
6167 9
6168 9
6169 9
6170 9
6171 9
6172 9
6173 9
6174 9
6175 9
6176 9
6177 9
6178 9
6179 9
6180 9
6181 9
6182 9
6183 9
6184 9
6185 9
6186 9
6187 9
6188 9
6189 9
6190 9
6191 9
6192 9
6193 9
6194 9
6195 9
6196 9
6197 9
6198 9
6199 9
6200 9
6201 9
6202 9
6203 9
6204 9
6205 9
6206 9
6207 9
6208 9
6209 9
6210 9
6211 9
6212 9
6213 9
6214 9
6215 9
6216 9
6217 9
6218 9
6219 9
6220 9
6221 9
6222 9
6223 9
6224 9
6225 9
6226 9
6227 9
6228 9
6229 9
6230 9
6231 9
6232 9
6233 9
6234 9
6235 9
6236 9
6237 9
6238 9
6239 9
6240 9
6241 9
6242 9
6243 9
6244 9
6245 9
6246 9
6247 9
6248 9
6249 9
6250 9
6251 9
6252 9
6253 9
6254 9
6255 9
6256 9
6257 9
6258 9
6259 9
6260 9
6261 9
6262 9
6263 9
6264 9
6265 9
6266 9
6267 9
6268 9
6269 9
6270 9
6271 9
6272 9
6273 9
6274 9
6275 9
6276 9
6277 9
6278 9
6279 9
6280 9
6281 9
6282 9
6283 9
6284 9
6285 9
6286 9
6287 9
6288 9
6289 9
6290 9
6291 9
6292 9
6293 9
6294 9
6295 9
6296 9
6297 9
6298 9
6299 9
6300 9
6301 9
6302 9
6303 9
6304 9
6305 9
6306 9
6307 9
6308 9
6309 9
6310 9
6311 9
6312 9
6313 9
6314 9
6315 9
6316 10
6317 10
6318 10
6319 10
6320 10
6321 10
6322 10
6323 10
6324 10
6325 10
6326 10
6327 10
6328 10
6329 10
6330 10
6331 10
6332 10
6333 10
6334 10
6335 10
6336 10
6337 10
6338 10
6339 10
6340 10
6341 10
6342 10
6343 10
6344 10
6345 10
6346 10
6347 10
6348 10
6349 10
6350 10
6351 10
6352 10
6353 10
6354 10
6355 10
6356 10
6357 10
6358 10
6359 10
6360 10
6361 10
6362 10
6363 10
6364 10
6365 10
6366 10
6367 10
6368 10
6369 10
6370 10
6371 10
6372 10
6373 10
6374 10
6375 10
6376 10
6377 10
6378 10
6379 10
6380 10
6381 10
6382 10
6383 10
6384 10
6385 10
6386 10
6387 10
6388 10
6389 10
6390 10
6391 10
6392 10
6393 10
6394 10
6395 10
6396 10
6397 10
6398 10
6399 10
6400 10
6401 10
6402 10
6403 10
6404 10
6405 10
6406 10
6407 10
6408 10
6409 10
6410 10
6411 10
6412 10
6413 10
6414 10
6415 10
6416 10
6417 10
6418 10
6419 10
6420 10
6421 10
6422 10
6423 10
6424 10
6425 10
6426 10
6427 10
6428 10
6429 10
6430 10
6431 10
6432 10
6433 10
6434 10
6435 10
6436 10
6437 10
6438 10
6439 10
6440 10
6441 10
6442 10
6443 10
6444 10
6445 10
6446 10
6447 10
6448 10
6449 10
6450 10
6451 10
6452 10
6453 10
6454 10
6455 10
6456 10
6457 10
6458 10
6459 10
6460 10
6461 10
6462 10
6463 10
6464 10
6465 10
6466 10
6467 10
6468 10
6469 10
6470 10
6471 10
6472 10
6473 10
6474 10
6475 10
6476 10
6477 10
6478 10
6479 10
6480 10
6481 10
6482 10
6483 10
6484 10
6485 10
6486 10
6487 10
6488 10
6489 10
6490 10
6491 10
6492 10
6493 10
6494 10
6495 10
6496 10
6497 10
6498 10
6499 10
6500 10
6501 10
6502 10
6503 10
6504 10
6505 10
6506 10
6507 10
6508 10
6509 10
6510 10
6511 10
6512 10
6513 10
6514 10
6515 10
6516 10
6517 10
6518 10
6519 10
6520 10
6521 10
6522 10
6523 10
6524 10
6525 10
6526 10
6527 10
6528 10
6529 10
6530 10
6531 10
6532 10
6533 10
6534 10
6535 10
6536 10
6537 10
6538 10
6539 10
6540 10
6541 10
6542 10
6543 10
6544 10
6545 10
6546 10
6547 10
6548 10
6549 10
6550 10
6551 10
6552 10
6553 10
6554 10
6555 10
6556 10
6557 10
6558 10
6559 10
6560 10
6561 10
6562 10
6563 10
6564 10
6565 10
6566 10
6567 10
6568 10
6569 10
6570 10
6571 10
6572 10
6573 10
6574 10
6575 10
6576 10
6577 10
6578 10
6579 10
6580 10
6581 10
6582 10
6583 10
6584 10
6585 10
6586 10
6587 10
6588 10
6589 10
6590 10
6591 10
6592 10
6593 10
6594 10
6595 10
6596 10
6597 10
6598 10
6599 10
6600 10
6601 10
6602 10
6603 10
6604 10
6605 10
6606 10
6607 10
6608 10
6609 10
6610 10
6611 10
6612 10
6613 10
6614 10
6615 10
6616 10
6617 10
6618 10
6619 10
6620 10
6621 10
6622 10
6623 10
6624 10
6625 10
6626 10
6627 10
6628 10
6629 10
6630 10
6631 10
6632 10
6633 10
6634 10
6635 10
6636 10
6637 10
6638 10
6639 10
6640 10
6641 10
6642 10
6643 10
6644 10
6645 10
6646 10
6647 10
6648 10
6649 10
6650 10
6651 10
6652 10
6653 10
6654 10
6655 10
6656 10
6657 10
6658 10
6659 10
6660 10
6661 10
6662 10
6663 10
6664 10
6665 10
6666 10
6667 10
6668 10
6669 10
6670 10
6671 10
6672 10
6673 10
6674 10
6675 10
6676 10
6677 10
6678 10
6679 10
6680 10
6681 10
6682 10
6683 10
6684 10
6685 10
6686 10
6687 10
6688 10
6689 10
6690 10
6691 10
6692 10
6693 10
6694 10
6695 10
6696 10
6697 10
6698 10
6699 10
6700 10
6701 10
6702 10
6703 10
6704 10
6705 10
6706 10
6707 10
6708 10
6709 10
6710 10
6711 10
6712 10
6713 10
6714 10
6715 10
6716 10
6717 10
6718 10
6719 10
6720 10
6721 10
6722 10
6723 10
6724 10
6725 10
6726 10
6727 10
6728 10
6729 10
6730 10
6731 10
6732 10
6733 10
6734 10
6735 10
6736 10
6737 10
6738 10
6739 10
6740 10
6741 10
6742 10
6743 10
6744 10
6745 10
6746 10
6747 10
6748 10
6749 10
6750 10
6751 11
6752 11
6753 11
6754 11
6755 11
6756 11
6757 11
6758 11
6759 11
6760 11
6761 11
6762 11
6763 11
6764 11
6765 11
6766 11
6767 11
6768 11
6769 11
6770 11
6771 11
6772 11
6773 11
6774 11
6775 11
6776 11
6777 11
6778 11
6779 11
6780 11
6781 11
6782 11
6783 11
6784 11
6785 11
6786 11
6787 11
6788 11
6789 11
6790 11
6791 11
6792 11
6793 11
6794 11
6795 11
6796 11
6797 11
6798 11
6799 11
6800 11
6801 11
6802 11
6803 11
6804 11
6805 11
6806 11
6807 12
6808 12
6809 12
6810 12
6811 12
6812 12
6813 12
6814 12
6815 12
6816 12
6817 12
6818 12
6819 12
6820 12
6821 12
6822 12
6823 12
6824 12
6825 12
6826 12
6827 12
6828 12
6829 12
6830 12
6831 12
6832 12
6833 12
6834 12
6835 12
6836 12
6837 12
6838 12
6839 12
6840 12
6841 12
6842 12
6843 12
6844 12
6845 12
6846 12
6847 12
6848 12
6849 12
6850 12
6851 12
6852 12
6853 12
6854 12
6855 12
6856 12
6857 12
6858 12
6859 12
6860 12
6861 12
6862 12
6863 12
6864 12
6865 12
6866 12
6867 12
6868 12
6869 12
6870 12
6871 12
6872 12
6873 12
6874 12
6875 12
6876 12
6877 12
6878 12
6879 12
6880 12
6881 12
6882 12
6883 12
6884 12
6885 12
6886 12
6887 12
6888 12
6889 12
6890 12
6891 12
6892 12
6893 12
6894 12
6895 12
6896 12
6897 12
6898 12
6899 12
6900 12
6901 12
6902 12
6903 12
6904 12
6905 12
6906 12
6907 12
6908 12
6909 12
6910 12
6911 12
6912 12
6913 12
6914 12
6915 12
6916 12
6917 12
6918 12
6919 12
6920 12
6921 12
6922 12
6923 12
6924 12
6925 12
6926 12
6927 12
6928 12
6929 12
6930 12
6931 12
6932 12
6933 12
6934 12
6935 12
6936 12
6937 12
6938 12
6939 12
6940 12
6941 12
6942 12
6943 12
6944 12
6945 12
6946 12
6947 12
6948 12
6949 12
6950 12
6951 12
6952 12
6953 12
6954 12
6955 12
6956 12
6957 12
6958 12
6959 12
6960 12
6961 12
6962 12
6963 12
6964 12
6965 12
6966 12
6967 12
6968 12
6969 12
6970 12
6971 12
6972 12
6973 12
6974 12
6975 12
6976 12
6977 12
6978 12
6979 12
6980 12
6981 12
6982 12
6983 12
6984 12
6985 12
6986 12
6987 12
6988 12
6989 12
6990 12
6991 12
6992 12
6993 12
6994 12
6995 12
6996 12
6997 12
6998 12
6999 12
7000 12
7001 12
7002 12
7003 12
7004 12
7005 12
7006 12
7007 12
7008 12
7009 12
7010 12
7011 12
7012 12
7013 12
7014 12
7015 12
7016 12
7017 12
7018 12
7019 12
7020 12
7021 12
7022 12
7023 13
7024 13
7025 13
7026 13
7027 13
7028 13
7029 13
7030 13
7031 13
7032 13
7033 13
7034 13
7035 13
7036 13
7037 13
7038 13
7039 13
7040 13
7041 13
7042 13
7043 13
7044 13
7045 13
7046 13
7047 13
7048 13
7049 13
7050 13
7051 13
7052 13
7053 13
7054 13
7055 13
7056 13
7057 13
7058 13
7059 13
7060 13
7061 13
7062 13
7063 13
7064 13
7065 13
7066 13
7067 13
7068 13
7069 13
7070 13
7071 13
7072 13
7073 13
7074 13
7075 13
7076 13
7077 13
7078 13
7079 13
7080 13
7081 13
7082 13
7083 13
7084 13
7085 13
7086 13
7087 13
7088 13
7089 13
7090 13
7091 13
7092 13
7093 13
7094 13
7095 13
7096 13
7097 13
7098 13
7099 13
7100 13
7101 13
7102 13
7103 13
7104 13
7105 13
7106 13
7107 13
7108 13
7109 13
7110 13
7111 13
7112 13
7113 13
7114 13
7115 13
7116 13
7117 13
7118 13
7119 13
7120 13
7121 13
7122 13
7123 13
7124 13
7125 13
7126 13
7127 13
7128 13
7129 13
7130 13
7131 13
7132 13
7133 13
7134 13
7135 13
7136 13
7137 13
7138 13
7139 13
7140 13
7141 13
7142 13
7143 13
7144 13
7145 13
7146 13
7147 13
7148 13
7149 13
7150 13
7151 13
7152 13
7153 13
7154 13
7155 13
7156 13
7157 13
7158 13
7159 13
7160 13
7161 13
7162 13
7163 13
7164 13
7165 13
7166 13
7167 13
7168 13
7169 13
7170 13
7171 13
7172 13
7173 13
7174 13
7175 13
7176 13
7177 13
7178 13
7179 13
7180 13
7181 13
7182 13
7183 13
7184 13
7185 13
7186 13
7187 13
7188 13
7189 13
7190 13
7191 13
7192 13
7193 13
7194 13
7195 13
7196 13
7197 13
7198 13
7199 13
7200 13
7201 13
7202 13
7203 13
7204 13
7205 13
7206 13
7207 13
7208 13
7209 13
7210 13
7211 13
7212 13
7213 13
7214 13
7215 13
7216 13
7217 13
7218 13
7219 13
7220 13
7221 13
7222 13
7223 13
7224 13
7225 13
7226 13
7227 13
7228 13
7229 13
7230 13
7231 13
7232 13
7233 13
7234 13
7235 13
7236 13
7237 13
7238 13
7239 13
7240 13
7241 13
7242 13
7243 13
7244 13
7245 13
7246 13
7247 13
7248 13
7249 13
7250 13
7251 13
7252 13
7253 13
7254 13
7255 13
7256 13
7257 13
7258 13
7259 13
7260 13
7261 13
7262 13
7263 13
7264 13
7265 13
7266 13
7267 13
7268 14
7269 14
7270 14
7271 14
7272 14
7273 14
7274 14
7275 14
7276 14
7277 14
7278 14
7279 14
7280 14
7281 14
7282 14
7283 14
7284 14
7285 14
7286 14
7287 14
7288 14
7289 14
7290 14
7291 14
7292 14
7293 14
7294 14
7295 14
7296 14
7297 14
7298 14
7299 14
7300 14
7301 14
7302 14
7303 14
7304 14
7305 14
7306 14
7307 14
7308 14
7309 14
7310 14
7311 14
7312 14
7313 14
7314 14
7315 14
7316 14
7317 14
7318 14
7319 14
7320 14
7321 14
7322 14
7323 14
7324 14
7325 14
7326 14
7327 14
7328 14
7329 14
7330 14
7331 14
7332 14
7333 14
7334 14
7335 14
7336 14
7337 14
7338 14
7339 14
7340 14
7341 14
7342 14
7343 14
7344 14
7345 14
7346 14
7347 14
7348 14
7349 14
7350 14
7351 14
7352 14
7353 14
7354 14
7355 14
7356 14
7357 14
7358 14
7359 14
7360 14
7361 14
7362 14
7363 14
7364 14
7365 14
7366 14
7367 14
7368 14
7369 14
7370 14
7371 14
7372 14
7373 14
7374 14
7375 14
7376 14
7377 14
7378 14
7379 14
7380 14
7381 14
7382 14
7383 14
7384 14
7385 14
7386 14
7387 14
7388 14
7389 14
7390 14
7391 14
7392 14
7393 14
7394 14
7395 14
7396 14
7397 14
7398 14
7399 14
7400 14
7401 14
7402 14
7403 14
7404 14
7405 14
7406 14
7407 14
7408 14
7409 14
7410 14
7411 14
7412 14
7413 14
7414 14
7415 14
7416 14
7417 14
7418 14
7419 14
7420 14
7421 14
7422 14
7423 14
7424 14
7425 14
7426 14
7427 14
7428 14
7429 14
7430 14
7431 14
7432 14
7433 14
7434 14
7435 14
7436 14
7437 14
7438 14
7439 14
7440 14
7441 14
7442 14
7443 14
7444 14
7445 14
7446 14
7447 14
7448 14
7449 14
7450 14
7451 14
7452 14
7453 14
7454 14
7455 14
7456 14
7457 14
7458 14
7459 14
7460 14
7461 14
7462 14
7463 14
7464 14
7465 14
7466 14
7467 14
7468 14
7469 14
7470 14
7471 14
7472 14
7473 14
7474 14
7475 14
7476 14
7477 14
7478 14
7479 14
7480 14
7481 14
7482 14
7483 14
7484 14
7485 14
7486 14
7487 14
7488 14
7489 14
7490 14
7491 14
7492 14
7493 14
7494 14
7495 14
7496 14
7497 14
7498 14
7499 14
7500 14
7501 14
7502 14
7503 14
7504 14
7505 14
7506 14
7507 14
7508 14
7509 14
7510 14
7511 14
7512 14
7513 14
7514 14
7515 14
7516 14
7517 14
7518 14
7519 14
7520 14
7521 14
7522 14
7523 14
7524 14
7525 14
7526 14
7527 14
7528 14
7529 14
7530 14
7531 14
7532 14
7533 14
7534 14
7535 14
7536 14
7537 14
7538 14
7539 14
7540 14
7541 14
7542 14
7543 14
7544 14
7545 14
7546 14
7547 14
7548 14
7549 14
7550 14
7551 14
7552 14
7553 14
7554 14
7555 14
7556 14
7557 14
7558 14
7559 14
7560 14
7561 14
7562 14
7563 14
7564 14
7565 14
7566 14
7567 14
7568 14
7569 14
7570 14
7571 14
7572 14
7573 14
7574 14
7575 14
7576 14
7577 14
7578 14
7579 14
7580 14
7581 14
7582 14
7583 14
7584 14
7585 14
7586 14
7587 14
7588 14
7589 14
7590 14
7591 14
7592 14
7593 14
7594 14
7595 14
7596 14
7597 14
7598 14
7599 14
7600 14
7601 14
7602 14
7603 14
7604 14
7605 14
7606 14
7607 14
7608 14
7609 14
7610 14
7611 14
7612 14
7613 14
7614 14
7615 14
7616 14
7617 14
7618 14
7619 14
7620 14
7621 14
7622 14
7623 14
7624 14
7625 14
7626 14
7627 14
7628 14
7629 14
7630 14
7631 14
7632 14
7633 14
7634 14
7635 14
7636 14
7637 14
7638 14
7639 14
7640 14
7641 14
7642 14
7643 14
7644 14
7645 14
7646 14
7647 14
7648 14
7649 14
7650 14
7651 14
7652 14
7653 14
7654 14
7655 14
7656 14
7657 14
7658 14
7659 14
7660 14
7661 14
7662 14
7663 14
7664 14
7665 14
7666 14
7667 14
7668 14
7669 14
7670 14
7671 14
7672 14
7673 14
7674 14
7675 14
7676 14
7677 14
7678 14
7679 14
7680 14
7681 14
7682 14
7683 14
7684 14
7685 14
7686 14
7687 14
7688 14
7689 14
7690 14
7691 14
7692 14
7693 14
7694 14
7695 14
7696 14
7697 14
7698 14
7699 14
7700 14
7701 14
7702 14
7703 14
7704 14
7705 14
7706 14
7707 14
7708 14
7709 14
7710 14
7711 14
7712 14
7713 14
7714 14
7715 14
7716 14
7717 14
7718 14
7719 14
7720 14
7721 14
7722 14
7723 14
7724 14
7725 14
7726 14
7727 14
7728 14
7729 14
7730 14
7731 14
7732 14
7733 14
7734 14
7735 14
7736 14
7737 14
7738 14
7739 14
7740 14
7741 14
7742 14
7743 14
7744 14
7745 14
7746 14
7747 14
7748 14
7749 14
7750 14
7751 14
7752 14
7753 14
7754 14
7755 14
7756 14
7757 14
7758 14
7759 14
7760 14
7761 14
7762 14
7763 14
7764 14
7765 14
7766 14
7767 14
7768 14
7769 14
7770 14
7771 14
7772 14
7773 14
7774 14
7775 14
7776 14
7777 14
7778 14
7779 14
7780 14
7781 14
7782 14
7783 14
7784 14
7785 14
7786 14
7787 14
7788 14
7789 14
7790 14
7791 14
7792 14
7793 14
7794 14
7795 14
7796 14
7797 14
7798 14
7799 14
7800 14
7801 14
7802 14
7803 14
7804 14
7805 14
7806 14
7807 14
7808 14
7809 14
7810 14
7811 14
7812 14
7813 14
7814 14
7815 14
7816 14
7817 14
7818 14
7819 14
7820 14
7821 14
7822 14
7823 14
7824 14
7825 14
7826 14
7827 14
7828 14
7829 14
7830 14
7831 14
7832 14
7833 14
7834 14
7835 14
7836 14
7837 14
7838 14
7839 14
7840 14
7841 14
7842 14
7843 14
7844 14
7845 14
7846 14
7847 14
7848 14
7849 14
7850 14
7851 14
7852 14
7853 14
7854 14
7855 14
7856 14
7857 14
7858 14
7859 14
7860 14
7861 14
7862 14
7863 14
7864 14
7865 14
7866 14
7867 14
7868 14
7869 14
7870 14
7871 14
7872 14
7873 14
7874 14
7875 14
7876 14
7877 14
7878 14
7879 14
7880 14
7881 14
7882 14
7883 14
7884 14
7885 14
7886 14
7887 14
7888 14
7889 14
7890 14
7891 14
7892 14
7893 14
7894 14
7895 14
7896 14
7897 14
7898 14
7899 14
7900 14
7901 14
7902 14
7903 14
7904 14
7905 14
7906 14
7907 14
7908 14
7909 14
7910 14
7911 14
7912 14
7913 14
7914 14
7915 14
7916 14
7917 14
7918 14
7919 14
7920 14
7921 14
7922 14
7923 14
7924 14
7925 14
7926 14
7927 14
7928 14
7929 14
7930 14
7931 14
7932 14
7933 14
7934 14
7935 14
7936 14
7937 14
7938 14
7939 14
7940 14
7941 14
7942 14
7943 14
7944 14
7945 14
7946 14
7947 14
7948 14
7949 14
7950 14
7951 14
7952 14
7953 14
7954 14
7955 14
7956 14
7957 14
7958 14
7959 14
7960 14
7961 14
7962 14
7963 14
7964 14
7965 14
7966 14
7967 14
7968 14
7969 14
7970 14
7971 14
7972 14
7973 14
7974 14
7975 14
7976 14
7977 14
7978 14
7979 14
7980 14
7981 14
7982 14
7983 14
7984 14
7985 14
7986 14
7987 14
7988 14
7989 14
7990 14
7991 14
7992 14
7993 14
7994 14
7995 14
7996 14
7997 14
7998 14
7999 14
8000 14
8001 14
8002 14
8003 14
8004 14
8005 14
8006 14
8007 14
8008 14
8009 14
8010 14
8011 14
8012 14
8013 14
8014 14
8015 14
8016 14
8017 14
8018 14
8019 14
8020 14
8021 14
8022 14
8023 14
8024 14
8025 14
8026 14
8027 14
8028 14
8029 14
8030 14
8031 14
8032 14
8033 14
8034 14
8035 14
8036 14
8037 14
8038 14
8039 14
8040 14
8041 14
8042 14
8043 14
8044 14
8045 14
8046 14
8047 14
8048 14
8049 14
8050 14
8051 14
8052 14
8053 14
8054 14
8055 14
8056 14
8057 14
8058 14
8059 14
8060 14
8061 14
8062 14
8063 14
8064 14
8065 14
8066 14
8067 14
8068 14
8069 14
8070 14
8071 14
8072 14
8073 14
8074 14
8075 14
8076 14
8077 14
8078 14
8079 14
8080 14
8081 14
8082 14
8083 14
8084 14
8085 14
8086 14
8087 14
8088 14
8089 14
8090 14
8091 14
8092 14
8093 14
8094 14
8095 14
8096 14
8097 14
8098 14
8099 14
8100 14
8101 14
8102 14
8103 14
8104 14
8105 14
8106 14
8107 14
8108 14
8109 14
8110 14
8111 14
8112 14
8113 14
8114 14
8115 14
8116 14
8117 14
8118 14
8119 14
8120 14
8121 14
8122 14
8123 14
8124 14
8125 14
8126 14
8127 14
8128 14
8129 14
8130 14
8131 14
8132 14
8133 14
8134 14
8135 14
8136 14
8137 14
8138 14
8139 14
8140 14
8141 14
8142 14
8143 14
8144 14
8145 14
8146 14
8147 14
8148 14
8149 14
8150 14
8151 14
8152 14
8153 14
8154 14
8155 14
8156 14
8157 14
8158 14
8159 14
8160 14
8161 14
8162 14
8163 14
8164 14
8165 14
8166 14
8167 14
8168 14
8169 14
8170 14
8171 14
8172 14
8173 14
8174 14
8175 14
8176 14
8177 14
8178 14
8179 14
8180 14
8181 14
8182 14
8183 14
8184 14
8185 14
8186 14
8187 14
8188 14
8189 14
8190 14
8191 14
8192 14
8193 14
8194 14
8195 14
8196 14
8197 14
8198 14
8199 14
8200 14
8201 14
8202 14
8203 14
8204 14
8205 14
8206 14
8207 14
8208 14
8209 14
8210 14
8211 14
8212 14
8213 14
8214 14
8215 14
8216 14
8217 14
8218 14
8219 14
8220 14
8221 14
8222 14
8223 14
8224 14
8225 14
8226 14
8227 14
8228 14
8229 14
8230 14
8231 14
8232 14
8233 14
8234 14
8235 14
8236 14
8237 14
8238 14
8239 14
8240 14
8241 14
8242 14
8243 14
8244 14
8245 14
8246 14
8247 14
8248 14
8249 14
8250 14
8251 14
8252 14
8253 14
8254 14
8255 14
8256 14
8257 14
8258 14
8259 14
8260 14
8261 14
8262 14
8263 14
8264 14
8265 14
8266 14
8267 14
8268 14
8269 14
8270 14
8271 14
8272 14
8273 14
8274 14
8275 14
8276 14
8277 14
8278 14
8279 14
8280 14
8281 14
8282 14
8283 14
8284 14
8285 14
8286 14
8287 14
8288 14
8289 14
8290 14
8291 14
8292 14
8293 14
8294 14
8295 14
8296 14
8297 14
8298 14
8299 14
8300 14
8301 14
8302 14
8303 14
8304 14
8305 14
8306 14
8307 14
8308 14
8309 14
8310 14
8311 14
8312 14
8313 14
8314 14
8315 14
8316 14
8317 14
8318 14
8319 14
8320 14
8321 14
8322 14
8323 14
8324 14
8325 14
8326 14
8327 14
8328 14
8329 14
8330 14
8331 14
8332 14
8333 14
8334 14
8335 14
8336 14
8337 14
8338 14
8339 14
8340 14
8341 14
8342 14
8343 14
8344 14
8345 14
8346 14
8347 14
8348 14
8349 14
8350 14
8351 14
8352 14
8353 14
8354 14
8355 14
8356 14
8357 14
8358 14
8359 14
8360 14
8361 14
8362 14
8363 14
8364 14
8365 14
8366 14
8367 14
8368 14
8369 14
8370 14
8371 14
8372 14
8373 14
8374 14
8375 14
8376 14
8377 14
8378 14
8379 14
8380 14
8381 14
8382 14
8383 14
8384 14
8385 14
8386 14
8387 14
8388 14
8389 14
8390 14
8391 14
8392 14
8393 14
8394 14
8395 14
8396 14
8397 14
8398 14
8399 14
8400 14
8401 14
8402 14
8403 14
8404 14
8405 14
8406 14
8407 14
8408 14
8409 14
8410 14
8411 14
8412 14
8413 14
8414 14
8415 14
8416 14
8417 14
8418 14
8419 14
8420 14
8421 14
8422 14
8423 14
8424 14
8425 14
8426 14
8427 14
8428 14
8429 14
8430 14
8431 14
8432 14
8433 14
8434 14
8435 14
8436 14
8437 14
8438 14
8439 14
8440 14
8441 14
8442 14
8443 14
8444 14
8445 14
8446 14
8447 14
8448 14
8449 14
8450 14
8451 14
8452 14
8453 14
8454 14
8455 14
8456 14
8457 14
8458 14
8459 14
8460 14
8461 14
8462 14
8463 14
8464 14
8465 14
8466 14
8467 14
8468 14
8469 14
8470 14
8471 14
8472 14
8473 14
8474 14
8475 14
8476 14
8477 14
8478 14
8479 14
8480 14
8481 14
8482 14
8483 14
8484 14
8485 14
8486 14
8487 14
8488 14
8489 14
8490 14
8491 14
8492 14
8493 14
8494 14
8495 14
8496 14
8497 14
8498 14
8499 14
8500 14
8501 14
8502 14
8503 14
8504 14
8505 14
8506 14
8507 14
8508 14
8509 14
8510 14
8511 14
8512 14
8513 14
8514 14
8515 14
8516 14
8517 14
8518 14
8519 14
8520 14
8521 14
8522 14
8523 14
8524 14
8525 14
8526 14
8527 14
8528 14
8529 14
8530 14
8531 14
8532 14
8533 14
8534 14
8535 14
8536 14
8537 14
8538 14
8539 14
8540 14
8541 14
8542 14
8543 14
8544 14
8545 14
8546 14
8547 14
8548 14
8549 14
8550 14
8551 14
8552 14
8553 14
8554 14
8555 14
8556 14
8557 14
8558 14
8559 14
8560 14
8561 14
8562 14
8563 14
8564 14
8565 14
8566 14
8567 14
8568 14
8569 14
8570 14
8571 14
8572 14
8573 14
8574 14
8575 14
8576 14
8577 14
8578 14
8579 14
8580 14
8581 14
8582 14
8583 14
8584 14
8585 14
8586 14
8587 14
8588 14
8589 14
8590 14
8591 14
8592 14
8593 14
8594 14
8595 14
8596 14
8597 14
8598 14
8599 14
8600 14
8601 14
8602 14
8603 14
8604 14
8605 14
8606 14
8607 14
8608 14
8609 14
8610 14
8611 14
8612 14
8613 14
8614 14
8615 14
8616 14
8617 14
8618 14
8619 14
8620 14
8621 14
8622 14
8623 14
8624 14
8625 14
8626 14
8627 14
8628 14
8629 14
8630 14
8631 14
8632 14
8633 14
8634 14
8635 14
8636 14
8637 14
8638 14
8639 14
8640 14
8641 14
8642 14
8643 14
8644 14
8645 14
8646 14
8647 14
8648 14
8649 14
8650 14
8651 14
8652 14
8653 14
8654 14
8655 14
8656 14
8657 14
8658 14
8659 14
8660 14
8661 14
8662 14
8663 14
8664 14
8665 14
8666 14
8667 14
8668 14
8669 14
8670 14
8671 14
8672 14
8673 14
8674 14
8675 14
8676 14
8677 14
8678 14
8679 14
8680 14
8681 14
8682 14
8683 14
8684 14
8685 14
8686 14
8687 14
8688 14
8689 14
8690 14
8691 14
8692 14
8693 14
8694 14
8695 14
8696 14
8697 14
8698 14
8699 14
8700 14
8701 14
8702 14
8703 14
8704 14
8705 14
8706 14
8707 14
8708 14
8709 14
8710 14
8711 14
8712 14
8713 14
8714 14
8715 14
8716 14
8717 14
8718 14
8719 14
8720 14
8721 14
8722 14
8723 14
8724 14
8725 14
8726 14
8727 14
8728 14
8729 14
8730 14
8731 14
8732 14
8733 14
8734 14
8735 14
8736 14
8737 14
8738 14
8739 14
8740 14
8741 14
8742 14
8743 14
8744 14
8745 14
8746 14
8747 14
8748 14
8749 14
8750 14
8751 14
8752 14
8753 14
8754 14
8755 14
8756 14
8757 14
8758 14
8759 14
8760 14
8761 14
8762 14
8763 14
8764 14
8765 14
8766 14
8767 14
8768 14
8769 14
8770 14
8771 14
8772 14
8773 14
8774 14
8775 14
8776 14
8777 14
8778 14
8779 14
8780 14
8781 14
8782 14
8783 14
8784 14
8785 14
8786 14
8787 14
8788 14
8789 14
8790 14
8791 14
8792 14
8793 14
8794 14
8795 14
8796 14
8797 14
8798 14
8799 14
8800 14
8801 14
8802 14
8803 14
8804 14
8805 14
8806 14
8807 14
8808 14
8809 14
8810 14
8811 14
8812 14
8813 14
8814 14
8815 14
8816 14
8817 14
8818 14
8819 14
8820 14
8821 14
8822 14
8823 14
8824 14
8825 14
8826 14
8827 14
8828 14
8829 14
8830 14
8831 14
8832 14
8833 14
8834 14
8835 14
8836 14
8837 14
8838 14
8839 14
8840 14
8841 14
8842 14
8843 14
8844 14
8845 14
8846 14
8847 14
8848 14
8849 14
8850 14
8851 14
8852 14
8853 14
8854 14
8855 14
8856 14
8857 14
8858 14
8859 14
8860 14
8861 14
8862 14
8863 14
8864 14
8865 14
8866 14
8867 14
8868 14
8869 14
8870 14
8871 14
8872 14
8873 14
8874 14
8875 14
8876 14
8877 14
8878 14
8879 14
8880 14
8881 14
8882 14
8883 14
8884 14
8885 14
8886 14
8887 14
8888 14
8889 14
8890 14
8891 14
8892 14
8893 14
8894 14
8895 14
8896 14
8897 14
8898 14
8899 14
8900 14
8901 14
8902 14
8903 14
8904 14
8905 14
8906 14
8907 14
8908 14
8909 14
8910 14
8911 14
8912 14
8913 14
8914 14
8915 14
8916 14
8917 14
8918 14
8919 14
8920 14
8921 14
8922 14
8923 14
8924 14
8925 14
8926 14
8927 14
8928 14
8929 14
8930 14
8931 14
8932 14
8933 14
8934 14
8935 14
8936 14
8937 14
8938 14
8939 14
8940 14
8941 14
8942 14
8943 14
8944 14
8945 14
8946 14
8947 14
8948 14
8949 14
8950 14
8951 14
8952 14
8953 14
8954 14
8955 14
8956 14
8957 14
8958 14
8959 14
8960 14
8961 14
8962 14
8963 14
8964 14
8965 14
8966 14
8967 14
8968 14
8969 14
8970 14
8971 14
8972 14
8973 14
8974 14
8975 14
8976 14
8977 14
8978 14
8979 14
8980 14
8981 14
8982 14
8983 14
8984 14
8985 14
8986 14
8987 14
8988 14
8989 14
8990 14
8991 14
8992 14
8993 14
8994 14
8995 14
8996 14
8997 14
8998 14
8999 14
9000 14
9001 14
9002 14
9003 14
9004 14
9005 14
9006 14
9007 14
9008 14
9009 14
9010 14
9011 14
9012 14
9013 14
9014 14
9015 14
9016 14
9017 14
9018 14
9019 14
9020 14
9021 14
9022 14
9023 14
9024 14
9025 14
9026 14
9027 14
9028 14
9029 14
9030 14
9031 14
9032 14
9033 14
9034 14
9035 14
9036 14
9037 14
9038 14
9039 14
9040 14
9041 14
9042 14
9043 14
9044 14
9045 14
9046 14
9047 14
9048 14
9049 14
9050 14
9051 14
9052 14
9053 14
9054 14
9055 14
9056 14
9057 14
9058 14
9059 14
9060 14
9061 14
9062 14
9063 14
9064 14
9065 14
9066 14
9067 14
9068 14
9069 14
9070 14
9071 14
9072 14
9073 14
9074 14
9075 14
9076 14
9077 14
9078 14
9079 14
9080 14
9081 14
9082 14
9083 14
9084 14
9085 14
9086 14
9087 14
9088 14
9089 14
9090 14
9091 14
9092 14
9093 14
9094 14
9095 14
9096 14
9097 14
9098 14
9099 14
9100 14
9101 14
9102 14
9103 14
9104 14
9105 14
9106 14
9107 14
9108 14
9109 14
9110 14
9111 14
9112 14
9113 14
9114 14
9115 14
9116 14
9117 14
9118 14
9119 14
9120 14
9121 14
9122 14
9123 14
9124 14
9125 14
9126 14
9127 14
9128 14
9129 14
9130 14
9131 14
9132 14
9133 14
9134 14
9135 14
9136 14
9137 14
9138 14
9139 14
9140 14
9141 14
9142 14
9143 14
9144 14
9145 14
9146 14
9147 14
9148 14
9149 14
9150 14
9151 14
9152 14
9153 14
9154 14
9155 14
9156 14
9157 14
9158 14
9159 14
9160 14
9161 14
9162 14
9163 14
9164 14
9165 14
9166 14
9167 14
9168 14
9169 14
9170 14
9171 14
9172 14
9173 14
9174 14
9175 14
9176 14
9177 14
9178 14
9179 14
9180 14
9181 14
9182 14
9183 14
9184 14
9185 14
9186 14
9187 14
9188 14
9189 14
9190 14
9191 14
9192 14
9193 14
9194 14
9195 14
9196 14
9197 14
9198 14
9199 14
9200 14
9201 14
9202 14
9203 14
9204 14
9205 14
9206 14
9207 14
9208 14
9209 14
9210 14
9211 15
9212 15
9213 15
9214 15
9215 15
9216 15
9217 15
9218 15
9219 15
9220 15
9221 15
9222 15
9223 15
9224 15
9225 15
9226 15
9227 15
9228 15
9229 15
9230 15
9231 15
9232 15
9233 15
9234 15
9235 15
9236 15
9237 15
9238 15
9239 15
9240 15
9241 15
9242 15
9243 15
9244 15
9245 15
9246 15
9247 15
9248 15
9249 15
9250 15
9251 15
9252 15
9253 15
9254 15
9255 15
9256 15
9257 15
9258 15
9259 15
9260 15
9261 15
9262 15
9263 15
9264 15
9265 15
9266 15
9267 15
9268 15
9269 15
9270 15
9271 15
9272 15
9273 15
9274 15
9275 15
9276 15
9277 15
9278 15
9279 15
9280 15
9281 15
9282 15
9283 15
9284 15
9285 15
9286 15
9287 15
9288 15
9289 15
9290 15
9291 15
9292 15
9293 15
9294 15
9295 15
9296 15
9297 15
9298 15
9299 15
9300 15
9301 15
9302 15
9303 15
9304 15
9305 15
9306 15
9307 15
9308 15
9309 15
9310 15
9311 15
9312 15
9313 15
9314 15
9315 15
9316 15
9317 15
9318 15
9319 15
9320 15
9321 15
9322 15
9323 15
9324 15
9325 15
9326 15
9327 15
9328 15
9329 15
9330 15
9331 15
9332 15
9333 15
9334 15
9335 15
9336 15
9337 15
9338 15
9339 15
9340 15
9341 15
9342 15
9343 15
9344 15
9345 15
9346 15
9347 15
9348 15
9349 15
9350 15
9351 15
9352 15
9353 15
9354 15
9355 15
9356 15
9357 15
9358 15
9359 15
9360 15
9361 15
9362 15
9363 15
9364 15
9365 15
9366 15
9367 15
9368 15
9369 15
9370 15
9371 15
9372 15
9373 15
9374 15
9375 15
9376 15
9377 15
9378 15
9379 15
9380 15
9381 15
9382 15
9383 15
9384 15
9385 15
9386 15
9387 15
9388 15
9389 15
9390 15
9391 15
9392 15
9393 15
9394 15
9395 15
9396 15
9397 15
9398 15
9399 15
9400 15
9401 15
9402 15
9403 15
9404 15
9405 15
9406 15
9407 15
9408 15
9409 15
9410 15
9411 15
9412 15
9413 15
9414 15
9415 15
9416 15
9417 15
9418 15
9419 15
9420 15
9421 15
9422 15
9423 15
9424 15
9425 15
9426 15
9427 15
9428 15
9429 15
9430 15
9431 15
9432 15
9433 15
9434 15
9435 15
9436 15
9437 15
9438 15
9439 15
9440 15
9441 15
9442 15
9443 15
9444 15
9445 15
9446 15
9447 15
9448 15
9449 15
9450 15
9451 15
9452 15
9453 15
9454 15
9455 15
9456 15
9457 15
9458 15
9459 15
9460 15
9461 15
9462 15
9463 15
9464 15
9465 15
9466 15
9467 15
9468 15
9469 15
9470 15
9471 15
9472 15
9473 15
9474 15
9475 15
9476 15
9477 15
9478 15
9479 15
9480 15
9481 15
9482 15
9483 15
9484 15
9485 15
9486 15
9487 15
9488 15
9489 15
9490 15
9491 15
9492 15
9493 15
9494 15
9495 15
9496 15
9497 15
9498 15
9499 15
9500 15
9501 15
9502 15
9503 15
9504 15
9505 15
9506 15
9507 15
9508 15
9509 15
9510 15
9511 15
9512 15
9513 15
9514 15
9515 15
9516 15
9517 15
9518 15
9519 15
9520 15
9521 15
9522 15
9523 15
9524 15
9525 15
9526 15
9527 15
9528 15
9529 15
9530 15
9531 15
9532 15
9533 15
9534 15
9535 15
9536 15
9537 15
9538 15
9539 15
9540 15
9541 15
9542 15
9543 15
9544 15
9545 15
9546 15
9547 15
9548 15
9549 15
9550 15
9551 15
9552 15
9553 15
9554 15
9555 15
9556 15
9557 15
9558 15
9559 15
9560 15
9561 15
9562 15
9563 15
9564 15
9565 15
9566 15
9567 15
9568 15
9569 15
9570 15
9571 15
9572 15
9573 15
9574 15
9575 15
9576 15
9577 15
9578 15
9579 15
9580 15
9581 15
9582 15
9583 15
9584 15
9585 15
9586 15
9587 15
9588 15
9589 15
9590 15
9591 15
9592 15
9593 15
9594 15
9595 15
9596 15
9597 15
9598 15
9599 15
9600 15
9601 15
9602 15
9603 15
9604 15
9605 15
9606 15
9607 15
9608 15
9609 15
9610 15
9611 15
9612 15
9613 15
9614 15
9615 15
9616 15
9617 15
9618 15
9619 15
9620 15
9621 15
9622 15
9623 15
9624 15
9625 15
9626 15
9627 15
9628 15
9629 15
9630 15
9631 15
9632 15
9633 15
9634 15
9635 15
9636 15
9637 15
9638 15
9639 15
9640 15
9641 15
9642 15
9643 15
9644 15
9645 15
9646 15
9647 15
9648 15
9649 15
9650 15
9651 15
9652 15
9653 15
9654 15
9655 15
9656 15
9657 15
9658 15
9659 15
9660 15
9661 15
9662 15
9663 15
9664 15
9665 15
9666 15
9667 15
9668 15
9669 15
9670 15
9671 15
9672 15
9673 15
9674 15
9675 15
9676 15
9677 15
9678 15
9679 15
9680 15
9681 15
9682 15
9683 15
9684 15
9685 15
9686 15
9687 15
9688 15
9689 15
9690 15
9691 15
9692 15
9693 15
9694 15
9695 15
9696 15
9697 15
9698 15
9699 15
9700 15
9701 15
9702 15
9703 15
9704 15
9705 15
9706 15
9707 15
9708 15
9709 15
9710 15
9711 15
9712 15
9713 15
9714 15
9715 15
9716 15
9717 15
9718 15
9719 15
9720 15
9721 15
9722 15
9723 15
9724 15
9725 15
9726 15
9727 15
9728 15
9729 15
9730 15
9731 15
9732 15
9733 15
9734 15
9735 15
9736 15
9737 15
9738 15
9739 15
9740 15
9741 15
9742 15
9743 15
9744 15
9745 15
9746 15
9747 15
9748 15
9749 15
9750 15
9751 15
9752 15
9753 15
9754 16
9755 16
9756 16
9757 16
9758 16
9759 16
9760 16
9761 16
9762 16
9763 16
9764 16
9765 16
9766 16
9767 16
9768 16
9769 16
9770 16
9771 16
9772 16
9773 16
9774 16
9775 16
9776 16
9777 16
9778 16
9779 16
9780 16
9781 16
9782 16
9783 16
9784 16
9785 16
9786 16
9787 16
9788 16
9789 16
9790 16
9791 16
9792 16
9793 16
9794 16
9795 16
9796 16
9797 16
9798 16
9799 16
9800 16
9801 16
9802 16
9803 16
9804 16
9805 16
9806 16
9807 16
9808 16
9809 16
9810 16
9811 16
9812 16
9813 16
9814 16
9815 16
9816 16
9817 16
9818 16
9819 16
9820 16
9821 16
9822 16
9823 16
9824 16
9825 16
9826 16
9827 16
9828 16
9829 16
9830 16
9831 16
9832 16
9833 16
9834 16
9835 16
9836 16
9837 16
9838 16
9839 16
9840 16
9841 16
9842 16
9843 16
9844 16
9845 16
9846 16
9847 16
9848 16
9849 16
9850 16
9851 16
9852 16
9853 16
9854 16
9855 16
9856 16
9857 16
9858 16
9859 16
9860 16
9861 16
9862 16
9863 16
9864 16
9865 16
9866 16
9867 16
9868 16
9869 16
9870 16
9871 16
9872 16
9873 16
9874 16
9875 16
9876 16
9877 16
9878 16
9879 16
9880 16
9881 16
9882 16
9883 16
9884 16
9885 16
9886 16
9887 16
9888 16
9889 16
9890 16
9891 16
9892 16
9893 16
9894 16
9895 16
9896 16
9897 16
9898 16
9899 16
9900 16
9901 16
9902 16
9903 16
9904 16
9905 16
9906 16
9907 16
9908 16
9909 16
9910 16
9911 16
9912 16
9913 16
9914 16
9915 16
9916 16
9917 16
9918 16
9919 16
9920 16
9921 16
9922 16
9923 16
9924 16
9925 16
9926 16
9927 16
9928 16
9929 16
9930 16
9931 16
9932 16
9933 16
9934 16
9935 16
9936 16
9937 16
9938 16
9939 16
9940 16
9941 16
9942 16
9943 16
9944 16
9945 16
9946 16
9947 16
9948 16
9949 16
9950 16
9951 16
9952 16
9953 16
9954 16
9955 16
9956 16
9957 16
9958 16
9959 16
9960 16
9961 16
9962 16
9963 16
9964 16
9965 16
9966 16
9967 16
9968 16
9969 16
9970 16
9971 16
9972 16
9973 16
9974 16
9975 16
9976 16
9977 16
9978 16
9979 16
9980 16
9981 16
9982 16
9983 16
9984 16
9985 16
9986 16
9987 16
9988 16
9989 16
9990 16
9991 16
9992 16
9993 16
9994 16
9995 16
9996 16
9997 16
9998 16
9999 16
10000 16
