10 0
11 0
12 0
13 0
14 0
15 0
16 0
17 0
18 0
19 0
20 0
21 0
22 0
23 0
24 0
25 0
26 0
27 0
28 0
29 0
30 0
31 0
32 0
33 0
34 0
35 0
36 0
37 0
38 0
39 0
40 0
41 0
42 0
43 0
44 0
45 0
46 0
47 0
48 0
49 0
50 0
51 0
52 0
53 0
54 0
55 0
56 0
57 0
58 0
59 0
60 0
61 0
62 0
63 0
64 0
65 0
66 0
67 0
68 0
69 0
70 0
71 0
72 0
73 0
74 0
75 0
76 0
77 0
78 0
79 0
80 0
81 0
82 0
83 0
84 0
85 0
86 0
87 0
88 0
89 0
90 0
91 0
92 0
93 0
94 0
95 0
96 0
97 0
98 0
99 0
100 0
101 0
102 0
103 0
104 0
105 0
106 0
107 0
108 0
109 0
110 0
111 0
112 0
113 0
114 0
115 0
116 0
117 0
118 0
119 0
120 0
121 0
122 0
123 0
124 0
125 0
126 0
127 0
128 0
129 0
130 0
131 0
132 0
133 0
134 0
135 0
136 0
137 0
138 0
139 0
140 0
141 0
142 0
143 0
144 0
145 0
146 0
147 0
148 0
149 0
150 0
151 0
152 0
153 0
154 0
155 0
156 0
157 0
158 0
159 0
160 0
161 0
162 0
163 0
164 0
165 0
166 0
167 0
168 0
169 0
170 0
171 0
172 0
173 0
174 0
175 0
176 0
177 0
178 0
179 0
180 0
181 0
182 0
183 0
184 0
185 0
186 0
187 0
188 0
189 0
190 0
191 0
192 0
193 0
194 0
195 0
196 0
197 0
198 0
199 0
200 0
201 0
202 0
203 0
204 0
205 0
206 0
207 0
208 0
209 0
210 0
211 0
212 0
213 0
214 0
215 0
216 0
217 0
218 0
219 0
220 0
221 0
222 0
223 0
224 0
225 0
226 0
227 0
228 0
229 0
230 0
231 0
232 0
233 0
234 0
235 0
236 0
237 0
238 0
239 0
240 0
241 0
242 0
243 0
244 0
245 0
246 0
247 0
248 0
249 0
250 0
251 0
252 0
253 0
254 0
255 0
256 0
257 0
258 0
259 0
260 0
261 0
262 0
263 0
264 0
265 0
266 0
267 0
268 0
269 0
270 0
271 0
272 0
273 0
274 0
275 0
276 0
277 0
278 0
279 0
280 0
281 0
282 0
283 0
284 0
285 0
286 0
287 0
288 0
289 0
290 0
291 0
292 0
293 0
294 0
295 0
296 0
297 0
298 0
299 0
300 0
301 0
302 0
303 0
304 0
305 0
306 0
307 0
308 0
309 0
310 0
311 0
312 0
313 0
314 0
315 0
316 0
317 0
318 0
319 0
320 0
321 0
322 0
323 0
324 0
325 0
326 0
327 0
328 0
329 0
330 0
331 0
332 0
333 0
334 0
335 0
336 0
337 0
338 0
339 0
340 0
341 0
342 0
343 0
344 0
345 0
346 0
347 0
348 0
349 0
350 0
351 0
352 0
353 0
354 0
355 0
356 0
357 0
358 0
359 0
360 0
361 0
362 0
363 0
364 0
365 0
366 0
367 0
368 0
369 0
370 0
371 0
372 0
373 0
374 0
375 0
376 0
377 0
378 0
379 0
380 0
381 0
382 0
383 0
384 0
385 0
386 0
387 0
388 0
389 0
390 0
391 0
392 0
393 0
394 0
395 0
396 0
397 0
398 0
399 0
400 0
401 0
402 0
403 0
404 0
405 0
406 0
407 0
408 0
409 0
410 0
411 0
412 0
413 0
414 0
415 0
416 0
417 0
418 0
419 0
420 0
421 0
422 0
423 0
424 0
425 0
426 0
427 0
428 0
429 0
430 0
431 0
432 0
433 0
434 0
435 0
436 0
437 0
438 0
439 0
440 0
441 0
442 0
443 0
444 0
445 0
446 0
447 0
448 0
449 0
450 0
451 0
452 0
453 0
454 0
455 0
456 0
457 0
458 0
459 0
460 0
461 0
462 0
463 0
464 0
465 0
466 0
467 0
468 0
469 0
470 0
471 0
472 0
473 0
474 0
475 0
476 0
477 0
478 0
479 0
480 0
481 0
482 0
483 0
484 0
485 0
486 0
487 0
488 0
489 0
490 0
491 0
492 0
493 0
494 0
495 0
496 0
497 0
498 0
499 0
500 0
501 0
502 0
503 0
504 0
505 0
506 0
507 0
508 0
509 0
510 0
511 0
512 0
513 0
514 0
515 0
516 0
517 0
518 0
519 0
520 0
521 0
522 0
523 0
524 0
525 0
526 0
527 0
528 0
529 0
530 0
531 0
532 0
533 0
534 0
535 0
536 0
537 0
538 0
539 0
540 0
541 0
542 0
543 0
544 0
545 0
546 0
547 0
548 0
549 0
550 0
551 0
552 0
553 0
554 0
555 0
556 0
557 0
558 0
559 0
560 0
561 0
562 0
563 0
564 0
565 0
566 0
567 0
568 0
569 0
570 0
571 0
572 0
573 0
574 0
575 0
576 0
577 0
578 0
579 0
580 0
581 0
582 0
583 0
584 0
585 0
586 0
587 0
588 0
589 0
590 0
591 0
592 0
593 0
594 0
595 0
596 0
597 0
598 0
599 0
600 0
601 0
602 0
603 0
604 0
605 0
606 0
607 0
608 0
609 0
610 0
611 0
612 0
613 0
614 0
615 0
616 0
617 0
618 0
619 0
620 0
621 0
622 0
623 0
624 0
625 0
626 0
627 0
628 0
629 0
630 0
631 0
632 0
633 0
634 0
635 0
636 0
637 0
638 0
639 0
640 0
641 0
642 0
643 0
644 0
645 0
646 0
647 0
648 0
649 0
650 0
651 0
652 0
653 0
654 0
655 0
656 0
657 0
658 0
659 0
660 0
661 0
662 0
663 0
664 0
665 0
666 0
667 0
668 0
669 0
670 0
671 0
672 0
673 0
674 0
675 0
676 0
677 0
678 0
679 0
680 0
681 0
682 0
683 0
684 0
685 0
686 0
687 0
688 0
689 0
690 0
691 0
692 0
693 0
694 0
695 0
696 0
697 0
698 0
699 0
700 0
701 0
702 0
703 0
704 0
705 0
706 0
707 0
708 0
709 0
710 0
711 0
712 0
713 0
714 0
715 0
716 0
717 0
718 0
719 0
720 0
721 0
722 0
723 0
724 0
725 0
726 0
727 0
728 0
729 0
730 0
731 0
732 0
733 0
734 0
735 1
736 1
737 1
738 1
739 1
740 1
741 1
742 1
743 1
744 1
745 1
746 1
747 1
748 1
749 1
750 1
751 1
752 1
753 1
754 1
755 1
756 1
757 1
758 1
759 1
760 1
761 1
762 1
763 1
764 1
765 1
766 1
767 1
768 1
769 1
770 1
771 1
772 1
773 1
774 1
775 1
776 1
777 1
778 1
779 1
780 1
781 1
782 1
783 1
784 1
785 1
786 1
787 1
788 1
789 1
790 1
791 1
792 1
793 1
794 1
795 1
796 1
797 1
798 1
799 1
800 1
801 1
802 1
803 1
804 1
805 1
806 1
807 1
808 1
809 1
810 1
811 1
812 1
813 1
814 1
815 1
816 1
817 1
818 1
819 1
820 1
821 1
822 1
823 1
824 1
825 1
826 1
827 1
828 1
829 1
830 1
831 1
832 1
833 1
834 1
835 1
836 1
837 1
838 1
839 1
840 1
841 1
842 1
843 1
844 1
845 1
846 1
847 1
848 1
849 1
850 1
851 1
852 1
853 1
854 1
855 1
856 1
857 1
858 1
859 1
860 1
861 1
862 1
863 1
864 1
865 1
866 1
867 1
868 1
869 1
870 1
871 1
872 1
873 1
874 1
875 1
876 1
877 1
878 1
879 1
880 1
881 1
882 1
883 1
884 1
885 1
886 1
887 1
888 1
889 1
890 1
891 1
892 1
893 1
894 1
895 1
896 1
897 1
898 1
899 1
900 1
901 1
902 1
903 1
904 2
905 2
906 2
907 2
908 2
909 2
910 2
911 2
912 2
913 2
914 2
915 2
916 2
917 2
918 2
919 2
920 2
921 2
922 2
923 2
924 2
925 2
926 2
927 2
928 2
929 2
930 2
931 2
932 2
933 2
934 2
935 2
936 2
937 2
938 2
939 2
940 2
941 2
942 2
943 2
944 2
945 2
946 2
947 2
948 2
949 2
950 2
951 2
952 2
953 2
954 2
955 2
956 2
957 2
958 2
959 2
960 2
961 2
962 2
963 2
964 2
965 2
966 2
967 2
968 2
969 2
970 2
971 2
972 2
973 2
974 2
975 2
976 2
977 2
978 2
979 2
980 2
981 2
982 2
983 2
984 2
985 2
986 2
987 2
988 2
989 2
990 2
991 2
992 2
993 2
994 2
995 2
996 2
997 2
998 2
999 2
1000 2
1001 2
1002 2
1003 2
1004 2
1005 2
1006 2
1007 2
1008 2
1009 2
1010 2
1011 2
1012 2
1013 2
1014 2
1015 2
1016 2
1017 2
1018 2
1019 2
1020 2
1021 2
1022 2
1023 2
1024 2
1025 2
1026 2
1027 2
1028 2
1029 2
1030 2
1031 2
1032 2
1033 2
1034 2
1035 2
1036 2
1037 2
1038 2
1039 2
1040 2
1041 2
1042 2
1043 2
1044 2
1045 2
1046 2
1047 2
1048 2
1049 2
1050 2
1051 2
1052 2
1053 2
1054 2
1055 2
1056 2
1057 2
1058 2
1059 2
1060 2
1061 2
1062 2
1063 2
1064 2
1065 2
1066 2
1067 2
1068 2
1069 2
1070 2
1071 2
1072 2
1073 2
1074 2
1075 2
1076 2
1077 2
1078 2
1079 2
1080 2
1081 2
1082 2
1083 2
1084 2
1085 2
1086 2
1087 2
1088 2
1089 2
1090 2
1091 2
1092 2
1093 2
1094 2
1095 2
1096 2
1097 2
1098 2
1099 2
1100 2
1101 2
1102 2
1103 2
1104 2
1105 2
1106 2
1107 2
1108 2
1109 2
1110 2
1111 2
1112 2
1113 2
1114 2
1115 2
1116 2
1117 2
1118 2
1119 2
1120 2
1121 2
1122 2
1123 2
1124 2
1125 2
1126 2
1127 2
1128 2
1129 2
1130 2
1131 2
1132 2
1133 2
1134 2
1135 2
1136 2
1137 2
1138 2
1139 2
1140 2
1141 2
1142 2
1143 2
1144 2
1145 2
1146 2
1147 2
1148 2
1149 2
1150 2
1151 2
1152 2
1153 2
1154 2
1155 2
1156 2
1157 2
1158 2
1159 2
1160 2
1161 2
1162 2
1163 2
1164 2
1165 2
1166 2
1167 2
1168 2
1169 2
1170 2
1171 2
1172 2
1173 2
1174 2
1175 2
1176 2
1177 2
1178 2
1179 2
1180 2
1181 2
1182 2
1183 2
1184 2
1185 2
1186 2
1187 2
1188 2
1189 2
1190 2
1191 2
1192 2
1193 2
1194 2
1195 2
1196 2
1197 2
1198 2
1199 2
1200 2
1201 2
1202 2
1203 2
1204 2
1205 2
1206 2
1207 2
1208 2
1209 2
1210 2
1211 2
1212 2
1213 2
1214 2
1215 2
1216 2
1217 2
1218 2
1219 2
1220 2
1221 2
1222 2
1223 2
1224 2
1225 2
1226 2
1227 2
1228 2
1229 2
1230 2
1231 2
1232 2
1233 2
1234 2
1235 2
1236 2
1237 2
1238 2
1239 2
1240 2
1241 2
1242 2
1243 2
1244 2
1245 2
1246 2
1247 2
1248 2
1249 2
1250 2
1251 2
1252 2
1253 2
1254 2
1255 2
1256 2
1257 2
1258 2
1259 2
1260 2
1261 2
1262 2
1263 2
1264 2
1265 2
1266 2
1267 2
1268 2
1269 2
1270 2
1271 2
1272 2
1273 2
1274 2
1275 2
1276 2
1277 2
1278 2
1279 2
1280 2
1281 2
1282 2
1283 2
1284 2
1285 2
1286 2
1287 2
1288 2
1289 2
1290 2
1291 2
1292 2
1293 2
1294 2
1295 2
1296 2
1297 2
1298 2
1299 2
1300 2
1301 2
1302 2
1303 2
1304 2
1305 2
1306 2
1307 2
1308 2
1309 2
1310 2
1311 2
1312 2
1313 2
1314 2
1315 2
1316 2
1317 2
1318 2
1319 2
1320 2
1321 2
1322 2
1323 2
1324 2
1325 2
1326 2
1327 2
1328 2
1329 2
1330 2
1331 2
1332 2
1333 2
1334 2
1335 2
1336 2
1337 2
1338 2
1339 2
1340 2
1341 2
1342 2
1343 2
1344 2
1345 2
1346 2
1347 3
1348 3
1349 3
1350 3
1351 3
1352 3
1353 3
1354 3
1355 3
1356 3
1357 3
1358 3
1359 3
1360 3
1361 3
1362 3
1363 3
1364 3
1365 3
1366 3
1367 3
1368 3
1369 3
1370 3
1371 3
1372 3
1373 3
1374 3
1375 3
1376 3
1377 3
1378 3
1379 3
1380 3
1381 3
1382 3
1383 3
1384 3
1385 3
1386 3
1387 3
1388 3
1389 3
1390 3
1391 3
1392 3
1393 3
1394 3
1395 3
1396 3
1397 3
1398 3
1399 3
1400 3
1401 3
1402 3
1403 3
1404 3
1405 3
1406 3
1407 3
1408 3
1409 3
1410 3
1411 3
1412 3
1413 3
1414 3
1415 3
1416 3
1417 3
1418 3
1419 3
1420 3
1421 3
1422 3
1423 3
1424 3
1425 3
1426 3
1427 3
1428 3
1429 3
1430 3
1431 3
1432 3
1433 3
1434 3
1435 3
1436 3
1437 3
1438 3
1439 3
1440 3
1441 3
1442 3
1443 3
1444 3
1445 3
1446 3
1447 3
1448 3
1449 3
1450 3
1451 3
1452 3
1453 3
1454 3
1455 3
1456 3
1457 3
1458 3
1459 3
1460 3
1461 3
1462 3
1463 3
1464 3
1465 3
1466 3
1467 3
1468 3
1469 3
1470 3
1471 3
1472 3
1473 3
1474 3
1475 3
1476 3
1477 3
1478 3
1479 3
1480 3
1481 3
1482 3
1483 3
1484 3
1485 3
1486 3
1487 3
1488 3
1489 3
1490 3
1491 3
1492 3
1493 3
1494 3
1495 3
1496 3
1497 3
1498 3
1499 3
1500 3
1501 3
1502 3
1503 3
1504 3
1505 3
1506 3
1507 3
1508 3
1509 3
1510 3
1511 3
1512 3
1513 3
1514 3
1515 3
1516 3
1517 3
1518 3
1519 3
1520 3
1521 3
1522 3
1523 3
1524 3
1525 3
1526 3
1527 3
1528 3
1529 3
1530 3
1531 3
1532 3
1533 3
1534 3
1535 3
1536 3
1537 3
1538 3
1539 3
1540 3
1541 3
1542 3
1543 3
1544 3
1545 3
1546 3
1547 3
1548 3
1549 3
1550 3
1551 3
1552 3
1553 3
1554 3
1555 3
1556 3
1557 3
1558 3
1559 3
1560 3
1561 3
1562 3
1563 3
1564 3
1565 3
1566 3
1567 3
1568 3
1569 3
1570 3
1571 3
1572 3
1573 3
1574 3
1575 3
1576 3
1577 3
1578 3
1579 3
1580 3
1581 3
1582 3
1583 3
1584 3
1585 3
1586 3
1587 3
1588 3
1589 3
1590 3
1591 3
1592 3
1593 3
1594 3
1595 3
1596 3
1597 3
1598 3
1599 3
1600 3
1601 3
1602 3
1603 3
1604 3
1605 3
1606 3
1607 3
1608 3
1609 3
1610 3
1611 3
1612 3
1613 3
1614 3
1615 3
1616 3
1617 3
1618 3
1619 3
1620 3
1621 3
1622 3
1623 3
1624 3
1625 3
1626 3
1627 3
1628 3
1629 3
1630 3
1631 3
1632 3
1633 3
1634 3
1635 3
1636 3
1637 3
1638 3
1639 3
1640 3
1641 3
1642 3
1643 3
1644 3
1645 3
1646 3
1647 3
1648 3
1649 3
1650 3
1651 3
1652 3
1653 3
1654 3
1655 3
1656 3
1657 3
1658 3
1659 3
1660 3
1661 3
1662 3
1663 3
1664 3
1665 3
1666 3
1667 3
1668 3
1669 3
1670 3
1671 3
1672 3
1673 3
1674 3
1675 3
1676 3
1677 3
1678 3
1679 3
1680 3
1681 3
1682 3
1683 3
1684 3
1685 3
1686 3
1687 3
1688 3
1689 3
1690 3
1691 3
1692 3
1693 3
1694 3
1695 3
1696 3
1697 3
1698 3
1699 3
1700 3
1701 3
1702 3
1703 3
1704 3
1705 3
1706 3
1707 3
1708 3
1709 3
1710 3
1711 3
1712 3
1713 3
1714 3
1715 3
1716 3
1717 3
1718 3
1719 3
1720 3
1721 3
1722 3
1723 3
1724 3
1725 3
1726 3
1727 3
1728 3
1729 3
1730 3
1731 3
1732 3
1733 3
1734 3
1735 3
1736 3
1737 3
1738 3
1739 3
1740 3
1741 3
1742 3
1743 3
1744 3
1745 3
1746 3
1747 3
1748 3
1749 3
1750 3
1751 3
1752 3
1753 3
1754 3
1755 3
1756 3
1757 3
1758 3
1759 3
1760 3
1761 3
1762 3
1763 3
1764 3
1765 3
1766 3
1767 3
1768 3
1769 3
1770 3
1771 3
1772 3
1773 3
1774 3
1775 3
1776 3
1777 3
1778 3
1779 3
1780 3
1781 3
1782 3
1783 3
1784 3
1785 3
1786 3
1787 3
1788 3
1789 3
1790 3
1791 3
1792 3
1793 3
1794 3
1795 3
1796 3
1797 3
1798 3
1799 3
1800 3
1801 3
1802 3
1803 3
1804 3
1805 3
1806 3
1807 3
1808 3
1809 3
1810 3
1811 3
1812 3
1813 3
1814 3
1815 3
1816 3
1817 3
1818 3
1819 3
1820 3
1821 3
1822 3
1823 3
1824 3
1825 3
1826 3
1827 3
1828 3
1829 3
1830 3
1831 3
1832 3
1833 3
1834 3
1835 3
1836 3
1837 3
1838 3
1839 3
1840 3
1841 3
1842 3
1843 3
1844 3
1845 3
1846 3
1847 3
1848 3
1849 3
1850 3
1851 3
1852 3
1853 3
1854 3
1855 3
1856 3
1857 3
1858 3
1859 3
1860 3
1861 3
1862 3
1863 3
1864 3
1865 3
1866 3
1867 3
1868 3
1869 3
1870 3
1871 3
1872 3
1873 3
1874 3
1875 3
1876 3
1877 3
1878 3
1879 3
1880 3
1881 3
1882 3
1883 3
1884 3
1885 3
1886 3
1887 3
1888 3
1889 3
1890 3
1891 3
1892 3
1893 3
1894 3
1895 3
1896 3
1897 3
1898 3
1899 3
1900 3
1901 3
1902 3
1903 3
1904 3
1905 3
1906 3
1907 3
1908 3
1909 3
1910 3
1911 3
1912 3
1913 3
1914 3
1915 3
1916 3
1917 3
1918 3
1919 3
1920 3
1921 3
1922 3
1923 3
1924 3
1925 3
1926 3
1927 3
1928 3
1929 3
1930 3
1931 3
1932 3
1933 3
1934 3
1935 3
1936 3
1937 3
1938 3
1939 3
1940 3
1941 3
1942 3
1943 3
1944 3
1945 3
1946 3
1947 3
1948 3
1949 3
1950 3
1951 3
1952 3
1953 3
1954 3
1955 3
1956 3
1957 3
1958 3
1959 3
1960 3
1961 3
1962 3
1963 3
1964 3
1965 3
1966 3
1967 4
1968 4
1969 4
1970 4
1971 4
1972 4
1973 4
1974 4
1975 4
1976 4
1977 4
1978 4
1979 4
1980 4
1981 4
1982 4
1983 4
1984 4
1985 4
1986 4
1987 4
1988 4
1989 4
1990 4
1991 4
1992 4
1993 4
1994 4
1995 4
1996 4
1997 4
1998 4
1999 4
2000 4
2001 4
2002 4
2003 4
2004 4
2005 4
2006 4
2007 4
2008 4
2009 4
2010 4
2011 4
2012 4
2013 4
2014 4
2015 4
2016 4
2017 4
2018 4
2019 4
2020 4
2021 4
2022 4
2023 4
2024 4
2025 4
2026 4
2027 4
2028 4
2029 4
2030 4
2031 4
2032 4
2033 4
2034 4
2035 4
2036 4
2037 4
2038 4
2039 4
2040 4
2041 4
2042 4
2043 4
2044 4
2045 4
2046 4
2047 4
2048 4
2049 4
2050 4
2051 4
2052 4
2053 4
2054 4
2055 4
2056 4
2057 4
2058 4
2059 4
2060 4
2061 4
2062 4
2063 4
2064 4
2065 4
2066 4
2067 4
2068 4
2069 4
2070 4
2071 4
2072 4
2073 4
2074 4
2075 4
2076 4
2077 4
2078 4
2079 4
2080 4
2081 4
2082 4
2083 4
2084 4
2085 4
2086 4
2087 4
2088 4
2089 4
2090 4
2091 4
2092 4
2093 4
2094 4
2095 4
2096 4
2097 4
2098 4
2099 4
2100 4
2101 4
2102 4
2103 4
2104 4
2105 4
2106 4
2107 4
2108 4
2109 4
2110 4
2111 4
2112 4
2113 4
2114 4
2115 4
2116 4
2117 4
2118 4
2119 4
2120 4
2121 4
2122 4
2123 4
2124 4
2125 4
2126 4
2127 4
2128 4
2129 4
2130 4
2131 4
2132 4
2133 4
2134 4
2135 4
2136 4
2137 4
2138 4
2139 4
2140 4
2141 4
2142 4
2143 4
2144 4
2145 4
2146 4
2147 4
2148 4
2149 4
2150 4
2151 4
2152 4
2153 4
2154 4
2155 4
2156 4
2157 4
2158 4
2159 4
2160 4
2161 4
2162 4
2163 4
2164 4
2165 4
2166 4
2167 4
2168 4
2169 4
2170 4
2171 4
2172 4
2173 4
2174 4
2175 4
2176 4
2177 4
2178 4
2179 4
2180 4
2181 4
2182 4
2183 4
2184 4
2185 4
2186 4
2187 4
2188 4
2189 4
2190 4
2191 4
2192 4
2193 4
2194 4
2195 4
2196 4
2197 4
2198 4
2199 4
2200 4
2201 4
2202 4
2203 4
2204 4
2205 4
2206 4
2207 4
2208 4
2209 4
2210 4
2211 4
2212 4
2213 4
2214 4
2215 4
2216 4
2217 4
2218 4
2219 4
2220 4
2221 4
2222 4
2223 4
2224 4
2225 4
2226 4
2227 4
2228 4
2229 4
2230 4
2231 4
2232 4
2233 4
2234 4
2235 4
2236 4
2237 4
2238 4
2239 4
2240 4
2241 4
2242 4
2243 4
2244 4
2245 4
2246 4
2247 4
2248 4
2249 4
2250 4
2251 4
2252 4
2253 4
2254 4
2255 4
2256 4
2257 4
2258 4
2259 4
2260 4
2261 4
2262 4
2263 4
2264 4
2265 4
2266 4
2267 4
2268 4
2269 4
2270 4
2271 4
2272 4
2273 4
2274 4
2275 4
2276 4
2277 4
2278 4
2279 4
2280 4
2281 4
2282 4
2283 4
2284 4
2285 4
2286 4
2287 4
2288 4
2289 4
2290 4
2291 4
2292 4
2293 4
2294 4
2295 4
2296 4
2297 4
2298 4
2299 4
2300 4
2301 4
2302 4
2303 4
2304 4
2305 4
2306 4
2307 4
2308 4
2309 4
2310 4
2311 4
2312 4
2313 4
2314 4
2315 4
2316 4
2317 4
2318 4
2319 4
2320 4
2321 4
2322 4
2323 4
2324 4
2325 4
2326 4
2327 4
2328 4
2329 4
2330 4
2331 4
2332 4
2333 4
2334 4
2335 4
2336 4
2337 4
2338 4
2339 4
2340 4
2341 4
2342 4
2343 4
2344 4
2345 4
2346 4
2347 4
2348 4
2349 4
2350 4
2351 4
2352 4
2353 4
2354 4
2355 4
2356 4
2357 4
2358 4
2359 4
2360 4
2361 4
2362 4
2363 4
2364 4
2365 4
2366 4
2367 4
2368 4
2369 4
2370 4
2371 4
2372 4
2373 4
2374 4
2375 4
2376 4
2377 4
2378 4
2379 4
2380 4
2381 4
2382 4
2383 4
2384 4
2385 4
2386 4
2387 4
2388 4
2389 4
2390 4
2391 4
2392 4
2393 4
2394 4
2395 4
2396 4
2397 4
2398 4
2399 4
2400 4
2401 4
2402 4
2403 4
2404 4
2405 4
2406 4
2407 4
2408 4
2409 4
2410 4
2411 4
2412 4
2413 4
2414 4
2415 4
2416 4
2417 4
2418 4
2419 4
2420 4
2421 4
2422 4
2423 4
2424 4
2425 4
2426 4
2427 4
2428 4
2429 4
2430 4
2431 4
2432 4
2433 4
2434 4
2435 4
2436 4
2437 4
2438 4
2439 4
2440 4
2441 4
2442 4
2443 4
2444 4
2445 4
2446 4
2447 4
2448 4
2449 4
2450 4
2451 4
2452 4
2453 4
2454 4
2455 4
2456 4
2457 4
2458 4
2459 4
2460 4
2461 4
2462 4
2463 4
2464 4
2465 4
2466 4
2467 4
2468 4
2469 4
2470 4
2471 4
2472 4
2473 4
2474 4
2475 4
2476 4
2477 4
2478 4
2479 4
2480 4
2481 4
2482 4
2483 4
2484 4
2485 4
2486 4
2487 4
2488 4
2489 4
2490 4
2491 4
2492 4
2493 4
2494 4
2495 4
2496 4
2497 4
2498 4
2499 4
2500 4
2501 4
2502 4
2503 4
2504 4
2505 4
2506 4
2507 4
2508 4
2509 4
2510 4
2511 4
2512 4
2513 4
2514 4
2515 4
2516 4
2517 4
2518 4
2519 4
2520 4
2521 4
2522 4
2523 4
2524 4
2525 4
2526 4
2527 4
2528 4
2529 4
2530 4
2531 4
2532 4
2533 4
2534 4
2535 4
2536 4
2537 4
2538 4
2539 4
2540 4
2541 4
2542 4
2543 4
2544 4
2545 4
2546 4
2547 4
2548 4
2549 4
2550 4
2551 4
2552 4
2553 4
2554 4
2555 4
2556 4
2557 4
2558 4
2559 4
2560 4
2561 4
2562 4
2563 4
2564 4
2565 4
2566 4
2567 4
2568 4
2569 4
2570 4
2571 4
2572 4
2573 4
2574 4
2575 4
2576 4
2577 4
2578 4
2579 4
2580 4
2581 4
2582 4
2583 4
2584 4
2585 4
2586 4
2587 4
2588 4
2589 4
2590 4
2591 4
2592 4
2593 4
2594 4
2595 4
2596 4
2597 4
2598 4
2599 4
2600 4
2601 4
2602 4
2603 4
2604 4
2605 4
2606 4
2607 4
2608 4
2609 4
2610 4
2611 4
2612 4
2613 4
2614 4
2615 4
2616 4
2617 4
2618 4
2619 4
2620 4
2621 4
2622 4
2623 4
2624 4
2625 4
2626 4
2627 4
2628 4
2629 4
2630 4
2631 4
2632 4
2633 4
2634 4
2635 4
2636 4
2637 4
2638 4
2639 4
2640 4
2641 4
2642 4
2643 4
2644 4
2645 4
2646 4
2647 4
2648 4
2649 4
2650 4
2651 4
2652 4
2653 4
2654 4
2655 4
2656 4
2657 4
2658 4
2659 4
2660 4
2661 4
2662 4
2663 4
2664 4
2665 4
2666 4
2667 4
2668 4
2669 4
2670 4
2671 4
2672 4
2673 4
2674 4
2675 4
2676 4
2677 4
2678 4
2679 4
2680 4
2681 4
2682 4
2683 4
2684 4
2685 4
2686 4
2687 4
2688 4
2689 4
2690 4
2691 4
2692 4
2693 4
2694 4
2695 4
2696 4
2697 4
2698 4
2699 4
2700 4
2701 4
2702 4
2703 4
2704 4
2705 4
2706 4
2707 4
2708 4
2709 4
2710 4
2711 4
2712 4
2713 4
2714 4
2715 5
2716 5
2717 5
2718 5
2719 5
2720 5
2721 5
2722 5
2723 5
2724 5
2725 5
2726 5
2727 5
2728 5
2729 5
2730 5
2731 5
2732 5
2733 5
2734 5
2735 5
2736 5
2737 5
2738 5
2739 5
2740 5
2741 5
2742 5
2743 5
2744 5
2745 5
2746 5
2747 5
2748 5
2749 5
2750 5
2751 5
2752 5
2753 5
2754 5
2755 5
2756 5
2757 5
2758 5
2759 5
2760 5
2761 5
2762 5
2763 5
2764 5
2765 5
2766 5
2767 5
2768 5
2769 5
2770 5
2771 5
2772 5
2773 5
2774 5
2775 5
2776 5
2777 5
2778 5
2779 5
2780 5
2781 5
2782 5
2783 5
2784 5
2785 5
2786 5
2787 5
2788 5
2789 5
2790 5
2791 5
2792 5
2793 5
2794 5
2795 5
2796 5
2797 5
2798 5
2799 5
2800 5
2801 5
2802 5
2803 5
2804 5
2805 5
2806 5
2807 5
2808 5
2809 5
2810 5
2811 5
2812 5
2813 5
2814 5
2815 5
2816 5
2817 5
2818 5
2819 5
2820 5
2821 5
2822 5
2823 5
2824 5
2825 5
2826 5
2827 5
2828 5
2829 5
2830 5
2831 5
2832 5
2833 5
2834 5
2835 5
2836 5
2837 5
2838 5
2839 5
2840 5
2841 5
2842 5
2843 5
2844 5
2845 5
2846 5
2847 5
2848 5
2849 5
2850 5
2851 5
2852 5
2853 5
2854 5
2855 5
2856 5
2857 5
2858 5
2859 5
2860 5
2861 5
2862 5
2863 5
2864 5
2865 5
2866 5
2867 5
2868 5
2869 5
2870 5
2871 5
2872 5
2873 5
2874 5
2875 5
2876 5
2877 5
2878 5
2879 5
2880 5
2881 5
2882 5
2883 5
2884 5
2885 5
2886 5
2887 5
2888 5
2889 5
2890 5
2891 5
2892 5
2893 5
2894 5
2895 5
2896 5
2897 5
2898 5
2899 5
2900 5
2901 5
2902 5
2903 5
2904 5
2905 5
2906 5
2907 5
2908 5
2909 5
2910 5
2911 5
2912 5
2913 5
2914 5
2915 5
2916 5
2917 5
2918 5
2919 5
2920 5
2921 5
2922 5
2923 5
2924 5
2925 5
2926 5
2927 5
2928 5
2929 5
2930 5
2931 5
2932 5
2933 5
2934 5
2935 5
2936 5
2937 5
2938 5
2939 5
2940 5
2941 5
2942 5
2943 6
2944 6
2945 6
2946 6
2947 6
2948 6
2949 6
2950 6
2951 6
2952 6
2953 6
2954 6
2955 6
2956 6
2957 6
2958 6
2959 6
2960 6
2961 6
2962 6
2963 6
2964 6
2965 6
2966 6
2967 6
2968 6
2969 6
2970 6
2971 6
2972 6
2973 6
2974 6
2975 6
2976 6
2977 6
2978 6
2979 6
2980 6
2981 6
2982 6
2983 6
2984 6
2985 6
2986 6
2987 6
2988 6
2989 6
2990 6
2991 6
2992 6
2993 6
2994 6
2995 6
2996 6
2997 6
2998 6
2999 6
3000 6
3001 6
3002 6
3003 6
3004 6
3005 6
3006 6
3007 6
3008 6
3009 6
3010 6
3011 6
3012 6
3013 6
3014 6
3015 6
3016 6
3017 6
3018 6
3019 6
3020 6
3021 6
3022 6
3023 6
3024 6
3025 6
3026 6
3027 6
3028 6
3029 6
3030 6
3031 6
3032 6
3033 6
3034 6
3035 6
3036 6
3037 6
3038 6
3039 6
3040 6
3041 6
3042 6
3043 6
3044 6
3045 6
3046 6
3047 6
3048 6
3049 6
3050 6
3051 6
3052 6
3053 6
3054 6
3055 6
3056 6
3057 6
3058 6
3059 6
3060 6
3061 6
3062 6
3063 6
3064 6
3065 6
3066 6
3067 6
3068 6
3069 6
3070 6
3071 6
3072 6
3073 6
3074 6
3075 6
3076 6
3077 6
3078 6
3079 6
3080 6
3081 6
3082 6
3083 6
3084 6
3085 6
3086 6
3087 6
3088 6
3089 6
3090 6
3091 6
3092 6
3093 6
3094 6
3095 6
3096 6
3097 6
3098 6
3099 6
3100 6
3101 6
3102 6
3103 6
3104 6
3105 6
3106 6
3107 6
3108 6
3109 6
3110 6
3111 6
3112 6
3113 6
3114 6
3115 6
3116 6
3117 6
3118 6
3119 6
3120 6
3121 6
3122 6
3123 6
3124 6
3125 6
3126 6
3127 6
3128 6
3129 6
3130 6
3131 6
3132 6
3133 6
3134 6
3135 6
3136 6
3137 6
3138 6
3139 6
3140 6
3141 6
3142 6
3143 6
3144 6
3145 6
3146 6
3147 6
3148 6
3149 6
3150 6
3151 6
3152 6
3153 6
3154 6
3155 6
3156 6
3157 6
3158 6
3159 6
3160 6
3161 6
3162 6
3163 6
3164 6
3165 6
3166 6
3167 6
3168 6
3169 6
3170 6
3171 6
3172 6
3173 6
3174 6
3175 6
3176 6
3177 6
3178 6
3179 6
3180 6
3181 6
3182 6
3183 6
3184 6
3185 6
3186 6
3187 6
3188 6
3189 6
3190 6
3191 6
3192 6
3193 6
3194 6
3195 6
3196 6
3197 6
3198 6
3199 6
3200 6
3201 6
3202 6
3203 6
3204 6
3205 6
3206 6
3207 6
3208 6
3209 6
3210 6
3211 6
3212 6
3213 6
3214 6
3215 6
3216 6
3217 6
3218 6
3219 6
3220 6
3221 6
3222 6
3223 6
3224 6
3225 6
3226 6
3227 6
3228 6
3229 6
3230 6
3231 6
3232 6
3233 6
3234 6
3235 6
3236 6
3237 6
3238 6
3239 6
3240 6
3241 6
3242 6
3243 6
3244 6
3245 6
3246 6
3247 6
3248 6
3249 6
3250 6
3251 6
3252 6
3253 6
3254 6
3255 6
3256 6
3257 6
3258 6
3259 6
3260 6
3261 6
3262 6
3263 6
3264 6
3265 6
3266 6
3267 6
3268 6
3269 6
3270 6
3271 6
3272 6
3273 6
3274 6
3275 6
3276 6
3277 6
3278 6
3279 6
3280 6
3281 6
3282 6
3283 6
3284 6
3285 6
3286 6
3287 6
3288 6
3289 6
3290 6
3291 6
3292 6
3293 6
3294 6
3295 6
3296 6
3297 6
3298 6
3299 6
3300 6
3301 6
3302 6
3303 6
3304 6
3305 6
3306 6
3307 6
3308 6
3309 6
3310 6
3311 6
3312 6
3313 6
3314 6
3315 6
3316 6
3317 6
3318 6
3319 6
3320 6
3321 6
3322 6
3323 6
3324 6
3325 6
3326 6
3327 6
3328 6
3329 6
3330 6
3331 6
3332 6
3333 6
3334 6
3335 6
3336 6
3337 6
3338 6
3339 6
3340 6
3341 6
3342 6
3343 6
3344 6
3345 6
3346 6
3347 6
3348 6
3349 6
3350 6
3351 6
3352 6
3353 6
3354 6
3355 6
3356 6
3357 6
3358 6
3359 6
3360 6
3361 6
3362 6
3363 6
3364 6
3365 6
3366 6
3367 6
3368 6
3369 6
3370 6
3371 6
3372 6
3373 6
3374 6
3375 6
3376 6
3377 6
3378 6
3379 6
3380 6
3381 6
3382 6
3383 6
3384 6
3385 6
3386 6
3387 6
3388 6
3389 6
3390 6
3391 6
3392 6
3393 6
3394 6
3395 6
3396 6
3397 6
3398 6
3399 6
3400 6
3401 6
3402 6
3403 6
3404 6
3405 6
3406 6
3407 6
3408 6
3409 6
3410 6
3411 6
3412 6
3413 6
3414 6
3415 6
3416 6
3417 6
3418 6
3419 6
3420 6
3421 6
3422 6
3423 6
3424 6
3425 6
3426 6
3427 6
3428 6
3429 6
3430 6
3431 6
3432 6
3433 6
3434 6
3435 6
3436 6
3437 6
3438 6
3439 6
3440 6
3441 6
3442 6
3443 6
3444 6
3445 6
3446 6
3447 6
3448 6
3449 6
3450 6
3451 6
3452 6
3453 6
3454 6
3455 6
3456 6
3457 6
3458 6
3459 6
3460 6
3461 6
3462 6
3463 6
3464 6
3465 6
3466 6
3467 6
3468 6
3469 6
3470 6
3471 6
3472 6
3473 6
3474 6
3475 6
3476 6
3477 6
3478 6
3479 6
3480 6
3481 6
3482 6
3483 6
3484 6
3485 6
3486 6
3487 6
3488 6
3489 6
3490 6
3491 6
3492 6
3493 6
3494 6
3495 6
3496 6
3497 6
3498 6
3499 6
3500 6
3501 6
3502 6
3503 6
3504 6
3505 6
3506 6
3507 6
3508 6
3509 6
3510 6
3511 6
3512 6
3513 6
3514 6
3515 6
3516 6
3517 6
3518 6
3519 6
3520 6
3521 6
3522 6
3523 6
3524 6
3525 6
3526 6
3527 6
3528 6
3529 6
3530 6
3531 6
3532 6
3533 6
3534 6
3535 6
3536 6
3537 6
3538 6
3539 6
3540 6
3541 6
3542 6
3543 6
3544 6
3545 6
3546 6
3547 6
3548 6
3549 6
3550 6
3551 6
3552 6
3553 6
3554 6
3555 6
3556 6
3557 6
3558 6
3559 6
3560 6
3561 6
3562 6
3563 6
3564 6
3565 6
3566 6
3567 6
3568 6
3569 6
3570 6
3571 6
3572 6
3573 6
3574 6
3575 6
3576 6
3577 6
3578 6
3579 6
3580 6
3581 6
3582 6
3583 6
3584 6
3585 6
3586 6
3587 6
3588 6
3589 6
3590 6
3591 6
3592 6
3593 6
3594 6
3595 6
3596 6
3597 6
3598 6
3599 6
3600 6
3601 6
3602 6
3603 6
3604 6
3605 6
3606 6
3607 6
3608 6
3609 6
3610 6
3611 6
3612 6
3613 6
3614 6
3615 6
3616 6
3617 6
3618 6
3619 6
3620 6
3621 6
3622 6
3623 6
3624 6
3625 6
3626 6
3627 6
3628 6
3629 6
3630 6
3631 6
3632 6
3633 6
3634 6
3635 6
3636 6
3637 6
3638 6
3639 6
3640 6
3641 6
3642 6
3643 6
3644 6
3645 6
3646 6
3647 6
3648 6
3649 6
3650 6
3651 6
3652 6
3653 6
3654 6
3655 6
3656 6
3657 6
3658 6
3659 6
3660 6
3661 6
3662 6
3663 6
3664 6
3665 6
3666 6
3667 6
3668 6
3669 6
3670 6
3671 6
3672 6
3673 6
3674 6
3675 6
3676 6
3677 6
3678 6
3679 6
3680 6
3681 6
3682 6
3683 6
3684 6
3685 6
3686 6
3687 6
3688 6
3689 6
3690 6
3691 6
3692 6
3693 6
3694 6
3695 6
3696 6
3697 6
3698 6
3699 6
3700 6
3701 6
3702 6
3703 6
3704 6
3705 6
3706 6
3707 6
3708 6
3709 6
3710 6
3711 6
3712 6
3713 6
3714 6
3715 6
3716 6
3717 6
3718 6
3719 6
3720 6
3721 6
3722 6
3723 6
3724 6
3725 6
3726 6
3727 6
3728 6
3729 6
3730 6
3731 6
3732 6
3733 6
3734 6
3735 6
3736 6
3737 6
3738 6
3739 6
3740 6
3741 6
3742 6
3743 6
3744 6
3745 6
3746 6
3747 6
3748 6
3749 6
3750 6
3751 6
3752 6
3753 6
3754 6
3755 6
3756 6
3757 6
3758 6
3759 6
3760 6
3761 6
3762 6
3763 6
3764 6
3765 6
3766 6
3767 6
3768 6
3769 6
3770 6
3771 6
3772 6
3773 6
3774 6
3775 6
3776 6
3777 6
3778 6
3779 6
3780 6
3781 6
3782 6
3783 6
3784 6
3785 6
3786 6
3787 6
3788 6
3789 6
3790 6
3791 6
3792 6
3793 6
3794 6
3795 6
3796 6
3797 6
3798 6
3799 6
3800 6
3801 6
3802 6
3803 6
3804 6
3805 6
3806 6
3807 6
3808 6
3809 6
3810 6
3811 6
3812 6
3813 6
3814 6
3815 6
3816 6
3817 6
3818 6
3819 6
3820 6
3821 6
3822 6
3823 6
3824 6
3825 6
3826 6
3827 6
3828 6
3829 6
3830 6
3831 6
3832 6
3833 6
3834 6
3835 6
3836 6
3837 6
3838 6
3839 6
3840 6
3841 6
3842 6
3843 6
3844 6
3845 6
3846 6
3847 6
3848 6
3849 6
3850 6
3851 6
3852 6
3853 6
3854 6
3855 6
3856 6
3857 6
3858 6
3859 6
3860 6
3861 6
3862 6
3863 6
3864 6
3865 6
3866 6
3867 6
3868 6
3869 6
3870 6
3871 6
3872 6
3873 6
3874 6
3875 6
3876 6
3877 6
3878 6
3879 6
3880 6
3881 6
3882 6
3883 6
3884 6
3885 6
3886 6
3887 6
3888 6
3889 6
3890 6
3891 6
3892 6
3893 6
3894 6
3895 6
3896 6
3897 6
3898 6
3899 6
3900 6
3901 6
3902 6
3903 6
3904 6
3905 6
3906 6
3907 6
3908 6
3909 6
3910 6
3911 6
3912 6
3913 6
3914 6
3915 6
3916 6
3917 6
3918 6
3919 6
3920 6
3921 6
3922 6
3923 6
3924 6
3925 6
3926 6
3927 6
3928 6
3929 6
3930 6
3931 6
3932 6
3933 6
3934 6
3935 6
3936 6
3937 6
3938 6
3939 6
3940 6
3941 6
3942 6
3943 6
3944 6
3945 6
3946 6
3947 6
3948 6
3949 6
3950 6
3951 6
3952 6
3953 6
3954 6
3955 6
3956 6
3957 6
3958 6
3959 6
3960 6
3961 6
3962 6
3963 6
3964 6
3965 6
3966 6
3967 6
3968 6
3969 6
3970 6
3971 6
3972 6
3973 6
3974 6
3975 6
3976 6
3977 6
3978 6
3979 6
3980 6
3981 6
3982 6
3983 6
3984 6
3985 6
3986 6
3987 6
3988 6
3989 6
3990 6
3991 6
3992 6
3993 6
3994 6
3995 6
3996 6
3997 6
3998 6
3999 6
4000 6
4001 6
4002 6
4003 6
4004 6
4005 6
4006 6
4007 6
4008 6
4009 6
4010 6
4011 6
4012 6
4013 6
4014 6
4015 6
4016 6
4017 6
4018 6
4019 6
4020 6
4021 6
4022 6
4023 6
4024 6
4025 6
4026 6
4027 6
4028 6
4029 6
4030 6
4031 6
4032 6
4033 6
4034 6
4035 6
4036 6
4037 6
4038 6
4039 6
4040 6
4041 6
4042 6
4043 6
4044 6
4045 6
4046 6
4047 6
4048 6
4049 6
4050 6
4051 6
4052 6
4053 6
4054 6
4055 6
4056 6
4057 6
4058 6
4059 6
4060 6
4061 6
4062 6
4063 6
4064 6
4065 6
4066 6
4067 6
4068 6
4069 6
4070 6
4071 6
4072 6
4073 6
4074 6
4075 6
4076 6
4077 6
4078 6
4079 6
4080 6
4081 6
4082 6
4083 6
4084 6
4085 6
4086 6
4087 6
4088 6
4089 6
4090 6
4091 6
4092 6
4093 6
4094 6
4095 6
4096 6
4097 6
4098 6
4099 6
4100 6
4101 6
4102 6
4103 6
4104 6
4105 6
4106 6
4107 6
4108 6
4109 6
4110 6
4111 6
4112 6
4113 6
4114 6
4115 6
4116 6
4117 6
4118 6
4119 6
4120 6
4121 6
4122 6
4123 6
4124 6
4125 6
4126 6
4127 6
4128 6
4129 6
4130 6
4131 6
4132 6
4133 6
4134 6
4135 6
4136 6
4137 6
4138 6
4139 6
4140 6
4141 6
4142 6
4143 6
4144 6
4145 6
4146 6
4147 6
4148 6
4149 6
4150 6
4151 6
4152 6
4153 6
4154 6
4155 6
4156 6
4157 6
4158 6
4159 6
4160 6
4161 6
4162 6
4163 6
4164 6
4165 6
4166 6
4167 6
4168 6
4169 6
4170 6
4171 6
4172 6
4173 6
4174 6
4175 6
4176 6
4177 6
4178 6
4179 6
4180 6
4181 6
4182 6
4183 6
4184 6
4185 6
4186 6
4187 6
4188 6
4189 6
4190 6
4191 6
4192 6
4193 6
4194 6
4195 6
4196 6
4197 6
4198 6
4199 6
4200 6
4201 6
4202 6
4203 6
4204 6
4205 6
4206 6
4207 6
4208 6
4209 6
4210 6
4211 6
4212 6
4213 6
4214 6
4215 6
4216 6
4217 6
4218 6
4219 6
4220 6
4221 6
4222 6
4223 6
4224 6
4225 6
4226 6
4227 6
4228 6
4229 6
4230 6
4231 6
4232 6
4233 6
4234 6
4235 6
4236 6
4237 6
4238 6
4239 6
4240 6
4241 6
4242 6
4243 6
4244 6
4245 6
4246 6
4247 6
4248 6
4249 6
4250 6
4251 6
4252 6
4253 6
4254 6
4255 6
4256 6
4257 6
4258 6
4259 6
4260 6
4261 6
4262 6
4263 6
4264 6
4265 6
4266 6
4267 6
4268 6
4269 6
4270 6
4271 6
4272 6
4273 6
4274 6
4275 6
4276 6
4277 6
4278 6
4279 6
4280 6
4281 6
4282 6
4283 6
4284 6
4285 6
4286 6
4287 6
4288 6
4289 6
4290 6
4291 6
4292 6
4293 6
4294 6
4295 6
4296 6
4297 6
4298 6
4299 6
4300 6
4301 6
4302 6
4303 6
4304 6
4305 6
4306 6
4307 6
4308 6
4309 6
4310 6
4311 6
4312 6
4313 6
4314 6
4315 6
4316 6
4317 6
4318 6
4319 6
4320 6
4321 6
4322 6
4323 6
4324 6
4325 6
4326 6
4327 6
4328 6
4329 6
4330 6
4331 6
4332 6
4333 6
4334 6
4335 6
4336 6
4337 6
4338 6
4339 6
4340 6
4341 6
4342 6
4343 6
4344 6
4345 6
4346 6
4347 6
4348 6
4349 6
4350 6
4351 6
4352 6
4353 6
4354 6
4355 6
4356 6
4357 6
4358 6
4359 6
4360 6
4361 6
4362 6
4363 6
4364 6
4365 6
4366 6
4367 6
4368 6
4369 6
4370 6
4371 6
4372 6
4373 6
4374 6
4375 6
4376 6
4377 6
4378 6
4379 6
4380 6
4381 6
4382 6
4383 6
4384 6
4385 6
4386 6
4387 6
4388 6
4389 6
4390 6
4391 6
4392 6
4393 6
4394 6
4395 6
4396 6
4397 6
4398 6
4399 6
4400 6
4401 6
4402 6
4403 6
4404 6
4405 6
4406 6
4407 6
4408 6
4409 6
4410 6
4411 6
4412 6
4413 6
4414 6
4415 6
4416 6
4417 6
4418 6
4419 6
4420 6
4421 6
4422 6
4423 6
4424 6
4425 6
4426 6
4427 6
4428 6
4429 6
4430 6
4431 6
4432 6
4433 6
4434 6
4435 6
4436 6
4437 6
4438 6
4439 6
4440 6
4441 6
4442 6
4443 6
4444 6
4445 6
4446 6
4447 6
4448 6
4449 6
4450 6
4451 6
4452 6
4453 6
4454 6
4455 6
4456 6
4457 6
4458 6
4459 7
4460 7
4461 7
4462 7
4463 7
4464 7
4465 7
4466 7
4467 7
4468 7
4469 7
4470 7
4471 7
4472 7
4473 7
4474 7
4475 7
4476 7
4477 7
4478 7
4479 7
4480 7
4481 7
4482 7
4483 7
4484 7
4485 7
4486 7
4487 7
4488 7
4489 7
4490 7
4491 7
4492 7
4493 7
4494 7
4495 7
4496 7
4497 7
4498 7
4499 7
4500 7
4501 7
4502 7
4503 7
4504 7
4505 7
4506 7
4507 7
4508 7
4509 7
4510 7
4511 7
4512 7
4513 7
4514 7
4515 7
4516 7
4517 7
4518 7
4519 7
4520 7
4521 7
4522 7
4523 7
4524 7
4525 7
4526 7
4527 7
4528 7
4529 7
4530 7
4531 7
4532 7
4533 7
4534 7
4535 7
4536 7
4537 7
4538 7
4539 7
4540 7
4541 7
4542 7
4543 7
4544 7
4545 7
4546 7
4547 7
4548 7
4549 7
4550 7
4551 7
4552 7
4553 7
4554 7
4555 7
4556 7
4557 7
4558 7
4559 7
4560 7
4561 7
4562 7
4563 7
4564 7
4565 7
4566 7
4567 7
4568 7
4569 7
4570 7
4571 7
4572 7
4573 7
4574 7
4575 7
4576 7
4577 7
4578 7
4579 7
4580 7
4581 7
4582 7
4583 7
4584 7
4585 7
4586 7
4587 7
4588 7
4589 7
4590 7
4591 7
4592 7
4593 7
4594 7
4595 7
4596 7
4597 7
4598 7
4599 7
4600 7
4601 7
4602 7
4603 7
4604 7
4605 7
4606 7
4607 7
4608 7
4609 7
4610 7
4611 7
4612 7
4613 7
4614 7
4615 7
4616 7
4617 7
4618 7
4619 7
4620 7
4621 7
4622 7
4623 7
4624 7
4625 7
4626 7
4627 7
4628 7
4629 7
4630 7
4631 7
4632 7
4633 7
4634 7
4635 7
4636 7
4637 7
4638 7
4639 7
4640 7
4641 7
4642 7
4643 7
4644 7
4645 7
4646 7
4647 7
4648 7
4649 7
4650 7
4651 7
4652 7
4653 7
4654 7
4655 7
4656 7
4657 7
4658 7
4659 7
4660 7
4661 7
4662 7
4663 7
4664 7
4665 7
4666 7
4667 7
4668 7
4669 7
4670 7
4671 7
4672 7
4673 7
4674 7
4675 7
4676 7
4677 7
4678 7
4679 7
4680 7
4681 7
4682 7
4683 7
4684 7
4685 7
4686 7
4687 7
4688 7
4689 7
4690 7
4691 7
4692 7
4693 7
4694 7
4695 7
4696 7
4697 7
4698 7
4699 7
4700 7
4701 7
4702 7
4703 7
4704 7
4705 7
4706 7
4707 7
4708 7
4709 7
4710 7
4711 7
4712 7
4713 7
4714 7
4715 7
4716 7
4717 7
4718 7
4719 7
4720 7
4721 7
4722 7
4723 7
4724 7
4725 7
4726 7
4727 7
4728 7
4729 7
4730 7
4731 7
4732 7
4733 7
4734 7
4735 7
4736 7
4737 7
4738 7
4739 7
4740 7
4741 7
4742 7
4743 7
4744 7
4745 7
4746 7
4747 7
4748 7
4749 7
4750 7
4751 7
4752 7
4753 7
4754 7
4755 7
4756 7
4757 8
4758 8
4759 8
4760 8
4761 8
4762 8
4763 8
4764 8
4765 8
4766 8
4767 8
4768 8
4769 8
4770 8
4771 8
4772 8
4773 8
4774 8
4775 8
4776 8
4777 8
4778 8
4779 8
4780 8
4781 8
4782 8
4783 8
4784 8
4785 8
4786 8
4787 8
4788 8
4789 8
4790 8
4791 8
4792 8
4793 8
4794 8
4795 8
4796 8
4797 8
4798 8
4799 8
4800 8
4801 8
4802 8
4803 8
4804 8
4805 8
4806 8
4807 8
4808 8
4809 8
4810 8
4811 8
4812 8
4813 8
4814 8
4815 8
4816 8
4817 8
4818 8
4819 8
4820 8
4821 8
4822 8
4823 8
4824 8
4825 8
4826 8
4827 8
4828 8
4829 8
4830 8
4831 8
4832 8
4833 8
4834 8
4835 8
4836 8
4837 8
4838 8
4839 8
4840 8
4841 8
4842 8
4843 8
4844 8
4845 8
4846 8
4847 8
4848 8
4849 8
4850 8
4851 8
4852 8
4853 8
4854 8
4855 8
4856 8
4857 8
4858 8
4859 8
4860 8
4861 8
4862 8
4863 8
4864 8
4865 8
4866 8
4867 8
4868 8
4869 8
4870 8
4871 8
4872 8
4873 8
4874 8
4875 8
4876 8
4877 8
4878 8
4879 8
4880 8
4881 8
4882 8
4883 8
4884 8
4885 8
4886 8
4887 8
4888 8
4889 8
4890 8
4891 8
4892 8
4893 8
4894 8
4895 8
4896 8
4897 8
4898 8
4899 8
4900 8
4901 8
4902 8
4903 8
4904 8
4905 8
4906 8
4907 8
4908 8
4909 8
4910 8
4911 8
4912 8
4913 8
4914 8
4915 8
4916 8
4917 8
4918 8
4919 8
4920 8
4921 8
4922 8
4923 8
4924 8
4925 8
4926 8
4927 8
4928 8
4929 8
4930 8
4931 8
4932 8
4933 8
4934 8
4935 8
4936 8
4937 8
4938 8
4939 8
4940 8
4941 8
4942 8
4943 8
4944 8
4945 8
4946 8
4947 8
4948 8
4949 8
4950 8
4951 8
4952 8
4953 8
4954 8
4955 8
4956 8
4957 8
4958 8
4959 8
4960 8
4961 8
4962 8
4963 8
4964 8
4965 8
4966 8
4967 8
4968 8
4969 9
4970 9
4971 9
4972 9
4973 9
4974 9
4975 9
4976 9
4977 9
4978 9
4979 9
4980 9
4981 9
4982 9
4983 9
4984 9
4985 9
4986 9
4987 9
4988 9
4989 9
4990 9
4991 9
4992 9
4993 9
4994 9
4995 9
4996 9
4997 9
4998 9
4999 9
5000 9
5001 9
5002 9
5003 9
5004 9
5005 9
5006 9
5007 9
5008 9
5009 9
5010 9
5011 9
5012 9
5013 9
5014 9
5015 9
5016 9
5017 9
5018 9
5019 9
5020 9
5021 9
5022 9
5023 9
5024 9
5025 9
5026 9
5027 9
5028 9
5029 9
5030 9
5031 9
5032 9
5033 9
5034 9
5035 9
5036 9
5037 9
5038 9
5039 9
5040 9
5041 9
5042 9
5043 9
5044 9
5045 9
5046 9
5047 9
5048 9
5049 9
5050 9
5051 9
5052 9
5053 9
5054 9
5055 9
5056 9
5057 9
5058 9
5059 9
5060 9
5061 9
5062 9
5063 9
5064 9
5065 9
5066 9
5067 9
5068 9
5069 9
5070 9
5071 9
5072 9
5073 9
5074 9
5075 9
5076 9
5077 9
5078 9
5079 9
5080 9
5081 9
5082 9
5083 9
5084 9
5085 9
5086 9
5087 9
5088 9
5089 9
5090 9
5091 9
5092 9
5093 9
5094 9
5095 9
5096 9
5097 9
5098 9
5099 9
5100 9
5101 9
5102 9
5103 9
5104 9
5105 9
5106 9
5107 9
5108 9
5109 9
5110 9
5111 9
5112 9
5113 9
5114 9
5115 9
5116 9
5117 9
5118 9
5119 9
5120 9
5121 9
5122 9
5123 9
5124 9
5125 9
5126 9
5127 9
5128 9
5129 9
5130 9
5131 9
5132 9
5133 9
5134 9
5135 9
5136 9
5137 9
5138 9
5139 9
5140 9
5141 9
5142 9
5143 9
5144 9
5145 9
5146 9
5147 9
5148 9
5149 9
5150 9
5151 9
5152 9
5153 9
5154 10
5155 10
5156 10
5157 10
5158 10
5159 10
5160 10
5161 10
5162 10
5163 10
5164 10
5165 10
5166 10
5167 10
5168 10
5169 10
5170 10
5171 10
5172 10
5173 10
5174 10
5175 10
5176 10
5177 10
5178 10
5179 10
5180 10
5181 10
5182 10
5183 10
5184 10
5185 10
5186 10
5187 10
5188 10
5189 10
5190 10
5191 10
5192 10
5193 10
5194 10
5195 10
5196 10
5197 10
5198 10
5199 10
5200 10
5201 10
5202 10
5203 10
5204 10
5205 10
5206 10
5207 10
5208 10
5209 10
5210 10
5211 10
5212 10
5213 10
5214 10
5215 10
5216 10
5217 10
5218 10
5219 10
5220 10
5221 10
5222 10
5223 10
5224 10
5225 10
5226 10
5227 10
5228 10
5229 10
5230 10
5231 10
5232 10
5233 10
5234 10
5235 10
5236 10
5237 10
5238 10
5239 10
5240 10
5241 10
5242 10
5243 10
5244 10
5245 10
5246 10
5247 10
5248 10
5249 10
5250 10
5251 10
5252 10
5253 10
5254 10
5255 10
5256 10
5257 10
5258 10
5259 10
5260 10
5261 10
5262 10
5263 10
5264 10
5265 10
5266 10
5267 10
5268 10
5269 10
5270 10
5271 10
5272 10
5273 10
5274 10
5275 10
5276 10
5277 10
5278 10
5279 10
5280 10
5281 10
5282 10
5283 10
5284 10
5285 10
5286 10
5287 10
5288 10
5289 10
5290 10
5291 10
5292 10
5293 10
5294 10
5295 10
5296 10
5297 10
5298 10
5299 10
5300 10
5301 10
5302 10
5303 10
5304 10
5305 10
5306 10
5307 10
5308 10
5309 10
5310 10
5311 10
5312 10
5313 10
5314 10
5315 10
5316 10
5317 10
5318 10
5319 10
5320 10
5321 10
5322 10
5323 10
5324 10
5325 10
5326 10
5327 10
5328 10
5329 10
5330 10
5331 10
5332 10
5333 10
5334 10
5335 10
5336 10
5337 10
5338 10
5339 10
5340 10
5341 10
5342 10
5343 10
5344 10
5345 10
5346 10
5347 10
5348 10
5349 10
5350 10
5351 10
5352 10
5353 10
5354 10
5355 10
5356 10
5357 10
5358 10
5359 10
5360 10
5361 10
5362 10
5363 10
5364 10
5365 10
5366 10
5367 10
5368 10
5369 10
5370 10
5371 10
5372 10
5373 10
5374 10
5375 10
5376 10
5377 10
5378 10
5379 10
5380 10
5381 10
5382 10
5383 10
5384 10
5385 10
5386 10
5387 10
5388 10
5389 10
5390 10
5391 10
5392 10
5393 10
5394 10
5395 10
5396 10
5397 10
5398 10
5399 10
5400 10
5401 10
5402 10
5403 10
5404 10
5405 10
5406 10
5407 10
5408 10
5409 10
5410 10
5411 10
5412 10
5413 10
5414 10
5415 10
5416 10
5417 10
5418 10
5419 10
5420 10
5421 10
5422 10
5423 10
5424 10
5425 10
5426 10
5427 10
5428 10
5429 10
5430 10
5431 10
5432 10
5433 10
5434 10
5435 10
5436 10
5437 10
5438 10
5439 10
5440 10
5441 10
5442 10
5443 10
5444 10
5445 10
5446 10
5447 10
5448 10
5449 10
5450 10
5451 10
5452 10
5453 10
5454 10
5455 10
5456 10
5457 10
5458 10
5459 10
5460 10
5461 10
5462 10
5463 10
5464 10
5465 10
5466 10
5467 10
5468 10
5469 10
5470 10
5471 10
5472 10
5473 10
5474 10
5475 10
5476 10
5477 10
5478 10
5479 10
5480 10
5481 10
5482 10
5483 10
5484 10
5485 10
5486 10
5487 10
5488 10
5489 10
5490 10
5491 10
5492 10
5493 10
5494 10
5495 10
5496 10
5497 10
5498 10
5499 10
5500 10
5501 10
5502 10
5503 10
5504 10
5505 10
5506 10
5507 10
5508 10
5509 10
5510 10
5511 10
5512 10
5513 10
5514 10
5515 10
5516 10
5517 10
5518 10
5519 10
5520 10
5521 10
5522 10
5523 10
5524 10
5525 10
5526 10
5527 10
5528 10
5529 10
5530 10
5531 10
5532 10
5533 10
5534 10
5535 10
5536 10
5537 10
5538 10
5539 10
5540 10
5541 10
5542 10
5543 10
5544 10
5545 10
5546 10
5547 10
5548 10
5549 10
5550 10
5551 10
5552 10
5553 10
5554 10
5555 10
5556 10
5557 10
5558 10
5559 10
5560 10
5561 10
5562 10
5563 10
5564 10
5565 10
5566 10
5567 10
5568 10
5569 10
5570 10
5571 10
5572 10
5573 10
5574 10
5575 10
5576 10
5577 10
5578 10
5579 10
5580 10
5581 10
5582 10
5583 10
5584 10
5585 10
5586 10
5587 10
5588 10
5589 10
5590 10
5591 10
5592 10
5593 10
5594 10
5595 10
5596 10
5597 10
5598 10
5599 10
5600 10
5601 10
5602 10
5603 10
5604 10
5605 10
5606 10
5607 10
5608 10
5609 10
5610 10
5611 10
5612 10
5613 10
5614 10
5615 10
5616 10
5617 10
5618 10
5619 10
5620 10
5621 10
5622 10
5623 10
5624 10
5625 10
5626 10
5627 10
5628 10
5629 10
5630 10
5631 10
5632 10
5633 10
5634 10
5635 10
5636 10
5637 10
5638 10
5639 10
5640 10
5641 10
5642 10
5643 10
5644 10
5645 10
5646 10
5647 10
5648 10
5649 10
5650 10
5651 10
5652 10
5653 10
5654 10
5655 10
5656 10
5657 10
5658 10
5659 10
5660 10
5661 10
5662 10
5663 10
5664 10
5665 10
5666 10
5667 10
5668 10
5669 10
5670 10
5671 10
5672 10
5673 10
5674 10
5675 10
5676 10
5677 10
5678 10
5679 10
5680 10
5681 10
5682 10
5683 10
5684 10
5685 10
5686 10
5687 10
5688 10
5689 10
5690 10
5691 10
5692 10
5693 10
5694 10
5695 10
5696 10
5697 10
5698 10
5699 10
5700 10
5701 10
5702 10
5703 10
5704 10
5705 10
5706 10
5707 10
5708 10
5709 10
5710 10
5711 10
5712 10
5713 10
5714 10
5715 10
5716 10
5717 10
5718 10
5719 10
5720 10
5721 10
5722 10
5723 10
5724 10
5725 10
5726 10
5727 10
5728 10
5729 10
5730 10
5731 10
5732 10
5733 10
5734 10
5735 10
5736 10
5737 10
5738 10
5739 10
5740 10
5741 10
5742 10
5743 10
5744 10
5745 10
5746 10
5747 10
5748 10
5749 10
5750 10
5751 10
5752 10
5753 10
5754 10
5755 10
5756 10
5757 10
5758 10
5759 10
5760 10
5761 10
5762 10
5763 10
5764 10
5765 10
5766 10
5767 10
5768 10
5769 10
5770 10
5771 10
5772 10
5773 10
5774 10
5775 10
5776 10
5777 10
5778 10
5779 10
5780 10
5781 10
5782 10
5783 10
5784 10
5785 10
5786 10
5787 10
5788 10
5789 10
5790 10
5791 10
5792 10
5793 10
5794 10
5795 10
5796 10
5797 10
5798 10
5799 10
5800 10
5801 10
5802 10
5803 10
5804 10
5805 10
5806 10
5807 10
5808 10
5809 10
5810 10
5811 10
5812 10
5813 10
5814 10
5815 10
5816 10
5817 10
5818 10
5819 10
5820 10
5821 10
5822 10
5823 10
5824 10
5825 10
5826 10
5827 10
5828 10
5829 10
5830 10
5831 10
5832 10
5833 10
5834 10
5835 10
5836 10
5837 10
5838 10
5839 10
5840 10
5841 10
5842 10
5843 10
5844 10
5845 10
5846 10
5847 10
5848 10
5849 10
5850 10
5851 10
5852 10
5853 10
5854 10
5855 10
5856 10
5857 10
5858 10
5859 10
5860 10
5861 10
5862 10
5863 10
5864 10
5865 10
5866 10
5867 10
5868 10
5869 10
5870 10
5871 10
5872 10
5873 10
5874 10
5875 10
5876 10
5877 10
5878 10
5879 10
5880 10
5881 10
5882 10
5883 10
5884 10
5885 10
5886 10
5887 10
5888 10
5889 10
5890 10
5891 10
5892 10
5893 10
5894 10
5895 10
5896 10
5897 10
5898 10
5899 10
5900 10
5901 10
5902 10
5903 10
5904 10
5905 10
5906 10
5907 10
5908 10
5909 10
5910 10
5911 10
5912 10
5913 10
5914 10
5915 10
5916 10
5917 10
5918 10
5919 10
5920 10
5921 10
5922 10
5923 10
5924 10
5925 10
5926 10
5927 10
5928 10
5929 10
5930 10
5931 10
5932 10
5933 10
5934 10
5935 10
5936 10
5937 10
5938 10
5939 10
5940 10
5941 10
5942 10
5943 10
5944 10
5945 10
5946 10
5947 10
5948 10
5949 10
5950 10
5951 10
5952 10
5953 10
5954 10
5955 10
5956 10
5957 10
5958 10
5959 10
5960 10
5961 10
5962 10
5963 10
5964 10
5965 10
5966 10
5967 10
5968 10
5969 10
5970 10
5971 10
5972 10
5973 10
5974 10
5975 10
5976 10
5977 10
5978 10
5979 10
5980 10
5981 10
5982 10
5983 10
5984 10
5985 10
5986 10
5987 10
5988 10
5989 10
5990 10
5991 10
5992 10
5993 10
5994 10
5995 10
5996 10
5997 10
5998 10
5999 10
6000 10
6001 10
6002 10
6003 10
6004 10
6005 10
6006 10
6007 10
6008 10
6009 10
6010 10
6011 10
6012 10
6013 10
6014 10
6015 10
6016 10
6017 10
6018 10
6019 10
6020 10
6021 10
6022 10
6023 10
6024 10
6025 10
6026 10
6027 10
6028 10
6029 10
6030 10
6031 10
6032 10
6033 10
6034 10
6035 10
6036 10
6037 10
6038 10
6039 10
6040 10
6041 10
6042 10
6043 10
6044 10
6045 10
6046 10
6047 10
6048 10
6049 10
6050 10
6051 10
6052 10
6053 10
6054 10
6055 10
6056 10
6057 10
6058 10
6059 10
6060 10
6061 10
6062 10
6063 10
6064 10
6065 10
6066 10
6067 10
6068 10
6069 10
6070 10
6071 10
6072 10
6073 10
6074 10
6075 10
6076 10
6077 10
6078 10
6079 10
6080 10
6081 10
6082 10
6083 10
6084 10
6085 10
6086 10
6087 10
6088 10
6089 10
6090 10
6091 10
6092 10
6093 10
6094 10
6095 10
6096 10
6097 10
6098 10
6099 10
6100 10
6101 10
6102 10
6103 10
6104 10
6105 10
6106 10
6107 10
6108 10
6109 10
6110 10
6111 10
6112 10
6113 10
6114 10
6115 10
6116 10
6117 10
6118 10
6119 10
6120 10
6121 10
6122 10
6123 10
6124 10
6125 10
6126 10
6127 10
6128 10
6129 10
6130 10
6131 10
6132 10
6133 10
6134 10
6135 10
6136 10
6137 10
6138 10
6139 10
6140 10
6141 10
6142 10
6143 10
6144 10
6145 10
6146 10
6147 10
6148 10
6149 10
6150 10
6151 10
6152 10
6153 10
6154 10
6155 10
6156 10
6157 10
6158 10
6159 10
6160 10
6161 10
6162 10
6163 10
6164 10
6165 10
6166 10
6167 10
6168 10
6169 10
6170 10
6171 10
6172 10
6173 10
6174 10
6175 10
6176 10
6177 10
6178 10
6179 10
6180 10
6181 10
6182 10
6183 10
6184 10
6185 10
6186 10
6187 10
6188 10
6189 10
6190 10
6191 10
6192 10
6193 10
6194 10
6195 10
6196 10
6197 10
6198 10
6199 10
6200 10
6201 10
6202 10
6203 10
6204 10
6205 10
6206 10
6207 10
6208 10
6209 10
6210 10
6211 10
6212 10
6213 10
6214 10
6215 10
6216 10
6217 10
6218 10
6219 10
6220 10
6221 10
6222 10
6223 10
6224 10
6225 10
6226 10
6227 10
6228 10
6229 10
6230 10
6231 10
6232 10
6233 10
6234 10
6235 10
6236 10
6237 10
6238 10
6239 10
6240 10
6241 10
6242 10
6243 10
6244 10
6245 10
6246 10
6247 10
6248 10
6249 10
6250 10
6251 10
6252 10
6253 10
6254 10
6255 10
6256 10
6257 10
6258 10
6259 10
6260 10
6261 10
6262 10
6263 10
6264 10
6265 10
6266 10
6267 10
6268 10
6269 10
6270 10
6271 10
6272 10
6273 10
6274 10
6275 10
6276 10
6277 10
6278 10
6279 10
6280 10
6281 10
6282 10
6283 10
6284 10
6285 10
6286 10
6287 10
6288 10
6289 10
6290 10
6291 10
6292 10
6293 10
6294 10
6295 10
6296 10
6297 10
6298 10
6299 10
6300 10
6301 10
6302 10
6303 10
6304 10
6305 10
6306 10
6307 10
6308 10
6309 10
6310 10
6311 10
6312 10
6313 10
6314 10
6315 10
6316 10
6317 10
6318 10
6319 10
6320 10
6321 10
6322 10
6323 10
6324 10
6325 10
6326 10
6327 10
6328 10
6329 10
6330 10
6331 10
6332 10
6333 10
6334 10
6335 10
6336 10
6337 10
6338 10
6339 10
6340 10
6341 10
6342 10
6343 10
6344 10
6345 10
6346 10
6347 10
6348 10
6349 10
6350 10
6351 10
6352 10
6353 10
6354 10
6355 10
6356 10
6357 10
6358 10
6359 10
6360 10
6361 10
6362 10
6363 10
6364 10
6365 10
6366 10
6367 10
6368 10
6369 10
6370 10
6371 10
6372 10
6373 10
6374 10
6375 10
6376 10
6377 10
6378 10
6379 10
6380 10
6381 10
6382 10
6383 10
6384 10
6385 10
6386 10
6387 10
6388 10
6389 10
6390 10
6391 10
6392 10
6393 10
6394 10
6395 10
6396 10
6397 10
6398 10
6399 10
6400 10
6401 10
6402 10
6403 10
6404 10
6405 10
6406 10
6407 10
6408 10
6409 10
6410 10
6411 10
6412 10
6413 10
6414 10
6415 10
6416 10
6417 10
6418 10
6419 10
6420 10
6421 10
6422 10
6423 10
6424 10
6425 10
6426 10
6427 10
6428 10
6429 10
6430 10
6431 10
6432 10
6433 10
6434 10
6435 10
6436 10
6437 10
6438 10
6439 10
6440 10
6441 10
6442 10
6443 10
6444 10
6445 10
6446 10
6447 10
6448 10
6449 10
6450 10
6451 10
6452 10
6453 10
6454 10
6455 10
6456 10
6457 10
6458 10
6459 10
6460 10
6461 10
6462 10
6463 10
6464 10
6465 10
6466 10
6467 10
6468 10
6469 10
6470 10
6471 10
6472 10
6473 10
6474 10
6475 10
6476 10
6477 10
6478 10
6479 10
6480 10
6481 10
6482 10
6483 10
6484 10
6485 10
6486 10
6487 10
6488 10
6489 10
6490 10
6491 10
6492 10
6493 10
6494 10
6495 10
6496 10
6497 10
6498 10
6499 10
6500 10
6501 10
6502 10
6503 10
6504 10
6505 10
6506 10
6507 10
6508 10
6509 10
6510 10
6511 10
6512 10
6513 10
6514 10
6515 10
6516 10
6517 10
6518 10
6519 10
6520 10
6521 10
6522 10
6523 10
6524 10
6525 10
6526 10
6527 10
6528 10
6529 10
6530 10
6531 10
6532 10
6533 10
6534 10
6535 10
6536 10
6537 10
6538 10
6539 10
6540 10
6541 10
6542 10
6543 10
6544 10
6545 10
6546 10
6547 10
6548 10
6549 10
6550 10
6551 10
6552 10
6553 10
6554 10
6555 10
6556 10
6557 10
6558 10
6559 10
6560 10
6561 10
6562 10
6563 10
6564 10
6565 10
6566 10
6567 10
6568 10
6569 10
6570 10
6571 10
6572 10
6573 10
6574 10
6575 10
6576 10
6577 10
6578 10
6579 10
6580 10
6581 10
6582 10
6583 10
6584 10
6585 10
6586 10
6587 10
6588 10
6589 10
6590 10
6591 10
6592 10
6593 10
6594 10
6595 10
6596 10
6597 10
6598 10
6599 10
6600 10
6601 10
6602 10
6603 10
6604 10
6605 10
6606 10
6607 10
6608 10
6609 10
6610 10
6611 10
6612 10
6613 10
6614 10
6615 10
6616 10
6617 10
6618 10
6619 10
6620 10
6621 10
6622 10
6623 10
6624 10
6625 10
6626 10
6627 10
6628 10
6629 10
6630 10
6631 10
6632 10
6633 10
6634 10
6635 10
6636 10
6637 10
6638 10
6639 10
6640 10
6641 10
6642 10
6643 10
6644 10
6645 10
6646 10
6647 10
6648 10
6649 10
6650 10
6651 10
6652 10
6653 10
6654 10
6655 10
6656 10
6657 10
6658 10
6659 10
6660 10
6661 10
6662 10
6663 10
6664 10
6665 10
6666 10
6667 10
6668 10
6669 10
6670 10
6671 10
6672 10
6673 10
6674 10
6675 10
6676 10
6677 10
6678 10
6679 10
6680 10
6681 10
6682 10
6683 10
6684 10
6685 10
6686 10
6687 10
6688 10
6689 10
6690 10
6691 10
6692 10
6693 10
6694 10
6695 10
6696 10
6697 10
6698 10
6699 10
6700 10
6701 10
6702 10
6703 10
6704 10
6705 10
6706 10
6707 10
6708 10
6709 10
6710 10
6711 10
6712 10
6713 10
6714 10
6715 10
6716 10
6717 10
6718 10
6719 10
6720 10
6721 10
6722 10
6723 10
6724 10
6725 10
6726 10
6727 10
6728 10
6729 10
6730 10
6731 10
6732 10
6733 10
6734 10
6735 10
6736 10
6737 10
6738 10
6739 10
6740 10
6741 10
6742 10
6743 10
6744 10
6745 10
6746 10
6747 10
6748 10
6749 10
6750 10
6751 10
6752 10
6753 10
6754 10
6755 10
6756 10
6757 10
6758 10
6759 10
6760 10
6761 10
6762 10
6763 10
6764 10
6765 10
6766 10
6767 10
6768 10
6769 10
6770 10
6771 10
6772 10
6773 10
6774 10
6775 10
6776 10
6777 10
6778 10
6779 10
6780 10
6781 10
6782 10
6783 10
6784 10
6785 10
6786 10
6787 10
6788 10
6789 10
6790 10
6791 10
6792 10
6793 10
6794 10
6795 10
6796 10
6797 10
6798 10
6799 10
6800 10
6801 10
6802 10
6803 10
6804 10
6805 10
6806 10
6807 10
6808 10
6809 10
6810 10
6811 10
6812 10
6813 10
6814 10
6815 10
6816 10
6817 10
6818 10
6819 10
6820 10
6821 10
6822 10
6823 10
6824 10
6825 10
6826 10
6827 10
6828 10
6829 10
6830 10
6831 10
6832 10
6833 10
6834 10
6835 10
6836 10
6837 10
6838 10
6839 10
6840 10
6841 10
6842 10
6843 10
6844 10
6845 10
6846 10
6847 10
6848 10
6849 10
6850 10
6851 10
6852 10
6853 10
6854 10
6855 10
6856 10
6857 10
6858 10
6859 10
6860 10
6861 10
6862 10
6863 10
6864 10
6865 10
6866 10
6867 10
6868 10
6869 10
6870 10
6871 10
6872 10
6873 10
6874 10
6875 10
6876 10
6877 10
6878 10
6879 10
6880 10
6881 10
6882 10
6883 10
6884 10
6885 10
6886 10
6887 10
6888 10
6889 10
6890 10
6891 10
6892 10
6893 10
6894 10
6895 10
6896 10
6897 10
6898 10
6899 10
6900 10
6901 10
6902 10
6903 10
6904 10
6905 10
6906 10
6907 10
6908 10
6909 10
6910 10
6911 10
6912 10
6913 10
6914 10
6915 10
6916 10
6917 10
6918 10
6919 10
6920 10
6921 10
6922 10
6923 10
6924 10
6925 10
6926 10
6927 10
6928 10
6929 10
6930 10
6931 10
6932 10
6933 10
6934 10
6935 10
6936 10
6937 10
6938 10
6939 10
6940 10
6941 10
6942 10
6943 10
6944 10
6945 10
6946 10
6947 10
6948 10
6949 10
6950 10
6951 10
6952 10
6953 10
6954 10
6955 10
6956 10
6957 10
6958 10
6959 10
6960 10
6961 10
6962 10
6963 10
6964 10
6965 10
6966 10
6967 10
6968 10
6969 10
6970 10
6971 10
6972 10
6973 10
6974 10
6975 10
6976 10
6977 10
6978 10
6979 10
6980 10
6981 10
6982 10
6983 10
6984 10
6985 10
6986 10
6987 10
6988 10
6989 10
6990 10
6991 10
6992 10
6993 10
6994 10
6995 10
6996 10
6997 10
6998 10
6999 10
7000 10
7001 10
7002 10
7003 10
7004 10
7005 10
7006 10
7007 10
7008 10
7009 10
7010 10
7011 10
7012 10
7013 10
7014 10
7015 10
7016 10
7017 10
7018 10
7019 10
7020 10
7021 10
7022 10
7023 10
7024 10
7025 10
7026 10
7027 10
7028 10
7029 10
7030 10
7031 10
7032 10
7033 10
7034 11
7035 11
7036 11
7037 11
7038 11
7039 11
7040 11
7041 11
7042 11
7043 11
7044 11
7045 11
7046 11
7047 11
7048 11
7049 11
7050 11
7051 11
7052 11
7053 11
7054 11
7055 11
7056 11
7057 11
7058 11
7059 11
7060 11
7061 11
7062 11
7063 11
7064 11
7065 11
7066 11
7067 11
7068 11
7069 11
7070 11
7071 11
7072 11
7073 11
7074 11
7075 11
7076 11
7077 11
7078 11
7079 11
7080 11
7081 11
7082 11
7083 11
7084 11
7085 11
7086 11
7087 11
7088 11
7089 11
7090 11
7091 11
7092 11
7093 11
7094 11
7095 11
7096 11
7097 11
7098 11
7099 11
7100 11
7101 11
7102 11
7103 11
7104 11
7105 11
7106 11
7107 11
7108 11
7109 11
7110 11
7111 11
7112 11
7113 11
7114 11
7115 11
7116 11
7117 11
7118 11
7119 11
7120 11
7121 11
7122 11
7123 11
7124 11
7125 11
7126 11
7127 11
7128 11
7129 11
7130 11
7131 11
7132 11
7133 11
7134 11
7135 11
7136 11
7137 11
7138 11
7139 11
7140 11
7141 11
7142 11
7143 11
7144 11
7145 11
7146 11
7147 11
7148 11
7149 11
7150 11
7151 11
7152 11
7153 11
7154 11
7155 11
7156 11
7157 11
7158 11
7159 11
7160 11
7161 11
7162 11
7163 11
7164 11
7165 11
7166 11
7167 11
7168 11
7169 11
7170 11
7171 11
7172 11
7173 11
7174 11
7175 11
7176 11
7177 11
7178 11
7179 11
7180 11
7181 11
7182 11
7183 11
7184 11
7185 11
7186 11
7187 11
7188 11
7189 11
7190 11
7191 11
7192 11
7193 11
7194 11
7195 11
7196 11
7197 11
7198 11
7199 11
7200 11
7201 11
7202 11
7203 11
7204 11
7205 11
7206 11
7207 11
7208 11
7209 11
7210 11
7211 11
7212 11
7213 11
7214 11
7215 11
7216 11
7217 11
7218 11
7219 11
7220 11
7221 11
7222 11
7223 11
7224 11
7225 11
7226 11
7227 11
7228 11
7229 11
7230 11
7231 11
7232 11
7233 11
7234 11
7235 11
7236 11
7237 11
7238 11
7239 11
7240 11
7241 11
7242 11
7243 11
7244 11
7245 11
7246 11
7247 11
7248 11
7249 11
7250 11
7251 11
7252 11
7253 11
7254 11
7255 11
7256 11
7257 11
7258 11
7259 11
7260 11
7261 11
7262 11
7263 11
7264 11
7265 11
7266 11
7267 11
7268 11
7269 11
7270 11
7271 11
7272 11
7273 11
7274 11
7275 11
7276 11
7277 11
7278 11
7279 11
7280 11
7281 11
7282 11
7283 11
7284 11
7285 11
7286 11
7287 11
7288 11
7289 11
7290 11
7291 11
7292 11
7293 11
7294 11
7295 11
7296 11
7297 11
7298 11
7299 11
7300 11
7301 11
7302 11
7303 11
7304 11
7305 11
7306 11
7307 11
7308 11
7309 11
7310 11
7311 11
7312 11
7313 11
7314 11
7315 11
7316 11
7317 11
7318 11
7319 11
7320 11
7321 11
7322 11
7323 11
7324 11
7325 11
7326 11
7327 11
7328 11
7329 11
7330 11
7331 11
7332 11
7333 11
7334 11
7335 11
7336 11
7337 11
7338 11
7339 11
7340 11
7341 11
7342 11
7343 11
7344 11
7345 11
7346 11
7347 11
7348 11
7349 11
7350 11
7351 11
7352 11
7353 11
7354 11
7355 11
7356 11
7357 11
7358 11
7359 11
7360 11
7361 11
7362 11
7363 11
7364 11
7365 11
7366 11
7367 11
7368 11
7369 11
7370 11
7371 11
7372 11
7373 11
7374 11
7375 11
7376 11
7377 11
7378 11
7379 11
7380 11
7381 11
7382 11
7383 11
7384 11
7385 11
7386 11
7387 11
7388 11
7389 11
7390 11
7391 11
7392 11
7393 11
7394 11
7395 11
7396 11
7397 11
7398 11
7399 11
7400 11
7401 11
7402 11
7403 11
7404 11
7405 11
7406 11
7407 11
7408 11
7409 11
7410 11
7411 11
7412 11
7413 11
7414 11
7415 11
7416 11
7417 11
7418 11
7419 11
7420 11
7421 11
7422 11
7423 11
7424 11
7425 11
7426 11
7427 11
7428 11
7429 11
7430 11
7431 11
7432 11
7433 11
7434 11
7435 11
7436 11
7437 11
7438 11
7439 11
7440 11
7441 12
7442 12
7443 12
7444 12
7445 12
7446 12
7447 12
7448 12
7449 12
7450 12
7451 12
7452 12
7453 12
7454 12
7455 12
7456 12
7457 12
7458 12
7459 12
7460 12
7461 12
7462 12
7463 12
7464 12
7465 12
7466 12
7467 12
7468 12
7469 12
7470 12
7471 12
7472 12
7473 12
7474 12
7475 12
7476 12
7477 12
7478 12
7479 12
7480 12
7481 12
7482 12
7483 12
7484 12
7485 12
7486 12
7487 12
7488 12
7489 12
7490 12
7491 12
7492 12
7493 12
7494 12
7495 12
7496 12
7497 12
7498 12
7499 12
7500 12
7501 12
7502 12
7503 12
7504 12
7505 12
7506 12
7507 12
7508 12
7509 12
7510 12
7511 12
7512 12
7513 12
7514 12
7515 12
7516 12
7517 12
7518 12
7519 12
7520 12
7521 12
7522 12
7523 12
7524 12
7525 12
7526 12
7527 12
7528 12
7529 12
7530 12
7531 12
7532 12
7533 12
7534 12
7535 12
7536 12
7537 12
7538 12
7539 12
7540 12
7541 12
7542 12
7543 12
7544 12
7545 12
7546 12
7547 12
7548 12
7549 12
7550 12
7551 12
7552 12
7553 12
7554 12
7555 12
7556 12
7557 12
7558 12
7559 12
7560 12
7561 12
7562 12
7563 12
7564 12
7565 12
7566 12
7567 12
7568 12
7569 12
7570 12
7571 12
7572 12
7573 12
7574 12
7575 12
7576 12
7577 12
7578 12
7579 12
7580 12
7581 12
7582 12
7583 12
7584 12
7585 12
7586 12
7587 12
7588 12
7589 12
7590 12
7591 12
7592 12
7593 12
7594 12
7595 12
7596 12
7597 12
7598 12
7599 12
7600 12
7601 12
7602 12
7603 12
7604 12
7605 12
7606 12
7607 12
7608 12
7609 12
7610 12
7611 12
7612 12
7613 12
7614 12
7615 12
7616 12
7617 12
7618 12
7619 12
7620 12
7621 12
7622 12
7623 12
7624 12
7625 12
7626 12
7627 12
7628 12
7629 12
7630 12
7631 12
7632 12
7633 12
7634 12
7635 12
7636 12
7637 12
7638 12
7639 12
7640 12
7641 12
7642 12
7643 12
7644 12
7645 12
7646 12
7647 12
7648 12
7649 12
7650 12
7651 12
7652 12
7653 12
7654 12
7655 12
7656 12
7657 12
7658 12
7659 12
7660 12
7661 12
7662 12
7663 12
7664 12
7665 12
7666 12
7667 12
7668 12
7669 12
7670 12
7671 12
7672 12
7673 12
7674 12
7675 12
7676 12
7677 12
7678 12
7679 12
7680 12
7681 12
7682 12
7683 12
7684 12
7685 12
7686 12
7687 12
7688 12
7689 12
7690 12
7691 12
7692 12
7693 12
7694 12
7695 12
7696 12
7697 12
7698 12
7699 12
7700 12
7701 12
7702 12
7703 12
7704 12
7705 12
7706 12
7707 12
7708 12
7709 12
7710 12
7711 12
7712 12
7713 12
7714 12
7715 12
7716 12
7717 12
7718 12
7719 12
7720 12
7721 12
7722 12
7723 12
7724 12
7725 12
7726 12
7727 12
7728 12
7729 12
7730 12
7731 12
7732 12
7733 12
7734 12
7735 12
7736 12
7737 12
7738 12
7739 12
7740 12
7741 12
7742 12
7743 12
7744 12
7745 12
7746 12
7747 12
7748 12
7749 12
7750 12
7751 12
7752 12
7753 12
7754 12
7755 12
7756 12
7757 12
7758 12
7759 12
7760 12
7761 12
7762 12
7763 12
7764 12
7765 12
7766 12
7767 12
7768 12
7769 12
7770 12
7771 12
7772 12
7773 12
7774 12
7775 12
7776 12
7777 12
7778 12
7779 12
7780 12
7781 12
7782 12
7783 12
7784 12
7785 12
7786 12
7787 12
7788 12
7789 12
7790 12
7791 12
7792 12
7793 12
7794 12
7795 12
7796 12
7797 12
7798 12
7799 12
7800 12
7801 12
7802 12
7803 12
7804 12
7805 12
7806 12
7807 12
7808 12
7809 12
7810 12
7811 12
7812 12
7813 12
7814 12
7815 12
7816 12
7817 12
7818 12
7819 12
7820 12
7821 12
7822 12
7823 12
7824 12
7825 12
7826 12
7827 12
7828 12
7829 12
7830 12
7831 12
7832 12
7833 12
7834 12
7835 12
7836 12
7837 12
7838 12
7839 12
7840 12
7841 12
7842 12
7843 12
7844 12
7845 12
7846 12
7847 12
7848 12
7849 12
7850 12
7851 12
7852 12
7853 12
7854 12
7855 12
7856 12
7857 12
7858 12
7859 12
7860 12
7861 12
7862 12
7863 12
7864 12
7865 12
7866 12
7867 12
7868 12
7869 12
7870 12
7871 12
7872 12
7873 12
7874 12
7875 12
7876 12
7877 12
7878 12
7879 12
7880 12
7881 12
7882 12
7883 12
7884 12
7885 12
7886 12
7887 12
7888 12
7889 12
7890 12
7891 12
7892 12
7893 12
7894 12
7895 12
7896 12
7897 12
7898 12
7899 12
7900 12
7901 12
7902 12
7903 12
7904 12
7905 12
7906 12
7907 12
7908 12
7909 12
7910 12
7911 12
7912 12
7913 12
7914 12
7915 12
7916 12
7917 12
7918 12
7919 12
7920 12
7921 12
7922 12
7923 12
7924 12
7925 12
7926 12
7927 12
7928 12
7929 12
7930 12
7931 12
7932 12
7933 12
7934 12
7935 12
7936 12
7937 12
7938 12
7939 12
7940 12
7941 12
7942 12
7943 12
7944 13
7945 13
7946 13
7947 13
7948 13
7949 13
7950 13
7951 13
7952 13
7953 13
7954 13
7955 13
7956 13
7957 13
7958 13
7959 13
7960 13
7961 13
7962 13
7963 13
7964 13
7965 13
7966 13
7967 13
7968 13
7969 13
7970 13
7971 13
7972 13
7973 13
7974 13
7975 13
7976 13
7977 13
7978 13
7979 13
7980 13
7981 13
7982 13
7983 13
7984 13
7985 13
7986 13
7987 13
7988 13
7989 13
7990 13
7991 13
7992 13
7993 13
7994 13
7995 13
7996 13
7997 13
7998 13
7999 13
8000 13
8001 13
8002 13
8003 13
8004 13
8005 13
8006 13
8007 13
8008 13
8009 13
8010 13
8011 13
8012 13
8013 13
8014 13
8015 13
8016 13
8017 13
8018 13
8019 13
8020 13
8021 13
8022 13
8023 13
8024 13
8025 13
8026 13
8027 13
8028 13
8029 13
8030 13
8031 13
8032 13
8033 13
8034 13
8035 13
8036 13
8037 13
8038 13
8039 13
8040 13
8041 13
8042 13
8043 13
8044 13
8045 13
8046 13
8047 13
8048 13
8049 13
8050 13
8051 13
8052 13
8053 13
8054 13
8055 13
8056 13
8057 13
8058 13
8059 13
8060 13
8061 13
8062 13
8063 13
8064 13
8065 13
8066 13
8067 13
8068 13
8069 13
8070 13
8071 13
8072 13
8073 13
8074 13
8075 13
8076 13
8077 13
8078 13
8079 13
8080 13
8081 13
8082 13
8083 13
8084 13
8085 13
8086 13
8087 13
8088 13
8089 13
8090 13
8091 13
8092 13
8093 13
8094 13
8095 13
8096 13
8097 13
8098 13
8099 13
8100 13
8101 13
8102 13
8103 13
8104 13
8105 13
8106 13
8107 13
8108 13
8109 13
8110 13
8111 13
8112 13
8113 13
8114 13
8115 13
8116 13
8117 13
8118 13
8119 13
8120 13
8121 13
8122 13
8123 13
8124 13
8125 13
8126 13
8127 13
8128 13
8129 13
8130 13
8131 13
8132 13
8133 13
8134 13
8135 13
8136 13
8137 13
8138 13
8139 13
8140 13
8141 13
8142 13
8143 13
8144 13
8145 13
8146 13
8147 13
8148 13
8149 13
8150 13
8151 13
8152 13
8153 13
8154 13
8155 13
8156 13
8157 13
8158 13
8159 13
8160 13
8161 13
8162 13
8163 13
8164 13
8165 13
8166 13
8167 13
8168 13
8169 13
8170 13
8171 13
8172 13
8173 13
8174 13
8175 13
8176 13
8177 13
8178 13
8179 13
8180 13
8181 13
8182 13
8183 13
8184 13
8185 13
8186 13
8187 13
8188 13
8189 13
8190 13
8191 13
8192 13
8193 13
8194 13
8195 13
8196 13
8197 13
8198 13
8199 13
8200 13
8201 13
8202 13
8203 13
8204 13
8205 13
8206 13
8207 13
8208 13
8209 13
8210 13
8211 13
8212 13
8213 13
8214 13
8215 13
8216 13
8217 13
8218 13
8219 13
8220 13
8221 13
8222 13
8223 13
8224 13
8225 13
8226 13
8227 13
8228 13
8229 13
8230 13
8231 13
8232 13
8233 13
8234 13
8235 13
8236 13
8237 13
8238 13
8239 13
8240 13
8241 13
8242 13
8243 13
8244 13
8245 13
8246 13
8247 13
8248 13
8249 13
8250 13
8251 13
8252 13
8253 13
8254 13
8255 13
8256 13
8257 13
8258 13
8259 13
8260 13
8261 13
8262 13
8263 13
8264 13
8265 13
8266 13
8267 13
8268 13
8269 13
8270 13
8271 13
8272 13
8273 13
8274 13
8275 13
8276 13
8277 13
8278 13
8279 13
8280 13
8281 13
8282 13
8283 13
8284 13
8285 13
8286 13
8287 13
8288 13
8289 13
8290 13
8291 13
8292 13
8293 13
8294 13
8295 13
8296 13
8297 13
8298 13
8299 13
8300 13
8301 13
8302 13
8303 13
8304 14
8305 14
8306 14
8307 14
8308 14
8309 14
8310 14
8311 14
8312 14
8313 14
8314 14
8315 14
8316 14
8317 14
8318 14
8319 14
8320 14
8321 14
8322 14
8323 14
8324 14
8325 14
8326 14
8327 14
8328 14
8329 14
8330 14
8331 14
8332 14
8333 14
8334 14
8335 14
8336 14
8337 14
8338 14
8339 14
8340 14
8341 14
8342 14
8343 14
8344 14
8345 14
8346 14
8347 14
8348 14
8349 14
8350 14
8351 14
8352 14
8353 14
8354 14
8355 14
8356 14
8357 14
8358 14
8359 14
8360 14
8361 14
8362 14
8363 14
8364 14
8365 14
8366 14
8367 14
8368 14
8369 14
8370 14
8371 14
8372 14
8373 14
8374 14
8375 14
8376 14
8377 14
8378 14
8379 14
8380 14
8381 14
8382 14
8383 14
8384 14
8385 14
8386 14
8387 14
8388 14
8389 14
8390 14
8391 14
8392 14
8393 14
8394 14
8395 14
8396 14
8397 14
8398 14
8399 14
8400 14
8401 14
8402 14
8403 14
8404 14
8405 14
8406 14
8407 14
8408 14
8409 14
8410 14
8411 14
8412 14
8413 14
8414 14
8415 14
8416 14
8417 14
8418 14
8419 14
8420 14
8421 14
8422 14
8423 14
8424 14
8425 14
8426 14
8427 14
8428 14
8429 14
8430 14
8431 14
8432 14
8433 14
8434 14
8435 14
8436 14
8437 14
8438 14
8439 14
8440 14
8441 14
8442 14
8443 14
8444 14
8445 14
8446 14
8447 14
8448 14
8449 14
8450 14
8451 14
8452 14
8453 14
8454 14
8455 14
8456 14
8457 14
8458 14
8459 14
8460 14
8461 14
8462 14
8463 14
8464 14
8465 14
8466 14
8467 14
8468 14
8469 14
8470 14
8471 14
8472 14
8473 14
8474 14
8475 14
8476 14
8477 14
8478 14
8479 14
8480 14
8481 14
8482 14
8483 14
8484 14
8485 14
8486 14
8487 14
8488 14
8489 14
8490 14
8491 14
8492 14
8493 14
8494 14
8495 14
8496 14
8497 14
8498 14
8499 14
8500 14
8501 14
8502 14
8503 14
8504 14
8505 14
8506 14
8507 14
8508 14
8509 14
8510 14
8511 14
8512 14
8513 14
8514 14
8515 14
8516 14
8517 14
8518 14
8519 14
8520 14
8521 14
8522 14
8523 14
8524 14
8525 14
8526 14
8527 14
8528 14
8529 14
8530 14
8531 14
8532 14
8533 14
8534 14
8535 14
8536 14
8537 14
8538 14
8539 14
8540 14
8541 14
8542 14
8543 14
8544 14
8545 14
8546 14
8547 14
8548 14
8549 14
8550 14
8551 14
8552 14
8553 14
8554 14
8555 14
8556 14
8557 14
8558 14
8559 14
8560 14
8561 14
8562 14
8563 14
8564 14
8565 14
8566 14
8567 14
8568 14
8569 14
8570 14
8571 14
8572 14
8573 14
8574 14
8575 14
8576 14
8577 14
8578 14
8579 14
8580 14
8581 14
8582 14
8583 14
8584 14
8585 14
8586 14
8587 14
8588 14
8589 14
8590 14
8591 14
8592 14
8593 14
8594 14
8595 14
8596 14
8597 14
8598 14
8599 14
8600 14
8601 14
8602 14
8603 14
8604 14
8605 14
8606 14
8607 14
8608 14
8609 14
8610 14
8611 14
8612 14
8613 14
8614 14
8615 14
8616 14
8617 14
8618 14
8619 14
8620 14
8621 14
8622 14
8623 14
8624 14
8625 14
8626 14
8627 14
8628 14
8629 14
8630 14
8631 14
8632 14
8633 14
8634 14
8635 14
8636 14
8637 14
8638 14
8639 14
8640 14
8641 14
8642 14
8643 14
8644 14
8645 14
8646 14
8647 14
8648 14
8649 14
8650 14
8651 14
8652 14
8653 14
8654 14
8655 14
8656 14
8657 14
8658 14
8659 14
8660 14
8661 14
8662 14
8663 14
8664 14
8665 14
8666 14
8667 14
8668 14
8669 14
8670 14
8671 14
8672 14
8673 14
8674 14
8675 14
8676 14
8677 14
8678 14
8679 14
8680 14
8681 14
8682 14
8683 14
8684 14
8685 14
8686 14
8687 14
8688 14
8689 14
8690 14
8691 14
8692 14
8693 14
8694 14
8695 14
8696 14
8697 14
8698 14
8699 14
8700 14
8701 14
8702 14
8703 14
8704 14
8705 14
8706 14
8707 14
8708 14
8709 14
8710 14
8711 14
8712 14
8713 14
8714 14
8715 14
8716 14
8717 14
8718 14
8719 14
8720 14
8721 14
8722 14
8723 14
8724 14
8725 14
8726 14
8727 14
8728 14
8729 14
8730 14
8731 14
8732 14
8733 14
8734 14
8735 14
8736 14
8737 14
8738 14
8739 14
8740 14
8741 14
8742 14
8743 14
8744 15
8745 15
8746 15
8747 15
8748 15
8749 15
8750 15
8751 15
8752 15
8753 15
8754 15
8755 15
8756 15
8757 15
8758 15
8759 15
8760 15
8761 15
8762 15
8763 15
8764 15
8765 15
8766 15
8767 15
8768 15
8769 15
8770 15
8771 15
8772 15
8773 15
8774 15
8775 15
8776 15
8777 15
8778 15
8779 15
8780 15
8781 15
8782 15
8783 15
8784 15
8785 15
8786 15
8787 15
8788 15
8789 15
8790 15
8791 15
8792 15
8793 15
8794 15
8795 15
8796 15
8797 15
8798 15
8799 15
8800 15
8801 15
8802 15
8803 15
8804 15
8805 15
8806 15
8807 15
8808 15
8809 15
8810 15
8811 15
8812 15
8813 15
8814 15
8815 15
8816 15
8817 15
8818 15
8819 15
8820 15
8821 15
8822 15
8823 15
8824 15
8825 15
8826 15
8827 15
8828 15
8829 15
8830 15
8831 15
8832 15
8833 15
8834 15
8835 15
8836 15
8837 15
8838 15
8839 15
8840 15
8841 15
8842 15
8843 15
8844 15
8845 15
8846 15
8847 15
8848 15
8849 15
8850 15
8851 15
8852 15
8853 15
8854 15
8855 15
8856 15
8857 15
8858 15
8859 15
8860 15
8861 15
8862 15
8863 15
8864 15
8865 15
8866 15
8867 15
8868 15
8869 15
8870 15
8871 15
8872 15
8873 15
8874 15
8875 15
8876 15
8877 15
8878 15
8879 15
8880 15
8881 15
8882 15
8883 15
8884 15
8885 15
8886 15
8887 15
8888 15
8889 15
8890 15
8891 15
8892 15
8893 15
8894 15
8895 16
8896 16
8897 16
8898 16
8899 16
8900 16
8901 16
8902 16
8903 16
8904 16
8905 16
8906 16
8907 16
8908 16
8909 16
8910 16
8911 16
8912 16
8913 16
8914 16
8915 16
8916 16
8917 16
8918 16
8919 16
8920 16
8921 16
8922 16
8923 16
8924 16
8925 16
8926 16
8927 16
8928 16
8929 16
8930 16
8931 16
8932 16
8933 16
8934 16
8935 16
8936 16
8937 16
8938 16
8939 16
8940 16
8941 16
8942 16
8943 16
8944 16
8945 16
8946 16
8947 16
8948 16
8949 16
8950 16
8951 16
8952 16
8953 16
8954 16
8955 16
8956 16
8957 16
8958 16
8959 16
8960 16
8961 16
8962 16
8963 16
8964 16
8965 16
8966 16
8967 16
8968 16
8969 16
8970 16
8971 16
8972 16
8973 16
8974 16
8975 16
8976 16
8977 16
8978 16
8979 16
8980 16
8981 16
8982 16
8983 16
8984 16
8985 16
8986 16
8987 16
8988 16
8989 16
8990 16
8991 16
8992 16
8993 16
8994 16
8995 16
8996 16
8997 16
8998 16
8999 16
9000 16
9001 16
9002 16
9003 16
9004 16
9005 16
9006 16
9007 16
9008 16
9009 16
9010 16
9011 16
9012 16
9013 16
9014 16
9015 16
9016 16
9017 16
9018 16
9019 16
9020 16
9021 16
9022 16
9023 16
9024 16
9025 16
9026 16
9027 16
9028 16
9029 16
9030 16
9031 16
9032 16
9033 16
9034 16
9035 16
9036 16
9037 16
9038 16
9039 16
9040 16
9041 16
9042 16
9043 16
9044 16
9045 16
9046 16
9047 16
9048 16
9049 16
9050 16
9051 16
9052 16
9053 16
9054 16
9055 16
9056 16
9057 16
9058 16
9059 16
9060 16
9061 16
9062 16
9063 16
9064 16
9065 16
9066 16
9067 16
9068 16
9069 16
9070 16
9071 16
9072 16
9073 16
9074 16
9075 16
9076 16
9077 16
9078 16
9079 16
9080 16
9081 16
9082 16
9083 16
9084 16
9085 16
9086 16
9087 16
9088 16
9089 16
9090 16
9091 16
9092 16
9093 16
9094 16
9095 16
9096 16
9097 16
9098 16
9099 16
9100 16
9101 16
9102 16
9103 16
9104 16
9105 16
9106 16
9107 16
9108 16
9109 16
9110 16
9111 16
9112 16
9113 16
9114 16
9115 16
9116 16
9117 16
9118 16
9119 16
9120 16
9121 16
9122 16
9123 16
9124 16
9125 16
9126 16
9127 16
9128 16
9129 16
9130 16
9131 16
9132 16
9133 16
9134 16
9135 16
9136 16
9137 16
9138 16
9139 16
9140 16
9141 16
9142 16
9143 16
9144 16
9145 16
9146 16
9147 16
9148 16
9149 16
9150 16
9151 16
9152 16
9153 16
9154 16
9155 16
9156 16
9157 16
9158 16
9159 16
9160 16
9161 16
9162 16
9163 16
9164 16
9165 16
9166 16
9167 16
9168 16
9169 16
9170 16
9171 16
9172 16
9173 16
9174 16
9175 16
9176 16
9177 16
9178 16
9179 16
9180 16
9181 16
9182 16
9183 16
9184 16
9185 16
9186 16
9187 16
9188 16
9189 16
9190 16
9191 16
9192 16
9193 16
9194 16
9195 16
9196 16
9197 16
9198 16
9199 16
9200 16
9201 16
9202 16
9203 16
9204 16
9205 16
9206 16
9207 16
9208 16
9209 16
9210 16
9211 16
9212 16
9213 16
9214 16
9215 16
9216 16
9217 16
9218 16
9219 16
9220 16
9221 16
9222 16
9223 16
9224 16
9225 16
9226 16
9227 16
9228 16
9229 16
9230 16
9231 16
9232 16
9233 16
9234 16
9235 16
9236 16
9237 16
9238 16
9239 16
9240 16
9241 16
9242 16
9243 16
9244 16
9245 16
9246 16
9247 16
9248 16
9249 16
9250 16
9251 16
9252 16
9253 16
9254 16
9255 16
9256 16
9257 16
9258 16
9259 16
9260 16
9261 16
9262 16
9263 16
9264 16
9265 16
9266 16
9267 16
9268 16
9269 16
9270 16
9271 16
9272 16
9273 16
9274 16
9275 16
9276 16
9277 16
9278 16
9279 16
9280 16
9281 16
9282 16
9283 16
9284 16
9285 16
9286 16
9287 16
9288 16
9289 16
9290 16
9291 16
9292 16
9293 16
9294 16
9295 16
9296 16
9297 16
9298 16
9299 16
9300 16
9301 16
9302 16
9303 16
9304 16
9305 16
9306 16
9307 16
9308 16
9309 16
9310 16
9311 16
9312 16
9313 16
9314 16
9315 16
9316 16
9317 16
9318 16
9319 16
9320 16
9321 16
9322 16
9323 16
9324 16
9325 16
9326 16
9327 16
9328 16
9329 16
9330 16
9331 16
9332 16
9333 16
9334 16
9335 16
9336 16
9337 16
9338 16
9339 16
9340 16
9341 16
9342 16
9343 16
9344 16
9345 16
9346 16
9347 16
9348 16
9349 16
9350 16
9351 16
9352 16
9353 16
9354 16
9355 16
9356 16
9357 16
9358 16
9359 16
9360 16
9361 16
9362 16
9363 16
9364 16
9365 16
9366 16
9367 16
9368 16
9369 16
9370 16
9371 16
9372 16
9373 16
9374 16
9375 16
9376 16
9377 16
9378 16
9379 16
9380 16
9381 16
9382 16
9383 16
9384 16
9385 16
9386 16
9387 16
9388 16
9389 16
9390 16
9391 16
9392 16
9393 16
9394 16
9395 16
9396 16
9397 16
9398 16
9399 16
9400 16
9401 16
9402 16
9403 16
9404 16
9405 16
9406 16
9407 16
9408 16
9409 16
9410 16
9411 16
9412 16
9413 16
9414 16
9415 16
9416 16
9417 16
9418 16
9419 16
9420 16
9421 16
9422 16
9423 16
9424 16
9425 16
9426 16
9427 16
9428 16
9429 16
9430 16
9431 16
9432 16
9433 16
9434 16
9435 16
9436 16
9437 16
9438 16
9439 16
9440 16
9441 16
9442 16
9443 16
9444 16
9445 16
9446 16
9447 16
9448 16
9449 16
9450 16
9451 16
9452 16
9453 16
9454 16
9455 16
9456 16
9457 16
9458 16
9459 16
9460 16
9461 16
9462 16
9463 16
9464 16
9465 16
9466 16
9467 16
9468 16
9469 16
9470 16
9471 16
9472 16
9473 16
9474 16
9475 16
9476 16
9477 16
9478 16
9479 16
9480 16
9481 16
9482 16
9483 16
9484 16
9485 16
9486 16
9487 16
9488 16
9489 16
9490 16
9491 16
9492 16
9493 16
9494 16
9495 16
9496 16
9497 16
9498 16
9499 17
9500 17
9501 17
9502 17
9503 17
9504 17
9505 17
9506 17
9507 17
9508 17
9509 17
9510 17
9511 17
9512 17
9513 17
9514 17
9515 17
9516 17
9517 17
9518 17
9519 17
9520 17
9521 17
9522 17
9523 17
9524 17
9525 17
9526 17
9527 17
9528 17
9529 17
9530 17
9531 17
9532 17
9533 17
9534 17
9535 17
9536 17
9537 17
9538 17
9539 17
9540 17
9541 17
9542 17
9543 17
9544 17
9545 17
9546 17
9547 17
9548 17
9549 17
9550 17
9551 17
9552 17
9553 17
9554 17
9555 17
9556 17
9557 17
9558 17
9559 17
9560 17
9561 17
9562 17
9563 17
9564 17
9565 17
9566 17
9567 17
9568 17
9569 17
9570 17
9571 17
9572 17
9573 17
9574 17
9575 17
9576 17
9577 17
9578 17
9579 17
9580 17
9581 17
9582 17
9583 17
9584 17
9585 17
9586 17
9587 17
9588 17
9589 17
9590 17
9591 17
9592 17
9593 17
9594 17
9595 17
9596 17
9597 17
9598 17
9599 17
9600 17
9601 17
9602 17
9603 17
9604 17
9605 17
9606 17
9607 17
9608 17
9609 17
9610 17
9611 17
9612 17
9613 17
9614 17
9615 17
9616 17
9617 17
9618 17
9619 17
9620 17
9621 17
9622 17
9623 17
9624 17
9625 17
9626 17
9627 17
9628 17
9629 17
9630 17
9631 17
9632 17
9633 17
9634 17
9635 17
9636 17
9637 17
9638 17
9639 17
9640 17
9641 17
9642 17
9643 17
9644 17
9645 17
9646 17
9647 17
9648 17
9649 17
9650 17
9651 17
9652 17
9653 17
9654 17
9655 17
9656 17
9657 17
9658 17
9659 17
9660 17
9661 17
9662 17
9663 17
9664 17
9665 17
9666 17
9667 17
9668 17
9669 17
9670 17
9671 17
9672 17
9673 17
9674 17
9675 17
9676 17
9677 17
9678 17
9679 17
9680 17
9681 17
9682 17
9683 17
9684 17
9685 17
9686 17
9687 17
9688 17
9689 17
9690 17
9691 17
9692 17
9693 17
9694 17
9695 17
9696 17
9697 17
9698 17
9699 17
9700 17
9701 17
9702 17
9703 17
9704 17
9705 17
9706 17
9707 17
9708 17
9709 17
9710 17
9711 17
9712 17
9713 17
9714 17
9715 17
9716 17
9717 17
9718 17
9719 17
9720 17
9721 17
9722 17
9723 17
9724 17
9725 17
9726 17
9727 17
9728 17
9729 17
9730 17
9731 17
9732 17
9733 17
9734 17
9735 17
9736 17
9737 17
9738 17
9739 17
9740 17
9741 17
9742 17
9743 17
9744 17
9745 17
9746 17
9747 17
9748 17
9749 17
9750 17
9751 17
9752 17
9753 17
9754 17
9755 17
9756 17
9757 17
9758 17
9759 17
9760 17
9761 17
9762 17
9763 17
9764 17
9765 17
9766 17
9767 17
9768 17
9769 17
9770 17
9771 17
9772 17
9773 17
9774 17
9775 17
9776 17
9777 17
9778 17
9779 17
9780 17
9781 17
9782 17
9783 17
9784 17
9785 17
9786 17
9787 17
9788 17
9789 17
9790 17
9791 17
9792 17
9793 17
9794 17
9795 17
9796 17
9797 17
9798 17
9799 17
9800 17
9801 17
9802 17
9803 17
9804 17
9805 17
9806 17
9807 17
9808 17
9809 17
9810 17
9811 17
9812 17
9813 17
9814 17
9815 17
9816 17
9817 17
9818 17
9819 17
9820 17
9821 17
9822 17
9823 17
9824 17
9825 17
9826 17
9827 17
9828 17
9829 17
9830 17
9831 17
9832 17
9833 17
9834 17
9835 17
9836 17
9837 17
9838 17
9839 17
9840 17
9841 17
9842 17
9843 17
9844 17
9845 17
9846 17
9847 17
9848 17
9849 17
9850 17
9851 17
9852 17
9853 17
9854 17
9855 17
9856 17
9857 17
9858 17
9859 17
9860 17
9861 17
9862 17
9863 17
9864 17
9865 17
9866 17
9867 17
9868 17
9869 17
9870 17
9871 17
9872 17
9873 17
9874 17
9875 17
9876 17
9877 17
9878 17
9879 17
9880 17
9881 17
9882 17
9883 17
9884 17
9885 17
9886 17
9887 17
9888 17
9889 17
9890 17
9891 17
9892 17
9893 17
9894 17
9895 17
9896 17
9897 17
9898 17
9899 17
9900 17
9901 17
9902 17
9903 17
9904 17
9905 17
9906 17
9907 17
9908 17
9909 17
9910 17
9911 17
9912 17
9913 17
9914 17
9915 17
9916 17
9917 17
9918 17
9919 17
9920 17
9921 17
9922 17
9923 17
9924 17
9925 17
9926 17
9927 17
9928 17
9929 17
9930 17
9931 17
9932 17
9933 17
9934 17
9935 17
9936 17
9937 17
9938 17
9939 17
9940 17
9941 17
9942 17
9943 17
9944 17
9945 17
9946 17
9947 17
9948 17
9949 17
9950 17
9951 17
9952 17
9953 17
9954 17
9955 17
9956 17
9957 17
9958 17
9959 17
9960 17
9961 17
9962 17
9963 17
9964 17
9965 17
9966 17
9967 17
9968 17
9969 17
9970 17
9971 17
9972 17
9973 17
9974 17
9975 17
9976 17
9977 17
9978 17
9979 17
9980 17
9981 17
9982 17
9983 17
9984 17
9985 17
9986 17
9987 17
9988 17
9989 17
9990 17
9991 17
9992 17
9993 17
9994 17
9995 17
9996 17
9997 17
9998 17
9999 17
10000 17
