10 0
11 0
12 0
13 0
14 0
15 0
16 0
17 0
18 0
19 0
20 0
21 0
22 0
23 0
24 0
25 0
26 0
27 0
28 0
29 0
30 0
31 0
32 0
33 0
34 0
35 0
36 0
37 0
38 0
39 0
40 0
41 0
42 0
43 0
44 0
45 0
46 0
47 0
48 0
49 0
50 0
51 0
52 0
53 0
54 0
55 0
56 0
57 0
58 0
59 0
60 0
61 0
62 0
63 0
64 0
65 0
66 0
67 0
68 0
69 0
70 0
71 0
72 0
73 0
74 0
75 0
76 0
77 0
78 0
79 0
80 0
81 0
82 0
83 0
84 0
85 0
86 0
87 0
88 0
89 0
90 0
91 0
92 0
93 0
94 0
95 0
96 0
97 0
98 0
99 0
100 0
101 0
102 0
103 0
104 0
105 0
106 0
107 0
108 0
109 0
110 0
111 0
112 0
113 0
114 0
115 0
116 0
117 0
118 0
119 0
120 0
121 0
122 0
123 0
124 0
125 0
126 0
127 0
128 0
129 0
130 0
131 0
132 0
133 0
134 0
135 0
136 0
137 0
138 0
139 0
140 0
141 0
142 0
143 0
144 0
145 0
146 0
147 0
148 0
149 0
150 0
151 0
152 0
153 0
154 0
155 0
156 0
157 0
158 0
159 0
160 0
161 0
162 0
163 0
164 0
165 0
166 0
167 0
168 0
169 0
170 0
171 0
172 0
173 0
174 0
175 0
176 0
177 0
178 0
179 0
180 0
181 0
182 0
183 0
184 0
185 0
186 0
187 0
188 0
189 0
190 0
191 0
192 0
193 0
194 0
195 0
196 0
197 0
198 0
199 0
200 0
201 0
202 0
203 0
204 0
205 0
206 0
207 0
208 0
209 0
210 0
211 0
212 0
213 0
214 0
215 0
216 0
217 0
218 0
219 0
220 0
221 0
222 0
223 0
224 0
225 1
226 1
227 1
228 1
229 1
230 1
231 1
232 1
233 1
234 1
235 1
236 1
237 1
238 1
239 1
240 1
241 1
242 1
243 1
244 1
245 1
246 1
247 1
248 1
249 1
250 1
251 1
252 1
253 1
254 1
255 1
256 1
257 1
258 1
259 1
260 1
261 1
262 1
263 1
264 1
265 1
266 1
267 1
268 1
269 1
270 1
271 1
272 1
273 1
274 1
275 1
276 1
277 2
278 2
279 2
280 2
281 2
282 2
283 2
284 2
285 2
286 2
287 2
288 2
289 2
290 2
291 2
292 2
293 2
294 2
295 2
296 2
297 2
298 2
299 2
300 2
301 2
302 2
303 2
304 2
305 2
306 2
307 2
308 2
309 2
310 2
311 2
312 2
313 2
314 2
315 2
316 2
317 2
318 2
319 2
320 2
321 2
322 2
323 2
324 2
325 2
326 2
327 2
328 2
329 2
330 2
331 2
332 2
333 2
334 2
335 2
336 2
337 2
338 2
339 2
340 2
341 2
342 2
343 2
344 2
345 2
346 2
347 2
348 2
349 2
350 2
351 2
352 2
353 2
354 2
355 2
356 2
357 2
358 2
359 2
360 2
361 2
362 2
363 2
364 2
365 2
366 2
367 2
368 2
369 2
370 2
371 2
372 2
373 2
374 2
375 2
376 2
377 2
378 2
379 2
380 2
381 2
382 2
383 2
384 2
385 2
386 2
387 2
388 2
389 2
390 2
391 2
392 2
393 2
394 2
395 2
396 2
397 2
398 2
399 2
400 2
401 2
402 2
403 2
404 2
405 2
406 2
407 2
408 2
409 2
410 2
411 2
412 2
413 2
414 2
415 2
416 2
417 2
418 2
419 2
420 2
421 2
422 2
423 2
424 2
425 2
426 2
427 2
428 2
429 2
430 2
431 2
432 2
433 2
434 2
435 2
436 2
437 2
438 2
439 2
440 2
441 2
442 2
443 2
444 2
445 2
446 2
447 2
448 2
449 2
450 2
451 2
452 2
453 2
454 2
455 2
456 2
457 2
458 2
459 2
460 2
461 2
462 2
463 2
464 2
465 2
466 2
467 2
468 2
469 2
470 2
471 2
472 2
473 2
474 2
475 2
476 2
477 2
478 2
479 2
480 2
481 2
482 2
483 2
484 2
485 2
486 2
487 2
488 2
489 2
490 2
491 2
492 2
493 2
494 2
495 2
496 2
497 2
498 2
499 2
500 2
501 2
502 2
503 2
504 2
505 2
506 2
507 2
508 2
509 2
510 2
511 2
512 2
513 2
514 2
515 2
516 2
517 2
518 2
519 2
520 2
521 2
522 2
523 2
524 2
525 2
526 2
527 2
528 2
529 2
530 2
531 2
532 2
533 2
534 2
535 2
536 2
537 2
538 2
539 2
540 2
541 2
542 2
543 2
544 2
545 2
546 2
547 2
548 2
549 2
550 2
551 2
552 2
553 2
554 2
555 2
556 2
557 2
558 2
559 2
560 2
561 2
562 2
563 2
564 2
565 2
566 2
567 2
568 2
569 2
570 2
571 2
572 2
573 2
574 2
575 2
576 2
577 2
578 2
579 2
580 2
581 2
582 2
583 2
584 2
585 2
586 2
587 2
588 2
589 2
590 2
591 2
592 2
593 2
594 2
595 2
596 2
597 2
598 2
599 2
600 2
601 2
602 2
603 2
604 2
605 2
606 2
607 2
608 2
609 2
610 2
611 2
612 2
613 2
614 2
615 2
616 2
617 2
618 2
619 2
620 2
621 2
622 2
623 2
624 2
625 2
626 2
627 2
628 2
629 2
630 2
631 2
632 2
633 2
634 2
635 2
636 2
637 2
638 2
639 2
640 2
641 2
642 2
643 2
644 2
645 2
646 2
647 2
648 2
649 2
650 2
651 2
652 2
653 2
654 2
655 2
656 2
657 2
658 2
659 2
660 2
661 2
662 2
663 2
664 2
665 2
666 2
667 2
668 2
669 2
670 2
671 2
672 2
673 2
674 2
675 2
676 2
677 2
678 2
679 2
680 2
681 2
682 2
683 2
684 2
685 2
686 2
687 2
688 2
689 2
690 2
691 2
692 2
693 2
694 2
695 2
696 2
697 2
698 2
699 2
700 2
701 2
702 2
703 2
704 2
705 2
706 2
707 2
708 2
709 2
710 2
711 2
712 2
713 2
714 2
715 2
716 2
717 2
718 2
719 2
720 2
721 2
722 2
723 2
724 2
725 2
726 2
727 2
728 2
729 2
730 2
731 2
732 2
733 2
734 2
735 2
736 2
737 2
738 2
739 2
740 2
741 2
742 2
743 2
744 2
745 2
746 2
747 2
748 2
749 2
750 2
751 2
752 2
753 2
754 2
755 2
756 2
757 2
758 2
759 2
760 2
761 2
762 2
763 2
764 2
765 2
766 2
767 2
768 2
769 2
770 2
771 2
772 2
773 2
774 2
775 2
776 2
777 2
778 2
779 2
780 2
781 2
782 2
783 2
784 2
785 2
786 2
787 2
788 2
789 2
790 2
791 2
792 2
793 2
794 2
795 2
796 2
797 2
798 2
799 2
800 2
801 2
802 2
803 2
804 2
805 2
806 2
807 2
808 2
809 2
810 2
811 2
812 2
813 2
814 2
815 2
816 2
817 2
818 2
819 2
820 2
821 2
822 2
823 2
824 2
825 2
826 2
827 2
828 2
829 2
830 2
831 2
832 2
833 2
834 2
835 2
836 2
837 2
838 2
839 2
840 2
841 2
842 2
843 2
844 2
845 2
846 2
847 2
848 2
849 2
850 2
851 2
852 2
853 2
854 2
855 2
856 2
857 2
858 2
859 2
860 2
861 2
862 2
863 2
864 2
865 2
866 2
867 2
868 2
869 2
870 2
871 2
872 2
873 2
874 2
875 2
876 2
877 2
878 2
879 2
880 2
881 2
882 2
883 2
884 2
885 2
886 2
887 2
888 2
889 2
890 2
891 2
892 2
893 2
894 2
895 2
896 2
897 2
898 2
899 2
900 2
901 2
902 2
903 2
904 2
905 2
906 2
907 2
908 2
909 2
910 2
911 2
912 2
913 2
914 2
915 2
916 2
917 2
918 2
919 2
920 2
921 2
922 2
923 2
924 2
925 2
926 2
927 2
928 2
929 2
930 2
931 2
932 2
933 2
934 2
935 2
936 2
937 2
938 2
939 2
940 2
941 2
942 2
943 2
944 2
945 2
946 2
947 2
948 2
949 2
950 2
951 2
952 2
953 2
954 2
955 2
956 2
957 2
958 2
959 2
960 2
961 2
962 2
963 2
964 2
965 2
966 2
967 2
968 2
969 2
970 2
971 2
972 2
973 2
974 2
975 2
976 2
977 2
978 2
979 2
980 2
981 2
982 2
983 2
984 2
985 2
986 2
987 2
988 2
989 2
990 2
991 2
992 2
993 2
994 2
995 2
996 2
997 2
998 2
999 2
1000 2
1001 2
1002 2
1003 2
1004 2
1005 2
1006 2
1007 2
1008 2
1009 2
1010 2
1011 2
1012 2
1013 2
1014 2
1015 2
1016 2
1017 2
1018 2
1019 2
1020 2
1021 2
1022 2
1023 2
1024 2
1025 2
1026 2
1027 2
1028 2
1029 2
1030 2
1031 2
1032 2
1033 2
1034 2
1035 2
1036 2
1037 2
1038 2
1039 2
1040 2
1041 2
1042 2
1043 2
1044 2
1045 2
1046 2
1047 2
1048 2
1049 2
1050 2
1051 2
1052 2
1053 2
1054 2
1055 2
1056 2
1057 2
1058 2
1059 2
1060 2
1061 2
1062 2
1063 2
1064 2
1065 2
1066 2
1067 2
1068 2
1069 2
1070 2
1071 2
1072 2
1073 2
1074 2
1075 2
1076 2
1077 2
1078 2
1079 2
1080 2
1081 2
1082 2
1083 2
1084 2
1085 2
1086 2
1087 2
1088 2
1089 2
1090 2
1091 2
1092 2
1093 2
1094 2
1095 2
1096 2
1097 3
1098 3
1099 3
1100 3
1101 3
1102 3
1103 3
1104 3
1105 3
1106 3
1107 3
1108 3
1109 3
1110 3
1111 3
1112 3
1113 3
1114 3
1115 3
1116 3
1117 3
1118 3
1119 3
1120 3
1121 3
1122 3
1123 3
1124 3
1125 3
1126 3
1127 3
1128 3
1129 3
1130 3
1131 3
1132 3
1133 3
1134 3
1135 3
1136 3
1137 3
1138 3
1139 3
1140 3
1141 3
1142 3
1143 3
1144 3
1145 3
1146 3
1147 3
1148 3
1149 3
1150 3
1151 3
1152 3
1153 3
1154 3
1155 3
1156 3
1157 3
1158 3
1159 3
1160 3
1161 3
1162 3
1163 3
1164 3
1165 3
1166 3
1167 3
1168 3
1169 3
1170 3
1171 3
1172 3
1173 3
1174 3
1175 3
1176 3
1177 3
1178 3
1179 3
1180 3
1181 3
1182 3
1183 3
1184 3
1185 3
1186 3
1187 3
1188 3
1189 3
1190 3
1191 3
1192 3
1193 3
1194 3
1195 3
1196 3
1197 3
1198 3
1199 3
1200 3
1201 3
1202 3
1203 3
1204 3
1205 3
1206 4
1207 4
1208 4
1209 4
1210 4
1211 4
1212 4
1213 4
1214 4
1215 4
1216 4
1217 4
1218 4
1219 4
1220 4
1221 4
1222 4
1223 4
1224 4
1225 4
1226 4
1227 4
1228 4
1229 4
1230 4
1231 4
1232 4
1233 4
1234 4
1235 4
1236 4
1237 4
1238 4
1239 4
1240 4
1241 4
1242 4
1243 4
1244 4
1245 4
1246 4
1247 4
1248 4
1249 4
1250 4
1251 4
1252 4
1253 4
1254 4
1255 4
1256 4
1257 4
1258 4
1259 4
1260 4
1261 4
1262 4
1263 4
1264 4
1265 4
1266 4
1267 4
1268 4
1269 4
1270 4
1271 4
1272 4
1273 4
1274 4
1275 4
1276 4
1277 4
1278 4
1279 4
1280 4
1281 4
1282 4
1283 4
1284 4
1285 4
1286 4
1287 4
1288 4
1289 4
1290 4
1291 4
1292 4
1293 4
1294 4
1295 4
1296 4
1297 4
1298 4
1299 4
1300 4
1301 4
1302 4
1303 4
1304 4
1305 4
1306 4
1307 4
1308 4
1309 4
1310 4
1311 4
1312 4
1313 4
1314 4
1315 4
1316 4
1317 4
1318 4
1319 4
1320 4
1321 4
1322 4
1323 4
1324 4
1325 4
1326 4
1327 4
1328 4
1329 4
1330 4
1331 4
1332 4
1333 4
1334 4
1335 4
1336 4
1337 4
1338 4
1339 5
1340 5
1341 5
1342 5
1343 5
1344 5
1345 5
1346 5
1347 5
1348 5
1349 5
1350 5
1351 5
1352 5
1353 5
1354 5
1355 5
1356 5
1357 5
1358 5
1359 5
1360 5
1361 5
1362 5
1363 5
1364 5
1365 5
1366 5
1367 5
1368 5
1369 5
1370 5
1371 5
1372 5
1373 5
1374 5
1375 5
1376 5
1377 5
1378 5
1379 5
1380 5
1381 5
1382 5
1383 5
1384 5
1385 5
1386 5
1387 5
1388 5
1389 5
1390 5
1391 5
1392 5
1393 5
1394 5
1395 5
1396 5
1397 5
1398 5
1399 5
1400 5
1401 5
1402 5
1403 5
1404 5
1405 5
1406 5
1407 5
1408 5
1409 5
1410 5
1411 5
1412 5
1413 5
1414 5
1415 5
1416 5
1417 5
1418 5
1419 5
1420 5
1421 5
1422 5
1423 5
1424 5
1425 5
1426 5
1427 5
1428 5
1429 5
1430 5
1431 5
1432 5
1433 5
1434 5
1435 5
1436 5
1437 5
1438 5
1439 5
1440 5
1441 5
1442 5
1443 5
1444 5
1445 5
1446 5
1447 5
1448 5
1449 5
1450 5
1451 5
1452 5
1453 5
1454 5
1455 5
1456 5
1457 5
1458 5
1459 5
1460 5
1461 5
1462 5
1463 5
1464 5
1465 5
1466 5
1467 5
1468 5
1469 5
1470 5
1471 5
1472 5
1473 5
1474 5
1475 5
1476 5
1477 5
1478 5
1479 5
1480 5
1481 5
1482 5
1483 5
1484 5
1485 5
1486 5
1487 5
1488 5
1489 5
1490 5
1491 5
1492 5
1493 5
1494 5
1495 5
1496 5
1497 5
1498 5
1499 5
1500 5
1501 5
1502 5
1503 5
1504 5
1505 5
1506 5
1507 5
1508 5
1509 5
1510 5
1511 5
1512 5
1513 5
1514 5
1515 5
1516 5
1517 5
1518 5
1519 5
1520 5
1521 5
1522 5
1523 5
1524 5
1525 5
1526 5
1527 5
1528 5
1529 5
1530 5
1531 5
1532 5
1533 5
1534 5
1535 5
1536 5
1537 5
1538 5
1539 5
1540 5
1541 5
1542 5
1543 5
1544 5
1545 5
1546 5
1547 5
1548 5
1549 5
1550 5
1551 5
1552 5
1553 5
1554 5
1555 5
1556 5
1557 5
1558 5
1559 5
1560 5
1561 5
1562 5
1563 5
1564 5
1565 5
1566 5
1567 5
1568 5
1569 5
1570 5
1571 5
1572 5
1573 5
1574 5
1575 5
1576 5
1577 5
1578 5
1579 5
1580 5
1581 5
1582 5
1583 5
1584 5
1585 5
1586 5
1587 5
1588 5
1589 5
1590 5
1591 5
1592 5
1593 5
1594 5
1595 5
1596 5
1597 5
1598 5
1599 5
1600 5
1601 5
1602 5
1603 5
1604 5
1605 5
1606 5
1607 5
1608 5
1609 5
1610 5
1611 5
1612 5
1613 5
1614 5
1615 5
1616 5
1617 5
1618 5
1619 5
1620 5
1621 5
1622 5
1623 5
1624 5
1625 5
1626 5
1627 5
1628 5
1629 5
1630 5
1631 5
1632 5
1633 5
1634 5
1635 5
1636 5
1637 5
1638 5
1639 5
1640 5
1641 5
1642 5
1643 5
1644 5
1645 5
1646 5
1647 5
1648 5
1649 5
1650 5
1651 5
1652 5
1653 5
1654 5
1655 5
1656 5
1657 5
1658 5
1659 5
1660 5
1661 5
1662 5
1663 5
1664 5
1665 5
1666 5
1667 5
1668 5
1669 5
1670 5
1671 5
1672 5
1673 5
1674 5
1675 5
1676 5
1677 5
1678 5
1679 5
1680 5
1681 5
1682 5
1683 5
1684 5
1685 5
1686 5
1687 5
1688 5
1689 5
1690 5
1691 5
1692 5
1693 5
1694 5
1695 5
1696 5
1697 5
1698 5
1699 5
1700 5
1701 5
1702 5
1703 5
1704 5
1705 5
1706 5
1707 5
1708 5
1709 5
1710 5
1711 5
1712 5
1713 5
1714 5
1715 5
1716 5
1717 5
1718 5
1719 5
1720 5
1721 5
1722 5
1723 5
1724 5
1725 5
1726 5
1727 5
1728 5
1729 5
1730 5
1731 5
1732 5
1733 5
1734 5
1735 5
1736 5
1737 5
1738 5
1739 5
1740 5
1741 5
1742 5
1743 5
1744 5
1745 5
1746 5
1747 5
1748 5
1749 5
1750 5
1751 5
1752 5
1753 5
1754 5
1755 5
1756 5
1757 5
1758 5
1759 5
1760 5
1761 5
1762 5
1763 5
1764 5
1765 5
1766 5
1767 5
1768 5
1769 5
1770 5
1771 5
1772 5
1773 5
1774 5
1775 5
1776 5
1777 5
1778 5
1779 5
1780 5
1781 5
1782 5
1783 5
1784 5
1785 5
1786 5
1787 5
1788 5
1789 5
1790 5
1791 5
1792 5
1793 5
1794 5
1795 5
1796 5
1797 5
1798 5
1799 5
1800 5
1801 5
1802 5
1803 5
1804 5
1805 5
1806 5
1807 5
1808 5
1809 5
1810 5
1811 5
1812 5
1813 5
1814 5
1815 5
1816 5
1817 5
1818 5
1819 5
1820 5
1821 5
1822 5
1823 5
1824 5
1825 5
1826 5
1827 5
1828 5
1829 5
1830 5
1831 5
1832 5
1833 5
1834 5
1835 5
1836 5
1837 5
1838 5
1839 5
1840 5
1841 5
1842 5
1843 5
1844 5
1845 5
1846 5
1847 5
1848 5
1849 5
1850 5
1851 5
1852 5
1853 5
1854 5
1855 5
1856 5
1857 5
1858 5
1859 5
1860 5
1861 5
1862 5
1863 5
1864 5
1865 5
1866 5
1867 5
1868 5
1869 5
1870 5
1871 5
1872 5
1873 5
1874 5
1875 5
1876 5
1877 5
1878 5
1879 5
1880 5
1881 5
1882 5
1883 5
1884 5
1885 5
1886 5
1887 5
1888 5
1889 5
1890 5
1891 5
1892 5
1893 5
1894 5
1895 5
1896 5
1897 5
1898 5
1899 5
1900 5
1901 5
1902 5
1903 5
1904 5
1905 5
1906 5
1907 5
1908 5
1909 5
1910 5
1911 5
1912 5
1913 5
1914 5
1915 5
1916 5
1917 5
1918 5
1919 5
1920 5
1921 5
1922 5
1923 5
1924 5
1925 5
1926 5
1927 5
1928 5
1929 5
1930 5
1931 5
1932 5
1933 5
1934 5
1935 5
1936 5
1937 5
1938 5
1939 5
1940 5
1941 5
1942 5
1943 5
1944 5
1945 5
1946 5
1947 5
1948 5
1949 5
1950 5
1951 5
1952 5
1953 5
1954 5
1955 5
1956 5
1957 5
1958 5
1959 5
1960 5
1961 5
1962 5
1963 5
1964 5
1965 5
1966 5
1967 5
1968 5
1969 5
1970 5
1971 5
1972 5
1973 5
1974 5
1975 5
1976 5
1977 5
1978 5
1979 5
1980 5
1981 5
1982 5
1983 5
1984 5
1985 5
1986 5
1987 5
1988 5
1989 5
1990 5
1991 5
1992 5
1993 5
1994 5
1995 5
1996 5
1997 5
1998 5
1999 5
2000 5
2001 5
2002 5
2003 5
2004 5
2005 5
2006 5
2007 5
2008 5
2009 5
2010 5
2011 5
2012 5
2013 5
2014 5
2015 5
2016 5
2017 5
2018 5
2019 5
2020 5
2021 5
2022 5
2023 5
2024 5
2025 5
2026 5
2027 5
2028 5
2029 5
2030 5
2031 5
2032 5
2033 5
2034 5
2035 5
2036 5
2037 5
2038 5
2039 5
2040 5
2041 5
2042 5
2043 5
2044 5
2045 5
2046 5
2047 5
2048 5
2049 5
2050 5
2051 5
2052 5
2053 5
2054 5
2055 5
2056 5
2057 5
2058 5
2059 5
2060 5
2061 5
2062 5
2063 5
2064 5
2065 5
2066 5
2067 5
2068 5
2069 5
2070 5
2071 5
2072 5
2073 5
2074 5
2075 5
2076 5
2077 5
2078 5
2079 5
2080 5
2081 5
2082 5
2083 5
2084 5
2085 5
2086 5
2087 5
2088 5
2089 5
2090 5
2091 5
2092 5
2093 5
2094 5
2095 5
2096 5
2097 5
2098 5
2099 5
2100 5
2101 5
2102 5
2103 5
2104 5
2105 5
2106 5
2107 5
2108 5
2109 5
2110 5
2111 5
2112 5
2113 5
2114 5
2115 5
2116 5
2117 5
2118 5
2119 5
2120 5
2121 5
2122 5
2123 5
2124 5
2125 5
2126 5
2127 5
2128 5
2129 5
2130 5
2131 5
2132 5
2133 5
2134 5
2135 5
2136 5
2137 5
2138 5
2139 5
2140 5
2141 5
2142 5
2143 5
2144 5
2145 5
2146 5
2147 5
2148 5
2149 5
2150 5
2151 5
2152 5
2153 5
2154 5
2155 5
2156 5
2157 5
2158 5
2159 5
2160 5
2161 5
2162 5
2163 5
2164 5
2165 5
2166 5
2167 5
2168 5
2169 5
2170 5
2171 5
2172 5
2173 5
2174 5
2175 5
2176 5
2177 5
2178 5
2179 5
2180 5
2181 5
2182 5
2183 5
2184 5
2185 5
2186 5
2187 5
2188 5
2189 5
2190 5
2191 5
2192 5
2193 5
2194 5
2195 5
2196 5
2197 5
2198 5
2199 5
2200 5
2201 5
2202 5
2203 5
2204 5
2205 5
2206 5
2207 5
2208 5
2209 5
2210 5
2211 5
2212 5
2213 5
2214 5
2215 5
2216 5
2217 5
2218 5
2219 5
2220 5
2221 5
2222 5
2223 5
2224 5
2225 5
2226 5
2227 5
2228 5
2229 5
2230 5
2231 5
2232 5
2233 5
2234 5
2235 5
2236 5
2237 5
2238 5
2239 5
2240 5
2241 5
2242 5
2243 5
2244 5
2245 5
2246 5
2247 5
2248 5
2249 5
2250 5
2251 5
2252 5
2253 5
2254 5
2255 5
2256 5
2257 5
2258 5
2259 5
2260 5
2261 5
2262 5
2263 5
2264 5
2265 5
2266 5
2267 5
2268 5
2269 5
2270 5
2271 5
2272 5
2273 5
2274 5
2275 5
2276 5
2277 5
2278 5
2279 5
2280 5
2281 5
2282 5
2283 5
2284 5
2285 5
2286 5
2287 5
2288 5
2289 5
2290 5
2291 5
2292 5
2293 5
2294 5
2295 5
2296 5
2297 5
2298 5
2299 5
2300 5
2301 5
2302 5
2303 5
2304 5
2305 5
2306 5
2307 5
2308 5
2309 5
2310 5
2311 5
2312 5
2313 5
2314 5
2315 5
2316 5
2317 5
2318 5
2319 5
2320 5
2321 5
2322 5
2323 5
2324 5
2325 5
2326 5
2327 5
2328 5
2329 5
2330 5
2331 5
2332 5
2333 5
2334 5
2335 5
2336 5
2337 5
2338 5
2339 5
2340 5
2341 5
2342 5
2343 5
2344 5
2345 5
2346 5
2347 5
2348 5
2349 5
2350 5
2351 5
2352 5
2353 5
2354 5
2355 5
2356 5
2357 5
2358 5
2359 5
2360 5
2361 5
2362 5
2363 5
2364 5
2365 5
2366 5
2367 5
2368 5
2369 5
2370 5
2371 5
2372 5
2373 5
2374 5
2375 5
2376 5
2377 5
2378 5
2379 5
2380 5
2381 5
2382 5
2383 5
2384 5
2385 5
2386 5
2387 5
2388 5
2389 5
2390 5
2391 5
2392 5
2393 5
2394 5
2395 5
2396 5
2397 5
2398 5
2399 5
2400 5
2401 5
2402 5
2403 5
2404 5
2405 5
2406 5
2407 5
2408 5
2409 5
2410 5
2411 5
2412 5
2413 5
2414 5
2415 5
2416 5
2417 5
2418 5
2419 5
2420 5
2421 5
2422 5
2423 5
2424 5
2425 5
2426 5
2427 5
2428 5
2429 5
2430 5
2431 5
2432 5
2433 5
2434 5
2435 5
2436 5
2437 5
2438 5
2439 5
2440 5
2441 5
2442 5
2443 5
2444 5
2445 5
2446 5
2447 5
2448 5
2449 5
2450 5
2451 5
2452 5
2453 5
2454 5
2455 5
2456 5
2457 5
2458 5
2459 5
2460 5
2461 5
2462 5
2463 5
2464 5
2465 5
2466 5
2467 5
2468 5
2469 5
2470 5
2471 5
2472 5
2473 5
2474 5
2475 5
2476 5
2477 5
2478 5
2479 5
2480 5
2481 5
2482 5
2483 5
2484 5
2485 5
2486 5
2487 5
2488 5
2489 5
2490 5
2491 5
2492 5
2493 5
2494 5
2495 5
2496 5
2497 5
2498 5
2499 5
2500 5
2501 5
2502 5
2503 5
2504 5
2505 5
2506 5
2507 5
2508 5
2509 5
2510 5
2511 5
2512 5
2513 5
2514 5
2515 5
2516 5
2517 5
2518 5
2519 5
2520 5
2521 5
2522 5
2523 5
2524 5
2525 5
2526 5
2527 5
2528 5
2529 5
2530 5
2531 5
2532 5
2533 5
2534 5
2535 5
2536 5
2537 5
2538 5
2539 5
2540 5
2541 5
2542 5
2543 5
2544 5
2545 5
2546 5
2547 5
2548 5
2549 5
2550 5
2551 5
2552 5
2553 5
2554 5
2555 5
2556 5
2557 5
2558 5
2559 5
2560 5
2561 5
2562 5
2563 5
2564 5
2565 5
2566 5
2567 5
2568 5
2569 5
2570 5
2571 5
2572 5
2573 5
2574 5
2575 5
2576 5
2577 5
2578 5
2579 5
2580 5
2581 5
2582 5
2583 5
2584 5
2585 5
2586 5
2587 5
2588 5
2589 5
2590 5
2591 5
2592 5
2593 5
2594 5
2595 5
2596 5
2597 5
2598 5
2599 5
2600 5
2601 5
2602 5
2603 5
2604 5
2605 5
2606 5
2607 5
2608 5
2609 5
2610 5
2611 5
2612 5
2613 5
2614 5
2615 5
2616 5
2617 5
2618 5
2619 5
2620 5
2621 5
2622 5
2623 5
2624 5
2625 5
2626 5
2627 5
2628 5
2629 5
2630 5
2631 5
2632 5
2633 5
2634 5
2635 5
2636 5
2637 5
2638 5
2639 5
2640 5
2641 5
2642 5
2643 5
2644 5
2645 5
2646 5
2647 5
2648 5
2649 5
2650 5
2651 5
2652 5
2653 5
2654 5
2655 5
2656 5
2657 5
2658 5
2659 5
2660 5
2661 5
2662 5
2663 5
2664 5
2665 5
2666 5
2667 5
2668 5
2669 5
2670 5
2671 5
2672 5
2673 5
2674 5
2675 5
2676 5
2677 5
2678 5
2679 5
2680 5
2681 5
2682 5
2683 5
2684 5
2685 5
2686 5
2687 5
2688 5
2689 5
2690 5
2691 5
2692 5
2693 5
2694 5
2695 5
2696 5
2697 5
2698 5
2699 5
2700 5
2701 5
2702 5
2703 5
2704 5
2705 5
2706 5
2707 5
2708 5
2709 5
2710 5
2711 5
2712 5
2713 5
2714 5
2715 5
2716 5
2717 5
2718 5
2719 5
2720 5
2721 5
2722 5
2723 5
2724 5
2725 5
2726 5
2727 5
2728 5
2729 5
2730 5
2731 5
2732 5
2733 5
2734 5
2735 5
2736 5
2737 5
2738 5
2739 5
2740 5
2741 5
2742 5
2743 5
2744 5
2745 5
2746 5
2747 5
2748 5
2749 5
2750 5
2751 5
2752 5
2753 5
2754 5
2755 5
2756 5
2757 5
2758 5
2759 5
2760 5
2761 5
2762 5
2763 5
2764 5
2765 5
2766 5
2767 5
2768 5
2769 5
2770 5
2771 5
2772 5
2773 5
2774 5
2775 5
2776 5
2777 5
2778 5
2779 5
2780 5
2781 5
2782 5
2783 5
2784 5
2785 5
2786 5
2787 5
2788 5
2789 5
2790 5
2791 5
2792 5
2793 5
2794 5
2795 5
2796 5
2797 5
2798 5
2799 5
2800 5
2801 5
2802 5
2803 5
2804 5
2805 5
2806 5
2807 5
2808 5
2809 5
2810 5
2811 5
2812 5
2813 5
2814 5
2815 5
2816 5
2817 5
2818 5
2819 5
2820 5
2821 5
2822 5
2823 5
2824 5
2825 5
2826 5
2827 5
2828 5
2829 5
2830 5
2831 5
2832 5
2833 5
2834 5
2835 5
2836 5
2837 5
2838 5
2839 5
2840 5
2841 5
2842 5
2843 5
2844 5
2845 5
2846 5
2847 5
2848 5
2849 5
2850 5
2851 5
2852 5
2853 5
2854 5
2855 5
2856 5
2857 5
2858 5
2859 5
2860 5
2861 5
2862 5
2863 5
2864 5
2865 5
2866 5
2867 5
2868 5
2869 5
2870 5
2871 5
2872 5
2873 5
2874 5
2875 5
2876 5
2877 5
2878 5
2879 5
2880 5
2881 5
2882 5
2883 5
2884 5
2885 5
2886 5
2887 5
2888 5
2889 5
2890 5
2891 5
2892 5
2893 5
2894 5
2895 5
2896 5
2897 5
2898 5
2899 5
2900 5
2901 5
2902 5
2903 5
2904 5
2905 5
2906 5
2907 5
2908 5
2909 5
2910 5
2911 5
2912 5
2913 5
2914 5
2915 5
2916 5
2917 5
2918 5
2919 5
2920 5
2921 5
2922 5
2923 5
2924 5
2925 5
2926 5
2927 5
2928 5
2929 5
2930 5
2931 5
2932 5
2933 5
2934 5
2935 5
2936 5
2937 5
2938 5
2939 5
2940 5
2941 5
2942 5
2943 5
2944 5
2945 5
2946 5
2947 5
2948 5
2949 5
2950 5
2951 5
2952 5
2953 5
2954 5
2955 5
2956 5
2957 5
2958 5
2959 5
2960 5
2961 5
2962 5
2963 5
2964 5
2965 5
2966 5
2967 5
2968 5
2969 5
2970 5
2971 5
2972 5
2973 5
2974 5
2975 5
2976 5
2977 5
2978 5
2979 5
2980 5
2981 5
2982 5
2983 5
2984 5
2985 5
2986 5
2987 5
2988 5
2989 5
2990 5
2991 5
2992 5
2993 5
2994 5
2995 5
2996 5
2997 5
2998 5
2999 5
3000 5
3001 5
3002 5
3003 5
3004 5
3005 5
3006 5
3007 5
3008 5
3009 5
3010 5
3011 5
3012 5
3013 5
3014 5
3015 5
3016 5
3017 5
3018 5
3019 5
3020 5
3021 5
3022 5
3023 5
3024 5
3025 5
3026 5
3027 5
3028 5
3029 5
3030 5
3031 5
3032 5
3033 5
3034 5
3035 5
3036 5
3037 5
3038 5
3039 5
3040 5
3041 5
3042 5
3043 5
3044 5
3045 5
3046 5
3047 5
3048 5
3049 5
3050 5
3051 5
3052 5
3053 5
3054 5
3055 5
3056 5
3057 5
3058 5
3059 5
3060 5
3061 5
3062 5
3063 5
3064 5
3065 5
3066 5
3067 5
3068 5
3069 5
3070 5
3071 5
3072 5
3073 5
3074 5
3075 5
3076 5
3077 5
3078 5
3079 5
3080 5
3081 5
3082 5
3083 5
3084 5
3085 5
3086 5
3087 5
3088 5
3089 5
3090 5
3091 5
3092 5
3093 5
3094 5
3095 5
3096 5
3097 5
3098 5
3099 5
3100 5
3101 5
3102 5
3103 5
3104 5
3105 5
3106 5
3107 5
3108 5
3109 5
3110 5
3111 5
3112 5
3113 5
3114 5
3115 5
3116 5
3117 5
3118 5
3119 5
3120 5
3121 5
3122 5
3123 5
3124 5
3125 5
3126 5
3127 5
3128 5
3129 5
3130 5
3131 5
3132 5
3133 5
3134 5
3135 5
3136 5
3137 5
3138 5
3139 5
3140 5
3141 5
3142 5
3143 5
3144 5
3145 5
3146 5
3147 5
3148 5
3149 5
3150 5
3151 5
3152 5
3153 5
3154 5
3155 5
3156 5
3157 5
3158 5
3159 5
3160 5
3161 5
3162 5
3163 5
3164 5
3165 5
3166 5
3167 5
3168 5
3169 5
3170 5
3171 5
3172 5
3173 5
3174 5
3175 5
3176 5
3177 5
3178 5
3179 5
3180 5
3181 5
3182 5
3183 5
3184 5
3185 5
3186 5
3187 5
3188 5
3189 5
3190 5
3191 5
3192 5
3193 5
3194 5
3195 5
3196 5
3197 5
3198 5
3199 5
3200 5
3201 5
3202 5
3203 5
3204 5
3205 5
3206 5
3207 5
3208 5
3209 5
3210 5
3211 5
3212 5
3213 5
3214 5
3215 5
3216 5
3217 5
3218 5
3219 5
3220 5
3221 5
3222 5
3223 5
3224 5
3225 5
3226 5
3227 5
3228 5
3229 5
3230 5
3231 5
3232 5
3233 5
3234 5
3235 5
3236 5
3237 5
3238 5
3239 5
3240 5
3241 5
3242 5
3243 5
3244 5
3245 5
3246 5
3247 5
3248 5
3249 5
3250 5
3251 5
3252 5
3253 5
3254 5
3255 5
3256 5
3257 5
3258 5
3259 5
3260 5
3261 5
3262 5
3263 5
3264 5
3265 5
3266 5
3267 5
3268 5
3269 5
3270 5
3271 5
3272 5
3273 5
3274 5
3275 5
3276 5
3277 5
3278 5
3279 5
3280 5
3281 5
3282 5
3283 5
3284 5
3285 5
3286 5
3287 5
3288 5
3289 5
3290 5
3291 5
3292 5
3293 5
3294 5
3295 5
3296 5
3297 5
3298 5
3299 5
3300 5
3301 5
3302 5
3303 5
3304 5
3305 5
3306 5
3307 5
3308 5
3309 5
3310 5
3311 5
3312 5
3313 5
3314 5
3315 5
3316 5
3317 5
3318 5
3319 5
3320 5
3321 5
3322 5
3323 5
3324 5
3325 5
3326 5
3327 5
3328 5
3329 5
3330 5
3331 5
3332 5
3333 5
3334 5
3335 5
3336 5
3337 5
3338 5
3339 5
3340 5
3341 5
3342 5
3343 5
3344 5
3345 5
3346 5
3347 5
3348 5
3349 5
3350 5
3351 5
3352 5
3353 5
3354 5
3355 5
3356 5
3357 5
3358 5
3359 5
3360 5
3361 5
3362 5
3363 5
3364 5
3365 5
3366 5
3367 5
3368 5
3369 5
3370 5
3371 5
3372 5
3373 5
3374 5
3375 5
3376 5
3377 5
3378 5
3379 5
3380 5
3381 5
3382 5
3383 5
3384 5
3385 5
3386 5
3387 5
3388 5
3389 5
3390 5
3391 5
3392 5
3393 5
3394 5
3395 5
3396 5
3397 5
3398 5
3399 5
3400 5
3401 5
3402 5
3403 5
3404 5
3405 5
3406 5
3407 5
3408 5
3409 5
3410 5
3411 5
3412 5
3413 5
3414 5
3415 5
3416 5
3417 5
3418 5
3419 5
3420 5
3421 5
3422 5
3423 5
3424 5
3425 5
3426 5
3427 5
3428 5
3429 5
3430 5
3431 5
3432 5
3433 5
3434 5
3435 5
3436 5
3437 5
3438 5
3439 5
3440 5
3441 5
3442 5
3443 5
3444 5
3445 5
3446 5
3447 5
3448 5
3449 5
3450 5
3451 5
3452 5
3453 5
3454 5
3455 5
3456 5
3457 5
3458 5
3459 5
3460 5
3461 5
3462 5
3463 5
3464 5
3465 5
3466 5
3467 5
3468 5
3469 5
3470 5
3471 5
3472 5
3473 5
3474 5
3475 5
3476 5
3477 5
3478 5
3479 5
3480 5
3481 5
3482 5
3483 5
3484 5
3485 5
3486 5
3487 5
3488 5
3489 5
3490 5
3491 5
3492 5
3493 5
3494 5
3495 5
3496 5
3497 5
3498 5
3499 5
3500 5
3501 5
3502 5
3503 5
3504 5
3505 5
3506 5
3507 5
3508 5
3509 5
3510 5
3511 5
3512 5
3513 5
3514 5
3515 5
3516 5
3517 5
3518 5
3519 5
3520 5
3521 5
3522 5
3523 5
3524 5
3525 5
3526 5
3527 5
3528 5
3529 5
3530 5
3531 5
3532 5
3533 5
3534 5
3535 5
3536 5
3537 5
3538 5
3539 5
3540 5
3541 5
3542 5
3543 5
3544 5
3545 5
3546 5
3547 5
3548 5
3549 5
3550 5
3551 5
3552 5
3553 5
3554 5
3555 5
3556 5
3557 5
3558 5
3559 5
3560 5
3561 5
3562 5
3563 5
3564 5
3565 5
3566 5
3567 5
3568 5
3569 5
3570 5
3571 5
3572 5
3573 5
3574 5
3575 5
3576 5
3577 5
3578 5
3579 5
3580 5
3581 5
3582 5
3583 5
3584 5
3585 5
3586 5
3587 5
3588 5
3589 5
3590 5
3591 5
3592 5
3593 5
3594 5
3595 5
3596 5
3597 5
3598 5
3599 5
3600 5
3601 5
3602 5
3603 5
3604 5
3605 5
3606 5
3607 5
3608 5
3609 5
3610 5
3611 5
3612 5
3613 5
3614 5
3615 5
3616 5
3617 5
3618 5
3619 5
3620 5
3621 5
3622 5
3623 5
3624 5
3625 5
3626 5
3627 5
3628 5
3629 5
3630 5
3631 5
3632 5
3633 5
3634 5
3635 5
3636 5
3637 5
3638 5
3639 5
3640 5
3641 5
3642 5
3643 5
3644 5
3645 5
3646 5
3647 5
3648 5
3649 5
3650 5
3651 5
3652 5
3653 5
3654 5
3655 5
3656 5
3657 5
3658 5
3659 5
3660 5
3661 5
3662 5
3663 5
3664 5
3665 5
3666 5
3667 5
3668 5
3669 5
3670 5
3671 5
3672 5
3673 5
3674 5
3675 5
3676 5
3677 5
3678 5
3679 5
3680 5
3681 5
3682 5
3683 5
3684 5
3685 5
3686 5
3687 5
3688 5
3689 5
3690 5
3691 5
3692 5
3693 5
3694 5
3695 5
3696 5
3697 5
3698 5
3699 5
3700 5
3701 5
3702 5
3703 5
3704 5
3705 5
3706 5
3707 5
3708 5
3709 5
3710 5
3711 5
3712 5
3713 5
3714 5
3715 5
3716 5
3717 5
3718 5
3719 5
3720 5
3721 5
3722 5
3723 5
3724 5
3725 5
3726 5
3727 5
3728 5
3729 5
3730 5
3731 5
3732 5
3733 5
3734 5
3735 5
3736 5
3737 5
3738 5
3739 5
3740 5
3741 5
3742 5
3743 5
3744 5
3745 5
3746 5
3747 5
3748 5
3749 5
3750 5
3751 5
3752 5
3753 5
3754 5
3755 5
3756 5
3757 5
3758 5
3759 5
3760 5
3761 5
3762 5
3763 5
3764 5
3765 5
3766 5
3767 5
3768 5
3769 5
3770 5
3771 5
3772 5
3773 5
3774 5
3775 5
3776 5
3777 5
3778 5
3779 5
3780 5
3781 5
3782 5
3783 5
3784 5
3785 5
3786 5
3787 5
3788 5
3789 5
3790 5
3791 5
3792 5
3793 5
3794 5
3795 5
3796 5
3797 5
3798 5
3799 5
3800 5
3801 5
3802 5
3803 5
3804 5
3805 5
3806 5
3807 5
3808 5
3809 5
3810 5
3811 5
3812 5
3813 5
3814 5
3815 5
3816 5
3817 5
3818 5
3819 5
3820 5
3821 5
3822 5
3823 5
3824 5
3825 5
3826 5
3827 5
3828 5
3829 5
3830 5
3831 5
3832 5
3833 5
3834 5
3835 5
3836 5
3837 5
3838 5
3839 5
3840 5
3841 5
3842 5
3843 5
3844 5
3845 5
3846 5
3847 5
3848 5
3849 5
3850 5
3851 5
3852 5
3853 5
3854 5
3855 5
3856 5
3857 5
3858 5
3859 5
3860 5
3861 5
3862 5
3863 5
3864 5
3865 5
3866 5
3867 5
3868 5
3869 5
3870 5
3871 5
3872 5
3873 5
3874 5
3875 5
3876 5
3877 5
3878 5
3879 5
3880 5
3881 5
3882 5
3883 5
3884 5
3885 5
3886 5
3887 5
3888 5
3889 5
3890 5
3891 5
3892 5
3893 5
3894 5
3895 5
3896 5
3897 5
3898 5
3899 5
3900 5
3901 5
3902 5
3903 5
3904 5
3905 5
3906 5
3907 5
3908 5
3909 5
3910 5
3911 5
3912 5
3913 5
3914 5
3915 5
3916 5
3917 5
3918 5
3919 5
3920 5
3921 5
3922 5
3923 5
3924 5
3925 5
3926 5
3927 5
3928 5
3929 5
3930 5
3931 5
3932 5
3933 5
3934 5
3935 5
3936 5
3937 5
3938 5
3939 5
3940 5
3941 5
3942 5
3943 5
3944 5
3945 5
3946 5
3947 5
3948 5
3949 5
3950 5
3951 5
3952 5
3953 5
3954 5
3955 5
3956 5
3957 5
3958 5
3959 5
3960 5
3961 5
3962 5
3963 5
3964 5
3965 5
3966 5
3967 5
3968 5
3969 5
3970 5
3971 5
3972 5
3973 5
3974 5
3975 5
3976 5
3977 5
3978 5
3979 5
3980 5
3981 5
3982 5
3983 5
3984 5
3985 5
3986 5
3987 5
3988 5
3989 5
3990 5
3991 5
3992 5
3993 5
3994 5
3995 5
3996 5
3997 5
3998 5
3999 5
4000 5
4001 5
4002 5
4003 5
4004 5
4005 5
4006 5
4007 5
4008 5
4009 5
4010 5
4011 5
4012 5
4013 5
4014 5
4015 5
4016 5
4017 5
4018 5
4019 5
4020 5
4021 5
4022 5
4023 5
4024 5
4025 5
4026 5
4027 5
4028 5
4029 5
4030 5
4031 5
4032 5
4033 5
4034 5
4035 5
4036 5
4037 5
4038 5
4039 5
4040 5
4041 5
4042 5
4043 5
4044 5
4045 5
4046 5
4047 5
4048 5
4049 5
4050 5
4051 5
4052 5
4053 5
4054 5
4055 5
4056 5
4057 5
4058 5
4059 5
4060 5
4061 5
4062 5
4063 5
4064 5
4065 5
4066 5
4067 5
4068 5
4069 5
4070 5
4071 5
4072 5
4073 5
4074 5
4075 5
4076 5
4077 5
4078 5
4079 5
4080 5
4081 5
4082 5
4083 5
4084 5
4085 5
4086 5
4087 5
4088 5
4089 5
4090 5
4091 5
4092 5
4093 5
4094 5
4095 5
4096 5
4097 5
4098 5
4099 5
4100 5
4101 5
4102 5
4103 5
4104 5
4105 5
4106 5
4107 5
4108 5
4109 5
4110 5
4111 5
4112 5
4113 5
4114 5
4115 5
4116 5
4117 5
4118 5
4119 5
4120 5
4121 5
4122 5
4123 5
4124 5
4125 5
4126 5
4127 5
4128 5
4129 5
4130 5
4131 5
4132 5
4133 5
4134 5
4135 5
4136 5
4137 5
4138 5
4139 5
4140 5
4141 5
4142 5
4143 5
4144 5
4145 5
4146 5
4147 5
4148 5
4149 5
4150 5
4151 5
4152 5
4153 5
4154 5
4155 5
4156 5
4157 5
4158 5
4159 5
4160 5
4161 5
4162 5
4163 5
4164 5
4165 5
4166 5
4167 5
4168 5
4169 5
4170 5
4171 5
4172 5
4173 5
4174 5
4175 5
4176 5
4177 5
4178 5
4179 5
4180 5
4181 5
4182 5
4183 5
4184 5
4185 5
4186 5
4187 5
4188 5
4189 5
4190 5
4191 5
4192 5
4193 5
4194 5
4195 5
4196 5
4197 5
4198 5
4199 5
4200 5
4201 5
4202 5
4203 5
4204 5
4205 5
4206 5
4207 5
4208 5
4209 5
4210 5
4211 5
4212 5
4213 5
4214 5
4215 5
4216 5
4217 5
4218 5
4219 5
4220 5
4221 5
4222 5
4223 5
4224 5
4225 5
4226 5
4227 5
4228 5
4229 5
4230 5
4231 5
4232 5
4233 5
4234 5
4235 5
4236 5
4237 5
4238 5
4239 5
4240 5
4241 5
4242 5
4243 5
4244 5
4245 5
4246 5
4247 5
4248 5
4249 5
4250 5
4251 5
4252 5
4253 5
4254 5
4255 5
4256 5
4257 5
4258 5
4259 5
4260 5
4261 5
4262 5
4263 5
4264 5
4265 5
4266 5
4267 5
4268 5
4269 5
4270 5
4271 5
4272 5
4273 5
4274 5
4275 5
4276 5
4277 5
4278 5
4279 5
4280 5
4281 5
4282 5
4283 5
4284 5
4285 5
4286 5
4287 5
4288 5
4289 5
4290 5
4291 5
4292 5
4293 5
4294 5
4295 5
4296 5
4297 5
4298 5
4299 5
4300 5
4301 5
4302 5
4303 5
4304 5
4305 5
4306 5
4307 5
4308 5
4309 5
4310 5
4311 5
4312 5
4313 5
4314 5
4315 5
4316 5
4317 5
4318 5
4319 5
4320 5
4321 5
4322 5
4323 5
4324 5
4325 5
4326 5
4327 5
4328 5
4329 5
4330 5
4331 5
4332 5
4333 5
4334 5
4335 5
4336 5
4337 5
4338 5
4339 5
4340 5
4341 5
4342 5
4343 5
4344 5
4345 5
4346 5
4347 5
4348 5
4349 5
4350 5
4351 5
4352 5
4353 5
4354 5
4355 5
4356 5
4357 5
4358 5
4359 5
4360 5
4361 5
4362 5
4363 5
4364 5
4365 5
4366 5
4367 5
4368 5
4369 5
4370 5
4371 5
4372 5
4373 5
4374 5
4375 5
4376 5
4377 5
4378 5
4379 5
4380 5
4381 5
4382 5
4383 5
4384 5
4385 5
4386 5
4387 5
4388 5
4389 5
4390 5
4391 5
4392 5
4393 5
4394 5
4395 5
4396 5
4397 5
4398 5
4399 5
4400 5
4401 5
4402 5
4403 5
4404 5
4405 5
4406 5
4407 5
4408 5
4409 5
4410 5
4411 5
4412 5
4413 5
4414 5
4415 5
4416 5
4417 5
4418 5
4419 5
4420 5
4421 5
4422 5
4423 5
4424 5
4425 5
4426 5
4427 5
4428 5
4429 5
4430 5
4431 5
4432 5
4433 5
4434 5
4435 5
4436 5
4437 5
4438 5
4439 5
4440 5
4441 5
4442 5
4443 5
4444 5
4445 5
4446 5
4447 5
4448 5
4449 5
4450 5
4451 5
4452 5
4453 5
4454 5
4455 5
4456 5
4457 5
4458 5
4459 5
4460 5
4461 5
4462 5
4463 5
4464 5
4465 5
4466 5
4467 5
4468 5
4469 5
4470 5
4471 5
4472 5
4473 5
4474 5
4475 5
4476 5
4477 5
4478 5
4479 5
4480 5
4481 5
4482 5
4483 5
4484 5
4485 5
4486 5
4487 5
4488 5
4489 5
4490 5
4491 5
4492 5
4493 5
4494 5
4495 5
4496 5
4497 5
4498 5
4499 5
4500 5
4501 5
4502 5
4503 5
4504 5
4505 5
4506 5
4507 5
4508 5
4509 5
4510 5
4511 5
4512 5
4513 5
4514 5
4515 5
4516 5
4517 5
4518 5
4519 5
4520 5
4521 5
4522 5
4523 5
4524 5
4525 5
4526 5
4527 5
4528 5
4529 5
4530 5
4531 5
4532 5
4533 5
4534 5
4535 5
4536 5
4537 5
4538 5
4539 5
4540 5
4541 5
4542 5
4543 5
4544 5
4545 5
4546 5
4547 5
4548 5
4549 5
4550 5
4551 5
4552 5
4553 5
4554 5
4555 5
4556 5
4557 5
4558 5
4559 5
4560 5
4561 5
4562 5
4563 5
4564 5
4565 5
4566 5
4567 5
4568 5
4569 5
4570 5
4571 5
4572 5
4573 5
4574 5
4575 5
4576 5
4577 5
4578 5
4579 5
4580 5
4581 5
4582 5
4583 5
4584 5
4585 5
4586 5
4587 5
4588 5
4589 5
4590 5
4591 5
4592 5
4593 5
4594 5
4595 5
4596 5
4597 5
4598 5
4599 5
4600 5
4601 5
4602 5
4603 5
4604 5
4605 5
4606 5
4607 5
4608 5
4609 5
4610 5
4611 5
4612 5
4613 5
4614 5
4615 5
4616 5
4617 5
4618 5
4619 5
4620 5
4621 5
4622 5
4623 5
4624 5
4625 5
4626 5
4627 5
4628 5
4629 5
4630 5
4631 5
4632 5
4633 5
4634 5
4635 5
4636 5
4637 5
4638 5
4639 5
4640 5
4641 5
4642 5
4643 5
4644 5
4645 5
4646 5
4647 5
4648 5
4649 5
4650 5
4651 5
4652 5
4653 5
4654 5
4655 5
4656 5
4657 5
4658 5
4659 5
4660 5
4661 5
4662 5
4663 5
4664 5
4665 5
4666 5
4667 5
4668 5
4669 5
4670 5
4671 5
4672 5
4673 5
4674 5
4675 5
4676 5
4677 5
4678 5
4679 5
4680 5
4681 5
4682 6
4683 6
4684 6
4685 6
4686 6
4687 6
4688 6
4689 6
4690 6
4691 6
4692 6
4693 6
4694 6
4695 6
4696 6
4697 6
4698 6
4699 6
4700 6
4701 6
4702 6
4703 6
4704 6
4705 6
4706 6
4707 6
4708 6
4709 6
4710 6
4711 6
4712 6
4713 6
4714 6
4715 6
4716 6
4717 6
4718 6
4719 6
4720 6
4721 6
4722 6
4723 6
4724 6
4725 6
4726 6
4727 6
4728 6
4729 6
4730 6
4731 6
4732 6
4733 6
4734 6
4735 6
4736 6
4737 6
4738 6
4739 6
4740 6
4741 6
4742 6
4743 6
4744 6
4745 6
4746 6
4747 6
4748 6
4749 6
4750 6
4751 6
4752 6
4753 6
4754 6
4755 6
4756 6
4757 6
4758 6
4759 6
4760 6
4761 6
4762 6
4763 6
4764 6
4765 6
4766 6
4767 6
4768 6
4769 6
4770 6
4771 6
4772 6
4773 6
4774 6
4775 6
4776 6
4777 6
4778 6
4779 6
4780 6
4781 6
4782 6
4783 6
4784 6
4785 6
4786 6
4787 6
4788 6
4789 6
4790 6
4791 6
4792 6
4793 6
4794 6
4795 6
4796 6
4797 6
4798 6
4799 6
4800 6
4801 6
4802 6
4803 6
4804 6
4805 6
4806 6
4807 6
4808 6
4809 6
4810 6
4811 6
4812 6
4813 6
4814 6
4815 6
4816 6
4817 6
4818 6
4819 6
4820 6
4821 6
4822 6
4823 6
4824 6
4825 6
4826 6
4827 6
4828 6
4829 6
4830 6
4831 6
4832 6
4833 6
4834 6
4835 6
4836 6
4837 6
4838 6
4839 6
4840 6
4841 6
4842 6
4843 6
4844 6
4845 6
4846 6
4847 6
4848 6
4849 6
4850 6
4851 6
4852 6
4853 6
4854 6
4855 6
4856 7
4857 7
4858 7
4859 7
4860 7
4861 7
4862 7
4863 7
4864 7
4865 7
4866 7
4867 7
4868 7
4869 7
4870 7
4871 7
4872 7
4873 7
4874 7
4875 7
4876 7
4877 7
4878 7
4879 7
4880 7
4881 7
4882 7
4883 7
4884 7
4885 7
4886 7
4887 7
4888 7
4889 7
4890 7
4891 7
4892 7
4893 7
4894 7
4895 7
4896 7
4897 7
4898 7
4899 7
4900 7
4901 7
4902 7
4903 7
4904 7
4905 7
4906 7
4907 7
4908 7
4909 7
4910 7
4911 7
4912 7
4913 7
4914 7
4915 7
4916 7
4917 7
4918 7
4919 7
4920 7
4921 7
4922 7
4923 7
4924 7
4925 7
4926 7
4927 7
4928 7
4929 7
4930 7
4931 7
4932 7
4933 7
4934 7
4935 7
4936 7
4937 7
4938 7
4939 7
4940 7
4941 7
4942 7
4943 7
4944 7
4945 7
4946 7
4947 7
4948 7
4949 7
4950 7
4951 7
4952 7
4953 7
4954 7
4955 7
4956 7
4957 7
4958 7
4959 7
4960 7
4961 7
4962 7
4963 7
4964 7
4965 7
4966 7
4967 7
4968 7
4969 7
4970 7
4971 7
4972 7
4973 7
4974 7
4975 7
4976 7
4977 7
4978 7
4979 7
4980 7
4981 7
4982 7
4983 7
4984 7
4985 7
4986 7
4987 7
4988 7
4989 7
4990 7
4991 7
4992 7
4993 7
4994 7
4995 7
4996 7
4997 7
4998 7
4999 7
5000 7
5001 7
5002 7
5003 7
5004 7
5005 7
5006 7
5007 7
5008 7
5009 7
5010 7
5011 7
5012 7
5013 7
5014 7
5015 7
5016 7
5017 7
5018 7
5019 7
5020 7
5021 7
5022 7
5023 7
5024 7
5025 7
5026 7
5027 7
5028 7
5029 7
5030 7
5031 7
5032 7
5033 7
5034 7
5035 7
5036 7
5037 7
5038 7
5039 7
5040 7
5041 7
5042 7
5043 7
5044 7
5045 7
5046 7
5047 7
5048 7
5049 7
5050 7
5051 7
5052 7
5053 7
5054 7
5055 7
5056 7
5057 7
5058 7
5059 7
5060 7
5061 7
5062 7
5063 7
5064 7
5065 7
5066 7
5067 7
5068 7
5069 7
5070 7
5071 7
5072 7
5073 7
5074 7
5075 7
5076 7
5077 7
5078 7
5079 7
5080 7
5081 7
5082 7
5083 7
5084 7
5085 7
5086 7
5087 7
5088 7
5089 7
5090 7
5091 7
5092 7
5093 7
5094 7
5095 7
5096 7
5097 7
5098 7
5099 7
5100 7
5101 7
5102 7
5103 7
5104 7
5105 7
5106 7
5107 7
5108 7
5109 7
5110 7
5111 7
5112 7
5113 7
5114 7
5115 7
5116 7
5117 7
5118 7
5119 7
5120 7
5121 7
5122 7
5123 7
5124 7
5125 7
5126 7
5127 7
5128 7
5129 7
5130 7
5131 7
5132 7
5133 7
5134 7
5135 7
5136 7
5137 7
5138 7
5139 7
5140 7
5141 7
5142 7
5143 7
5144 7
5145 7
5146 7
5147 7
5148 7
5149 7
5150 7
5151 7
5152 7
5153 7
5154 7
5155 7
5156 7
5157 7
5158 7
5159 7
5160 7
5161 7
5162 7
5163 7
5164 7
5165 7
5166 7
5167 7
5168 7
5169 7
5170 7
5171 7
5172 7
5173 7
5174 7
5175 7
5176 7
5177 7
5178 7
5179 7
5180 7
5181 7
5182 7
5183 7
5184 7
5185 7
5186 7
5187 7
5188 7
5189 7
5190 7
5191 7
5192 7
5193 7
5194 7
5195 7
5196 7
5197 7
5198 7
5199 7
5200 7
5201 7
5202 7
5203 7
5204 7
5205 7
5206 7
5207 7
5208 7
5209 7
5210 7
5211 7
5212 7
5213 7
5214 7
5215 7
5216 7
5217 7
5218 7
5219 7
5220 7
5221 7
5222 7
5223 7
5224 7
5225 7
5226 7
5227 7
5228 7
5229 7
5230 7
5231 7
5232 7
5233 7
5234 7
5235 7
5236 7
5237 7
5238 7
5239 7
5240 7
5241 7
5242 7
5243 7
5244 7
5245 7
5246 7
5247 7
5248 7
5249 7
5250 7
5251 7
5252 7
5253 7
5254 7
5255 7
5256 7
5257 7
5258 7
5259 7
5260 7
5261 7
5262 7
5263 7
5264 7
5265 7
5266 7
5267 7
5268 7
5269 7
5270 7
5271 7
5272 7
5273 7
5274 7
5275 7
5276 7
5277 7
5278 7
5279 7
5280 7
5281 7
5282 7
5283 7
5284 7
5285 7
5286 7
5287 7
5288 7
5289 7
5290 7
5291 7
5292 7
5293 7
5294 7
5295 7
5296 7
5297 7
5298 7
5299 7
5300 7
5301 7
5302 7
5303 7
5304 7
5305 7
5306 7
5307 7
5308 7
5309 7
5310 7
5311 7
5312 7
5313 7
5314 7
5315 7
5316 7
5317 7
5318 7
5319 7
5320 7
5321 7
5322 7
5323 7
5324 7
5325 7
5326 7
5327 7
5328 7
5329 7
5330 7
5331 7
5332 7
5333 7
5334 7
5335 7
5336 7
5337 7
5338 7
5339 7
5340 7
5341 7
5342 7
5343 7
5344 7
5345 7
5346 7
5347 7
5348 7
5349 7
5350 7
5351 7
5352 7
5353 7
5354 7
5355 7
5356 7
5357 7
5358 7
5359 7
5360 7
5361 7
5362 7
5363 7
5364 7
5365 7
5366 7
5367 7
5368 7
5369 7
5370 7
5371 7
5372 7
5373 7
5374 7
5375 7
5376 7
5377 7
5378 7
5379 7
5380 7
5381 7
5382 7
5383 7
5384 7
5385 7
5386 7
5387 7
5388 7
5389 7
5390 7
5391 7
5392 7
5393 7
5394 7
5395 7
5396 7
5397 7
5398 7
5399 7
5400 7
5401 7
5402 7
5403 7
5404 7
5405 7
5406 7
5407 7
5408 7
5409 7
5410 7
5411 7
5412 7
5413 7
5414 7
5415 7
5416 7
5417 7
5418 7
5419 7
5420 7
5421 7
5422 7
5423 7
5424 7
5425 7
5426 7
5427 7
5428 7
5429 7
5430 7
5431 7
5432 7
5433 7
5434 7
5435 7
5436 7
5437 7
5438 7
5439 7
5440 7
5441 7
5442 7
5443 7
5444 7
5445 7
5446 7
5447 7
5448 7
5449 7
5450 7
5451 7
5452 7
5453 7
5454 7
5455 7
5456 7
5457 7
5458 7
5459 7
5460 7
5461 7
5462 7
5463 7
5464 7
5465 7
5466 7
5467 7
5468 7
5469 7
5470 7
5471 7
5472 7
5473 7
5474 7
5475 7
5476 7
5477 7
5478 7
5479 7
5480 7
5481 7
5482 7
5483 7
5484 7
5485 7
5486 7
5487 7
5488 7
5489 7
5490 7
5491 7
5492 7
5493 7
5494 7
5495 7
5496 7
5497 7
5498 7
5499 7
5500 7
5501 7
5502 7
5503 7
5504 7
5505 7
5506 7
5507 7
5508 7
5509 7
5510 7
5511 7
5512 7
5513 7
5514 7
5515 7
5516 7
5517 7
5518 7
5519 7
5520 7
5521 7
5522 7
5523 7
5524 7
5525 7
5526 7
5527 7
5528 7
5529 7
5530 7
5531 7
5532 7
5533 7
5534 7
5535 7
5536 7
5537 7
5538 7
5539 7
5540 7
5541 7
5542 7
5543 7
5544 7
5545 7
5546 7
5547 7
5548 7
5549 7
5550 7
5551 7
5552 7
5553 7
5554 7
5555 7
5556 7
5557 7
5558 7
5559 7
5560 7
5561 7
5562 7
5563 7
5564 7
5565 7
5566 7
5567 7
5568 7
5569 7
5570 7
5571 7
5572 7
5573 7
5574 7
5575 7
5576 7
5577 7
5578 7
5579 7
5580 7
5581 7
5582 7
5583 7
5584 7
5585 7
5586 7
5587 7
5588 7
5589 7
5590 7
5591 7
5592 7
5593 7
5594 7
5595 7
5596 7
5597 7
5598 7
5599 7
5600 7
5601 7
5602 7
5603 7
5604 7
5605 7
5606 7
5607 7
5608 7
5609 7
5610 7
5611 7
5612 7
5613 7
5614 7
5615 7
5616 7
5617 7
5618 7
5619 7
5620 7
5621 7
5622 7
5623 7
5624 7
5625 7
5626 7
5627 7
5628 7
5629 7
5630 7
5631 7
5632 7
5633 7
5634 7
5635 7
5636 7
5637 7
5638 7
5639 7
5640 7
5641 7
5642 7
5643 7
5644 7
5645 7
5646 7
5647 7
5648 7
5649 7
5650 7
5651 7
5652 7
5653 7
5654 7
5655 7
5656 7
5657 7
5658 7
5659 7
5660 7
5661 7
5662 7
5663 7
5664 7
5665 7
5666 7
5667 7
5668 7
5669 7
5670 7
5671 7
5672 7
5673 7
5674 7
5675 7
5676 7
5677 7
5678 7
5679 7
5680 7
5681 7
5682 7
5683 7
5684 7
5685 7
5686 7
5687 7
5688 7
5689 7
5690 7
5691 7
5692 7
5693 7
5694 7
5695 7
5696 7
5697 7
5698 7
5699 7
5700 7
5701 7
5702 7
5703 7
5704 7
5705 7
5706 7
5707 7
5708 7
5709 7
5710 7
5711 7
5712 7
5713 7
5714 7
5715 7
5716 7
5717 7
5718 7
5719 7
5720 7
5721 7
5722 7
5723 7
5724 7
5725 7
5726 7
5727 7
5728 7
5729 7
5730 7
5731 7
5732 7
5733 7
5734 7
5735 7
5736 7
5737 7
5738 7
5739 7
5740 7
5741 7
5742 7
5743 7
5744 7
5745 7
5746 7
5747 7
5748 7
5749 7
5750 7
5751 7
5752 7
5753 7
5754 7
5755 7
5756 7
5757 7
5758 7
5759 7
5760 7
5761 7
5762 7
5763 7
5764 7
5765 7
5766 7
5767 7
5768 7
5769 7
5770 7
5771 7
5772 7
5773 7
5774 7
5775 7
5776 7
5777 7
5778 7
5779 7
5780 7
5781 7
5782 7
5783 7
5784 7
5785 7
5786 7
5787 7
5788 7
5789 7
5790 7
5791 7
5792 7
5793 7
5794 7
5795 7
5796 7
5797 7
5798 7
5799 7
5800 7
5801 7
5802 7
5803 7
5804 7
5805 7
5806 7
5807 7
5808 7
5809 7
5810 7
5811 7
5812 7
5813 7
5814 7
5815 7
5816 7
5817 7
5818 7
5819 7
5820 7
5821 7
5822 7
5823 7
5824 7
5825 7
5826 7
5827 7
5828 7
5829 7
5830 7
5831 7
5832 7
5833 7
5834 7
5835 7
5836 7
5837 7
5838 7
5839 7
5840 7
5841 7
5842 7
5843 7
5844 7
5845 7
5846 7
5847 7
5848 7
5849 7
5850 7
5851 7
5852 7
5853 7
5854 7
5855 7
5856 7
5857 7
5858 7
5859 7
5860 7
5861 7
5862 7
5863 7
5864 7
5865 7
5866 7
5867 7
5868 7
5869 7
5870 7
5871 7
5872 7
5873 7
5874 7
5875 7
5876 7
5877 7
5878 7
5879 7
5880 7
5881 7
5882 7
5883 7
5884 7
5885 7
5886 7
5887 7
5888 7
5889 7
5890 7
5891 7
5892 7
5893 7
5894 7
5895 7
5896 7
5897 7
5898 7
5899 7
5900 7
5901 7
5902 7
5903 7
5904 7
5905 7
5906 7
5907 7
5908 7
5909 7
5910 7
5911 7
5912 7
5913 7
5914 7
5915 7
5916 7
5917 7
5918 7
5919 7
5920 7
5921 7
5922 7
5923 7
5924 7
5925 7
5926 7
5927 7
5928 7
5929 7
5930 7
5931 7
5932 7
5933 7
5934 7
5935 7
5936 7
5937 7
5938 7
5939 7
5940 7
5941 7
5942 7
5943 7
5944 7
5945 7
5946 7
5947 7
5948 7
5949 7
5950 7
5951 7
5952 7
5953 7
5954 7
5955 7
5956 7
5957 7
5958 7
5959 7
5960 7
5961 7
5962 7
5963 7
5964 7
5965 7
5966 7
5967 7
5968 7
5969 7
5970 7
5971 7
5972 7
5973 7
5974 7
5975 7
5976 7
5977 7
5978 7
5979 7
5980 7
5981 7
5982 7
5983 7
5984 7
5985 7
5986 7
5987 7
5988 7
5989 7
5990 7
5991 7
5992 7
5993 7
5994 7
5995 7
5996 7
5997 7
5998 7
5999 7
6000 7
6001 7
6002 7
6003 7
6004 7
6005 7
6006 7
6007 7
6008 7
6009 7
6010 7
6011 7
6012 7
6013 7
6014 7
6015 7
6016 7
6017 7
6018 7
6019 7
6020 7
6021 7
6022 7
6023 7
6024 7
6025 7
6026 7
6027 7
6028 7
6029 7
6030 7
6031 7
6032 7
6033 7
6034 7
6035 7
6036 7
6037 7
6038 7
6039 7
6040 7
6041 7
6042 7
6043 7
6044 7
6045 7
6046 7
6047 7
6048 7
6049 7
6050 7
6051 7
6052 7
6053 7
6054 7
6055 7
6056 7
6057 7
6058 7
6059 7
6060 7
6061 7
6062 7
6063 7
6064 7
6065 7
6066 7
6067 7
6068 7
6069 7
6070 7
6071 7
6072 7
6073 7
6074 7
6075 7
6076 7
6077 7
6078 7
6079 7
6080 7
6081 7
6082 7
6083 7
6084 7
6085 7
6086 7
6087 7
6088 7
6089 7
6090 7
6091 7
6092 7
6093 7
6094 7
6095 7
6096 7
6097 7
6098 7
6099 7
6100 7
6101 7
6102 7
6103 7
6104 7
6105 7
6106 7
6107 7
6108 7
6109 7
6110 7
6111 7
6112 7
6113 7
6114 7
6115 7
6116 7
6117 7
6118 7
6119 7
6120 7
6121 7
6122 7
6123 7
6124 7
6125 7
6126 7
6127 7
6128 7
6129 7
6130 7
6131 7
6132 7
6133 7
6134 7
6135 7
6136 7
6137 7
6138 7
6139 7
6140 7
6141 7
6142 7
6143 7
6144 7
6145 7
6146 7
6147 7
6148 7
6149 7
6150 7
6151 7
6152 7
6153 7
6154 7
6155 7
6156 7
6157 7
6158 7
6159 7
6160 7
6161 7
6162 7
6163 7
6164 7
6165 7
6166 7
6167 7
6168 7
6169 7
6170 7
6171 7
6172 7
6173 7
6174 7
6175 7
6176 7
6177 7
6178 7
6179 7
6180 7
6181 7
6182 7
6183 7
6184 7
6185 7
6186 7
6187 7
6188 7
6189 7
6190 7
6191 7
6192 7
6193 7
6194 7
6195 7
6196 7
6197 7
6198 7
6199 7
6200 7
6201 7
6202 7
6203 7
6204 7
6205 7
6206 7
6207 7
6208 7
6209 7
6210 7
6211 7
6212 7
6213 7
6214 7
6215 7
6216 7
6217 7
6218 7
6219 7
6220 7
6221 7
6222 7
6223 7
6224 7
6225 7
6226 7
6227 7
6228 7
6229 7
6230 7
6231 7
6232 7
6233 7
6234 7
6235 7
6236 7
6237 7
6238 8
6239 8
6240 8
6241 8
6242 8
6243 8
6244 8
6245 8
6246 8
6247 8
6248 8
6249 8
6250 8
6251 8
6252 8
6253 8
6254 8
6255 8
6256 8
6257 8
6258 8
6259 8
6260 8
6261 8
6262 8
6263 8
6264 8
6265 8
6266 8
6267 8
6268 8
6269 8
6270 8
6271 8
6272 8
6273 8
6274 8
6275 8
6276 8
6277 8
6278 8
6279 8
6280 8
6281 8
6282 8
6283 8
6284 8
6285 8
6286 8
6287 8
6288 8
6289 8
6290 8
6291 8
6292 8
6293 8
6294 8
6295 8
6296 8
6297 8
6298 8
6299 8
6300 8
6301 8
6302 8
6303 8
6304 8
6305 8
6306 8
6307 8
6308 8
6309 8
6310 8
6311 8
6312 8
6313 8
6314 8
6315 8
6316 8
6317 8
6318 8
6319 8
6320 8
6321 8
6322 8
6323 8
6324 8
6325 8
6326 8
6327 8
6328 8
6329 8
6330 8
6331 8
6332 8
6333 8
6334 8
6335 8
6336 8
6337 8
6338 8
6339 8
6340 8
6341 8
6342 8
6343 8
6344 8
6345 8
6346 8
6347 8
6348 8
6349 8
6350 8
6351 8
6352 8
6353 8
6354 8
6355 8
6356 8
6357 8
6358 8
6359 8
6360 8
6361 8
6362 8
6363 8
6364 8
6365 8
6366 8
6367 8
6368 8
6369 8
6370 8
6371 8
6372 8
6373 8
6374 8
6375 8
6376 8
6377 8
6378 8
6379 8
6380 8
6381 8
6382 8
6383 8
6384 8
6385 8
6386 8
6387 8
6388 8
6389 8
6390 8
6391 8
6392 8
6393 8
6394 8
6395 8
6396 8
6397 8
6398 8
6399 8
6400 8
6401 8
6402 8
6403 8
6404 8
6405 8
6406 8
6407 8
6408 8
6409 8
6410 8
6411 8
6412 8
6413 8
6414 8
6415 8
6416 8
6417 8
6418 8
6419 8
6420 8
6421 8
6422 8
6423 8
6424 8
6425 8
6426 8
6427 8
6428 8
6429 8
6430 8
6431 8
6432 8
6433 8
6434 8
6435 8
6436 8
6437 8
6438 8
6439 8
6440 8
6441 8
6442 8
6443 8
6444 8
6445 8
6446 8
6447 8
6448 8
6449 8
6450 8
6451 8
6452 8
6453 8
6454 8
6455 8
6456 8
6457 8
6458 8
6459 8
6460 8
6461 8
6462 8
6463 8
6464 8
6465 8
6466 8
6467 8
6468 8
6469 8
6470 8
6471 8
6472 8
6473 8
6474 8
6475 8
6476 8
6477 8
6478 8
6479 8
6480 8
6481 8
6482 8
6483 8
6484 8
6485 8
6486 8
6487 8
6488 8
6489 8
6490 8
6491 8
6492 8
6493 8
6494 8
6495 8
6496 8
6497 8
6498 8
6499 8
6500 8
6501 8
6502 8
6503 8
6504 8
6505 8
6506 8
6507 8
6508 8
6509 8
6510 8
6511 8
6512 8
6513 8
6514 8
6515 8
6516 8
6517 8
6518 8
6519 8
6520 8
6521 8
6522 8
6523 8
6524 8
6525 8
6526 8
6527 8
6528 8
6529 8
6530 8
6531 8
6532 8
6533 8
6534 8
6535 8
6536 8
6537 8
6538 8
6539 8
6540 8
6541 8
6542 8
6543 8
6544 8
6545 8
6546 8
6547 8
6548 8
6549 8
6550 8
6551 8
6552 8
6553 8
6554 8
6555 8
6556 8
6557 8
6558 8
6559 8
6560 8
6561 8
6562 8
6563 8
6564 8
6565 8
6566 8
6567 8
6568 8
6569 8
6570 8
6571 8
6572 8
6573 8
6574 8
6575 8
6576 8
6577 8
6578 8
6579 8
6580 8
6581 8
6582 8
6583 8
6584 8
6585 8
6586 8
6587 8
6588 8
6589 8
6590 8
6591 8
6592 8
6593 8
6594 8
6595 8
6596 8
6597 8
6598 8
6599 8
6600 8
6601 8
6602 8
6603 8
6604 8
6605 8
6606 8
6607 8
6608 8
6609 8
6610 8
6611 8
6612 8
6613 8
6614 8
6615 8
6616 8
6617 8
6618 8
6619 8
6620 8
6621 8
6622 8
6623 8
6624 8
6625 8
6626 8
6627 8
6628 8
6629 8
6630 8
6631 8
6632 8
6633 8
6634 8
6635 8
6636 8
6637 8
6638 8
6639 8
6640 8
6641 8
6642 8
6643 8
6644 8
6645 8
6646 8
6647 8
6648 8
6649 8
6650 8
6651 8
6652 8
6653 8
6654 8
6655 8
6656 8
6657 8
6658 8
6659 8
6660 8
6661 8
6662 8
6663 8
6664 8
6665 8
6666 8
6667 8
6668 8
6669 8
6670 8
6671 8
6672 8
6673 8
6674 8
6675 8
6676 8
6677 8
6678 8
6679 8
6680 8
6681 8
6682 8
6683 8
6684 8
6685 8
6686 8
6687 8
6688 8
6689 8
6690 8
6691 8
6692 8
6693 8
6694 8
6695 8
6696 8
6697 8
6698 8
6699 8
6700 8
6701 8
6702 8
6703 8
6704 8
6705 8
6706 8
6707 8
6708 8
6709 8
6710 8
6711 8
6712 8
6713 8
6714 8
6715 8
6716 8
6717 8
6718 8
6719 8
6720 8
6721 8
6722 8
6723 8
6724 8
6725 8
6726 8
6727 8
6728 8
6729 8
6730 8
6731 8
6732 8
6733 8
6734 8
6735 8
6736 8
6737 8
6738 8
6739 8
6740 8
6741 8
6742 8
6743 8
6744 8
6745 8
6746 8
6747 8
6748 8
6749 8
6750 8
6751 8
6752 8
6753 8
6754 8
6755 8
6756 8
6757 8
6758 8
6759 8
6760 8
6761 8
6762 8
6763 8
6764 8
6765 8
6766 8
6767 8
6768 8
6769 8
6770 8
6771 8
6772 8
6773 8
6774 8
6775 8
6776 8
6777 8
6778 8
6779 8
6780 8
6781 8
6782 8
6783 8
6784 8
6785 8
6786 8
6787 8
6788 8
6789 8
6790 8
6791 8
6792 8
6793 8
6794 8
6795 8
6796 8
6797 8
6798 8
6799 8
6800 8
6801 8
6802 8
6803 8
6804 8
6805 8
6806 8
6807 8
6808 8
6809 8
6810 8
6811 8
6812 8
6813 8
6814 8
6815 8
6816 8
6817 8
6818 8
6819 8
6820 8
6821 8
6822 8
6823 8
6824 8
6825 8
6826 8
6827 8
6828 8
6829 8
6830 8
6831 8
6832 8
6833 8
6834 8
6835 8
6836 8
6837 8
6838 8
6839 8
6840 8
6841 8
6842 8
6843 8
6844 8
6845 8
6846 8
6847 8
6848 8
6849 8
6850 8
6851 8
6852 8
6853 8
6854 8
6855 8
6856 8
6857 8
6858 8
6859 8
6860 8
6861 8
6862 8
6863 8
6864 8
6865 8
6866 8
6867 8
6868 8
6869 8
6870 8
6871 8
6872 8
6873 8
6874 8
6875 8
6876 8
6877 8
6878 8
6879 8
6880 8
6881 8
6882 8
6883 8
6884 8
6885 8
6886 8
6887 8
6888 8
6889 8
6890 8
6891 8
6892 8
6893 8
6894 8
6895 8
6896 8
6897 8
6898 8
6899 8
6900 8
6901 8
6902 8
6903 8
6904 8
6905 8
6906 8
6907 8
6908 8
6909 8
6910 8
6911 8
6912 8
6913 8
6914 8
6915 8
6916 8
6917 8
6918 8
6919 8
6920 8
6921 8
6922 8
6923 8
6924 8
6925 8
6926 8
6927 8
6928 8
6929 8
6930 8
6931 8
6932 8
6933 8
6934 8
6935 8
6936 8
6937 8
6938 8
6939 8
6940 8
6941 8
6942 8
6943 8
6944 8
6945 8
6946 8
6947 8
6948 8
6949 8
6950 8
6951 8
6952 8
6953 8
6954 8
6955 8
6956 8
6957 8
6958 8
6959 8
6960 8
6961 8
6962 8
6963 8
6964 8
6965 8
6966 8
6967 8
6968 8
6969 8
6970 8
6971 8
6972 8
6973 8
6974 8
6975 8
6976 8
6977 8
6978 8
6979 8
6980 8
6981 8
6982 8
6983 8
6984 8
6985 8
6986 8
6987 8
6988 8
6989 8
6990 8
6991 8
6992 8
6993 8
6994 8
6995 8
6996 8
6997 8
6998 8
6999 8
7000 8
7001 8
7002 8
7003 8
7004 8
7005 8
7006 8
7007 8
7008 8
7009 8
7010 8
7011 8
7012 8
7013 8
7014 8
7015 8
7016 8
7017 8
7018 8
7019 8
7020 8
7021 8
7022 8
7023 8
7024 8
7025 8
7026 8
7027 8
7028 8
7029 8
7030 8
7031 8
7032 8
7033 8
7034 8
7035 8
7036 8
7037 8
7038 8
7039 8
7040 8
7041 8
7042 8
7043 8
7044 8
7045 8
7046 8
7047 8
7048 8
7049 8
7050 8
7051 8
7052 8
7053 8
7054 8
7055 8
7056 8
7057 8
7058 8
7059 8
7060 8
7061 8
7062 8
7063 8
7064 8
7065 8
7066 8
7067 8
7068 8
7069 8
7070 8
7071 8
7072 8
7073 8
7074 8
7075 8
7076 8
7077 8
7078 8
7079 8
7080 8
7081 8
7082 8
7083 8
7084 8
7085 8
7086 8
7087 8
7088 8
7089 8
7090 8
7091 8
7092 8
7093 8
7094 8
7095 8
7096 8
7097 8
7098 8
7099 8
7100 8
7101 8
7102 8
7103 8
7104 8
7105 8
7106 8
7107 8
7108 8
7109 8
7110 8
7111 8
7112 8
7113 8
7114 8
7115 8
7116 8
7117 8
7118 8
7119 8
7120 8
7121 8
7122 8
7123 8
7124 8
7125 8
7126 8
7127 8
7128 8
7129 8
7130 8
7131 8
7132 8
7133 8
7134 8
7135 8
7136 8
7137 8
7138 8
7139 8
7140 8
7141 8
7142 8
7143 8
7144 8
7145 8
7146 8
7147 8
7148 8
7149 8
7150 8
7151 8
7152 8
7153 8
7154 8
7155 8
7156 8
7157 8
7158 8
7159 8
7160 8
7161 8
7162 8
7163 8
7164 8
7165 8
7166 8
7167 8
7168 8
7169 8
7170 8
7171 8
7172 8
7173 8
7174 8
7175 8
7176 8
7177 8
7178 8
7179 8
7180 8
7181 8
7182 8
7183 8
7184 8
7185 8
7186 8
7187 8
7188 8
7189 8
7190 8
7191 8
7192 8
7193 8
7194 8
7195 8
7196 8
7197 8
7198 8
7199 8
7200 8
7201 8
7202 8
7203 8
7204 8
7205 8
7206 8
7207 8
7208 8
7209 8
7210 8
7211 8
7212 8
7213 8
7214 8
7215 8
7216 8
7217 8
7218 8
7219 8
7220 8
7221 8
7222 8
7223 8
7224 8
7225 8
7226 8
7227 8
7228 8
7229 8
7230 8
7231 8
7232 8
7233 8
7234 8
7235 8
7236 8
7237 8
7238 8
7239 8
7240 8
7241 8
7242 8
7243 8
7244 8
7245 8
7246 8
7247 8
7248 8
7249 8
7250 8
7251 8
7252 8
7253 8
7254 8
7255 8
7256 8
7257 8
7258 8
7259 8
7260 8
7261 8
7262 8
7263 8
7264 8
7265 8
7266 8
7267 8
7268 8
7269 8
7270 8
7271 8
7272 8
7273 8
7274 8
7275 8
7276 8
7277 8
7278 8
7279 8
7280 8
7281 8
7282 8
7283 8
7284 8
7285 8
7286 8
7287 8
7288 8
7289 8
7290 8
7291 8
7292 8
7293 8
7294 8
7295 8
7296 8
7297 8
7298 8
7299 8
7300 8
7301 8
7302 8
7303 8
7304 8
7305 8
7306 8
7307 8
7308 8
7309 8
7310 8
7311 8
7312 8
7313 8
7314 8
7315 8
7316 8
7317 8
7318 8
7319 8
7320 8
7321 8
7322 8
7323 8
7324 8
7325 8
7326 8
7327 8
7328 8
7329 8
7330 8
7331 8
7332 8
7333 8
7334 8
7335 8
7336 8
7337 8
7338 8
7339 8
7340 8
7341 8
7342 8
7343 8
7344 8
7345 8
7346 8
7347 8
7348 8
7349 8
7350 8
7351 8
7352 8
7353 8
7354 8
7355 8
7356 8
7357 8
7358 8
7359 8
7360 8
7361 8
7362 8
7363 8
7364 8
7365 8
7366 8
7367 8
7368 8
7369 8
7370 8
7371 8
7372 8
7373 8
7374 8
7375 8
7376 8
7377 8
7378 8
7379 8
7380 8
7381 8
7382 8
7383 8
7384 8
7385 8
7386 8
7387 8
7388 8
7389 8
7390 8
7391 8
7392 8
7393 8
7394 8
7395 8
7396 8
7397 8
7398 8
7399 8
7400 8
7401 8
7402 8
7403 8
7404 8
7405 8
7406 8
7407 8
7408 8
7409 8
7410 8
7411 8
7412 8
7413 8
7414 8
7415 8
7416 8
7417 8
7418 8
7419 8
7420 8
7421 8
7422 8
7423 8
7424 8
7425 8
7426 8
7427 8
7428 8
7429 8
7430 8
7431 8
7432 8
7433 8
7434 8
7435 8
7436 8
7437 8
7438 8
7439 8
7440 8
7441 8
7442 8
7443 8
7444 8
7445 8
7446 8
7447 8
7448 8
7449 8
7450 8
7451 8
7452 8
7453 8
7454 8
7455 8
7456 8
7457 8
7458 8
7459 8
7460 8
7461 8
7462 8
7463 8
7464 8
7465 8
7466 8
7467 8
7468 8
7469 8
7470 8
7471 8
7472 8
7473 8
7474 8
7475 8
7476 8
7477 8
7478 8
7479 8
7480 8
7481 8
7482 8
7483 8
7484 8
7485 8
7486 8
7487 8
7488 8
7489 8
7490 8
7491 8
7492 8
7493 8
7494 8
7495 8
7496 8
7497 8
7498 8
7499 8
7500 8
7501 8
7502 8
7503 8
7504 8
7505 8
7506 8
7507 8
7508 8
7509 8
7510 8
7511 8
7512 8
7513 8
7514 8
7515 8
7516 8
7517 8
7518 8
7519 8
7520 8
7521 8
7522 8
7523 8
7524 8
7525 8
7526 8
7527 8
7528 8
7529 8
7530 8
7531 8
7532 8
7533 8
7534 8
7535 8
7536 8
7537 8
7538 8
7539 8
7540 8
7541 8
7542 8
7543 8
7544 8
7545 8
7546 9
7547 9
7548 9
7549 9
7550 9
7551 9
7552 9
7553 9
7554 9
7555 9
7556 9
7557 9
7558 9
7559 9
7560 9
7561 9
7562 9
7563 9
7564 9
7565 9
7566 9
7567 9
7568 9
7569 9
7570 9
7571 9
7572 9
7573 9
7574 9
7575 9
7576 9
7577 9
7578 9
7579 9
7580 9
7581 9
7582 9
7583 9
7584 9
7585 9
7586 9
7587 9
7588 9
7589 9
7590 9
7591 9
7592 9
7593 9
7594 9
7595 9
7596 9
7597 9
7598 9
7599 9
7600 9
7601 9
7602 9
7603 9
7604 9
7605 9
7606 9
7607 9
7608 9
7609 9
7610 9
7611 9
7612 9
7613 9
7614 9
7615 9
7616 9
7617 9
7618 9
7619 9
7620 9
7621 9
7622 9
7623 9
7624 9
7625 9
7626 9
7627 9
7628 9
7629 9
7630 9
7631 9
7632 9
7633 9
7634 9
7635 9
7636 9
7637 9
7638 9
7639 9
7640 9
7641 9
7642 9
7643 9
7644 9
7645 9
7646 9
7647 9
7648 9
7649 9
7650 9
7651 9
7652 9
7653 9
7654 9
7655 9
7656 9
7657 9
7658 9
7659 9
7660 9
7661 9
7662 9
7663 9
7664 9
7665 9
7666 9
7667 9
7668 9
7669 9
7670 9
7671 9
7672 9
7673 9
7674 9
7675 9
7676 9
7677 9
7678 9
7679 9
7680 9
7681 9
7682 9
7683 9
7684 9
7685 9
7686 9
7687 9
7688 9
7689 9
7690 9
7691 9
7692 9
7693 9
7694 9
7695 9
7696 9
7697 9
7698 9
7699 9
7700 9
7701 9
7702 9
7703 9
7704 9
7705 9
7706 9
7707 9
7708 9
7709 9
7710 9
7711 9
7712 9
7713 9
7714 9
7715 9
7716 9
7717 9
7718 9
7719 9
7720 9
7721 9
7722 9
7723 9
7724 9
7725 9
7726 9
7727 9
7728 9
7729 9
7730 9
7731 9
7732 9
7733 9
7734 9
7735 9
7736 9
7737 9
7738 9
7739 9
7740 9
7741 9
7742 9
7743 9
7744 9
7745 9
7746 9
7747 9
7748 9
7749 9
7750 9
7751 9
7752 9
7753 9
7754 9
7755 9
7756 9
7757 9
7758 9
7759 9
7760 9
7761 9
7762 9
7763 9
7764 9
7765 9
7766 9
7767 9
7768 9
7769 9
7770 9
7771 9
7772 9
7773 9
7774 9
7775 9
7776 9
7777 9
7778 9
7779 9
7780 9
7781 9
7782 9
7783 9
7784 9
7785 9
7786 9
7787 9
7788 9
7789 9
7790 9
7791 9
7792 9
7793 9
7794 9
7795 9
7796 9
7797 9
7798 9
7799 9
7800 9
7801 9
7802 9
7803 9
7804 9
7805 9
7806 9
7807 9
7808 9
7809 9
7810 9
7811 9
7812 9
7813 9
7814 9
7815 9
7816 9
7817 9
7818 9
7819 9
7820 9
7821 9
7822 9
7823 9
7824 9
7825 9
7826 9
7827 9
7828 9
7829 9
7830 9
7831 9
7832 9
7833 9
7834 9
7835 9
7836 9
7837 9
7838 9
7839 9
7840 9
7841 9
7842 9
7843 9
7844 9
7845 9
7846 9
7847 9
7848 9
7849 9
7850 9
7851 9
7852 9
7853 9
7854 9
7855 9
7856 9
7857 9
7858 9
7859 9
7860 9
7861 9
7862 9
7863 9
7864 9
7865 9
7866 9
7867 9
7868 9
7869 9
7870 9
7871 9
7872 9
7873 9
7874 9
7875 9
7876 9
7877 9
7878 9
7879 9
7880 9
7881 9
7882 9
7883 9
7884 9
7885 9
7886 9
7887 9
7888 9
7889 9
7890 9
7891 9
7892 9
7893 9
7894 9
7895 9
7896 9
7897 9
7898 9
7899 9
7900 9
7901 9
7902 9
7903 9
7904 9
7905 9
7906 9
7907 9
7908 9
7909 9
7910 9
7911 9
7912 9
7913 9
7914 9
7915 9
7916 9
7917 9
7918 9
7919 9
7920 9
7921 9
7922 9
7923 9
7924 9
7925 9
7926 9
7927 9
7928 9
7929 9
7930 9
7931 9
7932 9
7933 9
7934 9
7935 9
7936 9
7937 9
7938 9
7939 9
7940 9
7941 9
7942 9
7943 9
7944 9
7945 9
7946 9
7947 9
7948 9
7949 9
7950 9
7951 9
7952 9
7953 9
7954 9
7955 9
7956 9
7957 9
7958 9
7959 9
7960 9
7961 9
7962 9
7963 9
7964 9
7965 9
7966 9
7967 9
7968 9
7969 9
7970 9
7971 9
7972 9
7973 9
7974 9
7975 9
7976 9
7977 9
7978 9
7979 9
7980 9
7981 9
7982 9
7983 9
7984 9
7985 9
7986 9
7987 9
7988 9
7989 9
7990 9
7991 9
7992 9
7993 9
7994 9
7995 9
7996 9
7997 9
7998 9
7999 9
8000 9
8001 9
8002 9
8003 9
8004 9
8005 9
8006 9
8007 9
8008 9
8009 9
8010 9
8011 9
8012 9
8013 9
8014 9
8015 9
8016 9
8017 9
8018 9
8019 9
8020 9
8021 9
8022 9
8023 9
8024 9
8025 9
8026 9
8027 9
8028 9
8029 9
8030 9
8031 9
8032 9
8033 9
8034 9
8035 9
8036 9
8037 9
8038 9
8039 9
8040 9
8041 9
8042 9
8043 9
8044 9
8045 9
8046 9
8047 9
8048 9
8049 9
8050 9
8051 9
8052 9
8053 9
8054 9
8055 9
8056 9
8057 9
8058 9
8059 9
8060 9
8061 9
8062 9
8063 9
8064 9
8065 9
8066 9
8067 9
8068 9
8069 9
8070 9
8071 9
8072 9
8073 9
8074 9
8075 9
8076 9
8077 9
8078 9
8079 9
8080 9
8081 9
8082 9
8083 9
8084 9
8085 9
8086 9
8087 9
8088 9
8089 9
8090 9
8091 9
8092 9
8093 9
8094 9
8095 9
8096 9
8097 9
8098 9
8099 9
8100 9
8101 9
8102 9
8103 9
8104 9
8105 9
8106 9
8107 9
8108 9
8109 9
8110 9
8111 9
8112 9
8113 9
8114 9
8115 9
8116 9
8117 9
8118 9
8119 9
8120 9
8121 9
8122 9
8123 9
8124 9
8125 9
8126 9
8127 9
8128 9
8129 9
8130 9
8131 9
8132 9
8133 9
8134 9
8135 9
8136 9
8137 9
8138 9
8139 9
8140 9
8141 9
8142 9
8143 9
8144 9
8145 9
8146 9
8147 9
8148 9
8149 9
8150 9
8151 9
8152 9
8153 9
8154 9
8155 9
8156 9
8157 9
8158 9
8159 9
8160 9
8161 9
8162 9
8163 9
8164 9
8165 9
8166 9
8167 9
8168 9
8169 9
8170 9
8171 9
8172 9
8173 9
8174 9
8175 9
8176 9
8177 9
8178 9
8179 9
8180 9
8181 9
8182 9
8183 9
8184 9
8185 9
8186 9
8187 9
8188 9
8189 9
8190 9
8191 9
8192 9
8193 9
8194 9
8195 9
8196 9
8197 9
8198 9
8199 9
8200 9
8201 9
8202 9
8203 9
8204 9
8205 9
8206 9
8207 9
8208 9
8209 9
8210 9
8211 9
8212 9
8213 9
8214 9
8215 9
8216 9
8217 9
8218 9
8219 9
8220 9
8221 9
8222 9
8223 9
8224 9
8225 9
8226 9
8227 9
8228 9
8229 9
8230 9
8231 9
8232 9
8233 9
8234 9
8235 9
8236 9
8237 9
8238 9
8239 9
8240 9
8241 9
8242 9
8243 9
8244 9
8245 9
8246 9
8247 9
8248 9
8249 9
8250 9
8251 9
8252 9
8253 9
8254 9
8255 9
8256 9
8257 9
8258 9
8259 9
8260 9
8261 9
8262 9
8263 9
8264 9
8265 9
8266 9
8267 9
8268 9
8269 9
8270 9
8271 9
8272 9
8273 9
8274 9
8275 9
8276 9
8277 9
8278 9
8279 9
8280 9
8281 9
8282 9
8283 9
8284 9
8285 9
8286 9
8287 9
8288 9
8289 9
8290 9
8291 9
8292 9
8293 9
8294 9
8295 9
8296 9
8297 9
8298 9
8299 9
8300 9
8301 9
8302 9
8303 9
8304 9
8305 9
8306 9
8307 9
8308 9
8309 9
8310 9
8311 9
8312 9
8313 9
8314 9
8315 9
8316 9
8317 9
8318 9
8319 9
8320 9
8321 9
8322 9
8323 9
8324 9
8325 9
8326 9
8327 9
8328 9
8329 9
8330 9
8331 9
8332 9
8333 9
8334 9
8335 9
8336 9
8337 9
8338 9
8339 9
8340 9
8341 9
8342 9
8343 9
8344 9
8345 9
8346 9
8347 9
8348 9
8349 9
8350 9
8351 9
8352 9
8353 9
8354 9
8355 9
8356 9
8357 9
8358 9
8359 9
8360 9
8361 9
8362 9
8363 9
8364 9
8365 9
8366 9
8367 9
8368 9
8369 9
8370 9
8371 9
8372 9
8373 9
8374 9
8375 9
8376 9
8377 9
8378 9
8379 9
8380 9
8381 9
8382 9
8383 9
8384 9
8385 9
8386 9
8387 9
8388 9
8389 9
8390 9
8391 9
8392 9
8393 9
8394 9
8395 9
8396 9
8397 9
8398 9
8399 9
8400 9
8401 9
8402 9
8403 9
8404 9
8405 9
8406 9
8407 9
8408 9
8409 9
8410 9
8411 9
8412 9
8413 9
8414 9
8415 9
8416 9
8417 9
8418 9
8419 9
8420 9
8421 9
8422 9
8423 9
8424 9
8425 9
8426 9
8427 9
8428 9
8429 9
8430 9
8431 9
8432 9
8433 9
8434 9
8435 9
8436 9
8437 9
8438 9
8439 9
8440 9
8441 9
8442 9
8443 9
8444 9
8445 9
8446 9
8447 9
8448 9
8449 9
8450 9
8451 9
8452 9
8453 9
8454 9
8455 9
8456 9
8457 9
8458 9
8459 9
8460 9
8461 9
8462 9
8463 9
8464 9
8465 9
8466 9
8467 9
8468 9
8469 9
8470 9
8471 9
8472 9
8473 9
8474 9
8475 9
8476 9
8477 9
8478 9
8479 9
8480 9
8481 9
8482 9
8483 9
8484 9
8485 9
8486 9
8487 9
8488 9
8489 9
8490 9
8491 9
8492 9
8493 9
8494 9
8495 9
8496 9
8497 9
8498 9
8499 9
8500 9
8501 9
8502 9
8503 9
8504 9
8505 9
8506 9
8507 9
8508 9
8509 9
8510 9
8511 9
8512 9
8513 9
8514 9
8515 9
8516 9
8517 9
8518 9
8519 9
8520 9
8521 9
8522 9
8523 9
8524 9
8525 9
8526 9
8527 9
8528 9
8529 9
8530 9
8531 9
8532 9
8533 9
8534 9
8535 9
8536 9
8537 9
8538 9
8539 9
8540 9
8541 9
8542 9
8543 9
8544 9
8545 9
8546 9
8547 9
8548 9
8549 9
8550 9
8551 9
8552 9
8553 9
8554 9
8555 9
8556 9
8557 9
8558 9
8559 9
8560 9
8561 9
8562 9
8563 9
8564 9
8565 9
8566 9
8567 9
8568 9
8569 9
8570 9
8571 9
8572 9
8573 9
8574 9
8575 9
8576 9
8577 9
8578 9
8579 9
8580 9
8581 9
8582 9
8583 9
8584 9
8585 9
8586 9
8587 9
8588 9
8589 9
8590 9
8591 9
8592 9
8593 9
8594 9
8595 9
8596 9
8597 9
8598 9
8599 9
8600 9
8601 9
8602 9
8603 9
8604 9
8605 9
8606 9
8607 9
8608 9
8609 9
8610 9
8611 9
8612 9
8613 9
8614 9
8615 9
8616 9
8617 9
8618 9
8619 9
8620 9
8621 9
8622 9
8623 9
8624 9
8625 9
8626 9
8627 9
8628 9
8629 9
8630 9
8631 9
8632 9
8633 9
8634 9
8635 9
8636 9
8637 9
8638 9
8639 9
8640 9
8641 9
8642 9
8643 9
8644 9
8645 9
8646 9
8647 9
8648 9
8649 9
8650 9
8651 9
8652 9
8653 9
8654 9
8655 9
8656 9
8657 9
8658 9
8659 9
8660 9
8661 9
8662 9
8663 9
8664 9
8665 9
8666 9
8667 9
8668 9
8669 9
8670 9
8671 9
8672 9
8673 9
8674 9
8675 9
8676 9
8677 9
8678 9
8679 9
8680 9
8681 9
8682 9
8683 9
8684 9
8685 9
8686 9
8687 9
8688 9
8689 9
8690 9
8691 9
8692 9
8693 9
8694 9
8695 9
8696 9
8697 9
8698 9
8699 9
8700 9
8701 9
8702 9
8703 9
8704 9
8705 9
8706 9
8707 9
8708 9
8709 9
8710 9
8711 9
8712 9
8713 9
8714 9
8715 9
8716 9
8717 9
8718 9
8719 9
8720 9
8721 9
8722 9
8723 9
8724 9
8725 9
8726 9
8727 9
8728 9
8729 9
8730 9
8731 9
8732 9
8733 9
8734 9
8735 9
8736 9
8737 9
8738 9
8739 9
8740 9
8741 9
8742 9
8743 9
8744 9
8745 9
8746 9
8747 9
8748 9
8749 9
8750 9
8751 9
8752 9
8753 9
8754 9
8755 9
8756 9
8757 9
8758 9
8759 9
8760 9
8761 9
8762 9
8763 9
8764 9
8765 9
8766 9
8767 9
8768 9
8769 9
8770 9
8771 9
8772 9
8773 9
8774 9
8775 9
8776 9
8777 9
8778 9
8779 9
8780 9
8781 9
8782 9
8783 9
8784 9
8785 9
8786 9
8787 9
8788 9
8789 9
8790 9
8791 9
8792 9
8793 9
8794 9
8795 9
8796 9
8797 9
8798 9
8799 9
8800 9
8801 9
8802 9
8803 9
8804 9
8805 9
8806 9
8807 9
8808 9
8809 9
8810 9
8811 9
8812 9
8813 9
8814 9
8815 9
8816 9
8817 9
8818 9
8819 9
8820 9
8821 9
8822 9
8823 9
8824 9
8825 9
8826 9
8827 9
8828 9
8829 9
8830 9
8831 9
8832 9
8833 9
8834 9
8835 9
8836 9
8837 9
8838 9
8839 9
8840 9
8841 9
8842 9
8843 9
8844 9
8845 9
8846 9
8847 9
8848 9
8849 9
8850 9
8851 9
8852 9
8853 9
8854 9
8855 9
8856 9
8857 9
8858 9
8859 9
8860 9
8861 9
8862 9
8863 9
8864 9
8865 9
8866 9
8867 9
8868 9
8869 9
8870 9
8871 9
8872 9
8873 9
8874 9
8875 9
8876 9
8877 9
8878 9
8879 9
8880 9
8881 9
8882 9
8883 9
8884 9
8885 9
8886 9
8887 9
8888 9
8889 9
8890 9
8891 9
8892 9
8893 9
8894 9
8895 9
8896 9
8897 9
8898 9
8899 9
8900 9
8901 9
8902 9
8903 9
8904 9
8905 9
8906 9
8907 9
8908 9
8909 9
8910 9
8911 9
8912 9
8913 9
8914 9
8915 9
8916 9
8917 9
8918 9
8919 9
8920 9
8921 9
8922 9
8923 9
8924 9
8925 9
8926 9
8927 9
8928 9
8929 9
8930 9
8931 9
8932 9
8933 9
8934 9
8935 9
8936 9
8937 9
8938 9
8939 9
8940 9
8941 9
8942 9
8943 9
8944 9
8945 9
8946 9
8947 9
8948 9
8949 9
8950 9
8951 9
8952 9
8953 9
8954 9
8955 9
8956 9
8957 9
8958 9
8959 9
8960 9
8961 9
8962 9
8963 9
8964 9
8965 9
8966 9
8967 9
8968 9
8969 9
8970 9
8971 9
8972 9
8973 9
8974 9
8975 9
8976 9
8977 9
8978 9
8979 9
8980 9
8981 9
8982 9
8983 9
8984 9
8985 9
8986 9
8987 10
8988 10
8989 10
8990 10
8991 10
8992 10
8993 10
8994 10
8995 10
8996 10
8997 10
8998 10
8999 10
9000 10
9001 10
9002 10
9003 10
9004 10
9005 10
9006 10
9007 10
9008 10
9009 10
9010 10
9011 10
9012 10
9013 10
9014 10
9015 10
9016 10
9017 10
9018 10
9019 10
9020 10
9021 10
9022 10
9023 10
9024 10
9025 10
9026 10
9027 10
9028 10
9029 10
9030 10
9031 10
9032 10
9033 10
9034 10
9035 10
9036 10
9037 10
9038 10
9039 10
9040 10
9041 10
9042 10
9043 10
9044 10
9045 10
9046 10
9047 10
9048 10
9049 10
9050 10
9051 10
9052 10
9053 10
9054 10
9055 10
9056 10
9057 10
9058 10
9059 10
9060 10
9061 10
9062 10
9063 10
9064 10
9065 10
9066 10
9067 10
9068 10
9069 10
9070 10
9071 10
9072 10
9073 10
9074 10
9075 10
9076 10
9077 10
9078 10
9079 10
9080 10
9081 10
9082 10
9083 10
9084 10
9085 10
9086 10
9087 10
9088 10
9089 10
9090 10
9091 10
9092 10
9093 10
9094 10
9095 10
9096 10
9097 10
9098 10
9099 10
9100 10
9101 10
9102 10
9103 10
9104 10
9105 10
9106 10
9107 10
9108 10
9109 10
9110 10
9111 10
9112 10
9113 10
9114 10
9115 10
9116 10
9117 10
9118 10
9119 10
9120 10
9121 10
9122 10
9123 10
9124 10
9125 10
9126 10
9127 10
9128 10
9129 10
9130 10
9131 10
9132 10
9133 10
9134 10
9135 10
9136 10
9137 10
9138 10
9139 10
9140 10
9141 10
9142 10
9143 10
9144 10
9145 10
9146 10
9147 10
9148 10
9149 10
9150 10
9151 10
9152 10
9153 10
9154 10
9155 10
9156 10
9157 10
9158 10
9159 10
9160 10
9161 10
9162 10
9163 10
9164 10
9165 10
9166 10
9167 10
9168 10
9169 10
9170 10
9171 10
9172 10
9173 10
9174 10
9175 10
9176 10
9177 10
9178 10
9179 10
9180 10
9181 10
9182 10
9183 10
9184 10
9185 10
9186 10
9187 10
9188 10
9189 10
9190 10
9191 10
9192 10
9193 10
9194 10
9195 10
9196 10
9197 10
9198 10
9199 10
9200 10
9201 10
9202 10
9203 10
9204 10
9205 10
9206 10
9207 10
9208 10
9209 10
9210 10
9211 10
9212 10
9213 10
9214 10
9215 10
9216 10
9217 10
9218 10
9219 10
9220 10
9221 10
9222 10
9223 10
9224 10
9225 10
9226 10
9227 10
9228 10
9229 10
9230 10
9231 10
9232 10
9233 10
9234 10
9235 10
9236 10
9237 10
9238 10
9239 10
9240 10
9241 10
9242 10
9243 10
9244 10
9245 10
9246 10
9247 10
9248 10
9249 10
9250 10
9251 10
9252 10
9253 10
9254 10
9255 10
9256 10
9257 10
9258 10
9259 10
9260 10
9261 10
9262 10
9263 10
9264 10
9265 10
9266 10
9267 10
9268 10
9269 10
9270 10
9271 10
9272 10
9273 10
9274 10
9275 10
9276 10
9277 10
9278 10
9279 10
9280 10
9281 10
9282 10
9283 10
9284 10
9285 10
9286 10
9287 10
9288 10
9289 10
9290 10
9291 10
9292 10
9293 10
9294 10
9295 10
9296 10
9297 10
9298 10
9299 10
9300 10
9301 10
9302 10
9303 10
9304 10
9305 10
9306 10
9307 10
9308 10
9309 10
9310 10
9311 10
9312 10
9313 10
9314 10
9315 10
9316 10
9317 10
9318 10
9319 10
9320 10
9321 10
9322 10
9323 10
9324 10
9325 10
9326 10
9327 10
9328 10
9329 10
9330 10
9331 10
9332 10
9333 10
9334 10
9335 10
9336 10
9337 10
9338 10
9339 10
9340 10
9341 10
9342 10
9343 10
9344 10
9345 10
9346 10
9347 10
9348 10
9349 10
9350 10
9351 10
9352 10
9353 10
9354 10
9355 10
9356 10
9357 10
9358 10
9359 10
9360 10
9361 10
9362 10
9363 10
9364 10
9365 10
9366 10
9367 10
9368 10
9369 10
9370 10
9371 10
9372 10
9373 10
9374 10
9375 10
9376 10
9377 10
9378 10
9379 10
9380 10
9381 10
9382 10
9383 10
9384 10
9385 10
9386 10
9387 10
9388 10
9389 10
9390 10
9391 10
9392 10
9393 10
9394 10
9395 10
9396 10
9397 10
9398 10
9399 10
9400 10
9401 10
9402 10
9403 10
9404 10
9405 10
9406 10
9407 10
9408 10
9409 10
9410 10
9411 10
9412 10
9413 10
9414 10
9415 10
9416 10
9417 10
9418 10
9419 10
9420 10
9421 10
9422 10
9423 10
9424 10
9425 10
9426 10
9427 10
9428 10
9429 10
9430 10
9431 10
9432 10
9433 10
9434 10
9435 10
9436 10
9437 10
9438 10
9439 10
9440 10
9441 10
9442 10
9443 10
9444 10
9445 10
9446 10
9447 10
9448 10
9449 10
9450 10
9451 10
9452 10
9453 10
9454 10
9455 10
9456 10
9457 10
9458 10
9459 10
9460 10
9461 10
9462 10
9463 10
9464 10
9465 10
9466 10
9467 10
9468 10
9469 10
9470 10
9471 10
9472 10
9473 10
9474 10
9475 10
9476 10
9477 10
9478 10
9479 10
9480 10
9481 10
9482 10
9483 10
9484 10
9485 10
9486 10
9487 10
9488 10
9489 10
9490 10
9491 10
9492 10
9493 10
9494 10
9495 10
9496 10
9497 10
9498 10
9499 10
9500 10
9501 10
9502 10
9503 10
9504 10
9505 10
9506 10
9507 10
9508 10
9509 10
9510 10
9511 10
9512 10
9513 10
9514 10
9515 10
9516 10
9517 10
9518 10
9519 10
9520 10
9521 10
9522 10
9523 10
9524 10
9525 10
9526 10
9527 10
9528 10
9529 10
9530 10
9531 10
9532 10
9533 10
9534 10
9535 10
9536 10
9537 10
9538 10
9539 10
9540 10
9541 10
9542 10
9543 10
9544 10
9545 10
9546 10
9547 10
9548 10
9549 10
9550 10
9551 10
9552 10
9553 10
9554 10
9555 10
9556 10
9557 10
9558 10
9559 10
9560 10
9561 10
9562 10
9563 10
9564 10
9565 10
9566 10
9567 10
9568 10
9569 10
9570 10
9571 10
9572 10
9573 10
9574 10
9575 10
9576 10
9577 10
9578 10
9579 10
9580 10
9581 10
9582 10
9583 10
9584 10
9585 10
9586 10
9587 10
9588 10
9589 10
9590 10
9591 10
9592 10
9593 10
9594 10
9595 10
9596 10
9597 10
9598 10
9599 10
9600 10
9601 10
9602 10
9603 10
9604 10
9605 10
9606 10
9607 10
9608 10
9609 10
9610 10
9611 10
9612 10
9613 10
9614 10
9615 10
9616 10
9617 10
9618 10
9619 10
9620 10
9621 10
9622 10
9623 10
9624 10
9625 10
9626 10
9627 10
9628 10
9629 10
9630 10
9631 10
9632 10
9633 10
9634 10
9635 10
9636 10
9637 10
9638 10
9639 10
9640 10
9641 10
9642 10
9643 10
9644 10
9645 10
9646 10
9647 10
9648 10
9649 10
9650 10
9651 10
9652 10
9653 10
9654 10
9655 10
9656 10
9657 10
9658 10
9659 10
9660 10
9661 10
9662 10
9663 10
9664 10
9665 10
9666 10
9667 10
9668 10
9669 10
9670 10
9671 10
9672 10
9673 10
9674 10
9675 10
9676 10
9677 10
9678 10
9679 10
9680 10
9681 10
9682 10
9683 10
9684 10
9685 10
9686 10
9687 10
9688 10
9689 10
9690 10
9691 10
9692 10
9693 10
9694 10
9695 10
9696 10
9697 10
9698 10
9699 10
9700 10
9701 10
9702 10
9703 10
9704 10
9705 10
9706 10
9707 10
9708 10
9709 10
9710 10
9711 10
9712 10
9713 10
9714 10
9715 10
9716 10
9717 10
9718 10
9719 10
9720 10
9721 10
9722 10
9723 10
9724 10
9725 10
9726 10
9727 10
9728 10
9729 10
9730 10
9731 10
9732 10
9733 10
9734 10
9735 10
9736 10
9737 10
9738 10
9739 10
9740 10
9741 10
9742 10
9743 10
9744 10
9745 10
9746 10
9747 10
9748 10
9749 10
9750 10
9751 10
9752 10
9753 10
9754 10
9755 10
9756 10
9757 10
9758 10
9759 10
9760 10
9761 10
9762 10
9763 10
9764 10
9765 10
9766 10
9767 10
9768 10
9769 10
9770 10
9771 10
9772 10
9773 10
9774 10
9775 10
9776 10
9777 10
9778 10
9779 10
9780 10
9781 10
9782 10
9783 10
9784 10
9785 10
9786 10
9787 10
9788 10
9789 10
9790 10
9791 10
9792 10
9793 10
9794 10
9795 10
9796 10
9797 10
9798 10
9799 10
9800 10
9801 10
9802 10
9803 10
9804 10
9805 10
9806 10
9807 10
9808 10
9809 10
9810 10
9811 10
9812 10
9813 10
9814 10
9815 10
9816 10
9817 10
9818 10
9819 10
9820 10
9821 10
9822 10
9823 10
9824 10
9825 10
9826 10
9827 10
9828 10
9829 10
9830 10
9831 10
9832 10
9833 10
9834 10
9835 10
9836 10
9837 10
9838 10
9839 10
9840 10
9841 10
9842 10
9843 10
9844 10
9845 10
9846 10
9847 10
9848 10
9849 10
9850 10
9851 10
9852 10
9853 10
9854 10
9855 10
9856 10
9857 10
9858 10
9859 10
9860 10
9861 10
9862 10
9863 10
9864 10
9865 10
9866 10
9867 10
9868 10
9869 10
9870 10
9871 10
9872 10
9873 10
9874 10
9875 10
9876 10
9877 10
9878 10
9879 10
9880 10
9881 10
9882 10
9883 10
9884 10
9885 10
9886 10
9887 10
9888 10
9889 10
9890 10
9891 10
9892 10
9893 10
9894 10
9895 10
9896 10
9897 10
9898 10
9899 10
9900 10
9901 10
9902 10
9903 10
9904 10
9905 10
9906 10
9907 10
9908 10
9909 10
9910 10
9911 10
9912 10
9913 10
9914 10
9915 10
9916 10
9917 10
9918 10
9919 10
9920 10
9921 10
9922 10
9923 10
9924 10
9925 10
9926 10
9927 10
9928 10
9929 10
9930 10
9931 10
9932 10
9933 10
9934 10
9935 10
9936 10
9937 10
9938 10
9939 10
9940 10
9941 10
9942 10
9943 10
9944 10
9945 10
9946 10
9947 10
9948 10
9949 10
9950 10
9951 10
9952 10
9953 10
9954 10
9955 10
9956 10
9957 10
9958 10
9959 10
9960 10
9961 10
9962 10
9963 10
9964 10
9965 10
9966 10
9967 10
9968 10
9969 10
9970 10
9971 10
9972 10
9973 10
9974 10
9975 10
9976 10
9977 10
9978 10
9979 10
9980 10
9981 10
9982 10
9983 10
9984 10
9985 10
9986 10
9987 10
9988 10
9989 10
9990 10
9991 10
9992 10
9993 10
9994 10
9995 10
9996 10
9997 10
9998 10
9999 10
10000 10
