100 0
101 0
102 0
103 0
104 0
105 0
106 0
107 0
108 0
109 0
110 0
111 0
112 0
113 0
114 0
115 0
116 0
117 0
118 0
119 0
120 0
121 0
122 0
123 0
124 0
125 0
126 0
127 0
128 0
129 0
130 0
131 0
132 0
133 0
134 0
135 0
136 0
137 0
138 0
139 0
140 0
141 0
142 0
143 0
144 0
145 0
146 0
147 0
148 0
149 0
150 0
151 0
152 0
153 0
154 0
155 0
156 0
157 0
158 0
159 0
160 0
161 0
162 0
163 0
164 0
165 0
166 0
167 0
168 0
169 0
170 0
171 0
172 0
173 0
174 0
175 0
176 0
177 0
178 0
179 0
180 0
181 0
182 0
183 0
184 0
185 0
186 0
187 0
188 0
189 0
190 0
191 0
192 0
193 0
194 0
195 0
196 0
197 0
198 0
199 0
200 0
201 0
202 0
203 0
204 0
205 0
206 0
207 0
208 0
209 0
210 0
211 0
212 0
213 0
214 0
215 0
216 0
217 0
218 0
219 0
220 0
221 0
222 0
223 0
224 0
225 0
226 0
227 0
228 0
229 0
230 0
231 0
232 0
233 0
234 0
235 0
236 0
237 0
238 0
239 0
240 0
241 0
242 0
243 0
244 0
245 0
246 0
247 0
248 0
249 0
250 0
251 0
252 0
253 0
254 0
255 0
256 0
257 0
258 0
259 0
260 0
261 0
262 0
263 0
264 0
265 0
266 0
267 0
268 0
269 0
270 0
271 0
272 0
273 0
274 0
275 0
276 0
277 0
278 0
279 0
280 0
281 0
282 0
283 0
284 0
285 0
286 0
287 0
288 0
289 0
290 0
291 0
292 0
293 0
294 0
295 0
296 0
297 0
298 0
299 0
300 0
301 0
302 0
303 0
304 0
305 0
306 0
307 0
308 0
309 0
310 0
311 0
312 0
313 0
314 0
315 0
316 0
317 0
318 0
319 0
320 0
321 0
322 0
323 0
324 0
325 0
326 0
327 0
328 0
329 0
330 0
331 0
332 0
333 0
334 0
335 0
336 0
337 0
338 0
339 0
340 0
341 0
342 0
343 0
344 0
345 0
346 0
347 0
348 0
349 0
350 0
351 0
352 0
353 0
354 0
355 0
356 0
357 0
358 0
359 0
360 0
361 0
362 0
363 0
364 0
365 0
366 0
367 0
368 0
369 0
370 0
371 0
372 0
373 0
374 0
375 0
376 0
377 0
378 0
379 0
380 0
381 0
382 0
383 0
384 0
385 0
386 0
387 0
388 0
389 0
390 0
391 0
392 0
393 0
394 0
395 0
396 0
397 0
398 0
399 0
400 0
401 0
402 0
403 0
404 0
405 0
406 0
407 0
408 0
409 0
410 0
411 0
412 0
413 0
414 0
415 0
416 0
417 0
418 0
419 0
420 0
421 0
422 0
423 0
424 0
425 0
426 0
427 0
428 0
429 0
430 0
431 0
432 0
433 0
434 0
435 0
436 0
437 0
438 0
439 0
440 0
441 0
442 0
443 0
444 0
445 0
446 0
447 0
448 0
449 0
450 0
451 0
452 0
453 0
454 0
455 0
456 0
457 0
458 0
459 0
460 0
461 0
462 0
463 0
464 0
465 0
466 0
467 0
468 0
469 0
470 0
471 0
472 0
473 0
474 0
475 0
476 0
477 0
478 0
479 0
480 0
481 0
482 0
483 0
484 0
485 0
486 0
487 0
488 0
489 0
490 0
491 0
492 0
493 0
494 0
495 0
496 0
497 0
498 0
499 0
500 0
501 0
502 0
503 0
504 0
505 0
506 0
507 0
508 0
509 0
510 0
511 0
512 0
513 0
514 0
515 0
516 0
517 0
518 0
519 0
520 0
521 0
522 0
523 0
524 0
525 0
526 0
527 0
528 0
529 0
530 0
531 0
532 0
533 0
534 0
535 0
536 0
537 0
538 0
539 0
540 0
541 0
542 0
543 0
544 0
545 0
546 0
547 0
548 0
549 0
550 0
551 0
552 0
553 0
554 0
555 0
556 0
557 0
558 0
559 0
560 0
561 0
562 0
563 0
564 0
565 0
566 0
567 0
568 0
569 0
570 0
571 0
572 0
573 0
574 0
575 0
576 0
577 0
578 0
579 0
580 0
581 0
582 0
583 0
584 0
585 0
586 0
587 0
588 0
589 0
590 0
591 0
592 0
593 0
594 0
595 0
596 0
597 0
598 0
599 0
600 0
601 0
602 0
603 0
604 0
605 0
606 0
607 0
608 0
609 0
610 0
611 0
612 0
613 0
614 0
615 0
616 0
617 0
618 0
619 0
620 0
621 0
622 0
623 0
624 0
625 0
626 0
627 0
628 0
629 0
630 0
631 0
632 0
633 0
634 0
635 0
636 0
637 0
638 0
639 0
640 0
641 0
642 0
643 0
644 0
645 0
646 0
647 0
648 0
649 0
650 0
651 0
652 0
653 0
654 0
655 0
656 0
657 0
658 0
659 0
660 0
661 0
662 0
663 0
664 0
665 0
666 0
667 0
668 0
669 0
670 0
671 0
672 0
673 0
674 0
675 0
676 0
677 0
678 0
679 0
680 0
681 0
682 0
683 0
684 0
685 0
686 0
687 0
688 0
689 0
690 0
691 0
692 0
693 0
694 0
695 0
696 0
697 0
698 0
699 0
700 0
701 0
702 0
703 0
704 0
705 0
706 0
707 0
708 0
709 0
710 0
711 0
712 0
713 0
714 0
715 0
716 0
717 0
718 0
719 0
720 0
721 0
722 0
723 0
724 0
725 0
726 0
727 0
728 0
729 0
730 0
731 0
732 0
733 0
734 0
735 0
736 0
737 0
738 0
739 0
740 0
741 0
742 0
743 0
744 0
745 0
746 0
747 0
748 0
749 0
750 0
751 0
752 0
753 0
754 0
755 0
756 0
757 0
758 0
759 0
760 0
761 0
762 0
763 0
764 0
765 0
766 0
767 0
768 0
769 0
770 0
771 0
772 0
773 0
774 0
775 0
776 0
777 0
778 0
779 0
780 0
781 0
782 0
783 0
784 0
785 0
786 0
787 0
788 0
789 0
790 0
791 0
792 0
793 0
794 0
795 0
796 0
797 0
798 0
799 0
800 0
801 0
802 0
803 0
804 0
805 0
806 0
807 0
808 0
809 0
810 0
811 0
812 0
813 0
814 0
815 0
816 0
817 0
818 0
819 0
820 0
821 0
822 0
823 0
824 0
825 0
826 0
827 0
828 0
829 0
830 0
831 0
832 0
833 0
834 0
835 0
836 0
837 0
838 0
839 0
840 0
841 0
842 0
843 0
844 0
845 0
846 0
847 0
848 0
849 0
850 0
851 0
852 0
853 0
854 0
855 0
856 0
857 0
858 0
859 0
860 0
861 0
862 0
863 0
864 0
865 0
866 0
867 0
868 0
869 0
870 0
871 0
872 0
873 0
874 0
875 0
876 0
877 0
878 0
879 0
880 0
881 0
882 0
883 0
884 0
885 0
886 0
887 0
888 0
889 0
890 0
891 0
892 0
893 0
894 0
895 0
896 0
897 0
898 0
899 0
900 0
901 0
902 0
903 0
904 0
905 0
906 0
907 0
908 0
909 0
910 0
911 0
912 0
913 0
914 0
915 0
916 0
917 0
918 0
919 0
920 0
921 0
922 0
923 0
924 0
925 0
926 0
927 0
928 0
929 0
930 0
931 0
932 0
933 0
934 0
935 0
936 0
937 0
938 0
939 0
940 0
941 0
942 0
943 0
944 0
945 0
946 0
947 0
948 0
949 0
950 0
951 0
952 0
953 0
954 0
955 0
956 0
957 0
958 0
959 0
960 0
961 0
962 0
963 0
964 0
965 0
966 0
967 0
968 0
969 0
970 0
971 0
972 0
973 0
974 0
975 0
976 0
977 0
978 0
979 0
980 0
981 0
982 0
983 0
984 0
985 0
986 0
987 0
988 0
989 0
990 0
991 0
992 0
993 0
994 0
995 0
996 0
997 0
998 0
999 0
1000 0
1001 0
1002 0
1003 0
1004 0
1005 0
1006 0
1007 0
1008 0
1009 0
1010 0
1011 0
1012 0
1013 0
1014 0
1015 0
1016 0
1017 0
1018 0
1019 0
1020 0
1021 0
1022 0
1023 0
1024 0
1025 0
1026 0
1027 0
1028 0
1029 0
1030 0
1031 0
1032 0
1033 0
1034 0
1035 0
1036 0
1037 0
1038 0
1039 0
1040 0
1041 0
1042 0
1043 0
1044 0
1045 0
1046 0
1047 0
1048 0
1049 0
1050 0
1051 0
1052 0
1053 0
1054 0
1055 0
1056 0
1057 0
1058 0
1059 0
1060 0
1061 0
1062 0
1063 0
1064 0
1065 0
1066 0
1067 0
1068 0
1069 0
1070 0
1071 0
1072 0
1073 0
1074 0
1075 0
1076 0
1077 0
1078 0
1079 0
1080 0
1081 0
1082 0
1083 0
1084 0
1085 0
1086 0
1087 0
1088 0
1089 0
1090 0
1091 0
1092 0
1093 0
1094 0
1095 0
1096 0
1097 0
1098 0
1099 0
1100 0
1101 0
1102 0
1103 0
1104 0
1105 0
1106 0
1107 0
1108 0
1109 0
1110 0
1111 0
1112 0
1113 0
1114 0
1115 0
1116 0
1117 0
1118 0
1119 0
1120 0
1121 0
1122 0
1123 0
1124 0
1125 0
1126 0
1127 0
1128 0
1129 0
1130 0
1131 0
1132 0
1133 0
1134 0
1135 0
1136 0
1137 0
1138 0
1139 0
1140 0
1141 0
1142 0
1143 0
1144 0
1145 0
1146 0
1147 0
1148 0
1149 0
1150 0
1151 0
1152 0
1153 0
1154 0
1155 0
1156 0
1157 0
1158 0
1159 0
1160 0
1161 0
1162 0
1163 0
1164 0
1165 0
1166 0
1167 0
1168 0
1169 0
1170 0
1171 0
1172 0
1173 0
1174 0
1175 0
1176 0
1177 0
1178 0
1179 0
1180 0
1181 0
1182 0
1183 0
1184 0
1185 0
1186 0
1187 0
1188 0
1189 0
1190 0
1191 0
1192 0
1193 0
1194 0
1195 0
1196 0
1197 0
1198 0
1199 0
1200 0
1201 0
1202 0
1203 0
1204 0
1205 0
1206 0
1207 0
1208 0
1209 0
1210 0
1211 0
1212 0
1213 0
1214 0
1215 0
1216 0
1217 0
1218 0
1219 0
1220 0
1221 0
1222 0
1223 0
1224 0
1225 0
1226 0
1227 0
1228 0
1229 0
1230 0
1231 0
1232 0
1233 0
1234 0
1235 0
1236 0
1237 0
1238 0
1239 0
1240 0
1241 0
1242 0
1243 0
1244 0
1245 0
1246 0
1247 0
1248 0
1249 0
1250 0
1251 0
1252 0
1253 0
1254 0
1255 0
1256 0
1257 0
1258 0
1259 0
1260 0
1261 0
1262 0
1263 0
1264 0
1265 0
1266 0
1267 0
1268 0
1269 0
1270 0
1271 0
1272 0
1273 0
1274 0
1275 0
1276 0
1277 0
1278 0
1279 0
1280 0
1281 0
1282 0
1283 0
1284 0
1285 0
1286 0
1287 0
1288 0
1289 0
1290 0
1291 0
1292 0
1293 0
1294 0
1295 0
1296 0
1297 0
1298 0
1299 0
1300 0
1301 0
1302 0
1303 0
1304 0
1305 0
1306 0
1307 0
1308 0
1309 0
1310 0
1311 0
1312 0
1313 0
1314 0
1315 0
1316 0
1317 0
1318 0
1319 0
1320 0
1321 0
1322 0
1323 0
1324 0
1325 0
1326 0
1327 0
1328 0
1329 0
1330 0
1331 0
1332 0
1333 0
1334 0
1335 0
1336 0
1337 0
1338 0
1339 0
1340 0
1341 0
1342 0
1343 0
1344 0
1345 0
1346 0
1347 0
1348 0
1349 0
1350 0
1351 0
1352 0
1353 0
1354 0
1355 0
1356 0
1357 0
1358 0
1359 0
1360 0
1361 0
1362 0
1363 0
1364 0
1365 0
1366 0
1367 0
1368 0
1369 0
1370 0
1371 0
1372 0
1373 0
1374 0
1375 0
1376 0
1377 0
1378 0
1379 0
1380 0
1381 0
1382 0
1383 0
1384 0
1385 0
1386 0
1387 0
1388 0
1389 0
1390 0
1391 0
1392 0
1393 0
1394 0
1395 0
1396 0
1397 0
1398 0
1399 0
1400 0
1401 0
1402 0
1403 0
1404 0
1405 0
1406 0
1407 0
1408 0
1409 0
1410 0
1411 0
1412 0
1413 0
1414 0
1415 0
1416 0
1417 0
1418 0
1419 0
1420 0
1421 0
1422 0
1423 0
1424 0
1425 0
1426 0
1427 0
1428 0
1429 0
1430 0
1431 0
1432 0
1433 0
1434 0
1435 0
1436 0
1437 0
1438 0
1439 0
1440 0
1441 0
1442 0
1443 0
1444 0
1445 0
1446 0
1447 0
1448 0
1449 0
1450 0
1451 0
1452 0
1453 0
1454 0
1455 0
1456 0
1457 0
1458 0
1459 0
1460 0
1461 0
1462 0
1463 0
1464 0
1465 0
1466 0
1467 0
1468 0
1469 0
1470 0
1471 0
1472 0
1473 0
1474 0
1475 0
1476 0
1477 0
1478 0
1479 0
1480 0
1481 0
1482 0
1483 0
1484 0
1485 0
1486 0
1487 0
1488 0
1489 0
1490 0
1491 0
1492 0
1493 0
1494 0
1495 0
1496 0
1497 0
1498 0
1499 0
1500 0
1501 0
1502 0
1503 0
1504 0
1505 0
1506 0
1507 0
1508 0
1509 0
1510 0
1511 0
1512 0
1513 0
1514 0
1515 0
1516 0
1517 0
1518 0
1519 0
1520 0
1521 0
1522 0
1523 0
1524 0
1525 0
1526 0
1527 0
1528 0
1529 0
1530 0
1531 0
1532 0
1533 0
1534 0
1535 0
1536 0
1537 0
1538 0
1539 0
1540 0
1541 0
1542 0
1543 0
1544 0
1545 0
1546 0
1547 0
1548 0
1549 0
1550 0
1551 0
1552 0
1553 0
1554 0
1555 0
1556 0
1557 0
1558 0
1559 0
1560 0
1561 0
1562 0
1563 0
1564 0
1565 0
1566 0
1567 0
1568 0
1569 0
1570 0
1571 0
1572 0
1573 0
1574 0
1575 0
1576 0
1577 0
1578 0
1579 0
1580 0
1581 0
1582 0
1583 0
1584 0
1585 0
1586 0
1587 0
1588 0
1589 0
1590 0
1591 0
1592 0
1593 0
1594 0
1595 0
1596 0
1597 0
1598 0
1599 0
1600 0
1601 0
1602 0
1603 0
1604 0
1605 0
1606 0
1607 0
1608 0
1609 0
1610 0
1611 0
1612 0
1613 0
1614 0
1615 0
1616 0
1617 0
1618 0
1619 0
1620 0
1621 0
1622 0
1623 0
1624 0
1625 0
1626 0
1627 0
1628 0
1629 0
1630 0
1631 0
1632 0
1633 0
1634 0
1635 0
1636 0
1637 0
1638 0
1639 0
1640 0
1641 0
1642 0
1643 0
1644 0
1645 0
1646 0
1647 0
1648 0
1649 0
1650 0
1651 0
1652 0
1653 0
1654 0
1655 0
1656 0
1657 0
1658 0
1659 0
1660 0
1661 0
1662 0
1663 0
1664 0
1665 0
1666 0
1667 0
1668 0
1669 0
1670 0
1671 0
1672 0
1673 0
1674 0
1675 0
1676 0
1677 0
1678 0
1679 0
1680 0
1681 0
1682 0
1683 0
1684 0
1685 0
1686 0
1687 0
1688 0
1689 0
1690 0
1691 0
1692 0
1693 0
1694 0
1695 0
1696 0
1697 0
1698 0
1699 0
1700 0
1701 0
1702 0
1703 0
1704 0
1705 0
1706 0
1707 0
1708 0
1709 0
1710 0
1711 0
1712 0
1713 0
1714 0
1715 0
1716 0
1717 0
1718 0
1719 0
1720 0
1721 0
1722 0
1723 0
1724 0
1725 0
1726 0
1727 0
1728 0
1729 0
1730 0
1731 0
1732 0
1733 0
1734 0
1735 0
1736 0
1737 0
1738 0
1739 0
1740 0
1741 0
1742 0
1743 0
1744 0
1745 0
1746 0
1747 0
1748 0
1749 0
1750 0
1751 0
1752 0
1753 0
1754 0
1755 0
1756 0
1757 0
1758 0
1759 0
1760 0
1761 0
1762 0
1763 0
1764 0
1765 0
1766 0
1767 0
1768 0
1769 0
1770 0
1771 0
1772 0
1773 0
1774 0
1775 0
1776 0
1777 0
1778 0
1779 0
1780 0
1781 0
1782 0
1783 0
1784 0
1785 0
1786 0
1787 0
1788 0
1789 0
1790 0
1791 0
1792 0
1793 0
1794 0
1795 0
1796 0
1797 0
1798 0
1799 0
1800 0
1801 0
1802 0
1803 0
1804 0
1805 0
1806 0
1807 0
1808 0
1809 0
1810 0
1811 0
1812 0
1813 0
1814 0
1815 0
1816 0
1817 0
1818 0
1819 0
1820 0
1821 0
1822 0
1823 0
1824 0
1825 0
1826 0
1827 0
1828 0
1829 0
1830 0
1831 0
1832 0
1833 0
1834 0
1835 0
1836 0
1837 0
1838 0
1839 0
1840 0
1841 0
1842 0
1843 0
1844 0
1845 0
1846 0
1847 0
1848 0
1849 0
1850 0
1851 0
1852 0
1853 0
1854 0
1855 0
1856 0
1857 0
1858 0
1859 0
1860 0
1861 0
1862 0
1863 0
1864 0
1865 0
1866 0
1867 0
1868 0
1869 0
1870 0
1871 0
1872 0
1873 0
1874 0
1875 0
1876 0
1877 0
1878 0
1879 0
1880 0
1881 0
1882 0
1883 0
1884 0
1885 0
1886 0
1887 0
1888 0
1889 0
1890 0
1891 0
1892 0
1893 0
1894 0
1895 0
1896 0
1897 0
1898 0
1899 0
1900 0
1901 0
1902 0
1903 0
1904 0
1905 0
1906 0
1907 0
1908 0
1909 0
1910 0
1911 0
1912 0
1913 0
1914 0
1915 0
1916 0
1917 0
1918 0
1919 0
1920 0
1921 0
1922 0
1923 0
1924 0
1925 0
1926 0
1927 0
1928 0
1929 0
1930 0
1931 0
1932 0
1933 0
1934 0
1935 0
1936 0
1937 0
1938 0
1939 0
1940 0
1941 0
1942 0
1943 0
1944 0
1945 0
1946 0
1947 0
1948 0
1949 0
1950 0
1951 0
1952 0
1953 0
1954 0
1955 0
1956 0
1957 0
1958 0
1959 0
1960 0
1961 0
1962 0
1963 0
1964 0
1965 0
1966 0
1967 0
1968 0
1969 0
1970 0
1971 0
1972 0
1973 0
1974 0
1975 0
1976 0
1977 0
1978 0
1979 0
1980 0
1981 0
1982 0
1983 0
1984 0
1985 0
1986 0
1987 0
1988 0
1989 0
1990 0
1991 0
1992 0
1993 0
1994 0
1995 0
1996 0
1997 0
1998 0
1999 0
2000 0
2001 0
2002 0
2003 0
2004 0
2005 0
2006 0
2007 0
2008 0
2009 0
2010 0
2011 0
2012 0
2013 0
2014 0
2015 0
2016 0
2017 0
2018 0
2019 0
2020 0
2021 0
2022 0
2023 0
2024 0
2025 0
2026 0
2027 0
2028 0
2029 0
2030 0
2031 0
2032 0
2033 0
2034 0
2035 0
2036 0
2037 0
2038 0
2039 0
2040 0
2041 0
2042 0
2043 0
2044 0
2045 0
2046 0
2047 0
2048 0
2049 0
2050 0
2051 0
2052 0
2053 0
2054 0
2055 0
2056 0
2057 0
2058 0
2059 0
2060 0
2061 0
2062 0
2063 0
2064 0
2065 0
2066 0
2067 0
2068 0
2069 0
2070 0
2071 0
2072 0
2073 0
2074 0
2075 0
2076 0
2077 0
2078 0
2079 0
2080 0
2081 0
2082 0
2083 0
2084 0
2085 0
2086 0
2087 0
2088 0
2089 0
2090 0
2091 0
2092 0
2093 0
2094 0
2095 0
2096 0
2097 0
2098 0
2099 0
2100 0
2101 0
2102 0
2103 0
2104 0
2105 0
2106 0
2107 0
2108 0
2109 0
2110 0
2111 0
2112 0
2113 0
2114 0
2115 0
2116 0
2117 0
2118 0
2119 0
2120 0
2121 0
2122 0
2123 0
2124 0
2125 0
2126 0
2127 0
2128 0
2129 0
2130 0
2131 0
2132 0
2133 0
2134 0
2135 0
2136 0
2137 0
2138 0
2139 0
2140 0
2141 0
2142 0
2143 0
2144 0
2145 0
2146 0
2147 0
2148 0
2149 0
2150 0
2151 0
2152 0
2153 0
2154 0
2155 0
2156 0
2157 0
2158 0
2159 0
2160 0
2161 0
2162 0
2163 0
2164 0
2165 0
2166 0
2167 0
2168 0
2169 0
2170 0
2171 0
2172 0
2173 0
2174 0
2175 0
2176 0
2177 0
2178 0
2179 0
2180 0
2181 0
2182 0
2183 0
2184 0
2185 0
2186 0
2187 0
2188 0
2189 0
2190 0
2191 0
2192 0
2193 0
2194 0
2195 0
2196 0
2197 0
2198 0
2199 0
2200 0
2201 0
2202 0
2203 0
2204 0
2205 0
2206 0
2207 0
2208 0
2209 0
2210 0
2211 0
2212 0
2213 0
2214 0
2215 0
2216 0
2217 0
2218 0
2219 0
2220 0
2221 0
2222 0
2223 0
2224 0
2225 0
2226 0
2227 0
2228 0
2229 0
2230 0
2231 0
2232 0
2233 0
2234 0
2235 0
2236 0
2237 0
2238 0
2239 0
2240 0
2241 0
2242 0
2243 0
2244 0
2245 0
2246 0
2247 0
2248 0
2249 0
2250 0
2251 0
2252 0
2253 0
2254 0
2255 0
2256 0
2257 0
2258 0
2259 0
2260 0
2261 0
2262 0
2263 0
2264 0
2265 0
2266 0
2267 0
2268 0
2269 0
2270 0
2271 0
2272 0
2273 0
2274 0
2275 0
2276 0
2277 0
2278 0
2279 0
2280 0
2281 0
2282 0
2283 0
2284 0
2285 0
2286 0
2287 0
2288 0
2289 0
2290 0
2291 0
2292 0
2293 0
2294 0
2295 0
2296 0
2297 0
2298 0
2299 0
2300 0
2301 0
2302 0
2303 0
2304 0
2305 0
2306 0
2307 0
2308 0
2309 0
2310 0
2311 0
2312 0
2313 0
2314 0
2315 0
2316 0
2317 0
2318 0
2319 0
2320 0
2321 0
2322 0
2323 0
2324 0
2325 0
2326 0
2327 0
2328 0
2329 0
2330 0
2331 0
2332 0
2333 0
2334 0
2335 0
2336 0
2337 0
2338 0
2339 0
2340 0
2341 0
2342 0
2343 0
2344 0
2345 0
2346 0
2347 0
2348 0
2349 0
2350 0
2351 0
2352 0
2353 0
2354 0
2355 0
2356 0
2357 0
2358 0
2359 0
2360 0
2361 0
2362 0
2363 0
2364 0
2365 0
2366 0
2367 0
2368 0
2369 0
2370 0
2371 0
2372 0
2373 0
2374 0
2375 0
2376 0
2377 0
2378 0
2379 0
2380 0
2381 0
2382 0
2383 0
2384 0
2385 0
2386 0
2387 0
2388 0
2389 0
2390 0
2391 0
2392 0
2393 0
2394 0
2395 0
2396 0
2397 0
2398 0
2399 0
2400 0
2401 0
2402 0
2403 0
2404 0
2405 0
2406 0
2407 0
2408 0
2409 0
2410 0
2411 0
2412 0
2413 0
2414 0
2415 0
2416 0
2417 0
2418 0
2419 0
2420 0
2421 0
2422 0
2423 0
2424 0
2425 0
2426 0
2427 0
2428 0
2429 0
2430 0
2431 0
2432 0
2433 0
2434 0
2435 0
2436 0
2437 0
2438 0
2439 0
2440 0
2441 0
2442 0
2443 0
2444 0
2445 0
2446 0
2447 0
2448 0
2449 0
2450 0
2451 0
2452 0
2453 0
2454 0
2455 0
2456 0
2457 0
2458 0
2459 0
2460 0
2461 0
2462 0
2463 0
2464 0
2465 0
2466 0
2467 0
2468 0
2469 0
2470 0
2471 0
2472 0
2473 0
2474 0
2475 0
2476 0
2477 0
2478 0
2479 0
2480 0
2481 0
2482 0
2483 0
2484 0
2485 0
2486 0
2487 0
2488 0
2489 0
2490 0
2491 0
2492 0
2493 0
2494 0
2495 0
2496 0
2497 0
2498 0
2499 0
2500 0
2501 0
2502 0
2503 0
2504 0
2505 0
2506 0
2507 0
2508 0
2509 0
2510 0
2511 0
2512 0
2513 0
2514 0
2515 0
2516 0
2517 0
2518 0
2519 0
2520 0
2521 0
2522 0
2523 0
2524 0
2525 0
2526 0
2527 0
2528 0
2529 0
2530 0
2531 0
2532 0
2533 0
2534 0
2535 0
2536 0
2537 0
2538 0
2539 0
2540 0
2541 0
2542 0
2543 0
2544 0
2545 0
2546 0
2547 0
2548 0
2549 0
2550 0
2551 0
2552 0
2553 0
2554 0
2555 0
2556 0
2557 0
2558 0
2559 0
2560 0
2561 0
2562 0
2563 0
2564 0
2565 0
2566 0
2567 0
2568 0
2569 0
2570 0
2571 0
2572 0
2573 0
2574 0
2575 0
2576 0
2577 0
2578 0
2579 0
2580 0
2581 0
2582 0
2583 0
2584 0
2585 0
2586 0
2587 0
2588 0
2589 0
2590 0
2591 0
2592 0
2593 0
2594 0
2595 0
2596 0
2597 0
2598 0
2599 0
2600 0
2601 0
2602 0
2603 0
2604 0
2605 0
2606 0
2607 0
2608 0
2609 0
2610 0
2611 0
2612 0
2613 0
2614 0
2615 0
2616 0
2617 0
2618 0
2619 0
2620 0
2621 0
2622 0
2623 0
2624 0
2625 0
2626 0
2627 0
2628 0
2629 0
2630 0
2631 0
2632 0
2633 0
2634 0
2635 0
2636 0
2637 0
2638 0
2639 0
2640 0
2641 0
2642 0
2643 0
2644 0
2645 0
2646 0
2647 0
2648 0
2649 0
2650 0
2651 0
2652 0
2653 0
2654 0
2655 0
2656 0
2657 0
2658 0
2659 0
2660 0
2661 0
2662 0
2663 0
2664 0
2665 0
2666 0
2667 0
2668 0
2669 0
2670 0
2671 0
2672 0
2673 0
2674 0
2675 0
2676 0
2677 0
2678 0
2679 0
2680 0
2681 0
2682 0
2683 0
2684 0
2685 0
2686 0
2687 0
2688 0
2689 0
2690 0
2691 0
2692 0
2693 0
2694 0
2695 0
2696 0
2697 0
2698 0
2699 0
2700 0
2701 0
2702 0
2703 0
2704 0
2705 0
2706 0
2707 0
2708 0
2709 0
2710 0
2711 0
2712 0
2713 0
2714 0
2715 0
2716 0
2717 0
2718 0
2719 0
2720 0
2721 0
2722 0
2723 0
2724 0
2725 0
2726 0
2727 0
2728 0
2729 0
2730 0
2731 0
2732 0
2733 0
2734 0
2735 0
2736 0
2737 0
2738 0
2739 0
2740 0
2741 0
2742 0
2743 0
2744 0
2745 0
2746 0
2747 0
2748 0
2749 0
2750 0
2751 0
2752 0
2753 0
2754 0
2755 1
2756 1
2757 1
2758 1
2759 1
2760 1
2761 1
2762 1
2763 1
2764 1
2765 1
2766 1
2767 1
2768 1
2769 1
2770 1
2771 1
2772 1
2773 1
2774 1
2775 1
2776 1
2777 1
2778 1
2779 1
2780 1
2781 1
2782 1
2783 1
2784 1
2785 1
2786 1
2787 1
2788 1
2789 1
2790 1
2791 1
2792 1
2793 1
2794 1
2795 1
2796 1
2797 1
2798 1
2799 1
2800 1
2801 1
2802 1
2803 1
2804 1
2805 1
2806 1
2807 1
2808 1
2809 1
2810 1
2811 1
2812 1
2813 1
2814 1
2815 1
2816 1
2817 1
2818 1
2819 1
2820 1
2821 1
2822 1
2823 1
2824 1
2825 1
2826 1
2827 1
2828 1
2829 1
2830 1
2831 1
2832 1
2833 1
2834 1
2835 1
2836 1
2837 1
2838 1
2839 1
2840 1
2841 1
2842 1
2843 1
2844 1
2845 1
2846 1
2847 1
2848 1
2849 1
2850 1
2851 1
2852 1
2853 1
2854 1
2855 1
2856 1
2857 1
2858 1
2859 1
2860 1
2861 1
2862 1
2863 1
2864 1
2865 1
2866 1
2867 1
2868 1
2869 1
2870 1
2871 1
2872 1
2873 1
2874 1
2875 1
2876 1
2877 1
2878 1
2879 1
2880 1
2881 1
2882 1
2883 1
2884 1
2885 1
2886 1
2887 1
2888 1
2889 1
2890 1
2891 1
2892 1
2893 1
2894 1
2895 1
2896 1
2897 1
2898 1
2899 1
2900 1
2901 1
2902 1
2903 1
2904 1
2905 1
2906 1
2907 1
2908 1
2909 1
2910 1
2911 1
2912 1
2913 1
2914 1
2915 1
2916 1
2917 1
2918 1
2919 1
2920 1
2921 1
2922 1
2923 1
2924 1
2925 1
2926 1
2927 1
2928 1
2929 1
2930 1
2931 1
2932 1
2933 1
2934 1
2935 1
2936 1
2937 1
2938 1
2939 1
2940 1
2941 1
2942 1
2943 1
2944 1
2945 1
2946 1
2947 1
2948 1
2949 1
2950 1
2951 1
2952 1
2953 1
2954 1
2955 1
2956 1
2957 1
2958 1
2959 1
2960 1
2961 1
2962 1
2963 1
2964 1
2965 1
2966 1
2967 1
2968 1
2969 1
2970 1
2971 1
2972 1
2973 1
2974 1
2975 1
2976 1
2977 1
2978 1
2979 1
2980 1
2981 1
2982 1
2983 1
2984 1
2985 1
2986 1
2987 1
2988 1
2989 1
2990 1
2991 1
2992 1
2993 1
2994 1
2995 1
2996 1
2997 1
2998 1
2999 1
3000 1
3001 1
3002 1
3003 1
3004 1
3005 1
3006 1
3007 1
3008 1
3009 1
3010 1
3011 1
3012 1
3013 1
3014 1
3015 1
3016 1
3017 1
3018 1
3019 1
3020 1
3021 1
3022 1
3023 1
3024 1
3025 1
3026 1
3027 1
3028 1
3029 1
3030 1
3031 1
3032 1
3033 1
3034 1
3035 1
3036 1
3037 1
3038 1
3039 1
3040 1
3041 1
3042 1
3043 1
3044 1
3045 1
3046 1
3047 1
3048 1
3049 1
3050 1
3051 1
3052 1
3053 1
3054 1
3055 1
3056 1
3057 1
3058 1
3059 1
3060 1
3061 1
3062 1
3063 1
3064 1
3065 1
3066 1
3067 1
3068 1
3069 1
3070 1
3071 1
3072 1
3073 1
3074 1
3075 1
3076 1
3077 1
3078 1
3079 1
3080 1
3081 1
3082 1
3083 1
3084 1
3085 1
3086 1
3087 1
3088 1
3089 1
3090 1
3091 1
3092 1
3093 1
3094 1
3095 1
3096 1
3097 1
3098 1
3099 1
3100 1
3101 1
3102 1
3103 1
3104 1
3105 1
3106 1
3107 1
3108 1
3109 1
3110 1
3111 1
3112 1
3113 1
3114 1
3115 1
3116 1
3117 1
3118 1
3119 1
3120 1
3121 1
3122 1
3123 1
3124 1
3125 1
3126 1
3127 1
3128 1
3129 1
3130 1
3131 1
3132 1
3133 1
3134 1
3135 1
3136 1
3137 1
3138 1
3139 1
3140 1
3141 1
3142 1
3143 1
3144 1
3145 1
3146 1
3147 1
3148 1
3149 1
3150 1
3151 1
3152 1
3153 1
3154 1
3155 1
3156 1
3157 1
3158 1
3159 1
3160 1
3161 1
3162 1
3163 1
3164 1
3165 1
3166 1
3167 1
3168 1
3169 1
3170 1
3171 1
3172 1
3173 1
3174 1
3175 1
3176 1
3177 1
3178 1
3179 1
3180 1
3181 1
3182 1
3183 1
3184 1
3185 1
3186 1
3187 1
3188 1
3189 1
3190 1
3191 1
3192 1
3193 1
3194 1
3195 1
3196 1
3197 1
3198 1
3199 1
3200 1
3201 1
3202 1
3203 1
3204 1
3205 1
3206 1
3207 1
3208 1
3209 1
3210 1
3211 1
3212 1
3213 1
3214 1
3215 1
3216 1
3217 1
3218 1
3219 1
3220 1
3221 1
3222 1
3223 1
3224 1
3225 1
3226 1
3227 1
3228 1
3229 1
3230 1
3231 1
3232 1
3233 1
3234 1
3235 1
3236 1
3237 1
3238 1
3239 1
3240 1
3241 1
3242 1
3243 1
3244 1
3245 1
3246 1
3247 1
3248 1
3249 1
3250 1
3251 1
3252 1
3253 1
3254 1
3255 1
3256 1
3257 1
3258 1
3259 1
3260 1
3261 1
3262 1
3263 1
3264 1
3265 1
3266 1
3267 1
3268 1
3269 1
3270 1
3271 1
3272 1
3273 1
3274 1
3275 1
3276 1
3277 1
3278 1
3279 1
3280 1
3281 1
3282 1
3283 1
3284 1
3285 1
3286 1
3287 1
3288 1
3289 1
3290 1
3291 1
3292 1
3293 1
3294 1
3295 1
3296 1
3297 1
3298 1
3299 1
3300 1
3301 1
3302 1
3303 1
3304 1
3305 1
3306 1
3307 1
3308 1
3309 1
3310 1
3311 1
3312 1
3313 1
3314 1
3315 1
3316 1
3317 1
3318 1
3319 1
3320 1
3321 1
3322 1
3323 1
3324 1
3325 1
3326 1
3327 1
3328 1
3329 1
3330 1
3331 1
3332 1
3333 1
3334 1
3335 1
3336 1
3337 1
3338 1
3339 1
3340 1
3341 1
3342 1
3343 1
3344 1
3345 1
3346 1
3347 1
3348 1
3349 1
3350 1
3351 1
3352 1
3353 1
3354 1
3355 1
3356 1
3357 1
3358 1
3359 1
3360 1
3361 1
3362 1
3363 1
3364 1
3365 1
3366 1
3367 1
3368 1
3369 1
3370 1
3371 1
3372 1
3373 1
3374 1
3375 1
3376 1
3377 1
3378 1
3379 1
3380 1
3381 1
3382 1
3383 1
3384 1
3385 1
3386 1
3387 1
3388 1
3389 1
3390 1
3391 1
3392 1
3393 1
3394 1
3395 1
3396 1
3397 1
3398 1
3399 1
3400 1
3401 1
3402 1
3403 1
3404 1
3405 1
3406 1
3407 1
3408 1
3409 1
3410 1
3411 1
3412 1
3413 1
3414 1
3415 1
3416 1
3417 1
3418 1
3419 1
3420 1
3421 1
3422 1
3423 1
3424 1
3425 1
3426 1
3427 1
3428 1
3429 1
3430 1
3431 1
3432 1
3433 1
3434 1
3435 1
3436 1
3437 1
3438 1
3439 1
3440 1
3441 1
3442 1
3443 1
3444 1
3445 1
3446 1
3447 1
3448 1
3449 1
3450 1
3451 1
3452 1
3453 1
3454 1
3455 1
3456 1
3457 1
3458 1
3459 1
3460 1
3461 1
3462 1
3463 1
3464 1
3465 1
3466 1
3467 1
3468 1
3469 1
3470 1
3471 1
3472 1
3473 1
3474 1
3475 1
3476 1
3477 1
3478 1
3479 1
3480 1
3481 1
3482 1
3483 1
3484 1
3485 1
3486 1
3487 1
3488 1
3489 1
3490 1
3491 1
3492 1
3493 1
3494 1
3495 1
3496 1
3497 1
3498 1
3499 1
3500 1
3501 1
3502 1
3503 1
3504 1
3505 1
3506 1
3507 1
3508 1
3509 1
3510 1
3511 1
3512 1
3513 1
3514 1
3515 1
3516 1
3517 1
3518 1
3519 1
3520 1
3521 1
3522 1
3523 1
3524 1
3525 1
3526 1
3527 1
3528 1
3529 1
3530 1
3531 1
3532 1
3533 1
3534 1
3535 1
3536 1
3537 1
3538 1
3539 1
3540 1
3541 1
3542 1
3543 1
3544 1
3545 1
3546 1
3547 1
3548 1
3549 1
3550 1
3551 1
3552 1
3553 1
3554 1
3555 1
3556 1
3557 1
3558 1
3559 1
3560 1
3561 1
3562 1
3563 1
3564 1
3565 1
3566 1
3567 1
3568 1
3569 1
3570 1
3571 1
3572 1
3573 1
3574 1
3575 1
3576 1
3577 1
3578 1
3579 1
3580 1
3581 1
3582 1
3583 1
3584 1
3585 1
3586 1
3587 1
3588 1
3589 1
3590 1
3591 1
3592 1
3593 1
3594 1
3595 1
3596 1
3597 1
3598 1
3599 1
3600 1
3601 1
3602 1
3603 1
3604 1
3605 1
3606 1
3607 1
3608 1
3609 1
3610 1
3611 1
3612 1
3613 1
3614 1
3615 1
3616 1
3617 1
3618 1
3619 1
3620 1
3621 1
3622 1
3623 1
3624 1
3625 1
3626 1
3627 1
3628 1
3629 1
3630 1
3631 1
3632 1
3633 1
3634 1
3635 1
3636 1
3637 1
3638 1
3639 1
3640 1
3641 1
3642 1
3643 1
3644 1
3645 1
3646 1
3647 1
3648 1
3649 1
3650 1
3651 1
3652 1
3653 1
3654 1
3655 1
3656 1
3657 1
3658 1
3659 1
3660 1
3661 1
3662 1
3663 1
3664 1
3665 1
3666 1
3667 1
3668 1
3669 1
3670 1
3671 1
3672 1
3673 1
3674 1
3675 1
3676 1
3677 1
3678 1
3679 1
3680 1
3681 1
3682 1
3683 1
3684 1
3685 1
3686 1
3687 1
3688 1
3689 1
3690 1
3691 1
3692 1
3693 1
3694 1
3695 1
3696 1
3697 1
3698 1
3699 1
3700 1
3701 1
3702 1
3703 1
3704 1
3705 1
3706 1
3707 1
3708 1
3709 1
3710 1
3711 1
3712 1
3713 1
3714 1
3715 1
3716 1
3717 1
3718 1
3719 1
3720 1
3721 1
3722 1
3723 1
3724 1
3725 1
3726 1
3727 1
3728 1
3729 1
3730 1
3731 1
3732 1
3733 1
3734 1
3735 1
3736 1
3737 1
3738 1
3739 1
3740 1
3741 1
3742 1
3743 1
3744 1
3745 1
3746 1
3747 1
3748 1
3749 1
3750 1
3751 1
3752 1
3753 1
3754 1
3755 1
3756 1
3757 1
3758 1
3759 1
3760 1
3761 1
3762 1
3763 1
3764 1
3765 1
3766 1
3767 1
3768 1
3769 1
3770 1
3771 1
3772 1
3773 1
3774 1
3775 1
3776 1
3777 1
3778 1
3779 1
3780 1
3781 1
3782 1
3783 1
3784 1
3785 1
3786 1
3787 1
3788 1
3789 1
3790 1
3791 1
3792 1
3793 1
3794 1
3795 1
3796 1
3797 1
3798 1
3799 1
3800 1
3801 1
3802 1
3803 1
3804 1
3805 1
3806 1
3807 1
3808 1
3809 1
3810 1
3811 1
3812 1
3813 1
3814 1
3815 1
3816 1
3817 1
3818 1
3819 1
3820 1
3821 1
3822 1
3823 1
3824 1
3825 1
3826 1
3827 1
3828 1
3829 1
3830 1
3831 1
3832 1
3833 1
3834 1
3835 1
3836 1
3837 1
3838 1
3839 1
3840 1
3841 1
3842 1
3843 1
3844 1
3845 1
3846 1
3847 1
3848 1
3849 1
3850 1
3851 1
3852 1
3853 1
3854 1
3855 1
3856 1
3857 1
3858 1
3859 1
3860 1
3861 1
3862 1
3863 1
3864 1
3865 1
3866 1
3867 1
3868 1
3869 1
3870 1
3871 1
3872 1
3873 1
3874 1
3875 1
3876 1
3877 1
3878 1
3879 1
3880 1
3881 1
3882 1
3883 1
3884 1
3885 1
3886 1
3887 1
3888 1
3889 1
3890 1
3891 1
3892 1
3893 1
3894 1
3895 1
3896 1
3897 1
3898 1
3899 1
3900 1
3901 1
3902 1
3903 1
3904 1
3905 1
3906 1
3907 1
3908 1
3909 1
3910 1
3911 1
3912 1
3913 1
3914 1
3915 1
3916 1
3917 1
3918 1
3919 1
3920 1
3921 1
3922 1
3923 1
3924 1
3925 1
3926 1
3927 1
3928 1
3929 1
3930 1
3931 1
3932 1
3933 1
3934 1
3935 1
3936 1
3937 1
3938 1
3939 1
3940 1
3941 1
3942 1
3943 1
3944 1
3945 1
3946 1
3947 1
3948 1
3949 1
3950 1
3951 1
3952 1
3953 1
3954 1
3955 1
3956 1
3957 1
3958 1
3959 1
3960 1
3961 1
3962 1
3963 1
3964 1
3965 1
3966 1
3967 1
3968 1
3969 1
3970 1
3971 1
3972 1
3973 1
3974 1
3975 1
3976 1
3977 1
3978 1
3979 1
3980 1
3981 1
3982 1
3983 1
3984 1
3985 1
3986 1
3987 1
3988 1
3989 1
3990 1
3991 1
3992 1
3993 1
3994 1
3995 1
3996 1
3997 1
3998 1
3999 1
4000 1
4001 1
4002 1
4003 1
4004 1
4005 1
4006 1
4007 1
4008 1
4009 1
4010 1
4011 1
4012 1
4013 1
4014 1
4015 1
4016 1
4017 1
4018 1
4019 1
4020 1
4021 1
4022 1
4023 1
4024 1
4025 1
4026 1
4027 1
4028 1
4029 1
4030 1
4031 1
4032 1
4033 1
4034 1
4035 1
4036 1
4037 1
4038 1
4039 1
4040 1
4041 1
4042 1
4043 1
4044 1
4045 1
4046 1
4047 1
4048 1
4049 2
4050 2
4051 2
4052 2
4053 2
4054 2
4055 2
4056 2
4057 2
4058 2
4059 2
4060 2
4061 2
4062 2
4063 2
4064 2
4065 2
4066 2
4067 2
4068 2
4069 2
4070 2
4071 2
4072 2
4073 2
4074 2
4075 2
4076 2
4077 2
4078 2
4079 2
4080 2
4081 2
4082 2
4083 2
4084 2
4085 2
4086 2
4087 2
4088 2
4089 2
4090 2
4091 2
4092 2
4093 2
4094 2
4095 2
4096 2
4097 2
4098 2
4099 2
4100 2
4101 2
4102 2
4103 2
4104 2
4105 2
4106 2
4107 2
4108 2
4109 2
4110 2
4111 2
4112 2
4113 2
4114 2
4115 2
4116 2
4117 2
4118 2
4119 2
4120 2
4121 2
4122 2
4123 2
4124 2
4125 2
4126 2
4127 2
4128 2
4129 2
4130 2
4131 2
4132 2
4133 2
4134 2
4135 2
4136 2
4137 2
4138 2
4139 2
4140 2
4141 2
4142 2
4143 2
4144 2
4145 2
4146 2
4147 2
4148 2
4149 2
4150 2
4151 2
4152 2
4153 2
4154 2
4155 2
4156 2
4157 2
4158 2
4159 2
4160 2
4161 2
4162 2
4163 2
4164 2
4165 2
4166 2
4167 2
4168 2
4169 2
4170 2
4171 2
4172 2
4173 2
4174 2
4175 2
4176 2
4177 2
4178 2
4179 2
4180 2
4181 2
4182 2
4183 2
4184 2
4185 2
4186 2
4187 2
4188 2
4189 2
4190 2
4191 2
4192 2
4193 2
4194 2
4195 2
4196 2
4197 2
4198 2
4199 2
4200 2
4201 2
4202 2
4203 2
4204 2
4205 2
4206 2
4207 2
4208 2
4209 2
4210 2
4211 2
4212 2
4213 2
4214 2
4215 2
4216 2
4217 2
4218 2
4219 2
4220 2
4221 2
4222 2
4223 2
4224 2
4225 2
4226 2
4227 2
4228 2
4229 2
4230 2
4231 2
4232 2
4233 2
4234 2
4235 2
4236 2
4237 2
4238 2
4239 2
4240 2
4241 2
4242 2
4243 2
4244 2
4245 2
4246 2
4247 2
4248 2
4249 2
4250 2
4251 2
4252 2
4253 2
4254 2
4255 2
4256 2
4257 2
4258 2
4259 2
4260 2
4261 2
4262 2
4263 2
4264 2
4265 2
4266 2
4267 2
4268 2
4269 2
4270 2
4271 2
4272 2
4273 2
4274 2
4275 2
4276 2
4277 2
4278 2
4279 2
4280 2
4281 2
4282 2
4283 2
4284 2
4285 2
4286 2
4287 2
4288 2
4289 2
4290 2
4291 2
4292 2
4293 2
4294 2
4295 2
4296 2
4297 2
4298 2
4299 2
4300 2
4301 2
4302 2
4303 2
4304 2
4305 2
4306 2
4307 2
4308 2
4309 2
4310 2
4311 2
4312 2
4313 2
4314 2
4315 2
4316 2
4317 2
4318 2
4319 2
4320 2
4321 2
4322 2
4323 2
4324 2
4325 2
4326 2
4327 2
4328 2
4329 2
4330 2
4331 2
4332 2
4333 2
4334 2
4335 2
4336 2
4337 2
4338 2
4339 2
4340 2
4341 2
4342 2
4343 2
4344 2
4345 2
4346 2
4347 2
4348 2
4349 2
4350 2
4351 2
4352 2
4353 2
4354 2
4355 2
4356 2
4357 2
4358 2
4359 2
4360 2
4361 2
4362 2
4363 2
4364 2
4365 2
4366 2
4367 2
4368 2
4369 2
4370 2
4371 2
4372 2
4373 2
4374 2
4375 2
4376 2
4377 2
4378 2
4379 2
4380 2
4381 2
4382 2
4383 2
4384 2
4385 2
4386 2
4387 2
4388 2
4389 2
4390 2
4391 2
4392 2
4393 2
4394 2
4395 2
4396 2
4397 2
4398 2
4399 2
4400 2
4401 2
4402 2
4403 2
4404 2
4405 2
4406 2
4407 2
4408 2
4409 2
4410 2
4411 2
4412 2
4413 2
4414 2
4415 2
4416 2
4417 2
4418 2
4419 2
4420 2
4421 2
4422 2
4423 2
4424 2
4425 2
4426 2
4427 2
4428 2
4429 2
4430 2
4431 2
4432 2
4433 2
4434 2
4435 2
4436 2
4437 2
4438 2
4439 2
4440 2
4441 2
4442 2
4443 2
4444 2
4445 2
4446 2
4447 2
4448 2
4449 2
4450 2
4451 2
4452 2
4453 2
4454 2
4455 2
4456 2
4457 2
4458 2
4459 2
4460 2
4461 2
4462 2
4463 2
4464 2
4465 2
4466 2
4467 2
4468 2
4469 2
4470 2
4471 2
4472 2
4473 2
4474 2
4475 2
4476 2
4477 2
4478 2
4479 2
4480 2
4481 2
4482 2
4483 2
4484 2
4485 2
4486 2
4487 2
4488 2
4489 2
4490 2
4491 2
4492 2
4493 2
4494 2
4495 2
4496 2
4497 2
4498 2
4499 2
4500 2
4501 2
4502 2
4503 2
4504 2
4505 2
4506 2
4507 2
4508 2
4509 2
4510 2
4511 2
4512 2
4513 2
4514 2
4515 2
4516 2
4517 2
4518 2
4519 2
4520 2
4521 2
4522 2
4523 2
4524 2
4525 2
4526 2
4527 2
4528 2
4529 2
4530 2
4531 2
4532 2
4533 2
4534 2
4535 2
4536 2
4537 2
4538 2
4539 2
4540 2
4541 2
4542 2
4543 2
4544 2
4545 2
4546 2
4547 2
4548 2
4549 2
4550 2
4551 2
4552 2
4553 2
4554 2
4555 2
4556 2
4557 2
4558 2
4559 2
4560 2
4561 2
4562 2
4563 2
4564 2
4565 2
4566 2
4567 2
4568 2
4569 2
4570 2
4571 2
4572 2
4573 2
4574 2
4575 2
4576 2
4577 2
4578 2
4579 2
4580 2
4581 2
4582 2
4583 2
4584 2
4585 2
4586 2
4587 2
4588 2
4589 2
4590 2
4591 2
4592 2
4593 2
4594 2
4595 2
4596 2
4597 2
4598 2
4599 2
4600 2
4601 2
4602 2
4603 2
4604 2
4605 2
4606 2
4607 2
4608 2
4609 2
4610 2
4611 2
4612 2
4613 2
4614 2
4615 2
4616 2
4617 2
4618 2
4619 2
4620 2
4621 2
4622 2
4623 2
4624 2
4625 2
4626 2
4627 2
4628 2
4629 2
4630 2
4631 2
4632 2
4633 2
4634 2
4635 2
4636 2
4637 2
4638 2
4639 2
4640 2
4641 2
4642 2
4643 2
4644 2
4645 2
4646 2
4647 2
4648 2
4649 2
4650 2
4651 2
4652 2
4653 2
4654 2
4655 2
4656 2
4657 2
4658 2
4659 2
4660 2
4661 2
4662 2
4663 2
4664 2
4665 2
4666 2
4667 2
4668 2
4669 2
4670 2
4671 2
4672 2
4673 2
4674 2
4675 2
4676 2
4677 2
4678 2
4679 2
4680 2
4681 2
4682 2
4683 2
4684 2
4685 2
4686 2
4687 2
4688 2
4689 2
4690 2
4691 2
4692 2
4693 2
4694 2
4695 2
4696 2
4697 2
4698 2
4699 2
4700 2
4701 2
4702 2
4703 2
4704 2
4705 2
4706 2
4707 2
4708 2
4709 2
4710 2
4711 2
4712 2
4713 2
4714 2
4715 2
4716 2
4717 2
4718 2
4719 2
4720 2
4721 2
4722 2
4723 2
4724 2
4725 2
4726 2
4727 2
4728 2
4729 2
4730 2
4731 2
4732 2
4733 2
4734 2
4735 2
4736 2
4737 2
4738 2
4739 2
4740 2
4741 2
4742 2
4743 2
4744 2
4745 2
4746 2
4747 2
4748 2
4749 2
4750 2
4751 2
4752 2
4753 2
4754 2
4755 2
4756 2
4757 2
4758 2
4759 2
4760 2
4761 2
4762 2
4763 2
4764 2
4765 2
4766 2
4767 2
4768 2
4769 2
4770 2
4771 2
4772 2
4773 2
4774 2
4775 2
4776 2
4777 2
4778 2
4779 2
4780 2
4781 2
4782 2
4783 2
4784 2
4785 2
4786 2
4787 2
4788 2
4789 2
4790 2
4791 2
4792 2
4793 2
4794 2
4795 2
4796 2
4797 2
4798 2
4799 2
4800 2
4801 2
4802 2
4803 2
4804 2
4805 2
4806 2
4807 2
4808 2
4809 2
4810 2
4811 2
4812 2
4813 2
4814 2
4815 2
4816 2
4817 2
4818 2
4819 2
4820 2
4821 2
4822 2
4823 2
4824 2
4825 2
4826 2
4827 2
4828 2
4829 2
4830 2
4831 2
4832 2
4833 2
4834 2
4835 2
4836 2
4837 2
4838 2
4839 2
4840 2
4841 2
4842 2
4843 2
4844 2
4845 2
4846 2
4847 2
4848 2
4849 2
4850 2
4851 2
4852 2
4853 2
4854 2
4855 2
4856 2
4857 2
4858 2
4859 2
4860 2
4861 2
4862 2
4863 2
4864 2
4865 2
4866 2
4867 2
4868 2
4869 2
4870 2
4871 2
4872 2
4873 2
4874 2
4875 2
4876 2
4877 2
4878 2
4879 2
4880 2
4881 2
4882 2
4883 2
4884 2
4885 2
4886 2
4887 2
4888 2
4889 2
4890 2
4891 2
4892 2
4893 2
4894 2
4895 2
4896 2
4897 2
4898 2
4899 2
4900 2
4901 2
4902 2
4903 2
4904 2
4905 2
4906 2
4907 2
4908 2
4909 2
4910 2
4911 2
4912 2
4913 2
4914 2
4915 2
4916 2
4917 2
4918 2
4919 2
4920 2
4921 2
4922 2
4923 2
4924 2
4925 2
4926 2
4927 2
4928 2
4929 2
4930 2
4931 2
4932 2
4933 2
4934 2
4935 2
4936 2
4937 2
4938 2
4939 2
4940 2
4941 2
4942 2
4943 2
4944 2
4945 2
4946 2
4947 2
4948 2
4949 2
4950 2
4951 2
4952 2
4953 2
4954 2
4955 2
4956 2
4957 2
4958 2
4959 2
4960 2
4961 2
4962 2
4963 2
4964 2
4965 2
4966 2
4967 2
4968 2
4969 2
4970 2
4971 2
4972 2
4973 2
4974 2
4975 2
4976 2
4977 2
4978 2
4979 2
4980 2
4981 2
4982 2
4983 2
4984 2
4985 2
4986 2
4987 2
4988 2
4989 2
4990 2
4991 2
4992 2
4993 2
4994 2
4995 2
4996 2
4997 2
4998 2
4999 2
5000 2
5001 2
5002 2
5003 2
5004 2
5005 2
5006 2
5007 2
5008 2
5009 2
5010 2
5011 2
5012 2
5013 2
5014 2
5015 2
5016 2
5017 2
5018 2
5019 2
5020 2
5021 2
5022 2
5023 2
5024 2
5025 2
5026 2
5027 2
5028 2
5029 2
5030 2
5031 2
5032 2
5033 2
5034 2
5035 2
5036 2
5037 2
5038 2
5039 2
5040 2
5041 2
5042 2
5043 2
5044 2
5045 2
5046 2
5047 2
5048 2
5049 2
5050 2
5051 2
5052 2
5053 2
5054 2
5055 2
5056 2
5057 2
5058 2
5059 2
5060 2
5061 2
5062 2
5063 2
5064 2
5065 2
5066 2
5067 2
5068 2
5069 2
5070 2
5071 2
5072 2
5073 2
5074 2
5075 2
5076 2
5077 2
5078 2
5079 2
5080 2
5081 2
5082 2
5083 2
5084 2
5085 2
5086 2
5087 2
5088 2
5089 2
5090 2
5091 2
5092 2
5093 2
5094 2
5095 2
5096 2
5097 2
5098 2
5099 2
5100 2
5101 2
5102 2
5103 2
5104 2
5105 2
5106 2
5107 2
5108 2
5109 2
5110 2
5111 2
5112 2
5113 2
5114 2
5115 2
5116 2
5117 2
5118 2
5119 2
5120 2
5121 2
5122 2
5123 2
5124 2
5125 2
5126 2
5127 2
5128 2
5129 2
5130 2
5131 2
5132 2
5133 2
5134 2
5135 2
5136 2
5137 2
5138 2
5139 2
5140 2
5141 2
5142 2
5143 2
5144 2
5145 2
5146 2
5147 2
5148 2
5149 2
5150 2
5151 2
5152 2
5153 2
5154 2
5155 2
5156 2
5157 2
5158 2
5159 2
5160 2
5161 2
5162 2
5163 2
5164 2
5165 2
5166 2
5167 2
5168 2
5169 2
5170 2
5171 2
5172 2
5173 2
5174 2
5175 2
5176 2
5177 2
5178 2
5179 2
5180 2
5181 2
5182 2
5183 2
5184 2
5185 2
5186 2
5187 2
5188 2
5189 2
5190 2
5191 2
5192 2
5193 2
5194 2
5195 2
5196 2
5197 2
5198 2
5199 2
5200 2
5201 2
5202 2
5203 2
5204 2
5205 2
5206 2
5207 2
5208 2
5209 2
5210 2
5211 2
5212 2
5213 2
5214 2
5215 2
5216 2
5217 2
5218 2
5219 2
5220 2
5221 2
5222 2
5223 2
5224 2
5225 2
5226 2
5227 2
5228 2
5229 2
5230 2
5231 2
5232 2
5233 2
5234 2
5235 2
5236 2
5237 2
5238 2
5239 2
5240 2
5241 2
5242 2
5243 2
5244 2
5245 2
5246 2
5247 2
5248 2
5249 2
5250 2
5251 2
5252 2
5253 2
5254 2
5255 2
5256 2
5257 2
5258 2
5259 2
5260 2
5261 2
5262 2
5263 2
5264 2
5265 2
5266 2
5267 2
5268 2
5269 2
5270 2
5271 2
5272 2
5273 2
5274 2
5275 2
5276 2
5277 2
5278 2
5279 2
5280 2
5281 2
5282 2
5283 2
5284 2
5285 2
5286 2
5287 2
5288 2
5289 2
5290 2
5291 2
5292 2
5293 2
5294 2
5295 2
5296 2
5297 2
5298 2
5299 2
5300 2
5301 2
5302 2
5303 2
5304 2
5305 2
5306 2
5307 2
5308 2
5309 2
5310 2
5311 2
5312 2
5313 2
5314 2
5315 2
5316 2
5317 2
5318 2
5319 2
5320 2
5321 2
5322 2
5323 2
5324 2
5325 2
5326 2
5327 2
5328 2
5329 2
5330 2
5331 2
5332 2
5333 2
5334 2
5335 2
5336 2
5337 2
5338 2
5339 2
5340 2
5341 2
5342 2
5343 2
5344 2
5345 2
5346 2
5347 2
5348 2
5349 2
5350 2
5351 2
5352 2
5353 2
5354 2
5355 2
5356 2
5357 2
5358 2
5359 2
5360 2
5361 2
5362 2
5363 2
5364 2
5365 2
5366 2
5367 2
5368 2
5369 2
5370 2
5371 2
5372 2
5373 2
5374 2
5375 2
5376 2
5377 2
5378 2
5379 2
5380 2
5381 2
5382 2
5383 2
5384 2
5385 2
5386 2
5387 2
5388 2
5389 2
5390 2
5391 2
5392 2
5393 2
5394 2
5395 2
5396 2
5397 2
5398 2
5399 2
5400 2
5401 2
5402 2
5403 2
5404 2
5405 2
5406 2
5407 2
5408 2
5409 2
5410 2
5411 2
5412 2
5413 2
5414 2
5415 2
5416 2
5417 2
5418 2
5419 2
5420 2
5421 2
5422 2
5423 2
5424 2
5425 2
5426 2
5427 2
5428 2
5429 2
5430 2
5431 2
5432 2
5433 2
5434 2
5435 2
5436 2
5437 2
5438 2
5439 2
5440 2
5441 2
5442 2
5443 2
5444 2
5445 2
5446 2
5447 2
5448 2
5449 2
5450 2
5451 2
5452 2
5453 2
5454 2
5455 2
5456 2
5457 2
5458 2
5459 2
5460 2
5461 2
5462 2
5463 2
5464 2
5465 2
5466 2
5467 2
5468 2
5469 2
5470 2
5471 2
5472 2
5473 2
5474 2
5475 2
5476 2
5477 2
5478 2
5479 2
5480 2
5481 2
5482 2
5483 2
5484 2
5485 2
5486 2
5487 2
5488 2
5489 2
5490 2
5491 2
5492 2
5493 2
5494 2
5495 2
5496 2
5497 2
5498 2
5499 2
5500 2
5501 2
5502 2
5503 2
5504 2
5505 2
5506 2
5507 2
5508 2
5509 2
5510 2
5511 2
5512 2
5513 2
5514 2
5515 2
5516 2
5517 2
5518 2
5519 2
5520 2
5521 2
5522 2
5523 2
5524 2
5525 2
5526 2
5527 2
5528 2
5529 2
5530 2
5531 2
5532 2
5533 2
5534 2
5535 2
5536 2
5537 2
5538 2
5539 2
5540 2
5541 2
5542 2
5543 2
5544 2
5545 2
5546 2
5547 2
5548 2
5549 2
5550 2
5551 2
5552 2
5553 2
5554 2
5555 2
5556 2
5557 2
5558 2
5559 2
5560 2
5561 2
5562 2
5563 2
5564 2
5565 2
5566 2
5567 2
5568 2
5569 2
5570 2
5571 2
5572 2
5573 2
5574 2
5575 2
5576 2
5577 2
5578 2
5579 2
5580 2
5581 2
5582 2
5583 2
5584 2
5585 2
5586 2
5587 2
5588 2
5589 2
5590 2
5591 2
5592 2
5593 2
5594 2
5595 2
5596 2
5597 2
5598 2
5599 2
5600 2
5601 2
5602 2
5603 2
5604 2
5605 2
5606 2
5607 2
5608 2
5609 2
5610 2
5611 2
5612 2
5613 2
5614 2
5615 2
5616 2
5617 2
5618 2
5619 2
5620 2
5621 2
5622 2
5623 2
5624 2
5625 2
5626 2
5627 2
5628 2
5629 2
5630 2
5631 2
5632 2
5633 2
5634 2
5635 2
5636 2
5637 2
5638 2
5639 2
5640 2
5641 2
5642 2
5643 2
5644 2
5645 2
5646 2
5647 2
5648 2
5649 2
5650 2
5651 2
5652 2
5653 2
5654 2
5655 2
5656 2
5657 2
5658 2
5659 2
5660 2
5661 2
5662 2
5663 2
5664 2
5665 2
5666 2
5667 2
5668 2
5669 2
5670 2
5671 2
5672 2
5673 2
5674 2
5675 2
5676 2
5677 2
5678 2
5679 2
5680 2
5681 2
5682 2
5683 2
5684 2
5685 2
5686 2
5687 2
5688 2
5689 2
5690 2
5691 2
5692 2
5693 2
5694 2
5695 2
5696 2
5697 2
5698 2
5699 2
5700 2
5701 2
5702 2
5703 2
5704 2
5705 2
5706 2
5707 2
5708 2
5709 2
5710 2
5711 2
5712 2
5713 2
5714 2
5715 2
5716 2
5717 2
5718 2
5719 2
5720 2
5721 2
5722 2
5723 2
5724 2
5725 2
5726 2
5727 2
5728 2
5729 2
5730 2
5731 2
5732 2
5733 2
5734 2
5735 2
5736 2
5737 2
5738 2
5739 2
5740 2
5741 2
5742 2
5743 2
5744 2
5745 2
5746 2
5747 2
5748 2
5749 2
5750 2
5751 2
5752 2
5753 2
5754 2
5755 2
5756 2
5757 2
5758 2
5759 2
5760 2
5761 2
5762 2
5763 2
5764 2
5765 2
5766 2
5767 2
5768 2
5769 2
5770 2
5771 2
5772 2
5773 2
5774 2
5775 2
5776 2
5777 2
5778 2
5779 2
5780 2
5781 2
5782 2
5783 2
5784 2
5785 2
5786 2
5787 2
5788 2
5789 2
5790 2
5791 2
5792 2
5793 2
5794 2
5795 2
5796 2
5797 2
5798 2
5799 2
5800 2
5801 2
5802 2
5803 2
5804 2
5805 2
5806 2
5807 2
5808 2
5809 2
5810 2
5811 2
5812 2
5813 2
5814 2
5815 2
5816 2
5817 2
5818 2
5819 2
5820 2
5821 2
5822 2
5823 2
5824 2
5825 2
5826 2
5827 2
5828 2
5829 2
5830 2
5831 2
5832 2
5833 2
5834 2
5835 2
5836 2
5837 2
5838 2
5839 2
5840 2
5841 2
5842 2
5843 2
5844 2
5845 2
5846 2
5847 2
5848 2
5849 2
5850 2
5851 2
5852 2
5853 2
5854 2
5855 2
5856 2
5857 2
5858 2
5859 2
5860 2
5861 2
5862 2
5863 2
5864 2
5865 2
5866 2
5867 2
5868 2
5869 2
5870 2
5871 2
5872 2
5873 2
5874 2
5875 2
5876 2
5877 2
5878 2
5879 2
5880 2
5881 2
5882 2
5883 2
5884 2
5885 2
5886 2
5887 2
5888 2
5889 2
5890 2
5891 2
5892 2
5893 2
5894 2
5895 2
5896 2
5897 2
5898 2
5899 2
5900 2
5901 2
5902 2
5903 2
5904 2
5905 2
5906 2
5907 2
5908 2
5909 2
5910 2
5911 2
5912 2
5913 2
5914 2
5915 2
5916 2
5917 2
5918 2
5919 2
5920 2
5921 2
5922 2
5923 2
5924 2
5925 2
5926 2
5927 2
5928 2
5929 2
5930 2
5931 2
5932 2
5933 2
5934 2
5935 2
5936 2
5937 2
5938 2
5939 2
5940 2
5941 2
5942 2
5943 2
5944 2
5945 2
5946 2
5947 2
5948 2
5949 2
5950 2
5951 2
5952 2
5953 2
5954 2
5955 2
5956 2
5957 2
5958 2
5959 2
5960 2
5961 2
5962 2
5963 2
5964 2
5965 2
5966 2
5967 2
5968 2
5969 2
5970 2
5971 2
5972 2
5973 2
5974 2
5975 2
5976 2
5977 2
5978 2
5979 2
5980 2
5981 2
5982 2
5983 2
5984 2
5985 2
5986 2
5987 2
5988 2
5989 2
5990 2
5991 2
5992 2
5993 2
5994 2
5995 2
5996 2
5997 2
5998 2
5999 2
6000 2
6001 2
6002 2
6003 2
6004 2
6005 2
6006 2
6007 2
6008 2
6009 2
6010 2
6011 2
6012 2
6013 2
6014 2
6015 2
6016 2
6017 2
6018 2
6019 2
6020 2
6021 2
6022 2
6023 2
6024 2
6025 2
6026 2
6027 2
6028 2
6029 2
6030 2
6031 2
6032 2
6033 2
6034 2
6035 2
6036 2
6037 2
6038 2
6039 2
6040 2
6041 2
6042 2
6043 2
6044 2
6045 2
6046 2
6047 2
6048 2
6049 2
6050 2
6051 2
6052 2
6053 2
6054 2
6055 2
6056 2
6057 2
6058 2
6059 2
6060 2
6061 2
6062 2
6063 2
6064 2
6065 2
6066 2
6067 2
6068 2
6069 2
6070 2
6071 2
6072 2
6073 2
6074 2
6075 2
6076 2
6077 2
6078 2
6079 2
6080 2
6081 2
6082 2
6083 2
6084 2
6085 2
6086 2
6087 2
6088 2
6089 2
6090 2
6091 2
6092 2
6093 2
6094 2
6095 2
6096 2
6097 2
6098 2
6099 2
6100 2
6101 2
6102 2
6103 2
6104 2
6105 2
6106 2
6107 2
6108 2
6109 2
6110 2
6111 2
6112 2
6113 2
6114 2
6115 2
6116 2
6117 2
6118 2
6119 2
6120 2
6121 2
6122 2
6123 2
6124 2
6125 2
6126 2
6127 2
6128 2
6129 2
6130 2
6131 2
6132 2
6133 2
6134 2
6135 2
6136 2
6137 2
6138 2
6139 2
6140 2
6141 2
6142 2
6143 2
6144 2
6145 2
6146 2
6147 2
6148 2
6149 2
6150 2
6151 2
6152 2
6153 2
6154 2
6155 2
6156 2
6157 2
6158 2
6159 2
6160 2
6161 2
6162 2
6163 2
6164 2
6165 2
6166 2
6167 2
6168 2
6169 2
6170 2
6171 2
6172 2
6173 2
6174 2
6175 2
6176 2
6177 2
6178 2
6179 2
6180 2
6181 2
6182 2
6183 2
6184 2
6185 2
6186 2
6187 2
6188 2
6189 2
6190 2
6191 2
6192 2
6193 2
6194 2
6195 2
6196 2
6197 2
6198 2
6199 2
6200 2
6201 2
6202 2
6203 2
6204 2
6205 2
6206 2
6207 2
6208 2
6209 2
6210 2
6211 2
6212 2
6213 2
6214 2
6215 2
6216 2
6217 2
6218 2
6219 2
6220 2
6221 2
6222 2
6223 2
6224 2
6225 2
6226 2
6227 2
6228 2
6229 2
6230 2
6231 2
6232 2
6233 2
6234 2
6235 2
6236 2
6237 2
6238 2
6239 2
6240 2
6241 2
6242 2
6243 2
6244 2
6245 2
6246 2
6247 2
6248 2
6249 2
6250 2
6251 2
6252 2
6253 2
6254 2
6255 2
6256 2
6257 2
6258 2
6259 2
6260 2
6261 2
6262 2
6263 2
6264 2
6265 2
6266 2
6267 2
6268 2
6269 2
6270 2
6271 2
6272 2
6273 2
6274 2
6275 2
6276 2
6277 2
6278 2
6279 2
6280 2
6281 2
6282 2
6283 2
6284 2
6285 2
6286 2
6287 2
6288 2
6289 2
6290 2
6291 2
6292 2
6293 2
6294 2
6295 2
6296 2
6297 2
6298 2
6299 2
6300 2
6301 2
6302 2
6303 2
6304 2
6305 2
6306 2
6307 2
6308 2
6309 2
6310 2
6311 2
6312 2
6313 2
6314 2
6315 2
6316 2
6317 2
6318 2
6319 2
6320 2
6321 2
6322 2
6323 2
6324 2
6325 2
6326 2
6327 2
6328 2
6329 2
6330 2
6331 2
6332 2
6333 2
6334 2
6335 2
6336 2
6337 2
6338 2
6339 2
6340 2
6341 2
6342 2
6343 2
6344 2
6345 2
6346 2
6347 2
6348 2
6349 2
6350 2
6351 2
6352 2
6353 2
6354 2
6355 2
6356 2
6357 2
6358 2
6359 2
6360 2
6361 2
6362 2
6363 2
6364 2
6365 2
6366 2
6367 2
6368 2
6369 2
6370 2
6371 2
6372 2
6373 2
6374 2
6375 2
6376 2
6377 2
6378 2
6379 2
6380 2
6381 2
6382 2
6383 2
6384 2
6385 2
6386 2
6387 2
6388 2
6389 2
6390 2
6391 2
6392 2
6393 2
6394 2
6395 2
6396 2
6397 2
6398 2
6399 2
6400 2
6401 2
6402 2
6403 2
6404 2
6405 2
6406 2
6407 2
6408 2
6409 2
6410 2
6411 2
6412 2
6413 2
6414 2
6415 2
6416 2
6417 2
6418 2
6419 2
6420 2
6421 2
6422 2
6423 2
6424 2
6425 2
6426 2
6427 2
6428 2
6429 2
6430 2
6431 2
6432 2
6433 2
6434 2
6435 2
6436 2
6437 2
6438 2
6439 2
6440 2
6441 2
6442 2
6443 2
6444 2
6445 2
6446 2
6447 2
6448 2
6449 2
6450 2
6451 2
6452 2
6453 2
6454 2
6455 2
6456 2
6457 2
6458 2
6459 2
6460 2
6461 2
6462 2
6463 2
6464 2
6465 2
6466 2
6467 2
6468 2
6469 2
6470 2
6471 2
6472 2
6473 2
6474 2
6475 2
6476 2
6477 2
6478 2
6479 2
6480 2
6481 2
6482 2
6483 2
6484 2
6485 2
6486 2
6487 2
6488 2
6489 2
6490 2
6491 2
6492 2
6493 2
6494 2
6495 2
6496 2
6497 2
6498 2
6499 2
6500 2
6501 2
6502 2
6503 2
6504 2
6505 2
6506 2
6507 2
6508 2
6509 2
6510 2
6511 2
6512 2
6513 2
6514 2
6515 2
6516 2
6517 2
6518 2
6519 2
6520 2
6521 2
6522 2
6523 2
6524 2
6525 2
6526 2
6527 2
6528 2
6529 2
6530 2
6531 2
6532 2
6533 2
6534 2
6535 2
6536 2
6537 2
6538 2
6539 2
6540 2
6541 2
6542 2
6543 2
6544 2
6545 2
6546 2
6547 2
6548 2
6549 2
6550 2
6551 2
6552 2
6553 2
6554 2
6555 2
6556 2
6557 2
6558 2
6559 2
6560 2
6561 2
6562 2
6563 2
6564 2
6565 2
6566 2
6567 2
6568 2
6569 2
6570 2
6571 2
6572 2
6573 2
6574 2
6575 2
6576 2
6577 2
6578 2
6579 2
6580 2
6581 2
6582 2
6583 2
6584 2
6585 2
6586 2
6587 2
6588 2
6589 2
6590 2
6591 2
6592 2
6593 2
6594 2
6595 2
6596 2
6597 2
6598 2
6599 2
6600 2
6601 2
6602 2
6603 2
6604 2
6605 2
6606 2
6607 2
6608 2
6609 2
6610 2
6611 2
6612 2
6613 2
6614 2
6615 2
6616 2
6617 2
6618 2
6619 2
6620 2
6621 2
6622 2
6623 2
6624 2
6625 2
6626 2
6627 2
6628 2
6629 2
6630 2
6631 2
6632 2
6633 2
6634 2
6635 2
6636 2
6637 2
6638 2
6639 2
6640 2
6641 2
6642 2
6643 2
6644 2
6645 2
6646 2
6647 2
6648 2
6649 2
6650 2
6651 2
6652 2
6653 2
6654 2
6655 2
6656 2
6657 2
6658 2
6659 2
6660 2
6661 2
6662 2
6663 2
6664 2
6665 2
6666 2
6667 2
6668 2
6669 2
6670 2
6671 2
6672 2
6673 2
6674 2
6675 2
6676 2
6677 2
6678 2
6679 2
6680 2
6681 2
6682 2
6683 2
6684 2
6685 2
6686 2
6687 2
6688 2
6689 2
6690 2
6691 2
6692 2
6693 2
6694 2
6695 2
6696 2
6697 2
6698 2
6699 2
6700 2
6701 2
6702 2
6703 2
6704 2
6705 2
6706 2
6707 2
6708 2
6709 2
6710 2
6711 2
6712 2
6713 2
6714 2
6715 2
6716 2
6717 2
6718 2
6719 2
6720 2
6721 2
6722 2
6723 2
6724 2
6725 2
6726 2
6727 2
6728 2
6729 2
6730 2
6731 2
6732 2
6733 2
6734 2
6735 2
6736 2
6737 2
6738 2
6739 2
6740 2
6741 2
6742 2
6743 2
6744 2
6745 2
6746 2
6747 2
6748 2
6749 2
6750 2
6751 2
6752 2
6753 2
6754 2
6755 2
6756 2
6757 2
6758 2
6759 2
6760 2
6761 2
6762 2
6763 2
6764 2
6765 2
6766 2
6767 2
6768 2
6769 2
6770 2
6771 2
6772 2
6773 2
6774 2
6775 2
6776 2
6777 2
6778 2
6779 2
6780 2
6781 2
6782 2
6783 2
6784 2
6785 2
6786 2
6787 2
6788 2
6789 2
6790 2
6791 2
6792 2
6793 2
6794 2
6795 2
6796 2
6797 2
6798 2
6799 2
6800 2
6801 2
6802 2
6803 2
6804 2
6805 2
6806 2
6807 2
6808 2
6809 2
6810 2
6811 2
6812 2
6813 2
6814 2
6815 2
6816 2
6817 2
6818 2
6819 2
6820 2
6821 2
6822 2
6823 2
6824 2
6825 2
6826 2
6827 2
6828 2
6829 2
6830 2
6831 2
6832 2
6833 2
6834 2
6835 2
6836 2
6837 2
6838 2
6839 2
6840 2
6841 2
6842 2
6843 2
6844 2
6845 2
6846 2
6847 2
6848 2
6849 2
6850 2
6851 2
6852 2
6853 2
6854 2
6855 2
6856 2
6857 2
6858 2
6859 2
6860 2
6861 2
6862 2
6863 2
6864 2
6865 2
6866 2
6867 2
6868 2
6869 2
6870 2
6871 2
6872 2
6873 2
6874 2
6875 2
6876 2
6877 2
6878 2
6879 2
6880 2
6881 2
6882 2
6883 2
6884 2
6885 2
6886 2
6887 2
6888 2
6889 2
6890 2
6891 2
6892 2
6893 2
6894 2
6895 2
6896 2
6897 2
6898 2
6899 2
6900 2
6901 2
6902 2
6903 2
6904 2
6905 2
6906 2
6907 2
6908 2
6909 2
6910 2
6911 2
6912 2
6913 2
6914 2
6915 2
6916 2
6917 2
6918 2
6919 2
6920 2
6921 2
6922 2
6923 2
6924 2
6925 2
6926 2
6927 2
6928 2
6929 2
6930 2
6931 2
6932 2
6933 2
6934 2
6935 2
6936 2
6937 2
6938 2
6939 2
6940 2
6941 2
6942 2
6943 2
6944 2
6945 2
6946 2
6947 2
6948 2
6949 2
6950 2
6951 2
6952 2
6953 2
6954 2
6955 2
6956 2
6957 2
6958 2
6959 2
6960 2
6961 2
6962 2
6963 2
6964 2
6965 2
6966 2
6967 2
6968 2
6969 2
6970 2
6971 2
6972 2
6973 2
6974 2
6975 2
6976 2
6977 2
6978 2
6979 2
6980 2
6981 2
6982 2
6983 2
6984 2
6985 2
6986 2
6987 2
6988 2
6989 2
6990 2
6991 2
6992 2
6993 2
6994 2
6995 2
6996 2
6997 2
6998 2
6999 2
7000 2
7001 2
7002 2
7003 2
7004 2
7005 2
7006 2
7007 2
7008 2
7009 2
7010 2
7011 2
7012 2
7013 2
7014 2
7015 2
7016 2
7017 2
7018 2
7019 2
7020 2
7021 2
7022 2
7023 2
7024 2
7025 2
7026 2
7027 2
7028 2
7029 2
7030 2
7031 2
7032 2
7033 2
7034 2
7035 2
7036 2
7037 2
7038 2
7039 2
7040 2
7041 2
7042 2
7043 2
7044 2
7045 2
7046 2
7047 2
7048 2
7049 2
7050 2
7051 2
7052 2
7053 2
7054 2
7055 2
7056 2
7057 2
7058 2
7059 2
7060 2
7061 2
7062 2
7063 2
7064 2
7065 2
7066 2
7067 2
7068 2
7069 2
7070 2
7071 2
7072 2
7073 2
7074 2
7075 2
7076 2
7077 2
7078 2
7079 2
7080 2
7081 2
7082 2
7083 2
7084 2
7085 2
7086 2
7087 2
7088 2
7089 2
7090 2
7091 2
7092 2
7093 2
7094 2
7095 2
7096 2
7097 2
7098 2
7099 2
7100 2
7101 2
7102 2
7103 2
7104 2
7105 2
7106 2
7107 2
7108 2
7109 2
7110 2
7111 2
7112 2
7113 2
7114 2
7115 2
7116 2
7117 2
7118 2
7119 2
7120 2
7121 2
7122 2
7123 2
7124 2
7125 2
7126 2
7127 2
7128 2
7129 2
7130 2
7131 2
7132 2
7133 2
7134 2
7135 2
7136 2
7137 2
7138 2
7139 2
7140 2
7141 2
7142 2
7143 2
7144 2
7145 2
7146 2
7147 2
7148 2
7149 2
7150 2
7151 2
7152 2
7153 2
7154 2
7155 2
7156 2
7157 2
7158 2
7159 2
7160 2
7161 2
7162 2
7163 2
7164 2
7165 2
7166 2
7167 2
7168 2
7169 2
7170 2
7171 2
7172 2
7173 2
7174 2
7175 2
7176 2
7177 2
7178 2
7179 2
7180 2
7181 2
7182 2
7183 2
7184 2
7185 2
7186 2
7187 2
7188 2
7189 2
7190 2
7191 2
7192 2
7193 2
7194 2
7195 2
7196 2
7197 2
7198 2
7199 2
7200 2
7201 2
7202 2
7203 2
7204 2
7205 2
7206 2
7207 2
7208 2
7209 2
7210 2
7211 2
7212 2
7213 2
7214 2
7215 2
7216 2
7217 2
7218 2
7219 2
7220 2
7221 2
7222 2
7223 2
7224 2
7225 2
7226 2
7227 2
7228 2
7229 2
7230 2
7231 2
7232 2
7233 2
7234 2
7235 2
7236 2
7237 2
7238 2
7239 2
7240 2
7241 2
7242 2
7243 2
7244 2
7245 2
7246 2
7247 2
7248 2
7249 2
7250 2
7251 2
7252 2
7253 2
7254 2
7255 2
7256 2
7257 2
7258 2
7259 2
7260 2
7261 2
7262 2
7263 2
7264 2
7265 2
7266 2
7267 2
7268 2
7269 2
7270 2
7271 2
7272 2
7273 2
7274 2
7275 2
7276 2
7277 2
7278 2
7279 2
7280 2
7281 2
7282 2
7283 2
7284 2
7285 2
7286 2
7287 2
7288 2
7289 2
7290 2
7291 2
7292 2
7293 2
7294 2
7295 2
7296 2
7297 2
7298 2
7299 2
7300 2
7301 2
7302 2
7303 2
7304 2
7305 2
7306 2
7307 2
7308 2
7309 2
7310 2
7311 2
7312 2
7313 2
7314 2
7315 2
7316 2
7317 2
7318 2
7319 2
7320 2
7321 2
7322 2
7323 2
7324 2
7325 2
7326 2
7327 2
7328 2
7329 2
7330 2
7331 2
7332 2
7333 2
7334 2
7335 2
7336 2
7337 2
7338 2
7339 2
7340 2
7341 2
7342 2
7343 2
7344 2
7345 2
7346 2
7347 2
7348 2
7349 2
7350 2
7351 2
7352 2
7353 2
7354 2
7355 2
7356 2
7357 2
7358 2
7359 2
7360 2
7361 2
7362 2
7363 2
7364 2
7365 2
7366 2
7367 2
7368 2
7369 2
7370 2
7371 2
7372 2
7373 2
7374 2
7375 2
7376 2
7377 2
7378 2
7379 2
7380 2
7381 2
7382 2
7383 2
7384 2
7385 2
7386 2
7387 2
7388 2
7389 2
7390 2
7391 2
7392 2
7393 2
7394 2
7395 2
7396 2
7397 2
7398 2
7399 2
7400 2
7401 2
7402 2
7403 2
7404 2
7405 2
7406 2
7407 2
7408 2
7409 2
7410 2
7411 2
7412 2
7413 2
7414 2
7415 2
7416 2
7417 2
7418 2
7419 2
7420 2
7421 2
7422 2
7423 2
7424 2
7425 2
7426 2
7427 2
7428 2
7429 2
7430 2
7431 2
7432 2
7433 2
7434 2
7435 2
7436 2
7437 2
7438 2
7439 2
7440 2
7441 2
7442 2
7443 2
7444 2
7445 2
7446 2
7447 2
7448 2
7449 2
7450 2
7451 2
7452 2
7453 2
7454 2
7455 2
7456 2
7457 2
7458 2
7459 2
7460 2
7461 2
7462 2
7463 2
7464 2
7465 2
7466 2
7467 2
7468 2
7469 2
7470 2
7471 2
7472 2
7473 2
7474 2
7475 2
7476 2
7477 2
7478 2
7479 2
7480 2
7481 2
7482 2
7483 2
7484 2
7485 2
7486 2
7487 2
7488 2
7489 2
7490 2
7491 2
7492 2
7493 2
7494 2
7495 2
7496 2
7497 2
7498 2
7499 2
7500 2
7501 2
7502 2
7503 2
7504 2
7505 2
7506 2
7507 2
7508 2
7509 2
7510 2
7511 2
7512 2
7513 2
7514 2
7515 2
7516 2
7517 2
7518 2
7519 2
7520 2
7521 2
7522 2
7523 2
7524 2
7525 2
7526 2
7527 2
7528 2
7529 2
7530 2
7531 2
7532 2
7533 2
7534 2
7535 2
7536 2
7537 2
7538 2
7539 2
7540 2
7541 2
7542 2
7543 2
7544 2
7545 2
7546 2
7547 2
7548 2
7549 2
7550 2
7551 2
7552 2
7553 2
7554 2
7555 2
7556 2
7557 2
7558 2
7559 2
7560 2
7561 2
7562 2
7563 2
7564 2
7565 2
7566 2
7567 2
7568 2
7569 2
7570 2
7571 2
7572 2
7573 2
7574 2
7575 2
7576 2
7577 2
7578 2
7579 2
7580 2
7581 2
7582 2
7583 2
7584 2
7585 2
7586 2
7587 2
7588 2
7589 2
7590 2
7591 2
7592 2
7593 2
7594 2
7595 2
7596 2
7597 2
7598 2
7599 2
7600 2
7601 2
7602 2
7603 2
7604 2
7605 2
7606 2
7607 2
7608 2
7609 2
7610 2
7611 2
7612 2
7613 2
7614 2
7615 2
7616 2
7617 2
7618 2
7619 2
7620 2
7621 2
7622 2
7623 2
7624 2
7625 2
7626 2
7627 2
7628 2
7629 2
7630 2
7631 2
7632 2
7633 2
7634 2
7635 2
7636 2
7637 2
7638 2
7639 2
7640 2
7641 2
7642 2
7643 2
7644 2
7645 2
7646 2
7647 2
7648 2
7649 2
7650 2
7651 2
7652 2
7653 2
7654 2
7655 2
7656 2
7657 2
7658 2
7659 2
7660 2
7661 2
7662 2
7663 2
7664 2
7665 2
7666 2
7667 2
7668 2
7669 2
7670 2
7671 2
7672 2
7673 2
7674 2
7675 2
7676 2
7677 2
7678 2
7679 2
7680 2
7681 2
7682 2
7683 2
7684 2
7685 2
7686 2
7687 2
7688 2
7689 2
7690 2
7691 2
7692 2
7693 2
7694 2
7695 2
7696 2
7697 2
7698 2
7699 2
7700 2
7701 2
7702 2
7703 2
7704 2
7705 2
7706 2
7707 2
7708 2
7709 2
7710 2
7711 2
7712 2
7713 2
7714 2
7715 2
7716 2
7717 2
7718 2
7719 2
7720 2
7721 2
7722 2
7723 2
7724 2
7725 2
7726 2
7727 2
7728 2
7729 2
7730 2
7731 2
7732 2
7733 2
7734 2
7735 2
7736 2
7737 2
7738 2
7739 2
7740 2
7741 2
7742 2
7743 2
7744 2
7745 2
7746 2
7747 2
7748 2
7749 2
7750 2
7751 2
7752 2
7753 2
7754 2
7755 2
7756 2
7757 2
7758 2
7759 2
7760 2
7761 2
7762 2
7763 2
7764 2
7765 2
7766 2
7767 2
7768 2
7769 2
7770 2
7771 2
7772 2
7773 2
7774 2
7775 2
7776 2
7777 2
7778 2
7779 2
7780 2
7781 2
7782 2
7783 2
7784 2
7785 2
7786 2
7787 2
7788 2
7789 2
7790 2
7791 2
7792 2
7793 2
7794 2
7795 2
7796 2
7797 2
7798 2
7799 2
7800 2
7801 2
7802 2
7803 2
7804 2
7805 2
7806 2
7807 2
7808 2
7809 2
7810 2
7811 2
7812 2
7813 2
7814 2
7815 2
7816 2
7817 2
7818 2
7819 2
7820 2
7821 2
7822 2
7823 2
7824 2
7825 2
7826 2
7827 2
7828 2
7829 2
7830 2
7831 2
7832 2
7833 2
7834 2
7835 2
7836 2
7837 2
7838 2
7839 2
7840 2
7841 2
7842 2
7843 2
7844 2
7845 2
7846 2
7847 2
7848 2
7849 2
7850 2
7851 2
7852 2
7853 2
7854 2
7855 2
7856 2
7857 2
7858 2
7859 2
7860 2
7861 2
7862 2
7863 2
7864 2
7865 2
7866 2
7867 2
7868 2
7869 2
7870 2
7871 2
7872 2
7873 2
7874 2
7875 2
7876 2
7877 2
7878 2
7879 2
7880 2
7881 2
7882 2
7883 2
7884 2
7885 2
7886 2
7887 2
7888 2
7889 2
7890 2
7891 2
7892 2
7893 2
7894 2
7895 2
7896 2
7897 2
7898 2
7899 2
7900 2
7901 2
7902 2
7903 2
7904 2
7905 2
7906 2
7907 2
7908 2
7909 2
7910 2
7911 2
7912 2
7913 2
7914 2
7915 2
7916 2
7917 2
7918 2
7919 2
7920 2
7921 2
7922 2
7923 2
7924 2
7925 2
7926 2
7927 2
7928 2
7929 2
7930 2
7931 2
7932 2
7933 2
7934 2
7935 2
7936 2
7937 2
7938 2
7939 2
7940 2
7941 2
7942 2
7943 2
7944 2
7945 2
7946 2
7947 2
7948 2
7949 2
7950 2
7951 2
7952 2
7953 2
7954 2
7955 2
7956 2
7957 2
7958 2
7959 2
7960 2
7961 2
7962 2
7963 2
7964 2
7965 2
7966 2
7967 2
7968 2
7969 2
7970 2
7971 2
7972 2
7973 2
7974 2
7975 2
7976 2
7977 2
7978 2
7979 2
7980 2
7981 2
7982 2
7983 2
7984 2
7985 2
7986 2
7987 2
7988 2
7989 2
7990 2
7991 2
7992 2
7993 2
7994 2
7995 2
7996 2
7997 2
7998 2
7999 2
8000 2
8001 2
8002 2
8003 2
8004 2
8005 2
8006 2
8007 2
8008 2
8009 2
8010 2
8011 2
8012 2
8013 2
8014 2
8015 2
8016 2
8017 2
8018 2
8019 2
8020 2
8021 2
8022 2
8023 2
8024 2
8025 2
8026 2
8027 2
8028 2
8029 2
8030 2
8031 2
8032 2
8033 2
8034 2
8035 2
8036 2
8037 2
8038 2
8039 2
8040 2
8041 2
8042 2
8043 2
8044 2
8045 2
8046 2
8047 2
8048 2
8049 2
8050 2
8051 2
8052 2
8053 2
8054 2
8055 2
8056 2
8057 2
8058 2
8059 2
8060 2
8061 2
8062 2
8063 2
8064 2
8065 2
8066 2
8067 2
8068 2
8069 2
8070 2
8071 2
8072 2
8073 2
8074 2
8075 2
8076 2
8077 2
8078 2
8079 2
8080 2
8081 2
8082 2
8083 2
8084 2
8085 2
8086 2
8087 2
8088 2
8089 2
8090 2
8091 2
8092 2
8093 2
8094 2
8095 2
8096 2
8097 2
8098 2
8099 2
8100 2
8101 2
8102 2
8103 2
8104 2
8105 2
8106 2
8107 2
8108 2
8109 2
8110 2
8111 2
8112 2
8113 2
8114 2
8115 2
8116 2
8117 2
8118 2
8119 2
8120 2
8121 2
8122 2
8123 2
8124 2
8125 2
8126 2
8127 2
8128 2
8129 2
8130 2
8131 2
8132 2
8133 2
8134 2
8135 2
8136 2
8137 2
8138 2
8139 2
8140 2
8141 2
8142 2
8143 2
8144 2
8145 2
8146 2
8147 2
8148 2
8149 2
8150 2
8151 2
8152 2
8153 2
8154 2
8155 2
8156 2
8157 2
8158 2
8159 2
8160 2
8161 2
8162 2
8163 2
8164 2
8165 2
8166 2
8167 2
8168 2
8169 2
8170 2
8171 2
8172 2
8173 2
8174 2
8175 2
8176 2
8177 2
8178 2
8179 2
8180 2
8181 2
8182 2
8183 2
8184 2
8185 2
8186 2
8187 2
8188 2
8189 2
8190 2
8191 2
8192 2
8193 2
8194 2
8195 2
8196 2
8197 2
8198 2
8199 2
8200 2
8201 2
8202 2
8203 2
8204 2
8205 2
8206 2
8207 2
8208 2
8209 2
8210 2
8211 2
8212 2
8213 2
8214 2
8215 2
8216 2
8217 2
8218 2
8219 2
8220 2
8221 2
8222 2
8223 2
8224 2
8225 2
8226 2
8227 2
8228 2
8229 2
8230 2
8231 2
8232 2
8233 2
8234 2
8235 2
8236 2
8237 2
8238 2
8239 2
8240 2
8241 2
8242 2
8243 2
8244 2
8245 2
8246 2
8247 2
8248 2
8249 2
8250 2
8251 2
8252 2
8253 2
8254 2
8255 2
8256 2
8257 2
8258 2
8259 2
8260 2
8261 2
8262 2
8263 2
8264 2
8265 2
8266 2
8267 2
8268 2
8269 2
8270 2
8271 2
8272 2
8273 2
8274 2
8275 2
8276 2
8277 2
8278 2
8279 2
8280 2
8281 2
8282 2
8283 2
8284 2
8285 2
8286 2
8287 2
8288 2
8289 2
8290 2
8291 2
8292 2
8293 2
8294 2
8295 2
8296 2
8297 2
8298 2
8299 2
8300 2
8301 2
8302 2
8303 2
8304 2
8305 2
8306 2
8307 2
8308 2
8309 2
8310 2
8311 2
8312 2
8313 2
8314 2
8315 2
8316 2
8317 2
8318 2
8319 2
8320 2
8321 2
8322 2
8323 2
8324 2
8325 2
8326 2
8327 2
8328 2
8329 2
8330 2
8331 2
8332 2
8333 2
8334 2
8335 2
8336 2
8337 2
8338 2
8339 2
8340 2
8341 2
8342 2
8343 2
8344 2
8345 2
8346 2
8347 2
8348 2
8349 2
8350 2
8351 2
8352 2
8353 2
8354 2
8355 2
8356 2
8357 2
8358 2
8359 2
8360 2
8361 2
8362 2
8363 2
8364 2
8365 2
8366 2
8367 2
8368 2
8369 2
8370 2
8371 2
8372 2
8373 2
8374 2
8375 2
8376 2
8377 2
8378 2
8379 2
8380 2
8381 2
8382 2
8383 2
8384 2
8385 2
8386 2
8387 2
8388 2
8389 2
8390 2
8391 2
8392 2
8393 2
8394 2
8395 2
8396 2
8397 2
8398 2
8399 2
8400 2
8401 2
8402 2
8403 2
8404 2
8405 2
8406 2
8407 2
8408 2
8409 2
8410 2
8411 2
8412 2
8413 2
8414 2
8415 2
8416 2
8417 2
8418 2
8419 2
8420 2
8421 2
8422 2
8423 2
8424 2
8425 2
8426 2
8427 2
8428 2
8429 2
8430 2
8431 2
8432 2
8433 2
8434 2
8435 2
8436 2
8437 2
8438 2
8439 2
8440 2
8441 2
8442 2
8443 2
8444 2
8445 2
8446 2
8447 2
8448 2
8449 2
8450 2
8451 2
8452 2
8453 2
8454 2
8455 2
8456 2
8457 2
8458 2
8459 2
8460 2
8461 2
8462 2
8463 2
8464 2
8465 2
8466 2
8467 2
8468 2
8469 2
8470 2
8471 2
8472 2
8473 2
8474 2
8475 2
8476 2
8477 2
8478 2
8479 2
8480 2
8481 2
8482 2
8483 2
8484 2
8485 2
8486 2
8487 2
8488 2
8489 2
8490 2
8491 2
8492 2
8493 2
8494 2
8495 2
8496 2
8497 2
8498 2
8499 2
8500 2
8501 2
8502 2
8503 2
8504 2
8505 2
8506 2
8507 2
8508 2
8509 2
8510 2
8511 2
8512 2
8513 2
8514 2
8515 2
8516 2
8517 2
8518 2
8519 2
8520 2
8521 2
8522 2
8523 2
8524 2
8525 2
8526 2
8527 2
8528 2
8529 2
8530 2
8531 2
8532 2
8533 2
8534 2
8535 2
8536 2
8537 2
8538 2
8539 2
8540 2
8541 2
8542 2
8543 2
8544 2
8545 2
8546 2
8547 2
8548 2
8549 2
8550 2
8551 2
8552 2
8553 2
8554 2
8555 2
8556 2
8557 2
8558 2
8559 2
8560 2
8561 2
8562 2
8563 2
8564 2
8565 2
8566 2
8567 2
8568 2
8569 2
8570 2
8571 2
8572 2
8573 2
8574 2
8575 2
8576 2
8577 2
8578 2
8579 2
8580 2
8581 2
8582 2
8583 2
8584 2
8585 2
8586 2
8587 2
8588 2
8589 2
8590 2
8591 2
8592 2
8593 2
8594 2
8595 2
8596 2
8597 2
8598 2
8599 2
8600 2
8601 2
8602 2
8603 2
8604 2
8605 2
8606 2
8607 2
8608 2
8609 2
8610 2
8611 2
8612 2
8613 2
8614 2
8615 2
8616 2
8617 2
8618 2
8619 2
8620 2
8621 2
8622 2
8623 2
8624 2
8625 2
8626 2
8627 2
8628 2
8629 2
8630 2
8631 2
8632 2
8633 2
8634 2
8635 2
8636 2
8637 2
8638 2
8639 2
8640 2
8641 2
8642 2
8643 2
8644 2
8645 2
8646 2
8647 2
8648 2
8649 2
8650 2
8651 2
8652 2
8653 2
8654 2
8655 2
8656 2
8657 2
8658 2
8659 2
8660 2
8661 2
8662 2
8663 2
8664 2
8665 2
8666 2
8667 2
8668 2
8669 2
8670 2
8671 2
8672 2
8673 2
8674 2
8675 2
8676 2
8677 2
8678 2
8679 2
8680 2
8681 2
8682 2
8683 2
8684 2
8685 2
8686 2
8687 2
8688 2
8689 2
8690 2
8691 2
8692 2
8693 2
8694 2
8695 2
8696 2
8697 2
8698 2
8699 2
8700 2
8701 2
8702 2
8703 2
8704 2
8705 2
8706 2
8707 2
8708 2
8709 2
8710 2
8711 2
8712 2
8713 2
8714 2
8715 2
8716 2
8717 2
8718 2
8719 2
8720 2
8721 2
8722 2
8723 2
8724 2
8725 2
8726 2
8727 2
8728 2
8729 2
8730 2
8731 2
8732 2
8733 2
8734 2
8735 2
8736 2
8737 2
8738 2
8739 2
8740 2
8741 2
8742 2
8743 2
8744 2
8745 2
8746 2
8747 2
8748 2
8749 2
8750 2
8751 2
8752 2
8753 2
8754 2
8755 2
8756 2
8757 2
8758 2
8759 2
8760 2
8761 2
8762 2
8763 2
8764 2
8765 2
8766 2
8767 2
8768 2
8769 2
8770 2
8771 2
8772 2
8773 2
8774 2
8775 2
8776 2
8777 2
8778 2
8779 2
8780 2
8781 2
8782 2
8783 2
8784 2
8785 2
8786 2
8787 2
8788 2
8789 2
8790 2
8791 2
8792 2
8793 2
8794 2
8795 2
8796 2
8797 2
8798 2
8799 2
8800 2
8801 2
8802 2
8803 2
8804 2
8805 2
8806 2
8807 2
8808 2
8809 2
8810 2
8811 2
8812 2
8813 2
8814 2
8815 2
8816 2
8817 2
8818 2
8819 2
8820 2
8821 2
8822 2
8823 2
8824 2
8825 2
8826 2
8827 2
8828 2
8829 2
8830 2
8831 2
8832 2
8833 2
8834 2
8835 2
8836 2
8837 2
8838 2
8839 2
8840 2
8841 2
8842 2
8843 2
8844 2
8845 2
8846 2
8847 2
8848 2
8849 2
8850 2
8851 2
8852 2
8853 2
8854 2
8855 2
8856 2
8857 2
8858 2
8859 2
8860 2
8861 2
8862 2
8863 2
8864 2
8865 2
8866 2
8867 2
8868 2
8869 2
8870 2
8871 2
8872 2
8873 2
8874 2
8875 2
8876 2
8877 2
8878 2
8879 2
8880 2
8881 2
8882 2
8883 2
8884 2
8885 2
8886 2
8887 2
8888 2
8889 2
8890 2
8891 2
8892 2
8893 2
8894 2
8895 2
8896 2
8897 2
8898 2
8899 2
8900 2
8901 2
8902 2
8903 2
8904 2
8905 2
8906 2
8907 2
8908 2
8909 2
8910 2
8911 2
8912 2
8913 2
8914 2
8915 2
8916 2
8917 2
8918 2
8919 2
8920 2
8921 2
8922 2
8923 2
8924 2
8925 2
8926 2
8927 2
8928 2
8929 2
8930 2
8931 2
8932 2
8933 2
8934 2
8935 2
8936 2
8937 2
8938 2
8939 2
8940 2
8941 2
8942 2
8943 2
8944 2
8945 2
8946 2
8947 2
8948 2
8949 2
8950 2
8951 2
8952 2
8953 2
8954 2
8955 2
8956 2
8957 2
8958 2
8959 2
8960 2
8961 2
8962 2
8963 2
8964 2
8965 2
8966 2
8967 2
8968 2
8969 2
8970 2
8971 2
8972 2
8973 2
8974 2
8975 2
8976 2
8977 2
8978 2
8979 2
8980 2
8981 2
8982 2
8983 2
8984 2
8985 2
8986 2
8987 2
8988 2
8989 2
8990 2
8991 2
8992 2
8993 2
8994 2
8995 2
8996 2
8997 2
8998 2
8999 2
9000 2
9001 2
9002 2
9003 2
9004 2
9005 2
9006 2
9007 2
9008 2
9009 2
9010 2
9011 2
9012 2
9013 2
9014 2
9015 2
9016 2
9017 2
9018 2
9019 2
9020 2
9021 2
9022 2
9023 2
9024 2
9025 2
9026 2
9027 2
9028 2
9029 2
9030 2
9031 2
9032 2
9033 2
9034 2
9035 2
9036 2
9037 2
9038 2
9039 2
9040 2
9041 2
9042 2
9043 2
9044 2
9045 2
9046 2
9047 2
9048 2
9049 2
9050 2
9051 2
9052 2
9053 2
9054 2
9055 2
9056 2
9057 2
9058 2
9059 2
9060 2
9061 2
9062 2
9063 2
9064 2
9065 2
9066 2
9067 2
9068 2
9069 2
9070 2
9071 2
9072 2
9073 2
9074 2
9075 2
9076 2
9077 2
9078 2
9079 2
9080 2
9081 2
9082 2
9083 2
9084 2
9085 2
9086 2
9087 2
9088 2
9089 2
9090 2
9091 2
9092 2
9093 2
9094 2
9095 2
9096 2
9097 2
9098 2
9099 2
9100 2
9101 2
9102 2
9103 2
9104 2
9105 2
9106 2
9107 2
9108 2
9109 2
9110 2
9111 2
9112 2
9113 2
9114 2
9115 2
9116 2
9117 2
9118 2
9119 2
9120 2
9121 2
9122 2
9123 2
9124 2
9125 2
9126 2
9127 2
9128 2
9129 2
9130 2
9131 2
9132 2
9133 2
9134 2
9135 2
9136 2
9137 2
9138 2
9139 2
9140 2
9141 2
9142 2
9143 2
9144 2
9145 2
9146 2
9147 2
9148 2
9149 2
9150 2
9151 2
9152 2
9153 2
9154 2
9155 2
9156 2
9157 2
9158 2
9159 2
9160 2
9161 2
9162 2
9163 2
9164 2
9165 2
9166 2
9167 2
9168 2
9169 2
9170 2
9171 2
9172 2
9173 2
9174 2
9175 2
9176 2
9177 2
9178 2
9179 2
9180 2
9181 2
9182 2
9183 2
9184 2
9185 2
9186 2
9187 2
9188 2
9189 2
9190 2
9191 2
9192 2
9193 2
9194 2
9195 2
9196 2
9197 2
9198 2
9199 2
9200 2
9201 2
9202 2
9203 2
9204 2
9205 2
9206 2
9207 2
9208 2
9209 2
9210 2
9211 2
9212 2
9213 2
9214 2
9215 2
9216 2
9217 2
9218 2
9219 2
9220 2
9221 2
9222 2
9223 2
9224 2
9225 2
9226 2
9227 2
9228 2
9229 2
9230 2
9231 2
9232 2
9233 2
9234 2
9235 2
9236 2
9237 2
9238 2
9239 2
9240 2
9241 2
9242 2
9243 2
9244 2
9245 2
9246 2
9247 2
9248 2
9249 2
9250 2
9251 2
9252 2
9253 2
9254 2
9255 2
9256 2
9257 2
9258 2
9259 2
9260 2
9261 2
9262 2
9263 2
9264 2
9265 2
9266 2
9267 2
9268 2
9269 2
9270 2
9271 2
9272 2
9273 2
9274 2
9275 2
9276 2
9277 2
9278 2
9279 2
9280 2
9281 2
9282 2
9283 2
9284 2
9285 2
9286 2
9287 2
9288 2
9289 2
9290 2
9291 2
9292 2
9293 2
9294 2
9295 2
9296 2
9297 2
9298 2
9299 2
9300 2
9301 2
9302 2
9303 2
9304 2
9305 2
9306 2
9307 2
9308 2
9309 2
9310 2
9311 2
9312 2
9313 2
9314 2
9315 2
9316 2
9317 2
9318 2
9319 2
9320 2
9321 2
9322 2
9323 2
9324 2
9325 2
9326 2
9327 2
9328 2
9329 2
9330 2
9331 2
9332 2
9333 2
9334 2
9335 2
9336 2
9337 2
9338 2
9339 2
9340 2
9341 2
9342 2
9343 2
9344 2
9345 2
9346 2
9347 2
9348 2
9349 2
9350 2
9351 2
9352 2
9353 2
9354 2
9355 2
9356 2
9357 2
9358 2
9359 2
9360 2
9361 2
9362 2
9363 2
9364 2
9365 2
9366 2
9367 2
9368 2
9369 2
9370 2
9371 2
9372 2
9373 2
9374 2
9375 2
9376 2
9377 2
9378 2
9379 2
9380 2
9381 2
9382 2
9383 2
9384 2
9385 2
9386 2
9387 2
9388 2
9389 2
9390 2
9391 2
9392 2
9393 2
9394 2
9395 2
9396 2
9397 2
9398 2
9399 2
9400 2
9401 2
9402 2
9403 2
9404 2
9405 2
9406 2
9407 2
9408 2
9409 2
9410 2
9411 2
9412 2
9413 2
9414 2
9415 2
9416 2
9417 2
9418 2
9419 2
9420 2
9421 2
9422 2
9423 2
9424 2
9425 2
9426 2
9427 2
9428 2
9429 2
9430 2
9431 2
9432 2
9433 2
9434 2
9435 2
9436 2
9437 2
9438 2
9439 2
9440 2
9441 2
9442 2
9443 2
9444 2
9445 2
9446 2
9447 2
9448 2
9449 2
9450 2
9451 2
9452 2
9453 2
9454 2
9455 2
9456 2
9457 2
9458 2
9459 2
9460 2
9461 2
9462 2
9463 2
9464 2
9465 2
9466 2
9467 2
9468 2
9469 2
9470 2
9471 2
9472 2
9473 2
9474 2
9475 2
9476 2
9477 2
9478 2
9479 2
9480 2
9481 2
9482 2
9483 2
9484 2
9485 2
9486 2
9487 2
9488 2
9489 2
9490 2
9491 2
9492 2
9493 2
9494 2
9495 2
9496 2
9497 2
9498 2
9499 2
9500 2
9501 2
9502 2
9503 2
9504 2
9505 2
9506 2
9507 2
9508 2
9509 2
9510 2
9511 2
9512 2
9513 2
9514 2
9515 2
9516 2
9517 2
9518 2
9519 2
9520 2
9521 2
9522 2
9523 2
9524 2
9525 2
9526 2
9527 2
9528 2
9529 2
9530 2
9531 2
9532 2
9533 2
9534 2
9535 2
9536 2
9537 2
9538 2
9539 2
9540 2
9541 2
9542 2
9543 2
9544 2
9545 2
9546 2
9547 2
9548 2
9549 2
9550 2
9551 2
9552 2
9553 2
9554 2
9555 2
9556 2
9557 2
9558 2
9559 2
9560 2
9561 2
9562 2
9563 2
9564 2
9565 2
9566 2
9567 2
9568 2
9569 2
9570 2
9571 2
9572 2
9573 2
9574 2
9575 2
9576 2
9577 2
9578 2
9579 2
9580 2
9581 2
9582 2
9583 2
9584 2
9585 2
9586 2
9587 2
9588 2
9589 2
9590 2
9591 2
9592 2
9593 2
9594 2
9595 2
9596 2
9597 2
9598 2
9599 2
9600 2
9601 2
9602 2
9603 2
9604 2
9605 2
9606 2
9607 2
9608 2
9609 2
9610 2
9611 2
9612 2
9613 2
9614 2
9615 2
9616 2
9617 2
9618 2
9619 2
9620 2
9621 2
9622 2
9623 2
9624 2
9625 2
9626 2
9627 2
9628 2
9629 2
9630 2
9631 2
9632 2
9633 2
9634 2
9635 2
9636 2
9637 2
9638 2
9639 2
9640 2
9641 2
9642 2
9643 2
9644 2
9645 2
9646 2
9647 2
9648 2
9649 2
9650 2
9651 2
9652 2
9653 2
9654 2
9655 2
9656 2
9657 2
9658 2
9659 2
9660 2
9661 2
9662 2
9663 2
9664 2
9665 2
9666 2
9667 2
9668 2
9669 2
9670 2
9671 2
9672 2
9673 2
9674 2
9675 2
9676 2
9677 2
9678 2
9679 2
9680 2
9681 2
9682 2
9683 2
9684 2
9685 2
9686 2
9687 2
9688 2
9689 2
9690 2
9691 2
9692 2
9693 2
9694 2
9695 2
9696 2
9697 2
9698 2
9699 2
9700 2
9701 2
9702 2
9703 2
9704 2
9705 2
9706 2
9707 2
9708 2
9709 2
9710 2
9711 2
9712 2
9713 2
9714 2
9715 2
9716 2
9717 2
9718 2
9719 2
9720 2
9721 2
9722 2
9723 2
9724 2
9725 2
9726 2
9727 2
9728 2
9729 2
9730 2
9731 2
9732 2
9733 2
9734 2
9735 2
9736 2
9737 2
9738 2
9739 2
9740 2
9741 2
9742 2
9743 2
9744 2
9745 2
9746 2
9747 2
9748 2
9749 2
9750 2
9751 2
9752 2
9753 2
9754 2
9755 2
9756 2
9757 2
9758 2
9759 2
9760 2
9761 2
9762 2
9763 2
9764 2
9765 2
9766 2
9767 2
9768 2
9769 2
9770 2
9771 2
9772 2
9773 2
9774 2
9775 2
9776 2
9777 2
9778 2
9779 2
9780 2
9781 2
9782 2
9783 2
9784 2
9785 2
9786 2
9787 2
9788 2
9789 2
9790 2
9791 2
9792 2
9793 2
9794 2
9795 2
9796 2
9797 2
9798 2
9799 2
9800 2
9801 2
9802 2
9803 2
9804 2
9805 2
9806 2
9807 2
9808 2
9809 2
9810 2
9811 2
9812 2
9813 2
9814 2
9815 2
9816 2
9817 2
9818 2
9819 2
9820 2
9821 2
9822 2
9823 2
9824 2
9825 2
9826 2
9827 2
9828 2
9829 2
9830 2
9831 2
9832 2
9833 2
9834 2
9835 2
9836 2
9837 2
9838 2
9839 2
9840 2
9841 2
9842 2
9843 2
9844 2
9845 2
9846 2
9847 2
9848 2
9849 2
9850 2
9851 2
9852 2
9853 2
9854 2
9855 2
9856 2
9857 2
9858 2
9859 2
9860 2
9861 2
9862 2
9863 2
9864 2
9865 2
9866 2
9867 2
9868 2
9869 2
9870 2
9871 2
9872 2
9873 2
9874 2
9875 2
9876 2
9877 2
9878 2
9879 2
9880 2
9881 2
9882 2
9883 2
9884 2
9885 2
9886 2
9887 2
9888 2
9889 2
9890 2
9891 2
9892 2
9893 2
9894 2
9895 2
9896 2
9897 2
9898 2
9899 2
9900 2
9901 2
9902 2
9903 2
9904 2
9905 2
9906 2
9907 2
9908 2
9909 2
9910 2
9911 2
9912 2
9913 2
9914 2
9915 2
9916 2
9917 2
9918 2
9919 2
9920 2
9921 2
9922 2
9923 2
9924 2
9925 2
9926 2
9927 2
9928 2
9929 2
9930 2
9931 2
9932 2
9933 2
9934 2
9935 2
9936 2
9937 2
9938 2
9939 2
9940 2
9941 2
9942 2
9943 2
9944 2
9945 2
9946 2
9947 2
9948 2
9949 2
9950 2
9951 2
9952 2
9953 2
9954 2
9955 2
9956 2
9957 2
9958 2
9959 2
9960 2
9961 2
9962 2
9963 2
9964 2
9965 2
9966 2
9967 2
9968 2
9969 2
9970 2
9971 2
9972 2
9973 2
9974 2
9975 2
9976 2
9977 2
9978 2
9979 2
9980 2
9981 2
9982 2
9983 2
9984 2
9985 2
9986 2
9987 2
9988 2
9989 2
9990 2
9991 2
9992 2
9993 2
9994 2
9995 2
9996 2
9997 2
9998 2
9999 2
10000 2
