1 0
2 0
3 0
4 0
5 0
6 0
7 0
8 0
9 0
10 0
11 0
12 0
13 0
14 0
15 0
16 0
17 0
18 0
19 0
20 0
21 0
22 0
23 0
24 0
25 0
26 0
27 0
28 0
29 0
30 0
31 0
32 0
33 0
34 0
35 0
36 0
37 0
38 0
39 0
40 0
41 0
42 0
43 0
44 0
45 0
46 0
47 0
48 0
49 0
50 0
51 0
52 0
53 0
54 0
55 0
56 0
57 0
58 0
59 0
60 0
61 0
62 0
63 0
64 0
65 0
66 0
67 0
68 0
69 0
70 0
71 0
72 0
73 0
74 0
75 0
76 0
77 0
78 0
79 0
80 0
81 0
82 0
83 0
84 0
85 0
86 0
87 0
88 0
89 0
90 0
91 0
92 0
93 0
94 0
95 0
96 0
97 0
98 0
99 0
100 0
101 0
102 0
103 0
104 0
105 0
106 0
107 0
108 0
109 0
110 0
111 0
112 0
113 0
114 0
115 0
116 0
117 0
118 0
119 0
120 0
121 0
122 0
123 0
124 0
125 0
126 0
127 0
128 0
129 0
130 0
131 0
132 0
133 0
134 0
135 0
136 0
137 0
138 0
139 0
140 0
141 0
142 0
143 0
144 0
145 0
146 0
147 0
148 0
149 0
150 0
151 0
152 0
153 0
154 0
155 0
156 0
157 0
158 0
159 0
160 0
161 0
162 0
163 0
164 0
165 0
166 0
167 0
168 0
169 0
170 0
171 0
172 0
173 0
174 0
175 0
176 0
177 0
178 0
179 0
180 0
181 0
182 0
183 0
184 0
185 0
186 0
187 0
188 0
189 0
190 0
191 0
192 0
193 0
194 0
195 0
196 0
197 0
198 0
199 0
200 0
201 0
202 0
203 0
204 0
205 0
206 0
207 0
208 0
209 0
210 0
211 0
212 0
213 0
214 0
215 0
216 0
217 0
218 0
219 0
220 0
221 0
222 0
223 0
224 0
225 0
226 0
227 0
228 0
229 0
230 0
231 0
232 0
233 0
234 0
235 0
236 0
237 0
238 0
239 0
240 0
241 0
242 0
243 0
244 0
245 0
246 0
247 0
248 0
249 0
250 0
251 0
252 0
253 0
254 0
255 0
256 0
257 0
258 0
259 0
260 0
261 0
262 0
263 0
264 0
265 0
266 0
267 0
268 0
269 0
270 0
271 0
272 0
273 0
274 0
275 0
276 0
277 0
278 0
279 0
280 0
281 0
282 0
283 0
284 0
285 0
286 0
287 0
288 0
289 0
290 0
291 0
292 0
293 0
294 0
295 0
296 0
297 0
298 0
299 0
300 0
301 0
302 0
303 0
304 0
305 0
306 0
307 0
308 0
309 0
310 0
311 0
312 0
313 0
314 0
315 0
316 0
317 0
318 0
319 0
320 0
321 0
322 0
323 0
324 0
325 0
326 0
327 0
328 0
329 0
330 0
331 0
332 0
333 0
334 0
335 0
336 0
337 0
338 0
339 0
340 0
341 0
342 0
343 0
344 0
345 0
346 0
347 0
348 0
349 0
350 0
351 0
352 0
353 0
354 0
355 0
356 0
357 0
358 0
359 0
360 0
361 0
362 0
363 0
364 0
365 0
366 0
367 0
368 0
369 0
370 0
371 0
372 0
373 0
374 0
375 0
376 0
377 0
378 0
379 0
380 0
381 0
382 0
383 0
384 0
385 0
386 0
387 0
388 0
389 0
390 0
391 0
392 0
393 0
394 0
395 0
396 0
397 0
398 0
399 0
400 0
401 0
402 0
403 0
404 0
405 0
406 0
407 0
408 0
409 0
410 0
411 0
412 0
413 0
414 0
415 0
416 0
417 0
418 0
419 0
420 0
421 0
422 0
423 0
424 0
425 0
426 0
427 0
428 0
429 0
430 0
431 0
432 0
433 0
434 0
435 0
436 0
437 0
438 0
439 0
440 0
441 0
442 0
443 0
444 0
445 0
446 0
447 0
448 0
449 0
450 0
451 0
452 0
453 0
454 0
455 0
456 0
457 0
458 0
459 0
460 0
461 0
462 0
463 0
464 0
465 0
466 0
467 0
468 0
469 0
470 0
471 0
472 0
473 0
474 0
475 0
476 0
477 0
478 0
479 0
480 0
481 0
482 0
483 0
484 0
485 0
486 0
487 0
488 0
489 0
490 0
491 0
492 0
493 0
494 0
495 0
496 0
497 0
498 0
499 0
500 0
501 0
502 0
503 0
504 0
505 0
506 0
507 0
508 0
509 0
510 0
511 0
512 0
513 0
514 0
515 0
516 0
517 0
518 0
519 0
520 0
521 0
522 0
523 0
524 0
525 0
526 0
527 0
528 0
529 0
530 0
531 0
532 0
533 0
534 0
535 0
536 0
537 0
538 0
539 0
540 0
541 0
542 0
543 0
544 0
545 0
546 0
547 0
548 0
549 0
550 0
551 0
552 0
553 0
554 0
555 0
556 0
557 0
558 0
559 0
560 0
561 0
562 0
563 0
564 0
565 0
566 0
567 0
568 0
569 0
570 0
571 0
572 0
573 0
574 0
575 0
576 0
577 0
578 0
579 0
580 0
581 0
582 0
583 0
584 0
585 0
586 0
587 0
588 0
589 0
590 0
591 0
592 0
593 0
594 0
595 0
596 0
597 0
598 0
599 0
600 0
601 0
602 0
603 0
604 0
605 0
606 0
607 0
608 0
609 0
610 0
611 0
612 0
613 0
614 0
615 0
616 0
617 0
618 0
619 0
620 0
621 0
622 0
623 0
624 0
625 0
626 0
627 0
628 0
629 0
630 0
631 0
632 0
633 0
634 0
635 0
636 0
637 0
638 0
639 0
640 0
641 0
642 0
643 0
644 0
645 0
646 0
647 0
648 0
649 0
650 0
651 0
652 0
653 0
654 0
655 0
656 0
657 0
658 0
659 0
660 0
661 0
662 0
663 0
664 0
665 0
666 0
667 0
668 0
669 0
670 0
671 0
672 0
673 0
674 0
675 0
676 0
677 0
678 0
679 0
680 0
681 0
682 0
683 0
684 0
685 0
686 0
687 0
688 0
689 0
690 0
691 0
692 0
693 0
694 0
695 0
696 0
697 0
698 0
699 0
700 0
701 0
702 0
703 0
704 0
705 0
706 0
707 0
708 0
709 0
710 0
711 0
712 0
713 0
714 0
715 0
716 0
717 0
718 0
719 0
720 0
721 0
722 0
723 0
724 0
725 0
726 0
727 0
728 0
729 0
730 0
731 0
732 0
733 0
734 0
735 0
736 0
737 0
738 0
739 0
740 0
741 0
742 0
743 0
744 0
745 0
746 0
747 0
748 0
749 0
750 0
751 0
752 0
753 0
754 0
755 1
756 1
757 1
758 1
759 1
760 1
761 1
762 1
763 1
764 1
765 1
766 1
767 1
768 1
769 1
770 1
771 1
772 1
773 1
774 1
775 1
776 1
777 1
778 1
779 1
780 1
781 1
782 1
783 1
784 1
785 1
786 1
787 1
788 1
789 1
790 1
791 1
792 1
793 1
794 1
795 1
796 1
797 1
798 1
799 1
800 1
801 1
802 1
803 1
804 1
805 1
806 1
807 1
808 1
809 1
810 1
811 1
812 1
813 1
814 1
815 1
816 1
817 1
818 1
819 1
820 1
821 1
822 1
823 1
824 1
825 1
826 1
827 1
828 1
829 1
830 1
831 1
832 1
833 1
834 1
835 1
836 1
837 1
838 1
839 1
840 1
841 1
842 1
843 1
844 1
845 1
846 1
847 1
848 1
849 1
850 1
851 1
852 1
853 1
854 1
855 1
856 1
857 1
858 1
859 1
860 1
861 1
862 1
863 1
864 1
865 1
866 1
867 1
868 1
869 1
870 1
871 1
872 1
873 1
874 1
875 1
876 1
877 1
878 1
879 1
880 1
881 1
882 1
883 1
884 1
885 1
886 1
887 1
888 1
889 1
890 1
891 1
892 1
893 1
894 1
895 1
896 1
897 1
898 1
899 1
900 1
901 1
902 1
903 1
904 1
905 1
906 1
907 1
908 1
909 1
910 1
911 1
912 1
913 1
914 1
915 1
916 1
917 1
918 1
919 1
920 1
921 1
922 1
923 1
924 1
925 1
926 1
927 1
928 1
929 1
930 1
931 1
932 1
933 1
934 1
935 1
936 1
937 1
938 1
939 1
940 1
941 1
942 1
943 1
944 1
945 1
946 1
947 1
948 1
949 1
950 1
951 1
952 1
953 1
954 1
955 1
956 1
957 1
958 1
959 1
960 1
961 1
962 1
963 1
964 1
965 1
966 1
967 1
968 1
969 1
970 1
971 1
972 1
973 1
974 1
975 1
976 1
977 1
978 1
979 1
980 1
981 1
982 1
983 1
984 1
985 1
986 1
987 1
988 1
989 1
990 1
991 1
992 1
993 1
994 1
995 1
996 1
997 1
998 1
999 1
1000 1
1001 1
1002 1
1003 1
1004 1
1005 1
1006 1
1007 1
1008 1
1009 1
1010 1
1011 1
1012 1
1013 1
1014 1
1015 1
1016 1
1017 1
1018 1
1019 1
1020 1
1021 1
1022 1
1023 1
1024 1
1025 1
1026 1
1027 1
1028 1
1029 1
1030 1
1031 1
1032 1
1033 1
1034 1
1035 1
1036 1
1037 1
1038 1
1039 1
1040 1
1041 1
1042 1
1043 1
1044 1
1045 1
1046 1
1047 1
1048 1
1049 1
1050 1
1051 1
1052 1
1053 1
1054 1
1055 1
1056 1
1057 1
1058 1
1059 1
1060 1
1061 1
1062 1
1063 1
1064 1
1065 1
1066 1
1067 1
1068 1
1069 1
1070 1
1071 1
1072 1
1073 1
1074 1
1075 1
1076 1
1077 1
1078 1
1079 1
1080 1
1081 1
1082 1
1083 1
1084 1
1085 1
1086 1
1087 1
1088 1
1089 1
1090 1
1091 1
1092 1
1093 1
1094 1
1095 1
1096 1
1097 1
1098 1
1099 1
1100 1
1101 1
1102 1
1103 1
1104 1
1105 1
1106 1
1107 1
1108 1
1109 1
1110 1
1111 1
1112 1
1113 1
1114 1
1115 1
1116 1
1117 1
1118 1
1119 1
1120 1
1121 1
1122 1
1123 1
1124 1
1125 1
1126 1
1127 1
1128 1
1129 1
1130 1
1131 1
1132 1
1133 1
1134 1
1135 1
1136 1
1137 1
1138 1
1139 1
1140 1
1141 1
1142 1
1143 1
1144 1
1145 1
1146 1
1147 1
1148 1
1149 1
1150 1
1151 1
1152 1
1153 1
1154 1
1155 1
1156 1
1157 1
1158 1
1159 1
1160 1
1161 1
1162 1
1163 1
1164 1
1165 1
1166 1
1167 1
1168 1
1169 1
1170 1
1171 1
1172 1
1173 1
1174 1
1175 1
1176 1
1177 1
1178 1
1179 1
1180 1
1181 1
1182 1
1183 1
1184 1
1185 1
1186 1
1187 1
1188 1
1189 1
1190 1
1191 1
1192 1
1193 1
1194 1
1195 1
1196 1
1197 1
1198 1
1199 1
1200 1
1201 1
1202 1
1203 1
1204 1
1205 1
1206 1
1207 2
1208 2
1209 2
1210 2
1211 2
1212 2
1213 2
1214 2
1215 2
1216 2
1217 2
1218 2
1219 2
1220 2
1221 2
1222 2
1223 2
1224 2
1225 2
1226 2
1227 2
1228 2
1229 2
1230 2
1231 2
1232 2
1233 2
1234 2
1235 2
1236 2
1237 2
1238 2
1239 2
1240 2
1241 2
1242 2
1243 2
1244 2
1245 2
1246 2
1247 2
1248 2
1249 2
1250 2
1251 2
1252 2
1253 2
1254 2
1255 2
1256 2
1257 2
1258 2
1259 2
1260 2
1261 2
1262 2
1263 2
1264 2
1265 2
1266 2
1267 2
1268 2
1269 2
1270 2
1271 2
1272 2
1273 2
1274 2
1275 2
1276 2
1277 2
1278 2
1279 2
1280 2
1281 2
1282 2
1283 2
1284 2
1285 2
1286 2
1287 2
1288 2
1289 2
1290 2
1291 2
1292 2
1293 2
1294 2
1295 2
1296 2
1297 2
1298 2
1299 2
1300 2
1301 2
1302 2
1303 2
1304 2
1305 2
1306 2
1307 2
1308 2
1309 2
1310 2
1311 2
1312 2
1313 2
1314 2
1315 2
1316 2
1317 2
1318 2
1319 2
1320 2
1321 2
1322 2
1323 2
1324 2
1325 2
1326 2
1327 2
1328 2
1329 2
1330 2
1331 2
1332 2
1333 2
1334 2
1335 2
1336 2
1337 2
1338 2
1339 2
1340 2
1341 2
1342 2
1343 2
1344 2
1345 2
1346 2
1347 2
1348 2
1349 2
1350 2
1351 2
1352 2
1353 2
1354 2
1355 2
1356 2
1357 2
1358 2
1359 2
1360 2
1361 2
1362 2
1363 2
1364 2
1365 2
1366 2
1367 2
1368 2
1369 2
1370 2
1371 2
1372 2
1373 2
1374 2
1375 2
1376 2
1377 2
1378 2
1379 2
1380 2
1381 2
1382 2
1383 2
1384 2
1385 2
1386 2
1387 2
1388 2
1389 2
1390 2
1391 2
1392 2
1393 2
1394 2
1395 2
1396 2
1397 2
1398 2
1399 2
1400 2
1401 2
1402 2
1403 2
1404 2
1405 2
1406 2
1407 2
1408 2
1409 2
1410 2
1411 2
1412 2
1413 2
1414 2
1415 2
1416 2
1417 2
1418 2
1419 2
1420 2
1421 2
1422 2
1423 2
1424 2
1425 2
1426 2
1427 2
1428 2
1429 2
1430 2
1431 2
1432 2
1433 2
1434 2
1435 2
1436 2
1437 2
1438 2
1439 2
1440 2
1441 2
1442 2
1443 2
1444 2
1445 2
1446 2
1447 2
1448 2
1449 2
1450 2
1451 2
1452 2
1453 2
1454 2
1455 2
1456 2
1457 2
1458 2
1459 2
1460 2
1461 2
1462 2
1463 2
1464 2
1465 2
1466 2
1467 2
1468 2
1469 2
1470 2
1471 2
1472 2
1473 2
1474 2
1475 2
1476 2
1477 2
1478 2
1479 2
1480 2
1481 2
1482 2
1483 2
1484 2
1485 2
1486 2
1487 2
1488 2
1489 2
1490 2
1491 2
1492 2
1493 2
1494 2
1495 2
1496 2
1497 2
1498 2
1499 2
1500 2
1501 2
1502 2
1503 2
1504 2
1505 2
1506 2
1507 2
1508 2
1509 2
1510 2
1511 2
1512 2
1513 2
1514 2
1515 2
1516 2
1517 2
1518 2
1519 2
1520 2
1521 2
1522 2
1523 2
1524 2
1525 2
1526 2
1527 2
1528 2
1529 2
1530 2
1531 2
1532 2
1533 2
1534 2
1535 2
1536 2
1537 2
1538 2
1539 2
1540 2
1541 2
1542 2
1543 2
1544 2
1545 2
1546 2
1547 2
1548 2
1549 2
1550 2
1551 2
1552 2
1553 2
1554 2
1555 2
1556 2
1557 2
1558 2
1559 2
1560 2
1561 2
1562 2
1563 2
1564 2
1565 2
1566 2
1567 2
1568 2
1569 2
1570 2
1571 2
1572 2
1573 2
1574 2
1575 2
1576 2
1577 2
1578 2
1579 2
1580 2
1581 2
1582 2
1583 2
1584 2
1585 2
1586 2
1587 2
1588 2
1589 2
1590 2
1591 2
1592 2
1593 2
1594 2
1595 2
1596 2
1597 2
1598 2
1599 2
1600 2
1601 2
1602 2
1603 2
1604 2
1605 2
1606 2
1607 2
1608 2
1609 2
1610 2
1611 2
1612 2
1613 2
1614 2
1615 2
1616 2
1617 2
1618 2
1619 2
1620 2
1621 2
1622 2
1623 2
1624 2
1625 2
1626 2
1627 2
1628 2
1629 2
1630 2
1631 2
1632 2
1633 2
1634 2
1635 2
1636 2
1637 2
1638 2
1639 2
1640 2
1641 2
1642 2
1643 2
1644 2
1645 2
1646 2
1647 2
1648 2
1649 2
1650 2
1651 2
1652 2
1653 2
1654 2
1655 2
1656 2
1657 2
1658 2
1659 2
1660 2
1661 2
1662 2
1663 2
1664 2
1665 2
1666 2
1667 2
1668 2
1669 2
1670 2
1671 2
1672 2
1673 2
1674 2
1675 2
1676 2
1677 2
1678 2
1679 2
1680 2
1681 2
1682 2
1683 2
1684 2
1685 2
1686 2
1687 2
1688 2
1689 2
1690 2
1691 2
1692 2
1693 2
1694 2
1695 2
1696 2
1697 2
1698 2
1699 2
1700 2
1701 2
1702 2
1703 2
1704 2
1705 2
1706 2
1707 2
1708 2
1709 2
1710 2
1711 2
1712 2
1713 2
1714 2
1715 2
1716 2
1717 2
1718 2
1719 2
1720 2
1721 2
1722 2
1723 2
1724 2
1725 2
1726 2
1727 2
1728 2
1729 2
1730 2
1731 2
1732 2
1733 2
1734 2
1735 2
1736 2
1737 2
1738 2
1739 2
1740 2
1741 2
1742 2
1743 2
1744 2
1745 2
1746 2
1747 2
1748 2
1749 2
1750 2
1751 2
1752 2
1753 2
1754 2
1755 2
1756 2
1757 2
1758 2
1759 2
1760 2
1761 2
1762 2
1763 2
1764 2
1765 2
1766 2
1767 2
1768 2
1769 2
1770 2
1771 2
1772 2
1773 2
1774 2
1775 2
1776 2
1777 2
1778 2
1779 2
1780 2
1781 2
1782 2
1783 2
1784 2
1785 2
1786 2
1787 2
1788 2
1789 2
1790 2
1791 2
1792 2
1793 2
1794 2
1795 2
1796 2
1797 2
1798 2
1799 2
1800 3
1801 3
1802 3
1803 3
1804 3
1805 3
1806 3
1807 3
1808 3
1809 3
1810 3
1811 3
1812 3
1813 3
1814 3
1815 3
1816 3
1817 3
1818 3
1819 3
1820 3
1821 3
1822 3
1823 3
1824 3
1825 3
1826 3
1827 3
1828 3
1829 3
1830 3
1831 3
1832 3
1833 3
1834 3
1835 3
1836 3
1837 3
1838 3
1839 3
1840 3
1841 3
1842 3
1843 3
1844 3
1845 3
1846 3
1847 3
1848 3
1849 3
1850 3
1851 3
1852 3
1853 3
1854 3
1855 3
1856 3
1857 3
1858 3
1859 3
1860 3
1861 3
1862 3
1863 3
1864 3
1865 3
1866 3
1867 3
1868 3
1869 3
1870 3
1871 3
1872 3
1873 3
1874 3
1875 3
1876 3
1877 3
1878 3
1879 3
1880 3
1881 3
1882 3
1883 3
1884 3
1885 3
1886 3
1887 3
1888 3
1889 3
1890 3
1891 3
1892 3
1893 3
1894 3
1895 3
1896 3
1897 3
1898 3
1899 3
1900 3
1901 3
1902 3
1903 3
1904 3
1905 3
1906 4
1907 4
1908 4
1909 4
1910 4
1911 4
1912 4
1913 4
1914 4
1915 4
1916 4
1917 4
1918 4
1919 4
1920 4
1921 4
1922 4
1923 4
1924 4
1925 4
1926 4
1927 4
1928 4
1929 4
1930 4
1931 4
1932 4
1933 4
1934 4
1935 4
1936 4
1937 4
1938 4
1939 4
1940 4
1941 4
1942 4
1943 4
1944 4
1945 4
1946 4
1947 4
1948 4
1949 4
1950 4
1951 4
1952 4
1953 4
1954 4
1955 4
1956 4
1957 4
1958 4
1959 4
1960 4
1961 4
1962 4
1963 4
1964 4
1965 4
1966 4
1967 4
1968 4
1969 4
1970 4
1971 4
1972 4
1973 4
1974 4
1975 4
1976 4
1977 4
1978 4
1979 4
1980 4
1981 4
1982 4
1983 4
1984 4
1985 4
1986 4
1987 4
1988 4
1989 4
1990 4
1991 4
1992 4
1993 4
1994 4
1995 4
1996 4
1997 4
1998 4
1999 4
2000 4
2001 4
2002 4
2003 4
2004 4
2005 4
2006 4
2007 4
2008 4
2009 4
2010 4
2011 4
2012 4
2013 4
2014 4
2015 4
2016 4
2017 4
2018 4
2019 4
2020 4
2021 4
2022 4
2023 4
2024 4
2025 4
2026 4
2027 4
2028 4
2029 4
2030 4
2031 4
2032 4
2033 4
2034 4
2035 4
2036 4
2037 4
2038 4
2039 4
2040 4
2041 4
2042 4
2043 4
2044 4
2045 4
2046 4
2047 4
2048 4
2049 4
2050 4
2051 4
2052 4
2053 4
2054 4
2055 4
2056 4
2057 4
2058 4
2059 4
2060 4
2061 4
2062 4
2063 4
2064 4
2065 4
2066 4
2067 4
2068 4
2069 4
2070 4
2071 4
2072 4
2073 4
2074 4
2075 4
2076 4
2077 4
2078 4
2079 4
2080 4
2081 4
2082 4
2083 4
2084 4
2085 4
2086 4
2087 4
2088 4
2089 4
2090 4
2091 4
2092 4
2093 4
2094 4
2095 4
2096 4
2097 4
2098 4
2099 4
2100 4
2101 4
2102 4
2103 4
2104 4
2105 4
2106 4
2107 4
2108 4
2109 4
2110 4
2111 4
2112 4
2113 4
2114 4
2115 4
2116 4
2117 4
2118 4
2119 4
2120 4
2121 4
2122 4
2123 4
2124 4
2125 4
2126 4
2127 4
2128 4
2129 4
2130 4
2131 4
2132 4
2133 4
2134 4
2135 4
2136 4
2137 4
2138 4
2139 4
2140 4
2141 4
2142 4
2143 4
2144 4
2145 4
2146 4
2147 4
2148 4
2149 4
2150 4
2151 4
2152 4
2153 4
2154 4
2155 4
2156 4
2157 4
2158 4
2159 4
2160 5
2161 5
2162 5
2163 5
2164 5
2165 5
2166 5
2167 5
2168 5
2169 5
2170 5
2171 5
2172 5
2173 5
2174 5
2175 5
2176 5
2177 5
2178 5
2179 5
2180 5
2181 5
2182 5
2183 5
2184 5
2185 5
2186 5
2187 5
2188 5
2189 5
2190 5
2191 5
2192 5
2193 5
2194 5
2195 5
2196 5
2197 5
2198 5
2199 5
2200 5
2201 5
2202 5
2203 5
2204 5
2205 5
2206 5
2207 5
2208 5
2209 5
2210 5
2211 5
2212 5
2213 5
2214 5
2215 5
2216 5
2217 5
2218 5
2219 5
2220 5
2221 5
2222 5
2223 5
2224 5
2225 5
2226 5
2227 5
2228 5
2229 5
2230 5
2231 5
2232 5
2233 5
2234 5
2235 5
2236 5
2237 5
2238 5
2239 5
2240 5
2241 5
2242 5
2243 5
2244 5
2245 5
2246 5
2247 5
2248 5
2249 5
2250 5
2251 5
2252 5
2253 5
2254 5
2255 5
2256 5
2257 5
2258 5
2259 5
2260 5
2261 5
2262 5
2263 5
2264 5
2265 5
2266 5
2267 5
2268 5
2269 5
2270 5
2271 5
2272 5
2273 5
2274 5
2275 5
2276 5
2277 5
2278 5
2279 5
2280 5
2281 5
2282 5
2283 5
2284 5
2285 5
2286 5
2287 5
2288 5
2289 5
2290 5
2291 5
2292 5
2293 5
2294 5
2295 5
2296 5
2297 5
2298 5
2299 5
2300 5
2301 5
2302 5
2303 5
2304 5
2305 5
2306 5
2307 5
2308 5
2309 5
2310 5
2311 5
2312 5
2313 5
2314 5
2315 5
2316 5
2317 5
2318 5
2319 5
2320 5
2321 5
2322 5
2323 5
2324 5
2325 6
2326 6
2327 6
2328 6
2329 6
2330 6
2331 6
2332 6
2333 6
2334 6
2335 6
2336 6
2337 6
2338 6
2339 6
2340 6
2341 6
2342 6
2343 6
2344 6
2345 6
2346 6
2347 6
2348 6
2349 6
2350 6
2351 6
2352 6
2353 6
2354 6
2355 6
2356 6
2357 6
2358 6
2359 6
2360 6
2361 6
2362 6
2363 6
2364 6
2365 6
2366 6
2367 6
2368 6
2369 6
2370 6
2371 6
2372 6
2373 6
2374 6
2375 6
2376 6
2377 6
2378 6
2379 6
2380 6
2381 6
2382 6
2383 6
2384 6
2385 6
2386 6
2387 6
2388 6
2389 6
2390 6
2391 6
2392 6
2393 6
2394 6
2395 6
2396 6
2397 6
2398 6
2399 6
2400 6
2401 6
2402 6
2403 6
2404 6
2405 6
2406 6
2407 6
2408 6
2409 6
2410 6
2411 6
2412 6
2413 6
2414 6
2415 6
2416 6
2417 6
2418 6
2419 6
2420 6
2421 6
2422 6
2423 6
2424 6
2425 6
2426 6
2427 6
2428 6
2429 6
2430 6
2431 6
2432 6
2433 6
2434 6
2435 6
2436 6
2437 6
2438 6
2439 6
2440 6
2441 6
2442 6
2443 6
2444 6
2445 6
2446 6
2447 6
2448 6
2449 6
2450 6
2451 6
2452 6
2453 6
2454 6
2455 6
2456 6
2457 6
2458 6
2459 6
2460 6
2461 6
2462 6
2463 6
2464 6
2465 6
2466 6
2467 6
2468 6
2469 6
2470 6
2471 6
2472 6
2473 6
2474 6
2475 6
2476 6
2477 6
2478 6
2479 6
2480 6
2481 6
2482 6
2483 6
2484 6
2485 6
2486 6
2487 6
2488 6
2489 6
2490 6
2491 6
2492 6
2493 6
2494 6
2495 6
2496 6
2497 6
2498 6
2499 6
2500 6
2501 6
2502 6
2503 6
2504 6
2505 6
2506 6
2507 6
2508 6
2509 6
2510 6
2511 6
2512 6
2513 6
2514 6
2515 6
2516 6
2517 6
2518 6
2519 6
2520 6
2521 6
2522 6
2523 6
2524 6
2525 6
2526 6
2527 6
2528 6
2529 6
2530 6
2531 6
2532 6
2533 6
2534 6
2535 6
2536 6
2537 6
2538 6
2539 6
2540 6
2541 6
2542 6
2543 6
2544 6
2545 6
2546 6
2547 6
2548 6
2549 6
2550 6
2551 6
2552 6
2553 6
2554 6
2555 6
2556 6
2557 6
2558 6
2559 6
2560 6
2561 6
2562 6
2563 6
2564 6
2565 6
2566 6
2567 6
2568 6
2569 6
2570 6
2571 6
2572 6
2573 6
2574 6
2575 6
2576 6
2577 6
2578 6
2579 6
2580 6
2581 6
2582 6
2583 6
2584 6
2585 6
2586 6
2587 6
2588 6
2589 6
2590 6
2591 6
2592 6
2593 6
2594 6
2595 6
2596 6
2597 6
2598 6
2599 6
2600 6
2601 6
2602 6
2603 6
2604 6
2605 6
2606 6
2607 6
2608 6
2609 6
2610 6
2611 6
2612 6
2613 6
2614 6
2615 6
2616 6
2617 6
2618 6
2619 6
2620 6
2621 6
2622 6
2623 6
2624 6
2625 6
2626 6
2627 6
2628 6
2629 6
2630 6
2631 6
2632 6
2633 6
2634 6
2635 6
2636 6
2637 6
2638 6
2639 6
2640 6
2641 6
2642 6
2643 6
2644 6
2645 6
2646 6
2647 6
2648 6
2649 6
2650 6
2651 6
2652 6
2653 6
2654 6
2655 6
2656 6
2657 6
2658 6
2659 6
2660 6
2661 6
2662 6
2663 6
2664 6
2665 6
2666 6
2667 6
2668 6
2669 6
2670 6
2671 6
2672 6
2673 6
2674 6
2675 6
2676 6
2677 6
2678 6
2679 6
2680 6
2681 6
2682 6
2683 6
2684 6
2685 6
2686 6
2687 6
2688 6
2689 6
2690 6
2691 6
2692 6
2693 6
2694 6
2695 6
2696 6
2697 6
2698 6
2699 6
2700 6
2701 6
2702 6
2703 6
2704 6
2705 6
2706 6
2707 6
2708 6
2709 6
2710 6
2711 6
2712 6
2713 6
2714 6
2715 6
2716 6
2717 6
2718 6
2719 6
2720 6
2721 6
2722 6
2723 6
2724 6
2725 6
2726 6
2727 6
2728 6
2729 6
2730 6
2731 6
2732 6
2733 6
2734 6
2735 6
2736 6
2737 6
2738 6
2739 6
2740 6
2741 6
2742 6
2743 6
2744 6
2745 6
2746 6
2747 6
2748 6
2749 6
2750 6
2751 6
2752 6
2753 6
2754 6
2755 6
2756 6
2757 6
2758 6
2759 6
2760 6
2761 6
2762 6
2763 6
2764 6
2765 6
2766 6
2767 6
2768 6
2769 6
2770 6
2771 6
2772 6
2773 6
2774 6
2775 6
2776 6
2777 6
2778 6
2779 6
2780 6
2781 6
2782 6
2783 6
2784 6
2785 6
2786 6
2787 6
2788 6
2789 6
2790 6
2791 6
2792 6
2793 6
2794 6
2795 6
2796 6
2797 6
2798 6
2799 6
2800 6
2801 6
2802 6
2803 6
2804 6
2805 6
2806 6
2807 6
2808 6
2809 6
2810 6
2811 6
2812 6
2813 6
2814 6
2815 6
2816 6
2817 6
2818 6
2819 6
2820 6
2821 6
2822 6
2823 6
2824 6
2825 6
2826 6
2827 6
2828 6
2829 6
2830 6
2831 6
2832 6
2833 6
2834 6
2835 6
2836 6
2837 6
2838 6
2839 6
2840 6
2841 6
2842 6
2843 6
2844 6
2845 6
2846 6
2847 6
2848 6
2849 6
2850 6
2851 6
2852 6
2853 6
2854 6
2855 6
2856 6
2857 6
2858 6
2859 6
2860 6
2861 6
2862 6
2863 6
2864 6
2865 6
2866 6
2867 6
2868 6
2869 6
2870 6
2871 6
2872 6
2873 6
2874 6
2875 6
2876 6
2877 6
2878 6
2879 6
2880 6
2881 6
2882 6
2883 6
2884 6
2885 6
2886 6
2887 6
2888 6
2889 6
2890 6
2891 6
2892 6
2893 6
2894 6
2895 6
2896 6
2897 6
2898 6
2899 6
2900 6
2901 6
2902 6
2903 6
2904 6
2905 6
2906 6
2907 6
2908 6
2909 6
2910 6
2911 6
2912 6
2913 6
2914 6
2915 6
2916 6
2917 6
2918 6
2919 6
2920 6
2921 6
2922 6
2923 6
2924 6
2925 6
2926 6
2927 6
2928 6
2929 6
2930 6
2931 6
2932 6
2933 6
2934 6
2935 6
2936 6
2937 6
2938 6
2939 6
2940 6
2941 6
2942 6
2943 6
2944 6
2945 6
2946 6
2947 6
2948 6
2949 6
2950 6
2951 6
2952 6
2953 6
2954 6
2955 6
2956 6
2957 6
2958 6
2959 6
2960 6
2961 6
2962 6
2963 6
2964 6
2965 6
2966 6
2967 6
2968 6
2969 6
2970 6
2971 6
2972 6
2973 6
2974 6
2975 6
2976 6
2977 6
2978 6
2979 6
2980 6
2981 6
2982 6
2983 6
2984 6
2985 6
2986 6
2987 6
2988 6
2989 6
2990 6
2991 6
2992 6
2993 6
2994 6
2995 6
2996 6
2997 6
2998 6
2999 6
3000 6
3001 6
3002 6
3003 6
3004 6
3005 6
3006 6
3007 6
3008 6
3009 6
3010 6
3011 6
3012 6
3013 6
3014 6
3015 6
3016 6
3017 6
3018 6
3019 6
3020 6
3021 6
3022 6
3023 6
3024 6
3025 6
3026 6
3027 6
3028 6
3029 6
3030 6
3031 6
3032 6
3033 6
3034 6
3035 6
3036 6
3037 6
3038 6
3039 6
3040 6
3041 6
3042 6
3043 6
3044 6
3045 6
3046 6
3047 6
3048 6
3049 6
3050 6
3051 6
3052 6
3053 6
3054 6
3055 6
3056 6
3057 6
3058 6
3059 6
3060 6
3061 6
3062 6
3063 6
3064 6
3065 6
3066 6
3067 6
3068 6
3069 6
3070 6
3071 6
3072 6
3073 6
3074 6
3075 6
3076 6
3077 6
3078 6
3079 6
3080 6
3081 6
3082 6
3083 7
3084 7
3085 7
3086 7
3087 7
3088 7
3089 7
3090 7
3091 7
3092 7
3093 7
3094 7
3095 7
3096 7
3097 7
3098 7
3099 7
3100 7
3101 7
3102 7
3103 7
3104 7
3105 7
3106 7
3107 7
3108 7
3109 7
3110 7
3111 7
3112 7
3113 7
3114 7
3115 7
3116 7
3117 7
3118 7
3119 7
3120 7
3121 7
3122 7
3123 7
3124 7
3125 7
3126 7
3127 7
3128 7
3129 7
3130 7
3131 7
3132 7
3133 7
3134 7
3135 7
3136 7
3137 7
3138 7
3139 7
3140 7
3141 7
3142 7
3143 7
3144 7
3145 7
3146 7
3147 7
3148 7
3149 7
3150 7
3151 7
3152 7
3153 7
3154 7
3155 7
3156 7
3157 7
3158 7
3159 7
3160 7
3161 7
3162 7
3163 7
3164 7
3165 7
3166 7
3167 7
3168 7
3169 7
3170 7
3171 7
3172 7
3173 7
3174 7
3175 7
3176 7
3177 7
3178 7
3179 7
3180 7
3181 7
3182 7
3183 7
3184 7
3185 7
3186 7
3187 7
3188 7
3189 7
3190 7
3191 7
3192 7
3193 7
3194 7
3195 7
3196 7
3197 7
3198 7
3199 7
3200 7
3201 7
3202 7
3203 7
3204 7
3205 7
3206 7
3207 7
3208 7
3209 7
3210 7
3211 7
3212 7
3213 7
3214 8
3215 8
3216 8
3217 8
3218 8
3219 8
3220 8
3221 8
3222 8
3223 8
3224 8
3225 8
3226 8
3227 8
3228 8
3229 8
3230 8
3231 8
3232 8
3233 8
3234 8
3235 8
3236 8
3237 8
3238 8
3239 8
3240 8
3241 8
3242 8
3243 8
3244 8
3245 8
3246 8
3247 8
3248 8
3249 8
3250 8
3251 8
3252 8
3253 8
3254 8
3255 8
3256 8
3257 8
3258 8
3259 8
3260 8
3261 8
3262 8
3263 8
3264 8
3265 8
3266 8
3267 8
3268 8
3269 8
3270 8
3271 8
3272 8
3273 8
3274 8
3275 8
3276 8
3277 8
3278 8
3279 8
3280 8
3281 8
3282 8
3283 8
3284 8
3285 8
3286 8
3287 8
3288 8
3289 8
3290 8
3291 8
3292 8
3293 8
3294 8
3295 8
3296 8
3297 8
3298 8
3299 8
3300 8
3301 8
3302 8
3303 8
3304 8
3305 8
3306 8
3307 8
3308 8
3309 8
3310 8
3311 8
3312 8
3313 8
3314 8
3315 8
3316 8
3317 8
3318 8
3319 8
3320 8
3321 8
3322 8
3323 8
3324 8
3325 8
3326 8
3327 8
3328 8
3329 8
3330 8
3331 8
3332 8
3333 8
3334 8
3335 8
3336 8
3337 8
3338 8
3339 8
3340 8
3341 8
3342 8
3343 8
3344 8
3345 8
3346 8
3347 8
3348 8
3349 8
3350 8
3351 8
3352 8
3353 8
3354 8
3355 8
3356 8
3357 8
3358 8
3359 8
3360 8
3361 8
3362 8
3363 8
3364 8
3365 8
3366 8
3367 8
3368 8
3369 8
3370 8
3371 8
3372 8
3373 8
3374 8
3375 8
3376 8
3377 8
3378 8
3379 8
3380 8
3381 8
3382 8
3383 8
3384 8
3385 8
3386 8
3387 8
3388 8
3389 8
3390 8
3391 8
3392 8
3393 8
3394 8
3395 8
3396 8
3397 8
3398 8
3399 8
3400 8
3401 8
3402 8
3403 8
3404 8
3405 8
3406 8
3407 8
3408 8
3409 8
3410 8
3411 8
3412 8
3413 8
3414 8
3415 8
3416 8
3417 8
3418 8
3419 8
3420 8
3421 8
3422 8
3423 8
3424 8
3425 8
3426 8
3427 8
3428 8
3429 8
3430 8
3431 8
3432 8
3433 8
3434 8
3435 8
3436 8
3437 8
3438 8
3439 8
3440 8
3441 8
3442 8
3443 8
3444 8
3445 8
3446 8
3447 8
3448 8
3449 8
3450 8
3451 8
3452 8
3453 8
3454 8
3455 8
3456 8
3457 8
3458 8
3459 8
3460 8
3461 8
3462 8
3463 8
3464 8
3465 8
3466 8
3467 8
3468 8
3469 8
3470 8
3471 8
3472 8
3473 8
3474 8
3475 8
3476 8
3477 8
3478 8
3479 8
3480 8
3481 8
3482 8
3483 8
3484 8
3485 8
3486 8
3487 8
3488 8
3489 8
3490 8
3491 8
3492 8
3493 8
3494 8
3495 8
3496 8
3497 8
3498 8
3499 8
3500 8
3501 8
3502 8
3503 8
3504 8
3505 8
3506 8
3507 8
3508 8
3509 8
3510 8
3511 8
3512 8
3513 8
3514 8
3515 8
3516 8
3517 8
3518 8
3519 8
3520 8
3521 8
3522 8
3523 8
3524 8
3525 8
3526 8
3527 8
3528 8
3529 8
3530 8
3531 8
3532 8
3533 8
3534 8
3535 8
3536 8
3537 8
3538 8
3539 8
3540 8
3541 8
3542 8
3543 8
3544 8
3545 8
3546 8
3547 8
3548 8
3549 8
3550 8
3551 8
3552 8
3553 8
3554 8
3555 8
3556 8
3557 8
3558 8
3559 8
3560 8
3561 8
3562 8
3563 8
3564 8
3565 8
3566 8
3567 8
3568 8
3569 8
3570 8
3571 8
3572 8
3573 8
3574 8
3575 8
3576 8
3577 8
3578 8
3579 8
3580 8
3581 8
3582 8
3583 8
3584 8
3585 8
3586 8
3587 8
3588 8
3589 8
3590 8
3591 8
3592 8
3593 8
3594 8
3595 8
3596 8
3597 8
3598 8
3599 8
3600 8
3601 8
3602 8
3603 8
3604 8
3605 8
3606 8
3607 8
3608 8
3609 8
3610 8
3611 8
3612 8
3613 8
3614 8
3615 8
3616 8
3617 8
3618 8
3619 8
3620 8
3621 8
3622 8
3623 8
3624 8
3625 8
3626 8
3627 8
3628 8
3629 8
3630 8
3631 8
3632 8
3633 8
3634 8
3635 8
3636 8
3637 8
3638 8
3639 8
3640 8
3641 8
3642 8
3643 8
3644 8
3645 8
3646 8
3647 8
3648 8
3649 8
3650 8
3651 8
3652 8
3653 8
3654 8
3655 8
3656 8
3657 8
3658 8
3659 8
3660 8
3661 8
3662 8
3663 8
3664 8
3665 8
3666 8
3667 8
3668 8
3669 8
3670 8
3671 8
3672 8
3673 8
3674 8
3675 8
3676 8
3677 8
3678 8
3679 8
3680 8
3681 8
3682 8
3683 8
3684 8
3685 8
3686 8
3687 8
3688 8
3689 8
3690 8
3691 8
3692 8
3693 8
3694 8
3695 8
3696 8
3697 8
3698 8
3699 8
3700 8
3701 8
3702 8
3703 8
3704 8
3705 8
3706 8
3707 8
3708 8
3709 8
3710 8
3711 8
3712 8
3713 8
3714 8
3715 8
3716 8
3717 8
3718 8
3719 8
3720 8
3721 8
3722 8
3723 8
3724 8
3725 8
3726 8
3727 8
3728 8
3729 8
3730 8
3731 8
3732 8
3733 8
3734 8
3735 8
3736 8
3737 8
3738 8
3739 8
3740 8
3741 8
3742 8
3743 8
3744 8
3745 8
3746 8
3747 8
3748 8
3749 8
3750 8
3751 8
3752 8
3753 8
3754 8
3755 8
3756 8
3757 8
3758 8
3759 8
3760 8
3761 8
3762 8
3763 8
3764 8
3765 8
3766 8
3767 8
3768 8
3769 8
3770 8
3771 8
3772 8
3773 8
3774 8
3775 8
3776 8
3777 8
3778 8
3779 8
3780 8
3781 8
3782 8
3783 8
3784 8
3785 8
3786 8
3787 8
3788 8
3789 8
3790 8
3791 8
3792 8
3793 8
3794 8
3795 8
3796 8
3797 8
3798 8
3799 8
3800 8
3801 8
3802 8
3803 8
3804 8
3805 8
3806 8
3807 8
3808 8
3809 8
3810 8
3811 8
3812 8
3813 8
3814 8
3815 8
3816 8
3817 8
3818 8
3819 8
3820 8
3821 8
3822 8
3823 8
3824 8
3825 8
3826 8
3827 8
3828 8
3829 8
3830 8
3831 8
3832 8
3833 8
3834 8
3835 8
3836 8
3837 8
3838 8
3839 8
3840 8
3841 8
3842 8
3843 8
3844 8
3845 8
3846 8
3847 8
3848 8
3849 8
3850 8
3851 8
3852 8
3853 8
3854 8
3855 8
3856 8
3857 8
3858 8
3859 8
3860 8
3861 8
3862 8
3863 8
3864 8
3865 8
3866 8
3867 8
3868 8
3869 8
3870 8
3871 8
3872 8
3873 8
3874 8
3875 8
3876 8
3877 8
3878 8
3879 8
3880 8
3881 8
3882 8
3883 8
3884 8
3885 8
3886 8
3887 8
3888 8
3889 8
3890 8
3891 8
3892 8
3893 8
3894 8
3895 8
3896 8
3897 8
3898 8
3899 8
3900 8
3901 8
3902 8
3903 8
3904 8
3905 8
3906 8
3907 8
3908 8
3909 8
3910 8
3911 8
3912 8
3913 8
3914 8
3915 8
3916 8
3917 8
3918 8
3919 8
3920 8
3921 8
3922 8
3923 8
3924 8
3925 8
3926 8
3927 8
3928 8
3929 8
3930 8
3931 8
3932 8
3933 8
3934 8
3935 8
3936 8
3937 8
3938 8
3939 8
3940 8
3941 8
3942 8
3943 8
3944 8
3945 8
3946 8
3947 8
3948 8
3949 8
3950 8
3951 8
3952 8
3953 8
3954 8
3955 8
3956 8
3957 8
3958 8
3959 8
3960 8
3961 8
3962 8
3963 8
3964 8
3965 8
3966 8
3967 8
3968 8
3969 8
3970 8
3971 8
3972 8
3973 8
3974 8
3975 8
3976 8
3977 8
3978 8
3979 8
3980 8
3981 8
3982 8
3983 8
3984 8
3985 8
3986 8
3987 8
3988 8
3989 8
3990 8
3991 8
3992 8
3993 8
3994 8
3995 8
3996 8
3997 8
3998 8
3999 8
4000 8
4001 8
4002 8
4003 8
4004 8
4005 8
4006 8
4007 8
4008 8
4009 8
4010 8
4011 8
4012 8
4013 8
4014 8
4015 8
4016 8
4017 8
4018 8
4019 8
4020 8
4021 8
4022 8
4023 8
4024 8
4025 8
4026 8
4027 8
4028 8
4029 8
4030 8
4031 8
4032 8
4033 8
4034 8
4035 8
4036 8
4037 8
4038 8
4039 8
4040 8
4041 8
4042 8
4043 8
4044 8
4045 8
4046 8
4047 8
4048 8
4049 8
4050 8
4051 8
4052 8
4053 8
4054 8
4055 8
4056 8
4057 8
4058 8
4059 8
4060 8
4061 8
4062 8
4063 8
4064 8
4065 8
4066 8
4067 8
4068 8
4069 8
4070 8
4071 8
4072 8
4073 8
4074 8
4075 8
4076 8
4077 8
4078 8
4079 8
4080 8
4081 8
4082 8
4083 8
4084 8
4085 8
4086 8
4087 8
4088 8
4089 8
4090 8
4091 8
4092 8
4093 8
4094 8
4095 8
4096 8
4097 8
4098 8
4099 8
4100 8
4101 8
4102 8
4103 8
4104 8
4105 8
4106 8
4107 8
4108 8
4109 8
4110 8
4111 8
4112 8
4113 8
4114 8
4115 8
4116 8
4117 8
4118 8
4119 8
4120 8
4121 8
4122 8
4123 8
4124 8
4125 8
4126 8
4127 8
4128 8
4129 8
4130 8
4131 8
4132 8
4133 8
4134 8
4135 8
4136 9
4137 9
4138 9
4139 9
4140 9
4141 9
4142 9
4143 9
4144 9
4145 9
4146 9
4147 9
4148 9
4149 9
4150 9
4151 9
4152 9
4153 9
4154 9
4155 9
4156 9
4157 9
4158 9
4159 9
4160 9
4161 9
4162 9
4163 9
4164 9
4165 9
4166 9
4167 9
4168 9
4169 9
4170 9
4171 9
4172 9
4173 9
4174 9
4175 9
4176 9
4177 9
4178 9
4179 9
4180 9
4181 9
4182 9
4183 9
4184 9
4185 9
4186 9
4187 9
4188 9
4189 9
4190 9
4191 9
4192 9
4193 9
4194 9
4195 9
4196 9
4197 9
4198 9
4199 9
4200 9
4201 9
4202 9
4203 9
4204 9
4205 9
4206 9
4207 9
4208 9
4209 9
4210 9
4211 9
4212 9
4213 9
4214 9
4215 9
4216 9
4217 9
4218 9
4219 9
4220 9
4221 9
4222 9
4223 9
4224 9
4225 9
4226 9
4227 9
4228 9
4229 9
4230 9
4231 9
4232 9
4233 9
4234 9
4235 9
4236 9
4237 9
4238 9
4239 9
4240 9
4241 9
4242 9
4243 9
4244 9
4245 9
4246 9
4247 9
4248 9
4249 9
4250 9
4251 9
4252 9
4253 9
4254 9
4255 9
4256 9
4257 9
4258 9
4259 9
4260 9
4261 9
4262 9
4263 9
4264 9
4265 9
4266 9
4267 9
4268 9
4269 9
4270 9
4271 9
4272 9
4273 9
4274 9
4275 9
4276 9
4277 9
4278 9
4279 9
4280 9
4281 9
4282 9
4283 9
4284 9
4285 9
4286 9
4287 9
4288 9
4289 9
4290 9
4291 9
4292 9
4293 9
4294 9
4295 9
4296 9
4297 9
4298 9
4299 9
4300 9
4301 9
4302 9
4303 9
4304 9
4305 9
4306 9
4307 9
4308 9
4309 9
4310 9
4311 9
4312 9
4313 9
4314 9
4315 9
4316 9
4317 9
4318 9
4319 9
4320 9
4321 9
4322 9
4323 9
4324 9
4325 9
4326 9
4327 9
4328 9
4329 9
4330 9
4331 9
4332 9
4333 9
4334 9
4335 9
4336 9
4337 9
4338 9
4339 9
4340 9
4341 9
4342 9
4343 9
4344 9
4345 9
4346 9
4347 9
4348 9
4349 9
4350 9
4351 9
4352 9
4353 9
4354 9
4355 9
4356 9
4357 9
4358 9
4359 9
4360 9
4361 9
4362 9
4363 9
4364 9
4365 9
4366 9
4367 9
4368 9
4369 9
4370 9
4371 9
4372 9
4373 9
4374 9
4375 9
4376 9
4377 9
4378 9
4379 9
4380 9
4381 9
4382 9
4383 9
4384 9
4385 9
4386 9
4387 9
4388 9
4389 9
4390 9
4391 9
4392 9
4393 9
4394 9
4395 9
4396 9
4397 9
4398 9
4399 9
4400 9
4401 9
4402 9
4403 9
4404 9
4405 9
4406 9
4407 9
4408 9
4409 9
4410 9
4411 9
4412 9
4413 9
4414 9
4415 9
4416 9
4417 9
4418 9
4419 9
4420 9
4421 9
4422 9
4423 9
4424 9
4425 9
4426 9
4427 9
4428 9
4429 9
4430 9
4431 9
4432 9
4433 9
4434 9
4435 9
4436 9
4437 9
4438 9
4439 9
4440 9
4441 9
4442 9
4443 9
4444 9
4445 9
4446 9
4447 9
4448 9
4449 9
4450 9
4451 9
4452 9
4453 9
4454 9
4455 9
4456 9
4457 9
4458 9
4459 9
4460 9
4461 9
4462 9
4463 9
4464 9
4465 9
4466 9
4467 9
4468 9
4469 9
4470 9
4471 9
4472 9
4473 9
4474 9
4475 9
4476 9
4477 9
4478 9
4479 9
4480 9
4481 9
4482 9
4483 9
4484 9
4485 9
4486 9
4487 9
4488 9
4489 9
4490 9
4491 9
4492 9
4493 9
4494 9
4495 9
4496 9
4497 9
4498 9
4499 9
4500 9
4501 9
4502 9
4503 9
4504 9
4505 9
4506 9
4507 9
4508 9
4509 9
4510 9
4511 9
4512 9
4513 9
4514 9
4515 9
4516 9
4517 9
4518 9
4519 9
4520 9
4521 9
4522 9
4523 9
4524 9
4525 9
4526 9
4527 9
4528 9
4529 9
4530 9
4531 9
4532 9
4533 9
4534 9
4535 9
4536 9
4537 9
4538 9
4539 9
4540 9
4541 9
4542 9
4543 9
4544 9
4545 9
4546 9
4547 9
4548 9
4549 9
4550 9
4551 9
4552 9
4553 9
4554 9
4555 9
4556 9
4557 9
4558 9
4559 9
4560 9
4561 9
4562 9
4563 9
4564 9
4565 9
4566 9
4567 9
4568 9
4569 9
4570 9
4571 9
4572 9
4573 9
4574 9
4575 9
4576 9
4577 9
4578 9
4579 9
4580 9
4581 9
4582 9
4583 9
4584 9
4585 9
4586 9
4587 9
4588 9
4589 9
4590 9
4591 9
4592 9
4593 9
4594 9
4595 9
4596 9
4597 9
4598 9
4599 9
4600 9
4601 9
4602 9
4603 9
4604 9
4605 9
4606 9
4607 9
4608 9
4609 9
4610 9
4611 9
4612 9
4613 9
4614 9
4615 9
4616 9
4617 9
4618 9
4619 9
4620 9
4621 9
4622 9
4623 9
4624 9
4625 9
4626 9
4627 9
4628 9
4629 9
4630 9
4631 9
4632 9
4633 9
4634 9
4635 9
4636 9
4637 9
4638 9
4639 9
4640 9
4641 9
4642 9
4643 9
4644 9
4645 9
4646 9
4647 9
4648 9
4649 9
4650 9
4651 9
4652 9
4653 9
4654 9
4655 9
4656 9
4657 9
4658 9
4659 9
4660 9
4661 9
4662 9
4663 9
4664 9
4665 9
4666 9
4667 9
4668 9
4669 9
4670 9
4671 9
4672 9
4673 9
4674 9
4675 9
4676 9
4677 9
4678 9
4679 9
4680 9
4681 9
4682 9
4683 9
4684 9
4685 9
4686 9
4687 9
4688 9
4689 9
4690 9
4691 9
4692 9
4693 9
4694 9
4695 9
4696 9
4697 9
4698 9
4699 9
4700 9
4701 9
4702 9
4703 9
4704 9
4705 9
4706 9
4707 9
4708 9
4709 9
4710 9
4711 9
4712 9
4713 9
4714 9
4715 9
4716 9
4717 9
4718 9
4719 9
4720 9
4721 9
4722 9
4723 9
4724 9
4725 9
4726 9
4727 9
4728 9
4729 9
4730 9
4731 9
4732 9
4733 9
4734 9
4735 9
4736 9
4737 9
4738 9
4739 9
4740 9
4741 9
4742 9
4743 9
4744 9
4745 9
4746 9
4747 9
4748 9
4749 9
4750 9
4751 9
4752 9
4753 9
4754 9
4755 9
4756 9
4757 9
4758 9
4759 9
4760 9
4761 9
4762 9
4763 9
4764 9
4765 9
4766 9
4767 9
4768 9
4769 9
4770 9
4771 9
4772 9
4773 9
4774 9
4775 9
4776 9
4777 9
4778 9
4779 9
4780 9
4781 9
4782 9
4783 9
4784 9
4785 9
4786 9
4787 9
4788 9
4789 9
4790 9
4791 9
4792 9
4793 9
4794 9
4795 9
4796 9
4797 9
4798 9
4799 9
4800 9
4801 9
4802 9
4803 9
4804 9
4805 9
4806 9
4807 9
4808 9
4809 9
4810 9
4811 9
4812 9
4813 9
4814 9
4815 9
4816 9
4817 9
4818 9
4819 9
4820 9
4821 9
4822 9
4823 9
4824 9
4825 9
4826 9
4827 9
4828 9
4829 9
4830 9
4831 9
4832 9
4833 9
4834 9
4835 9
4836 9
4837 9
4838 9
4839 9
4840 10
4841 10
4842 10
4843 10
4844 10
4845 10
4846 10
4847 10
4848 10
4849 10
4850 10
4851 10
4852 10
4853 10
4854 10
4855 10
4856 10
4857 10
4858 10
4859 10
4860 10
4861 10
4862 10
4863 10
4864 10
4865 10
4866 10
4867 10
4868 10
4869 10
4870 10
4871 10
4872 10
4873 10
4874 10
4875 10
4876 10
4877 10
4878 10
4879 10
4880 10
4881 10
4882 10
4883 10
4884 10
4885 10
4886 10
4887 10
4888 10
4889 10
4890 10
4891 10
4892 10
4893 10
4894 10
4895 10
4896 10
4897 10
4898 10
4899 10
4900 10
4901 10
4902 10
4903 10
4904 10
4905 10
4906 10
4907 11
4908 11
4909 11
4910 11
4911 11
4912 11
4913 11
4914 11
4915 11
4916 11
4917 11
4918 11
4919 11
4920 11
4921 11
4922 11
4923 11
4924 11
4925 11
4926 11
4927 11
4928 11
4929 11
4930 11
4931 11
4932 11
4933 11
4934 11
4935 11
4936 11
4937 11
4938 11
4939 11
4940 11
4941 11
4942 11
4943 11
4944 11
4945 11
4946 11
4947 11
4948 11
4949 11
4950 11
4951 11
4952 11
4953 11
4954 11
4955 11
4956 11
4957 11
4958 11
4959 11
4960 11
4961 11
4962 11
4963 11
4964 11
4965 11
4966 11
4967 11
4968 11
4969 11
4970 11
4971 11
4972 11
4973 11
4974 11
4975 11
4976 11
4977 11
4978 11
4979 11
4980 11
4981 11
4982 11
4983 11
4984 11
4985 11
4986 11
4987 11
4988 11
4989 11
4990 11
4991 11
4992 11
4993 11
4994 11
4995 11
4996 11
4997 11
4998 11
4999 11
5000 11
5001 11
5002 11
5003 11
5004 11
5005 11
5006 11
5007 11
5008 11
5009 11
5010 11
5011 11
5012 11
5013 11
5014 11
5015 11
5016 11
5017 11
5018 11
5019 11
5020 11
5021 11
5022 11
5023 11
5024 11
5025 11
5026 11
5027 11
5028 11
5029 11
5030 11
5031 11
5032 11
5033 11
5034 11
5035 11
5036 11
5037 11
5038 11
5039 11
5040 11
5041 11
5042 11
5043 11
5044 11
5045 11
5046 11
5047 11
5048 11
5049 11
5050 11
5051 11
5052 11
5053 11
5054 11
5055 11
5056 11
5057 11
5058 11
5059 11
5060 11
5061 11
5062 11
5063 11
5064 11
5065 11
5066 11
5067 11
5068 11
5069 11
5070 11
5071 11
5072 11
5073 11
5074 11
5075 11
5076 11
5077 11
5078 11
5079 11
5080 11
5081 11
5082 11
5083 11
5084 11
5085 11
5086 11
5087 11
5088 11
5089 11
5090 11
5091 11
5092 11
5093 11
5094 11
5095 11
5096 11
5097 11
5098 11
5099 11
5100 11
5101 11
5102 11
5103 11
5104 11
5105 11
5106 11
5107 11
5108 11
5109 11
5110 11
5111 11
5112 11
5113 11
5114 11
5115 11
5116 11
5117 11
5118 11
5119 11
5120 11
5121 11
5122 11
5123 11
5124 11
5125 11
5126 11
5127 11
5128 11
5129 11
5130 11
5131 11
5132 11
5133 11
5134 11
5135 11
5136 11
5137 11
5138 11
5139 11
5140 11
5141 11
5142 11
5143 11
5144 11
5145 11
5146 11
5147 11
5148 11
5149 11
5150 11
5151 11
5152 11
5153 11
5154 11
5155 11
5156 11
5157 11
5158 11
5159 11
5160 11
5161 11
5162 11
5163 11
5164 11
5165 11
5166 11
5167 11
5168 11
5169 11
5170 11
5171 11
5172 11
5173 11
5174 11
5175 11
5176 11
5177 11
5178 11
5179 11
5180 11
5181 11
5182 11
5183 11
5184 11
5185 11
5186 11
5187 11
5188 11
5189 11
5190 11
5191 11
5192 11
5193 11
5194 11
5195 11
5196 11
5197 11
5198 11
5199 11
5200 11
5201 11
5202 11
5203 11
5204 11
5205 11
5206 11
5207 11
5208 11
5209 11
5210 11
5211 11
5212 11
5213 11
5214 11
5215 11
5216 11
5217 11
5218 11
5219 11
5220 11
5221 11
5222 11
5223 11
5224 11
5225 11
5226 11
5227 11
5228 11
5229 11
5230 11
5231 11
5232 11
5233 11
5234 11
5235 11
5236 11
5237 11
5238 11
5239 11
5240 11
5241 11
5242 11
5243 11
5244 11
5245 11
5246 11
5247 11
5248 11
5249 11
5250 11
5251 11
5252 11
5253 11
5254 11
5255 11
5256 11
5257 11
5258 11
5259 11
5260 11
5261 11
5262 11
5263 11
5264 11
5265 11
5266 11
5267 11
5268 11
5269 11
5270 11
5271 12
5272 12
5273 12
5274 12
5275 12
5276 12
5277 12
5278 12
5279 12
5280 12
5281 12
5282 12
5283 12
5284 12
5285 12
5286 12
5287 12
5288 12
5289 12
5290 12
5291 12
5292 12
5293 12
5294 12
5295 12
5296 12
5297 12
5298 13
5299 13
5300 13
5301 13
5302 14
5303 14
5304 14
5305 14
5306 14
5307 14
5308 14
5309 14
5310 14
5311 14
5312 14
5313 14
5314 14
5315 14
5316 14
5317 14
5318 14
5319 14
5320 14
5321 14
5322 14
5323 14
5324 14
5325 14
5326 14
5327 14
5328 14
5329 14
5330 14
5331 14
5332 14
5333 14
5334 14
5335 14
5336 14
5337 14
5338 14
5339 14
5340 14
5341 14
5342 14
5343 14
5344 14
5345 14
5346 14
5347 14
5348 14
5349 14
5350 14
5351 14
5352 14
5353 14
5354 14
5355 14
5356 14
5357 14
5358 14
5359 14
5360 14
5361 14
5362 14
5363 14
5364 14
5365 14
5366 14
5367 14
5368 14
5369 14
5370 14
5371 14
5372 14
5373 14
5374 14
5375 14
5376 14
5377 14
5378 14
5379 14
5380 14
5381 14
5382 14
5383 14
5384 14
5385 14
5386 14
5387 14
5388 14
5389 14
5390 14
5391 14
5392 14
5393 14
5394 14
5395 14
5396 14
5397 14
5398 14
5399 14
5400 14
5401 14
5402 14
5403 14
5404 14
5405 14
5406 14
5407 14
5408 14
5409 14
5410 14
5411 14
5412 14
5413 14
5414 14
5415 14
5416 14
5417 14
5418 14
5419 14
5420 14
5421 14
5422 14
5423 14
5424 14
5425 14
5426 14
5427 14
5428 14
5429 14
5430 14
5431 14
5432 14
5433 14
5434 14
5435 14
5436 14
5437 14
5438 14
5439 14
5440 14
5441 15
5442 15
5443 15
5444 15
5445 15
5446 15
5447 15
5448 15
5449 15
5450 15
5451 15
5452 15
5453 15
5454 16
5455 16
5456 16
5457 16
5458 16
5459 16
5460 16
5461 16
5462 16
5463 16
5464 16
5465 16
5466 16
5467 16
5468 16
5469 16
5470 16
5471 16
5472 16
5473 16
5474 16
5475 16
5476 16
5477 16
5478 16
5479 16
5480 16
5481 16
5482 16
5483 16
5484 16
5485 16
5486 16
5487 16
5488 16
5489 16
5490 16
5491 16
5492 16
5493 16
5494 16
5495 16
5496 16
5497 16
5498 16
5499 16
5500 16
5501 16
5502 16
5503 16
5504 16
5505 16
5506 16
5507 16
5508 16
5509 16
5510 16
5511 16
5512 16
5513 16
5514 16
5515 16
5516 16
5517 16
5518 16
5519 16
5520 17
5521 17
5522 17
5523 17
5524 17
5525 17
5526 17
5527 17
5528 17
5529 17
5530 17
5531 17
5532 17
5533 17
5534 17
5535 17
5536 17
5537 17
5538 17
5539 17
5540 17
5541 17
5542 17
5543 17
5544 17
5545 17
5546 17
5547 17
5548 17
5549 17
5550 17
5551 17
5552 17
5553 17
5554 17
5555 17
5556 17
5557 17
5558 17
5559 17
5560 17
5561 17
5562 17
5563 17
5564 17
5565 17
5566 17
5567 17
5568 17
5569 17
5570 17
5571 17
5572 17
5573 17
5574 17
5575 17
5576 17
5577 17
5578 17
5579 17
5580 17
5581 17
5582 17
5583 17
5584 17
5585 17
5586 17
5587 17
5588 17
5589 17
5590 17
5591 17
5592 17
5593 17
5594 17
5595 17
5596 17
5597 17
5598 17
5599 17
5600 17
5601 17
5602 17
5603 18
5604 18
5605 18
5606 18
5607 18
5608 18
5609 18
5610 18
5611 18
5612 18
5613 18
5614 18
5615 18
5616 18
5617 18
5618 18
5619 18
5620 18
5621 18
5622 18
5623 18
5624 18
5625 18
5626 18
5627 18
5628 18
5629 18
5630 18
5631 18
5632 18
5633 18
5634 18
5635 18
5636 18
5637 18
5638 18
5639 18
5640 18
5641 18
5642 18
5643 18
5644 18
5645 18
5646 18
5647 18
5648 18
5649 18
5650 18
5651 18
5652 18
5653 18
5654 18
5655 18
5656 18
5657 18
5658 18
5659 18
5660 18
5661 18
5662 18
5663 18
5664 18
5665 18
5666 18
5667 18
5668 18
5669 18
5670 18
5671 18
5672 18
5673 18
5674 18
5675 18
5676 18
5677 18
5678 18
5679 18
5680 18
5681 18
5682 18
5683 18
5684 18
5685 18
5686 18
5687 18
5688 18
5689 18
5690 18
5691 18
5692 18
5693 18
5694 18
5695 18
5696 18
5697 18
5698 18
5699 18
5700 18
5701 18
5702 18
5703 18
5704 18
5705 18
5706 18
5707 18
5708 18
5709 18
5710 18
5711 18
5712 18
5713 18
5714 18
5715 18
5716 18
5717 18
5718 18
5719 18
5720 18
5721 18
5722 18
5723 18
5724 18
5725 18
5726 18
5727 18
5728 18
5729 18
5730 18
5731 18
5732 18
5733 18
5734 18
5735 18
5736 18
5737 18
5738 18
5739 18
5740 18
5741 18
5742 18
5743 18
5744 18
5745 18
5746 18
5747 18
5748 18
5749 18
5750 18
5751 18
5752 18
5753 18
5754 18
5755 18
5756 18
5757 18
5758 18
5759 18
5760 18
5761 18
5762 18
5763 18
5764 18
5765 18
5766 18
5767 18
5768 18
5769 18
5770 18
5771 18
5772 18
5773 18
5774 18
5775 18
5776 18
5777 18
5778 18
5779 18
5780 18
5781 18
5782 18
5783 18
5784 18
5785 18
5786 18
5787 18
5788 18
5789 18
5790 18
5791 18
5792 18
5793 18
5794 18
5795 18
5796 18
5797 18
5798 18
5799 18
5800 18
5801 18
5802 18
5803 18
5804 18
5805 18
5806 18
5807 18
5808 18
5809 18
5810 18
5811 18
5812 18
5813 18
5814 18
5815 18
5816 18
5817 18
5818 18
5819 18
5820 18
5821 18
5822 18
5823 18
5824 18
5825 18
5826 18
5827 18
5828 18
5829 18
5830 18
5831 18
5832 18
5833 18
5834 18
5835 18
5836 18
5837 18
5838 18
5839 18
5840 18
5841 18
5842 18
5843 18
5844 18
5845 18
5846 18
5847 18
5848 18
5849 18
5850 18
5851 18
5852 18
5853 18
5854 18
5855 18
5856 18
5857 18
5858 18
5859 18
5860 18
5861 18
5862 18
5863 18
5864 18
5865 18
5866 18
5867 18
5868 18
5869 18
5870 18
5871 18
5872 18
5873 18
5874 18
5875 18
5876 18
5877 18
5878 18
5879 18
5880 18
5881 18
5882 18
5883 18
5884 18
5885 18
5886 18
5887 18
5888 18
5889 18
5890 18
5891 18
5892 18
5893 18
5894 18
5895 18
5896 18
5897 18
5898 18
5899 18
5900 18
5901 18
5902 18
5903 18
5904 18
5905 18
5906 18
5907 18
5908 18
5909 18
5910 18
5911 18
5912 18
5913 18
5914 18
5915 18
5916 18
5917 18
5918 18
5919 18
5920 18
5921 18
5922 18
5923 18
5924 18
5925 18
5926 18
5927 18
5928 18
5929 18
5930 18
5931 18
5932 18
5933 18
5934 18
5935 18
5936 18
5937 18
5938 18
5939 18
5940 18
5941 18
5942 18
5943 18
5944 18
5945 18
5946 18
5947 18
5948 18
5949 18
5950 18
5951 18
5952 18
5953 18
5954 18
5955 18
5956 18
5957 18
5958 18
5959 18
5960 18
5961 18
5962 18
5963 18
5964 18
5965 18
5966 18
5967 18
5968 18
5969 18
5970 18
5971 18
5972 18
5973 18
5974 18
5975 18
5976 18
5977 18
5978 18
5979 18
5980 18
5981 18
5982 18
5983 18
5984 18
5985 18
5986 18
5987 18
5988 18
5989 18
5990 18
5991 18
5992 18
5993 18
5994 18
5995 18
5996 18
5997 18
5998 18
5999 18
6000 18
6001 18
6002 18
6003 18
6004 18
6005 18
6006 18
6007 18
6008 18
6009 18
6010 18
6011 18
6012 18
6013 18
6014 18
6015 18
6016 18
6017 18
6018 18
6019 18
6020 18
6021 18
6022 18
6023 18
6024 18
6025 18
6026 18
6027 18
6028 18
6029 18
6030 18
6031 18
6032 18
6033 18
6034 18
6035 18
6036 18
6037 18
6038 18
6039 18
6040 18
6041 18
6042 18
6043 18
6044 18
6045 18
6046 18
6047 18
6048 18
6049 18
6050 18
6051 18
6052 18
6053 18
6054 18
6055 18
6056 18
6057 18
6058 18
6059 18
6060 18
6061 18
6062 18
6063 18
6064 18
6065 18
6066 18
6067 18
6068 18
6069 18
6070 18
6071 18
6072 18
6073 18
6074 18
6075 18
6076 18
6077 18
6078 18
6079 18
6080 18
6081 18
6082 18
6083 18
6084 18
6085 18
6086 18
6087 18
6088 18
6089 18
6090 18
6091 18
6092 18
6093 18
6094 18
6095 18
6096 18
6097 18
6098 18
6099 18
6100 18
6101 18
6102 18
6103 18
6104 18
6105 18
6106 18
6107 18
6108 18
6109 18
6110 18
6111 18
6112 18
6113 18
6114 18
6115 18
6116 18
6117 18
6118 18
6119 18
6120 18
6121 18
6122 18
6123 18
6124 18
6125 18
6126 18
6127 18
6128 18
6129 19
6130 19
6131 19
6132 19
6133 19
6134 19
6135 19
6136 19
6137 19
6138 19
6139 19
6140 19
6141 19
6142 19
6143 19
6144 19
6145 19
6146 19
6147 19
6148 19
6149 19
6150 19
6151 19
6152 19
6153 19
6154 19
6155 19
6156 19
6157 19
6158 19
6159 19
6160 19
6161 19
6162 19
6163 19
6164 19
6165 19
6166 19
6167 19
6168 19
6169 19
6170 19
6171 19
6172 19
6173 19
6174 19
6175 19
6176 19
6177 19
6178 19
6179 19
6180 19
6181 19
6182 19
6183 19
6184 19
6185 19
6186 19
6187 19
6188 19
6189 19
6190 19
6191 19
6192 19
6193 19
6194 19
6195 19
6196 19
6197 19
6198 19
6199 19
6200 19
6201 19
6202 19
6203 19
6204 19
6205 19
6206 19
6207 19
6208 19
6209 19
6210 19
6211 19
6212 19
6213 19
6214 19
6215 19
6216 19
6217 19
6218 19
6219 19
6220 19
6221 19
6222 19
6223 19
6224 19
6225 19
6226 19
6227 19
6228 19
6229 19
6230 19
6231 19
6232 19
6233 19
6234 19
6235 19
6236 19
6237 19
6238 19
6239 19
6240 19
6241 19
6242 19
6243 19
6244 19
6245 19
6246 19
6247 19
6248 19
6249 19
6250 19
6251 19
6252 19
6253 19
6254 19
6255 19
6256 19
6257 19
6258 19
6259 19
6260 19
6261 19
6262 19
6263 19
6264 19
6265 19
6266 19
6267 19
6268 19
6269 19
6270 19
6271 19
6272 19
6273 19
6274 19
6275 19
6276 19
6277 19
6278 19
6279 19
6280 19
6281 19
6282 19
6283 19
6284 19
6285 19
6286 19
6287 19
6288 19
6289 19
6290 19
6291 19
6292 19
6293 19
6294 19
6295 19
6296 19
6297 19
6298 19
6299 19
6300 19
6301 19
6302 19
6303 19
6304 19
6305 19
6306 19
6307 19
6308 19
6309 19
6310 19
6311 19
6312 19
6313 19
6314 19
6315 19
6316 19
6317 19
6318 19
6319 19
6320 19
6321 19
6322 19
6323 19
6324 19
6325 19
6326 19
6327 19
6328 19
6329 19
6330 19
6331 19
6332 19
6333 19
6334 19
6335 19
6336 19
6337 19
6338 19
6339 19
6340 19
6341 19
6342 19
6343 19
6344 19
6345 19
6346 19
6347 19
6348 19
6349 19
6350 19
6351 19
6352 19
6353 19
6354 19
6355 19
6356 19
6357 19
6358 19
6359 19
6360 19
6361 19
6362 19
6363 19
6364 19
6365 19
6366 19
6367 19
6368 19
6369 19
6370 19
6371 19
6372 19
6373 19
6374 19
6375 19
6376 19
6377 19
6378 19
6379 19
6380 19
6381 19
6382 19
6383 19
6384 19
6385 19
6386 19
6387 19
6388 19
6389 19
6390 19
6391 19
6392 19
6393 19
6394 19
6395 19
6396 19
6397 19
6398 19
6399 19
6400 19
6401 19
6402 19
6403 19
6404 19
6405 19
6406 19
6407 19
6408 19
6409 19
6410 19
6411 19
6412 19
6413 19
6414 19
6415 19
6416 19
6417 19
6418 19
6419 19
6420 19
6421 19
6422 19
6423 19
6424 19
6425 19
6426 19
6427 19
6428 19
6429 19
6430 19
6431 19
6432 19
6433 19
6434 19
6435 19
6436 19
6437 19
6438 19
6439 19
6440 19
6441 19
6442 19
6443 19
6444 19
6445 19
6446 19
6447 19
6448 19
6449 19
6450 19
6451 19
6452 19
6453 19
6454 19
6455 19
6456 19
6457 19
6458 19
6459 19
6460 19
6461 19
6462 19
6463 19
6464 19
6465 19
6466 19
6467 19
6468 19
6469 19
6470 19
6471 19
6472 19
6473 19
6474 19
6475 19
6476 19
6477 19
6478 19
6479 19
6480 19
6481 19
6482 19
6483 19
6484 19
6485 19
6486 19
6487 19
6488 19
6489 19
6490 19
6491 19
6492 19
6493 19
6494 19
6495 19
6496 19
6497 19
6498 19
6499 19
6500 19
6501 19
6502 19
6503 19
6504 19
6505 19
6506 19
6507 19
6508 19
6509 19
6510 19
6511 19
6512 19
6513 19
6514 19
6515 19
6516 19
6517 19
6518 19
6519 19
6520 19
6521 19
6522 19
6523 19
6524 19
6525 19
6526 19
6527 19
6528 19
6529 19
6530 19
6531 19
6532 19
6533 19
6534 19
6535 19
6536 19
6537 19
6538 19
6539 19
6540 19
6541 19
6542 19
6543 19
6544 19
6545 19
6546 19
6547 19
6548 19
6549 19
6550 19
6551 19
6552 19
6553 19
6554 19
6555 19
6556 19
6557 19
6558 19
6559 19
6560 19
6561 19
6562 19
6563 19
6564 19
6565 19
6566 19
6567 19
6568 19
6569 19
6570 19
6571 19
6572 19
6573 19
6574 19
6575 19
6576 19
6577 19
6578 19
6579 19
6580 19
6581 19
6582 19
6583 19
6584 19
6585 19
6586 19
6587 19
6588 19
6589 19
6590 19
6591 19
6592 19
6593 19
6594 19
6595 19
6596 19
6597 19
6598 19
6599 19
6600 19
6601 19
6602 19
6603 19
6604 19
6605 19
6606 19
6607 19
6608 19
6609 19
6610 19
6611 19
6612 19
6613 19
6614 19
6615 19
6616 19
6617 19
6618 19
6619 19
6620 19
6621 19
6622 19
6623 19
6624 19
6625 19
6626 19
6627 19
6628 19
6629 19
6630 19
6631 19
6632 19
6633 19
6634 19
6635 19
6636 19
6637 19
6638 19
6639 19
6640 19
6641 19
6642 19
6643 19
6644 19
6645 19
6646 19
6647 19
6648 19
6649 19
6650 19
6651 19
6652 19
6653 19
6654 19
6655 19
6656 19
6657 19
6658 19
6659 19
6660 19
6661 19
6662 19
6663 19
6664 19
6665 19
6666 19
6667 19
6668 19
6669 19
6670 19
6671 19
6672 19
6673 19
6674 19
6675 19
6676 19
6677 19
6678 19
6679 19
6680 19
6681 19
6682 19
6683 19
6684 19
6685 19
6686 19
6687 19
6688 19
6689 19
6690 19
6691 19
6692 19
6693 19
6694 19
6695 19
6696 19
6697 19
6698 19
6699 19
6700 19
6701 19
6702 19
6703 19
6704 19
6705 19
6706 19
6707 19
6708 19
6709 19
6710 19
6711 19
6712 19
6713 19
6714 19
6715 19
6716 19
6717 19
6718 19
6719 19
6720 19
6721 19
6722 19
6723 19
6724 19
6725 19
6726 19
6727 19
6728 19
6729 19
6730 19
6731 19
6732 19
6733 19
6734 19
6735 19
6736 19
6737 19
6738 19
6739 19
6740 19
6741 19
6742 19
6743 19
6744 19
6745 19
6746 19
6747 19
6748 19
6749 19
6750 19
6751 19
6752 20
6753 20
6754 20
6755 20
6756 20
6757 20
6758 20
6759 20
6760 20
6761 20
6762 20
6763 20
6764 20
6765 20
6766 20
6767 20
6768 20
6769 20
6770 20
6771 20
6772 20
6773 20
6774 20
6775 20
6776 20
6777 20
6778 20
6779 20
6780 20
6781 20
6782 20
6783 20
6784 20
6785 20
6786 20
6787 20
6788 20
6789 20
6790 20
6791 20
6792 20
6793 20
6794 20
6795 20
6796 20
6797 20
6798 20
6799 20
6800 20
6801 20
6802 20
6803 20
6804 20
6805 20
6806 20
6807 20
6808 20
6809 20
6810 20
6811 20
6812 20
6813 20
6814 20
6815 20
6816 20
6817 20
6818 20
6819 20
6820 20
6821 20
6822 20
6823 20
6824 20
6825 20
6826 20
6827 20
6828 20
6829 20
6830 20
6831 20
6832 20
6833 20
6834 20
6835 20
6836 20
6837 20
6838 20
6839 20
6840 20
6841 20
6842 20
6843 20
6844 20
6845 20
6846 20
6847 20
6848 20
6849 20
6850 20
6851 20
6852 20
6853 20
6854 20
6855 20
6856 20
6857 20
6858 20
6859 20
6860 20
6861 20
6862 20
6863 20
6864 20
6865 20
6866 20
6867 20
6868 20
6869 20
6870 20
6871 20
6872 20
6873 20
6874 20
6875 20
6876 20
6877 20
6878 20
6879 20
6880 20
6881 20
6882 20
6883 20
6884 20
6885 20
6886 20
6887 20
6888 20
6889 20
6890 20
6891 20
6892 20
6893 20
6894 20
6895 20
6896 20
6897 20
6898 20
6899 20
6900 20
6901 20
6902 20
6903 20
6904 20
6905 20
6906 20
6907 20
6908 20
6909 20
6910 20
6911 20
6912 20
6913 20
6914 20
6915 20
6916 20
6917 20
6918 20
6919 20
6920 20
6921 20
6922 20
6923 20
6924 20
6925 20
6926 20
6927 20
6928 20
6929 20
6930 20
6931 20
6932 20
6933 20
6934 20
6935 20
6936 20
6937 20
6938 20
6939 20
6940 20
6941 20
6942 20
6943 20
6944 20
6945 20
6946 20
6947 20
6948 20
6949 20
6950 20
6951 20
6952 20
6953 20
6954 20
6955 20
6956 20
6957 20
6958 20
6959 20
6960 20
6961 20
6962 20
6963 20
6964 20
6965 20
6966 20
6967 20
6968 20
6969 20
6970 20
6971 20
6972 20
6973 20
6974 20
6975 20
6976 20
6977 20
6978 20
6979 20
6980 20
6981 20
6982 20
6983 20
6984 20
6985 20
6986 20
6987 20
6988 20
6989 20
6990 20
6991 20
6992 20
6993 20
6994 20
6995 20
6996 20
6997 20
6998 20
6999 20
7000 20
7001 20
7002 20
7003 20
7004 20
7005 20
7006 20
7007 20
7008 20
7009 20
7010 20
7011 20
7012 20
7013 20
7014 20
7015 20
7016 20
7017 20
7018 20
7019 20
7020 20
7021 20
7022 20
7023 20
7024 20
7025 20
7026 20
7027 20
7028 20
7029 20
7030 20
7031 20
7032 20
7033 20
7034 20
7035 20
7036 20
7037 20
7038 20
7039 20
7040 20
7041 20
7042 20
7043 20
7044 20
7045 20
7046 20
7047 20
7048 20
7049 20
7050 20
7051 20
7052 20
7053 20
7054 20
7055 20
7056 20
7057 20
7058 20
7059 20
7060 20
7061 20
7062 20
7063 20
7064 20
7065 20
7066 20
7067 20
7068 20
7069 20
7070 20
7071 20
7072 20
7073 20
7074 20
7075 20
7076 20
7077 20
7078 20
7079 20
7080 20
7081 20
7082 20
7083 20
7084 20
7085 20
7086 20
7087 20
7088 20
7089 20
7090 20
7091 20
7092 20
7093 20
7094 20
7095 20
7096 20
7097 20
7098 20
7099 20
7100 21
7101 21
7102 21
7103 21
7104 21
7105 21
7106 21
7107 21
7108 21
7109 21
7110 21
7111 21
7112 21
7113 21
7114 21
7115 21
7116 21
7117 21
7118 21
7119 21
7120 21
7121 21
7122 21
7123 21
7124 21
7125 21
7126 21
7127 21
7128 21
7129 21
7130 21
7131 21
7132 21
7133 21
7134 21
7135 21
7136 21
7137 21
7138 21
7139 21
7140 21
7141 21
7142 21
7143 21
7144 21
7145 21
7146 21
7147 21
7148 21
7149 21
7150 21
7151 21
7152 21
7153 21
7154 21
7155 21
7156 21
7157 21
7158 21
7159 21
7160 21
7161 21
7162 21
7163 21
7164 21
7165 21
7166 21
7167 21
7168 21
7169 21
7170 21
7171 21
7172 21
7173 21
7174 21
7175 21
7176 21
7177 21
7178 21
7179 21
7180 21
7181 21
7182 21
7183 21
7184 21
7185 21
7186 21
7187 21
7188 21
7189 21
7190 21
7191 21
7192 21
7193 21
7194 21
7195 21
7196 21
7197 21
7198 21
7199 21
7200 21
7201 21
7202 21
7203 21
7204 21
7205 21
7206 21
7207 21
7208 21
7209 21
7210 21
7211 21
7212 21
7213 21
7214 21
7215 21
7216 21
7217 21
7218 21
7219 21
7220 21
7221 21
7222 21
7223 21
7224 21
7225 21
7226 21
7227 21
7228 21
7229 21
7230 21
7231 21
7232 21
7233 21
7234 21
7235 21
7236 21
7237 21
7238 21
7239 21
7240 21
7241 21
7242 21
7243 21
7244 21
7245 21
7246 21
7247 21
7248 21
7249 21
7250 21
7251 21
7252 21
7253 21
7254 21
7255 21
7256 21
7257 21
7258 21
7259 21
7260 21
7261 21
7262 21
7263 21
7264 21
7265 21
7266 21
7267 21
7268 21
7269 21
7270 21
7271 21
7272 21
7273 21
7274 21
7275 21
7276 21
7277 21
7278 21
7279 21
7280 21
7281 21
7282 21
7283 21
7284 21
7285 21
7286 21
7287 21
7288 21
7289 21
7290 21
7291 21
7292 21
7293 21
7294 21
7295 21
7296 21
7297 21
7298 21
7299 21
7300 21
7301 21
7302 21
7303 21
7304 21
7305 21
7306 21
7307 21
7308 21
7309 21
7310 21
7311 21
7312 21
7313 21
7314 21
7315 21
7316 21
7317 21
7318 21
7319 21
7320 21
7321 21
7322 21
7323 21
7324 21
7325 21
7326 21
7327 21
7328 21
7329 21
7330 21
7331 21
7332 21
7333 21
7334 21
7335 21
7336 21
7337 21
7338 21
7339 21
7340 21
7341 21
7342 21
7343 21
7344 21
7345 21
7346 21
7347 21
7348 21
7349 21
7350 21
7351 21
7352 21
7353 21
7354 21
7355 21
7356 21
7357 21
7358 21
7359 21
7360 21
7361 21
7362 21
7363 21
7364 21
7365 21
7366 21
7367 21
7368 21
7369 21
7370 21
7371 21
7372 21
7373 21
7374 21
7375 21
7376 21
7377 21
7378 21
7379 21
7380 21
7381 21
7382 21
7383 21
7384 21
7385 21
7386 21
7387 21
7388 21
7389 21
7390 21
7391 21
7392 21
7393 21
7394 22
7395 22
7396 22
7397 22
7398 22
7399 22
7400 22
7401 22
7402 22
7403 22
7404 22
7405 22
7406 22
7407 22
7408 22
7409 22
7410 22
7411 22
7412 22
7413 22
7414 22
7415 22
7416 22
7417 22
7418 22
7419 22
7420 22
7421 22
7422 22
7423 22
7424 22
7425 22
7426 22
7427 22
7428 22
7429 22
7430 22
7431 22
7432 22
7433 22
7434 22
7435 22
7436 22
7437 22
7438 22
7439 22
7440 22
7441 22
7442 22
7443 22
7444 22
7445 22
7446 22
7447 22
7448 22
7449 22
7450 22
7451 22
7452 22
7453 22
7454 22
7455 22
7456 22
7457 22
7458 22
7459 22
7460 22
7461 22
7462 22
7463 22
7464 22
7465 22
7466 22
7467 22
7468 22
7469 22
7470 22
7471 23
7472 23
7473 23
7474 23
7475 23
7476 23
7477 23
7478 23
7479 23
7480 23
7481 23
7482 23
7483 23
7484 23
7485 23
7486 23
7487 23
7488 23
7489 23
7490 23
7491 23
7492 23
7493 23
7494 23
7495 23
7496 23
7497 23
7498 23
7499 23
7500 23
7501 23
7502 23
7503 23
7504 23
7505 23
7506 23
7507 23
7508 23
7509 23
7510 23
7511 23
7512 23
7513 23
7514 23
7515 23
7516 23
7517 23
7518 23
7519 23
7520 23
7521 23
7522 23
7523 23
7524 23
7525 23
7526 23
7527 23
7528 23
7529 23
7530 23
7531 23
7532 23
7533 23
7534 23
7535 23
7536 23
7537 23
7538 23
7539 23
7540 23
7541 23
7542 23
7543 23
7544 23
7545 23
7546 23
7547 23
7548 23
7549 23
7550 23
7551 23
7552 23
7553 23
7554 23
7555 23
7556 23
7557 23
7558 23
7559 23
7560 23
7561 23
7562 23
7563 23
7564 23
7565 23
7566 23
7567 23
7568 23
7569 23
7570 23
7571 23
7572 23
7573 23
7574 23
7575 23
7576 23
7577 23
7578 23
7579 23
7580 23
7581 23
7582 23
7583 23
7584 23
7585 23
7586 23
7587 23
7588 23
7589 23
7590 23
7591 23
7592 23
7593 23
7594 23
7595 23
7596 23
7597 23
7598 23
7599 23
7600 23
7601 23
7602 23
7603 23
7604 23
7605 23
7606 23
7607 23
7608 23
7609 23
7610 23
7611 23
7612 23
7613 23
7614 23
7615 23
7616 23
7617 23
7618 23
7619 23
7620 23
7621 23
7622 23
7623 23
7624 23
7625 23
7626 23
7627 23
7628 23
7629 23
7630 23
7631 23
7632 23
7633 23
7634 23
7635 23
7636 23
7637 23
7638 23
7639 23
7640 23
7641 23
7642 23
7643 23
7644 23
7645 23
7646 23
7647 23
7648 23
7649 23
7650 23
7651 23
7652 23
7653 23
7654 23
7655 23
7656 23
7657 23
7658 23
7659 23
7660 23
7661 23
7662 23
7663 23
7664 23
7665 23
7666 23
7667 23
7668 23
7669 23
7670 23
7671 23
7672 23
7673 23
7674 23
7675 23
7676 23
7677 23
7678 23
7679 23
7680 23
7681 23
7682 23
7683 23
7684 23
7685 23
7686 23
7687 23
7688 23
7689 23
7690 23
7691 23
7692 23
7693 23
7694 23
7695 23
7696 23
7697 23
7698 23
7699 23
7700 23
7701 23
7702 23
7703 23
7704 23
7705 23
7706 23
7707 23
7708 24
7709 24
7710 24
7711 24
7712 24
7713 24
7714 24
7715 24
7716 24
7717 24
7718 24
7719 24
7720 24
7721 24
7722 24
7723 24
7724 24
7725 24
7726 24
7727 24
7728 24
7729 24
7730 24
7731 24
7732 24
7733 24
7734 24
7735 24
7736 24
7737 24
7738 24
7739 24
7740 24
7741 24
7742 24
7743 24
7744 24
7745 24
7746 24
7747 24
7748 24
7749 24
7750 24
7751 24
7752 24
7753 24
7754 24
7755 24
7756 24
7757 24
7758 24
7759 24
7760 24
7761 24
7762 24
7763 24
7764 24
7765 24
7766 24
7767 24
7768 24
7769 24
7770 24
7771 24
7772 24
7773 24
7774 24
7775 24
7776 24
7777 24
7778 24
7779 24
7780 24
7781 24
7782 24
7783 24
7784 24
7785 24
7786 24
7787 24
7788 24
7789 24
7790 24
7791 24
7792 24
7793 24
7794 24
7795 24
7796 24
7797 24
7798 24
7799 24
7800 24
7801 24
7802 24
7803 24
7804 24
7805 24
7806 24
7807 24
7808 24
7809 24
7810 24
7811 24
7812 24
7813 24
7814 24
7815 24
7816 24
7817 24
7818 24
7819 24
7820 24
7821 24
7822 24
7823 24
7824 24
7825 24
7826 24
7827 24
7828 24
7829 24
7830 24
7831 24
7832 24
7833 24
7834 24
7835 24
7836 24
7837 24
7838 24
7839 24
7840 24
7841 24
7842 24
7843 24
7844 24
7845 24
7846 24
7847 24
7848 24
7849 24
7850 24
7851 24
7852 24
7853 24
7854 24
7855 24
7856 24
7857 24
7858 24
7859 24
7860 24
7861 24
7862 24
7863 24
7864 24
7865 24
7866 24
7867 24
7868 24
7869 24
7870 24
7871 24
7872 24
7873 24
7874 24
7875 24
7876 24
7877 24
7878 24
7879 24
7880 24
7881 24
7882 24
7883 24
7884 24
7885 24
7886 24
7887 24
7888 24
7889 24
7890 24
7891 24
7892 24
7893 24
7894 24
7895 24
7896 24
7897 24
7898 24
7899 24
7900 24
7901 24
7902 24
7903 24
7904 24
7905 24
7906 24
7907 24
7908 24
7909 24
7910 24
7911 24
7912 24
7913 24
7914 24
7915 24
7916 24
7917 24
7918 24
7919 24
7920 24
7921 24
7922 24
7923 24
7924 24
7925 24
7926 24
7927 24
7928 24
7929 24
7930 24
7931 24
7932 24
7933 24
7934 24
7935 24
7936 24
7937 24
7938 24
7939 24
7940 24
7941 24
7942 24
7943 24
7944 24
7945 24
7946 24
7947 24
7948 24
7949 24
7950 24
7951 24
7952 24
7953 24
7954 24
7955 24
7956 24
7957 24
7958 24
7959 24
7960 24
7961 24
7962 24
7963 24
7964 24
7965 24
7966 24
7967 24
7968 24
7969 24
7970 24
7971 24
7972 24
7973 24
7974 24
7975 24
7976 24
7977 24
7978 24
7979 24
7980 24
7981 24
7982 24
7983 24
7984 24
7985 24
7986 24
7987 24
7988 24
7989 24
7990 24
7991 24
7992 24
7993 24
7994 24
7995 24
7996 24
7997 24
7998 24
7999 24
8000 24
8001 24
8002 24
8003 24
8004 24
8005 24
8006 24
8007 24
8008 24
8009 24
8010 24
8011 24
8012 24
8013 24
8014 24
8015 24
8016 24
8017 24
8018 24
8019 24
8020 24
8021 24
8022 24
8023 24
8024 24
8025 24
8026 24
8027 24
8028 24
8029 24
8030 24
8031 24
8032 24
8033 24
8034 24
8035 24
8036 24
8037 24
8038 24
8039 24
8040 24
8041 24
8042 24
8043 24
8044 24
8045 24
8046 24
8047 24
8048 24
8049 24
8050 24
8051 24
8052 24
8053 24
8054 24
8055 24
8056 24
8057 24
8058 24
8059 24
8060 24
8061 24
8062 24
8063 24
8064 24
8065 24
8066 24
8067 24
8068 24
8069 24
8070 24
8071 24
8072 24
8073 24
8074 24
8075 24
8076 24
8077 24
8078 24
8079 24
8080 24
8081 24
8082 24
8083 24
8084 24
8085 24
8086 24
8087 24
8088 24
8089 24
8090 24
8091 24
8092 24
8093 24
8094 24
8095 24
8096 24
8097 24
8098 24
8099 24
8100 24
8101 24
8102 24
8103 24
8104 24
8105 24
8106 24
8107 24
8108 24
8109 24
8110 24
8111 24
8112 24
8113 24
8114 24
8115 24
8116 24
8117 24
8118 24
8119 24
8120 24
8121 24
8122 24
8123 24
8124 24
8125 24
8126 24
8127 24
8128 24
8129 24
8130 24
8131 24
8132 24
8133 24
8134 24
8135 24
8136 24
8137 24
8138 24
8139 24
8140 24
8141 24
8142 24
8143 24
8144 24
8145 24
8146 24
8147 24
8148 24
8149 24
8150 24
8151 24
8152 24
8153 24
8154 24
8155 24
8156 24
8157 24
8158 24
8159 24
8160 24
8161 24
8162 24
8163 24
8164 24
8165 24
8166 24
8167 24
8168 24
8169 24
8170 24
8171 24
8172 24
8173 24
8174 24
8175 25
8176 25
8177 25
8178 25
8179 25
8180 25
8181 25
8182 25
8183 25
8184 25
8185 25
8186 25
8187 25
8188 25
8189 25
8190 25
8191 25
8192 25
8193 25
8194 25
8195 25
8196 25
8197 25
8198 25
8199 25
8200 25
8201 25
8202 25
8203 25
8204 25
8205 25
8206 25
8207 25
8208 25
8209 25
8210 25
8211 25
8212 25
8213 25
8214 25
8215 25
8216 25
8217 25
8218 25
8219 25
8220 25
8221 25
8222 25
8223 25
8224 25
8225 25
8226 25
8227 25
8228 25
8229 25
8230 25
8231 25
8232 25
8233 25
8234 25
8235 25
8236 25
8237 25
8238 25
8239 25
8240 25
8241 25
8242 25
8243 25
8244 25
8245 25
8246 25
8247 25
8248 25
8249 25
8250 25
8251 25
8252 25
8253 25
8254 25
8255 25
8256 25
8257 25
8258 25
8259 25
8260 25
8261 25
8262 25
8263 25
8264 25
8265 25
8266 25
8267 25
8268 25
8269 25
8270 25
8271 25
8272 25
8273 25
8274 25
8275 25
8276 25
8277 25
8278 25
8279 25
8280 25
8281 25
8282 25
8283 25
8284 25
8285 25
8286 25
8287 25
8288 25
8289 25
8290 25
8291 25
8292 25
8293 25
8294 25
8295 25
8296 25
8297 25
8298 25
8299 25
8300 25
8301 25
8302 25
8303 25
8304 25
8305 25
8306 25
8307 25
8308 25
8309 25
8310 25
8311 25
8312 25
8313 25
8314 25
8315 25
8316 25
8317 25
8318 25
8319 25
8320 25
8321 25
8322 25
8323 25
8324 25
8325 25
8326 25
8327 25
8328 25
8329 25
8330 25
8331 25
8332 25
8333 25
8334 25
8335 25
8336 25
8337 25
8338 25
8339 25
8340 25
8341 25
8342 25
8343 25
8344 25
8345 25
8346 25
8347 25
8348 25
8349 25
8350 25
8351 25
8352 25
8353 25
8354 25
8355 25
8356 25
8357 25
8358 25
8359 25
8360 25
8361 25
8362 25
8363 25
8364 25
8365 25
8366 25
8367 25
8368 25
8369 25
8370 25
8371 26
8372 26
8373 26
8374 26
8375 26
8376 26
8377 26
8378 26
8379 26
8380 26
8381 26
8382 26
8383 26
8384 26
8385 26
8386 26
8387 26
8388 26
8389 26
8390 26
8391 26
8392 26
8393 26
8394 26
8395 26
8396 26
8397 26
8398 26
8399 26
8400 26
8401 26
8402 26
8403 26
8404 26
8405 26
8406 26
8407 26
8408 26
8409 26
8410 26
8411 26
8412 26
8413 26
8414 26
8415 26
8416 26
8417 26
8418 26
8419 26
8420 26
8421 26
8422 26
8423 26
8424 26
8425 26
8426 26
8427 26
8428 26
8429 26
8430 26
8431 26
8432 26
8433 26
8434 26
8435 26
8436 26
8437 26
8438 26
8439 26
8440 26
8441 26
8442 26
8443 26
8444 26
8445 26
8446 26
8447 26
8448 26
8449 26
8450 26
8451 26
8452 26
8453 26
8454 26
8455 26
8456 26
8457 26
8458 26
8459 26
8460 26
8461 26
8462 26
8463 26
8464 26
8465 26
8466 26
8467 26
8468 26
8469 26
8470 26
8471 26
8472 26
8473 26
8474 26
8475 26
8476 26
8477 26
8478 26
8479 26
8480 26
8481 26
8482 26
8483 26
8484 26
8485 26
8486 26
8487 26
8488 26
8489 26
8490 26
8491 26
8492 26
8493 26
8494 26
8495 26
8496 26
8497 26
8498 26
8499 26
8500 26
8501 26
8502 26
8503 26
8504 26
8505 26
8506 26
8507 26
8508 26
8509 26
8510 26
8511 26
8512 26
8513 26
8514 26
8515 26
8516 26
8517 26
8518 26
8519 26
8520 26
8521 26
8522 26
8523 26
8524 26
8525 26
8526 26
8527 26
8528 26
8529 26
8530 26
8531 26
8532 26
8533 26
8534 26
8535 27
8536 27
8537 27
8538 27
8539 27
8540 27
8541 27
8542 27
8543 27
8544 27
8545 27
8546 27
8547 27
8548 27
8549 27
8550 27
8551 27
8552 27
8553 27
8554 27
8555 27
8556 27
8557 27
8558 27
8559 27
8560 27
8561 27
8562 27
8563 27
8564 27
8565 27
8566 27
8567 27
8568 27
8569 27
8570 27
8571 27
8572 27
8573 27
8574 27
8575 27
8576 27
8577 27
8578 27
8579 27
8580 27
8581 27
8582 27
8583 27
8584 27
8585 27
8586 27
8587 27
8588 27
8589 27
8590 27
8591 27
8592 27
8593 27
8594 27
8595 27
8596 27
8597 27
8598 27
8599 27
8600 27
8601 27
8602 27
8603 27
8604 27
8605 27
8606 27
8607 27
8608 27
8609 27
8610 27
8611 27
8612 27
8613 27
8614 27
8615 27
8616 27
8617 27
8618 27
8619 27
8620 27
8621 27
8622 27
8623 27
8624 27
8625 27
8626 27
8627 27
8628 27
8629 27
8630 27
8631 27
8632 27
8633 27
8634 27
8635 27
8636 27
8637 27
8638 27
8639 27
8640 27
8641 27
8642 27
8643 27
8644 27
8645 27
8646 27
8647 27
8648 27
8649 27
8650 27
8651 27
8652 27
8653 27
8654 27
8655 27
8656 27
8657 27
8658 27
8659 27
8660 27
8661 27
8662 27
8663 27
8664 27
8665 27
8666 27
8667 27
8668 27
8669 27
8670 27
8671 27
8672 27
8673 27
8674 27
8675 27
8676 27
8677 27
8678 27
8679 27
8680 27
8681 27
8682 27
8683 27
8684 27
8685 27
8686 27
8687 27
8688 27
8689 27
8690 27
8691 27
8692 27
8693 27
8694 27
8695 27
8696 27
8697 27
8698 27
8699 27
8700 27
8701 27
8702 27
8703 27
8704 27
8705 27
8706 27
8707 27
8708 27
8709 27
8710 27
8711 27
8712 27
8713 27
8714 27
8715 27
8716 27
8717 27
8718 27
8719 27
8720 27
8721 27
8722 27
8723 27
8724 27
8725 27
8726 27
8727 27
8728 27
8729 27
8730 27
8731 27
8732 27
8733 27
8734 27
8735 27
8736 27
8737 27
8738 27
8739 27
8740 27
8741 27
8742 27
8743 27
8744 27
8745 27
8746 27
8747 27
8748 27
8749 27
8750 27
8751 27
8752 27
8753 27
8754 27
8755 27
8756 27
8757 27
8758 27
8759 27
8760 27
8761 27
8762 27
8763 27
8764 27
8765 27
8766 27
8767 27
8768 27
8769 27
8770 27
8771 27
8772 27
8773 27
8774 27
8775 27
8776 27
8777 27
8778 27
8779 27
8780 27
8781 27
8782 27
8783 27
8784 27
8785 27
8786 27
8787 27
8788 27
8789 27
8790 27
8791 27
8792 27
8793 27
8794 27
8795 27
8796 27
8797 27
8798 27
8799 27
8800 27
8801 27
8802 27
8803 27
8804 27
8805 27
8806 27
8807 27
8808 27
8809 27
8810 27
8811 27
8812 27
8813 27
8814 27
8815 27
8816 27
8817 27
8818 27
8819 27
8820 27
8821 27
8822 27
8823 27
8824 27
8825 27
8826 27
8827 27
8828 27
8829 27
8830 27
8831 27
8832 27
8833 27
8834 27
8835 27
8836 27
8837 27
8838 27
8839 27
8840 27
8841 27
8842 27
8843 27
8844 27
8845 27
8846 27
8847 27
8848 27
8849 27
8850 27
8851 27
8852 27
8853 27
8854 27
8855 27
8856 27
8857 27
8858 27
8859 27
8860 27
8861 27
8862 27
8863 27
8864 27
8865 27
8866 27
8867 27
8868 27
8869 27
8870 27
8871 27
8872 27
8873 27
8874 27
8875 27
8876 27
8877 27
8878 27
8879 27
8880 27
8881 27
8882 27
8883 27
8884 27
8885 27
8886 27
8887 27
8888 27
8889 27
8890 27
8891 27
8892 27
8893 27
8894 27
8895 27
8896 27
8897 27
8898 27
8899 27
8900 27
8901 27
8902 27
8903 27
8904 27
8905 27
8906 27
8907 27
8908 27
8909 27
8910 27
8911 27
8912 27
8913 27
8914 27
8915 27
8916 27
8917 27
8918 27
8919 27
8920 27
8921 27
8922 27
8923 27
8924 27
8925 27
8926 27
8927 27
8928 27
8929 27
8930 27
8931 27
8932 27
8933 27
8934 27
8935 27
8936 27
8937 27
8938 27
8939 27
8940 27
8941 27
8942 27
8943 27
8944 27
8945 27
8946 27
8947 27
8948 27
8949 27
8950 27
8951 27
8952 27
8953 27
8954 27
8955 27
8956 27
8957 27
8958 27
8959 27
8960 27
8961 27
8962 27
8963 27
8964 27
8965 27
8966 27
8967 27
8968 27
8969 27
8970 27
8971 27
8972 27
8973 27
8974 27
8975 27
8976 27
8977 27
8978 27
8979 27
8980 27
8981 27
8982 27
8983 27
8984 27
8985 27
8986 27
8987 27
8988 27
8989 27
8990 27
8991 27
8992 27
8993 27
8994 27
8995 27
8996 27
8997 27
8998 27
8999 27
9000 27
9001 27
9002 27
9003 27
9004 27
9005 27
9006 27
9007 27
9008 27
9009 27
9010 27
9011 27
9012 27
9013 27
9014 27
9015 27
9016 27
9017 27
9018 27
9019 27
9020 27
9021 27
9022 27
9023 27
9024 27
9025 27
9026 27
9027 27
9028 27
9029 27
9030 27
9031 27
9032 27
9033 27
9034 27
9035 27
9036 27
9037 27
9038 27
9039 27
9040 27
9041 27
9042 27
9043 27
9044 27
9045 27
9046 27
9047 27
9048 27
9049 27
9050 27
9051 27
9052 27
9053 27
9054 27
9055 27
9056 27
9057 27
9058 27
9059 27
9060 27
9061 27
9062 27
9063 27
9064 27
9065 27
9066 27
9067 27
9068 27
9069 27
9070 27
9071 27
9072 27
9073 27
9074 27
9075 27
9076 27
9077 27
9078 27
9079 27
9080 27
9081 27
9082 27
9083 27
9084 27
9085 27
9086 27
9087 27
9088 27
9089 27
9090 27
9091 27
9092 27
9093 27
9094 27
9095 27
9096 27
9097 27
9098 27
9099 27
9100 27
9101 27
9102 27
9103 27
9104 27
9105 27
9106 27
9107 27
9108 27
9109 27
9110 27
9111 27
9112 27
9113 27
9114 27
9115 27
9116 27
9117 27
9118 27
9119 27
9120 27
9121 27
9122 27
9123 27
9124 27
9125 27
9126 27
9127 27
9128 27
9129 27
9130 27
9131 27
9132 27
9133 27
9134 27
9135 27
9136 27
9137 27
9138 27
9139 27
9140 27
9141 27
9142 27
9143 27
9144 27
9145 27
9146 27
9147 27
9148 27
9149 27
9150 27
9151 27
9152 27
9153 27
9154 27
9155 27
9156 27
9157 27
9158 27
9159 27
9160 27
9161 27
9162 27
9163 27
9164 27
9165 27
9166 27
9167 27
9168 27
9169 27
9170 27
9171 27
9172 27
9173 27
9174 27
9175 27
9176 27
9177 27
9178 27
9179 27
9180 27
9181 27
9182 27
9183 27
9184 27
9185 27
9186 27
9187 27
9188 27
9189 27
9190 27
9191 27
9192 27
9193 27
9194 27
9195 27
9196 27
9197 27
9198 27
9199 27
9200 27
9201 27
9202 27
9203 27
9204 27
9205 27
9206 27
9207 27
9208 27
9209 27
9210 27
9211 27
9212 27
9213 27
9214 27
9215 27
9216 27
9217 27
9218 27
9219 27
9220 27
9221 27
9222 27
9223 27
9224 27
9225 27
9226 27
9227 27
9228 27
9229 27
9230 27
9231 27
9232 27
9233 27
9234 27
9235 27
9236 27
9237 27
9238 27
9239 27
9240 27
9241 27
9242 27
9243 27
9244 27
9245 27
9246 27
9247 27
9248 27
9249 27
9250 27
9251 27
9252 27
9253 27
9254 27
9255 27
9256 27
9257 27
9258 27
9259 27
9260 27
9261 27
9262 27
9263 27
9264 27
9265 27
9266 27
9267 27
9268 27
9269 27
9270 27
9271 27
9272 27
9273 27
9274 27
9275 27
9276 27
9277 27
9278 27
9279 27
9280 27
9281 27
9282 27
9283 27
9284 27
9285 27
9286 27
9287 27
9288 27
9289 27
9290 27
9291 27
9292 27
9293 27
9294 27
9295 27
9296 27
9297 27
9298 27
9299 27
9300 27
9301 27
9302 27
9303 27
9304 27
9305 27
9306 27
9307 27
9308 27
9309 27
9310 27
9311 27
9312 27
9313 27
9314 27
9315 27
9316 27
9317 27
9318 27
9319 27
9320 27
9321 27
9322 27
9323 27
9324 27
9325 27
9326 27
9327 27
9328 27
9329 27
9330 27
9331 27
9332 27
9333 27
9334 27
9335 27
9336 27
9337 27
9338 27
9339 27
9340 27
9341 27
9342 27
9343 27
9344 27
9345 27
9346 27
9347 27
9348 27
9349 27
9350 27
9351 27
9352 27
9353 27
9354 27
9355 27
9356 27
9357 27
9358 27
9359 27
9360 27
9361 27
9362 27
9363 27
9364 27
9365 27
9366 27
9367 27
9368 27
9369 27
9370 27
9371 27
9372 27
9373 27
9374 27
9375 27
9376 27
9377 27
9378 27
9379 27
9380 27
9381 27
9382 27
9383 27
9384 27
9385 27
9386 27
9387 27
9388 27
9389 27
9390 27
9391 27
9392 27
9393 27
9394 27
9395 27
9396 27
9397 27
9398 27
9399 27
9400 27
9401 27
9402 27
9403 27
9404 27
9405 27
9406 27
9407 27
9408 27
9409 27
9410 27
9411 27
9412 27
9413 27
9414 27
9415 27
9416 27
9417 27
9418 27
9419 27
9420 27
9421 27
9422 27
9423 27
9424 27
9425 27
9426 27
9427 27
9428 27
9429 27
9430 27
9431 27
9432 27
9433 27
9434 27
9435 27
9436 27
9437 27
9438 27
9439 27
9440 27
9441 27
9442 27
9443 27
9444 27
9445 27
9446 27
9447 27
9448 27
9449 27
9450 27
9451 27
9452 27
9453 27
9454 27
9455 27
9456 27
9457 27
9458 27
9459 27
9460 27
9461 27
9462 27
9463 27
9464 27
9465 27
9466 27
9467 27
9468 27
9469 27
9470 27
9471 27
9472 27
9473 27
9474 27
9475 27
9476 27
9477 27
9478 27
9479 27
9480 27
9481 27
9482 27
9483 27
9484 27
9485 27
9486 27
9487 27
9488 27
9489 27
9490 27
9491 27
9492 27
9493 27
9494 27
9495 27
9496 27
9497 27
9498 27
9499 27
9500 27
9501 27
9502 27
9503 27
9504 27
9505 27
9506 27
9507 27
9508 27
9509 27
9510 27
9511 27
9512 27
9513 27
9514 27
9515 27
9516 27
9517 27
9518 27
9519 27
9520 27
9521 27
9522 27
9523 27
9524 27
9525 27
9526 27
9527 27
9528 27
9529 27
9530 27
9531 27
9532 27
9533 27
9534 27
9535 27
9536 27
9537 27
9538 27
9539 27
9540 27
9541 27
9542 27
9543 27
9544 27
9545 27
9546 27
9547 27
9548 27
9549 27
9550 27
9551 27
9552 27
9553 27
9554 27
9555 27
9556 27
9557 27
9558 27
9559 27
9560 27
9561 27
9562 27
9563 27
9564 27
9565 27
9566 27
9567 27
9568 27
9569 27
9570 27
9571 27
9572 27
9573 27
9574 27
9575 27
9576 27
9577 27
9578 27
9579 27
9580 27
9581 27
9582 27
9583 27
9584 27
9585 27
9586 27
9587 27
9588 27
9589 27
9590 27
9591 27
9592 27
9593 27
9594 27
9595 27
9596 27
9597 27
9598 27
9599 27
9600 27
9601 27
9602 27
9603 27
9604 27
9605 27
9606 28
9607 28
9608 28
9609 28
9610 28
9611 28
9612 28
9613 28
9614 28
9615 28
9616 28
9617 28
9618 28
9619 28
9620 28
9621 28
9622 28
9623 28
9624 28
9625 28
9626 28
9627 28
9628 28
9629 28
9630 28
9631 28
9632 28
9633 28
9634 28
9635 28
9636 28
9637 28
9638 28
9639 28
9640 28
9641 28
9642 28
9643 28
9644 28
9645 28
9646 28
9647 28
9648 28
9649 28
9650 28
9651 28
9652 28
9653 28
9654 28
9655 28
9656 28
9657 28
9658 28
9659 28
9660 28
9661 28
9662 28
9663 28
9664 28
9665 28
9666 28
9667 28
9668 28
9669 28
9670 28
9671 28
9672 28
9673 28
9674 28
9675 28
9676 29
9677 29
9678 29
9679 29
9680 29
9681 29
9682 29
9683 29
9684 29
9685 29
9686 29
9687 29
9688 29
9689 29
9690 29
9691 29
9692 29
9693 29
9694 29
9695 29
9696 29
9697 29
9698 29
9699 29
9700 29
9701 29
9702 29
9703 29
9704 29
9705 29
9706 29
9707 29
9708 29
9709 29
9710 29
9711 29
9712 29
9713 29
9714 29
9715 29
9716 29
9717 29
9718 29
9719 29
9720 29
9721 29
9722 29
9723 29
9724 29
9725 29
9726 29
9727 29
9728 29
9729 29
9730 29
9731 29
9732 29
9733 29
9734 29
9735 29
9736 29
9737 29
9738 29
9739 29
9740 29
9741 29
9742 29
9743 29
9744 29
9745 29
9746 29
9747 29
9748 29
9749 29
9750 29
9751 29
9752 29
9753 29
9754 29
9755 29
9756 29
9757 29
9758 29
9759 29
9760 29
9761 29
9762 29
9763 29
9764 29
9765 29
9766 29
9767 29
9768 29
9769 29
9770 29
9771 29
9772 29
9773 29
9774 29
9775 29
9776 29
9777 29
9778 29
9779 29
9780 29
9781 29
9782 29
9783 29
9784 29
9785 29
9786 29
9787 29
9788 29
9789 29
9790 29
9791 29
9792 29
9793 29
9794 29
9795 29
9796 29
9797 29
9798 29
9799 29
9800 29
9801 29
9802 29
9803 29
9804 29
9805 29
9806 29
9807 29
9808 29
9809 29
9810 29
9811 29
9812 29
9813 29
9814 29
9815 29
9816 29
9817 29
9818 29
9819 29
9820 29
9821 29
9822 29
9823 29
9824 29
9825 29
9826 29
9827 29
9828 29
9829 29
9830 29
9831 29
9832 29
9833 29
9834 29
9835 29
9836 29
9837 29
9838 29
9839 29
9840 29
9841 29
9842 29
9843 29
9844 29
9845 29
9846 29
9847 29
9848 29
9849 29
9850 29
9851 29
9852 29
9853 29
9854 29
9855 29
9856 29
9857 29
9858 29
9859 29
9860 29
9861 29
9862 29
9863 29
9864 29
9865 29
9866 29
9867 29
9868 29
9869 29
9870 29
9871 29
9872 29
9873 29
9874 29
9875 29
9876 29
9877 29
9878 29
9879 29
9880 29
9881 29
9882 29
9883 29
9884 29
9885 29
9886 29
9887 29
9888 29
9889 29
9890 29
9891 29
9892 29
9893 29
9894 29
9895 29
9896 29
9897 29
9898 29
9899 29
9900 29
9901 29
9902 29
9903 29
9904 29
9905 29
9906 29
9907 29
9908 29
9909 29
9910 29
9911 29
9912 29
9913 29
9914 29
9915 29
9916 29
9917 29
9918 29
9919 29
9920 29
9921 29
9922 29
9923 29
9924 29
9925 29
9926 29
9927 29
9928 29
9929 29
9930 29
9931 29
9932 29
9933 29
9934 29
9935 29
9936 29
9937 29
9938 29
9939 29
9940 29
9941 29
9942 29
9943 29
9944 29
9945 29
9946 29
9947 29
9948 29
9949 29
9950 29
9951 29
9952 29
9953 29
9954 29
9955 29
9956 29
9957 29
9958 29
9959 29
9960 29
9961 29
9962 29
9963 29
9964 29
9965 29
9966 29
9967 29
9968 29
9969 29
9970 29
9971 29
9972 29
9973 29
9974 29
9975 29
9976 29
9977 29
9978 29
9979 29
9980 29
9981 29
9982 29
9983 29
9984 29
9985 29
9986 29
9987 29
9988 29
9989 29
9990 29
9991 29
9992 29
9993 29
9994 29
9995 29
9996 29
9997 29
9998 29
9999 29
10000 29
