0 7
1 12
2 23
3 10
4 16
5 15
6 12
7 5
8 18
9 4
10 10
11 5
12 7
13 6
14 7
15 5
16 2
17 12
18 10
19 16
20 6
21 9
22 8
23 10
24 5
25 8
26 15
27 15
28 6
29 4
30 11
31 9
32 15
33 6
34 8
35 7
36 14
37 8
38 6
39 12
40 6
41 14
42 11
43 15
44 3
45 7
46 7
47 11
48 5
49 16
50 14
51 9
52 7
53 5
54 4
55 24
56 1
57 7
58 12
59 13
60 1
61 12
62 11
63 17
64 4
65 10
66 5
67 18
68 12
69 23
70 10
71 23
72 14
73 2
74 3
75 3
76 8
77 13
78 26
79 9
80 2
81 7
82 19
83 15
84 9
85 14
86 3
87 19
88 6
89 14
90 4
91 10
92 5
93 8
94 13
95 7
96 9
97 10
98 17
99 6
100 6
101 6
102 13
103 12
104 2
105 6
106 1
107 6
108 13
109 20
110 6
111 10
112 7
113 16
114 6
115 13
116 2
117 7
118 8
119 4
120 6
121 16
122 8
123 15
124 9
125 7
126 9
127 11
128 5
129 12
130 9
131 13
132 11
133 11
134 4
135 13
136 6
137 4
138 3
139 11
140 7
141 2
142 4
143 8
144 8
145 5
146 9
147 10
148 6
149 4
150 14
151 14
152 10
153 4
154 18
155 13
156 4
157 12
158 17
159 6
160 14
161 10
162 11
163 9
164 4
165 6
166 6
167 5
168 13
169 14
170 10
171 15
172 4
173 2
174 6
175 12
176 20
177 12
178 7
179 9
180 10
181 7
182 7
183 4
184 6
185 6
186 10
187 7
188 6
189 16
190 6
191 7
192 16
193 7
194 4
195 6
196 18
197 11
198 7
199 15
200 20
201 14
202 6
203 15
204 5
205 13
206 13
207 17
208 10
209 3
210 1
211 3
212 11
213 11
214 3
215 23
216 7
217 2
218 9
219 9
220 6
221 11
222 9
223 17
224 5
225 11
226 16
227 9
228 14
229 3
230 5
231 1
232 12
233 7
234 8
235 2
236 4
237 7
238 6
239 10
240 3
241 7
242 5
243 13
244 8
245 8
246 5
247 8
248 11
249 10
250 7
251 11
252 9
253 5
254 18
255 12
256 17
257 13
258 3
259 12
260 9
261 9
262 10
263 0
264 16
265 17
266 19
267 26
268 3
269 6
270 20
271 19
272 4
273 7
274 11
275 11
276 9
277 6
278 2
279 7
280 3
281 0
282 7
283 6
284 9
285 10
286 12
287 6
288 7
289 8
290 11
291 10
292 11
293 17
294 7
295 13
296 16
297 16
298 6
299 13
300 19
301 6
302 11
303 9
304 10
305 14
306 11
307 17
308 6
309 4
310 10
311 15
312 6
313 7
314 22
315 25
316 8
317 10
318 10
319 6
320 14
321 21
322 14
323 12
324 5
325 21
326 6
327 9
328 2
329 16
330 11
331 13
332 9
333 8
334 17
335 11
336 17
337 4
338 9
339 26
340 10
341 5
342 15
343 19
344 15
345 4
346 15
347 4
348 7
349 8
350 12
351 17
352 22
353 11
354 7
355 11
356 14
357 9
358 3
359 10
360 10
361 15
362 3
363 19
364 9
365 8
366 7
367 12
368 18
369 12
370 6
371 8
372 9
373 23
374 14
375 7
376 8
377 8
378 6
379 19
380 7
381 2
382 6
383 5
384 13
385 9
386 17
387 11
388 8
389 8
390 8
391 8
392 11
393 10
394 13
395 4
396 8
397 9
398 9
399 13
400 12
401 14
402 14
403 7
404 7
405 4
406 17
407 9
408 8
409 8
410 13
411 6
412 13
413 21
414 13
415 7
416 5
417 5
418 5
419 17
420 10
421 3
422 13
423 8
424 14
425 8
426 5
427 9
428 1
429 11
430 7
431 7
432 16
433 5
434 6
435 6
436 5
437 3
438 10
439 16
440 7
441 5
442 28
443 9
444 7
445 5
446 13
447 12
448 6
449 6
450 6
451 4
452 7
453 6
454 14
455 7
456 5
457 4
458 7
459 5
460 11
461 18
462 10
463 8
464 8
465 23
466 14
467 3
468 5
469 11
470 30
471 21
472 10
473 12
474 10
475 11
476 10
477 14
478 11
479 6
480 20
481 7
482 15
483 19
484 13
485 18
486 12
487 6
488 6
489 25
490 17
491 8
492 16
493 7
494 5
495 16
496 7
497 2
498 17
499 12
500 7
501 7
502 2
503 3
504 13
505 14
506 16
507 11
508 14
509 2
510 6
511 3
512 15
513 5
514 12
515 11
516 6
517 3
518 2
519 1
520 13
521 6
522 10
523 7
524 17
525 34
526 8
527 17
528 6
529 8
530 5
531 14
532 3
533 9
534 10
535 12
536 8
537 5
538 10
539 3
540 8
541 11
542 8
543 10
544 10
545 9
546 5
547 8
548 8
549 20
550 7
551 14
552 7
553 4
554 8
555 6
556 12
557 6
558 21
559 7
560 22
561 9
562 23
563 10
564 7
565 5
566 14
567 8
568 7
569 20
570 14
571 8
572 19
573 11
574 9
575 17
576 12
577 14
578 11
579 15
580 17
581 11
582 4
583 4
584 6
585 17
586 8
587 15
588 10
589 2
590 16
591 17
592 10
593 8
594 6
595 5
596 9
597 9
598 9
599 4
600 8
601 8
602 3
603 4
604 2
605 6
606 6
607 4
608 10
609 7
610 10
611 9
612 7
613 15
614 14
615 11
616 6
617 6
618 13
619 6
620 12
621 5
622 5
623 22
624 4
625 11
626 7
627 24
628 7
629 10
630 7
631 3
632 6
633 10
634 12
635 5
636 16
637 3
638 9
639 8
640 7
641 20
642 14
643 14
644 5
645 10
646 5
647 19
648 3
649 7
650 8
651 10
652 9
653 6
654 4
655 10
656 7
657 15
658 7
659 6
660 6
661 14
662 9
663 17
664 9
665 10
666 7
667 4
668 11
669 12
670 17
671 5
672 14
673 7
674 20
675 24
676 24
677 8
678 7
679 16
680 10
681 14
682 12
683 4
684 11
685 13
686 10
687 2
688 18
689 8
690 11
691 2
692 8
693 12
694 7
695 9
696 12
697 7
698 6
699 6
700 5
701 4
702 5
703 4
704 9
705 2
706 6
707 11
708 9
709 16
710 13
711 9
712 20
713 8
714 18
715 6
716 5
717 11
718 9
719 11
720 8
721 5
722 9
723 12
724 16
725 6
726 2
727 10
728 12
729 11
730 7
731 7
732 16
733 9
734 12
735 22
736 14
737 10
738 3
739 10
740 6
741 5
742 5
743 9
744 8
745 8
746 8
747 16
748 11
749 17
750 11
751 7
752 3
753 3
754 8
755 4
756 6
757 5
758 10
759 8
760 12
761 23
762 7
763 6
764 3
765 2
766 15
767 13
768 17
769 12
770 19
771 8
772 12
773 7
774 11
775 12
776 11
777 5
778 6
779 1
780 7
781 4
782 8
783 10
784 9
785 10
786 10
787 14
788 5
789 7
790 9
791 9
792 11
793 20
794 10
795 5
796 13
797 10
798 25
799 7
800 8
801 6
802 13
803 5
804 9
805 10
806 11
807 7
808 15
809 11
810 6
811 10
812 8
813 3
814 12
815 8
816 21
817 17
818 5
819 15
820 15
821 10
822 14
823 8
824 8
825 18
826 15
827 5
828 11
829 12
830 11
831 8
832 4
833 7
834 5
835 2
836 1
837 26
838 2
839 8
840 10
841 7
842 14
843 5
844 7
845 18
846 5
847 10
848 16
849 12
850 12
851 3
852 19
853 15
854 14
855 20
856 11
857 14
858 9
859 8
860 13
861 9
862 3
863 14
864 25
865 13
866 10
867 7
868 19
869 10
870 5
871 7
872 19
873 10
874 4
875 4
876 6
877 9
878 5
879 7
880 28
881 9
882 14
883 12
884 5
885 14
886 3
887 7
888 9
889 5
890 11
891 12
892 12
893 14
894 7
895 11
896 5
897 15
898 11
899 15
900 4
901 18
902 11
903 11
904 15
905 4
906 2
907 16
908 5
909 7
910 16
911 3
912 6
913 16
914 7
915 9
916 14
917 13
918 8
919 11
920 16
921 3
922 8
923 8
924 6
925 7
926 11
927 17
928 18
929 11
930 6
931 7
932 10
933 11
934 21
935 8
936 13
937 18
938 7
939 12
940 6
941 4
942 4
943 6
944 7
945 8
946 10
947 11
948 7
949 19
950 15
951 18
952 13
953 7
954 12
955 20
956 10
957 9
958 15
959 7
960 7
961 14
962 10
963 5
964 10
965 10
966 8
967 15
968 7
969 3
970 14
971 5
972 2
973 4
974 16
975 4
976 9
977 5
978 7
979 16
980 13
981 17
982 12
983 16
984 1
985 24
986 5
987 10
988 10
989 6
990 1
991 6
992 8
993 11
994 5
995 16
996 4
997 5
998 10
999 3
1000 21
1001 14
1002 22
1003 12
1004 15
1005 12
1006 7
1007 14
1008 14
1009 5
1010 12
1011 17
1012 18
1013 29
1014 7
1015 8
1016 12
1017 4
1018 9
1019 3
1020 12
1021 20
1022 9
1023 11
1024 14
1025 4
1026 3
1027 11
1028 11
1029 7
1030 2
1031 6
1032 8
1033 18
1034 15
1035 5
1036 7
1037 3
1038 20
1039 9
1040 6
1041 17
1042 22
1043 17
1044 8
1045 18
1046 10
1047 12
1048 5
1049 1
1050 5
1051 17
1052 3
1053 14
1054 10
1055 3
1056 15
1057 5
1058 6
1059 17
1060 16
1061 6
1062 14
1063 12
1064 6
1065 10
1066 10
1067 9
1068 12
1069 1
1070 6
1071 5
1072 21
1073 3
1074 22
1075 17
1076 12
1077 9
1078 10
1079 7
1080 5
1081 15
1082 9
1083 16
1084 11
1085 7
1086 9
1087 9
1088 9
1089 8
1090 12
1091 19
1092 11
1093 3
1094 7
1095 10
1096 6
1097 12
1098 7
1099 16
1100 9
1101 24
1102 5
1103 9
1104 12
1105 9
1106 12
1107 9
1108 7
1109 9
1110 10
1111 1
1112 11
1113 23
1114 8
1115 29
1116 12
1117 7
1118 18
1119 1
1120 17
1121 36
1122 8
1123 8
1124 20
1125 21
1126 6
1127 11
1128 5
1129 4
1130 7
1131 19
1132 11
1133 8
1134 5
1135 8
1136 11
1137 14
1138 7
1139 5
1140 3
1141 25
1142 5
1143 8
1144 9
1145 4
1146 4
1147 11
1148 6
1149 5
1150 7
1151 11
1152 8
1153 7
1154 21
1155 11
1156 6
1157 4
1158 2
1159 11
1160 6
1161 7
1162 4
1163 3
1164 14
1165 8
1166 13
1167 12
1168 4
1169 5
1170 11
1171 5
1172 11
1173 18
1174 11
1175 20
1176 9
1177 2
1178 5
1179 10
1180 11
1181 9
1182 8
1183 26
1184 14
1185 23
1186 3
1187 6
1188 12
1189 12
1190 5
1191 4
1192 8
1193 3
1194 18
1195 5
1196 9
1197 21
1198 8
1199 6
1200 11
1201 11
1202 8
1203 10
1204 3
1205 6
1206 6
1207 8
1208 10
1209 8
1210 16
1211 11
1212 6
1213 6
1214 5
1215 14
1216 8
1217 5
1218 5
1219 2
1220 7
1221 6
1222 8
1223 12
1224 14
1225 7
1226 8
1227 6
1228 8
1229 8
1230 16
1231 9
1232 9
1233 5
1234 6
1235 13
1236 6
1237 6
1238 22
1239 4
1240 9
1241 3
1242 2
1243 16
1244 8
1245 18
1246 15
1247 17
1248 8
1249 2
1250 6
1251 20
1252 11
1253 6
1254 12
1255 10
1256 5
1257 6
1258 5
1259 9
1260 9
1261 5
1262 15
1263 19
1264 9
1265 7
1266 8
1267 14
1268 17
1269 9
1270 7
1271 11
1272 11
1273 5
1274 13
1275 7
1276 13
1277 14
1278 13
1279 2
1280 8
1281 6
1282 13
1283 14
1284 20
1285 16
1286 19
1287 2
1288 15
1289 16
1290 7
1291 12
1292 7
1293 7
1294 3
1295 6
1296 8
1297 6
1298 5
1299 12
1300 7
1301 10
1302 3
1303 2
1304 13
1305 3
1306 14
1307 8
1308 8
1309 14
1310 5
1311 7
1312 12
1313 8
1314 6
1315 21
1316 7
1317 19
1318 10
1319 22
1320 9
1321 11
1322 13
1323 6
1324 12
1325 8
1326 9
1327 9
1328 5
1329 4
1330 4
1331 11
1332 12
1333 6
1334 7
1335 3
1336 6
1337 45
1338 5
1339 6
1340 11
1341 10
1342 5
1343 4
1344 7
1345 10
1346 13
1347 6
1348 1
1349 12
1350 5
1351 10
1352 13
1353 3
1354 11
1355 4
1356 22
1357 7
1358 5
1359 31
1360 5
1361 20
1362 6
1363 9
1364 10
1365 10
1366 18
1367 20
1368 9
1369 12
1370 3
1371 7
1372 11
1373 20
1374 7
1375 12
1376 10
1377 5
1378 15
1379 18
1380 10
1381 8
1382 7
1383 10
1384 12
1385 8
1386 15
1387 8
1388 13
1389 14
1390 14
1391 5
1392 8
1393 6
1394 3
1395 3
1396 12
1397 16
1398 10
1399 5
1400 20
1401 5
1402 10
1403 21
1404 17
1405 8
1406 4
1407 10
1408 9
1409 6
1410 6
1411 8
1412 5
1413 11
1414 7
1415 13
1416 14
1417 11
1418 7
1419 4
1420 12
1421 12
1422 8
1423 10
1424 4
1425 10
1426 18
1427 8
1428 6
1429 5
1430 13
1431 10
1432 8
1433 5
1434 4
1435 10
1436 17
1437 3
1438 9
1439 12
1440 13
1441 21
1442 5
1443 9
1444 14
1445 13
1446 5
1447 8
1448 17
1449 11
1450 13
1451 7
1452 9
1453 3
1454 6
1455 6
1456 7
1457 14
1458 6
1459 12
1460 5
1461 3
1462 5
1463 14
1464 10
1465 14
1466 7
1467 12
1468 4
1469 13
1470 13
1471 7
1472 13
1473 14
1474 2
1475 5
1476 4
1477 17
1478 14
1479 17
1480 22
1481 21
1482 4
1483 17
1484 7
1485 6
1486 11
1487 7
1488 3
1489 18
1490 35
1491 15
1492 12
1493 9
1494 5
1495 10
1496 25
1497 9
1498 17
1499 11
1500 14
1501 21
1502 10
1503 8
1504 9
1505 8
1506 5
1507 7
1508 9
1509 3
1510 4
1511 3
1512 14
1513 8
1514 12
1515 6
1516 8
1517 9
1518 5
1519 6
1520 8
1521 17
1522 3
1523 6
1524 8
1525 7
1526 13
1527 10
1528 12
1529 10
1530 21
1531 17
1532 20
1533 9
1534 3
1535 13
1536 7
1537 6
1538 7
1539 13
1540 5
1541 16
1542 19
1543 3
1544 6
1545 15
1546 17
1547 7
1548 7
1549 9
1550 9
1551 11
1552 8
1553 10
1554 14
1555 13
1556 2
1557 8
1558 9
1559 11
1560 10
1561 5
1562 15
1563 11
1564 5
1565 12
1566 8
1567 16
1568 19
1569 21
1570 11
1571 19
1572 9
1573 4
1574 5
1575 7
1576 9
1577 28
1578 6
1579 6
1580 5
1581 5
1582 8
1583 9
1584 6
1585 7
1586 15
1587 5
1588 13
1589 13
1590 22
1591 1
1592 3
1593 11
1594 13
1595 7
1596 2
1597 8
1598 17
1599 12
1600 6
1601 7
1602 7
1603 7
1604 5
1605 11
1606 8
1607 17
1608 8
1609 5
1610 12
1611 7
1612 10
1613 7
1614 8
1615 8
1616 13
1617 6
1618 7
1619 16
1620 15
1621 12
1622 12
1623 21
1624 16
1625 6
1626 7
1627 18
1628 11
1629 4
1630 10
1631 4
1632 8
1633 14
1634 5
1635 8
1636 5
1637 16
1638 2
1639 4
1640 11
1641 16
1642 11
1643 6
1644 11
1645 6
1646 7
1647 15
1648 9
1649 6
1650 3
1651 10
1652 6
1653 4
1654 10
1655 17
1656 11
1657 2
1658 39
1659 5
1660 8
1661 6
1662 11
1663 2
1664 6
1665 10
1666 13
1667 16
1668 12
1669 6
1670 17
1671 19
1672 6
1673 7
1674 10
1675 5
1676 15
1677 9
1678 14
1679 12
1680 11
1681 9
1682 7
1683 8
1684 11
1685 4
1686 14
1687 14
1688 11
1689 5
1690 13
1691 9
1692 4
1693 7
1694 14
1695 9
1696 14
1697 21
1698 16
1699 6
1700 11
1701 14
1702 7
1703 5
1704 8
1705 17
1706 10
1707 18
1708 8
1709 14
1710 7
1711 11
1712 11
1713 16
1714 2
1715 5
1716 10
1717 13
1718 7
1719 8
1720 12
1721 5
1722 18
1723 25
1724 14
1725 6
1726 7
1727 19
1728 8
1729 4
1730 15
1731 12
1732 7
1733 7
1734 8
1735 10
1736 7
1737 15
1738 13
1739 19
1740 3
1741 13
1742 7
1743 7
1744 17
1745 12
1746 8
1747 8
1748 6
1749 6
1750 9
1751 7
1752 10
1753 8
1754 12
1755 8
1756 23
1757 13
1758 13
1759 21
1760 9
1761 6
1762 8
1763 13
1764 14
1765 9
1766 18
1767 17
1768 6
1769 9
1770 10
1771 20
1772 6
1773 6
1774 15
1775 14
1776 13
1777 5
1778 12
1779 4
1780 10
1781 6
1782 13
1783 5
1784 21
1785 9
1786 6
1787 11
1788 22
1789 5
1790 11
1791 11
1792 5
1793 6
1794 13
1795 5
1796 6
1797 4
1798 6
1799 21
1800 8
1801 8
1802 4
1803 10
1804 10
1805 4
1806 14
1807 13
1808 4
1809 4
1810 12
1811 10
1812 11
1813 5
1814 23
1815 35
1816 13
1817 14
1818 13
1819 4
1820 8
1821 10
1822 6
1823 8
1824 9
1825 9
1826 9
1827 4
1828 7
1829 7
1830 17
1831 20
1832 8
1833 9
1834 6
1835 3
1836 1
1837 7
1838 16
1839 13
1840 11
1841 18
1842 12
1843 4
1844 20
1845 10
1846 17
1847 12
1848 18
1849 1
1850 3
1851 27
1852 14
1853 19
1854 7
1855 14
1856 12
1857 20
1858 8
1859 7
1860 4
1861 3
1862 9
1863 5
1864 7
1865 5
1866 11
1867 6
1868 9
1869 11
1870 3
1871 6
1872 41
1873 5
1874 8
1875 27
1876 4
1877 7
1878 11
1879 3
1880 6
1881 9
1882 7
1883 20
1884 7
1885 3
1886 7
1887 19
1888 9
1889 11
1890 11
1891 11
1892 11
1893 4
1894 9
1895 23
1896 7
1897 7
1898 9
1899 8
1900 9
1901 7
1902 11
1903 5
1904 14
1905 9
1906 13
1907 20
1908 11
1909 10
1910 6
1911 10
1912 6
1913 16
1914 15
1915 9
1916 11
1917 10
1918 10
1919 12
1920 11
1921 9
1922 4
1923 13
1924 18
1925 3
1926 11
1927 10
1928 10
1929 9
1930 12
1931 8
1932 4
1933 16
1934 23
1935 11
1936 14
1937 14
1938 18
1939 10
1940 7
1941 13
1942 8
1943 15
1944 11
1945 6
1946 22
1947 17
1948 7
1949 19
1950 13
1951 8
1952 26
1953 15
1954 5
1955 19
1956 14
1957 20
1958 7
1959 5
1960 9
1961 20
1962 11
1963 8
1964 18
1965 15
1966 7
1967 9
1968 2
1969 6
1970 7
1971 6
1972 10
1973 7
1974 12
1975 8
1976 4
1977 7
1978 6
1979 9
1980 5
1981 4
1982 6
1983 22
1984 12
1985 10
1986 5
1987 6
1988 2
1989 11
1990 6
1991 1
1992 6
1993 11
1994 8
1995 18
1996 14
1997 9
1998 7
1999 9
