0 12
1 9
2 17
3 8
4 3
5 8
6 3
7 11
8 4
9 4
10 12
11 4
12 9
13 10
14 27
15 10
16 12
17 26
18 15
19 5
20 5
21 16
22 4
23 10
24 8
25 2
26 8
27 14
28 13
29 5
30 5
31 20
32 8
33 7
34 12
35 6
36 16
37 7
38 4
39 9
40 8
41 19
42 14
43 13
44 7
45 7
46 19
47 31
48 4
49 7
50 4
51 15
52 11
53 16
54 11
55 8
56 5
57 13
58 9
59 10
60 4
61 12
62 12
63 13
64 7
65 11
66 9
67 28
68 20
69 14
70 5
71 8
72 17
73 10
74 9
75 14
76 3
77 6
78 34
79 9
80 14
81 10
82 10
83 2
84 4
85 8
86 11
87 7
88 5
89 17
90 15
91 4
92 8
93 5
94 12
95 18
96 8
97 0
98 11
99 11
100 9
101 20
102 8
103 9
104 27
105 13
106 4
107 9
108 21
109 6
110 14
111 8
112 14
113 5
114 11
115 6
116 16
117 23
118 13
119 5
120 18
121 7
122 14
123 4
124 8
125 5
126 9
127 11
128 9
129 5
130 11
131 12
132 4
133 12
134 5
135 13
136 7
137 3
138 4
139 13
140 5
141 9
142 3
143 8
144 12
145 11
146 6
147 9
148 14
149 16
150 12
151 7
152 2
153 10
154 6
155 9
156 5
157 10
158 20
159 6
160 5
161 21
162 6
163 5
164 4
165 16
166 3
167 10
168 8
169 11
170 9
171 7
172 7
173 3
174 15
175 10
176 11
177 1
178 2
179 6
180 9
181 6
182 13
183 11
184 9
185 9
186 14
187 4
188 23
189 6
190 12
191 4
192 7
193 3
194 13
195 15
196 10
197 13
198 6
199 16
200 7
201 7
202 10
203 10
204 6
205 9
206 22
207 3
208 7
209 7
210 6
211 9
212 21
213 8
214 3
215 9
216 12
217 11
218 17
219 24
220 7
221 13
222 18
223 12
224 12
225 14
226 10
227 7
228 9
229 15
230 7
231 6
232 16
233 5
234 7
235 8
236 11
237 11
238 8
239 8
240 15
241 11
242 14
243 19
244 13
245 11
246 14
247 13
248 16
249 4
250 15
251 17
252 5
253 8
254 6
255 20
256 12
257 12
258 25
259 8
260 5
261 22
262 18
263 14
264 7
265 9
266 10
267 16
268 8
269 5
270 12
271 8
272 16
273 5
274 14
275 5
276 19
277 9
278 12
279 9
280 11
281 16
282 9
283 12
284 7
285 12
286 9
287 4
288 16
289 14
290 3
291 7
292 13
293 2
294 9
295 10
296 9
297 5
298 11
299 7
300 4
301 5
302 9
303 16
304 8
305 19
306 3
307 2
308 4
309 3
310 3
311 6
312 9
313 9
314 8
315 6
316 6
317 13
318 9
319 15
320 5
321 8
322 6
323 11
324 6
325 5
326 3
327 11
328 2
329 12
330 13
331 7
332 3
333 8
334 14
335 9
336 5
337 7
338 16
339 4
340 12
341 10
342 4
343 21
344 11
345 12
346 5
347 7
348 9
349 12
350 10
351 7
352 5
353 4
354 6
355 1
356 7
357 14
358 7
359 16
360 12
361 12
362 17
363 7
364 5
365 7
366 3
367 14
368 19
369 21
370 13
371 19
372 11
373 14
374 12
375 4
376 5
377 15
378 4
379 4
380 10
381 9
382 5
383 32
384 3
385 2
386 9
387 32
388 7
389 10
390 8
391 8
392 7
393 11
394 10
395 7
396 7
397 8
398 7
399 13
400 3
401 7
402 6
403 9
404 12
405 7
406 10
407 16
408 13
409 23
410 8
411 12
412 6
413 5
414 15
415 19
416 6
417 7
418 16
419 8
420 5
421 7
422 7
423 8
424 7
425 11
426 10
427 13
428 8
429 7
430 8
431 14
432 4
433 2
434 10
435 6
436 11
437 11
438 7
439 14
440 18
441 9
442 7
443 20
444 7
445 5
446 3
447 7
448 14
449 5
450 6
451 14
452 2
453 14
454 11
455 21
456 5
457 9
458 16
459 2
460 8
461 2
462 21
463 10
464 8
465 11
466 12
467 3
468 8
469 7
470 12
471 5
472 7
473 3
474 12
475 9
476 9
477 3
478 1
479 13
480 14
481 19
482 6
483 20
484 5
485 10
486 6
487 16
488 10
489 24
490 14
491 18
492 3
493 9
494 5
495 9
496 17
497 11
498 19
499 9
500 10
501 13
502 4
503 10
504 6
505 9
506 24
507 6
508 21
509 13
510 11
511 10
512 9
513 20
514 7
515 7
516 10
517 8
518 11
519 8
520 16
521 8
522 11
523 14
524 8
525 11
526 21
527 12
528 27
529 19
530 9
531 8
532 8
533 6
534 17
535 11
536 8
537 18
538 8
539 12
540 16
541 8
542 10
543 6
544 19
545 16
546 12
547 8
548 8
549 9
550 12
551 7
552 6
553 15
554 12
555 8
556 14
557 16
558 13
559 4
560 23
561 4
562 6
563 9
564 13
565 4
566 15
567 13
568 14
569 8
570 13
571 3
572 5
573 4
574 11
575 11
576 7
577 13
578 13
579 5
580 7
581 9
582 8
583 10
584 7
585 17
586 10
587 6
588 9
589 7
590 10
591 9
592 18
593 15
594 4
595 6
596 15
597 5
598 9
599 10
600 4
601 4
602 5
603 4
604 5
605 6
606 10
607 9
608 6
609 18
610 13
611 10
612 14
613 15
614 4
615 4
616 17
617 6
618 3
619 5
620 12
621 5
622 4
623 3
624 7
625 16
626 8
627 10
628 8
629 14
630 3
631 2
632 12
633 13
634 6
635 7
636 13
637 9
638 10
639 22
640 9
641 16
642 14
643 13
644 5
645 6
646 6
647 10
648 12
649 8
650 7
651 13
652 6
653 4
654 13
655 8
656 14
657 2
658 7
659 7
660 14
661 7
662 13
663 8
664 9
665 8
666 16
667 4
668 11
669 17
670 3
671 8
672 16
673 4
674 6
675 16
676 6
677 19
678 8
679 4
680 13
681 8
682 7
683 8
684 6
685 14
686 8
687 5
688 13
689 18
690 10
691 4
692 7
693 5
694 4
695 6
696 8
697 11
698 10
699 21
700 7
701 5
702 4
703 4
704 9
705 9
706 9
707 10
708 2
709 6
710 8
711 3
712 25
713 16
714 6
715 18
716 6
717 9
718 24
719 6
720 16
721 4
722 7
723 20
724 14
725 9
726 14
727 5
728 25
729 10
730 7
731 3
732 11
733 17
734 27
735 6
736 16
737 9
738 7
739 11
740 13
741 15
742 11
743 6
744 12
745 14
746 11
747 11
748 5
749 11
750 17
751 8
752 10
753 3
754 14
755 6
756 16
757 7
758 9
759 3
760 15
761 19
762 5
763 15
764 5
765 14
766 15
767 15
768 19
769 11
770 4
771 6
772 25
773 23
774 16
775 1
776 8
777 4
778 19
779 4
780 8
781 14
782 9
783 1
784 4
785 26
786 20
787 6
788 10
789 15
790 5
791 10
792 7
793 13
794 14
795 4
796 8
797 6
798 16
799 11
800 18
801 6
802 7
803 13
804 7
805 23
806 19
807 16
808 7
809 2
810 15
811 6
812 5
813 2
814 4
815 8
816 11
817 12
818 5
819 6
820 16
821 7
822 4
823 6
824 14
825 5
826 16
827 8
828 5
829 24
830 17
831 10
832 5
833 5
834 15
835 2
836 9
837 11
838 7
839 17
840 16
841 6
842 22
843 4
844 5
845 8
846 10
847 9
848 17
849 2
850 30
851 3
852 4
853 7
854 20
855 10
856 15
857 11
858 11
859 11
860 17
861 8
862 22
863 26
864 17
865 9
866 5
867 10
868 13
869 4
870 8
871 18
872 4
873 10
874 8
875 5
876 14
877 8
878 2
879 7
880 15
881 6
882 10
883 10
884 3
885 14
886 13
887 9
888 12
889 7
890 6
891 2
892 7
893 13
894 9
895 11
896 12
897 11
898 8
899 24
900 17
901 12
902 13
903 6
904 4
905 4
906 12
907 14
908 4
909 9
910 15
911 2
912 6
913 16
914 14
915 7
916 7
917 9
918 8
919 5
920 3
921 1
922 5
923 5
924 11
925 8
926 16
927 6
928 17
929 14
930 7
931 13
932 12
933 9
934 12
935 5
936 7
937 14
938 5
939 8
940 9
941 12
942 3
943 7
944 18
945 9
946 9
947 5
948 15
949 10
950 9
951 15
952 12
953 5
954 26
955 6
956 8
957 9
958 16
959 28
960 11
961 27
962 4
963 3
964 8
965 5
966 20
967 5
968 8
969 11
970 4
971 10
972 2
973 7
974 13
975 9
976 4
977 8
978 8
979 7
980 6
981 7
982 4
983 7
984 9
985 6
986 8
987 14
988 8
989 5
990 24
991 8
992 7
993 10
994 9
995 15
996 24
997 11
998 11
999 19
1000 23
1001 3
1002 10
1003 4
1004 8
1005 10
1006 7
1007 10
1008 4
1009 7
1010 8
1011 6
1012 11
1013 6
1014 5
1015 6
1016 6
1017 16
1018 7
1019 11
1020 7
1021 10
1022 8
1023 10
1024 6
1025 20
1026 5
1027 3
1028 6
1029 6
1030 36
1031 10
1032 6
1033 15
1034 10
1035 5
1036 13
1037 12
1038 9
1039 5
1040 12
1041 8
1042 6
1043 9
1044 3
1045 7
1046 3
1047 8
1048 6
1049 9
1050 8
1051 13
1052 8
1053 6
1054 14
1055 2
1056 11
1057 6
1058 10
1059 4
1060 12
1061 11
1062 15
1063 3
1064 2
1065 10
1066 10
1067 5
1068 2
1069 11
1070 9
1071 7
1072 17
1073 5
1074 16
1075 10
1076 7
1077 13
1078 6
1079 2
1080 12
1081 8
1082 9
1083 11
1084 14
1085 8
1086 16
1087 6
1088 6
1089 11
1090 5
1091 2
1092 27
1093 8
1094 2
1095 3
1096 8
1097 8
1098 5
1099 15
1100 5
1101 13
1102 4
1103 10
1104 3
1105 2
1106 8
1107 17
1108 4
1109 6
1110 16
1111 13
1112 16
1113 14
1114 4
1115 23
1116 5
1117 9
1118 5
1119 21
1120 16
1121 5
1122 4
1123 10
1124 5
1125 6
1126 8
1127 8
1128 10
1129 6
1130 5
1131 18
1132 3
1133 4
1134 16
1135 6
1136 4
1137 12
1138 15
1139 4
1140 8
1141 13
1142 11
1143 12
1144 17
1145 24
1146 8
1147 12
1148 14
1149 28
1150 5
1151 6
1152 17
1153 3
1154 6
1155 7
1156 4
1157 6
1158 4
1159 6
1160 15
1161 10
1162 5
1163 5
1164 12
1165 19
1166 8
1167 8
1168 9
1169 5
1170 12
1171 6
1172 16
1173 17
1174 4
1175 8
1176 13
1177 12
1178 19
1179 8
1180 12
1181 11
1182 5
1183 16
1184 8
1185 8
1186 7
1187 14
1188 14
1189 10
1190 4
1191 13
1192 1
1193 6
1194 9
1195 10
1196 3
1197 9
1198 13
1199 10
1200 7
1201 9
1202 17
1203 14
1204 15
1205 4
1206 6
1207 28
1208 12
1209 7
1210 5
1211 5
1212 5
1213 11
1214 19
1215 13
1216 7
1217 7
1218 11
1219 11
1220 7
1221 14
1222 4
1223 3
1224 10
1225 4
1226 11
1227 13
1228 8
1229 11
1230 8
1231 6
1232 14
1233 6
1234 12
1235 16
1236 12
1237 5
1238 8
1239 12
1240 6
1241 9
1242 5
1243 6
1244 12
1245 6
1246 5
1247 13
1248 13
1249 18
1250 11
1251 6
1252 8
1253 9
1254 27
1255 6
1256 9
1257 21
1258 8
1259 9
1260 14
1261 3
1262 5
1263 5
1264 14
1265 7
1266 7
1267 6
1268 13
1269 10
1270 10
1271 7
1272 12
1273 9
1274 10
1275 12
1276 8
1277 17
1278 7
1279 10
1280 11
1281 5
1282 2
1283 11
1284 9
1285 12
1286 7
1287 6
1288 4
1289 11
1290 9
1291 20
1292 1
1293 16
1294 5
1295 4
1296 6
1297 17
1298 5
1299 8
1300 6
1301 15
1302 10
1303 21
1304 10
1305 10
1306 6
1307 3
1308 3
1309 7
1310 4
1311 1
1312 2
1313 10
1314 10
1315 8
1316 6
1317 14
1318 22
1319 17
1320 7
1321 2
1322 10
1323 16
1324 6
1325 6
1326 13
1327 3
1328 15
1329 10
1330 6
1331 8
1332 11
1333 5
1334 13
1335 12
1336 18
1337 18
1338 6
1339 5
1340 6
1341 20
1342 10
1343 10
1344 8
1345 12
1346 5
1347 6
1348 12
1349 14
1350 12
1351 13
1352 20
1353 16
1354 2
1355 10
1356 4
1357 5
1358 4
1359 10
1360 6
1361 5
1362 14
1363 16
1364 5
1365 20
1366 12
1367 5
1368 7
1369 6
1370 12
1371 7
1372 14
1373 14
1374 5
1375 8
1376 13
1377 9
1378 9
1379 5
1380 8
1381 11
1382 11
1383 16
1384 5
1385 9
1386 29
1387 6
1388 5
1389 10
1390 15
1391 9
1392 12
1393 0
1394 16
1395 7
1396 9
1397 15
1398 9
1399 2
1400 12
1401 8
1402 8
1403 11
1404 11
1405 13
1406 6
1407 14
1408 11
1409 11
1410 11
1411 7
1412 4
1413 14
1414 21
1415 5
1416 12
1417 6
1418 6
1419 14
1420 13
1421 10
1422 11
1423 9
1424 13
1425 15
1426 9
1427 19
1428 6
1429 1
1430 14
1431 8
1432 11
1433 14
1434 20
1435 11
1436 10
1437 14
1438 2
1439 12
1440 9
1441 6
1442 10
1443 10
1444 5
1445 11
1446 9
1447 13
1448 14
1449 24
1450 6
1451 3
1452 8
1453 8
1454 6
1455 4
1456 6
1457 10
1458 4
1459 4
1460 12
1461 14
1462 30
1463 5
1464 14
1465 4
1466 11
1467 5
1468 7
1469 8
1470 5
1471 3
1472 8
1473 4
1474 7
1475 9
1476 8
1477 11
1478 12
1479 5
1480 9
1481 5
1482 10
1483 13
1484 19
1485 12
1486 9
1487 12
1488 15
1489 7
1490 16
1491 30
1492 7
1493 2
1494 20
1495 7
1496 22
1497 5
1498 7
1499 3
1500 6
1501 10
1502 18
1503 7
1504 21
1505 10
1506 12
1507 7
1508 7
1509 13
1510 5
1511 10
1512 8
1513 13
1514 17
1515 16
1516 20
1517 13
1518 10
1519 11
1520 16
1521 15
1522 12
1523 5
1524 10
1525 16
1526 10
1527 4
1528 9
1529 11
1530 15
1531 11
1532 6
1533 6
1534 9
1535 7
1536 18
1537 5
1538 5
1539 12
1540 7
1541 11
1542 25
1543 9
1544 8
1545 10
1546 9
1547 15
1548 2
1549 7
1550 9
1551 15
1552 14
1553 10
1554 9
1555 15
1556 7
1557 7
1558 15
1559 14
1560 18
1561 5
1562 7
1563 5
1564 15
1565 11
1566 15
1567 17
1568 2
1569 12
1570 4
1571 5
1572 11
1573 3
1574 3
1575 12
1576 33
1577 10
1578 25
1579 6
1580 16
1581 5
1582 53
1583 10
1584 6
1585 12
1586 9
1587 7
1588 14
1589 20
1590 14
1591 5
1592 7
1593 18
1594 8
1595 6
1596 6
1597 5
1598 15
1599 9
1600 6
1601 10
1602 7
1603 3
1604 11
1605 5
1606 6
1607 7
1608 3
1609 9
1610 4
1611 7
1612 4
1613 5
1614 9
1615 5
1616 4
1617 17
1618 11
1619 9
1620 9
1621 8
1622 13
1623 18
1624 4
1625 4
1626 9
1627 5
1628 6
1629 21
1630 11
1631 2
1632 7
1633 8
1634 12
1635 16
1636 13
1637 10
1638 8
1639 12
1640 11
1641 12
1642 17
1643 14
1644 9
1645 32
1646 2
1647 10
1648 4
1649 13
1650 11
1651 14
1652 20
1653 10
1654 21
1655 6
1656 5
1657 12
1658 9
1659 17
1660 10
1661 12
1662 11
1663 6
1664 12
1665 16
1666 5
1667 6
1668 10
1669 27
1670 15
1671 17
1672 18
1673 4
1674 13
1675 9
1676 32
1677 13
1678 8
1679 10
1680 7
1681 13
1682 6
1683 15
1684 11
1685 2
1686 15
1687 12
1688 13
1689 9
1690 11
1691 6
1692 15
1693 11
1694 5
1695 8
1696 5
1697 6
1698 13
1699 8
1700 19
1701 11
1702 23
1703 2
1704 10
1705 4
1706 22
1707 13
1708 14
1709 9
1710 6
1711 18
1712 16
1713 8
1714 10
1715 11
1716 8
1717 11
1718 10
1719 8
1720 12
1721 5
1722 8
1723 11
1724 19
1725 7
1726 12
1727 14
1728 7
1729 9
1730 14
1731 20
1732 16
1733 9
1734 8
1735 16
1736 14
1737 15
1738 9
1739 4
1740 6
1741 14
1742 18
1743 24
1744 4
1745 8
1746 9
1747 6
1748 4
1749 8
1750 6
1751 10
1752 9
1753 13
1754 3
1755 6
1756 5
1757 8
1758 16
1759 9
1760 6
1761 4
1762 10
1763 4
1764 12
1765 10
1766 12
1767 2
1768 9
1769 10
1770 13
1771 4
1772 4
1773 8
1774 17
1775 8
1776 10
1777 14
1778 15
1779 14
1780 9
1781 10
1782 6
1783 7
1784 11
1785 7
1786 7
1787 9
1788 9
1789 2
1790 3
1791 6
1792 5
1793 14
1794 10
1795 3
1796 6
1797 10
1798 10
1799 26
1800 6
1801 12
1802 13
1803 9
1804 5
1805 3
1806 7
1807 6
1808 5
1809 8
1810 10
1811 6
1812 10
1813 13
1814 17
1815 8
1816 11
1817 16
1818 21
1819 17
1820 5
1821 17
1822 13
1823 6
1824 10
1825 15
1826 17
1827 3
1828 5
1829 8
1830 1
1831 6
1832 6
1833 16
1834 8
1835 6
1836 27
1837 5
1838 12
1839 11
1840 10
1841 11
1842 16
1843 7
1844 20
1845 10
1846 7
1847 11
1848 3
1849 17
1850 6
1851 17
1852 2
1853 14
1854 13
1855 22
1856 26
1857 8
1858 14
1859 10
1860 4
1861 1
1862 11
1863 2
1864 7
1865 4
1866 11
1867 3
1868 11
1869 23
1870 19
1871 5
1872 9
1873 15
1874 6
1875 8
1876 12
1877 7
1878 7
1879 9
1880 7
1881 7
1882 7
1883 19
1884 11
1885 6
1886 2
1887 7
1888 3
1889 5
1890 19
1891 18
1892 12
1893 3
1894 11
1895 4
1896 8
1897 20
1898 8
1899 17
1900 6
1901 16
1902 18
1903 7
1904 6
1905 15
1906 12
1907 2
1908 11
1909 12
1910 9
1911 10
1912 8
1913 8
1914 12
1915 7
1916 10
1917 18
1918 2
1919 7
1920 12
1921 14
1922 12
1923 14
1924 14
1925 7
1926 11
1927 20
1928 7
1929 11
1930 4
1931 18
1932 4
1933 10
1934 4
1935 10
1936 12
1937 13
1938 12
1939 12
1940 16
1941 6
1942 4
1943 13
1944 20
1945 9
1946 12
1947 8
1948 13
1949 2
1950 20
1951 16
1952 20
1953 7
1954 20
1955 10
1956 16
1957 6
1958 29
1959 10
1960 10
1961 5
1962 6
1963 8
1964 15
1965 4
1966 3
1967 4
1968 12
1969 17
1970 9
1971 4
1972 13
1973 5
1974 3
1975 8
1976 5
1977 5
1978 12
1979 6
1980 6
1981 8
1982 9
1983 10
1984 6
1985 14
1986 17
1987 5
1988 6
1989 16
1990 4
1991 15
1992 8
1993 2
1994 13
1995 8
1996 7
1997 4
1998 6
1999 9
