10 0
11 0
12 0
13 0
14 0
15 0
16 0
17 0
18 0
19 0
20 0
21 0
22 0
23 0
24 0
25 0
26 0
27 0
28 0
29 0
30 0
31 0
32 0
33 0
34 0
35 0
36 0
37 0
38 0
39 0
40 0
41 0
42 0
43 0
44 0
45 0
46 0
47 0
48 0
49 0
50 0
51 0
52 0
53 0
54 0
55 0
56 0
57 0
58 0
59 0
60 0
61 0
62 0
63 0
64 0
65 0
66 0
67 0
68 0
69 0
70 0
71 0
72 0
73 0
74 0
75 0
76 0
77 0
78 0
79 0
80 0
81 0
82 0
83 0
84 0
85 0
86 0
87 0
88 0
89 0
90 0
91 0
92 0
93 0
94 0
95 0
96 0
97 0
98 0
99 0
100 0
101 0
102 0
103 0
104 0
105 0
106 0
107 0
108 0
109 0
110 0
111 0
112 0
113 0
114 0
115 0
116 0
117 0
118 0
119 0
120 0
121 0
122 0
123 0
124 0
125 0
126 0
127 0
128 0
129 0
130 0
131 0
132 0
133 0
134 0
135 0
136 0
137 0
138 0
139 0
140 0
141 0
142 0
143 0
144 0
145 0
146 0
147 0
148 0
149 0
150 0
151 0
152 0
153 0
154 0
155 0
156 0
157 0
158 0
159 0
160 0
161 0
162 0
163 0
164 0
165 0
166 0
167 0
168 0
169 0
170 0
171 0
172 0
173 0
174 0
175 0
176 0
177 0
178 0
179 0
180 0
181 0
182 0
183 0
184 0
185 0
186 0
187 0
188 0
189 0
190 0
191 0
192 0
193 0
194 0
195 0
196 0
197 0
198 0
199 0
200 0
201 0
202 0
203 0
204 0
205 0
206 0
207 0
208 0
209 0
210 0
211 0
212 0
213 0
214 0
215 0
216 0
217 0
218 0
219 0
220 0
221 0
222 0
223 0
224 0
225 0
226 0
227 0
228 0
229 0
230 0
231 0
232 0
233 0
234 0
235 0
236 0
237 0
238 0
239 0
240 0
241 0
242 0
243 0
244 0
245 0
246 0
247 0
248 0
249 0
250 0
251 0
252 0
253 0
254 0
255 0
256 0
257 0
258 0
259 0
260 0
261 0
262 0
263 0
264 0
265 0
266 0
267 0
268 0
269 0
270 0
271 0
272 0
273 0
274 0
275 0
276 0
277 0
278 0
279 0
280 0
281 0
282 0
283 0
284 0
285 0
286 0
287 0
288 0
289 0
290 0
291 0
292 0
293 0
294 0
295 0
296 0
297 0
298 0
299 0
300 0
301 0
302 0
303 0
304 0
305 0
306 0
307 0
308 0
309 0
310 0
311 0
312 0
313 0
314 0
315 0
316 0
317 0
318 0
319 0
320 0
321 0
322 0
323 0
324 0
325 0
326 0
327 0
328 0
329 0
330 0
331 0
332 0
333 0
334 0
335 0
336 0
337 0
338 0
339 0
340 0
341 0
342 0
343 0
344 0
345 0
346 0
347 0
348 0
349 0
350 0
351 0
352 0
353 0
354 0
355 0
356 0
357 0
358 0
359 0
360 0
361 0
362 0
363 0
364 0
365 0
366 0
367 0
368 0
369 0
370 0
371 0
372 0
373 0
374 0
375 0
376 0
377 0
378 0
379 0
380 0
381 0
382 0
383 0
384 0
385 0
386 0
387 0
388 0
389 0
390 0
391 0
392 0
393 0
394 0
395 0
396 0
397 0
398 0
399 0
400 0
401 0
402 0
403 0
404 0
405 0
406 0
407 0
408 0
409 0
410 0
411 0
412 0
413 0
414 0
415 0
416 0
417 0
418 0
419 0
420 0
421 0
422 0
423 0
424 0
425 0
426 0
427 0
428 0
429 0
430 0
431 0
432 0
433 0
434 0
435 0
436 0
437 0
438 0
439 0
440 0
441 0
442 0
443 0
444 0
445 0
446 0
447 0
448 0
449 0
450 0
451 0
452 0
453 0
454 0
455 0
456 0
457 0
458 0
459 0
460 0
461 0
462 0
463 0
464 0
465 0
466 0
467 0
468 0
469 0
470 0
471 0
472 0
473 0
474 0
475 0
476 0
477 0
478 0
479 0
480 0
481 0
482 0
483 0
484 0
485 0
486 0
487 0
488 0
489 0
490 0
491 0
492 0
493 0
494 0
495 0
496 0
497 0
498 0
499 0
500 0
501 0
502 0
503 0
504 0
505 0
506 0
507 0
508 0
509 0
510 0
511 0
512 0
513 0
514 0
515 0
516 0
517 0
518 0
519 0
520 0
521 0
522 0
523 0
524 0
525 0
526 0
527 0
528 0
529 0
530 0
531 0
532 0
533 0
534 0
535 0
536 0
537 0
538 0
539 0
540 0
541 0
542 0
543 0
544 0
545 0
546 0
547 0
548 0
549 0
550 0
551 0
552 0
553 1
554 1
555 1
556 1
557 1
558 1
559 1
560 1
561 1
562 1
563 1
564 1
565 1
566 1
567 1
568 1
569 1
570 1
571 1
572 1
573 1
574 1
575 1
576 1
577 1
578 1
579 1
580 1
581 1
582 1
583 1
584 1
585 1
586 1
587 1
588 1
589 1
590 1
591 1
592 1
593 1
594 1
595 1
596 1
597 1
598 1
599 1
600 1
601 1
602 1
603 1
604 1
605 1
606 1
607 1
608 1
609 1
610 1
611 1
612 1
613 1
614 1
615 1
616 1
617 1
618 1
619 1
620 1
621 1
622 1
623 1
624 1
625 1
626 1
627 1
628 1
629 1
630 1
631 1
632 1
633 1
634 1
635 1
636 1
637 1
638 1
639 1
640 1
641 1
642 1
643 1
644 1
645 1
646 1
647 1
648 1
649 1
650 1
651 1
652 1
653 1
654 1
655 1
656 1
657 1
658 1
659 1
660 1
661 1
662 1
663 1
664 1
665 1
666 1
667 1
668 1
669 1
670 1
671 1
672 1
673 1
674 1
675 1
676 1
677 1
678 1
679 1
680 1
681 1
682 1
683 1
684 1
685 1
686 1
687 1
688 1
689 1
690 1
691 1
692 1
693 1
694 1
695 1
696 1
697 1
698 1
699 1
700 1
701 1
702 1
703 1
704 1
705 1
706 1
707 1
708 1
709 1
710 1
711 1
712 1
713 1
714 1
715 1
716 1
717 1
718 1
719 1
720 1
721 1
722 1
723 1
724 1
725 1
726 1
727 1
728 1
729 1
730 1
731 1
732 1
733 1
734 1
735 1
736 1
737 1
738 1
739 1
740 1
741 1
742 1
743 1
744 1
745 1
746 1
747 1
748 1
749 1
750 1
751 1
752 1
753 1
754 1
755 1
756 1
757 1
758 1
759 1
760 1
761 1
762 1
763 1
764 1
765 1
766 1
767 1
768 1
769 1
770 1
771 1
772 1
773 1
774 1
775 1
776 1
777 1
778 1
779 1
780 1
781 1
782 1
783 1
784 1
785 1
786 1
787 1
788 1
789 1
790 1
791 1
792 1
793 1
794 1
795 1
796 1
797 1
798 1
799 1
800 1
801 1
802 1
803 1
804 1
805 1
806 1
807 1
808 1
809 1
810 1
811 1
812 1
813 1
814 1
815 1
816 1
817 1
818 1
819 1
820 1
821 1
822 1
823 1
824 1
825 1
826 1
827 1
828 1
829 1
830 1
831 1
832 1
833 1
834 1
835 1
836 1
837 1
838 1
839 1
840 1
841 1
842 1
843 1
844 1
845 1
846 1
847 1
848 1
849 1
850 1
851 1
852 1
853 1
854 1
855 1
856 1
857 1
858 1
859 1
860 1
861 1
862 1
863 1
864 1
865 1
866 1
867 1
868 1
869 1
870 1
871 1
872 1
873 1
874 1
875 1
876 1
877 1
878 1
879 1
880 1
881 1
882 1
883 1
884 1
885 1
886 1
887 1
888 1
889 1
890 1
891 1
892 1
893 1
894 1
895 1
896 1
897 1
898 1
899 1
900 1
901 1
902 1
903 1
904 1
905 1
906 1
907 1
908 1
909 1
910 1
911 1
912 1
913 1
914 1
915 1
916 1
917 1
918 1
919 1
920 1
921 1
922 1
923 1
924 1
925 1
926 1
927 1
928 1
929 1
930 1
931 1
932 1
933 1
934 1
935 1
936 1
937 1
938 1
939 1
940 1
941 1
942 1
943 1
944 1
945 1
946 1
947 1
948 1
949 1
950 1
951 1
952 1
953 1
954 1
955 1
956 1
957 1
958 1
959 1
960 1
961 1
962 1
963 1
964 1
965 1
966 1
967 1
968 1
969 1
970 1
971 1
972 1
973 1
974 1
975 1
976 1
977 1
978 1
979 1
980 1
981 1
982 1
983 1
984 1
985 1
986 1
987 2
988 2
989 2
990 2
991 2
992 2
993 2
994 2
995 2
996 2
997 2
998 2
999 2
1000 2
1001 2
1002 2
1003 2
1004 2
1005 2
1006 2
1007 2
1008 2
1009 2
1010 2
1011 2
1012 2
1013 2
1014 2
1015 2
1016 2
1017 2
1018 2
1019 2
1020 2
1021 2
1022 2
1023 2
1024 2
1025 2
1026 2
1027 2
1028 2
1029 2
1030 2
1031 2
1032 2
1033 2
1034 2
1035 2
1036 2
1037 2
1038 2
1039 2
1040 2
1041 2
1042 2
1043 2
1044 2
1045 2
1046 2
1047 2
1048 2
1049 2
1050 2
1051 2
1052 2
1053 2
1054 2
1055 2
1056 2
1057 2
1058 2
1059 2
1060 2
1061 2
1062 2
1063 2
1064 2
1065 2
1066 2
1067 2
1068 2
1069 2
1070 2
1071 2
1072 2
1073 2
1074 2
1075 2
1076 2
1077 2
1078 2
1079 2
1080 2
1081 2
1082 2
1083 2
1084 2
1085 2
1086 2
1087 2
1088 2
1089 2
1090 2
1091 2
1092 2
1093 2
1094 2
1095 3
1096 3
1097 3
1098 3
1099 3
1100 3
1101 3
1102 3
1103 3
1104 3
1105 3
1106 3
1107 3
1108 3
1109 3
1110 3
1111 3
1112 3
1113 3
1114 3
1115 3
1116 3
1117 3
1118 3
1119 3
1120 3
1121 3
1122 3
1123 3
1124 3
1125 3
1126 3
1127 3
1128 3
1129 3
1130 3
1131 3
1132 3
1133 3
1134 3
1135 3
1136 3
1137 3
1138 3
1139 3
1140 3
1141 3
1142 3
1143 3
1144 3
1145 3
1146 3
1147 3
1148 3
1149 3
1150 3
1151 3
1152 3
1153 3
1154 3
1155 3
1156 3
1157 3
1158 3
1159 3
1160 3
1161 3
1162 3
1163 3
1164 3
1165 3
1166 3
1167 3
1168 3
1169 3
1170 3
1171 3
1172 3
1173 3
1174 3
1175 3
1176 3
1177 3
1178 3
1179 3
1180 3
1181 3
1182 3
1183 3
1184 3
1185 3
1186 3
1187 3
1188 3
1189 3
1190 3
1191 3
1192 3
1193 3
1194 3
1195 3
1196 3
1197 3
1198 3
1199 3
1200 3
1201 3
1202 3
1203 3
1204 3
1205 3
1206 3
1207 3
1208 3
1209 3
1210 3
1211 3
1212 3
1213 3
1214 3
1215 3
1216 3
1217 3
1218 3
1219 3
1220 3
1221 3
1222 3
1223 3
1224 3
1225 3
1226 3
1227 3
1228 3
1229 3
1230 3
1231 3
1232 3
1233 3
1234 3
1235 3
1236 3
1237 3
1238 3
1239 3
1240 3
1241 3
1242 3
1243 3
1244 3
1245 3
1246 3
1247 3
1248 3
1249 3
1250 3
1251 3
1252 3
1253 3
1254 3
1255 3
1256 3
1257 3
1258 3
1259 3
1260 3
1261 3
1262 3
1263 3
1264 3
1265 3
1266 3
1267 3
1268 3
1269 3
1270 3
1271 3
1272 3
1273 3
1274 3
1275 3
1276 3
1277 3
1278 3
1279 3
1280 3
1281 3
1282 3
1283 3
1284 3
1285 3
1286 3
1287 3
1288 3
1289 3
1290 3
1291 3
1292 3
1293 3
1294 3
1295 3
1296 3
1297 3
1298 3
1299 3
1300 3
1301 3
1302 3
1303 3
1304 3
1305 3
1306 3
1307 3
1308 3
1309 3
1310 3
1311 3
1312 3
1313 3
1314 3
1315 3
1316 3
1317 3
1318 3
1319 3
1320 3
1321 3
1322 3
1323 3
1324 3
1325 3
1326 3
1327 3
1328 3
1329 3
1330 3
1331 3
1332 3
1333 3
1334 3
1335 3
1336 3
1337 3
1338 3
1339 3
1340 3
1341 3
1342 3
1343 3
1344 3
1345 3
1346 3
1347 3
1348 3
1349 3
1350 3
1351 3
1352 3
1353 3
1354 3
1355 3
1356 3
1357 3
1358 3
1359 3
1360 3
1361 3
1362 3
1363 3
1364 3
1365 3
1366 3
1367 3
1368 3
1369 3
1370 3
1371 3
1372 3
1373 3
1374 3
1375 3
1376 3
1377 3
1378 3
1379 3
1380 3
1381 3
1382 3
1383 3
1384 3
1385 3
1386 3
1387 3
1388 3
1389 3
1390 3
1391 3
1392 3
1393 3
1394 3
1395 3
1396 3
1397 3
1398 3
1399 3
1400 3
1401 3
1402 3
1403 3
1404 3
1405 3
1406 3
1407 3
1408 3
1409 3
1410 3
1411 3
1412 3
1413 3
1414 3
1415 3
1416 3
1417 3
1418 3
1419 3
1420 3
1421 3
1422 3
1423 3
1424 3
1425 3
1426 3
1427 3
1428 3
1429 3
1430 3
1431 3
1432 3
1433 3
1434 3
1435 3
1436 3
1437 3
1438 3
1439 3
1440 3
1441 3
1442 3
1443 3
1444 3
1445 3
1446 3
1447 3
1448 3
1449 3
1450 3
1451 3
1452 3
1453 3
1454 3
1455 3
1456 3
1457 3
1458 3
1459 3
1460 3
1461 3
1462 3
1463 3
1464 3
1465 3
1466 3
1467 3
1468 3
1469 3
1470 3
1471 3
1472 3
1473 3
1474 3
1475 3
1476 3
1477 3
1478 3
1479 3
1480 3
1481 3
1482 3
1483 3
1484 3
1485 3
1486 3
1487 3
1488 3
1489 3
1490 3
1491 3
1492 3
1493 3
1494 3
1495 3
1496 3
1497 3
1498 3
1499 3
1500 3
1501 3
1502 3
1503 3
1504 3
1505 3
1506 3
1507 3
1508 3
1509 3
1510 3
1511 3
1512 3
1513 3
1514 3
1515 3
1516 3
1517 3
1518 3
1519 3
1520 3
1521 3
1522 3
1523 3
1524 3
1525 3
1526 3
1527 3
1528 3
1529 3
1530 3
1531 3
1532 3
1533 3
1534 3
1535 3
1536 3
1537 3
1538 3
1539 3
1540 3
1541 3
1542 3
1543 3
1544 3
1545 3
1546 3
1547 3
1548 3
1549 3
1550 3
1551 3
1552 3
1553 3
1554 3
1555 3
1556 3
1557 3
1558 3
1559 3
1560 3
1561 3
1562 3
1563 3
1564 3
1565 3
1566 3
1567 3
1568 3
1569 3
1570 3
1571 3
1572 3
1573 3
1574 3
1575 3
1576 3
1577 3
1578 3
1579 3
1580 3
1581 3
1582 3
1583 3
1584 3
1585 3
1586 3
1587 3
1588 3
1589 3
1590 3
1591 3
1592 3
1593 3
1594 3
1595 3
1596 3
1597 3
1598 3
1599 3
1600 3
1601 3
1602 3
1603 3
1604 3
1605 3
1606 3
1607 3
1608 3
1609 3
1610 3
1611 3
1612 3
1613 3
1614 3
1615 3
1616 3
1617 3
1618 3
1619 3
1620 3
1621 3
1622 3
1623 3
1624 3
1625 3
1626 3
1627 3
1628 3
1629 3
1630 3
1631 3
1632 3
1633 3
1634 3
1635 3
1636 3
1637 3
1638 3
1639 3
1640 3
1641 3
1642 3
1643 3
1644 3
1645 3
1646 3
1647 3
1648 3
1649 3
1650 3
1651 3
1652 3
1653 3
1654 3
1655 3
1656 3
1657 3
1658 3
1659 3
1660 3
1661 3
1662 3
1663 3
1664 3
1665 3
1666 3
1667 3
1668 3
1669 3
1670 3
1671 3
1672 3
1673 3
1674 3
1675 3
1676 3
1677 3
1678 3
1679 3
1680 3
1681 3
1682 3
1683 3
1684 3
1685 3
1686 3
1687 3
1688 3
1689 3
1690 3
1691 3
1692 3
1693 3
1694 3
1695 3
1696 3
1697 3
1698 3
1699 3
1700 3
1701 3
1702 3
1703 3
1704 3
1705 3
1706 3
1707 3
1708 3
1709 3
1710 3
1711 3
1712 3
1713 3
1714 3
1715 3
1716 3
1717 3
1718 3
1719 3
1720 3
1721 3
1722 3
1723 3
1724 3
1725 3
1726 3
1727 3
1728 3
1729 3
1730 3
1731 3
1732 3
1733 3
1734 3
1735 3
1736 3
1737 3
1738 3
1739 3
1740 3
1741 3
1742 3
1743 3
1744 3
1745 3
1746 3
1747 3
1748 3
1749 3
1750 3
1751 3
1752 3
1753 3
1754 3
1755 3
1756 3
1757 3
1758 3
1759 3
1760 3
1761 3
1762 3
1763 3
1764 3
1765 3
1766 3
1767 3
1768 3
1769 3
1770 3
1771 3
1772 3
1773 3
1774 3
1775 3
1776 3
1777 3
1778 3
1779 3
1780 3
1781 3
1782 3
1783 3
1784 3
1785 3
1786 3
1787 3
1788 3
1789 3
1790 3
1791 3
1792 3
1793 3
1794 3
1795 3
1796 3
1797 3
1798 3
1799 3
1800 3
1801 3
1802 3
1803 3
1804 3
1805 3
1806 3
1807 3
1808 3
1809 3
1810 3
1811 3
1812 3
1813 3
1814 3
1815 3
1816 3
1817 3
1818 3
1819 3
1820 3
1821 3
1822 3
1823 3
1824 3
1825 3
1826 3
1827 3
1828 3
1829 3
1830 3
1831 3
1832 3
1833 3
1834 3
1835 3
1836 3
1837 3
1838 3
1839 3
1840 3
1841 3
1842 3
1843 3
1844 3
1845 3
1846 3
1847 3
1848 3
1849 3
1850 3
1851 3
1852 3
1853 3
1854 3
1855 3
1856 3
1857 3
1858 3
1859 3
1860 3
1861 3
1862 3
1863 3
1864 3
1865 3
1866 3
1867 3
1868 3
1869 3
1870 3
1871 3
1872 3
1873 3
1874 3
1875 3
1876 3
1877 3
1878 3
1879 3
1880 3
1881 3
1882 3
1883 3
1884 3
1885 3
1886 3
1887 3
1888 3
1889 3
1890 3
1891 3
1892 3
1893 3
1894 3
1895 3
1896 3
1897 3
1898 3
1899 3
1900 3
1901 3
1902 3
1903 3
1904 3
1905 3
1906 3
1907 3
1908 3
1909 3
1910 3
1911 3
1912 3
1913 3
1914 3
1915 3
1916 3
1917 3
1918 3
1919 3
1920 3
1921 3
1922 3
1923 3
1924 3
1925 3
1926 3
1927 3
1928 3
1929 3
1930 3
1931 3
1932 3
1933 3
1934 3
1935 3
1936 3
1937 3
1938 3
1939 3
1940 3
1941 3
1942 3
1943 3
1944 3
1945 3
1946 3
1947 3
1948 3
1949 3
1950 3
1951 3
1952 3
1953 3
1954 3
1955 3
1956 3
1957 3
1958 3
1959 3
1960 3
1961 3
1962 3
1963 3
1964 3
1965 3
1966 3
1967 3
1968 3
1969 3
1970 3
1971 3
1972 3
1973 3
1974 3
1975 3
1976 3
1977 3
1978 3
1979 3
1980 3
1981 3
1982 3
1983 3
1984 3
1985 3
1986 3
1987 3
1988 3
1989 3
1990 3
1991 3
1992 3
1993 3
1994 3
1995 3
1996 3
1997 3
1998 3
1999 3
2000 3
2001 3
2002 3
2003 3
2004 3
2005 3
2006 3
2007 3
2008 3
2009 3
2010 3
2011 3
2012 3
2013 3
2014 3
2015 3
2016 3
2017 3
2018 3
2019 3
2020 3
2021 3
2022 3
2023 3
2024 3
2025 3
2026 3
2027 3
2028 3
2029 3
2030 3
2031 3
2032 3
2033 3
2034 3
2035 3
2036 3
2037 3
2038 3
2039 3
2040 3
2041 3
2042 3
2043 3
2044 3
2045 3
2046 3
2047 3
2048 3
2049 3
2050 3
2051 3
2052 3
2053 3
2054 3
2055 3
2056 3
2057 3
2058 3
2059 3
2060 3
2061 3
2062 3
2063 3
2064 3
2065 3
2066 3
2067 3
2068 3
2069 3
2070 3
2071 3
2072 3
2073 3
2074 3
2075 3
2076 3
2077 3
2078 3
2079 3
2080 3
2081 3
2082 3
2083 3
2084 3
2085 3
2086 3
2087 3
2088 3
2089 3
2090 3
2091 3
2092 3
2093 3
2094 3
2095 3
2096 3
2097 3
2098 3
2099 3
2100 3
2101 3
2102 3
2103 3
2104 3
2105 3
2106 3
2107 3
2108 3
2109 3
2110 3
2111 3
2112 3
2113 3
2114 3
2115 3
2116 3
2117 3
2118 3
2119 3
2120 3
2121 3
2122 3
2123 3
2124 3
2125 3
2126 3
2127 3
2128 3
2129 3
2130 3
2131 3
2132 3
2133 3
2134 3
2135 3
2136 3
2137 3
2138 3
2139 3
2140 3
2141 3
2142 3
2143 3
2144 3
2145 3
2146 3
2147 3
2148 3
2149 3
2150 3
2151 3
2152 3
2153 3
2154 3
2155 3
2156 3
2157 3
2158 3
2159 3
2160 3
2161 3
2162 3
2163 3
2164 3
2165 3
2166 3
2167 3
2168 3
2169 3
2170 3
2171 3
2172 3
2173 3
2174 3
2175 3
2176 3
2177 3
2178 3
2179 3
2180 3
2181 3
2182 3
2183 3
2184 3
2185 3
2186 3
2187 3
2188 3
2189 3
2190 3
2191 3
2192 3
2193 3
2194 3
2195 3
2196 3
2197 3
2198 3
2199 3
2200 3
2201 3
2202 3
2203 3
2204 3
2205 3
2206 3
2207 3
2208 3
2209 3
2210 3
2211 3
2212 3
2213 3
2214 3
2215 3
2216 3
2217 3
2218 3
2219 3
2220 3
2221 3
2222 3
2223 3
2224 3
2225 3
2226 3
2227 3
2228 3
2229 3
2230 3
2231 3
2232 3
2233 3
2234 3
2235 3
2236 3
2237 3
2238 3
2239 3
2240 3
2241 3
2242 3
2243 3
2244 3
2245 3
2246 3
2247 3
2248 3
2249 3
2250 3
2251 3
2252 3
2253 3
2254 3
2255 3
2256 3
2257 3
2258 3
2259 3
2260 3
2261 3
2262 3
2263 3
2264 3
2265 3
2266 3
2267 3
2268 3
2269 3
2270 3
2271 3
2272 3
2273 3
2274 3
2275 3
2276 3
2277 3
2278 3
2279 3
2280 3
2281 3
2282 3
2283 3
2284 3
2285 3
2286 3
2287 3
2288 3
2289 3
2290 3
2291 3
2292 3
2293 3
2294 3
2295 3
2296 3
2297 3
2298 3
2299 3
2300 3
2301 3
2302 3
2303 3
2304 3
2305 3
2306 3
2307 3
2308 3
2309 3
2310 3
2311 3
2312 3
2313 3
2314 3
2315 3
2316 3
2317 3
2318 3
2319 3
2320 3
2321 3
2322 3
2323 3
2324 3
2325 3
2326 3
2327 3
2328 3
2329 3
2330 3
2331 3
2332 3
2333 3
2334 3
2335 3
2336 3
2337 3
2338 3
2339 3
2340 3
2341 3
2342 3
2343 3
2344 3
2345 3
2346 3
2347 3
2348 3
2349 3
2350 3
2351 3
2352 3
2353 3
2354 3
2355 3
2356 3
2357 3
2358 3
2359 3
2360 3
2361 3
2362 3
2363 3
2364 3
2365 3
2366 3
2367 3
2368 3
2369 3
2370 3
2371 3
2372 3
2373 3
2374 3
2375 3
2376 3
2377 3
2378 3
2379 3
2380 3
2381 3
2382 3
2383 3
2384 3
2385 3
2386 3
2387 3
2388 3
2389 3
2390 3
2391 3
2392 3
2393 3
2394 3
2395 3
2396 3
2397 3
2398 3
2399 3
2400 3
2401 3
2402 3
2403 3
2404 3
2405 3
2406 3
2407 3
2408 3
2409 3
2410 3
2411 3
2412 3
2413 3
2414 3
2415 3
2416 3
2417 3
2418 3
2419 3
2420 3
2421 3
2422 3
2423 3
2424 3
2425 3
2426 3
2427 3
2428 3
2429 3
2430 3
2431 3
2432 3
2433 3
2434 3
2435 3
2436 3
2437 3
2438 3
2439 3
2440 3
2441 3
2442 3
2443 3
2444 3
2445 3
2446 3
2447 3
2448 3
2449 3
2450 3
2451 3
2452 3
2453 3
2454 3
2455 3
2456 3
2457 3
2458 3
2459 3
2460 3
2461 3
2462 3
2463 3
2464 3
2465 3
2466 3
2467 3
2468 3
2469 3
2470 3
2471 3
2472 3
2473 3
2474 3
2475 3
2476 3
2477 3
2478 3
2479 3
2480 3
2481 3
2482 3
2483 3
2484 3
2485 3
2486 3
2487 3
2488 3
2489 3
2490 3
2491 3
2492 3
2493 3
2494 3
2495 3
2496 3
2497 3
2498 3
2499 3
2500 3
2501 3
2502 3
2503 3
2504 3
2505 3
2506 3
2507 3
2508 3
2509 3
2510 3
2511 3
2512 3
2513 3
2514 3
2515 3
2516 3
2517 3
2518 3
2519 3
2520 3
2521 3
2522 3
2523 3
2524 3
2525 3
2526 3
2527 3
2528 3
2529 3
2530 3
2531 3
2532 3
2533 3
2534 3
2535 3
2536 3
2537 3
2538 3
2539 3
2540 3
2541 3
2542 3
2543 3
2544 3
2545 3
2546 3
2547 3
2548 3
2549 3
2550 3
2551 3
2552 3
2553 3
2554 3
2555 3
2556 3
2557 3
2558 3
2559 3
2560 3
2561 3
2562 3
2563 3
2564 3
2565 3
2566 3
2567 3
2568 3
2569 3
2570 3
2571 3
2572 3
2573 3
2574 3
2575 3
2576 3
2577 3
2578 3
2579 3
2580 3
2581 3
2582 3
2583 3
2584 3
2585 3
2586 3
2587 3
2588 3
2589 3
2590 3
2591 3
2592 3
2593 3
2594 3
2595 3
2596 3
2597 3
2598 3
2599 3
2600 3
2601 3
2602 3
2603 3
2604 3
2605 3
2606 3
2607 3
2608 3
2609 3
2610 3
2611 3
2612 3
2613 3
2614 3
2615 3
2616 3
2617 3
2618 3
2619 3
2620 3
2621 3
2622 3
2623 3
2624 3
2625 3
2626 3
2627 3
2628 3
2629 3
2630 3
2631 3
2632 3
2633 3
2634 3
2635 3
2636 3
2637 3
2638 3
2639 3
2640 3
2641 3
2642 3
2643 3
2644 3
2645 3
2646 3
2647 3
2648 3
2649 3
2650 3
2651 3
2652 3
2653 3
2654 3
2655 3
2656 3
2657 3
2658 3
2659 3
2660 3
2661 3
2662 3
2663 3
2664 3
2665 3
2666 3
2667 3
2668 3
2669 3
2670 3
2671 3
2672 3
2673 3
2674 3
2675 3
2676 3
2677 3
2678 3
2679 3
2680 3
2681 3
2682 3
2683 3
2684 3
2685 3
2686 3
2687 3
2688 3
2689 3
2690 3
2691 3
2692 3
2693 3
2694 3
2695 3
2696 3
2697 3
2698 3
2699 3
2700 3
2701 3
2702 3
2703 3
2704 3
2705 3
2706 3
2707 3
2708 3
2709 3
2710 3
2711 3
2712 3
2713 3
2714 3
2715 3
2716 3
2717 3
2718 3
2719 3
2720 3
2721 3
2722 3
2723 3
2724 3
2725 3
2726 3
2727 3
2728 3
2729 3
2730 3
2731 3
2732 3
2733 3
2734 3
2735 3
2736 3
2737 3
2738 3
2739 3
2740 3
2741 4
2742 4
2743 4
2744 4
2745 4
2746 4
2747 4
2748 4
2749 4
2750 4
2751 4
2752 4
2753 4
2754 4
2755 4
2756 4
2757 4
2758 4
2759 4
2760 4
2761 4
2762 4
2763 4
2764 4
2765 4
2766 4
2767 4
2768 4
2769 4
2770 4
2771 4
2772 4
2773 4
2774 4
2775 4
2776 4
2777 4
2778 4
2779 4
2780 4
2781 4
2782 4
2783 4
2784 4
2785 4
2786 4
2787 4
2788 4
2789 4
2790 4
2791 4
2792 4
2793 4
2794 4
2795 4
2796 4
2797 4
2798 4
2799 4
2800 4
2801 4
2802 4
2803 4
2804 4
2805 4
2806 4
2807 4
2808 4
2809 4
2810 4
2811 4
2812 4
2813 4
2814 4
2815 4
2816 4
2817 4
2818 4
2819 4
2820 4
2821 4
2822 4
2823 4
2824 4
2825 4
2826 4
2827 4
2828 4
2829 4
2830 4
2831 4
2832 4
2833 4
2834 4
2835 4
2836 4
2837 4
2838 4
2839 4
2840 4
2841 4
2842 4
2843 4
2844 4
2845 4
2846 4
2847 4
2848 4
2849 4
2850 4
2851 4
2852 4
2853 4
2854 4
2855 4
2856 4
2857 4
2858 4
2859 4
2860 4
2861 4
2862 4
2863 4
2864 4
2865 4
2866 4
2867 4
2868 4
2869 4
2870 4
2871 4
2872 4
2873 4
2874 4
2875 4
2876 4
2877 4
2878 4
2879 4
2880 4
2881 4
2882 4
2883 4
2884 4
2885 4
2886 4
2887 4
2888 4
2889 4
2890 4
2891 4
2892 4
2893 4
2894 4
2895 4
2896 4
2897 4
2898 4
2899 4
2900 4
2901 4
2902 4
2903 4
2904 4
2905 4
2906 4
2907 4
2908 4
2909 4
2910 4
2911 4
2912 4
2913 4
2914 4
2915 4
2916 4
2917 4
2918 4
2919 4
2920 4
2921 4
2922 4
2923 4
2924 4
2925 4
2926 4
2927 4
2928 4
2929 4
2930 4
2931 4
2932 4
2933 4
2934 4
2935 4
2936 4
2937 4
2938 4
2939 4
2940 4
2941 4
2942 4
2943 4
2944 4
2945 4
2946 4
2947 4
2948 4
2949 4
2950 4
2951 4
2952 4
2953 4
2954 4
2955 4
2956 4
2957 4
2958 4
2959 4
2960 4
2961 4
2962 4
2963 4
2964 4
2965 4
2966 4
2967 4
2968 4
2969 4
2970 4
2971 4
2972 4
2973 4
2974 4
2975 4
2976 4
2977 4
2978 4
2979 4
2980 4
2981 4
2982 4
2983 4
2984 4
2985 4
2986 4
2987 4
2988 4
2989 4
2990 4
2991 4
2992 4
2993 4
2994 4
2995 4
2996 4
2997 4
2998 4
2999 4
3000 4
3001 4
3002 4
3003 4
3004 4
3005 4
3006 4
3007 4
3008 4
3009 4
3010 4
3011 4
3012 4
3013 4
3014 4
3015 4
3016 4
3017 4
3018 4
3019 4
3020 4
3021 4
3022 4
3023 4
3024 4
3025 4
3026 4
3027 4
3028 4
3029 4
3030 4
3031 4
3032 4
3033 4
3034 4
3035 4
3036 4
3037 4
3038 4
3039 4
3040 4
3041 4
3042 4
3043 4
3044 4
3045 4
3046 4
3047 4
3048 4
3049 4
3050 4
3051 4
3052 4
3053 4
3054 4
3055 4
3056 4
3057 4
3058 4
3059 4
3060 4
3061 4
3062 4
3063 4
3064 4
3065 4
3066 4
3067 4
3068 4
3069 4
3070 4
3071 4
3072 4
3073 4
3074 4
3075 4
3076 4
3077 4
3078 4
3079 4
3080 4
3081 4
3082 4
3083 4
3084 4
3085 4
3086 4
3087 4
3088 4
3089 4
3090 4
3091 4
3092 4
3093 4
3094 4
3095 4
3096 4
3097 4
3098 4
3099 4
3100 4
3101 4
3102 4
3103 4
3104 4
3105 4
3106 4
3107 4
3108 4
3109 4
3110 4
3111 4
3112 4
3113 4
3114 4
3115 4
3116 4
3117 4
3118 4
3119 4
3120 4
3121 4
3122 4
3123 4
3124 4
3125 4
3126 4
3127 4
3128 4
3129 4
3130 4
3131 4
3132 4
3133 4
3134 4
3135 4
3136 4
3137 4
3138 4
3139 4
3140 4
3141 4
3142 4
3143 4
3144 4
3145 4
3146 4
3147 4
3148 4
3149 4
3150 4
3151 4
3152 4
3153 4
3154 4
3155 4
3156 4
3157 4
3158 4
3159 4
3160 4
3161 4
3162 4
3163 4
3164 4
3165 4
3166 4
3167 4
3168 4
3169 4
3170 4
3171 4
3172 4
3173 4
3174 4
3175 4
3176 4
3177 4
3178 4
3179 4
3180 4
3181 4
3182 4
3183 4
3184 4
3185 4
3186 4
3187 4
3188 4
3189 4
3190 4
3191 4
3192 4
3193 4
3194 4
3195 4
3196 4
3197 4
3198 4
3199 4
3200 4
3201 4
3202 4
3203 4
3204 4
3205 4
3206 4
3207 4
3208 4
3209 4
3210 4
3211 4
3212 4
3213 4
3214 4
3215 4
3216 4
3217 4
3218 4
3219 4
3220 4
3221 4
3222 4
3223 4
3224 4
3225 4
3226 4
3227 4
3228 4
3229 4
3230 4
3231 4
3232 4
3233 4
3234 4
3235 4
3236 4
3237 4
3238 4
3239 4
3240 4
3241 4
3242 4
3243 4
3244 4
3245 4
3246 4
3247 4
3248 4
3249 4
3250 4
3251 4
3252 4
3253 4
3254 4
3255 4
3256 4
3257 4
3258 4
3259 4
3260 4
3261 4
3262 4
3263 4
3264 4
3265 4
3266 4
3267 4
3268 4
3269 4
3270 4
3271 4
3272 4
3273 4
3274 4
3275 4
3276 4
3277 4
3278 4
3279 4
3280 4
3281 4
3282 4
3283 4
3284 4
3285 4
3286 4
3287 4
3288 4
3289 4
3290 4
3291 4
3292 4
3293 4
3294 4
3295 4
3296 4
3297 4
3298 4
3299 4
3300 4
3301 4
3302 4
3303 4
3304 4
3305 4
3306 4
3307 4
3308 4
3309 4
3310 4
3311 4
3312 4
3313 4
3314 4
3315 4
3316 4
3317 4
3318 4
3319 4
3320 4
3321 4
3322 4
3323 4
3324 4
3325 4
3326 4
3327 4
3328 4
3329 4
3330 4
3331 4
3332 4
3333 4
3334 4
3335 4
3336 4
3337 4
3338 4
3339 4
3340 4
3341 4
3342 4
3343 4
3344 4
3345 4
3346 4
3347 4
3348 4
3349 4
3350 4
3351 4
3352 4
3353 4
3354 4
3355 4
3356 4
3357 4
3358 4
3359 4
3360 4
3361 4
3362 4
3363 4
3364 4
3365 4
3366 4
3367 4
3368 4
3369 4
3370 4
3371 4
3372 4
3373 4
3374 4
3375 4
3376 4
3377 4
3378 4
3379 4
3380 4
3381 4
3382 4
3383 4
3384 4
3385 4
3386 4
3387 4
3388 4
3389 4
3390 4
3391 4
3392 4
3393 4
3394 4
3395 4
3396 4
3397 4
3398 4
3399 4
3400 4
3401 4
3402 4
3403 4
3404 4
3405 4
3406 4
3407 4
3408 4
3409 4
3410 4
3411 4
3412 4
3413 4
3414 4
3415 4
3416 4
3417 4
3418 4
3419 4
3420 4
3421 4
3422 4
3423 4
3424 4
3425 4
3426 4
3427 4
3428 4
3429 4
3430 4
3431 4
3432 4
3433 4
3434 4
3435 4
3436 4
3437 4
3438 4
3439 4
3440 4
3441 4
3442 4
3443 4
3444 4
3445 4
3446 4
3447 4
3448 4
3449 4
3450 4
3451 4
3452 4
3453 4
3454 4
3455 4
3456 4
3457 4
3458 4
3459 4
3460 4
3461 4
3462 4
3463 4
3464 4
3465 4
3466 4
3467 4
3468 4
3469 4
3470 4
3471 4
3472 4
3473 4
3474 4
3475 4
3476 4
3477 4
3478 4
3479 4
3480 4
3481 4
3482 4
3483 4
3484 4
3485 4
3486 4
3487 4
3488 4
3489 4
3490 4
3491 4
3492 4
3493 4
3494 4
3495 4
3496 4
3497 4
3498 4
3499 4
3500 4
3501 4
3502 4
3503 4
3504 4
3505 4
3506 4
3507 4
3508 4
3509 4
3510 4
3511 4
3512 4
3513 4
3514 4
3515 4
3516 4
3517 4
3518 4
3519 4
3520 4
3521 4
3522 4
3523 4
3524 4
3525 4
3526 4
3527 4
3528 4
3529 4
3530 4
3531 4
3532 4
3533 4
3534 4
3535 4
3536 4
3537 4
3538 4
3539 4
3540 4
3541 4
3542 4
3543 4
3544 4
3545 4
3546 4
3547 4
3548 4
3549 4
3550 4
3551 4
3552 4
3553 4
3554 4
3555 4
3556 4
3557 4
3558 4
3559 4
3560 4
3561 4
3562 4
3563 4
3564 4
3565 4
3566 4
3567 4
3568 4
3569 4
3570 4
3571 4
3572 4
3573 4
3574 4
3575 4
3576 4
3577 4
3578 4
3579 4
3580 4
3581 4
3582 4
3583 4
3584 4
3585 4
3586 4
3587 4
3588 4
3589 4
3590 4
3591 4
3592 4
3593 4
3594 4
3595 4
3596 4
3597 4
3598 4
3599 4
3600 4
3601 4
3602 4
3603 4
3604 4
3605 4
3606 4
3607 4
3608 4
3609 4
3610 4
3611 4
3612 4
3613 4
3614 4
3615 4
3616 4
3617 4
3618 4
3619 4
3620 4
3621 4
3622 4
3623 4
3624 4
3625 4
3626 4
3627 4
3628 4
3629 4
3630 4
3631 4
3632 4
3633 4
3634 4
3635 4
3636 4
3637 4
3638 4
3639 4
3640 4
3641 4
3642 4
3643 4
3644 4
3645 4
3646 4
3647 4
3648 4
3649 4
3650 4
3651 4
3652 4
3653 4
3654 4
3655 4
3656 4
3657 4
3658 4
3659 4
3660 4
3661 4
3662 4
3663 4
3664 4
3665 4
3666 4
3667 4
3668 4
3669 4
3670 4
3671 4
3672 4
3673 4
3674 4
3675 4
3676 4
3677 4
3678 4
3679 4
3680 4
3681 4
3682 4
3683 4
3684 4
3685 4
3686 4
3687 4
3688 4
3689 4
3690 4
3691 4
3692 4
3693 4
3694 4
3695 4
3696 4
3697 4
3698 4
3699 4
3700 4
3701 4
3702 4
3703 4
3704 4
3705 4
3706 4
3707 4
3708 4
3709 4
3710 4
3711 4
3712 4
3713 4
3714 4
3715 4
3716 4
3717 4
3718 4
3719 4
3720 4
3721 4
3722 4
3723 4
3724 4
3725 4
3726 4
3727 4
3728 4
3729 4
3730 4
3731 4
3732 4
3733 4
3734 4
3735 4
3736 4
3737 4
3738 4
3739 4
3740 4
3741 4
3742 4
3743 4
3744 4
3745 4
3746 4
3747 4
3748 4
3749 4
3750 4
3751 4
3752 4
3753 4
3754 4
3755 4
3756 4
3757 4
3758 4
3759 4
3760 4
3761 4
3762 4
3763 4
3764 4
3765 4
3766 4
3767 4
3768 4
3769 4
3770 4
3771 4
3772 4
3773 4
3774 4
3775 4
3776 4
3777 4
3778 4
3779 4
3780 4
3781 4
3782 4
3783 4
3784 4
3785 4
3786 4
3787 4
3788 4
3789 4
3790 4
3791 4
3792 4
3793 4
3794 4
3795 4
3796 4
3797 4
3798 4
3799 4
3800 4
3801 4
3802 4
3803 4
3804 4
3805 4
3806 4
3807 4
3808 4
3809 4
3810 4
3811 4
3812 4
3813 4
3814 4
3815 4
3816 4
3817 4
3818 4
3819 4
3820 4
3821 4
3822 4
3823 4
3824 4
3825 4
3826 4
3827 4
3828 4
3829 4
3830 4
3831 4
3832 4
3833 4
3834 4
3835 4
3836 4
3837 4
3838 4
3839 4
3840 4
3841 4
3842 4
3843 4
3844 4
3845 4
3846 4
3847 4
3848 4
3849 4
3850 4
3851 4
3852 4
3853 4
3854 4
3855 4
3856 4
3857 4
3858 4
3859 4
3860 4
3861 4
3862 4
3863 4
3864 4
3865 4
3866 4
3867 4
3868 4
3869 4
3870 4
3871 4
3872 4
3873 4
3874 4
3875 4
3876 4
3877 4
3878 4
3879 4
3880 4
3881 4
3882 4
3883 4
3884 4
3885 4
3886 4
3887 4
3888 4
3889 4
3890 4
3891 4
3892 4
3893 4
3894 4
3895 4
3896 4
3897 4
3898 4
3899 4
3900 4
3901 4
3902 4
3903 4
3904 4
3905 4
3906 4
3907 4
3908 4
3909 4
3910 4
3911 4
3912 4
3913 4
3914 4
3915 4
3916 4
3917 4
3918 4
3919 4
3920 5
3921 5
3922 5
3923 5
3924 5
3925 5
3926 5
3927 5
3928 5
3929 5
3930 5
3931 5
3932 5
3933 5
3934 5
3935 5
3936 5
3937 5
3938 5
3939 5
3940 5
3941 5
3942 5
3943 5
3944 5
3945 5
3946 5
3947 5
3948 5
3949 5
3950 5
3951 5
3952 5
3953 5
3954 5
3955 5
3956 5
3957 5
3958 5
3959 5
3960 5
3961 5
3962 5
3963 5
3964 5
3965 5
3966 5
3967 5
3968 5
3969 5
3970 5
3971 5
3972 5
3973 5
3974 5
3975 5
3976 5
3977 5
3978 5
3979 5
3980 5
3981 5
3982 5
3983 5
3984 5
3985 5
3986 5
3987 5
3988 5
3989 5
3990 5
3991 5
3992 5
3993 5
3994 5
3995 5
3996 5
3997 5
3998 5
3999 5
4000 5
4001 5
4002 5
4003 5
4004 5
4005 5
4006 5
4007 5
4008 5
4009 5
4010 5
4011 5
4012 5
4013 5
4014 5
4015 5
4016 5
4017 5
4018 5
4019 5
4020 5
4021 5
4022 5
4023 5
4024 5
4025 5
4026 5
4027 5
4028 5
4029 5
4030 5
4031 5
4032 5
4033 5
4034 5
4035 5
4036 5
4037 5
4038 5
4039 5
4040 5
4041 5
4042 5
4043 5
4044 5
4045 5
4046 5
4047 5
4048 5
4049 5
4050 5
4051 5
4052 5
4053 5
4054 5
4055 5
4056 5
4057 5
4058 5
4059 5
4060 5
4061 5
4062 5
4063 5
4064 5
4065 5
4066 5
4067 5
4068 5
4069 5
4070 5
4071 5
4072 5
4073 5
4074 5
4075 5
4076 5
4077 5
4078 5
4079 5
4080 5
4081 5
4082 5
4083 5
4084 5
4085 5
4086 5
4087 5
4088 5
4089 5
4090 5
4091 5
4092 5
4093 5
4094 5
4095 5
4096 5
4097 5
4098 5
4099 5
4100 5
4101 5
4102 5
4103 5
4104 5
4105 5
4106 5
4107 5
4108 5
4109 5
4110 5
4111 5
4112 5
4113 5
4114 5
4115 5
4116 5
4117 5
4118 5
4119 5
4120 5
4121 5
4122 5
4123 5
4124 5
4125 5
4126 5
4127 5
4128 5
4129 5
4130 5
4131 5
4132 5
4133 5
4134 5
4135 5
4136 5
4137 5
4138 5
4139 5
4140 5
4141 5
4142 5
4143 5
4144 5
4145 5
4146 5
4147 5
4148 5
4149 5
4150 5
4151 5
4152 5
4153 5
4154 5
4155 5
4156 5
4157 5
4158 5
4159 5
4160 5
4161 5
4162 5
4163 5
4164 5
4165 5
4166 5
4167 5
4168 5
4169 5
4170 5
4171 5
4172 5
4173 5
4174 5
4175 5
4176 5
4177 5
4178 5
4179 5
4180 5
4181 5
4182 5
4183 5
4184 5
4185 5
4186 5
4187 5
4188 5
4189 5
4190 5
4191 5
4192 5
4193 5
4194 5
4195 5
4196 5
4197 5
4198 5
4199 5
4200 5
4201 5
4202 5
4203 5
4204 5
4205 5
4206 5
4207 5
4208 5
4209 5
4210 5
4211 5
4212 5
4213 5
4214 5
4215 5
4216 5
4217 5
4218 5
4219 5
4220 5
4221 5
4222 5
4223 5
4224 5
4225 5
4226 5
4227 5
4228 5
4229 5
4230 5
4231 5
4232 5
4233 5
4234 5
4235 5
4236 5
4237 5
4238 5
4239 5
4240 5
4241 5
4242 5
4243 5
4244 5
4245 5
4246 5
4247 5
4248 5
4249 5
4250 5
4251 5
4252 5
4253 5
4254 5
4255 5
4256 5
4257 5
4258 5
4259 5
4260 5
4261 5
4262 5
4263 5
4264 5
4265 5
4266 5
4267 5
4268 5
4269 5
4270 5
4271 5
4272 5
4273 5
4274 5
4275 5
4276 5
4277 5
4278 5
4279 5
4280 5
4281 5
4282 5
4283 5
4284 5
4285 5
4286 5
4287 5
4288 5
4289 5
4290 5
4291 5
4292 5
4293 5
4294 5
4295 5
4296 5
4297 5
4298 5
4299 5
4300 5
4301 5
4302 5
4303 5
4304 5
4305 5
4306 5
4307 5
4308 5
4309 5
4310 5
4311 5
4312 5
4313 5
4314 5
4315 5
4316 5
4317 5
4318 5
4319 5
4320 5
4321 5
4322 5
4323 5
4324 5
4325 5
4326 5
4327 5
4328 5
4329 5
4330 5
4331 5
4332 5
4333 5
4334 5
4335 5
4336 5
4337 5
4338 5
4339 5
4340 5
4341 5
4342 5
4343 5
4344 5
4345 5
4346 5
4347 5
4348 5
4349 5
4350 5
4351 5
4352 5
4353 5
4354 5
4355 5
4356 5
4357 5
4358 5
4359 5
4360 5
4361 5
4362 5
4363 5
4364 5
4365 5
4366 5
4367 5
4368 5
4369 5
4370 5
4371 5
4372 5
4373 5
4374 5
4375 5
4376 5
4377 5
4378 5
4379 5
4380 5
4381 5
4382 5
4383 5
4384 5
4385 5
4386 5
4387 5
4388 5
4389 5
4390 5
4391 5
4392 5
4393 5
4394 5
4395 5
4396 5
4397 5
4398 5
4399 5
4400 5
4401 5
4402 5
4403 5
4404 5
4405 5
4406 5
4407 5
4408 5
4409 5
4410 5
4411 5
4412 5
4413 5
4414 5
4415 5
4416 5
4417 5
4418 5
4419 5
4420 5
4421 5
4422 5
4423 5
4424 5
4425 5
4426 5
4427 5
4428 5
4429 5
4430 5
4431 5
4432 5
4433 5
4434 5
4435 5
4436 5
4437 5
4438 5
4439 5
4440 5
4441 5
4442 5
4443 5
4444 5
4445 5
4446 5
4447 5
4448 5
4449 5
4450 5
4451 5
4452 5
4453 5
4454 5
4455 5
4456 5
4457 5
4458 5
4459 5
4460 5
4461 5
4462 5
4463 5
4464 5
4465 5
4466 5
4467 5
4468 5
4469 5
4470 5
4471 5
4472 5
4473 5
4474 5
4475 5
4476 5
4477 5
4478 5
4479 5
4480 5
4481 5
4482 5
4483 5
4484 5
4485 5
4486 5
4487 5
4488 5
4489 5
4490 5
4491 5
4492 5
4493 5
4494 5
4495 5
4496 5
4497 5
4498 5
4499 5
4500 5
4501 5
4502 5
4503 5
4504 5
4505 5
4506 5
4507 5
4508 5
4509 5
4510 5
4511 5
4512 5
4513 5
4514 5
4515 5
4516 5
4517 5
4518 5
4519 5
4520 5
4521 5
4522 5
4523 5
4524 5
4525 5
4526 5
4527 5
4528 5
4529 5
4530 5
4531 5
4532 5
4533 5
4534 5
4535 5
4536 5
4537 5
4538 5
4539 5
4540 5
4541 5
4542 5
4543 5
4544 5
4545 5
4546 5
4547 5
4548 5
4549 5
4550 5
4551 5
4552 5
4553 5
4554 5
4555 5
4556 5
4557 5
4558 5
4559 5
4560 5
4561 5
4562 5
4563 5
4564 5
4565 5
4566 5
4567 5
4568 5
4569 5
4570 5
4571 5
4572 5
4573 5
4574 5
4575 5
4576 5
4577 5
4578 5
4579 5
4580 5
4581 5
4582 5
4583 5
4584 5
4585 5
4586 5
4587 5
4588 5
4589 5
4590 5
4591 5
4592 5
4593 5
4594 5
4595 5
4596 5
4597 5
4598 5
4599 5
4600 5
4601 5
4602 5
4603 5
4604 5
4605 5
4606 5
4607 5
4608 5
4609 5
4610 5
4611 5
4612 5
4613 5
4614 5
4615 5
4616 5
4617 5
4618 5
4619 5
4620 5
4621 5
4622 5
4623 5
4624 5
4625 5
4626 5
4627 5
4628 5
4629 5
4630 5
4631 5
4632 5
4633 5
4634 5
4635 5
4636 5
4637 5
4638 5
4639 5
4640 5
4641 5
4642 5
4643 5
4644 5
4645 5
4646 5
4647 5
4648 5
4649 5
4650 5
4651 5
4652 5
4653 5
4654 5
4655 5
4656 5
4657 5
4658 5
4659 5
4660 5
4661 5
4662 5
4663 5
4664 5
4665 5
4666 5
4667 5
4668 5
4669 5
4670 5
4671 5
4672 5
4673 5
4674 5
4675 5
4676 5
4677 5
4678 5
4679 5
4680 5
4681 5
4682 5
4683 5
4684 5
4685 5
4686 5
4687 5
4688 5
4689 5
4690 5
4691 5
4692 5
4693 5
4694 5
4695 5
4696 5
4697 5
4698 5
4699 5
4700 5
4701 5
4702 5
4703 5
4704 5
4705 5
4706 5
4707 5
4708 5
4709 5
4710 5
4711 5
4712 5
4713 5
4714 5
4715 5
4716 5
4717 5
4718 5
4719 5
4720 5
4721 5
4722 5
4723 5
4724 5
4725 5
4726 5
4727 5
4728 5
4729 5
4730 5
4731 5
4732 5
4733 5
4734 5
4735 5
4736 5
4737 5
4738 5
4739 5
4740 5
4741 5
4742 5
4743 5
4744 5
4745 5
4746 5
4747 5
4748 5
4749 5
4750 5
4751 5
4752 5
4753 5
4754 5
4755 5
4756 5
4757 5
4758 5
4759 5
4760 5
4761 5
4762 5
4763 5
4764 5
4765 5
4766 5
4767 5
4768 5
4769 5
4770 5
4771 5
4772 5
4773 5
4774 5
4775 5
4776 5
4777 5
4778 5
4779 5
4780 5
4781 5
4782 6
4783 6
4784 6
4785 6
4786 6
4787 6
4788 6
4789 6
4790 7
4791 7
4792 7
4793 7
4794 7
4795 7
4796 7
4797 7
4798 7
4799 7
4800 7
4801 7
4802 7
4803 7
4804 7
4805 7
4806 7
4807 7
4808 7
4809 7
4810 7
4811 7
4812 7
4813 7
4814 7
4815 7
4816 7
4817 7
4818 7
4819 7
4820 7
4821 7
4822 7
4823 7
4824 7
4825 7
4826 7
4827 7
4828 7
4829 7
4830 7
4831 7
4832 7
4833 7
4834 7
4835 7
4836 7
4837 7
4838 8
4839 8
4840 8
4841 8
4842 8
4843 8
4844 8
4845 8
4846 8
4847 8
4848 8
4849 8
4850 8
4851 8
4852 8
4853 8
4854 8
4855 8
4856 8
4857 8
4858 8
4859 8
4860 8
4861 8
4862 8
4863 8
4864 8
4865 8
4866 8
4867 8
4868 8
4869 8
4870 8
4871 8
4872 8
4873 8
4874 8
4875 8
4876 8
4877 8
4878 8
4879 8
4880 8
4881 8
4882 8
4883 8
4884 8
4885 8
4886 8
4887 8
4888 8
4889 8
4890 8
4891 8
4892 8
4893 8
4894 8
4895 8
4896 8
4897 8
4898 8
4899 8
4900 8
4901 8
4902 8
4903 8
4904 8
4905 8
4906 8
4907 8
4908 8
4909 8
4910 8
4911 8
4912 8
4913 8
4914 8
4915 8
4916 8
4917 8
4918 8
4919 8
4920 8
4921 8
4922 8
4923 8
4924 8
4925 8
4926 8
4927 8
4928 8
4929 8
4930 8
4931 8
4932 8
4933 8
4934 8
4935 8
4936 8
4937 8
4938 8
4939 8
4940 8
4941 8
4942 8
4943 8
4944 8
4945 8
4946 8
4947 8
4948 8
4949 8
4950 8
4951 8
4952 8
4953 8
4954 8
4955 8
4956 8
4957 8
4958 8
4959 8
4960 8
4961 8
4962 8
4963 8
4964 8
4965 8
4966 8
4967 8
4968 8
4969 8
4970 8
4971 8
4972 8
4973 8
4974 8
4975 8
4976 8
4977 8
4978 8
4979 8
4980 8
4981 8
4982 8
4983 8
4984 8
4985 8
4986 8
4987 8
4988 8
4989 8
4990 8
4991 8
4992 8
4993 8
4994 8
4995 8
4996 8
4997 8
4998 8
4999 8
5000 8
5001 8
5002 8
5003 8
5004 8
5005 8
5006 8
5007 8
5008 8
5009 8
5010 8
5011 8
5012 8
5013 8
5014 8
5015 8
5016 8
5017 8
5018 8
5019 8
5020 8
5021 8
5022 8
5023 8
5024 8
5025 8
5026 8
5027 8
5028 8
5029 8
5030 8
5031 8
5032 8
5033 8
5034 8
5035 8
5036 8
5037 8
5038 8
5039 8
5040 8
5041 8
5042 8
5043 8
5044 8
5045 8
5046 8
5047 8
5048 8
5049 8
5050 8
5051 8
5052 8
5053 8
5054 8
5055 8
5056 8
5057 8
5058 8
5059 8
5060 8
5061 8
5062 8
5063 8
5064 8
5065 8
5066 8
5067 8
5068 8
5069 8
5070 8
5071 8
5072 8
5073 8
5074 8
5075 8
5076 8
5077 8
5078 8
5079 8
5080 8
5081 8
5082 8
5083 8
5084 8
5085 8
5086 8
5087 8
5088 8
5089 8
5090 8
5091 8
5092 8
5093 8
5094 8
5095 8
5096 8
5097 8
5098 8
5099 8
5100 8
5101 8
5102 8
5103 8
5104 8
5105 8
5106 8
5107 8
5108 8
5109 8
5110 8
5111 8
5112 8
5113 8
5114 8
5115 8
5116 8
5117 8
5118 8
5119 8
5120 8
5121 8
5122 8
5123 8
5124 8
5125 8
5126 8
5127 8
5128 8
5129 8
5130 8
5131 8
5132 8
5133 8
5134 8
5135 8
5136 8
5137 8
5138 8
5139 8
5140 8
5141 8
5142 8
5143 8
5144 8
5145 8
5146 8
5147 8
5148 8
5149 8
5150 8
5151 8
5152 8
5153 8
5154 8
5155 8
5156 8
5157 8
5158 8
5159 8
5160 8
5161 8
5162 8
5163 8
5164 8
5165 8
5166 8
5167 8
5168 8
5169 8
5170 8
5171 8
5172 8
5173 8
5174 8
5175 8
5176 8
5177 8
5178 8
5179 8
5180 8
5181 8
5182 8
5183 8
5184 8
5185 8
5186 8
5187 8
5188 8
5189 8
5190 8
5191 8
5192 8
5193 8
5194 8
5195 8
5196 9
5197 9
5198 9
5199 9
5200 9
5201 9
5202 9
5203 9
5204 9
5205 9
5206 9
5207 9
5208 9
5209 9
5210 9
5211 9
5212 9
5213 9
5214 9
5215 9
5216 9
5217 9
5218 9
5219 9
5220 9
5221 9
5222 9
5223 9
5224 9
5225 9
5226 9
5227 9
5228 9
5229 9
5230 9
5231 9
5232 9
5233 9
5234 9
5235 9
5236 9
5237 9
5238 9
5239 9
5240 9
5241 9
5242 9
5243 9
5244 9
5245 9
5246 9
5247 9
5248 9
5249 9
5250 9
5251 9
5252 9
5253 9
5254 9
5255 9
5256 9
5257 9
5258 9
5259 9
5260 9
5261 9
5262 9
5263 9
5264 9
5265 9
5266 9
5267 9
5268 9
5269 9
5270 9
5271 9
5272 9
5273 9
5274 9
5275 9
5276 9
5277 9
5278 9
5279 9
5280 9
5281 9
5282 9
5283 9
5284 9
5285 9
5286 9
5287 9
5288 9
5289 9
5290 9
5291 9
5292 9
5293 9
5294 9
5295 9
5296 9
5297 9
5298 9
5299 9
5300 9
5301 9
5302 9
5303 9
5304 9
5305 9
5306 9
5307 9
5308 9
5309 9
5310 9
5311 9
5312 9
5313 9
5314 9
5315 9
5316 9
5317 9
5318 9
5319 9
5320 9
5321 9
5322 9
5323 9
5324 9
5325 9
5326 9
5327 9
5328 9
5329 9
5330 9
5331 9
5332 9
5333 9
5334 9
5335 9
5336 9
5337 9
5338 9
5339 9
5340 9
5341 9
5342 9
5343 9
5344 9
5345 9
5346 9
5347 9
5348 9
5349 9
5350 9
5351 9
5352 9
5353 9
5354 9
5355 9
5356 9
5357 9
5358 9
5359 9
5360 9
5361 9
5362 9
5363 9
5364 9
5365 9
5366 9
5367 9
5368 9
5369 9
5370 9
5371 9
5372 9
5373 9
5374 9
5375 9
5376 9
5377 9
5378 9
5379 9
5380 9
5381 9
5382 9
5383 9
5384 9
5385 9
5386 10
5387 10
5388 10
5389 10
5390 10
5391 10
5392 10
5393 10
5394 10
5395 10
5396 10
5397 10
5398 10
5399 10
5400 10
5401 10
5402 10
5403 10
5404 10
5405 10
5406 10
5407 10
5408 10
5409 10
5410 10
5411 10
5412 10
5413 10
5414 10
5415 10
5416 10
5417 10
5418 10
5419 10
5420 10
5421 10
5422 10
5423 10
5424 10
5425 10
5426 10
5427 10
5428 10
5429 10
5430 10
5431 10
5432 10
5433 10
5434 10
5435 10
5436 10
5437 10
5438 10
5439 10
5440 10
5441 10
5442 10
5443 10
5444 10
5445 10
5446 10
5447 10
5448 10
5449 10
5450 10
5451 10
5452 10
5453 10
5454 10
5455 10
5456 10
5457 10
5458 10
5459 10
5460 10
5461 10
5462 10
5463 10
5464 10
5465 10
5466 10
5467 10
5468 10
5469 10
5470 10
5471 10
5472 10
5473 10
5474 10
5475 10
5476 10
5477 10
5478 10
5479 10
5480 10
5481 10
5482 10
5483 10
5484 10
5485 10
5486 10
5487 10
5488 10
5489 10
5490 10
5491 11
5492 11
5493 11
5494 11
5495 11
5496 11
5497 11
5498 11
5499 11
5500 11
5501 11
5502 11
5503 11
5504 11
5505 11
5506 11
5507 11
5508 11
5509 11
5510 11
5511 11
5512 11
5513 11
5514 11
5515 11
5516 11
5517 11
5518 11
5519 11
5520 11
5521 11
5522 11
5523 11
5524 11
5525 11
5526 11
5527 11
5528 11
5529 11
5530 11
5531 11
5532 11
5533 11
5534 11
5535 11
5536 11
5537 11
5538 11
5539 11
5540 11
5541 11
5542 11
5543 11
5544 11
5545 11
5546 11
5547 11
5548 11
5549 11
5550 11
5551 11
5552 11
5553 11
5554 11
5555 11
5556 11
5557 11
5558 11
5559 11
5560 11
5561 11
5562 11
5563 11
5564 11
5565 11
5566 11
5567 11
5568 11
5569 11
5570 11
5571 11
5572 11
5573 11
5574 11
5575 11
5576 11
5577 11
5578 11
5579 11
5580 11
5581 11
5582 11
5583 11
5584 11
5585 11
5586 11
5587 11
5588 11
5589 11
5590 11
5591 11
5592 11
5593 11
5594 11
5595 11
5596 11
5597 11
5598 11
5599 11
5600 11
5601 11
5602 11
5603 11
5604 11
5605 11
5606 11
5607 11
5608 11
5609 11
5610 11
5611 11
5612 11
5613 11
5614 11
5615 11
5616 11
5617 11
5618 11
5619 11
5620 11
5621 11
5622 11
5623 11
5624 11
5625 11
5626 11
5627 11
5628 11
5629 11
5630 11
5631 11
5632 11
5633 11
5634 11
5635 11
5636 11
5637 11
5638 11
5639 11
5640 11
5641 11
5642 11
5643 11
5644 11
5645 11
5646 11
5647 11
5648 11
5649 11
5650 11
5651 11
5652 11
5653 11
5654 11
5655 11
5656 11
5657 11
5658 11
5659 11
5660 11
5661 11
5662 11
5663 11
5664 11
5665 11
5666 11
5667 11
5668 11
5669 11
5670 11
5671 11
5672 11
5673 11
5674 11
5675 11
5676 11
5677 11
5678 11
5679 11
5680 11
5681 11
5682 11
5683 11
5684 11
5685 11
5686 11
5687 11
5688 11
5689 11
5690 11
5691 11
5692 11
5693 11
5694 11
5695 11
5696 11
5697 11
5698 11
5699 11
5700 11
5701 11
5702 11
5703 11
5704 11
5705 11
5706 11
5707 11
5708 11
5709 11
5710 11
5711 11
5712 11
5713 11
5714 11
5715 11
5716 11
5717 11
5718 11
5719 11
5720 11
5721 11
5722 11
5723 11
5724 11
5725 11
5726 11
5727 11
5728 11
5729 11
5730 11
5731 11
5732 11
5733 11
5734 11
5735 11
5736 11
5737 11
5738 11
5739 11
5740 11
5741 11
5742 11
5743 11
5744 11
5745 11
5746 11
5747 11
5748 11
5749 11
5750 11
5751 11
5752 11
5753 11
5754 11
5755 11
5756 11
5757 11
5758 11
5759 11
5760 11
5761 11
5762 11
5763 11
5764 11
5765 11
5766 11
5767 11
5768 11
5769 11
5770 11
5771 11
5772 11
5773 11
5774 11
5775 11
5776 11
5777 11
5778 11
5779 11
5780 11
5781 11
5782 11
5783 11
5784 11
5785 11
5786 11
5787 11
5788 11
5789 11
5790 11
5791 11
5792 11
5793 11
5794 11
5795 11
5796 11
5797 11
5798 11
5799 11
5800 11
5801 11
5802 11
5803 11
5804 11
5805 11
5806 11
5807 11
5808 11
5809 11
5810 11
5811 11
5812 11
5813 11
5814 11
5815 11
5816 11
5817 11
5818 11
5819 11
5820 11
5821 11
5822 11
5823 11
5824 11
5825 11
5826 11
5827 11
5828 11
5829 11
5830 11
5831 11
5832 11
5833 11
5834 11
5835 11
5836 11
5837 11
5838 11
5839 11
5840 11
5841 11
5842 11
5843 11
5844 11
5845 11
5846 11
5847 11
5848 11
5849 11
5850 11
5851 11
5852 11
5853 11
5854 11
5855 11
5856 11
5857 11
5858 11
5859 11
5860 11
5861 11
5862 11
5863 11
5864 11
5865 11
5866 11
5867 11
5868 11
5869 11
5870 11
5871 11
5872 11
5873 11
5874 11
5875 11
5876 11
5877 11
5878 11
5879 11
5880 11
5881 11
5882 11
5883 11
5884 11
5885 11
5886 11
5887 11
5888 11
5889 11
5890 11
5891 11
5892 11
5893 11
5894 11
5895 11
5896 11
5897 11
5898 11
5899 11
5900 11
5901 11
5902 11
5903 11
5904 11
5905 11
5906 11
5907 11
5908 11
5909 11
5910 11
5911 11
5912 11
5913 11
5914 11
5915 11
5916 11
5917 11
5918 11
5919 11
5920 11
5921 11
5922 11
5923 11
5924 11
5925 11
5926 11
5927 11
5928 12
5929 12
5930 12
5931 12
5932 12
5933 12
5934 12
5935 12
5936 12
5937 12
5938 12
5939 12
5940 12
5941 12
5942 12
5943 12
5944 12
5945 12
5946 12
5947 12
5948 12
5949 12
5950 12
5951 12
5952 12
5953 12
5954 12
5955 12
5956 12
5957 12
5958 12
5959 12
5960 12
5961 12
5962 12
5963 12
5964 12
5965 12
5966 12
5967 12
5968 12
5969 12
5970 12
5971 12
5972 12
5973 12
5974 12
5975 12
5976 12
5977 12
5978 12
5979 12
5980 12
5981 12
5982 12
5983 12
5984 12
5985 12
5986 12
5987 12
5988 12
5989 12
5990 12
5991 12
5992 12
5993 12
5994 12
5995 12
5996 12
5997 12
5998 12
5999 12
6000 12
6001 12
6002 12
6003 12
6004 12
6005 12
6006 12
6007 12
6008 12
6009 12
6010 12
6011 12
6012 12
6013 12
6014 12
6015 12
6016 12
6017 12
6018 12
6019 12
6020 12
6021 12
6022 12
6023 12
6024 12
6025 12
6026 12
6027 12
6028 12
6029 12
6030 12
6031 12
6032 12
6033 12
6034 12
6035 12
6036 12
6037 12
6038 12
6039 12
6040 12
6041 12
6042 12
6043 12
6044 12
6045 12
6046 12
6047 12
6048 12
6049 12
6050 12
6051 12
6052 12
6053 12
6054 12
6055 12
6056 12
6057 12
6058 12
6059 12
6060 12
6061 12
6062 12
6063 12
6064 12
6065 12
6066 12
6067 12
6068 12
6069 12
6070 12
6071 12
6072 12
6073 12
6074 12
6075 12
6076 12
6077 12
6078 12
6079 12
6080 12
6081 12
6082 12
6083 12
6084 12
6085 12
6086 12
6087 12
6088 12
6089 12
6090 12
6091 12
6092 12
6093 12
6094 12
6095 12
6096 12
6097 12
6098 12
6099 12
6100 12
6101 12
6102 12
6103 12
6104 12
6105 12
6106 12
6107 12
6108 12
6109 12
6110 12
6111 12
6112 12
6113 12
6114 12
6115 12
6116 12
6117 12
6118 12
6119 12
6120 12
6121 12
6122 12
6123 12
6124 12
6125 12
6126 12
6127 12
6128 12
6129 12
6130 12
6131 12
6132 12
6133 12
6134 12
6135 12
6136 12
6137 12
6138 12
6139 12
6140 12
6141 12
6142 12
6143 12
6144 12
6145 12
6146 12
6147 12
6148 12
6149 12
6150 12
6151 12
6152 12
6153 12
6154 12
6155 12
6156 12
6157 12
6158 12
6159 12
6160 12
6161 12
6162 12
6163 12
6164 12
6165 12
6166 12
6167 12
6168 12
6169 12
6170 12
6171 12
6172 12
6173 12
6174 12
6175 12
6176 12
6177 12
6178 12
6179 12
6180 12
6181 12
6182 12
6183 12
6184 12
6185 12
6186 12
6187 12
6188 12
6189 12
6190 12
6191 12
6192 12
6193 12
6194 12
6195 12
6196 12
6197 12
6198 12
6199 12
6200 12
6201 12
6202 12
6203 12
6204 12
6205 12
6206 12
6207 12
6208 12
6209 12
6210 12
6211 12
6212 12
6213 12
6214 12
6215 12
6216 12
6217 12
6218 12
6219 12
6220 12
6221 12
6222 12
6223 12
6224 12
6225 12
6226 12
6227 12
6228 12
6229 12
6230 12
6231 12
6232 12
6233 12
6234 12
6235 12
6236 12
6237 12
6238 12
6239 12
6240 12
6241 12
6242 12
6243 12
6244 12
6245 12
6246 12
6247 12
6248 12
6249 12
6250 12
6251 12
6252 12
6253 12
6254 12
6255 12
6256 12
6257 12
6258 12
6259 12
6260 12
6261 12
6262 12
6263 12
6264 12
6265 12
6266 12
6267 12
6268 12
6269 12
6270 12
6271 12
6272 12
6273 12
6274 12
6275 12
6276 12
6277 12
6278 12
6279 12
6280 12
6281 12
6282 12
6283 12
6284 12
6285 12
6286 12
6287 12
6288 12
6289 12
6290 12
6291 12
6292 12
6293 12
6294 12
6295 12
6296 12
6297 12
6298 12
6299 12
6300 12
6301 12
6302 12
6303 12
6304 12
6305 12
6306 12
6307 12
6308 12
6309 12
6310 12
6311 13
6312 13
6313 13
6314 13
6315 13
6316 13
6317 13
6318 13
6319 13
6320 13
6321 13
6322 13
6323 13
6324 13
6325 13
6326 13
6327 13
6328 13
6329 13
6330 13
6331 13
6332 13
6333 13
6334 13
6335 13
6336 13
6337 13
6338 13
6339 13
6340 13
6341 13
6342 13
6343 13
6344 13
6345 13
6346 13
6347 13
6348 13
6349 13
6350 13
6351 13
6352 13
6353 13
6354 13
6355 13
6356 13
6357 13
6358 13
6359 13
6360 13
6361 13
6362 13
6363 13
6364 13
6365 13
6366 13
6367 13
6368 13
6369 13
6370 13
6371 13
6372 13
6373 13
6374 13
6375 13
6376 13
6377 13
6378 13
6379 13
6380 13
6381 13
6382 13
6383 13
6384 13
6385 13
6386 13
6387 13
6388 13
6389 13
6390 13
6391 13
6392 13
6393 13
6394 13
6395 13
6396 13
6397 13
6398 13
6399 13
6400 13
6401 13
6402 13
6403 13
6404 13
6405 13
6406 13
6407 13
6408 13
6409 13
6410 13
6411 13
6412 13
6413 13
6414 13
6415 13
6416 13
6417 13
6418 13
6419 13
6420 13
6421 13
6422 13
6423 13
6424 13
6425 13
6426 13
6427 13
6428 13
6429 13
6430 13
6431 13
6432 13
6433 13
6434 13
6435 13
6436 13
6437 13
6438 13
6439 13
6440 13
6441 13
6442 13
6443 13
6444 13
6445 13
6446 13
6447 13
6448 13
6449 13
6450 13
6451 13
6452 13
6453 13
6454 13
6455 13
6456 13
6457 13
6458 13
6459 13
6460 13
6461 13
6462 13
6463 13
6464 13
6465 13
6466 13
6467 13
6468 13
6469 13
6470 13
6471 13
6472 13
6473 13
6474 13
6475 13
6476 13
6477 13
6478 13
6479 13
6480 13
6481 13
6482 13
6483 13
6484 13
6485 13
6486 13
6487 13
6488 13
6489 13
6490 13
6491 13
6492 13
6493 13
6494 13
6495 13
6496 13
6497 13
6498 13
6499 13
6500 13
6501 13
6502 13
6503 13
6504 13
6505 13
6506 13
6507 13
6508 13
6509 13
6510 13
6511 13
6512 13
6513 13
6514 13
6515 13
6516 13
6517 13
6518 13
6519 13
6520 13
6521 13
6522 13
6523 13
6524 13
6525 13
6526 13
6527 13
6528 13
6529 13
6530 13
6531 13
6532 13
6533 13
6534 13
6535 13
6536 13
6537 13
6538 13
6539 13
6540 13
6541 13
6542 13
6543 13
6544 13
6545 13
6546 13
6547 13
6548 13
6549 13
6550 13
6551 13
6552 13
6553 13
6554 13
6555 13
6556 13
6557 13
6558 13
6559 13
6560 13
6561 13
6562 13
6563 13
6564 13
6565 13
6566 13
6567 13
6568 13
6569 13
6570 13
6571 13
6572 13
6573 13
6574 13
6575 13
6576 13
6577 13
6578 13
6579 13
6580 13
6581 13
6582 13
6583 13
6584 13
6585 13
6586 13
6587 13
6588 13
6589 13
6590 13
6591 13
6592 13
6593 13
6594 13
6595 13
6596 13
6597 13
6598 13
6599 13
6600 13
6601 13
6602 13
6603 13
6604 13
6605 13
6606 13
6607 13
6608 13
6609 13
6610 13
6611 13
6612 13
6613 13
6614 13
6615 13
6616 13
6617 13
6618 13
6619 13
6620 13
6621 13
6622 13
6623 13
6624 13
6625 13
6626 13
6627 13
6628 13
6629 13
6630 13
6631 13
6632 13
6633 13
6634 13
6635 13
6636 13
6637 13
6638 13
6639 13
6640 13
6641 13
6642 13
6643 13
6644 13
6645 13
6646 13
6647 13
6648 13
6649 13
6650 13
6651 13
6652 13
6653 13
6654 13
6655 13
6656 13
6657 13
6658 13
6659 13
6660 13
6661 13
6662 13
6663 13
6664 13
6665 13
6666 13
6667 13
6668 13
6669 13
6670 13
6671 13
6672 13
6673 13
6674 13
6675 13
6676 13
6677 13
6678 13
6679 13
6680 13
6681 13
6682 13
6683 13
6684 13
6685 13
6686 13
6687 13
6688 13
6689 13
6690 13
6691 13
6692 13
6693 13
6694 13
6695 13
6696 13
6697 13
6698 13
6699 13
6700 13
6701 13
6702 13
6703 13
6704 13
6705 13
6706 13
6707 13
6708 13
6709 13
6710 13
6711 13
6712 13
6713 13
6714 13
6715 13
6716 13
6717 13
6718 13
6719 13
6720 13
6721 13
6722 13
6723 13
6724 13
6725 13
6726 13
6727 13
6728 13
6729 13
6730 13
6731 13
6732 13
6733 13
6734 13
6735 13
6736 13
6737 13
6738 13
6739 13
6740 13
6741 13
6742 13
6743 13
6744 13
6745 13
6746 13
6747 13
6748 13
6749 13
6750 13
6751 13
6752 13
6753 13
6754 13
6755 13
6756 13
6757 13
6758 13
6759 13
6760 13
6761 13
6762 13
6763 13
6764 13
6765 13
6766 13
6767 13
6768 13
6769 13
6770 13
6771 13
6772 13
6773 13
6774 13
6775 13
6776 13
6777 13
6778 13
6779 13
6780 13
6781 13
6782 13
6783 13
6784 13
6785 13
6786 13
6787 13
6788 13
6789 13
6790 13
6791 13
6792 13
6793 13
6794 13
6795 13
6796 13
6797 13
6798 13
6799 13
6800 13
6801 13
6802 13
6803 13
6804 13
6805 13
6806 13
6807 13
6808 13
6809 13
6810 13
6811 13
6812 13
6813 13
6814 13
6815 13
6816 13
6817 13
6818 13
6819 13
6820 13
6821 13
6822 13
6823 13
6824 13
6825 13
6826 13
6827 13
6828 13
6829 13
6830 13
6831 13
6832 13
6833 13
6834 13
6835 13
6836 13
6837 13
6838 13
6839 13
6840 13
6841 13
6842 13
6843 13
6844 13
6845 13
6846 13
6847 13
6848 13
6849 13
6850 13
6851 13
6852 13
6853 13
6854 13
6855 13
6856 13
6857 13
6858 13
6859 13
6860 13
6861 13
6862 13
6863 13
6864 13
6865 13
6866 13
6867 13
6868 13
6869 14
6870 14
6871 14
6872 14
6873 14
6874 14
6875 14
6876 14
6877 14
6878 14
6879 14
6880 14
6881 14
6882 14
6883 14
6884 14
6885 14
6886 14
6887 14
6888 14
6889 14
6890 14
6891 14
6892 14
6893 14
6894 14
6895 14
6896 14
6897 14
6898 14
6899 14
6900 14
6901 14
6902 14
6903 14
6904 14
6905 14
6906 14
6907 14
6908 14
6909 14
6910 14
6911 14
6912 14
6913 14
6914 14
6915 14
6916 14
6917 14
6918 14
6919 14
6920 14
6921 14
6922 14
6923 14
6924 14
6925 14
6926 14
6927 14
6928 14
6929 14
6930 14
6931 14
6932 14
6933 14
6934 14
6935 14
6936 14
6937 14
6938 14
6939 14
6940 14
6941 14
6942 14
6943 14
6944 14
6945 14
6946 14
6947 14
6948 14
6949 14
6950 14
6951 14
6952 14
6953 14
6954 14
6955 14
6956 14
6957 14
6958 14
6959 14
6960 14
6961 14
6962 14
6963 14
6964 14
6965 14
6966 14
6967 14
6968 14
6969 14
6970 14
6971 14
6972 14
6973 14
6974 14
6975 14
6976 14
6977 14
6978 14
6979 14
6980 14
6981 14
6982 14
6983 14
6984 14
6985 14
6986 14
6987 14
6988 14
6989 14
6990 14
6991 14
6992 14
6993 14
6994 14
6995 14
6996 14
6997 14
6998 14
6999 14
7000 14
7001 14
7002 14
7003 14
7004 14
7005 14
7006 14
7007 14
7008 14
7009 14
7010 14
7011 14
7012 14
7013 14
7014 14
7015 14
7016 14
7017 14
7018 14
7019 14
7020 14
7021 14
7022 14
7023 14
7024 14
7025 14
7026 14
7027 14
7028 14
7029 14
7030 14
7031 14
7032 14
7033 14
7034 14
7035 14
7036 14
7037 14
7038 14
7039 14
7040 14
7041 14
7042 14
7043 14
7044 14
7045 14
7046 14
7047 14
7048 14
7049 14
7050 14
7051 14
7052 14
7053 14
7054 14
7055 14
7056 14
7057 14
7058 14
7059 14
7060 14
7061 14
7062 14
7063 14
7064 14
7065 14
7066 14
7067 14
7068 14
7069 14
7070 14
7071 14
7072 14
7073 14
7074 14
7075 14
7076 14
7077 14
7078 14
7079 14
7080 14
7081 14
7082 14
7083 14
7084 14
7085 14
7086 14
7087 14
7088 14
7089 14
7090 14
7091 14
7092 14
7093 14
7094 14
7095 14
7096 14
7097 14
7098 14
7099 14
7100 14
7101 14
7102 14
7103 14
7104 14
7105 14
7106 14
7107 14
7108 14
7109 14
7110 14
7111 14
7112 14
7113 14
7114 14
7115 14
7116 14
7117 14
7118 14
7119 14
7120 14
7121 14
7122 14
7123 14
7124 14
7125 14
7126 14
7127 14
7128 14
7129 14
7130 14
7131 14
7132 14
7133 14
7134 14
7135 14
7136 14
7137 14
7138 14
7139 14
7140 14
7141 14
7142 14
7143 14
7144 14
7145 14
7146 14
7147 14
7148 14
7149 14
7150 14
7151 14
7152 14
7153 14
7154 14
7155 14
7156 14
7157 14
7158 14
7159 14
7160 14
7161 14
7162 14
7163 14
7164 14
7165 14
7166 14
7167 14
7168 14
7169 14
7170 14
7171 14
7172 14
7173 14
7174 14
7175 14
7176 14
7177 14
7178 14
7179 14
7180 14
7181 14
7182 14
7183 14
7184 14
7185 14
7186 14
7187 14
7188 14
7189 14
7190 14
7191 14
7192 14
7193 14
7194 14
7195 14
7196 14
7197 14
7198 14
7199 14
7200 14
7201 14
7202 14
7203 14
7204 14
7205 14
7206 14
7207 14
7208 14
7209 14
7210 14
7211 14
7212 14
7213 14
7214 14
7215 14
7216 14
7217 14
7218 14
7219 14
7220 14
7221 14
7222 14
7223 14
7224 14
7225 14
7226 14
7227 14
7228 14
7229 14
7230 14
7231 14
7232 14
7233 14
7234 14
7235 14
7236 14
7237 14
7238 14
7239 14
7240 14
7241 14
7242 14
7243 14
7244 14
7245 14
7246 14
7247 14
7248 14
7249 14
7250 14
7251 14
7252 14
7253 14
7254 14
7255 14
7256 14
7257 14
7258 14
7259 14
7260 14
7261 14
7262 14
7263 14
7264 14
7265 14
7266 14
7267 14
7268 14
7269 14
7270 14
7271 14
7272 14
7273 14
7274 14
7275 14
7276 14
7277 14
7278 14
7279 14
7280 14
7281 14
7282 14
7283 14
7284 15
7285 15
7286 15
7287 15
7288 15
7289 15
7290 15
7291 15
7292 15
7293 15
7294 15
7295 15
7296 15
7297 15
7298 15
7299 15
7300 15
7301 15
7302 15
7303 15
7304 15
7305 15
7306 15
7307 15
7308 15
7309 15
7310 15
7311 15
7312 15
7313 15
7314 15
7315 15
7316 15
7317 15
7318 15
7319 15
7320 15
7321 15
7322 15
7323 15
7324 15
7325 15
7326 15
7327 15
7328 15
7329 15
7330 15
7331 15
7332 15
7333 15
7334 15
7335 15
7336 15
7337 15
7338 15
7339 15
7340 15
7341 15
7342 15
7343 15
7344 15
7345 15
7346 15
7347 15
7348 15
7349 15
7350 15
7351 15
7352 15
7353 15
7354 15
7355 15
7356 15
7357 15
7358 15
7359 15
7360 15
7361 15
7362 15
7363 15
7364 15
7365 15
7366 15
7367 15
7368 15
7369 15
7370 15
7371 15
7372 15
7373 15
7374 15
7375 15
7376 15
7377 15
7378 15
7379 15
7380 15
7381 15
7382 15
7383 15
7384 15
7385 15
7386 15
7387 15
7388 15
7389 15
7390 15
7391 15
7392 15
7393 15
7394 15
7395 15
7396 15
7397 15
7398 15
7399 15
7400 15
7401 15
7402 15
7403 15
7404 15
7405 15
7406 15
7407 15
7408 15
7409 15
7410 15
7411 15
7412 15
7413 15
7414 15
7415 15
7416 15
7417 15
7418 15
7419 15
7420 15
7421 15
7422 15
7423 15
7424 15
7425 15
7426 15
7427 15
7428 15
7429 15
7430 15
7431 15
7432 15
7433 15
7434 15
7435 15
7436 15
7437 15
7438 15
7439 15
7440 15
7441 15
7442 15
7443 15
7444 15
7445 15
7446 15
7447 15
7448 15
7449 15
7450 15
7451 15
7452 15
7453 15
7454 15
7455 15
7456 15
7457 15
7458 15
7459 15
7460 15
7461 15
7462 15
7463 15
7464 15
7465 15
7466 15
7467 15
7468 15
7469 15
7470 15
7471 15
7472 15
7473 15
7474 15
7475 15
7476 15
7477 15
7478 15
7479 15
7480 15
7481 15
7482 15
7483 15
7484 15
7485 15
7486 15
7487 15
7488 15
7489 15
7490 15
7491 15
7492 15
7493 15
7494 15
7495 15
7496 15
7497 15
7498 15
7499 15
7500 15
7501 15
7502 15
7503 15
7504 15
7505 15
7506 15
7507 15
7508 15
7509 15
7510 15
7511 15
7512 15
7513 15
7514 15
7515 15
7516 15
7517 15
7518 15
7519 15
7520 15
7521 15
7522 15
7523 15
7524 15
7525 15
7526 15
7527 15
7528 15
7529 15
7530 15
7531 15
7532 15
7533 15
7534 15
7535 15
7536 15
7537 15
7538 15
7539 15
7540 15
7541 15
7542 15
7543 15
7544 15
7545 15
7546 15
7547 15
7548 15
7549 15
7550 15
7551 15
7552 15
7553 15
7554 15
7555 15
7556 15
7557 15
7558 15
7559 15
7560 15
7561 15
7562 15
7563 15
7564 15
7565 15
7566 15
7567 15
7568 15
7569 15
7570 15
7571 15
7572 15
7573 15
7574 15
7575 15
7576 15
7577 15
7578 15
7579 15
7580 15
7581 15
7582 15
7583 15
7584 15
7585 15
7586 15
7587 15
7588 15
7589 15
7590 15
7591 15
7592 15
7593 15
7594 15
7595 15
7596 15
7597 15
7598 15
7599 15
7600 15
7601 15
7602 15
7603 15
7604 15
7605 15
7606 15
7607 15
7608 15
7609 15
7610 15
7611 15
7612 15
7613 15
7614 15
7615 15
7616 15
7617 15
7618 15
7619 15
7620 15
7621 15
7622 15
7623 15
7624 15
7625 15
7626 15
7627 15
7628 15
7629 15
7630 15
7631 15
7632 15
7633 15
7634 15
7635 15
7636 15
7637 15
7638 15
7639 15
7640 15
7641 15
7642 15
7643 15
7644 15
7645 15
7646 15
7647 15
7648 15
7649 15
7650 15
7651 15
7652 15
7653 15
7654 15
7655 15
7656 15
7657 15
7658 15
7659 15
7660 15
7661 15
7662 15
7663 15
7664 15
7665 15
7666 15
7667 15
7668 15
7669 15
7670 15
7671 15
7672 15
7673 15
7674 15
7675 15
7676 15
7677 15
7678 15
7679 15
7680 15
7681 15
7682 15
7683 15
7684 15
7685 15
7686 15
7687 15
7688 15
7689 15
7690 15
7691 15
7692 15
7693 15
7694 15
7695 15
7696 15
7697 15
7698 15
7699 15
7700 15
7701 15
7702 15
7703 15
7704 15
7705 15
7706 15
7707 15
7708 15
7709 15
7710 15
7711 15
7712 15
7713 15
7714 15
7715 15
7716 15
7717 15
7718 15
7719 15
7720 15
7721 15
7722 15
7723 15
7724 15
7725 15
7726 15
7727 15
7728 15
7729 15
7730 15
7731 15
7732 15
7733 15
7734 15
7735 15
7736 15
7737 15
7738 15
7739 15
7740 15
7741 15
7742 15
7743 15
7744 15
7745 15
7746 15
7747 15
7748 15
7749 15
7750 15
7751 15
7752 15
7753 15
7754 15
7755 15
7756 15
7757 15
7758 15
7759 15
7760 15
7761 15
7762 15
7763 15
7764 15
7765 15
7766 15
7767 15
7768 15
7769 15
7770 15
7771 15
7772 15
7773 15
7774 15
7775 15
7776 15
7777 15
7778 15
7779 15
7780 15
7781 15
7782 15
7783 15
7784 15
7785 15
7786 15
7787 15
7788 15
7789 15
7790 15
7791 15
7792 15
7793 15
7794 15
7795 15
7796 15
7797 15
7798 15
7799 15
7800 15
7801 15
7802 15
7803 15
7804 15
7805 15
7806 15
7807 15
7808 15
7809 15
7810 15
7811 15
7812 15
7813 15
7814 15
7815 15
7816 15
7817 15
7818 15
7819 15
7820 15
7821 15
7822 15
7823 15
7824 15
7825 15
7826 15
7827 15
7828 15
7829 15
7830 15
7831 15
7832 15
7833 15
7834 15
7835 15
7836 15
7837 15
7838 15
7839 15
7840 15
7841 15
7842 15
7843 15
7844 15
7845 15
7846 15
7847 15
7848 15
7849 15
7850 15
7851 15
7852 15
7853 15
7854 15
7855 15
7856 15
7857 15
7858 15
7859 15
7860 15
7861 15
7862 15
7863 15
7864 15
7865 15
7866 15
7867 15
7868 15
7869 15
7870 15
7871 15
7872 15
7873 15
7874 15
7875 15
7876 15
7877 15
7878 15
7879 15
7880 15
7881 15
7882 15
7883 15
7884 15
7885 15
7886 15
7887 15
7888 15
7889 15
7890 15
7891 15
7892 15
7893 15
7894 15
7895 15
7896 15
7897 15
7898 15
7899 15
7900 15
7901 15
7902 15
7903 15
7904 15
7905 15
7906 15
7907 15
7908 15
7909 15
7910 15
7911 15
7912 15
7913 15
7914 15
7915 15
7916 15
7917 15
7918 15
7919 15
7920 15
7921 15
7922 15
7923 15
7924 15
7925 15
7926 15
7927 15
7928 15
7929 15
7930 15
7931 15
7932 15
7933 15
7934 15
7935 15
7936 15
7937 15
7938 15
7939 15
7940 15
7941 15
7942 15
7943 15
7944 15
7945 15
7946 15
7947 15
7948 15
7949 15
7950 15
7951 15
7952 15
7953 15
7954 15
7955 15
7956 15
7957 15
7958 15
7959 15
7960 15
7961 15
7962 15
7963 15
7964 15
7965 15
7966 15
7967 15
7968 15
7969 15
7970 15
7971 15
7972 15
7973 15
7974 15
7975 15
7976 15
7977 15
7978 15
7979 15
7980 15
7981 15
7982 15
7983 15
7984 15
7985 15
7986 15
7987 15
7988 15
7989 15
7990 15
7991 15
7992 15
7993 15
7994 15
7995 15
7996 15
7997 15
7998 15
7999 15
8000 15
8001 15
8002 15
8003 15
8004 15
8005 15
8006 15
8007 15
8008 15
8009 15
8010 15
8011 15
8012 15
8013 15
8014 15
8015 15
8016 15
8017 15
8018 15
8019 15
8020 15
8021 15
8022 15
8023 15
8024 15
8025 15
8026 15
8027 15
8028 15
8029 15
8030 15
8031 15
8032 15
8033 15
8034 15
8035 15
8036 15
8037 15
8038 15
8039 15
8040 15
8041 15
8042 15
8043 15
8044 15
8045 15
8046 15
8047 15
8048 15
8049 15
8050 15
8051 15
8052 15
8053 15
8054 15
8055 15
8056 15
8057 15
8058 15
8059 15
8060 15
8061 15
8062 15
8063 15
8064 15
8065 15
8066 15
8067 15
8068 15
8069 15
8070 15
8071 15
8072 15
8073 15
8074 15
8075 15
8076 15
8077 15
8078 15
8079 15
8080 15
8081 15
8082 15
8083 15
8084 15
8085 15
8086 15
8087 15
8088 15
8089 15
8090 15
8091 15
8092 15
8093 15
8094 15
8095 15
8096 15
8097 15
8098 15
8099 15
8100 15
8101 15
8102 15
8103 15
8104 15
8105 15
8106 15
8107 15
8108 15
8109 15
8110 15
8111 15
8112 15
8113 15
8114 15
8115 15
8116 15
8117 15
8118 15
8119 15
8120 15
8121 15
8122 15
8123 15
8124 15
8125 15
8126 15
8127 15
8128 15
8129 15
8130 15
8131 15
8132 15
8133 15
8134 15
8135 15
8136 15
8137 15
8138 15
8139 15
8140 15
8141 15
8142 15
8143 15
8144 15
8145 15
8146 15
8147 15
8148 15
8149 15
8150 15
8151 15
8152 15
8153 15
8154 15
8155 15
8156 15
8157 15
8158 15
8159 15
8160 15
8161 15
8162 15
8163 15
8164 15
8165 15
8166 15
8167 15
8168 15
8169 15
8170 15
8171 15
8172 15
8173 15
8174 15
8175 15
8176 15
8177 15
8178 15
8179 15
8180 15
8181 15
8182 15
8183 15
8184 15
8185 15
8186 15
8187 15
8188 15
8189 15
8190 15
8191 15
8192 15
8193 15
8194 15
8195 15
8196 15
8197 15
8198 15
8199 15
8200 15
8201 15
8202 15
8203 15
8204 15
8205 15
8206 15
8207 15
8208 15
8209 15
8210 15
8211 15
8212 15
8213 15
8214 15
8215 15
8216 15
8217 15
8218 15
8219 15
8220 15
8221 15
8222 15
8223 15
8224 15
8225 15
8226 15
8227 15
8228 15
8229 15
8230 15
8231 15
8232 15
8233 15
8234 15
8235 15
8236 15
8237 15
8238 15
8239 15
8240 15
8241 15
8242 15
8243 15
8244 15
8245 15
8246 15
8247 15
8248 15
8249 15
8250 15
8251 15
8252 15
8253 15
8254 15
8255 15
8256 15
8257 15
8258 15
8259 15
8260 15
8261 15
8262 15
8263 15
8264 15
8265 15
8266 15
8267 15
8268 15
8269 15
8270 15
8271 15
8272 15
8273 15
8274 15
8275 15
8276 15
8277 15
8278 15
8279 15
8280 15
8281 15
8282 15
8283 15
8284 15
8285 15
8286 15
8287 15
8288 15
8289 15
8290 15
8291 15
8292 15
8293 15
8294 15
8295 15
8296 15
8297 15
8298 15
8299 15
8300 15
8301 15
8302 15
8303 15
8304 15
8305 15
8306 15
8307 15
8308 15
8309 15
8310 15
8311 15
8312 15
8313 15
8314 15
8315 15
8316 15
8317 15
8318 15
8319 15
8320 15
8321 15
8322 15
8323 15
8324 15
8325 15
8326 15
8327 15
8328 15
8329 15
8330 15
8331 15
8332 15
8333 15
8334 15
8335 15
8336 15
8337 15
8338 15
8339 15
8340 15
8341 15
8342 15
8343 15
8344 15
8345 15
8346 15
8347 15
8348 15
8349 15
8350 15
8351 15
8352 15
8353 15
8354 15
8355 15
8356 15
8357 15
8358 15
8359 15
8360 15
8361 15
8362 15
8363 15
8364 15
8365 15
8366 15
8367 15
8368 15
8369 15
8370 15
8371 15
8372 15
8373 15
8374 15
8375 15
8376 15
8377 15
8378 15
8379 15
8380 15
8381 15
8382 15
8383 15
8384 15
8385 15
8386 15
8387 15
8388 15
8389 15
8390 15
8391 15
8392 15
8393 15
8394 15
8395 15
8396 15
8397 15
8398 15
8399 15
8400 15
8401 15
8402 15
8403 15
8404 15
8405 15
8406 15
8407 15
8408 15
8409 15
8410 15
8411 15
8412 15
8413 15
8414 15
8415 15
8416 15
8417 15
8418 15
8419 15
8420 15
8421 15
8422 15
8423 15
8424 15
8425 15
8426 15
8427 15
8428 15
8429 15
8430 15
8431 15
8432 15
8433 15
8434 15
8435 15
8436 15
8437 15
8438 15
8439 15
8440 15
8441 15
8442 15
8443 15
8444 15
8445 15
8446 15
8447 15
8448 15
8449 15
8450 15
8451 15
8452 15
8453 15
8454 15
8455 15
8456 15
8457 15
8458 15
8459 15
8460 15
8461 15
8462 15
8463 15
8464 15
8465 15
8466 15
8467 15
8468 15
8469 15
8470 15
8471 15
8472 15
8473 15
8474 15
8475 15
8476 15
8477 15
8478 15
8479 15
8480 15
8481 15
8482 15
8483 15
8484 15
8485 15
8486 15
8487 15
8488 15
8489 15
8490 15
8491 15
8492 15
8493 15
8494 15
8495 15
8496 15
8497 15
8498 15
8499 15
8500 15
8501 15
8502 15
8503 15
8504 15
8505 15
8506 15
8507 15
8508 15
8509 15
8510 15
8511 15
8512 15
8513 15
8514 15
8515 15
8516 15
8517 15
8518 15
8519 15
8520 15
8521 15
8522 15
8523 15
8524 15
8525 15
8526 15
8527 15
8528 15
8529 15
8530 15
8531 15
8532 15
8533 15
8534 15
8535 15
8536 15
8537 15
8538 15
8539 15
8540 15
8541 15
8542 15
8543 15
8544 15
8545 15
8546 15
8547 15
8548 15
8549 15
8550 15
8551 15
8552 15
8553 15
8554 15
8555 15
8556 15
8557 15
8558 15
8559 15
8560 15
8561 15
8562 15
8563 15
8564 15
8565 15
8566 15
8567 15
8568 15
8569 15
8570 15
8571 15
8572 15
8573 15
8574 15
8575 15
8576 15
8577 15
8578 15
8579 15
8580 15
8581 15
8582 15
8583 15
8584 15
8585 15
8586 15
8587 15
8588 15
8589 15
8590 15
8591 15
8592 15
8593 15
8594 15
8595 15
8596 15
8597 15
8598 15
8599 15
8600 15
8601 15
8602 15
8603 15
8604 15
8605 15
8606 15
8607 15
8608 15
8609 15
8610 15
8611 15
8612 15
8613 15
8614 15
8615 15
8616 15
8617 15
8618 15
8619 15
8620 15
8621 15
8622 15
8623 15
8624 15
8625 15
8626 15
8627 15
8628 15
8629 15
8630 15
8631 15
8632 15
8633 15
8634 15
8635 15
8636 15
8637 15
8638 15
8639 15
8640 15
8641 15
8642 15
8643 15
8644 15
8645 15
8646 15
8647 15
8648 15
8649 15
8650 15
8651 15
8652 15
8653 15
8654 15
8655 15
8656 15
8657 15
8658 15
8659 15
8660 15
8661 15
8662 15
8663 15
8664 15
8665 15
8666 15
8667 15
8668 15
8669 15
8670 15
8671 15
8672 15
8673 15
8674 15
8675 15
8676 15
8677 16
8678 16
8679 16
8680 16
8681 16
8682 16
8683 16
8684 16
8685 16
8686 16
8687 16
8688 16
8689 16
8690 16
8691 16
8692 16
8693 16
8694 16
8695 16
8696 16
8697 16
8698 16
8699 16
8700 16
8701 16
8702 16
8703 16
8704 16
8705 16
8706 16
8707 16
8708 16
8709 16
8710 16
8711 16
8712 16
8713 16
8714 16
8715 16
8716 16
8717 16
8718 16
8719 16
8720 16
8721 16
8722 16
8723 16
8724 16
8725 16
8726 16
8727 16
8728 16
8729 16
8730 16
8731 16
8732 16
8733 16
8734 16
8735 16
8736 16
8737 16
8738 16
8739 16
8740 16
8741 16
8742 16
8743 16
8744 16
8745 16
8746 16
8747 16
8748 16
8749 16
8750 16
8751 16
8752 16
8753 16
8754 16
8755 16
8756 16
8757 16
8758 16
8759 16
8760 16
8761 16
8762 16
8763 16
8764 16
8765 16
8766 16
8767 16
8768 16
8769 16
8770 16
8771 16
8772 16
8773 16
8774 16
8775 16
8776 16
8777 16
8778 16
8779 16
8780 16
8781 16
8782 16
8783 16
8784 16
8785 16
8786 16
8787 16
8788 16
8789 16
8790 16
8791 16
8792 16
8793 16
8794 16
8795 16
8796 16
8797 16
8798 16
8799 16
8800 16
8801 16
8802 16
8803 16
8804 16
8805 16
8806 16
8807 16
8808 16
8809 16
8810 16
8811 16
8812 16
8813 16
8814 16
8815 16
8816 16
8817 16
8818 16
8819 16
8820 16
8821 16
8822 16
8823 16
8824 16
8825 16
8826 16
8827 16
8828 16
8829 16
8830 16
8831 16
8832 16
8833 16
8834 16
8835 16
8836 16
8837 16
8838 16
8839 16
8840 16
8841 16
8842 16
8843 16
8844 16
8845 16
8846 16
8847 16
8848 16
8849 16
8850 16
8851 16
8852 16
8853 16
8854 16
8855 16
8856 16
8857 16
8858 16
8859 16
8860 16
8861 16
8862 16
8863 16
8864 16
8865 16
8866 16
8867 16
8868 16
8869 16
8870 16
8871 16
8872 16
8873 16
8874 16
8875 16
8876 16
8877 16
8878 16
8879 16
8880 16
8881 16
8882 16
8883 16
8884 16
8885 16
8886 16
8887 16
8888 16
8889 16
8890 16
8891 16
8892 16
8893 16
8894 16
8895 16
8896 16
8897 16
8898 16
8899 16
8900 16
8901 16
8902 16
8903 16
8904 16
8905 16
8906 16
8907 16
8908 16
8909 16
8910 16
8911 16
8912 16
8913 16
8914 16
8915 16
8916 16
8917 16
8918 16
8919 16
8920 16
8921 16
8922 16
8923 16
8924 16
8925 16
8926 16
8927 16
8928 16
8929 16
8930 16
8931 16
8932 16
8933 16
8934 16
8935 16
8936 16
8937 16
8938 16
8939 16
8940 16
8941 16
8942 16
8943 16
8944 16
8945 16
8946 16
8947 16
8948 16
8949 16
8950 16
8951 16
8952 16
8953 16
8954 16
8955 16
8956 16
8957 16
8958 16
8959 16
8960 16
8961 16
8962 16
8963 16
8964 16
8965 16
8966 16
8967 16
8968 16
8969 16
8970 16
8971 16
8972 16
8973 16
8974 16
8975 16
8976 16
8977 16
8978 16
8979 16
8980 16
8981 16
8982 16
8983 16
8984 16
8985 16
8986 16
8987 16
8988 16
8989 16
8990 16
8991 16
8992 16
8993 16
8994 16
8995 16
8996 16
8997 16
8998 16
8999 16
9000 16
9001 16
9002 16
9003 16
9004 16
9005 16
9006 16
9007 16
9008 16
9009 16
9010 16
9011 16
9012 16
9013 16
9014 16
9015 16
9016 16
9017 16
9018 16
9019 16
9020 16
9021 16
9022 16
9023 16
9024 16
9025 16
9026 16
9027 16
9028 16
9029 16
9030 16
9031 16
9032 16
9033 16
9034 16
9035 16
9036 16
9037 16
9038 16
9039 16
9040 16
9041 16
9042 16
9043 16
9044 16
9045 16
9046 16
9047 16
9048 16
9049 16
9050 16
9051 16
9052 16
9053 16
9054 16
9055 16
9056 16
9057 16
9058 16
9059 16
9060 16
9061 16
9062 16
9063 16
9064 16
9065 16
9066 16
9067 16
9068 16
9069 16
9070 16
9071 16
9072 16
9073 16
9074 16
9075 16
9076 16
9077 16
9078 16
9079 16
9080 16
9081 16
9082 16
9083 16
9084 16
9085 16
9086 16
9087 16
9088 16
9089 16
9090 16
9091 16
9092 16
9093 16
9094 16
9095 16
9096 16
9097 16
9098 16
9099 16
9100 16
9101 16
9102 16
9103 16
9104 16
9105 16
9106 16
9107 16
9108 16
9109 16
9110 16
9111 16
9112 16
9113 16
9114 16
9115 16
9116 16
9117 16
9118 16
9119 16
9120 16
9121 16
9122 16
9123 16
9124 16
9125 16
9126 16
9127 16
9128 16
9129 16
9130 16
9131 16
9132 16
9133 16
9134 16
9135 16
9136 16
9137 16
9138 16
9139 16
9140 16
9141 16
9142 16
9143 16
9144 16
9145 16
9146 16
9147 16
9148 16
9149 16
9150 16
9151 16
9152 16
9153 16
9154 16
9155 16
9156 16
9157 16
9158 16
9159 16
9160 16
9161 16
9162 16
9163 16
9164 16
9165 16
9166 16
9167 16
9168 16
9169 16
9170 16
9171 16
9172 16
9173 16
9174 16
9175 16
9176 16
9177 16
9178 16
9179 16
9180 16
9181 16
9182 16
9183 16
9184 16
9185 16
9186 16
9187 16
9188 16
9189 16
9190 16
9191 16
9192 16
9193 16
9194 16
9195 16
9196 16
9197 16
9198 16
9199 16
9200 16
9201 16
9202 16
9203 16
9204 16
9205 16
9206 16
9207 16
9208 16
9209 16
9210 16
9211 16
9212 16
9213 16
9214 16
9215 16
9216 16
9217 16
9218 16
9219 16
9220 16
9221 16
9222 16
9223 16
9224 16
9225 16
9226 16
9227 16
9228 16
9229 16
9230 16
9231 16
9232 16
9233 16
9234 16
9235 16
9236 16
9237 16
9238 16
9239 16
9240 16
9241 16
9242 16
9243 16
9244 16
9245 16
9246 16
9247 16
9248 16
9249 16
9250 16
9251 16
9252 16
9253 16
9254 16
9255 16
9256 16
9257 16
9258 16
9259 16
9260 16
9261 16
9262 16
9263 16
9264 16
9265 16
9266 16
9267 16
9268 16
9269 16
9270 16
9271 16
9272 16
9273 16
9274 16
9275 16
9276 16
9277 16
9278 16
9279 16
9280 16
9281 16
9282 16
9283 16
9284 16
9285 16
9286 16
9287 16
9288 16
9289 16
9290 16
9291 16
9292 16
9293 16
9294 16
9295 16
9296 16
9297 16
9298 16
9299 16
9300 16
9301 16
9302 16
9303 16
9304 16
9305 16
9306 16
9307 16
9308 16
9309 16
9310 16
9311 16
9312 16
9313 16
9314 16
9315 16
9316 16
9317 16
9318 16
9319 16
9320 16
9321 16
9322 16
9323 16
9324 16
9325 16
9326 16
9327 16
9328 16
9329 16
9330 16
9331 16
9332 16
9333 16
9334 16
9335 16
9336 16
9337 16
9338 16
9339 16
9340 16
9341 16
9342 16
9343 16
9344 16
9345 16
9346 16
9347 16
9348 16
9349 16
9350 16
9351 16
9352 16
9353 16
9354 16
9355 16
9356 16
9357 16
9358 16
9359 16
9360 16
9361 16
9362 16
9363 16
9364 16
9365 16
9366 16
9367 16
9368 16
9369 16
9370 16
9371 16
9372 16
9373 16
9374 16
9375 16
9376 16
9377 16
9378 16
9379 16
9380 16
9381 16
9382 16
9383 16
9384 16
9385 16
9386 16
9387 16
9388 16
9389 16
9390 16
9391 16
9392 16
9393 16
9394 16
9395 16
9396 16
9397 16
9398 16
9399 16
9400 16
9401 16
9402 16
9403 16
9404 16
9405 16
9406 16
9407 16
9408 16
9409 16
9410 16
9411 16
9412 16
9413 16
9414 16
9415 16
9416 16
9417 16
9418 16
9419 16
9420 16
9421 16
9422 16
9423 16
9424 16
9425 16
9426 16
9427 16
9428 16
9429 16
9430 16
9431 16
9432 16
9433 16
9434 16
9435 16
9436 16
9437 16
9438 16
9439 16
9440 16
9441 16
9442 16
9443 16
9444 16
9445 16
9446 16
9447 16
9448 16
9449 16
9450 16
9451 16
9452 16
9453 16
9454 16
9455 16
9456 16
9457 16
9458 16
9459 16
9460 16
9461 16
9462 16
9463 16
9464 16
9465 16
9466 16
9467 16
9468 16
9469 16
9470 16
9471 16
9472 16
9473 16
9474 16
9475 16
9476 16
9477 16
9478 16
9479 16
9480 16
9481 16
9482 16
9483 16
9484 16
9485 16
9486 16
9487 16
9488 16
9489 16
9490 16
9491 16
9492 16
9493 16
9494 16
9495 16
9496 16
9497 16
9498 16
9499 16
9500 16
9501 16
9502 16
9503 16
9504 16
9505 16
9506 16
9507 16
9508 16
9509 16
9510 16
9511 16
9512 16
9513 16
9514 16
9515 16
9516 16
9517 16
9518 16
9519 16
9520 16
9521 16
9522 16
9523 16
9524 16
9525 16
9526 16
9527 16
9528 16
9529 16
9530 16
9531 16
9532 16
9533 16
9534 16
9535 16
9536 16
9537 16
9538 16
9539 16
9540 16
9541 16
9542 16
9543 16
9544 16
9545 16
9546 16
9547 16
9548 16
9549 16
9550 16
9551 16
9552 16
9553 16
9554 16
9555 16
9556 16
9557 16
9558 16
9559 16
9560 16
9561 16
9562 16
9563 16
9564 16
9565 16
9566 16
9567 16
9568 16
9569 16
9570 16
9571 16
9572 16
9573 16
9574 16
9575 16
9576 16
9577 16
9578 16
9579 16
9580 16
9581 16
9582 16
9583 16
9584 16
9585 16
9586 16
9587 16
9588 16
9589 16
9590 16
9591 16
9592 16
9593 16
9594 16
9595 16
9596 16
9597 16
9598 16
9599 16
9600 16
9601 16
9602 16
9603 16
9604 16
9605 16
9606 16
9607 16
9608 16
9609 16
9610 16
9611 16
9612 16
9613 16
9614 16
9615 16
9616 16
9617 16
9618 16
9619 16
9620 16
9621 16
9622 16
9623 16
9624 16
9625 16
9626 16
9627 16
9628 16
9629 16
9630 16
9631 16
9632 16
9633 16
9634 16
9635 16
9636 16
9637 16
9638 16
9639 16
9640 16
9641 16
9642 16
9643 16
9644 16
9645 16
9646 16
9647 16
9648 16
9649 16
9650 16
9651 16
9652 16
9653 16
9654 16
9655 16
9656 16
9657 16
9658 16
9659 16
9660 16
9661 16
9662 16
9663 16
9664 16
9665 16
9666 16
9667 16
9668 16
9669 16
9670 16
9671 16
9672 16
9673 16
9674 16
9675 16
9676 16
9677 16
9678 16
9679 16
9680 16
9681 16
9682 16
9683 16
9684 16
9685 16
9686 16
9687 16
9688 16
9689 16
9690 16
9691 16
9692 16
9693 16
9694 16
9695 16
9696 16
9697 16
9698 16
9699 16
9700 16
9701 16
9702 16
9703 16
9704 16
9705 16
9706 16
9707 16
9708 16
9709 16
9710 16
9711 16
9712 16
9713 16
9714 16
9715 16
9716 16
9717 16
9718 16
9719 16
9720 16
9721 16
9722 16
9723 16
9724 16
9725 16
9726 16
9727 16
9728 16
9729 16
9730 16
9731 16
9732 16
9733 16
9734 16
9735 16
9736 16
9737 16
9738 16
9739 16
9740 16
9741 16
9742 16
9743 16
9744 16
9745 16
9746 16
9747 16
9748 16
9749 16
9750 16
9751 16
9752 16
9753 16
9754 16
9755 16
9756 16
9757 16
9758 16
9759 16
9760 16
9761 16
9762 16
9763 16
9764 16
9765 16
9766 16
9767 16
9768 16
9769 16
9770 16
9771 16
9772 16
9773 16
9774 16
9775 16
9776 16
9777 16
9778 16
9779 16
9780 16
9781 16
9782 16
9783 16
9784 16
9785 16
9786 16
9787 16
9788 16
9789 16
9790 16
9791 16
9792 16
9793 16
9794 16
9795 16
9796 16
9797 16
9798 16
9799 16
9800 16
9801 16
9802 16
9803 16
9804 16
9805 16
9806 16
9807 16
9808 16
9809 16
9810 16
9811 16
9812 16
9813 16
9814 16
9815 16
9816 16
9817 16
9818 16
9819 16
9820 16
9821 16
9822 16
9823 16
9824 16
9825 16
9826 16
9827 16
9828 16
9829 16
9830 16
9831 16
9832 16
9833 16
9834 16
9835 16
9836 16
9837 16
9838 16
9839 16
9840 16
9841 16
9842 16
9843 16
9844 16
9845 16
9846 16
9847 16
9848 16
9849 16
9850 16
9851 16
9852 16
9853 16
9854 16
9855 16
9856 16
9857 16
9858 16
9859 16
9860 16
9861 16
9862 16
9863 16
9864 16
9865 16
9866 16
9867 16
9868 16
9869 16
9870 16
9871 16
9872 16
9873 16
9874 16
9875 16
9876 16
9877 16
9878 16
9879 16
9880 16
9881 16
9882 16
9883 16
9884 16
9885 16
9886 16
9887 16
9888 16
9889 16
9890 16
9891 16
9892 16
9893 16
9894 16
9895 16
9896 16
9897 16
9898 16
9899 16
9900 16
9901 16
9902 16
9903 16
9904 16
9905 16
9906 16
9907 16
9908 16
9909 16
9910 16
9911 16
9912 16
9913 16
9914 16
9915 16
9916 16
9917 16
9918 16
9919 16
9920 16
9921 16
9922 16
9923 16
9924 16
9925 16
9926 16
9927 16
9928 16
9929 16
9930 16
9931 16
9932 16
9933 16
9934 16
9935 16
9936 16
9937 16
9938 16
9939 16
9940 16
9941 16
9942 16
9943 16
9944 16
9945 16
9946 16
9947 16
9948 16
9949 16
9950 16
9951 16
9952 16
9953 16
9954 16
9955 16
9956 16
9957 16
9958 16
9959 16
9960 16
9961 16
9962 16
9963 16
9964 16
9965 17
9966 17
9967 17
9968 17
9969 17
9970 17
9971 17
9972 17
9973 17
9974 17
9975 17
9976 17
9977 17
9978 17
9979 17
9980 17
9981 17
9982 17
9983 17
9984 17
9985 17
9986 17
9987 17
9988 17
9989 17
9990 17
9991 17
9992 17
9993 17
9994 17
9995 17
9996 17
9997 17
9998 17
9999 17
10000 17
