1000 1
1001 1
1002 1
1003 1
1004 1
1005 1
1006 1
1007 1
1008 1
1009 1
1010 1
1011 1
1012 1
1013 1
1014 1
1015 1
1016 1
1017 1
1018 1
1019 1
1020 1
1021 1
1022 1
1023 1
1024 1
1025 1
1026 1
1027 1
1028 1
1029 1
1030 1
1031 1
1032 1
1033 1
1034 1
1035 1
1036 1
1037 1
1038 1
1039 1
1040 1
1041 1
1042 1
1043 1
1044 1
1045 1
1046 1
1047 1
1048 1
1049 1
1050 1
1051 1
1052 1
1053 1
1054 1
1055 1
1056 1
1057 1
1058 1
1059 1
1060 1
1061 1
1062 1
1063 1
1064 1
1065 1
1066 1
1067 1
1068 1
1069 1
1070 1
1071 1
1072 1
1073 1
1074 1
1075 1
1076 1
1077 1
1078 1
1079 1
1080 1
1081 1
1082 1
1083 1
1084 1
1085 1
1086 1
1087 1
1088 1
1089 1
1090 1
1091 1
1092 1
1093 1
1094 1
1095 1
1096 1
1097 1
1098 1
1099 1
1100 1
1101 1
1102 1
1103 1
1104 1
1105 1
1106 1
1107 1
1108 1
1109 1
1110 1
1111 1
1112 1
1113 1
1114 1
1115 1
1116 1
1117 1
1118 1
1119 1
1120 1
1121 1
1122 1
1123 1
1124 1
1125 1
1126 1
1127 1
1128 1
1129 1
1130 1
1131 1
1132 1
1133 1
1134 1
1135 1
1136 1
1137 1
1138 1
1139 1
1140 1
1141 1
1142 1
1143 1
1144 1
1145 1
1146 1
1147 1
1148 1
1149 1
1150 1
1151 1
1152 1
1153 1
1154 1
1155 1
1156 1
1157 1
1158 1
1159 1
1160 1
1161 1
1162 1
1163 1
1164 1
1165 1
1166 1
1167 1
1168 2
1169 2
1170 2
1171 2
1172 2
1173 2
1174 2
1175 2
1176 2
1177 2
1178 2
1179 2
1180 2
1181 2
1182 2
1183 2
1184 2
1185 2
1186 2
1187 2
1188 2
1189 2
1190 2
1191 2
1192 2
1193 2
1194 2
1195 2
1196 2
1197 2
1198 2
1199 2
1200 2
1201 2
1202 2
1203 2
1204 2
1205 2
1206 2
1207 2
1208 2
1209 2
1210 2
1211 2
1212 2
1213 2
1214 2
1215 2
1216 2
1217 2
1218 2
1219 2
1220 2
1221 2
1222 2
1223 2
1224 2
1225 2
1226 2
1227 2
1228 2
1229 2
1230 2
1231 2
1232 2
1233 2
1234 2
1235 2
1236 2
1237 2
1238 2
1239 2
1240 2
1241 2
1242 2
1243 2
1244 2
1245 2
1246 2
1247 2
1248 2
1249 2
1250 2
1251 2
1252 2
1253 2
1254 2
1255 2
1256 2
1257 2
1258 2
1259 2
1260 2
1261 2
1262 2
1263 2
1264 2
1265 2
1266 2
1267 2
1268 2
1269 2
1270 2
1271 2
1272 2
1273 2
1274 2
1275 2
1276 2
1277 2
1278 2
1279 2
1280 2
1281 2
1282 2
1283 2
1284 2
1285 2
1286 2
1287 2
1288 2
1289 2
1290 2
1291 2
1292 2
1293 2
1294 2
1295 2
1296 2
1297 2
1298 2
1299 2
1300 2
1301 2
1302 2
1303 2
1304 2
1305 2
1306 2
1307 2
1308 2
1309 2
1310 2
1311 2
1312 2
1313 2
1314 2
1315 2
1316 2
1317 2
1318 2
1319 2
1320 2
1321 2
1322 2
1323 2
1324 2
1325 2
1326 2
1327 2
1328 2
1329 2
1330 2
1331 2
1332 2
1333 2
1334 2
1335 2
1336 2
1337 2
1338 2
1339 2
1340 2
1341 2
1342 2
1343 2
1344 2
1345 2
1346 2
1347 2
1348 2
1349 2
1350 2
1351 2
1352 2
1353 2
1354 2
1355 2
1356 2
1357 2
1358 2
1359 2
1360 2
1361 2
1362 2
1363 2
1364 2
1365 2
1366 2
1367 2
1368 2
1369 2
1370 2
1371 2
1372 2
1373 2
1374 2
1375 2
1376 2
1377 2
1378 2
1379 2
1380 2
1381 2
1382 2
1383 2
1384 2
1385 2
1386 2
1387 2
1388 2
1389 2
1390 2
1391 2
1392 2
1393 2
1394 2
1395 2
1396 2
1397 2
1398 2
1399 2
1400 2
1401 2
1402 2
1403 2
1404 2
1405 2
1406 2
1407 2
1408 2
1409 2
1410 2
1411 2
1412 2
1413 2
1414 2
1415 2
1416 2
1417 2
1418 2
1419 2
1420 2
1421 2
1422 2
1423 2
1424 2
1425 2
1426 2
1427 2
1428 2
1429 2
1430 2
1431 2
1432 2
1433 2
1434 2
1435 2
1436 2
1437 2
1438 2
1439 2
1440 2
1441 2
1442 2
1443 2
1444 2
1445 2
1446 2
1447 2
1448 2
1449 2
1450 2
1451 2
1452 2
1453 2
1454 2
1455 2
1456 2
1457 2
1458 2
1459 2
1460 2
1461 2
1462 2
1463 2
1464 2
1465 2
1466 2
1467 2
1468 2
1469 2
1470 2
1471 2
1472 2
1473 2
1474 2
1475 2
1476 2
1477 2
1478 2
1479 2
1480 2
1481 2
1482 2
1483 2
1484 2
1485 2
1486 2
1487 2
1488 2
1489 2
1490 2
1491 2
1492 2
1493 2
1494 2
1495 2
1496 2
1497 2
1498 2
1499 2
1500 2
1501 2
1502 2
1503 2
1504 2
1505 2
1506 2
1507 2
1508 2
1509 2
1510 2
1511 2
1512 2
1513 2
1514 2
1515 2
1516 2
1517 2
1518 2
1519 2
1520 2
1521 2
1522 2
1523 2
1524 2
1525 2
1526 2
1527 2
1528 2
1529 2
1530 2
1531 2
1532 2
1533 2
1534 2
1535 2
1536 2
1537 2
1538 2
1539 2
1540 2
1541 2
1542 2
1543 2
1544 2
1545 2
1546 2
1547 2
1548 2
1549 2
1550 2
1551 2
1552 2
1553 2
1554 2
1555 2
1556 2
1557 2
1558 2
1559 2
1560 2
1561 2
1562 2
1563 2
1564 2
1565 2
1566 2
1567 2
1568 2
1569 2
1570 2
1571 2
1572 2
1573 2
1574 2
1575 2
1576 2
1577 2
1578 2
1579 2
1580 2
1581 2
1582 2
1583 2
1584 2
1585 2
1586 2
1587 2
1588 2
1589 2
1590 2
1591 2
1592 2
1593 2
1594 2
1595 2
1596 2
1597 2
1598 2
1599 2
1600 2
1601 2
1602 2
1603 2
1604 2
1605 2
1606 2
1607 2
1608 2
1609 2
1610 2
1611 2
1612 2
1613 2
1614 2
1615 2
1616 2
1617 2
1618 2
1619 2
1620 2
1621 2
1622 2
1623 2
1624 2
1625 2
1626 2
1627 2
1628 2
1629 2
1630 2
1631 2
1632 2
1633 2
1634 2
1635 2
1636 2
1637 2
1638 2
1639 2
1640 2
1641 2
1642 2
1643 2
1644 2
1645 2
1646 2
1647 2
1648 2
1649 2
1650 2
1651 2
1652 2
1653 2
1654 2
1655 2
1656 2
1657 2
1658 2
1659 2
1660 2
1661 2
1662 2
1663 2
1664 2
1665 2
1666 2
1667 2
1668 2
1669 2
1670 2
1671 2
1672 2
1673 2
1674 2
1675 2
1676 2
1677 2
1678 2
1679 2
1680 2
1681 2
1682 2
1683 2
1684 2
1685 2
1686 2
1687 2
1688 2
1689 2
1690 2
1691 2
1692 2
1693 2
1694 2
1695 2
1696 2
1697 2
1698 2
1699 2
1700 2
1701 2
1702 2
1703 2
1704 2
1705 2
1706 2
1707 2
1708 2
1709 2
1710 2
1711 2
1712 2
1713 2
1714 2
1715 2
1716 2
1717 2
1718 2
1719 2
1720 2
1721 2
1722 2
1723 2
1724 2
1725 2
1726 2
1727 2
1728 2
1729 2
1730 2
1731 2
1732 2
1733 2
1734 2
1735 2
1736 2
1737 2
1738 2
1739 2
1740 2
1741 2
1742 2
1743 2
1744 2
1745 2
1746 2
1747 2
1748 2
1749 2
1750 2
1751 2
1752 2
1753 2
1754 2
1755 2
1756 2
1757 2
1758 2
1759 2
1760 2
1761 2
1762 2
1763 2
1764 2
1765 2
1766 2
1767 2
1768 2
1769 2
1770 2
1771 2
1772 2
1773 2
1774 2
1775 2
1776 2
1777 2
1778 2
1779 2
1780 2
1781 2
1782 2
1783 2
1784 2
1785 2
1786 2
1787 2
1788 2
1789 2
1790 2
1791 2
1792 2
1793 2
1794 2
1795 2
1796 2
1797 2
1798 2
1799 2
1800 2
1801 2
1802 2
1803 2
1804 2
1805 2
1806 2
1807 2
1808 2
1809 2
1810 2
1811 2
1812 2
1813 2
1814 2
1815 2
1816 2
1817 2
1818 2
1819 2
1820 2
1821 2
1822 2
1823 2
1824 2
1825 2
1826 2
1827 2
1828 2
1829 2
1830 2
1831 2
1832 2
1833 2
1834 2
1835 2
1836 2
1837 2
1838 2
1839 2
1840 2
1841 2
1842 2
1843 2
1844 2
1845 2
1846 2
1847 2
1848 2
1849 2
1850 2
1851 2
1852 2
1853 2
1854 2
1855 2
1856 2
1857 2
1858 2
1859 2
1860 2
1861 2
1862 2
1863 2
1864 2
1865 2
1866 2
1867 2
1868 2
1869 2
1870 2
1871 2
1872 2
1873 2
1874 2
1875 2
1876 2
1877 2
1878 2
1879 2
1880 2
1881 2
1882 2
1883 2
1884 2
1885 2
1886 2
1887 2
1888 2
1889 2
1890 2
1891 2
1892 2
1893 2
1894 2
1895 2
1896 2
1897 2
1898 2
1899 2
1900 2
1901 2
1902 2
1903 2
1904 2
1905 2
1906 2
1907 2
1908 2
1909 2
1910 2
1911 2
1912 2
1913 2
1914 2
1915 2
1916 2
1917 2
1918 2
1919 2
1920 2
1921 2
1922 2
1923 2
1924 2
1925 2
1926 2
1927 2
1928 2
1929 2
1930 2
1931 2
1932 2
1933 2
1934 2
1935 2
1936 2
1937 2
1938 2
1939 2
1940 2
1941 2
1942 2
1943 2
1944 2
1945 2
1946 2
1947 2
1948 2
1949 2
1950 2
1951 2
1952 2
1953 2
1954 2
1955 2
1956 2
1957 2
1958 2
1959 2
1960 2
1961 2
1962 2
1963 2
1964 2
1965 2
1966 2
1967 2
1968 2
1969 2
1970 2
1971 2
1972 2
1973 2
1974 2
1975 2
1976 2
1977 2
1978 2
1979 2
1980 2
1981 2
1982 2
1983 2
1984 2
1985 2
1986 2
1987 2
1988 2
1989 2
1990 2
1991 2
1992 2
1993 2
1994 2
1995 2
1996 2
1997 2
1998 2
1999 2
2000 2
2001 2
2002 2
2003 2
2004 2
2005 2
2006 2
2007 2
2008 2
2009 2
2010 2
2011 2
2012 2
2013 2
2014 2
2015 2
2016 2
2017 2
2018 2
2019 2
2020 2
2021 2
2022 2
2023 2
2024 2
2025 2
2026 2
2027 2
2028 2
2029 2
2030 2
2031 2
2032 2
2033 2
2034 2
2035 2
2036 2
2037 2
2038 2
2039 2
2040 2
2041 2
2042 2
2043 2
2044 2
2045 2
2046 2
2047 2
2048 2
2049 2
2050 2
2051 2
2052 2
2053 2
2054 2
2055 2
2056 2
2057 2
2058 2
2059 2
2060 2
2061 2
2062 2
2063 2
2064 2
2065 2
2066 2
2067 2
2068 2
2069 2
2070 2
2071 2
2072 2
2073 2
2074 2
2075 2
2076 2
2077 2
2078 2
2079 2
2080 2
2081 2
2082 2
2083 2
2084 2
2085 2
2086 2
2087 2
2088 2
2089 2
2090 2
2091 2
2092 2
2093 2
2094 2
2095 2
2096 2
2097 2
2098 2
2099 2
2100 2
2101 2
2102 2
2103 2
2104 2
2105 2
2106 2
2107 2
2108 2
2109 2
2110 2
2111 2
2112 2
2113 2
2114 2
2115 2
2116 2
2117 2
2118 2
2119 2
2120 2
2121 2
2122 2
2123 2
2124 2
2125 2
2126 2
2127 2
2128 2
2129 2
2130 2
2131 2
2132 2
2133 2
2134 2
2135 2
2136 2
2137 2
2138 2
2139 2
2140 2
2141 2
2142 2
2143 2
2144 2
2145 2
2146 2
2147 2
2148 2
2149 2
2150 2
2151 2
2152 2
2153 2
2154 2
2155 2
2156 2
2157 2
2158 2
2159 2
2160 2
2161 2
2162 2
2163 2
2164 2
2165 2
2166 2
2167 2
2168 2
2169 2
2170 2
2171 2
2172 2
2173 2
2174 2
2175 2
2176 2
2177 2
2178 2
2179 2
2180 2
2181 2
2182 2
2183 2
2184 2
2185 2
2186 2
2187 2
2188 2
2189 2
2190 2
2191 2
2192 2
2193 2
2194 2
2195 2
2196 2
2197 2
2198 2
2199 2
2200 2
2201 2
2202 2
2203 2
2204 2
2205 2
2206 2
2207 2
2208 2
2209 2
2210 2
2211 2
2212 2
2213 2
2214 2
2215 2
2216 2
2217 2
2218 2
2219 2
2220 2
2221 2
2222 2
2223 2
2224 2
2225 2
2226 2
2227 2
2228 2
2229 2
2230 2
2231 2
2232 2
2233 2
2234 2
2235 2
2236 2
2237 2
2238 2
2239 2
2240 2
2241 2
2242 2
2243 2
2244 2
2245 2
2246 2
2247 2
2248 2
2249 2
2250 2
2251 2
2252 2
2253 2
2254 2
2255 2
2256 2
2257 2
2258 2
2259 2
2260 2
2261 2
2262 2
2263 2
2264 2
2265 2
2266 2
2267 2
2268 2
2269 2
2270 2
2271 2
2272 2
2273 2
2274 2
2275 2
2276 2
2277 2
2278 2
2279 2
2280 2
2281 2
2282 2
2283 2
2284 2
2285 2
2286 2
2287 2
2288 2
2289 2
2290 2
2291 2
2292 2
2293 2
2294 2
2295 2
2296 2
2297 2
2298 2
2299 2
2300 2
2301 2
2302 2
2303 2
2304 2
2305 2
2306 2
2307 2
2308 2
2309 2
2310 2
2311 2
2312 2
2313 2
2314 2
2315 2
2316 2
2317 2
2318 2
2319 2
2320 2
2321 2
2322 2
2323 2
2324 2
2325 2
2326 2
2327 2
2328 2
2329 2
2330 2
2331 2
2332 2
2333 2
2334 2
2335 2
2336 2
2337 2
2338 2
2339 2
2340 2
2341 2
2342 2
2343 2
2344 2
2345 2
2346 2
2347 2
2348 2
2349 2
2350 2
2351 2
2352 2
2353 2
2354 2
2355 2
2356 2
2357 2
2358 2
2359 2
2360 2
2361 2
2362 2
2363 2
2364 2
2365 2
2366 2
2367 2
2368 2
2369 2
2370 2
2371 2
2372 2
2373 2
2374 2
2375 2
2376 2
2377 2
2378 2
2379 2
2380 2
2381 2
2382 2
2383 2
2384 2
2385 2
2386 2
2387 2
2388 2
2389 2
2390 2
2391 2
2392 2
2393 2
2394 2
2395 2
2396 2
2397 2
2398 2
2399 2
2400 2
2401 2
2402 2
2403 2
2404 2
2405 2
2406 2
2407 2
2408 2
2409 2
2410 2
2411 2
2412 2
2413 2
2414 2
2415 2
2416 2
2417 2
2418 2
2419 2
2420 2
2421 2
2422 2
2423 2
2424 2
2425 2
2426 2
2427 2
2428 2
2429 2
2430 2
2431 2
2432 2
2433 2
2434 2
2435 2
2436 2
2437 2
2438 2
2439 2
2440 2
2441 2
2442 2
2443 2
2444 2
2445 2
2446 2
2447 2
2448 2
2449 2
2450 2
2451 2
2452 2
2453 2
2454 2
2455 2
2456 2
2457 2
2458 2
2459 2
2460 2
2461 2
2462 2
2463 2
2464 2
2465 2
2466 2
2467 2
2468 2
2469 2
2470 2
2471 2
2472 2
2473 2
2474 2
2475 2
2476 2
2477 2
2478 2
2479 2
2480 2
2481 2
2482 2
2483 2
2484 2
2485 2
2486 2
2487 2
2488 2
2489 2
2490 2
2491 2
2492 2
2493 2
2494 2
2495 2
2496 2
2497 2
2498 2
2499 2
2500 2
2501 2
2502 2
2503 2
2504 2
2505 2
2506 2
2507 2
2508 2
2509 2
2510 2
2511 2
2512 2
2513 2
2514 2
2515 2
2516 2
2517 2
2518 2
2519 2
2520 2
2521 2
2522 2
2523 2
2524 2
2525 2
2526 2
2527 2
2528 2
2529 2
2530 2
2531 2
2532 2
2533 2
2534 2
2535 2
2536 2
2537 2
2538 2
2539 2
2540 2
2541 2
2542 2
2543 2
2544 2
2545 2
2546 2
2547 2
2548 2
2549 2
2550 2
2551 2
2552 2
2553 2
2554 2
2555 2
2556 2
2557 2
2558 2
2559 2
2560 2
2561 2
2562 2
2563 2
2564 2
2565 2
2566 2
2567 2
2568 2
2569 2
2570 2
2571 2
2572 2
2573 2
2574 2
2575 2
2576 2
2577 2
2578 2
2579 2
2580 2
2581 2
2582 2
2583 2
2584 2
2585 2
2586 2
2587 2
2588 2
2589 2
2590 2
2591 2
2592 2
2593 2
2594 2
2595 2
2596 2
2597 2
2598 2
2599 2
2600 2
2601 2
2602 2
2603 2
2604 2
2605 2
2606 2
2607 2
2608 2
2609 2
2610 2
2611 2
2612 2
2613 2
2614 2
2615 2
2616 2
2617 2
2618 2
2619 2
2620 2
2621 2
2622 2
2623 2
2624 2
2625 2
2626 2
2627 2
2628 2
2629 2
2630 2
2631 2
2632 2
2633 2
2634 2
2635 2
2636 2
2637 2
2638 2
2639 2
2640 2
2641 2
2642 2
2643 2
2644 2
2645 2
2646 2
2647 2
2648 2
2649 2
2650 2
2651 2
2652 2
2653 2
2654 2
2655 2
2656 2
2657 2
2658 2
2659 2
2660 2
2661 2
2662 2
2663 2
2664 2
2665 2
2666 2
2667 2
2668 2
2669 2
2670 2
2671 2
2672 2
2673 2
2674 2
2675 2
2676 2
2677 2
2678 2
2679 2
2680 2
2681 2
2682 2
2683 2
2684 2
2685 2
2686 2
2687 2
2688 2
2689 2
2690 2
2691 2
2692 2
2693 2
2694 2
2695 2
2696 2
2697 2
2698 2
2699 2
2700 2
2701 2
2702 2
2703 2
2704 2
2705 2
2706 2
2707 2
2708 2
2709 2
2710 2
2711 2
2712 2
2713 2
2714 2
2715 2
2716 2
2717 2
2718 2
2719 2
2720 2
2721 2
2722 2
2723 2
2724 2
2725 2
2726 2
2727 2
2728 2
2729 2
2730 2
2731 2
2732 2
2733 2
2734 2
2735 2
2736 2
2737 2
2738 2
2739 2
2740 2
2741 2
2742 2
2743 2
2744 2
2745 2
2746 2
2747 2
2748 2
2749 2
2750 2
2751 2
2752 2
2753 2
2754 2
2755 2
2756 2
2757 2
2758 2
2759 2
2760 2
2761 2
2762 2
2763 2
2764 2
2765 2
2766 2
2767 2
2768 2
2769 2
2770 2
2771 2
2772 2
2773 2
2774 2
2775 2
2776 2
2777 2
2778 2
2779 2
2780 2
2781 2
2782 2
2783 2
2784 2
2785 2
2786 2
2787 2
2788 2
2789 2
2790 2
2791 2
2792 2
2793 2
2794 2
2795 2
2796 2
2797 2
2798 2
2799 2
2800 2
2801 2
2802 2
2803 2
2804 2
2805 2
2806 2
2807 2
2808 2
2809 2
2810 2
2811 2
2812 2
2813 2
2814 2
2815 2
2816 2
2817 2
2818 2
2819 2
2820 2
2821 2
2822 2
2823 2
2824 2
2825 2
2826 2
2827 2
2828 2
2829 2
2830 2
2831 2
2832 2
2833 2
2834 2
2835 2
2836 2
2837 2
2838 2
2839 2
2840 2
2841 2
2842 2
2843 2
2844 2
2845 2
2846 2
2847 2
2848 2
2849 2
2850 2
2851 2
2852 2
2853 2
2854 2
2855 2
2856 2
2857 2
2858 2
2859 2
2860 2
2861 2
2862 2
2863 2
2864 2
2865 2
2866 2
2867 2
2868 2
2869 2
2870 2
2871 2
2872 2
2873 2
2874 2
2875 2
2876 2
2877 2
2878 2
2879 2
2880 2
2881 2
2882 2
2883 2
2884 2
2885 2
2886 2
2887 2
2888 2
2889 2
2890 2
2891 2
2892 2
2893 2
2894 2
2895 2
2896 2
2897 2
2898 2
2899 2
2900 2
2901 2
2902 2
2903 2
2904 2
2905 2
2906 2
2907 2
2908 2
2909 2
2910 2
2911 2
2912 2
2913 2
2914 2
2915 2
2916 2
2917 2
2918 2
2919 2
2920 2
2921 2
2922 2
2923 2
2924 2
2925 2
2926 2
2927 2
2928 2
2929 2
2930 2
2931 2
2932 2
2933 2
2934 2
2935 2
2936 2
2937 2
2938 2
2939 2
2940 2
2941 2
2942 2
2943 2
2944 2
2945 2
2946 2
2947 2
2948 2
2949 2
2950 2
2951 2
2952 2
2953 2
2954 2
2955 2
2956 2
2957 2
2958 2
2959 2
2960 2
2961 2
2962 2
2963 2
2964 2
2965 2
2966 2
2967 2
2968 2
2969 2
2970 2
2971 2
2972 2
2973 2
2974 2
2975 2
2976 2
2977 2
2978 2
2979 2
2980 2
2981 2
2982 2
2983 2
2984 2
2985 2
2986 2
2987 2
2988 2
2989 2
2990 2
2991 2
2992 2
2993 2
2994 2
2995 2
2996 2
2997 2
2998 2
2999 2
3000 2
3001 2
3002 2
3003 2
3004 2
3005 2
3006 2
3007 2
3008 2
3009 2
3010 2
3011 2
3012 2
3013 2
3014 2
3015 2
3016 2
3017 2
3018 2
3019 2
3020 2
3021 2
3022 2
3023 2
3024 2
3025 2
3026 2
3027 2
3028 2
3029 2
3030 2
3031 2
3032 2
3033 2
3034 2
3035 2
3036 2
3037 2
3038 2
3039 2
3040 2
3041 2
3042 2
3043 2
3044 2
3045 2
3046 2
3047 2
3048 2
3049 2
3050 2
3051 2
3052 2
3053 2
3054 2
3055 2
3056 2
3057 2
3058 2
3059 2
3060 2
3061 2
3062 2
3063 2
3064 2
3065 2
3066 2
3067 2
3068 2
3069 2
3070 2
3071 2
3072 2
3073 2
3074 2
3075 2
3076 2
3077 2
3078 2
3079 2
3080 2
3081 2
3082 2
3083 2
3084 2
3085 2
3086 2
3087 2
3088 2
3089 2
3090 2
3091 2
3092 2
3093 2
3094 2
3095 2
3096 2
3097 2
3098 2
3099 2
3100 2
3101 2
3102 2
3103 2
3104 2
3105 2
3106 2
3107 2
3108 2
3109 2
3110 2
3111 2
3112 2
3113 2
3114 2
3115 2
3116 2
3117 2
3118 2
3119 2
3120 2
3121 2
3122 2
3123 2
3124 2
3125 2
3126 2
3127 2
3128 2
3129 2
3130 2
3131 2
3132 2
3133 2
3134 2
3135 2
3136 2
3137 2
3138 2
3139 2
3140 2
3141 2
3142 2
3143 2
3144 2
3145 2
3146 2
3147 2
3148 2
3149 2
3150 2
3151 2
3152 2
3153 2
3154 2
3155 2
3156 2
3157 2
3158 2
3159 2
3160 2
3161 2
3162 2
3163 2
3164 2
3165 2
3166 2
3167 2
3168 2
3169 2
3170 2
3171 2
3172 2
3173 2
3174 2
3175 2
3176 2
3177 2
3178 2
3179 2
3180 2
3181 2
3182 2
3183 2
3184 2
3185 2
3186 2
3187 2
3188 2
3189 2
3190 2
3191 2
3192 2
3193 2
3194 2
3195 2
3196 2
3197 2
3198 2
3199 2
3200 2
3201 2
3202 2
3203 2
3204 2
3205 2
3206 2
3207 2
3208 2
3209 2
3210 2
3211 2
3212 2
3213 2
3214 2
3215 2
3216 2
3217 2
3218 2
3219 2
3220 2
3221 2
3222 2
3223 2
3224 2
3225 2
3226 2
3227 2
3228 2
3229 2
3230 2
3231 2
3232 2
3233 2
3234 2
3235 2
3236 2
3237 2
3238 2
3239 2
3240 2
3241 2
3242 2
3243 2
3244 2
3245 2
3246 2
3247 2
3248 2
3249 2
3250 2
3251 2
3252 2
3253 2
3254 2
3255 3
3256 3
3257 3
3258 3
3259 3
3260 3
3261 3
3262 3
3263 3
3264 3
3265 3
3266 3
3267 3
3268 3
3269 3
3270 3
3271 3
3272 3
3273 3
3274 3
3275 3
3276 3
3277 3
3278 3
3279 3
3280 3
3281 3
3282 3
3283 3
3284 3
3285 3
3286 3
3287 3
3288 3
3289 3
3290 3
3291 3
3292 3
3293 3
3294 3
3295 3
3296 3
3297 3
3298 3
3299 3
3300 3
3301 3
3302 3
3303 3
3304 3
3305 3
3306 3
3307 3
3308 3
3309 3
3310 3
3311 3
3312 3
3313 3
3314 3
3315 3
3316 3
3317 3
3318 3
3319 3
3320 3
3321 3
3322 3
3323 3
3324 3
3325 3
3326 3
3327 3
3328 3
3329 3
3330 3
3331 3
3332 3
3333 3
3334 3
3335 3
3336 3
3337 3
3338 3
3339 3
3340 3
3341 3
3342 3
3343 3
3344 3
3345 3
3346 3
3347 3
3348 3
3349 3
3350 3
3351 3
3352 3
3353 3
3354 3
3355 3
3356 3
3357 3
3358 3
3359 3
3360 3
3361 3
3362 3
3363 3
3364 3
3365 3
3366 3
3367 3
3368 3
3369 3
3370 3
3371 3
3372 3
3373 3
3374 3
3375 3
3376 3
3377 3
3378 3
3379 3
3380 3
3381 3
3382 3
3383 3
3384 3
3385 3
3386 3
3387 3
3388 3
3389 3
3390 3
3391 3
3392 3
3393 3
3394 3
3395 3
3396 3
3397 3
3398 3
3399 3
3400 3
3401 3
3402 3
3403 3
3404 3
3405 3
3406 3
3407 3
3408 3
3409 3
3410 3
3411 3
3412 3
3413 3
3414 3
3415 3
3416 3
3417 3
3418 3
3419 3
3420 3
3421 3
3422 3
3423 3
3424 3
3425 3
3426 3
3427 3
3428 3
3429 3
3430 3
3431 3
3432 3
3433 3
3434 3
3435 3
3436 3
3437 3
3438 3
3439 3
3440 3
3441 3
3442 3
3443 3
3444 3
3445 3
3446 3
3447 3
3448 3
3449 3
3450 3
3451 3
3452 3
3453 3
3454 3
3455 3
3456 3
3457 3
3458 3
3459 3
3460 3
3461 3
3462 3
3463 3
3464 3
3465 3
3466 3
3467 3
3468 3
3469 3
3470 3
3471 3
3472 3
3473 3
3474 3
3475 3
3476 3
3477 3
3478 3
3479 3
3480 3
3481 3
3482 3
3483 3
3484 3
3485 3
3486 3
3487 3
3488 3
3489 3
3490 3
3491 3
3492 3
3493 3
3494 3
3495 3
3496 3
3497 3
3498 3
3499 3
3500 3
3501 3
3502 3
3503 3
3504 3
3505 3
3506 3
3507 3
3508 3
3509 3
3510 3
3511 3
3512 3
3513 3
3514 3
3515 3
3516 3
3517 3
3518 3
3519 3
3520 3
3521 3
3522 3
3523 3
3524 3
3525 3
3526 3
3527 3
3528 3
3529 3
3530 3
3531 3
3532 3
3533 3
3534 3
3535 3
3536 3
3537 3
3538 3
3539 3
3540 3
3541 3
3542 3
3543 3
3544 3
3545 3
3546 3
3547 3
3548 3
3549 3
3550 3
3551 3
3552 3
3553 3
3554 3
3555 3
3556 3
3557 3
3558 3
3559 3
3560 3
3561 3
3562 3
3563 3
3564 3
3565 3
3566 3
3567 3
3568 3
3569 3
3570 3
3571 3
3572 3
3573 3
3574 3
3575 3
3576 3
3577 3
3578 3
3579 3
3580 3
3581 3
3582 3
3583 3
3584 3
3585 3
3586 3
3587 3
3588 3
3589 3
3590 3
3591 3
3592 3
3593 3
3594 3
3595 3
3596 3
3597 3
3598 3
3599 3
3600 3
3601 3
3602 3
3603 3
3604 3
3605 3
3606 3
3607 3
3608 3
3609 3
3610 3
3611 3
3612 3
3613 3
3614 3
3615 3
3616 3
3617 3
3618 3
3619 3
3620 3
3621 3
3622 3
3623 3
3624 3
3625 3
3626 3
3627 3
3628 3
3629 3
3630 3
3631 3
3632 3
3633 3
3634 3
3635 3
3636 3
3637 3
3638 3
3639 3
3640 3
3641 3
3642 3
3643 3
3644 3
3645 3
3646 3
3647 3
3648 3
3649 3
3650 3
3651 3
3652 3
3653 3
3654 3
3655 3
3656 3
3657 3
3658 3
3659 3
3660 3
3661 3
3662 3
3663 3
3664 3
3665 3
3666 3
3667 3
3668 3
3669 3
3670 3
3671 3
3672 3
3673 3
3674 3
3675 3
3676 3
3677 3
3678 3
3679 3
3680 3
3681 3
3682 3
3683 3
3684 3
3685 3
3686 3
3687 3
3688 3
3689 3
3690 3
3691 3
3692 3
3693 3
3694 3
3695 3
3696 3
3697 3
3698 3
3699 3
3700 3
3701 3
3702 3
3703 3
3704 3
3705 3
3706 3
3707 3
3708 3
3709 3
3710 3
3711 3
3712 3
3713 3
3714 3
3715 3
3716 3
3717 3
3718 3
3719 3
3720 3
3721 3
3722 3
3723 3
3724 3
3725 3
3726 3
3727 3
3728 3
3729 3
3730 3
3731 3
3732 3
3733 3
3734 3
3735 3
3736 3
3737 3
3738 3
3739 3
3740 3
3741 3
3742 3
3743 3
3744 3
3745 3
3746 3
3747 3
3748 3
3749 3
3750 3
3751 3
3752 3
3753 3
3754 3
3755 3
3756 3
3757 3
3758 3
3759 3
3760 3
3761 3
3762 3
3763 3
3764 3
3765 3
3766 3
3767 3
3768 3
3769 3
3770 3
3771 3
3772 3
3773 3
3774 3
3775 3
3776 3
3777 3
3778 3
3779 3
3780 3
3781 3
3782 3
3783 3
3784 3
3785 3
3786 3
3787 3
3788 3
3789 3
3790 3
3791 3
3792 3
3793 3
3794 3
3795 3
3796 3
3797 3
3798 3
3799 3
3800 3
3801 3
3802 3
3803 3
3804 3
3805 3
3806 3
3807 3
3808 3
3809 3
3810 3
3811 3
3812 3
3813 3
3814 3
3815 3
3816 3
3817 3
3818 3
3819 3
3820 3
3821 3
3822 3
3823 3
3824 3
3825 3
3826 3
3827 3
3828 3
3829 3
3830 3
3831 3
3832 3
3833 3
3834 3
3835 3
3836 3
3837 3
3838 3
3839 3
3840 3
3841 3
3842 3
3843 3
3844 3
3845 3
3846 3
3847 3
3848 3
3849 3
3850 3
3851 3
3852 3
3853 3
3854 3
3855 3
3856 3
3857 3
3858 3
3859 3
3860 3
3861 3
3862 3
3863 3
3864 3
3865 3
3866 3
3867 3
3868 3
3869 3
3870 3
3871 3
3872 3
3873 3
3874 3
3875 3
3876 3
3877 3
3878 3
3879 3
3880 3
3881 3
3882 3
3883 3
3884 3
3885 3
3886 3
3887 3
3888 3
3889 3
3890 3
3891 3
3892 3
3893 3
3894 3
3895 3
3896 3
3897 3
3898 3
3899 3
3900 3
3901 3
3902 3
3903 3
3904 3
3905 3
3906 3
3907 3
3908 3
3909 3
3910 3
3911 3
3912 3
3913 3
3914 3
3915 3
3916 3
3917 3
3918 3
3919 3
3920 3
3921 3
3922 3
3923 3
3924 3
3925 3
3926 3
3927 3
3928 3
3929 3
3930 3
3931 3
3932 3
3933 3
3934 3
3935 3
3936 3
3937 3
3938 3
3939 3
3940 3
3941 3
3942 3
3943 3
3944 3
3945 3
3946 3
3947 3
3948 3
3949 3
3950 3
3951 3
3952 3
3953 3
3954 3
3955 3
3956 3
3957 3
3958 3
3959 3
3960 3
3961 3
3962 3
3963 3
3964 3
3965 3
3966 3
3967 3
3968 3
3969 3
3970 3
3971 3
3972 3
3973 3
3974 3
3975 3
3976 3
3977 3
3978 3
3979 3
3980 3
3981 3
3982 3
3983 3
3984 3
3985 3
3986 3
3987 3
3988 3
3989 3
3990 3
3991 3
3992 3
3993 3
3994 3
3995 3
3996 3
3997 3
3998 3
3999 3
4000 3
4001 3
4002 3
4003 3
4004 3
4005 3
4006 3
4007 3
4008 3
4009 3
4010 3
4011 3
4012 3
4013 3
4014 3
4015 3
4016 3
4017 3
4018 3
4019 3
4020 3
4021 3
4022 3
4023 3
4024 3
4025 3
4026 3
4027 3
4028 3
4029 3
4030 3
4031 3
4032 3
4033 3
4034 3
4035 3
4036 3
4037 3
4038 3
4039 3
4040 3
4041 3
4042 3
4043 3
4044 3
4045 3
4046 3
4047 3
4048 3
4049 3
4050 3
4051 3
4052 3
4053 3
4054 3
4055 3
4056 3
4057 3
4058 3
4059 3
4060 3
4061 3
4062 3
4063 3
4064 3
4065 3
4066 3
4067 3
4068 3
4069 3
4070 3
4071 3
4072 3
4073 3
4074 3
4075 3
4076 3
4077 3
4078 3
4079 3
4080 3
4081 3
4082 3
4083 3
4084 3
4085 3
4086 3
4087 3
4088 3
4089 3
4090 3
4091 3
4092 3
4093 3
4094 3
4095 3
4096 3
4097 3
4098 3
4099 3
4100 3
4101 3
4102 3
4103 3
4104 3
4105 3
4106 3
4107 3
4108 3
4109 3
4110 3
4111 3
4112 3
4113 3
4114 3
4115 3
4116 3
4117 3
4118 3
4119 3
4120 3
4121 3
4122 3
4123 3
4124 3
4125 3
4126 3
4127 3
4128 3
4129 3
4130 3
4131 3
4132 3
4133 3
4134 3
4135 3
4136 3
4137 3
4138 3
4139 3
4140 3
4141 3
4142 3
4143 3
4144 3
4145 3
4146 3
4147 3
4148 3
4149 3
4150 3
4151 3
4152 3
4153 3
4154 3
4155 3
4156 3
4157 3
4158 3
4159 3
4160 3
4161 3
4162 3
4163 3
4164 3
4165 3
4166 3
4167 3
4168 3
4169 3
4170 3
4171 3
4172 3
4173 3
4174 3
4175 3
4176 3
4177 3
4178 3
4179 3
4180 3
4181 3
4182 3
4183 3
4184 3
4185 3
4186 3
4187 3
4188 3
4189 3
4190 3
4191 3
4192 3
4193 3
4194 3
4195 3
4196 3
4197 3
4198 3
4199 3
4200 3
4201 3
4202 3
4203 3
4204 3
4205 3
4206 3
4207 3
4208 3
4209 3
4210 3
4211 3
4212 3
4213 3
4214 3
4215 3
4216 3
4217 3
4218 3
4219 3
4220 3
4221 3
4222 3
4223 3
4224 3
4225 3
4226 3
4227 3
4228 3
4229 3
4230 3
4231 3
4232 3
4233 3
4234 3
4235 3
4236 3
4237 3
4238 3
4239 3
4240 3
4241 3
4242 3
4243 3
4244 3
4245 3
4246 3
4247 3
4248 3
4249 3
4250 3
4251 3
4252 3
4253 3
4254 3
4255 3
4256 3
4257 3
4258 3
4259 3
4260 3
4261 3
4262 3
4263 3
4264 3
4265 3
4266 3
4267 3
4268 3
4269 3
4270 3
4271 3
4272 3
4273 3
4274 3
4275 3
4276 3
4277 3
4278 3
4279 3
4280 3
4281 3
4282 3
4283 3
4284 3
4285 3
4286 3
4287 3
4288 3
4289 3
4290 3
4291 3
4292 3
4293 3
4294 3
4295 3
4296 3
4297 3
4298 3
4299 3
4300 3
4301 3
4302 3
4303 3
4304 3
4305 3
4306 3
4307 3
4308 3
4309 3
4310 3
4311 3
4312 3
4313 3
4314 3
4315 3
4316 3
4317 3
4318 3
4319 3
4320 3
4321 3
4322 3
4323 3
4324 3
4325 3
4326 3
4327 3
4328 3
4329 3
4330 3
4331 3
4332 3
4333 3
4334 3
4335 3
4336 3
4337 3
4338 3
4339 3
4340 3
4341 3
4342 3
4343 3
4344 3
4345 3
4346 3
4347 3
4348 3
4349 3
4350 3
4351 3
4352 3
4353 3
4354 3
4355 3
4356 3
4357 3
4358 3
4359 3
4360 3
4361 3
4362 3
4363 3
4364 3
4365 3
4366 3
4367 3
4368 3
4369 3
4370 3
4371 3
4372 3
4373 3
4374 3
4375 3
4376 3
4377 3
4378 3
4379 3
4380 3
4381 3
4382 3
4383 3
4384 3
4385 3
4386 3
4387 3
4388 3
4389 3
4390 3
4391 3
4392 3
4393 3
4394 3
4395 3
4396 3
4397 3
4398 3
4399 3
4400 3
4401 3
4402 3
4403 3
4404 3
4405 3
4406 3
4407 3
4408 3
4409 3
4410 3
4411 3
4412 3
4413 3
4414 3
4415 3
4416 3
4417 3
4418 3
4419 3
4420 3
4421 3
4422 3
4423 3
4424 3
4425 3
4426 3
4427 3
4428 3
4429 3
4430 3
4431 3
4432 3
4433 3
4434 3
4435 3
4436 3
4437 3
4438 3
4439 3
4440 3
4441 3
4442 3
4443 3
4444 3
4445 3
4446 3
4447 3
4448 3
4449 3
4450 3
4451 3
4452 3
4453 3
4454 3
4455 3
4456 3
4457 3
4458 3
4459 3
4460 3
4461 3
4462 3
4463 3
4464 3
4465 3
4466 3
4467 3
4468 3
4469 3
4470 3
4471 3
4472 3
4473 3
4474 3
4475 3
4476 3
4477 3
4478 3
4479 3
4480 3
4481 3
4482 3
4483 3
4484 3
4485 3
4486 3
4487 3
4488 3
4489 3
4490 3
4491 3
4492 3
4493 3
4494 3
4495 3
4496 3
4497 3
4498 3
4499 3
4500 3
4501 3
4502 3
4503 3
4504 3
4505 3
4506 3
4507 3
4508 3
4509 3
4510 3
4511 3
4512 3
4513 3
4514 3
4515 3
4516 3
4517 3
4518 3
4519 3
4520 3
4521 3
4522 3
4523 3
4524 3
4525 3
4526 3
4527 3
4528 3
4529 3
4530 3
4531 3
4532 3
4533 3
4534 3
4535 3
4536 3
4537 3
4538 3
4539 3
4540 3
4541 3
4542 3
4543 3
4544 3
4545 3
4546 3
4547 3
4548 3
4549 3
4550 3
4551 3
4552 3
4553 3
4554 3
4555 3
4556 3
4557 3
4558 3
4559 3
4560 3
4561 3
4562 3
4563 3
4564 3
4565 3
4566 3
4567 3
4568 3
4569 3
4570 3
4571 3
4572 3
4573 3
4574 3
4575 3
4576 3
4577 3
4578 3
4579 3
4580 3
4581 3
4582 3
4583 3
4584 3
4585 3
4586 3
4587 3
4588 3
4589 3
4590 3
4591 3
4592 3
4593 3
4594 3
4595 3
4596 3
4597 3
4598 3
4599 3
4600 3
4601 3
4602 3
4603 3
4604 3
4605 3
4606 3
4607 3
4608 3
4609 3
4610 3
4611 3
4612 3
4613 3
4614 3
4615 3
4616 3
4617 3
4618 3
4619 3
4620 3
4621 3
4622 3
4623 3
4624 3
4625 3
4626 3
4627 3
4628 3
4629 3
4630 3
4631 3
4632 3
4633 3
4634 3
4635 3
4636 3
4637 3
4638 3
4639 3
4640 3
4641 3
4642 3
4643 3
4644 3
4645 3
4646 3
4647 3
4648 3
4649 3
4650 3
4651 3
4652 3
4653 3
4654 3
4655 3
4656 3
4657 3
4658 3
4659 3
4660 3
4661 3
4662 3
4663 3
4664 3
4665 3
4666 3
4667 3
4668 3
4669 3
4670 3
4671 3
4672 3
4673 3
4674 3
4675 3
4676 3
4677 3
4678 3
4679 3
4680 3
4681 3
4682 3
4683 3
4684 3
4685 3
4686 3
4687 3
4688 3
4689 3
4690 3
4691 3
4692 3
4693 3
4694 3
4695 3
4696 3
4697 3
4698 3
4699 3
4700 3
4701 3
4702 3
4703 3
4704 3
4705 3
4706 3
4707 3
4708 3
4709 3
4710 3
4711 3
4712 3
4713 3
4714 3
4715 3
4716 3
4717 3
4718 3
4719 3
4720 3
4721 3
4722 3
4723 3
4724 3
4725 3
4726 3
4727 3
4728 3
4729 3
4730 3
4731 3
4732 3
4733 3
4734 3
4735 3
4736 3
4737 3
4738 3
4739 3
4740 3
4741 3
4742 3
4743 3
4744 3
4745 3
4746 3
4747 3
4748 3
4749 3
4750 3
4751 3
4752 3
4753 3
4754 3
4755 3
4756 3
4757 3
4758 3
4759 3
4760 3
4761 3
4762 3
4763 3
4764 3
4765 3
4766 3
4767 3
4768 3
4769 3
4770 3
4771 3
4772 3
4773 3
4774 3
4775 3
4776 3
4777 3
4778 3
4779 3
4780 3
4781 3
4782 3
4783 3
4784 3
4785 3
4786 3
4787 3
4788 3
4789 3
4790 3
4791 3
4792 3
4793 3
4794 3
4795 3
4796 3
4797 3
4798 3
4799 3
4800 3
4801 3
4802 3
4803 3
4804 3
4805 3
4806 3
4807 3
4808 3
4809 3
4810 3
4811 3
4812 3
4813 3
4814 3
4815 3
4816 3
4817 3
4818 3
4819 3
4820 3
4821 3
4822 3
4823 3
4824 3
4825 3
4826 3
4827 3
4828 3
4829 3
4830 3
4831 3
4832 3
4833 3
4834 3
4835 3
4836 3
4837 3
4838 3
4839 3
4840 3
4841 3
4842 3
4843 3
4844 3
4845 3
4846 3
4847 3
4848 4
4849 4
4850 4
4851 4
4852 4
4853 4
4854 4
4855 4
4856 4
4857 4
4858 4
4859 4
4860 4
4861 4
4862 4
4863 4
4864 4
4865 4
4866 4
4867 4
4868 4
4869 4
4870 4
4871 4
4872 4
4873 4
4874 4
4875 4
4876 4
4877 4
4878 4
4879 4
4880 4
4881 4
4882 4
4883 4
4884 4
4885 4
4886 4
4887 4
4888 4
4889 4
4890 4
4891 4
4892 4
4893 4
4894 4
4895 4
4896 4
4897 4
4898 4
4899 4
4900 4
4901 4
4902 4
4903 4
4904 4
4905 4
4906 4
4907 4
4908 4
4909 4
4910 4
4911 4
4912 4
4913 4
4914 4
4915 4
4916 4
4917 4
4918 4
4919 4
4920 4
4921 4
4922 4
4923 4
4924 4
4925 4
4926 4
4927 4
4928 4
4929 4
4930 4
4931 4
4932 4
4933 4
4934 4
4935 4
4936 4
4937 4
4938 4
4939 4
4940 4
4941 4
4942 4
4943 4
4944 4
4945 4
4946 4
4947 4
4948 4
4949 4
4950 4
4951 4
4952 4
4953 4
4954 4
4955 4
4956 4
4957 4
4958 4
4959 4
4960 4
4961 4
4962 4
4963 4
4964 4
4965 4
4966 4
4967 4
4968 4
4969 4
4970 4
4971 4
4972 4
4973 4
4974 4
4975 4
4976 4
4977 4
4978 4
4979 4
4980 4
4981 4
4982 4
4983 4
4984 4
4985 4
4986 4
4987 4
4988 4
4989 4
4990 4
4991 4
4992 4
4993 4
4994 4
4995 4
4996 4
4997 4
4998 4
4999 4
5000 4
5001 4
5002 4
5003 4
5004 4
5005 4
5006 4
5007 4
5008 4
5009 4
5010 4
5011 4
5012 4
5013 4
5014 4
5015 4
5016 4
5017 4
5018 4
5019 4
5020 4
5021 4
5022 4
5023 4
5024 4
5025 4
5026 4
5027 4
5028 4
5029 4
5030 4
5031 4
5032 4
5033 4
5034 4
5035 4
5036 4
5037 4
5038 4
5039 4
5040 4
5041 4
5042 4
5043 4
5044 4
5045 4
5046 4
5047 4
5048 4
5049 4
5050 4
5051 4
5052 4
5053 4
5054 4
5055 4
5056 4
5057 4
5058 4
5059 4
5060 4
5061 4
5062 4
5063 4
5064 4
5065 4
5066 4
5067 4
5068 4
5069 4
5070 4
5071 4
5072 4
5073 4
5074 4
5075 4
5076 4
5077 4
5078 4
5079 4
5080 4
5081 4
5082 4
5083 4
5084 4
5085 4
5086 4
5087 4
5088 4
5089 4
5090 4
5091 4
5092 4
5093 4
5094 4
5095 4
5096 4
5097 4
5098 4
5099 4
5100 4
5101 4
5102 4
5103 4
5104 4
5105 4
5106 4
5107 4
5108 4
5109 4
5110 4
5111 4
5112 4
5113 4
5114 4
5115 4
5116 4
5117 4
5118 4
5119 4
5120 4
5121 4
5122 4
5123 4
5124 4
5125 4
5126 4
5127 4
5128 4
5129 4
5130 4
5131 4
5132 4
5133 4
5134 4
5135 4
5136 4
5137 4
5138 4
5139 4
5140 4
5141 4
5142 4
5143 4
5144 4
5145 4
5146 4
5147 4
5148 4
5149 4
5150 4
5151 4
5152 4
5153 4
5154 4
5155 4
5156 4
5157 4
5158 4
5159 4
5160 4
5161 4
5162 4
5163 4
5164 4
5165 4
5166 4
5167 4
5168 4
5169 4
5170 4
5171 4
5172 4
5173 4
5174 4
5175 4
5176 4
5177 4
5178 4
5179 4
5180 4
5181 4
5182 4
5183 4
5184 4
5185 4
5186 4
5187 4
5188 4
5189 4
5190 4
5191 4
5192 4
5193 4
5194 4
5195 4
5196 4
5197 4
5198 4
5199 4
5200 4
5201 4
5202 4
5203 4
5204 4
5205 4
5206 4
5207 4
5208 4
5209 4
5210 4
5211 4
5212 4
5213 4
5214 4
5215 4
5216 4
5217 4
5218 4
5219 4
5220 4
5221 4
5222 4
5223 4
5224 4
5225 4
5226 4
5227 4
5228 4
5229 4
5230 4
5231 4
5232 4
5233 4
5234 4
5235 4
5236 4
5237 4
5238 4
5239 4
5240 4
5241 4
5242 4
5243 4
5244 4
5245 4
5246 4
5247 4
5248 4
5249 4
5250 4
5251 4
5252 4
5253 4
5254 4
5255 4
5256 4
5257 4
5258 4
5259 4
5260 4
5261 4
5262 4
5263 4
5264 4
5265 4
5266 4
5267 4
5268 4
5269 4
5270 4
5271 4
5272 4
5273 4
5274 4
5275 4
5276 4
5277 4
5278 4
5279 4
5280 4
5281 4
5282 4
5283 4
5284 4
5285 4
5286 4
5287 4
5288 4
5289 4
5290 4
5291 4
5292 4
5293 4
5294 4
5295 4
5296 4
5297 4
5298 4
5299 4
5300 4
5301 4
5302 4
5303 4
5304 4
5305 4
5306 4
5307 4
5308 4
5309 4
5310 4
5311 4
5312 4
5313 4
5314 4
5315 4
5316 4
5317 4
5318 4
5319 4
5320 4
5321 4
5322 4
5323 4
5324 4
5325 4
5326 4
5327 4
5328 4
5329 4
5330 4
5331 4
5332 4
5333 4
5334 4
5335 4
5336 4
5337 4
5338 4
5339 4
5340 4
5341 4
5342 4
5343 4
5344 4
5345 4
5346 4
5347 4
5348 4
5349 4
5350 4
5351 4
5352 4
5353 4
5354 4
5355 4
5356 4
5357 4
5358 4
5359 4
5360 4
5361 4
5362 4
5363 4
5364 4
5365 4
5366 4
5367 4
5368 4
5369 4
5370 4
5371 4
5372 4
5373 4
5374 4
5375 4
5376 4
5377 4
5378 4
5379 4
5380 4
5381 4
5382 4
5383 5
5384 5
5385 5
5386 5
5387 5
5388 5
5389 5
5390 5
5391 5
5392 5
5393 5
5394 5
5395 5
5396 5
5397 5
5398 5
5399 5
5400 5
5401 5
5402 5
5403 5
5404 5
5405 5
5406 5
5407 5
5408 5
5409 5
5410 5
5411 5
5412 5
5413 5
5414 5
5415 5
5416 5
5417 5
5418 5
5419 5
5420 5
5421 5
5422 5
5423 5
5424 5
5425 5
5426 5
5427 5
5428 5
5429 5
5430 5
5431 5
5432 5
5433 5
5434 5
5435 5
5436 5
5437 5
5438 5
5439 5
5440 5
5441 5
5442 5
5443 5
5444 5
5445 5
5446 5
5447 5
5448 5
5449 5
5450 5
5451 5
5452 5
5453 5
5454 5
5455 5
5456 5
5457 5
5458 5
5459 5
5460 5
5461 5
5462 5
5463 5
5464 5
5465 5
5466 5
5467 5
5468 5
5469 5
5470 5
5471 5
5472 5
5473 5
5474 5
5475 5
5476 5
5477 5
5478 5
5479 5
5480 5
5481 5
5482 5
5483 5
5484 5
5485 5
5486 5
5487 5
5488 5
5489 5
5490 5
5491 5
5492 5
5493 5
5494 5
5495 5
5496 5
5497 5
5498 5
5499 5
5500 5
5501 5
5502 5
5503 5
5504 5
5505 5
5506 5
5507 5
5508 5
5509 5
5510 5
5511 5
5512 5
5513 5
5514 5
5515 5
5516 5
5517 5
5518 5
5519 5
5520 5
5521 5
5522 5
5523 5
5524 5
5525 5
5526 5
5527 5
5528 5
5529 5
5530 5
5531 5
5532 5
5533 5
5534 5
5535 5
5536 5
5537 5
5538 5
5539 5
5540 5
5541 5
5542 5
5543 5
5544 5
5545 5
5546 5
5547 5
5548 5
5549 5
5550 5
5551 5
5552 5
5553 5
5554 5
5555 5
5556 5
5557 5
5558 5
5559 5
5560 5
5561 5
5562 5
5563 5
5564 5
5565 5
5566 5
5567 5
5568 5
5569 5
5570 5
5571 5
5572 5
5573 5
5574 5
5575 5
5576 5
5577 5
5578 5
5579 5
5580 5
5581 5
5582 5
5583 5
5584 5
5585 5
5586 5
5587 5
5588 5
5589 5
5590 5
5591 5
5592 5
5593 5
5594 5
5595 5
5596 5
5597 5
5598 5
5599 5
5600 5
5601 5
5602 5
5603 5
5604 5
5605 5
5606 5
5607 5
5608 5
5609 5
5610 5
5611 5
5612 5
5613 5
5614 5
5615 5
5616 5
5617 5
5618 5
5619 5
5620 5
5621 5
5622 5
5623 5
5624 5
5625 5
5626 5
5627 5
5628 5
5629 5
5630 5
5631 5
5632 5
5633 5
5634 5
5635 5
5636 5
5637 5
5638 5
5639 5
5640 5
5641 5
5642 5
5643 5
5644 5
5645 5
5646 5
5647 5
5648 5
5649 5
5650 5
5651 5
5652 5
5653 5
5654 5
5655 5
5656 5
5657 5
5658 5
5659 5
5660 5
5661 5
5662 5
5663 5
5664 5
5665 5
5666 5
5667 5
5668 5
5669 5
5670 5
5671 5
5672 5
5673 5
5674 5
5675 5
5676 5
5677 5
5678 5
5679 5
5680 5
5681 5
5682 5
5683 5
5684 5
5685 5
5686 5
5687 5
5688 5
5689 5
5690 5
5691 5
5692 5
5693 5
5694 5
5695 5
5696 5
5697 5
5698 5
5699 5
5700 5
5701 5
5702 5
5703 5
5704 5
5705 5
5706 5
5707 5
5708 5
5709 5
5710 5
5711 5
5712 5
5713 5
5714 5
5715 5
5716 5
5717 5
5718 5
5719 5
5720 5
5721 5
5722 5
5723 5
5724 5
5725 5
5726 5
5727 5
5728 5
5729 5
5730 5
5731 5
5732 5
5733 5
5734 5
5735 5
5736 5
5737 5
5738 5
5739 5
5740 5
5741 5
5742 5
5743 5
5744 5
5745 5
5746 5
5747 5
5748 5
5749 5
5750 5
5751 5
5752 5
5753 5
5754 5
5755 5
5756 5
5757 5
5758 5
5759 5
5760 5
5761 5
5762 5
5763 5
5764 5
5765 5
5766 5
5767 5
5768 5
5769 5
5770 5
5771 5
5772 5
5773 5
5774 5
5775 5
5776 5
5777 5
5778 5
5779 5
5780 5
5781 5
5782 5
5783 5
5784 5
5785 5
5786 5
5787 5
5788 5
5789 5
5790 5
5791 5
5792 5
5793 5
5794 5
5795 5
5796 5
5797 5
5798 5
5799 5
5800 5
5801 5
5802 5
5803 5
5804 5
5805 5
5806 5
5807 5
5808 5
5809 5
5810 5
5811 5
5812 5
5813 5
5814 5
5815 5
5816 5
5817 5
5818 5
5819 5
5820 5
5821 5
5822 5
5823 5
5824 5
5825 5
5826 5
5827 5
5828 5
5829 5
5830 5
5831 5
5832 5
5833 5
5834 5
5835 5
5836 5
5837 5
5838 5
5839 5
5840 5
5841 5
5842 5
5843 5
5844 5
5845 5
5846 5
5847 5
5848 5
5849 5
5850 5
5851 5
5852 5
5853 5
5854 5
5855 5
5856 5
5857 5
5858 5
5859 5
5860 5
5861 5
5862 5
5863 5
5864 5
5865 5
5866 5
5867 5
5868 5
5869 5
5870 5
5871 5
5872 5
5873 5
5874 5
5875 5
5876 5
5877 5
5878 5
5879 5
5880 5
5881 5
5882 5
5883 5
5884 5
5885 5
5886 5
5887 5
5888 5
5889 5
5890 5
5891 5
5892 5
5893 5
5894 5
5895 5
5896 5
5897 5
5898 5
5899 5
5900 5
5901 5
5902 5
5903 5
5904 5
5905 5
5906 5
5907 5
5908 5
5909 5
5910 5
5911 5
5912 5
5913 5
5914 5
5915 5
5916 5
5917 5
5918 5
5919 5
5920 5
5921 5
5922 5
5923 5
5924 5
5925 5
5926 5
5927 5
5928 5
5929 5
5930 5
5931 5
5932 5
5933 5
5934 5
5935 5
5936 5
5937 5
5938 5
5939 5
5940 5
5941 5
5942 5
5943 5
5944 5
5945 5
5946 5
5947 5
5948 5
5949 5
5950 5
5951 5
5952 5
5953 5
5954 5
5955 5
5956 5
5957 5
5958 5
5959 5
5960 5
5961 5
5962 5
5963 5
5964 5
5965 5
5966 5
5967 5
5968 5
5969 5
5970 5
5971 5
5972 5
5973 5
5974 5
5975 5
5976 5
5977 5
5978 5
5979 5
5980 5
5981 5
5982 5
5983 5
5984 5
5985 5
5986 5
5987 5
5988 5
5989 5
5990 5
5991 5
5992 5
5993 5
5994 5
5995 5
5996 5
5997 5
5998 5
5999 5
6000 5
6001 5
6002 5
6003 5
6004 5
6005 5
6006 5
6007 5
6008 5
6009 5
6010 5
6011 5
6012 5
6013 5
6014 5
6015 5
6016 5
6017 5
6018 5
6019 5
6020 5
6021 5
6022 5
6023 5
6024 5
6025 5
6026 5
6027 5
6028 5
6029 5
6030 5
6031 5
6032 5
6033 5
6034 5
6035 5
6036 5
6037 5
6038 5
6039 5
6040 5
6041 5
6042 5
6043 5
6044 5
6045 5
6046 5
6047 5
6048 5
6049 5
6050 5
6051 5
6052 5
6053 5
6054 5
6055 5
6056 5
6057 5
6058 5
6059 5
6060 5
6061 5
6062 5
6063 5
6064 5
6065 5
6066 5
6067 5
6068 5
6069 5
6070 5
6071 5
6072 5
6073 5
6074 5
6075 5
6076 5
6077 5
6078 5
6079 5
6080 5
6081 5
6082 5
6083 5
6084 5
6085 5
6086 5
6087 5
6088 5
6089 5
6090 5
6091 5
6092 5
6093 5
6094 5
6095 5
6096 5
6097 5
6098 5
6099 5
6100 5
6101 5
6102 5
6103 5
6104 5
6105 5
6106 5
6107 5
6108 5
6109 5
6110 5
6111 5
6112 5
6113 5
6114 5
6115 5
6116 5
6117 5
6118 5
6119 5
6120 5
6121 5
6122 5
6123 5
6124 5
6125 5
6126 5
6127 5
6128 5
6129 5
6130 5
6131 5
6132 5
6133 5
6134 5
6135 5
6136 5
6137 5
6138 5
6139 5
6140 5
6141 5
6142 5
6143 5
6144 5
6145 5
6146 5
6147 5
6148 5
6149 5
6150 5
6151 5
6152 5
6153 5
6154 5
6155 5
6156 5
6157 5
6158 5
6159 5
6160 5
6161 5
6162 5
6163 5
6164 5
6165 5
6166 5
6167 5
6168 5
6169 5
6170 5
6171 5
6172 5
6173 5
6174 5
6175 5
6176 5
6177 5
6178 5
6179 5
6180 5
6181 5
6182 5
6183 5
6184 5
6185 5
6186 5
6187 5
6188 5
6189 5
6190 5
6191 5
6192 5
6193 5
6194 5
6195 5
6196 5
6197 5
6198 5
6199 5
6200 5
6201 5
6202 5
6203 5
6204 5
6205 5
6206 5
6207 5
6208 5
6209 5
6210 5
6211 5
6212 5
6213 5
6214 5
6215 5
6216 5
6217 5
6218 5
6219 5
6220 5
6221 5
6222 5
6223 5
6224 5
6225 5
6226 5
6227 5
6228 5
6229 5
6230 5
6231 5
6232 5
6233 5
6234 5
6235 5
6236 5
6237 5
6238 5
6239 5
6240 5
6241 5
6242 5
6243 5
6244 5
6245 5
6246 5
6247 5
6248 5
6249 5
6250 5
6251 5
6252 5
6253 5
6254 5
6255 5
6256 5
6257 5
6258 5
6259 5
6260 5
6261 5
6262 5
6263 5
6264 5
6265 5
6266 5
6267 5
6268 5
6269 5
6270 5
6271 5
6272 5
6273 5
6274 5
6275 5
6276 5
6277 5
6278 5
6279 5
6280 5
6281 5
6282 5
6283 5
6284 5
6285 5
6286 5
6287 5
6288 5
6289 5
6290 5
6291 5
6292 5
6293 5
6294 5
6295 5
6296 5
6297 5
6298 5
6299 5
6300 5
6301 5
6302 5
6303 5
6304 5
6305 5
6306 5
6307 5
6308 5
6309 5
6310 5
6311 5
6312 5
6313 5
6314 5
6315 5
6316 5
6317 5
6318 5
6319 5
6320 5
6321 5
6322 5
6323 5
6324 5
6325 5
6326 5
6327 5
6328 5
6329 5
6330 5
6331 5
6332 5
6333 5
6334 5
6335 5
6336 5
6337 5
6338 5
6339 5
6340 5
6341 5
6342 5
6343 5
6344 5
6345 5
6346 5
6347 5
6348 5
6349 5
6350 5
6351 5
6352 5
6353 5
6354 5
6355 5
6356 5
6357 5
6358 5
6359 5
6360 5
6361 5
6362 5
6363 5
6364 5
6365 5
6366 5
6367 5
6368 5
6369 5
6370 5
6371 5
6372 5
6373 5
6374 5
6375 5
6376 5
6377 5
6378 5
6379 5
6380 5
6381 5
6382 5
6383 5
6384 5
6385 5
6386 5
6387 5
6388 5
6389 5
6390 5
6391 5
6392 5
6393 5
6394 5
6395 5
6396 5
6397 5
6398 5
6399 5
6400 5
6401 5
6402 5
6403 5
6404 5
6405 5
6406 5
6407 5
6408 5
6409 5
6410 5
6411 5
6412 5
6413 5
6414 5
6415 5
6416 5
6417 5
6418 5
6419 5
6420 5
6421 5
6422 5
6423 5
6424 5
6425 5
6426 5
6427 5
6428 5
6429 5
6430 5
6431 5
6432 5
6433 5
6434 5
6435 5
6436 5
6437 5
6438 5
6439 5
6440 5
6441 5
6442 5
6443 5
6444 5
6445 5
6446 5
6447 5
6448 5
6449 5
6450 5
6451 5
6452 5
6453 5
6454 5
6455 5
6456 5
6457 5
6458 5
6459 5
6460 5
6461 5
6462 5
6463 5
6464 5
6465 5
6466 5
6467 5
6468 5
6469 5
6470 5
6471 5
6472 5
6473 5
6474 5
6475 5
6476 5
6477 5
6478 5
6479 5
6480 5
6481 5
6482 5
6483 5
6484 5
6485 5
6486 5
6487 5
6488 5
6489 5
6490 5
6491 5
6492 5
6493 5
6494 5
6495 5
6496 5
6497 5
6498 5
6499 5
6500 5
6501 5
6502 5
6503 5
6504 5
6505 5
6506 5
6507 5
6508 5
6509 5
6510 5
6511 5
6512 5
6513 5
6514 5
6515 5
6516 5
6517 5
6518 5
6519 5
6520 5
6521 5
6522 5
6523 5
6524 5
6525 5
6526 5
6527 5
6528 5
6529 5
6530 5
6531 5
6532 5
6533 5
6534 5
6535 5
6536 5
6537 5
6538 5
6539 5
6540 5
6541 5
6542 5
6543 5
6544 5
6545 5
6546 5
6547 5
6548 5
6549 5
6550 5
6551 5
6552 5
6553 5
6554 5
6555 5
6556 5
6557 5
6558 5
6559 5
6560 5
6561 5
6562 5
6563 5
6564 5
6565 5
6566 5
6567 5
6568 5
6569 5
6570 5
6571 5
6572 5
6573 5
6574 5
6575 5
6576 5
6577 5
6578 5
6579 5
6580 5
6581 5
6582 5
6583 5
6584 5
6585 5
6586 5
6587 5
6588 5
6589 5
6590 5
6591 5
6592 5
6593 5
6594 5
6595 5
6596 5
6597 5
6598 5
6599 5
6600 5
6601 5
6602 5
6603 5
6604 5
6605 5
6606 5
6607 5
6608 5
6609 5
6610 5
6611 5
6612 5
6613 5
6614 5
6615 5
6616 5
6617 5
6618 5
6619 5
6620 5
6621 5
6622 5
6623 5
6624 5
6625 5
6626 5
6627 5
6628 5
6629 5
6630 5
6631 5
6632 5
6633 5
6634 5
6635 5
6636 5
6637 5
6638 5
6639 5
6640 5
6641 5
6642 5
6643 5
6644 5
6645 5
6646 5
6647 5
6648 5
6649 5
6650 5
6651 5
6652 5
6653 5
6654 5
6655 5
6656 5
6657 5
6658 5
6659 5
6660 5
6661 5
6662 5
6663 5
6664 5
6665 5
6666 5
6667 5
6668 5
6669 5
6670 5
6671 5
6672 5
6673 5
6674 5
6675 5
6676 5
6677 5
6678 5
6679 5
6680 5
6681 5
6682 5
6683 5
6684 5
6685 5
6686 5
6687 5
6688 5
6689 5
6690 5
6691 5
6692 5
6693 5
6694 5
6695 5
6696 5
6697 5
6698 5
6699 5
6700 5
6701 5
6702 5
6703 5
6704 5
6705 5
6706 5
6707 5
6708 5
6709 5
6710 5
6711 5
6712 5
6713 5
6714 5
6715 5
6716 5
6717 5
6718 5
6719 5
6720 5
6721 5
6722 5
6723 5
6724 5
6725 5
6726 5
6727 5
6728 5
6729 5
6730 5
6731 5
6732 5
6733 5
6734 5
6735 5
6736 5
6737 5
6738 5
6739 5
6740 5
6741 5
6742 5
6743 5
6744 5
6745 5
6746 5
6747 5
6748 5
6749 5
6750 5
6751 5
6752 5
6753 5
6754 5
6755 5
6756 5
6757 5
6758 5
6759 5
6760 5
6761 5
6762 5
6763 5
6764 5
6765 5
6766 5
6767 5
6768 5
6769 5
6770 5
6771 5
6772 5
6773 5
6774 5
6775 5
6776 5
6777 5
6778 5
6779 5
6780 5
6781 5
6782 5
6783 5
6784 5
6785 5
6786 5
6787 5
6788 5
6789 5
6790 5
6791 5
6792 5
6793 5
6794 5
6795 5
6796 5
6797 5
6798 5
6799 5
6800 5
6801 5
6802 5
6803 5
6804 5
6805 5
6806 5
6807 5
6808 5
6809 5
6810 5
6811 5
6812 5
6813 5
6814 5
6815 5
6816 5
6817 5
6818 5
6819 5
6820 5
6821 5
6822 5
6823 5
6824 5
6825 5
6826 5
6827 5
6828 5
6829 5
6830 5
6831 5
6832 5
6833 5
6834 5
6835 5
6836 5
6837 5
6838 5
6839 5
6840 5
6841 5
6842 5
6843 5
6844 5
6845 5
6846 5
6847 5
6848 5
6849 5
6850 5
6851 5
6852 5
6853 5
6854 5
6855 5
6856 5
6857 5
6858 5
6859 5
6860 5
6861 5
6862 5
6863 5
6864 5
6865 5
6866 5
6867 5
6868 5
6869 5
6870 5
6871 5
6872 5
6873 5
6874 5
6875 5
6876 5
6877 5
6878 5
6879 5
6880 5
6881 5
6882 5
6883 5
6884 5
6885 5
6886 5
6887 5
6888 5
6889 5
6890 5
6891 5
6892 5
6893 5
6894 5
6895 5
6896 5
6897 5
6898 5
6899 5
6900 5
6901 5
6902 5
6903 5
6904 5
6905 5
6906 5
6907 5
6908 5
6909 5
6910 5
6911 5
6912 5
6913 5
6914 5
6915 5
6916 5
6917 5
6918 5
6919 5
6920 5
6921 5
6922 5
6923 5
6924 5
6925 5
6926 5
6927 5
6928 5
6929 5
6930 5
6931 5
6932 5
6933 5
6934 5
6935 5
6936 5
6937 5
6938 5
6939 5
6940 5
6941 5
6942 5
6943 5
6944 5
6945 5
6946 5
6947 5
6948 5
6949 5
6950 5
6951 5
6952 5
6953 5
6954 5
6955 5
6956 5
6957 5
6958 5
6959 5
6960 5
6961 5
6962 5
6963 5
6964 5
6965 5
6966 5
6967 5
6968 5
6969 5
6970 5
6971 5
6972 5
6973 5
6974 5
6975 5
6976 5
6977 5
6978 5
6979 5
6980 5
6981 5
6982 5
6983 5
6984 5
6985 5
6986 5
6987 5
6988 5
6989 5
6990 5
6991 5
6992 5
6993 5
6994 5
6995 5
6996 5
6997 5
6998 5
6999 5
7000 5
7001 5
7002 5
7003 5
7004 5
7005 5
7006 5
7007 5
7008 5
7009 5
7010 5
7011 5
7012 5
7013 5
7014 5
7015 5
7016 5
7017 5
7018 5
7019 5
7020 5
7021 5
7022 5
7023 5
7024 5
7025 5
7026 5
7027 5
7028 5
7029 5
7030 5
7031 5
7032 5
7033 5
7034 5
7035 5
7036 5
7037 5
7038 5
7039 5
7040 5
7041 5
7042 5
7043 5
7044 5
7045 5
7046 5
7047 5
7048 5
7049 5
7050 5
7051 5
7052 5
7053 5
7054 5
7055 5
7056 6
7057 6
7058 6
7059 6
7060 6
7061 6
7062 6
7063 6
7064 6
7065 6
7066 6
7067 6
7068 6
7069 6
7070 6
7071 6
7072 6
7073 6
7074 6
7075 6
7076 6
7077 6
7078 6
7079 6
7080 6
7081 6
7082 6
7083 6
7084 6
7085 6
7086 6
7087 6
7088 6
7089 6
7090 6
7091 6
7092 6
7093 6
7094 6
7095 6
7096 6
7097 6
7098 6
7099 6
7100 6
7101 6
7102 6
7103 6
7104 6
7105 6
7106 6
7107 6
7108 6
7109 6
7110 6
7111 6
7112 6
7113 6
7114 6
7115 6
7116 6
7117 6
7118 6
7119 6
7120 6
7121 6
7122 6
7123 6
7124 6
7125 6
7126 6
7127 6
7128 6
7129 6
7130 6
7131 6
7132 6
7133 6
7134 6
7135 6
7136 6
7137 6
7138 6
7139 6
7140 6
7141 6
7142 6
7143 6
7144 6
7145 6
7146 6
7147 6
7148 6
7149 6
7150 6
7151 6
7152 6
7153 6
7154 6
7155 6
7156 6
7157 6
7158 6
7159 6
7160 6
7161 6
7162 6
7163 6
7164 6
7165 6
7166 6
7167 6
7168 6
7169 6
7170 6
7171 6
7172 6
7173 6
7174 6
7175 6
7176 6
7177 6
7178 6
7179 6
7180 6
7181 6
7182 6
7183 6
7184 6
7185 6
7186 6
7187 6
7188 6
7189 6
7190 6
7191 6
7192 6
7193 6
7194 6
7195 6
7196 6
7197 6
7198 6
7199 6
7200 6
7201 6
7202 6
7203 6
7204 6
7205 6
7206 6
7207 6
7208 6
7209 6
7210 6
7211 6
7212 6
7213 6
7214 6
7215 6
7216 6
7217 6
7218 6
7219 6
7220 6
7221 6
7222 6
7223 6
7224 6
7225 6
7226 6
7227 6
7228 6
7229 6
7230 6
7231 6
7232 6
7233 6
7234 6
7235 6
7236 6
7237 6
7238 6
7239 6
7240 6
7241 6
7242 6
7243 6
7244 6
7245 6
7246 6
7247 6
7248 6
7249 6
7250 6
7251 6
7252 6
7253 6
7254 6
7255 6
7256 6
7257 6
7258 6
7259 6
7260 6
7261 6
7262 6
7263 6
7264 6
7265 6
7266 6
7267 6
7268 6
7269 6
7270 6
7271 6
7272 6
7273 6
7274 6
7275 6
7276 6
7277 6
7278 6
7279 6
7280 6
7281 6
7282 6
7283 6
7284 6
7285 6
7286 6
7287 6
7288 6
7289 6
7290 6
7291 6
7292 6
7293 6
7294 6
7295 6
7296 6
7297 6
7298 6
7299 6
7300 6
7301 6
7302 6
7303 6
7304 6
7305 6
7306 6
7307 6
7308 6
7309 6
7310 6
7311 6
7312 6
7313 6
7314 6
7315 6
7316 6
7317 6
7318 6
7319 6
7320 6
7321 6
7322 6
7323 6
7324 6
7325 6
7326 6
7327 6
7328 6
7329 6
7330 6
7331 6
7332 6
7333 6
7334 6
7335 6
7336 6
7337 6
7338 6
7339 6
7340 6
7341 6
7342 6
7343 6
7344 6
7345 6
7346 6
7347 6
7348 6
7349 6
7350 6
7351 6
7352 6
7353 6
7354 6
7355 6
7356 6
7357 6
7358 6
7359 6
7360 6
7361 6
7362 6
7363 6
7364 6
7365 6
7366 6
7367 6
7368 6
7369 6
7370 6
7371 6
7372 6
7373 6
7374 6
7375 6
7376 6
7377 6
7378 6
7379 6
7380 6
7381 6
7382 6
7383 6
7384 6
7385 6
7386 6
7387 6
7388 6
7389 6
7390 6
7391 6
7392 6
7393 6
7394 6
7395 6
7396 6
7397 6
7398 6
7399 6
7400 6
7401 6
7402 6
7403 6
7404 6
7405 6
7406 6
7407 6
7408 6
7409 6
7410 6
7411 6
7412 6
7413 6
7414 6
7415 6
7416 6
7417 6
7418 6
7419 6
7420 6
7421 6
7422 6
7423 6
7424 6
7425 6
7426 6
7427 6
7428 6
7429 6
7430 6
7431 6
7432 6
7433 6
7434 6
7435 6
7436 6
7437 6
7438 6
7439 6
7440 6
7441 6
7442 6
7443 6
7444 6
7445 6
7446 6
7447 6
7448 6
7449 6
7450 6
7451 6
7452 6
7453 6
7454 6
7455 6
7456 6
7457 6
7458 6
7459 6
7460 6
7461 6
7462 6
7463 6
7464 6
7465 6
7466 6
7467 6
7468 6
7469 6
7470 6
7471 6
7472 6
7473 6
7474 6
7475 6
7476 6
7477 6
7478 6
7479 6
7480 6
7481 6
7482 6
7483 6
7484 6
7485 6
7486 6
7487 6
7488 6
7489 6
7490 6
7491 6
7492 6
7493 6
7494 6
7495 6
7496 6
7497 6
7498 6
7499 6
7500 6
7501 6
7502 6
7503 6
7504 6
7505 6
7506 6
7507 6
7508 6
7509 6
7510 6
7511 6
7512 6
7513 6
7514 6
7515 6
7516 6
7517 6
7518 6
7519 6
7520 6
7521 6
7522 6
7523 6
7524 6
7525 6
7526 6
7527 6
7528 6
7529 6
7530 6
7531 6
7532 6
7533 6
7534 6
7535 6
7536 6
7537 6
7538 6
7539 6
7540 6
7541 6
7542 6
7543 6
7544 6
7545 6
7546 6
7547 6
7548 6
7549 6
7550 6
7551 6
7552 6
7553 6
7554 6
7555 6
7556 6
7557 6
7558 6
7559 6
7560 6
7561 6
7562 6
7563 6
7564 6
7565 6
7566 6
7567 6
7568 6
7569 6
7570 6
7571 6
7572 6
7573 6
7574 6
7575 6
7576 6
7577 6
7578 6
7579 6
7580 6
7581 6
7582 6
7583 6
7584 6
7585 6
7586 6
7587 6
7588 6
7589 6
7590 6
7591 6
7592 6
7593 6
7594 6
7595 6
7596 6
7597 6
7598 6
7599 6
7600 6
7601 6
7602 6
7603 6
7604 6
7605 6
7606 6
7607 6
7608 6
7609 6
7610 6
7611 6
7612 6
7613 6
7614 6
7615 6
7616 6
7617 6
7618 6
7619 6
7620 6
7621 6
7622 6
7623 6
7624 6
7625 6
7626 6
7627 6
7628 6
7629 6
7630 6
7631 6
7632 6
7633 6
7634 6
7635 6
7636 6
7637 6
7638 6
7639 6
7640 6
7641 6
7642 6
7643 6
7644 6
7645 6
7646 6
7647 6
7648 6
7649 6
7650 6
7651 6
7652 6
7653 6
7654 6
7655 6
7656 6
7657 6
7658 6
7659 6
7660 6
7661 6
7662 6
7663 6
7664 6
7665 6
7666 6
7667 6
7668 6
7669 6
7670 6
7671 6
7672 6
7673 6
7674 6
7675 6
7676 6
7677 6
7678 6
7679 6
7680 6
7681 6
7682 6
7683 6
7684 6
7685 6
7686 6
7687 6
7688 6
7689 6
7690 6
7691 6
7692 6
7693 6
7694 6
7695 6
7696 6
7697 6
7698 6
7699 6
7700 6
7701 6
7702 6
7703 6
7704 6
7705 6
7706 6
7707 6
7708 6
7709 6
7710 6
7711 6
7712 6
7713 6
7714 6
7715 6
7716 6
7717 6
7718 6
7719 6
7720 6
7721 6
7722 6
7723 6
7724 6
7725 6
7726 6
7727 6
7728 6
7729 6
7730 6
7731 6
7732 6
7733 6
7734 6
7735 6
7736 6
7737 6
7738 6
7739 6
7740 6
7741 6
7742 6
7743 6
7744 6
7745 6
7746 6
7747 6
7748 6
7749 6
7750 6
7751 6
7752 6
7753 6
7754 6
7755 6
7756 6
7757 6
7758 6
7759 6
7760 6
7761 6
7762 6
7763 6
7764 6
7765 6
7766 6
7767 6
7768 6
7769 6
7770 6
7771 6
7772 6
7773 6
7774 6
7775 6
7776 6
7777 6
7778 6
7779 6
7780 6
7781 6
7782 6
7783 6
7784 6
7785 6
7786 6
7787 6
7788 6
7789 6
7790 6
7791 6
7792 6
7793 6
7794 6
7795 6
7796 6
7797 6
7798 6
7799 6
7800 6
7801 6
7802 6
7803 6
7804 6
7805 6
7806 6
7807 6
7808 6
7809 6
7810 6
7811 6
7812 6
7813 6
7814 6
7815 6
7816 6
7817 6
7818 6
7819 6
7820 6
7821 6
7822 6
7823 6
7824 6
7825 6
7826 6
7827 6
7828 6
7829 6
7830 6
7831 6
7832 6
7833 6
7834 6
7835 6
7836 6
7837 6
7838 6
7839 6
7840 6
7841 6
7842 6
7843 6
7844 6
7845 6
7846 6
7847 6
7848 6
7849 6
7850 6
7851 6
7852 6
7853 6
7854 6
7855 6
7856 6
7857 6
7858 6
7859 6
7860 6
7861 6
7862 6
7863 6
7864 6
7865 6
7866 6
7867 6
7868 6
7869 6
7870 6
7871 6
7872 6
7873 6
7874 6
7875 6
7876 6
7877 6
7878 6
7879 6
7880 6
7881 6
7882 6
7883 6
7884 6
7885 6
7886 6
7887 6
7888 6
7889 6
7890 6
7891 6
7892 6
7893 6
7894 6
7895 6
7896 6
7897 6
7898 6
7899 6
7900 6
7901 6
7902 6
7903 6
7904 6
7905 6
7906 6
7907 6
7908 6
7909 6
7910 6
7911 6
7912 6
7913 6
7914 6
7915 6
7916 6
7917 6
7918 6
7919 6
7920 6
7921 6
7922 6
7923 6
7924 6
7925 6
7926 6
7927 6
7928 6
7929 6
7930 6
7931 6
7932 6
7933 6
7934 6
7935 6
7936 6
7937 6
7938 6
7939 6
7940 6
7941 6
7942 6
7943 6
7944 6
7945 6
7946 6
7947 6
7948 6
7949 6
7950 6
7951 6
7952 6
7953 6
7954 6
7955 6
7956 6
7957 6
7958 6
7959 6
7960 6
7961 6
7962 6
7963 6
7964 6
7965 6
7966 6
7967 6
7968 6
7969 6
7970 6
7971 6
7972 6
7973 6
7974 6
7975 6
7976 6
7977 6
7978 6
7979 6
7980 6
7981 6
7982 6
7983 6
7984 6
7985 6
7986 6
7987 6
7988 6
7989 6
7990 6
7991 6
7992 6
7993 6
7994 6
7995 6
7996 6
7997 6
7998 6
7999 6
8000 6
8001 6
8002 6
8003 6
8004 6
8005 6
8006 6
8007 6
8008 6
8009 6
8010 6
8011 6
8012 6
8013 6
8014 6
8015 6
8016 6
8017 6
8018 6
8019 6
8020 6
8021 6
8022 6
8023 6
8024 6
8025 6
8026 6
8027 6
8028 6
8029 6
8030 6
8031 6
8032 6
8033 6
8034 6
8035 6
8036 6
8037 6
8038 6
8039 6
8040 6
8041 6
8042 6
8043 6
8044 6
8045 6
8046 6
8047 6
8048 6
8049 6
8050 6
8051 6
8052 6
8053 6
8054 6
8055 6
8056 6
8057 6
8058 6
8059 6
8060 6
8061 6
8062 6
8063 6
8064 6
8065 6
8066 6
8067 6
8068 6
8069 6
8070 6
8071 6
8072 6
8073 6
8074 6
8075 6
8076 6
8077 6
8078 6
8079 6
8080 6
8081 6
8082 6
8083 6
8084 6
8085 6
8086 6
8087 6
8088 6
8089 6
8090 6
8091 6
8092 6
8093 6
8094 6
8095 6
8096 6
8097 6
8098 6
8099 6
8100 6
8101 6
8102 6
8103 6
8104 6
8105 6
8106 6
8107 6
8108 6
8109 6
8110 6
8111 6
8112 6
8113 6
8114 6
8115 6
8116 6
8117 6
8118 6
8119 6
8120 6
8121 6
8122 6
8123 6
8124 6
8125 6
8126 6
8127 6
8128 6
8129 6
8130 6
8131 6
8132 6
8133 6
8134 6
8135 6
8136 6
8137 6
8138 6
8139 6
8140 6
8141 6
8142 6
8143 6
8144 6
8145 6
8146 6
8147 6
8148 6
8149 6
8150 6
8151 6
8152 6
8153 6
8154 6
8155 6
8156 6
8157 6
8158 6
8159 6
8160 6
8161 6
8162 6
8163 6
8164 6
8165 6
8166 6
8167 6
8168 6
8169 6
8170 6
8171 6
8172 6
8173 6
8174 6
8175 6
8176 6
8177 6
8178 6
8179 6
8180 6
8181 6
8182 6
8183 6
8184 6
8185 6
8186 6
8187 6
8188 6
8189 6
8190 6
8191 6
8192 6
8193 6
8194 6
8195 6
8196 6
8197 6
8198 6
8199 6
8200 6
8201 6
8202 6
8203 6
8204 6
8205 6
8206 6
8207 6
8208 6
8209 6
8210 6
8211 6
8212 6
8213 6
8214 6
8215 6
8216 6
8217 6
8218 6
8219 6
8220 6
8221 6
8222 6
8223 6
8224 6
8225 6
8226 6
8227 6
8228 6
8229 6
8230 6
8231 6
8232 6
8233 6
8234 6
8235 6
8236 6
8237 6
8238 6
8239 6
8240 6
8241 6
8242 6
8243 6
8244 6
8245 6
8246 6
8247 6
8248 6
8249 6
8250 6
8251 6
8252 6
8253 6
8254 6
8255 6
8256 6
8257 6
8258 6
8259 6
8260 6
8261 6
8262 6
8263 6
8264 6
8265 6
8266 6
8267 6
8268 6
8269 6
8270 6
8271 6
8272 6
8273 6
8274 6
8275 6
8276 6
8277 6
8278 6
8279 6
8280 6
8281 6
8282 6
8283 6
8284 6
8285 6
8286 6
8287 6
8288 6
8289 6
8290 6
8291 6
8292 6
8293 6
8294 6
8295 6
8296 6
8297 6
8298 6
8299 6
8300 6
8301 6
8302 6
8303 6
8304 6
8305 6
8306 6
8307 6
8308 6
8309 6
8310 6
8311 6
8312 6
8313 6
8314 6
8315 6
8316 6
8317 6
8318 6
8319 6
8320 6
8321 6
8322 6
8323 6
8324 6
8325 6
8326 6
8327 6
8328 6
8329 6
8330 6
8331 6
8332 6
8333 6
8334 6
8335 6
8336 6
8337 6
8338 6
8339 6
8340 6
8341 6
8342 6
8343 6
8344 6
8345 6
8346 6
8347 6
8348 6
8349 6
8350 6
8351 6
8352 6
8353 6
8354 6
8355 6
8356 6
8357 6
8358 6
8359 6
8360 6
8361 6
8362 6
8363 6
8364 6
8365 6
8366 6
8367 6
8368 6
8369 6
8370 6
8371 6
8372 6
8373 6
8374 6
8375 6
8376 6
8377 6
8378 6
8379 6
8380 6
8381 6
8382 6
8383 6
8384 6
8385 6
8386 6
8387 6
8388 6
8389 6
8390 6
8391 6
8392 6
8393 6
8394 6
8395 6
8396 6
8397 6
8398 6
8399 6
8400 6
8401 6
8402 6
8403 6
8404 6
8405 6
8406 6
8407 6
8408 6
8409 6
8410 6
8411 6
8412 6
8413 6
8414 6
8415 6
8416 6
8417 6
8418 6
8419 6
8420 6
8421 6
8422 6
8423 6
8424 6
8425 6
8426 6
8427 6
8428 6
8429 6
8430 6
8431 6
8432 6
8433 6
8434 6
8435 6
8436 6
8437 6
8438 6
8439 6
8440 6
8441 6
8442 6
8443 6
8444 6
8445 6
8446 6
8447 6
8448 6
8449 6
8450 6
8451 6
8452 6
8453 6
8454 6
8455 6
8456 6
8457 6
8458 6
8459 6
8460 6
8461 6
8462 6
8463 6
8464 6
8465 6
8466 6
8467 6
8468 6
8469 6
8470 6
8471 6
8472 6
8473 6
8474 6
8475 6
8476 6
8477 6
8478 6
8479 6
8480 6
8481 6
8482 6
8483 6
8484 6
8485 6
8486 6
8487 6
8488 6
8489 6
8490 6
8491 6
8492 6
8493 6
8494 6
8495 6
8496 6
8497 6
8498 6
8499 6
8500 6
8501 6
8502 6
8503 6
8504 6
8505 6
8506 6
8507 6
8508 6
8509 6
8510 6
8511 6
8512 6
8513 6
8514 6
8515 6
8516 6
8517 6
8518 6
8519 6
8520 6
8521 6
8522 6
8523 6
8524 6
8525 6
8526 6
8527 6
8528 6
8529 6
8530 6
8531 6
8532 6
8533 6
8534 6
8535 6
8536 6
8537 6
8538 6
8539 6
8540 6
8541 6
8542 6
8543 6
8544 6
8545 6
8546 6
8547 6
8548 6
8549 6
8550 6
8551 6
8552 6
8553 6
8554 6
8555 6
8556 6
8557 6
8558 6
8559 6
8560 6
8561 6
8562 6
8563 6
8564 6
8565 6
8566 6
8567 6
8568 6
8569 6
8570 6
8571 6
8572 6
8573 6
8574 6
8575 6
8576 6
8577 6
8578 6
8579 6
8580 6
8581 6
8582 6
8583 6
8584 6
8585 6
8586 6
8587 6
8588 6
8589 6
8590 6
8591 6
8592 6
8593 6
8594 6
8595 6
8596 6
8597 6
8598 6
8599 6
8600 6
8601 6
8602 6
8603 6
8604 6
8605 6
8606 6
8607 6
8608 6
8609 6
8610 6
8611 6
8612 6
8613 6
8614 6
8615 6
8616 6
8617 6
8618 6
8619 6
8620 6
8621 6
8622 6
8623 6
8624 6
8625 6
8626 6
8627 6
8628 6
8629 6
8630 6
8631 6
8632 6
8633 6
8634 6
8635 6
8636 6
8637 6
8638 6
8639 6
8640 6
8641 6
8642 6
8643 6
8644 6
8645 6
8646 6
8647 6
8648 6
8649 6
8650 6
8651 6
8652 6
8653 6
8654 6
8655 6
8656 6
8657 6
8658 6
8659 6
8660 6
8661 6
8662 6
8663 6
8664 6
8665 6
8666 6
8667 6
8668 6
8669 6
8670 6
8671 6
8672 6
8673 6
8674 6
8675 6
8676 6
8677 6
8678 6
8679 6
8680 6
8681 6
8682 6
8683 6
8684 6
8685 6
8686 6
8687 6
8688 6
8689 6
8690 6
8691 6
8692 6
8693 6
8694 6
8695 6
8696 6
8697 6
8698 6
8699 6
8700 6
8701 6
8702 6
8703 6
8704 6
8705 6
8706 6
8707 6
8708 6
8709 6
8710 6
8711 6
8712 6
8713 6
8714 6
8715 6
8716 6
8717 6
8718 6
8719 6
8720 6
8721 6
8722 6
8723 6
8724 6
8725 6
8726 6
8727 6
8728 6
8729 6
8730 6
8731 6
8732 6
8733 6
8734 6
8735 6
8736 6
8737 6
8738 6
8739 6
8740 6
8741 6
8742 6
8743 6
8744 6
8745 6
8746 6
8747 6
8748 6
8749 6
8750 6
8751 6
8752 6
8753 6
8754 6
8755 6
8756 6
8757 6
8758 6
8759 6
8760 6
8761 6
8762 6
8763 6
8764 6
8765 6
8766 6
8767 6
8768 6
8769 6
8770 6
8771 6
8772 6
8773 6
8774 6
8775 6
8776 6
8777 6
8778 6
8779 6
8780 6
8781 6
8782 6
8783 6
8784 6
8785 6
8786 6
8787 6
8788 6
8789 6
8790 6
8791 7
8792 7
8793 7
8794 7
8795 7
8796 7
8797 7
8798 7
8799 7
8800 7
8801 7
8802 7
8803 7
8804 7
8805 7
8806 7
8807 7
8808 7
8809 7
8810 7
8811 7
8812 7
8813 7
8814 7
8815 7
8816 7
8817 7
8818 7
8819 7
8820 7
8821 7
8822 7
8823 7
8824 7
8825 7
8826 7
8827 7
8828 7
8829 7
8830 7
8831 7
8832 7
8833 7
8834 7
8835 7
8836 7
8837 7
8838 7
8839 7
8840 7
8841 7
8842 7
8843 7
8844 7
8845 7
8846 7
8847 7
8848 7
8849 7
8850 7
8851 7
8852 7
8853 7
8854 7
8855 7
8856 7
8857 7
8858 7
8859 7
8860 7
8861 7
8862 7
8863 7
8864 7
8865 7
8866 7
8867 7
8868 7
8869 7
8870 7
8871 7
8872 7
8873 7
8874 7
8875 7
8876 7
8877 7
8878 7
8879 7
8880 7
8881 7
8882 7
8883 7
8884 7
8885 7
8886 7
8887 7
8888 7
8889 7
8890 7
8891 7
8892 7
8893 7
8894 7
8895 7
8896 7
8897 7
8898 7
8899 7
8900 7
8901 7
8902 7
8903 7
8904 7
8905 7
8906 7
8907 7
8908 7
8909 7
8910 7
8911 7
8912 7
8913 7
8914 7
8915 7
8916 7
8917 7
8918 7
8919 7
8920 7
8921 7
8922 7
8923 7
8924 7
8925 7
8926 7
8927 7
8928 7
8929 7
8930 7
8931 7
8932 7
8933 7
8934 7
8935 7
8936 7
8937 7
8938 7
8939 7
8940 7
8941 7
8942 7
8943 7
8944 7
8945 7
8946 7
8947 7
8948 7
8949 7
8950 7
8951 7
8952 7
8953 7
8954 7
8955 7
8956 7
8957 7
8958 7
8959 7
8960 7
8961 7
8962 7
8963 7
8964 7
8965 7
8966 7
8967 7
8968 7
8969 7
8970 7
8971 7
8972 7
8973 7
8974 7
8975 7
8976 7
8977 7
8978 7
8979 7
8980 7
8981 7
8982 7
8983 7
8984 7
8985 7
8986 7
8987 7
8988 7
8989 7
8990 7
8991 7
8992 7
8993 7
8994 7
8995 7
8996 7
8997 7
8998 7
8999 7
9000 7
9001 7
9002 7
9003 7
9004 7
9005 7
9006 7
9007 7
9008 7
9009 7
9010 7
9011 7
9012 7
9013 7
9014 7
9015 7
9016 7
9017 7
9018 7
9019 7
9020 7
9021 7
9022 7
9023 7
9024 7
9025 7
9026 7
9027 7
9028 7
9029 7
9030 7
9031 7
9032 7
9033 7
9034 7
9035 7
9036 7
9037 7
9038 7
9039 7
9040 7
9041 7
9042 7
9043 7
9044 7
9045 7
9046 7
9047 7
9048 7
9049 7
9050 7
9051 7
9052 7
9053 7
9054 7
9055 7
9056 7
9057 7
9058 7
9059 7
9060 7
9061 7
9062 7
9063 7
9064 7
9065 7
9066 7
9067 7
9068 7
9069 7
9070 7
9071 7
9072 7
9073 7
9074 7
9075 7
9076 7
9077 7
9078 7
9079 7
9080 7
9081 7
9082 7
9083 7
9084 7
9085 7
9086 7
9087 7
9088 7
9089 7
9090 7
9091 7
9092 7
9093 7
9094 7
9095 7
9096 7
9097 7
9098 7
9099 7
9100 7
9101 7
9102 7
9103 7
9104 7
9105 7
9106 7
9107 7
9108 7
9109 7
9110 7
9111 7
9112 7
9113 7
9114 7
9115 7
9116 7
9117 7
9118 7
9119 7
9120 7
9121 7
9122 7
9123 7
9124 7
9125 7
9126 7
9127 7
9128 7
9129 7
9130 7
9131 7
9132 7
9133 7
9134 7
9135 7
9136 7
9137 7
9138 7
9139 7
9140 7
9141 7
9142 7
9143 7
9144 7
9145 7
9146 7
9147 7
9148 7
9149 7
9150 7
9151 7
9152 7
9153 7
9154 7
9155 7
9156 7
9157 7
9158 7
9159 7
9160 7
9161 7
9162 7
9163 7
9164 7
9165 7
9166 7
9167 7
9168 7
9169 7
9170 7
9171 7
9172 7
9173 7
9174 7
9175 7
9176 7
9177 7
9178 7
9179 7
9180 7
9181 7
9182 7
9183 7
9184 7
9185 7
9186 7
9187 7
9188 7
9189 7
9190 7
9191 7
9192 7
9193 7
9194 7
9195 7
9196 7
9197 7
9198 7
9199 7
9200 7
9201 7
9202 7
9203 7
9204 7
9205 7
9206 7
9207 7
9208 7
9209 7
9210 7
9211 7
9212 7
9213 7
9214 7
9215 7
9216 7
9217 7
9218 7
9219 7
9220 7
9221 7
9222 7
9223 7
9224 7
9225 7
9226 7
9227 7
9228 7
9229 7
9230 7
9231 7
9232 7
9233 7
9234 7
9235 7
9236 7
9237 7
9238 7
9239 7
9240 7
9241 7
9242 7
9243 7
9244 7
9245 7
9246 7
9247 7
9248 7
9249 7
9250 7
9251 7
9252 7
9253 7
9254 7
9255 7
9256 7
9257 7
9258 7
9259 7
9260 7
9261 7
9262 7
9263 7
9264 7
9265 7
9266 7
9267 7
9268 7
9269 7
9270 7
9271 7
9272 7
9273 7
9274 7
9275 7
9276 7
9277 7
9278 7
9279 7
9280 7
9281 7
9282 7
9283 7
9284 7
9285 7
9286 7
9287 7
9288 7
9289 7
9290 7
9291 7
9292 7
9293 7
9294 7
9295 7
9296 7
9297 7
9298 7
9299 7
9300 7
9301 7
9302 7
9303 7
9304 7
9305 7
9306 7
9307 7
9308 7
9309 7
9310 7
9311 7
9312 7
9313 7
9314 7
9315 7
9316 7
9317 7
9318 7
9319 7
9320 7
9321 7
9322 7
9323 7
9324 7
9325 7
9326 7
9327 7
9328 7
9329 7
9330 7
9331 7
9332 7
9333 7
9334 7
9335 7
9336 7
9337 7
9338 7
9339 7
9340 7
9341 7
9342 7
9343 7
9344 7
9345 7
9346 7
9347 7
9348 7
9349 7
9350 7
9351 7
9352 7
9353 7
9354 7
9355 7
9356 7
9357 7
9358 7
9359 7
9360 7
9361 7
9362 7
9363 7
9364 7
9365 7
9366 7
9367 7
9368 7
9369 7
9370 7
9371 7
9372 7
9373 7
9374 7
9375 7
9376 7
9377 7
9378 7
9379 7
9380 7
9381 7
9382 7
9383 7
9384 7
9385 7
9386 7
9387 7
9388 7
9389 7
9390 7
9391 7
9392 7
9393 7
9394 7
9395 7
9396 7
9397 7
9398 7
9399 7
9400 7
9401 7
9402 7
9403 7
9404 7
9405 7
9406 7
9407 7
9408 7
9409 7
9410 7
9411 7
9412 7
9413 7
9414 7
9415 7
9416 7
9417 7
9418 7
9419 7
9420 7
9421 7
9422 7
9423 7
9424 7
9425 7
9426 7
9427 7
9428 7
9429 7
9430 7
9431 7
9432 7
9433 7
9434 7
9435 7
9436 7
9437 7
9438 7
9439 7
9440 7
9441 7
9442 7
9443 7
9444 7
9445 7
9446 7
9447 7
9448 7
9449 7
9450 7
9451 7
9452 7
9453 7
9454 7
9455 7
9456 7
9457 7
9458 7
9459 7
9460 7
9461 7
9462 7
9463 7
9464 7
9465 7
9466 7
9467 7
9468 7
9469 7
9470 7
9471 7
9472 7
9473 7
9474 7
9475 7
9476 7
9477 7
9478 7
9479 7
9480 7
9481 7
9482 7
9483 7
9484 7
9485 7
9486 7
9487 7
9488 7
9489 7
9490 7
9491 7
9492 7
9493 7
9494 7
9495 7
9496 7
9497 7
9498 7
9499 7
9500 7
9501 7
9502 7
9503 7
9504 7
9505 7
9506 7
9507 7
9508 7
9509 7
9510 7
9511 7
9512 7
9513 7
9514 7
9515 7
9516 7
9517 7
9518 7
9519 7
9520 7
9521 7
9522 7
9523 7
9524 7
9525 7
9526 7
9527 7
9528 7
9529 7
9530 7
9531 7
9532 7
9533 7
9534 7
9535 7
9536 7
9537 7
9538 7
9539 7
9540 7
9541 7
9542 7
9543 7
9544 7
9545 7
9546 7
9547 7
9548 7
9549 7
9550 7
9551 7
9552 7
9553 7
9554 7
9555 7
9556 7
9557 7
9558 7
9559 7
9560 7
9561 7
9562 7
9563 7
9564 7
9565 7
9566 7
9567 7
9568 7
9569 7
9570 7
9571 7
9572 7
9573 7
9574 7
9575 7
9576 7
9577 7
9578 7
9579 7
9580 7
9581 7
9582 7
9583 7
9584 7
9585 7
9586 7
9587 7
9588 7
9589 7
9590 7
9591 7
9592 7
9593 7
9594 7
9595 7
9596 7
9597 7
9598 7
9599 7
9600 7
9601 7
9602 7
9603 7
9604 7
9605 7
9606 7
9607 7
9608 7
9609 7
9610 7
9611 7
9612 7
9613 7
9614 7
9615 7
9616 7
9617 7
9618 7
9619 7
9620 7
9621 7
9622 7
9623 7
9624 7
9625 7
9626 7
9627 7
9628 7
9629 7
9630 7
9631 7
9632 7
9633 8
9634 8
9635 8
9636 8
9637 8
9638 8
9639 8
9640 8
9641 8
9642 8
9643 8
9644 8
9645 8
9646 8
9647 8
9648 8
9649 8
9650 8
9651 8
9652 8
9653 8
9654 8
9655 8
9656 8
9657 8
9658 8
9659 8
9660 8
9661 8
9662 8
9663 8
9664 8
9665 8
9666 8
9667 8
9668 8
9669 8
9670 8
9671 8
9672 8
9673 8
9674 8
9675 8
9676 8
9677 8
9678 8
9679 8
9680 8
9681 8
9682 8
9683 8
9684 8
9685 8
9686 8
9687 8
9688 8
9689 8
9690 8
9691 8
9692 8
9693 8
9694 8
9695 8
9696 8
9697 8
9698 8
9699 8
9700 8
9701 8
9702 8
9703 8
9704 8
9705 8
9706 8
9707 8
9708 8
9709 8
9710 8
9711 8
9712 8
9713 8
9714 8
9715 8
9716 8
9717 8
9718 8
9719 8
9720 8
9721 8
9722 8
9723 8
9724 8
9725 8
9726 8
9727 8
9728 8
9729 8
9730 8
9731 8
9732 8
9733 8
9734 8
9735 8
9736 8
9737 8
9738 8
9739 8
9740 8
9741 8
9742 8
9743 8
9744 8
9745 8
9746 8
9747 8
9748 8
9749 8
9750 8
9751 8
9752 8
9753 8
9754 8
9755 8
9756 8
9757 8
9758 8
9759 8
9760 8
9761 8
9762 8
9763 8
9764 8
9765 8
9766 8
9767 8
9768 8
9769 8
9770 8
9771 8
9772 8
9773 8
9774 8
9775 8
9776 8
9777 8
9778 8
9779 8
9780 8
9781 8
9782 8
9783 8
9784 8
9785 8
9786 8
9787 8
9788 8
9789 8
9790 8
9791 8
9792 8
9793 8
9794 8
9795 8
9796 8
9797 8
9798 8
9799 8
9800 8
9801 8
9802 8
9803 8
9804 8
9805 8
9806 8
9807 8
9808 8
9809 8
9810 8
9811 8
9812 8
9813 8
9814 8
9815 8
9816 8
9817 8
9818 8
9819 8
9820 8
9821 8
9822 8
9823 8
9824 8
9825 8
9826 8
9827 8
9828 8
9829 8
9830 8
9831 8
9832 8
9833 8
9834 8
9835 8
9836 8
9837 8
9838 8
9839 8
9840 8
9841 8
9842 8
9843 8
9844 8
9845 8
9846 8
9847 8
9848 8
9849 8
9850 8
9851 8
9852 8
9853 8
9854 8
9855 8
9856 8
9857 8
9858 8
9859 8
9860 8
9861 8
9862 8
9863 8
9864 8
9865 8
9866 8
9867 8
9868 8
9869 8
9870 8
9871 8
9872 8
9873 8
9874 8
9875 8
9876 8
9877 8
9878 8
9879 8
9880 8
9881 8
9882 8
9883 8
9884 8
9885 8
9886 8
9887 8
9888 8
9889 8
9890 8
9891 8
9892 8
9893 8
9894 8
9895 8
9896 8
9897 8
9898 8
9899 8
9900 8
9901 8
9902 8
9903 8
9904 8
9905 8
9906 8
9907 8
9908 8
9909 8
9910 8
9911 8
9912 8
9913 8
9914 8
9915 8
9916 8
9917 8
9918 8
9919 8
9920 8
9921 8
9922 8
9923 8
9924 8
9925 8
9926 8
9927 8
9928 8
9929 8
9930 8
9931 8
9932 8
9933 8
9934 8
9935 8
9936 8
9937 8
9938 8
9939 8
9940 8
9941 8
9942 8
9943 8
9944 8
9945 8
9946 8
9947 8
9948 8
9949 8
9950 8
9951 8
9952 8
9953 8
9954 8
9955 8
9956 8
9957 8
9958 8
9959 8
9960 8
9961 8
9962 8
9963 8
9964 8
9965 8
9966 8
9967 8
9968 8
9969 8
9970 8
9971 8
9972 8
9973 8
9974 8
9975 8
9976 8
9977 8
9978 8
9979 8
9980 8
9981 8
9982 8
9983 8
9984 8
9985 8
9986 8
9987 8
9988 8
9989 8
9990 8
9991 8
9992 8
9993 8
9994 8
9995 8
9996 8
9997 8
9998 8
9999 8
10000 8
