10 0
11 0
12 0
13 0
14 0
15 0
16 0
17 0
18 0
19 0
20 0
21 0
22 0
23 0
24 0
25 0
26 0
27 0
28 0
29 0
30 0
31 0
32 0
33 0
34 0
35 0
36 0
37 0
38 0
39 0
40 0
41 0
42 0
43 0
44 0
45 0
46 0
47 0
48 0
49 0
50 0
51 0
52 0
53 0
54 0
55 0
56 0
57 0
58 0
59 0
60 0
61 0
62 0
63 0
64 0
65 0
66 0
67 0
68 0
69 0
70 0
71 0
72 0
73 0
74 0
75 0
76 0
77 0
78 0
79 0
80 0
81 0
82 0
83 0
84 0
85 0
86 0
87 0
88 0
89 0
90 0
91 0
92 0
93 0
94 0
95 0
96 0
97 0
98 0
99 0
100 0
101 0
102 0
103 0
104 0
105 0
106 0
107 0
108 0
109 0
110 0
111 0
112 0
113 0
114 0
115 0
116 0
117 0
118 0
119 0
120 0
121 0
122 0
123 0
124 0
125 0
126 0
127 0
128 0
129 0
130 0
131 0
132 0
133 0
134 0
135 0
136 0
137 0
138 0
139 0
140 0
141 0
142 0
143 0
144 0
145 0
146 0
147 0
148 0
149 0
150 0
151 0
152 0
153 0
154 0
155 0
156 0
157 0
158 0
159 0
160 0
161 0
162 0
163 0
164 0
165 0
166 0
167 0
168 0
169 0
170 0
171 0
172 0
173 0
174 0
175 0
176 0
177 0
178 0
179 0
180 0
181 0
182 0
183 0
184 0
185 0
186 0
187 0
188 0
189 0
190 0
191 0
192 0
193 0
194 0
195 0
196 0
197 0
198 0
199 0
200 0
201 0
202 0
203 0
204 0
205 0
206 0
207 0
208 0
209 0
210 0
211 0
212 0
213 0
214 0
215 0
216 0
217 0
218 0
219 0
220 0
221 0
222 0
223 0
224 0
225 0
226 0
227 0
228 0
229 0
230 0
231 0
232 0
233 0
234 0
235 0
236 0
237 0
238 0
239 0
240 0
241 0
242 0
243 0
244 0
245 0
246 0
247 0
248 0
249 0
250 0
251 0
252 0
253 0
254 0
255 0
256 0
257 0
258 0
259 0
260 0
261 0
262 0
263 0
264 0
265 0
266 0
267 0
268 0
269 0
270 0
271 0
272 0
273 0
274 0
275 0
276 0
277 0
278 0
279 0
280 0
281 0
282 0
283 0
284 0
285 0
286 0
287 0
288 0
289 0
290 0
291 0
292 0
293 0
294 0
295 0
296 0
297 0
298 0
299 0
300 0
301 0
302 0
303 0
304 0
305 0
306 0
307 0
308 0
309 0
310 0
311 0
312 0
313 0
314 0
315 0
316 0
317 0
318 0
319 0
320 0
321 0
322 0
323 0
324 0
325 0
326 0
327 0
328 0
329 0
330 0
331 0
332 0
333 0
334 0
335 0
336 0
337 0
338 0
339 0
340 0
341 0
342 0
343 0
344 0
345 0
346 0
347 0
348 0
349 0
350 0
351 0
352 0
353 0
354 0
355 0
356 0
357 0
358 0
359 0
360 0
361 0
362 0
363 0
364 0
365 0
366 0
367 0
368 0
369 0
370 0
371 0
372 0
373 0
374 0
375 0
376 0
377 0
378 0
379 0
380 0
381 0
382 0
383 0
384 0
385 0
386 0
387 0
388 0
389 0
390 0
391 0
392 0
393 0
394 0
395 0
396 0
397 0
398 0
399 0
400 0
401 0
402 0
403 0
404 0
405 0
406 0
407 0
408 0
409 0
410 0
411 0
412 0
413 0
414 0
415 0
416 0
417 0
418 0
419 0
420 0
421 0
422 0
423 0
424 0
425 0
426 0
427 0
428 0
429 0
430 0
431 0
432 0
433 0
434 0
435 0
436 0
437 0
438 0
439 0
440 0
441 0
442 0
443 0
444 0
445 0
446 0
447 0
448 0
449 0
450 0
451 0
452 0
453 0
454 0
455 0
456 0
457 0
458 0
459 0
460 0
461 0
462 0
463 0
464 0
465 0
466 0
467 0
468 0
469 0
470 0
471 0
472 0
473 0
474 0
475 0
476 0
477 0
478 0
479 0
480 0
481 0
482 0
483 0
484 0
485 0
486 0
487 0
488 0
489 0
490 0
491 0
492 0
493 0
494 0
495 0
496 0
497 0
498 0
499 0
500 0
501 0
502 0
503 0
504 0
505 0
506 0
507 0
508 0
509 0
510 0
511 0
512 0
513 0
514 0
515 0
516 0
517 0
518 0
519 0
520 0
521 0
522 0
523 0
524 0
525 0
526 0
527 0
528 0
529 0
530 0
531 0
532 0
533 0
534 0
535 0
536 0
537 0
538 0
539 0
540 0
541 0
542 0
543 0
544 0
545 0
546 0
547 0
548 0
549 0
550 0
551 0
552 0
553 0
554 0
555 0
556 0
557 0
558 0
559 0
560 0
561 0
562 0
563 0
564 0
565 0
566 0
567 0
568 0
569 0
570 0
571 0
572 0
573 0
574 0
575 0
576 0
577 0
578 0
579 0
580 0
581 0
582 0
583 0
584 0
585 0
586 0
587 0
588 0
589 0
590 0
591 0
592 0
593 0
594 0
595 0
596 0
597 0
598 0
599 0
600 0
601 0
602 0
603 0
604 0
605 0
606 0
607 0
608 0
609 0
610 0
611 0
612 0
613 0
614 0
615 0
616 0
617 0
618 0
619 0
620 0
621 0
622 0
623 0
624 0
625 0
626 0
627 0
628 0
629 0
630 0
631 0
632 0
633 0
634 0
635 0
636 0
637 0
638 0
639 0
640 0
641 0
642 0
643 0
644 0
645 0
646 0
647 0
648 0
649 0
650 0
651 0
652 0
653 0
654 0
655 0
656 0
657 0
658 0
659 0
660 0
661 0
662 0
663 0
664 0
665 0
666 0
667 0
668 0
669 0
670 0
671 0
672 0
673 0
674 0
675 0
676 0
677 0
678 0
679 0
680 0
681 0
682 0
683 0
684 0
685 0
686 0
687 0
688 0
689 0
690 0
691 0
692 0
693 0
694 0
695 0
696 0
697 0
698 0
699 0
700 0
701 0
702 0
703 0
704 0
705 0
706 0
707 0
708 0
709 0
710 0
711 0
712 0
713 0
714 0
715 0
716 0
717 0
718 0
719 0
720 0
721 0
722 0
723 0
724 0
725 0
726 0
727 0
728 0
729 0
730 0
731 0
732 0
733 0
734 0
735 0
736 0
737 0
738 0
739 0
740 0
741 0
742 0
743 0
744 0
745 0
746 0
747 0
748 0
749 0
750 0
751 0
752 0
753 0
754 0
755 0
756 0
757 0
758 0
759 0
760 0
761 0
762 0
763 0
764 0
765 0
766 0
767 0
768 0
769 0
770 0
771 0
772 0
773 0
774 0
775 0
776 0
777 0
778 0
779 0
780 0
781 0
782 0
783 0
784 0
785 0
786 0
787 0
788 0
789 0
790 0
791 0
792 0
793 0
794 0
795 0
796 0
797 0
798 0
799 0
800 0
801 1
802 1
803 1
804 1
805 1
806 1
807 1
808 1
809 1
810 1
811 1
812 1
813 1
814 1
815 1
816 1
817 1
818 1
819 1
820 1
821 1
822 1
823 1
824 1
825 1
826 1
827 1
828 1
829 1
830 1
831 1
832 1
833 1
834 1
835 1
836 1
837 1
838 1
839 1
840 1
841 1
842 1
843 1
844 1
845 1
846 1
847 1
848 1
849 1
850 1
851 1
852 1
853 1
854 1
855 1
856 1
857 1
858 1
859 1
860 1
861 1
862 1
863 1
864 1
865 1
866 1
867 1
868 1
869 1
870 1
871 1
872 1
873 1
874 1
875 1
876 1
877 1
878 1
879 1
880 1
881 1
882 1
883 1
884 1
885 1
886 1
887 1
888 1
889 1
890 1
891 1
892 1
893 1
894 1
895 1
896 1
897 1
898 1
899 1
900 1
901 1
902 1
903 1
904 1
905 1
906 1
907 1
908 1
909 1
910 1
911 1
912 1
913 1
914 1
915 1
916 1
917 1
918 1
919 1
920 1
921 1
922 1
923 1
924 1
925 1
926 1
927 1
928 1
929 1
930 1
931 1
932 1
933 1
934 1
935 1
936 1
937 1
938 1
939 1
940 1
941 1
942 1
943 1
944 1
945 1
946 1
947 1
948 1
949 1
950 1
951 1
952 1
953 1
954 1
955 1
956 1
957 1
958 1
959 1
960 1
961 1
962 1
963 1
964 1
965 1
966 1
967 1
968 1
969 1
970 1
971 1
972 1
973 1
974 1
975 1
976 1
977 1
978 1
979 1
980 1
981 1
982 1
983 1
984 1
985 1
986 1
987 1
988 1
989 1
990 1
991 1
992 1
993 1
994 1
995 1
996 1
997 1
998 1
999 1
1000 1
1001 1
1002 1
1003 1
1004 1
1005 1
1006 1
1007 1
1008 1
1009 1
1010 1
1011 1
1012 1
1013 1
1014 1
1015 1
1016 1
1017 1
1018 1
1019 1
1020 1
1021 1
1022 1
1023 1
1024 1
1025 1
1026 1
1027 1
1028 1
1029 1
1030 1
1031 1
1032 1
1033 1
1034 1
1035 1
1036 1
1037 1
1038 1
1039 1
1040 1
1041 1
1042 1
1043 1
1044 1
1045 1
1046 1
1047 1
1048 1
1049 1
1050 1
1051 1
1052 1
1053 1
1054 1
1055 1
1056 1
1057 1
1058 1
1059 1
1060 1
1061 1
1062 1
1063 1
1064 1
1065 1
1066 1
1067 1
1068 1
1069 1
1070 1
1071 1
1072 1
1073 1
1074 1
1075 1
1076 1
1077 1
1078 1
1079 1
1080 1
1081 1
1082 1
1083 1
1084 1
1085 1
1086 1
1087 1
1088 1
1089 1
1090 1
1091 1
1092 1
1093 1
1094 1
1095 1
1096 1
1097 1
1098 1
1099 1
1100 1
1101 1
1102 1
1103 1
1104 1
1105 1
1106 1
1107 1
1108 1
1109 1
1110 1
1111 1
1112 1
1113 1
1114 1
1115 1
1116 1
1117 1
1118 1
1119 1
1120 1
1121 1
1122 1
1123 1
1124 1
1125 1
1126 1
1127 1
1128 1
1129 1
1130 1
1131 1
1132 1
1133 1
1134 1
1135 1
1136 1
1137 1
1138 1
1139 1
1140 1
1141 1
1142 1
1143 1
1144 1
1145 1
1146 1
1147 1
1148 1
1149 1
1150 1
1151 1
1152 1
1153 1
1154 1
1155 1
1156 1
1157 1
1158 1
1159 1
1160 1
1161 1
1162 1
1163 1
1164 1
1165 1
1166 1
1167 1
1168 1
1169 1
1170 1
1171 1
1172 1
1173 1
1174 1
1175 1
1176 1
1177 1
1178 1
1179 1
1180 1
1181 1
1182 1
1183 1
1184 1
1185 1
1186 1
1187 1
1188 1
1189 1
1190 1
1191 1
1192 1
1193 1
1194 1
1195 1
1196 1
1197 1
1198 1
1199 1
1200 1
1201 1
1202 1
1203 1
1204 1
1205 1
1206 1
1207 1
1208 1
1209 1
1210 1
1211 1
1212 1
1213 1
1214 1
1215 1
1216 1
1217 1
1218 1
1219 1
1220 1
1221 1
1222 1
1223 1
1224 1
1225 1
1226 1
1227 1
1228 1
1229 1
1230 1
1231 1
1232 1
1233 1
1234 1
1235 1
1236 1
1237 1
1238 1
1239 1
1240 1
1241 1
1242 1
1243 1
1244 1
1245 1
1246 1
1247 1
1248 1
1249 1
1250 1
1251 1
1252 1
1253 1
1254 1
1255 1
1256 1
1257 1
1258 1
1259 1
1260 1
1261 1
1262 1
1263 1
1264 1
1265 1
1266 1
1267 1
1268 1
1269 1
1270 1
1271 1
1272 1
1273 1
1274 1
1275 1
1276 1
1277 1
1278 1
1279 1
1280 1
1281 1
1282 1
1283 1
1284 1
1285 1
1286 1
1287 1
1288 1
1289 1
1290 1
1291 1
1292 1
1293 1
1294 1
1295 1
1296 1
1297 1
1298 1
1299 1
1300 1
1301 1
1302 1
1303 1
1304 1
1305 1
1306 1
1307 1
1308 1
1309 1
1310 1
1311 1
1312 1
1313 1
1314 1
1315 1
1316 1
1317 1
1318 1
1319 1
1320 1
1321 1
1322 1
1323 1
1324 1
1325 1
1326 1
1327 1
1328 1
1329 1
1330 1
1331 1
1332 1
1333 1
1334 1
1335 1
1336 1
1337 1
1338 1
1339 1
1340 1
1341 1
1342 1
1343 1
1344 1
1345 1
1346 1
1347 1
1348 1
1349 1
1350 1
1351 1
1352 1
1353 1
1354 1
1355 1
1356 1
1357 1
1358 1
1359 1
1360 1
1361 1
1362 1
1363 1
1364 1
1365 1
1366 1
1367 1
1368 1
1369 1
1370 1
1371 1
1372 1
1373 1
1374 1
1375 1
1376 1
1377 1
1378 1
1379 1
1380 1
1381 1
1382 1
1383 1
1384 1
1385 1
1386 1
1387 1
1388 1
1389 1
1390 1
1391 1
1392 1
1393 1
1394 1
1395 1
1396 1
1397 1
1398 1
1399 1
1400 1
1401 1
1402 1
1403 1
1404 1
1405 1
1406 1
1407 1
1408 1
1409 1
1410 1
1411 1
1412 1
1413 1
1414 1
1415 1
1416 1
1417 1
1418 1
1419 1
1420 1
1421 1
1422 1
1423 1
1424 1
1425 1
1426 1
1427 1
1428 1
1429 1
1430 1
1431 1
1432 1
1433 1
1434 1
1435 1
1436 1
1437 1
1438 1
1439 1
1440 1
1441 1
1442 1
1443 1
1444 1
1445 1
1446 1
1447 1
1448 1
1449 1
1450 1
1451 1
1452 1
1453 1
1454 1
1455 1
1456 1
1457 1
1458 1
1459 1
1460 1
1461 1
1462 1
1463 1
1464 1
1465 1
1466 1
1467 1
1468 1
1469 1
1470 1
1471 1
1472 1
1473 1
1474 1
1475 1
1476 1
1477 1
1478 1
1479 1
1480 1
1481 1
1482 1
1483 1
1484 1
1485 1
1486 1
1487 1
1488 1
1489 1
1490 1
1491 1
1492 1
1493 1
1494 1
1495 1
1496 1
1497 1
1498 1
1499 1
1500 1
1501 1
1502 1
1503 1
1504 1
1505 1
1506 1
1507 1
1508 1
1509 1
1510 1
1511 1
1512 1
1513 1
1514 1
1515 1
1516 1
1517 1
1518 1
1519 1
1520 1
1521 1
1522 1
1523 1
1524 1
1525 1
1526 1
1527 1
1528 1
1529 1
1530 1
1531 1
1532 1
1533 1
1534 1
1535 1
1536 1
1537 1
1538 1
1539 1
1540 1
1541 1
1542 1
1543 1
1544 1
1545 1
1546 1
1547 1
1548 1
1549 1
1550 1
1551 1
1552 1
1553 1
1554 1
1555 1
1556 1
1557 1
1558 1
1559 1
1560 1
1561 1
1562 1
1563 1
1564 1
1565 1
1566 1
1567 1
1568 1
1569 1
1570 1
1571 1
1572 1
1573 1
1574 1
1575 1
1576 1
1577 1
1578 1
1579 1
1580 1
1581 1
1582 1
1583 1
1584 1
1585 1
1586 1
1587 1
1588 1
1589 1
1590 1
1591 1
1592 1
1593 1
1594 1
1595 1
1596 1
1597 1
1598 1
1599 1
1600 1
1601 1
1602 1
1603 1
1604 1
1605 1
1606 1
1607 1
1608 1
1609 1
1610 1
1611 1
1612 1
1613 1
1614 1
1615 1
1616 1
1617 1
1618 1
1619 1
1620 1
1621 1
1622 1
1623 1
1624 1
1625 1
1626 1
1627 1
1628 1
1629 1
1630 1
1631 1
1632 1
1633 1
1634 1
1635 1
1636 1
1637 1
1638 1
1639 1
1640 1
1641 1
1642 1
1643 1
1644 1
1645 1
1646 1
1647 1
1648 1
1649 1
1650 1
1651 1
1652 1
1653 1
1654 1
1655 1
1656 1
1657 1
1658 1
1659 1
1660 1
1661 1
1662 1
1663 1
1664 1
1665 1
1666 1
1667 1
1668 1
1669 1
1670 1
1671 1
1672 1
1673 1
1674 1
1675 1
1676 1
1677 1
1678 1
1679 1
1680 1
1681 1
1682 1
1683 1
1684 1
1685 1
1686 1
1687 1
1688 1
1689 1
1690 1
1691 1
1692 1
1693 1
1694 1
1695 1
1696 1
1697 1
1698 1
1699 1
1700 1
1701 1
1702 1
1703 1
1704 1
1705 1
1706 1
1707 1
1708 1
1709 1
1710 1
1711 1
1712 1
1713 1
1714 1
1715 1
1716 1
1717 1
1718 1
1719 1
1720 1
1721 1
1722 1
1723 1
1724 1
1725 1
1726 1
1727 1
1728 1
1729 1
1730 1
1731 1
1732 1
1733 1
1734 1
1735 1
1736 1
1737 1
1738 1
1739 1
1740 1
1741 1
1742 1
1743 1
1744 1
1745 1
1746 1
1747 1
1748 1
1749 1
1750 1
1751 1
1752 1
1753 1
1754 1
1755 1
1756 1
1757 1
1758 1
1759 1
1760 1
1761 1
1762 1
1763 1
1764 1
1765 1
1766 1
1767 1
1768 1
1769 1
1770 1
1771 1
1772 1
1773 1
1774 1
1775 1
1776 1
1777 1
1778 1
1779 1
1780 1
1781 1
1782 1
1783 1
1784 1
1785 1
1786 1
1787 1
1788 1
1789 1
1790 1
1791 1
1792 1
1793 1
1794 1
1795 1
1796 1
1797 1
1798 1
1799 1
1800 1
1801 1
1802 1
1803 1
1804 1
1805 1
1806 1
1807 1
1808 1
1809 1
1810 1
1811 1
1812 1
1813 1
1814 1
1815 1
1816 1
1817 1
1818 1
1819 1
1820 1
1821 1
1822 1
1823 1
1824 1
1825 1
1826 1
1827 1
1828 1
1829 1
1830 1
1831 1
1832 1
1833 1
1834 1
1835 1
1836 1
1837 1
1838 1
1839 1
1840 1
1841 1
1842 1
1843 1
1844 1
1845 1
1846 1
1847 1
1848 1
1849 1
1850 1
1851 1
1852 1
1853 1
1854 1
1855 1
1856 1
1857 1
1858 1
1859 1
1860 1
1861 1
1862 1
1863 1
1864 1
1865 1
1866 1
1867 1
1868 1
1869 1
1870 1
1871 1
1872 1
1873 1
1874 1
1875 1
1876 1
1877 1
1878 1
1879 1
1880 1
1881 1
1882 1
1883 1
1884 1
1885 1
1886 1
1887 1
1888 1
1889 1
1890 1
1891 1
1892 1
1893 1
1894 1
1895 1
1896 1
1897 1
1898 1
1899 1
1900 1
1901 1
1902 1
1903 1
1904 1
1905 1
1906 1
1907 1
1908 1
1909 1
1910 1
1911 1
1912 1
1913 1
1914 1
1915 1
1916 1
1917 1
1918 1
1919 1
1920 1
1921 1
1922 1
1923 1
1924 1
1925 1
1926 1
1927 1
1928 1
1929 1
1930 1
1931 1
1932 1
1933 1
1934 1
1935 1
1936 1
1937 1
1938 1
1939 1
1940 1
1941 1
1942 1
1943 1
1944 1
1945 1
1946 1
1947 1
1948 1
1949 1
1950 1
1951 1
1952 1
1953 1
1954 1
1955 1
1956 1
1957 1
1958 1
1959 1
1960 1
1961 1
1962 1
1963 1
1964 1
1965 1
1966 1
1967 1
1968 1
1969 1
1970 1
1971 1
1972 1
1973 1
1974 1
1975 1
1976 1
1977 1
1978 1
1979 1
1980 1
1981 1
1982 1
1983 1
1984 1
1985 1
1986 1
1987 1
1988 1
1989 1
1990 1
1991 1
1992 1
1993 1
1994 1
1995 1
1996 1
1997 1
1998 1
1999 1
2000 1
2001 1
2002 1
2003 1
2004 1
2005 1
2006 1
2007 1
2008 1
2009 1
2010 1
2011 1
2012 1
2013 1
2014 1
2015 1
2016 1
2017 1
2018 1
2019 1
2020 1
2021 1
2022 1
2023 1
2024 1
2025 1
2026 1
2027 1
2028 1
2029 1
2030 1
2031 1
2032 1
2033 1
2034 1
2035 1
2036 1
2037 1
2038 1
2039 1
2040 1
2041 1
2042 1
2043 1
2044 1
2045 1
2046 1
2047 1
2048 1
2049 1
2050 1
2051 1
2052 1
2053 1
2054 1
2055 1
2056 1
2057 1
2058 1
2059 1
2060 1
2061 1
2062 1
2063 1
2064 1
2065 1
2066 1
2067 1
2068 1
2069 1
2070 1
2071 1
2072 1
2073 1
2074 1
2075 1
2076 1
2077 1
2078 1
2079 1
2080 1
2081 1
2082 1
2083 1
2084 1
2085 1
2086 1
2087 1
2088 1
2089 1
2090 1
2091 1
2092 1
2093 1
2094 1
2095 1
2096 1
2097 1
2098 1
2099 1
2100 1
2101 1
2102 1
2103 1
2104 1
2105 1
2106 1
2107 1
2108 1
2109 1
2110 1
2111 1
2112 1
2113 1
2114 1
2115 1
2116 1
2117 1
2118 1
2119 1
2120 1
2121 1
2122 1
2123 1
2124 1
2125 1
2126 1
2127 1
2128 1
2129 1
2130 1
2131 1
2132 1
2133 1
2134 1
2135 1
2136 1
2137 1
2138 1
2139 1
2140 1
2141 1
2142 1
2143 1
2144 1
2145 1
2146 1
2147 1
2148 1
2149 1
2150 1
2151 1
2152 1
2153 1
2154 1
2155 1
2156 1
2157 1
2158 1
2159 1
2160 1
2161 1
2162 1
2163 1
2164 1
2165 1
2166 1
2167 1
2168 1
2169 1
2170 1
2171 1
2172 1
2173 1
2174 1
2175 1
2176 1
2177 1
2178 1
2179 1
2180 1
2181 1
2182 1
2183 1
2184 1
2185 1
2186 1
2187 1
2188 1
2189 1
2190 1
2191 1
2192 1
2193 1
2194 1
2195 1
2196 1
2197 1
2198 1
2199 1
2200 1
2201 1
2202 1
2203 1
2204 1
2205 1
2206 1
2207 1
2208 1
2209 1
2210 1
2211 1
2212 1
2213 1
2214 1
2215 1
2216 1
2217 1
2218 1
2219 1
2220 1
2221 1
2222 1
2223 1
2224 1
2225 1
2226 1
2227 1
2228 1
2229 1
2230 1
2231 1
2232 1
2233 1
2234 1
2235 1
2236 1
2237 1
2238 1
2239 1
2240 1
2241 1
2242 1
2243 1
2244 1
2245 1
2246 1
2247 1
2248 1
2249 1
2250 1
2251 1
2252 1
2253 1
2254 1
2255 1
2256 1
2257 1
2258 1
2259 1
2260 1
2261 1
2262 1
2263 1
2264 1
2265 1
2266 1
2267 1
2268 1
2269 1
2270 1
2271 1
2272 1
2273 1
2274 1
2275 1
2276 1
2277 1
2278 1
2279 1
2280 1
2281 1
2282 1
2283 1
2284 1
2285 1
2286 1
2287 1
2288 1
2289 1
2290 1
2291 1
2292 1
2293 1
2294 1
2295 1
2296 1
2297 1
2298 1
2299 1
2300 1
2301 1
2302 1
2303 1
2304 1
2305 1
2306 1
2307 1
2308 1
2309 1
2310 1
2311 1
2312 1
2313 1
2314 1
2315 1
2316 1
2317 1
2318 1
2319 1
2320 1
2321 1
2322 1
2323 1
2324 1
2325 1
2326 1
2327 1
2328 1
2329 1
2330 1
2331 1
2332 1
2333 1
2334 1
2335 1
2336 1
2337 1
2338 1
2339 1
2340 1
2341 1
2342 1
2343 1
2344 1
2345 1
2346 1
2347 1
2348 1
2349 1
2350 1
2351 1
2352 1
2353 1
2354 1
2355 1
2356 1
2357 1
2358 1
2359 1
2360 1
2361 1
2362 1
2363 1
2364 1
2365 1
2366 1
2367 1
2368 1
2369 1
2370 1
2371 1
2372 1
2373 1
2374 1
2375 1
2376 1
2377 1
2378 1
2379 1
2380 1
2381 1
2382 1
2383 1
2384 1
2385 1
2386 1
2387 1
2388 1
2389 1
2390 1
2391 1
2392 1
2393 1
2394 1
2395 1
2396 1
2397 1
2398 1
2399 1
2400 1
2401 1
2402 1
2403 1
2404 1
2405 1
2406 1
2407 1
2408 1
2409 1
2410 1
2411 1
2412 1
2413 1
2414 1
2415 1
2416 1
2417 1
2418 1
2419 1
2420 1
2421 1
2422 1
2423 1
2424 1
2425 1
2426 1
2427 1
2428 1
2429 1
2430 1
2431 1
2432 1
2433 1
2434 1
2435 1
2436 1
2437 1
2438 1
2439 1
2440 1
2441 1
2442 1
2443 1
2444 1
2445 1
2446 1
2447 1
2448 1
2449 1
2450 1
2451 1
2452 1
2453 1
2454 1
2455 1
2456 1
2457 1
2458 1
2459 1
2460 1
2461 1
2462 1
2463 1
2464 1
2465 1
2466 1
2467 1
2468 1
2469 1
2470 1
2471 1
2472 1
2473 1
2474 1
2475 1
2476 1
2477 1
2478 1
2479 1
2480 1
2481 1
2482 1
2483 1
2484 1
2485 1
2486 1
2487 1
2488 1
2489 1
2490 1
2491 1
2492 1
2493 1
2494 1
2495 1
2496 1
2497 1
2498 1
2499 1
2500 1
2501 1
2502 1
2503 1
2504 1
2505 1
2506 1
2507 1
2508 1
2509 1
2510 1
2511 1
2512 1
2513 1
2514 1
2515 1
2516 1
2517 1
2518 1
2519 1
2520 1
2521 1
2522 1
2523 1
2524 1
2525 1
2526 1
2527 1
2528 1
2529 1
2530 1
2531 1
2532 1
2533 1
2534 1
2535 1
2536 1
2537 1
2538 1
2539 1
2540 1
2541 1
2542 1
2543 1
2544 1
2545 1
2546 1
2547 1
2548 1
2549 1
2550 1
2551 1
2552 1
2553 1
2554 1
2555 1
2556 1
2557 1
2558 1
2559 1
2560 1
2561 1
2562 1
2563 1
2564 1
2565 1
2566 1
2567 1
2568 1
2569 1
2570 1
2571 1
2572 1
2573 1
2574 1
2575 1
2576 1
2577 1
2578 1
2579 1
2580 1
2581 1
2582 1
2583 1
2584 1
2585 1
2586 1
2587 1
2588 1
2589 1
2590 1
2591 1
2592 1
2593 1
2594 1
2595 1
2596 1
2597 1
2598 1
2599 1
2600 1
2601 1
2602 1
2603 1
2604 1
2605 1
2606 1
2607 1
2608 1
2609 1
2610 1
2611 1
2612 1
2613 1
2614 1
2615 1
2616 1
2617 1
2618 1
2619 1
2620 1
2621 1
2622 1
2623 1
2624 1
2625 1
2626 1
2627 1
2628 1
2629 1
2630 1
2631 1
2632 1
2633 1
2634 1
2635 1
2636 1
2637 1
2638 1
2639 1
2640 1
2641 1
2642 1
2643 1
2644 1
2645 1
2646 1
2647 1
2648 1
2649 1
2650 1
2651 1
2652 1
2653 1
2654 1
2655 1
2656 1
2657 1
2658 1
2659 1
2660 1
2661 1
2662 1
2663 1
2664 1
2665 1
2666 1
2667 1
2668 1
2669 1
2670 1
2671 1
2672 1
2673 1
2674 1
2675 1
2676 1
2677 2
2678 2
2679 2
2680 2
2681 2
2682 2
2683 2
2684 2
2685 2
2686 2
2687 2
2688 2
2689 2
2690 2
2691 2
2692 2
2693 2
2694 2
2695 2
2696 2
2697 2
2698 2
2699 2
2700 2
2701 2
2702 2
2703 2
2704 2
2705 2
2706 2
2707 2
2708 2
2709 2
2710 2
2711 2
2712 2
2713 2
2714 2
2715 2
2716 2
2717 2
2718 2
2719 2
2720 2
2721 2
2722 2
2723 2
2724 2
2725 2
2726 2
2727 2
2728 2
2729 2
2730 2
2731 2
2732 2
2733 2
2734 2
2735 2
2736 2
2737 2
2738 2
2739 2
2740 2
2741 2
2742 2
2743 2
2744 2
2745 2
2746 2
2747 2
2748 2
2749 2
2750 2
2751 2
2752 2
2753 2
2754 2
2755 2
2756 2
2757 2
2758 2
2759 2
2760 2
2761 2
2762 2
2763 2
2764 2
2765 2
2766 2
2767 2
2768 2
2769 2
2770 2
2771 2
2772 2
2773 2
2774 2
2775 2
2776 2
2777 2
2778 2
2779 2
2780 2
2781 2
2782 2
2783 2
2784 2
2785 2
2786 2
2787 2
2788 2
2789 2
2790 2
2791 2
2792 2
2793 2
2794 2
2795 2
2796 2
2797 2
2798 2
2799 2
2800 2
2801 2
2802 2
2803 2
2804 2
2805 2
2806 2
2807 2
2808 2
2809 2
2810 2
2811 2
2812 2
2813 2
2814 2
2815 2
2816 2
2817 2
2818 2
2819 2
2820 2
2821 2
2822 2
2823 2
2824 2
2825 2
2826 2
2827 2
2828 2
2829 2
2830 2
2831 2
2832 2
2833 2
2834 2
2835 2
2836 2
2837 2
2838 2
2839 2
2840 2
2841 2
2842 2
2843 2
2844 2
2845 2
2846 2
2847 2
2848 2
2849 2
2850 2
2851 2
2852 2
2853 2
2854 2
2855 2
2856 2
2857 2
2858 2
2859 2
2860 2
2861 2
2862 2
2863 2
2864 2
2865 2
2866 2
2867 2
2868 2
2869 2
2870 2
2871 2
2872 2
2873 2
2874 2
2875 2
2876 2
2877 2
2878 2
2879 2
2880 2
2881 2
2882 2
2883 2
2884 2
2885 2
2886 2
2887 2
2888 2
2889 2
2890 2
2891 2
2892 2
2893 2
2894 2
2895 2
2896 2
2897 2
2898 2
2899 2
2900 2
2901 2
2902 2
2903 2
2904 2
2905 2
2906 2
2907 2
2908 2
2909 2
2910 2
2911 2
2912 2
2913 2
2914 2
2915 2
2916 2
2917 2
2918 2
2919 2
2920 2
2921 2
2922 2
2923 2
2924 2
2925 2
2926 2
2927 2
2928 2
2929 2
2930 2
2931 2
2932 2
2933 2
2934 2
2935 2
2936 2
2937 2
2938 2
2939 2
2940 2
2941 2
2942 2
2943 2
2944 2
2945 2
2946 2
2947 2
2948 2
2949 2
2950 2
2951 2
2952 2
2953 2
2954 2
2955 2
2956 2
2957 2
2958 2
2959 2
2960 2
2961 2
2962 2
2963 2
2964 2
2965 2
2966 2
2967 2
2968 2
2969 2
2970 2
2971 2
2972 2
2973 2
2974 2
2975 2
2976 2
2977 2
2978 2
2979 2
2980 2
2981 2
2982 2
2983 2
2984 2
2985 2
2986 2
2987 2
2988 2
2989 2
2990 2
2991 2
2992 2
2993 2
2994 2
2995 2
2996 2
2997 2
2998 2
2999 2
3000 2
3001 2
3002 2
3003 2
3004 2
3005 2
3006 2
3007 2
3008 2
3009 2
3010 2
3011 2
3012 2
3013 2
3014 2
3015 2
3016 2
3017 2
3018 2
3019 2
3020 2
3021 2
3022 2
3023 2
3024 2
3025 2
3026 2
3027 2
3028 2
3029 2
3030 2
3031 2
3032 2
3033 2
3034 2
3035 2
3036 2
3037 2
3038 2
3039 2
3040 2
3041 2
3042 2
3043 2
3044 2
3045 2
3046 2
3047 2
3048 2
3049 2
3050 2
3051 2
3052 2
3053 2
3054 2
3055 2
3056 2
3057 2
3058 2
3059 2
3060 2
3061 2
3062 2
3063 2
3064 2
3065 2
3066 2
3067 2
3068 2
3069 2
3070 2
3071 2
3072 2
3073 2
3074 2
3075 2
3076 2
3077 2
3078 2
3079 2
3080 2
3081 2
3082 2
3083 2
3084 2
3085 2
3086 2
3087 2
3088 2
3089 2
3090 2
3091 2
3092 2
3093 2
3094 2
3095 2
3096 2
3097 2
3098 2
3099 2
3100 2
3101 2
3102 2
3103 2
3104 2
3105 2
3106 2
3107 2
3108 2
3109 2
3110 2
3111 2
3112 2
3113 2
3114 2
3115 2
3116 2
3117 2
3118 2
3119 2
3120 2
3121 2
3122 2
3123 2
3124 2
3125 2
3126 2
3127 2
3128 2
3129 2
3130 2
3131 2
3132 2
3133 2
3134 2
3135 2
3136 2
3137 2
3138 2
3139 2
3140 2
3141 2
3142 2
3143 2
3144 2
3145 2
3146 2
3147 2
3148 2
3149 2
3150 2
3151 2
3152 2
3153 2
3154 2
3155 2
3156 2
3157 2
3158 2
3159 2
3160 2
3161 2
3162 2
3163 2
3164 2
3165 2
3166 2
3167 2
3168 2
3169 2
3170 2
3171 2
3172 2
3173 2
3174 2
3175 2
3176 2
3177 2
3178 2
3179 2
3180 2
3181 2
3182 2
3183 2
3184 2
3185 2
3186 2
3187 2
3188 2
3189 2
3190 2
3191 3
3192 3
3193 3
3194 3
3195 3
3196 3
3197 3
3198 3
3199 3
3200 3
3201 3
3202 3
3203 3
3204 3
3205 3
3206 3
3207 3
3208 3
3209 3
3210 3
3211 4
3212 4
3213 4
3214 4
3215 4
3216 4
3217 4
3218 4
3219 4
3220 4
3221 4
3222 4
3223 4
3224 4
3225 4
3226 4
3227 4
3228 4
3229 4
3230 4
3231 4
3232 4
3233 4
3234 4
3235 4
3236 4
3237 4
3238 4
3239 4
3240 4
3241 4
3242 4
3243 4
3244 4
3245 4
3246 4
3247 4
3248 4
3249 4
3250 4
3251 4
3252 4
3253 4
3254 4
3255 4
3256 4
3257 4
3258 4
3259 4
3260 4
3261 4
3262 5
3263 5
3264 5
3265 5
3266 5
3267 5
3268 5
3269 5
3270 5
3271 5
3272 5
3273 5
3274 5
3275 5
3276 5
3277 5
3278 5
3279 5
3280 5
3281 5
3282 5
3283 5
3284 5
3285 5
3286 5
3287 5
3288 5
3289 5
3290 5
3291 5
3292 5
3293 5
3294 5
3295 5
3296 5
3297 5
3298 5
3299 5
3300 5
3301 5
3302 5
3303 5
3304 5
3305 5
3306 5
3307 5
3308 5
3309 5
3310 5
3311 5
3312 5
3313 5
3314 5
3315 5
3316 5
3317 5
3318 5
3319 5
3320 5
3321 5
3322 5
3323 5
3324 5
3325 5
3326 5
3327 5
3328 5
3329 5
3330 5
3331 5
3332 5
3333 5
3334 5
3335 5
3336 5
3337 5
3338 5
3339 5
3340 5
3341 5
3342 5
3343 5
3344 5
3345 5
3346 5
3347 5
3348 5
3349 5
3350 5
3351 5
3352 5
3353 5
3354 5
3355 5
3356 5
3357 5
3358 5
3359 5
3360 5
3361 5
3362 5
3363 5
3364 5
3365 5
3366 5
3367 5
3368 5
3369 5
3370 5
3371 5
3372 5
3373 5
3374 5
3375 5
3376 5
3377 5
3378 5
3379 5
3380 5
3381 5
3382 5
3383 5
3384 5
3385 5
3386 5
3387 5
3388 5
3389 5
3390 5
3391 5
3392 5
3393 5
3394 5
3395 5
3396 5
3397 5
3398 5
3399 5
3400 5
3401 5
3402 5
3403 5
3404 5
3405 5
3406 5
3407 5
3408 5
3409 5
3410 5
3411 5
3412 5
3413 5
3414 5
3415 5
3416 5
3417 5
3418 5
3419 5
3420 5
3421 5
3422 5
3423 5
3424 5
3425 5
3426 5
3427 5
3428 5
3429 5
3430 5
3431 5
3432 5
3433 5
3434 5
3435 5
3436 5
3437 5
3438 5
3439 5
3440 5
3441 5
3442 5
3443 5
3444 5
3445 5
3446 5
3447 5
3448 5
3449 5
3450 5
3451 5
3452 5
3453 5
3454 5
3455 5
3456 5
3457 5
3458 5
3459 5
3460 5
3461 5
3462 5
3463 5
3464 5
3465 5
3466 5
3467 5
3468 5
3469 5
3470 5
3471 5
3472 5
3473 5
3474 5
3475 5
3476 5
3477 5
3478 5
3479 5
3480 5
3481 5
3482 5
3483 5
3484 5
3485 5
3486 5
3487 5
3488 5
3489 5
3490 5
3491 5
3492 5
3493 5
3494 5
3495 5
3496 5
3497 5
3498 5
3499 5
3500 5
3501 5
3502 5
3503 5
3504 5
3505 5
3506 5
3507 5
3508 5
3509 5
3510 5
3511 5
3512 5
3513 5
3514 5
3515 5
3516 5
3517 5
3518 5
3519 5
3520 5
3521 5
3522 5
3523 5
3524 5
3525 5
3526 5
3527 5
3528 5
3529 5
3530 5
3531 5
3532 5
3533 5
3534 5
3535 5
3536 5
3537 5
3538 5
3539 5
3540 5
3541 5
3542 5
3543 5
3544 5
3545 5
3546 5
3547 5
3548 5
3549 5
3550 5
3551 5
3552 5
3553 5
3554 5
3555 5
3556 5
3557 5
3558 5
3559 5
3560 5
3561 5
3562 5
3563 5
3564 5
3565 5
3566 5
3567 5
3568 5
3569 5
3570 5
3571 5
3572 5
3573 5
3574 5
3575 5
3576 5
3577 5
3578 5
3579 5
3580 5
3581 5
3582 5
3583 5
3584 5
3585 5
3586 5
3587 5
3588 5
3589 5
3590 5
3591 5
3592 5
3593 5
3594 5
3595 5
3596 5
3597 5
3598 5
3599 5
3600 5
3601 5
3602 5
3603 5
3604 5
3605 5
3606 5
3607 5
3608 5
3609 5
3610 5
3611 5
3612 5
3613 5
3614 5
3615 5
3616 5
3617 5
3618 5
3619 5
3620 5
3621 5
3622 5
3623 5
3624 5
3625 5
3626 5
3627 5
3628 5
3629 5
3630 5
3631 5
3632 5
3633 5
3634 5
3635 5
3636 5
3637 5
3638 5
3639 5
3640 5
3641 5
3642 5
3643 5
3644 5
3645 5
3646 5
3647 5
3648 5
3649 5
3650 5
3651 5
3652 5
3653 5
3654 5
3655 5
3656 5
3657 5
3658 5
3659 5
3660 5
3661 5
3662 5
3663 5
3664 5
3665 5
3666 5
3667 5
3668 5
3669 5
3670 5
3671 5
3672 5
3673 5
3674 5
3675 5
3676 5
3677 5
3678 5
3679 5
3680 5
3681 5
3682 5
3683 5
3684 5
3685 5
3686 5
3687 5
3688 5
3689 5
3690 5
3691 5
3692 5
3693 5
3694 5
3695 5
3696 5
3697 5
3698 5
3699 5
3700 5
3701 5
3702 5
3703 5
3704 5
3705 5
3706 5
3707 5
3708 5
3709 5
3710 5
3711 5
3712 5
3713 5
3714 5
3715 5
3716 5
3717 5
3718 5
3719 5
3720 5
3721 5
3722 5
3723 5
3724 5
3725 5
3726 5
3727 5
3728 5
3729 5
3730 5
3731 5
3732 5
3733 5
3734 5
3735 5
3736 5
3737 5
3738 5
3739 5
3740 5
3741 5
3742 5
3743 5
3744 5
3745 5
3746 5
3747 5
3748 5
3749 5
3750 5
3751 5
3752 5
3753 5
3754 5
3755 5
3756 5
3757 5
3758 5
3759 5
3760 5
3761 5
3762 5
3763 5
3764 5
3765 5
3766 5
3767 5
3768 5
3769 5
3770 5
3771 5
3772 5
3773 5
3774 5
3775 5
3776 5
3777 5
3778 5
3779 5
3780 5
3781 5
3782 5
3783 5
3784 5
3785 5
3786 5
3787 5
3788 5
3789 5
3790 5
3791 5
3792 5
3793 5
3794 5
3795 5
3796 5
3797 5
3798 5
3799 5
3800 5
3801 5
3802 5
3803 5
3804 5
3805 5
3806 5
3807 5
3808 5
3809 5
3810 5
3811 5
3812 5
3813 5
3814 5
3815 5
3816 5
3817 5
3818 5
3819 5
3820 5
3821 5
3822 5
3823 5
3824 5
3825 5
3826 5
3827 5
3828 5
3829 5
3830 5
3831 5
3832 5
3833 5
3834 5
3835 5
3836 5
3837 5
3838 5
3839 5
3840 5
3841 5
3842 5
3843 5
3844 5
3845 5
3846 5
3847 5
3848 5
3849 5
3850 5
3851 5
3852 5
3853 5
3854 5
3855 5
3856 5
3857 5
3858 5
3859 5
3860 5
3861 5
3862 5
3863 5
3864 5
3865 5
3866 5
3867 5
3868 5
3869 5
3870 5
3871 5
3872 5
3873 5
3874 5
3875 5
3876 5
3877 5
3878 5
3879 5
3880 5
3881 5
3882 5
3883 5
3884 5
3885 5
3886 5
3887 5
3888 5
3889 5
3890 5
3891 5
3892 5
3893 5
3894 5
3895 5
3896 5
3897 5
3898 5
3899 5
3900 5
3901 5
3902 5
3903 5
3904 5
3905 5
3906 5
3907 5
3908 5
3909 5
3910 5
3911 5
3912 5
3913 5
3914 5
3915 5
3916 5
3917 5
3918 5
3919 5
3920 5
3921 5
3922 5
3923 5
3924 5
3925 5
3926 5
3927 5
3928 5
3929 5
3930 5
3931 5
3932 5
3933 5
3934 5
3935 5
3936 5
3937 5
3938 5
3939 5
3940 5
3941 5
3942 5
3943 5
3944 5
3945 5
3946 5
3947 5
3948 5
3949 5
3950 5
3951 6
3952 6
3953 6
3954 6
3955 6
3956 6
3957 6
3958 6
3959 6
3960 6
3961 6
3962 6
3963 6
3964 6
3965 6
3966 6
3967 6
3968 6
3969 6
3970 6
3971 6
3972 6
3973 6
3974 6
3975 6
3976 6
3977 6
3978 6
3979 6
3980 6
3981 6
3982 6
3983 6
3984 6
3985 6
3986 6
3987 6
3988 6
3989 6
3990 6
3991 6
3992 6
3993 6
3994 6
3995 6
3996 6
3997 6
3998 6
3999 6
4000 6
4001 6
4002 6
4003 6
4004 6
4005 6
4006 6
4007 6
4008 6
4009 6
4010 6
4011 6
4012 6
4013 6
4014 6
4015 6
4016 6
4017 6
4018 6
4019 6
4020 6
4021 6
4022 6
4023 6
4024 6
4025 6
4026 6
4027 6
4028 6
4029 6
4030 6
4031 6
4032 6
4033 6
4034 6
4035 6
4036 6
4037 6
4038 6
4039 6
4040 6
4041 6
4042 6
4043 6
4044 6
4045 6
4046 6
4047 6
4048 6
4049 6
4050 6
4051 6
4052 6
4053 6
4054 6
4055 6
4056 6
4057 6
4058 6
4059 6
4060 6
4061 6
4062 6
4063 6
4064 6
4065 6
4066 6
4067 6
4068 6
4069 6
4070 6
4071 6
4072 6
4073 6
4074 6
4075 6
4076 6
4077 6
4078 6
4079 6
4080 6
4081 6
4082 6
4083 6
4084 6
4085 6
4086 6
4087 6
4088 6
4089 6
4090 6
4091 6
4092 6
4093 6
4094 6
4095 6
4096 6
4097 6
4098 6
4099 6
4100 6
4101 6
4102 6
4103 6
4104 6
4105 6
4106 6
4107 6
4108 6
4109 6
4110 6
4111 6
4112 6
4113 6
4114 6
4115 6
4116 6
4117 6
4118 6
4119 6
4120 6
4121 6
4122 6
4123 6
4124 6
4125 6
4126 6
4127 6
4128 6
4129 6
4130 6
4131 6
4132 6
4133 6
4134 6
4135 6
4136 6
4137 6
4138 6
4139 6
4140 6
4141 6
4142 6
4143 6
4144 6
4145 6
4146 6
4147 6
4148 6
4149 6
4150 6
4151 6
4152 6
4153 6
4154 6
4155 6
4156 6
4157 6
4158 6
4159 6
4160 6
4161 6
4162 6
4163 6
4164 6
4165 6
4166 6
4167 6
4168 6
4169 6
4170 6
4171 6
4172 6
4173 6
4174 6
4175 6
4176 6
4177 6
4178 6
4179 6
4180 6
4181 6
4182 6
4183 6
4184 6
4185 6
4186 6
4187 6
4188 6
4189 6
4190 6
4191 6
4192 6
4193 6
4194 6
4195 6
4196 6
4197 6
4198 6
4199 6
4200 6
4201 6
4202 6
4203 6
4204 6
4205 6
4206 6
4207 6
4208 6
4209 6
4210 6
4211 6
4212 6
4213 6
4214 6
4215 6
4216 6
4217 6
4218 6
4219 6
4220 6
4221 6
4222 6
4223 6
4224 6
4225 6
4226 6
4227 6
4228 6
4229 6
4230 6
4231 6
4232 6
4233 6
4234 6
4235 6
4236 6
4237 6
4238 6
4239 6
4240 6
4241 6
4242 6
4243 6
4244 6
4245 6
4246 6
4247 6
4248 6
4249 6
4250 6
4251 6
4252 6
4253 6
4254 6
4255 6
4256 6
4257 6
4258 6
4259 6
4260 6
4261 6
4262 6
4263 6
4264 6
4265 6
4266 6
4267 6
4268 6
4269 6
4270 6
4271 6
4272 6
4273 6
4274 6
4275 6
4276 6
4277 6
4278 6
4279 6
4280 6
4281 6
4282 6
4283 6
4284 6
4285 6
4286 6
4287 6
4288 6
4289 6
4290 6
4291 6
4292 6
4293 6
4294 6
4295 6
4296 6
4297 6
4298 6
4299 6
4300 6
4301 6
4302 6
4303 6
4304 6
4305 6
4306 6
4307 6
4308 6
4309 6
4310 6
4311 6
4312 6
4313 6
4314 6
4315 6
4316 6
4317 6
4318 6
4319 6
4320 6
4321 6
4322 6
4323 6
4324 6
4325 6
4326 6
4327 6
4328 6
4329 6
4330 6
4331 6
4332 6
4333 6
4334 6
4335 6
4336 6
4337 6
4338 6
4339 6
4340 6
4341 6
4342 6
4343 6
4344 6
4345 6
4346 6
4347 6
4348 6
4349 6
4350 6
4351 6
4352 6
4353 6
4354 6
4355 6
4356 6
4357 6
4358 6
4359 6
4360 6
4361 6
4362 6
4363 6
4364 6
4365 6
4366 6
4367 6
4368 6
4369 6
4370 6
4371 6
4372 6
4373 6
4374 6
4375 6
4376 6
4377 6
4378 6
4379 6
4380 6
4381 6
4382 6
4383 6
4384 6
4385 6
4386 6
4387 6
4388 6
4389 6
4390 6
4391 6
4392 6
4393 6
4394 6
4395 6
4396 6
4397 6
4398 6
4399 6
4400 6
4401 6
4402 6
4403 6
4404 6
4405 6
4406 6
4407 6
4408 6
4409 6
4410 6
4411 6
4412 6
4413 6
4414 6
4415 6
4416 6
4417 6
4418 6
4419 6
4420 6
4421 6
4422 6
4423 6
4424 6
4425 6
4426 6
4427 6
4428 6
4429 6
4430 6
4431 6
4432 6
4433 6
4434 6
4435 6
4436 6
4437 6
4438 6
4439 6
4440 6
4441 6
4442 6
4443 6
4444 6
4445 6
4446 6
4447 6
4448 6
4449 6
4450 6
4451 6
4452 6
4453 6
4454 6
4455 6
4456 6
4457 6
4458 6
4459 6
4460 6
4461 6
4462 6
4463 6
4464 6
4465 6
4466 6
4467 6
4468 6
4469 6
4470 6
4471 6
4472 6
4473 6
4474 6
4475 6
4476 6
4477 6
4478 6
4479 6
4480 6
4481 6
4482 6
4483 6
4484 6
4485 6
4486 6
4487 6
4488 6
4489 6
4490 6
4491 6
4492 6
4493 6
4494 6
4495 6
4496 6
4497 6
4498 6
4499 6
4500 6
4501 6
4502 6
4503 6
4504 6
4505 6
4506 6
4507 6
4508 7
4509 7
4510 7
4511 7
4512 7
4513 7
4514 7
4515 7
4516 7
4517 7
4518 7
4519 7
4520 7
4521 7
4522 7
4523 7
4524 7
4525 7
4526 7
4527 7
4528 7
4529 7
4530 7
4531 7
4532 7
4533 7
4534 7
4535 7
4536 7
4537 7
4538 7
4539 7
4540 7
4541 7
4542 7
4543 7
4544 7
4545 7
4546 7
4547 7
4548 7
4549 7
4550 7
4551 7
4552 7
4553 7
4554 7
4555 7
4556 7
4557 7
4558 7
4559 7
4560 7
4561 7
4562 7
4563 7
4564 7
4565 7
4566 7
4567 7
4568 7
4569 7
4570 7
4571 7
4572 7
4573 7
4574 7
4575 7
4576 7
4577 7
4578 7
4579 7
4580 7
4581 7
4582 7
4583 7
4584 7
4585 7
4586 7
4587 7
4588 7
4589 7
4590 7
4591 7
4592 7
4593 7
4594 7
4595 7
4596 7
4597 7
4598 7
4599 7
4600 7
4601 7
4602 7
4603 7
4604 7
4605 7
4606 7
4607 7
4608 7
4609 7
4610 7
4611 7
4612 7
4613 7
4614 7
4615 7
4616 7
4617 7
4618 7
4619 7
4620 7
4621 7
4622 7
4623 7
4624 7
4625 7
4626 7
4627 7
4628 7
4629 7
4630 7
4631 7
4632 7
4633 7
4634 7
4635 7
4636 7
4637 7
4638 7
4639 7
4640 7
4641 7
4642 7
4643 7
4644 7
4645 7
4646 7
4647 7
4648 7
4649 7
4650 7
4651 7
4652 7
4653 7
4654 7
4655 7
4656 7
4657 7
4658 7
4659 7
4660 7
4661 7
4662 7
4663 7
4664 7
4665 7
4666 7
4667 7
4668 7
4669 7
4670 7
4671 7
4672 7
4673 7
4674 7
4675 7
4676 7
4677 7
4678 7
4679 7
4680 7
4681 7
4682 7
4683 7
4684 7
4685 7
4686 7
4687 7
4688 7
4689 7
4690 7
4691 7
4692 7
4693 7
4694 7
4695 7
4696 7
4697 7
4698 7
4699 7
4700 7
4701 7
4702 7
4703 7
4704 7
4705 7
4706 7
4707 7
4708 7
4709 7
4710 7
4711 7
4712 7
4713 7
4714 7
4715 7
4716 7
4717 7
4718 7
4719 7
4720 7
4721 7
4722 7
4723 7
4724 7
4725 7
4726 7
4727 7
4728 7
4729 7
4730 7
4731 7
4732 7
4733 7
4734 7
4735 7
4736 7
4737 7
4738 7
4739 7
4740 7
4741 7
4742 7
4743 7
4744 7
4745 7
4746 7
4747 7
4748 7
4749 7
4750 7
4751 7
4752 7
4753 7
4754 7
4755 7
4756 7
4757 7
4758 7
4759 7
4760 7
4761 7
4762 7
4763 7
4764 7
4765 7
4766 7
4767 7
4768 7
4769 7
4770 7
4771 7
4772 7
4773 7
4774 7
4775 7
4776 7
4777 7
4778 7
4779 7
4780 7
4781 7
4782 7
4783 7
4784 7
4785 7
4786 7
4787 7
4788 7
4789 7
4790 7
4791 7
4792 7
4793 7
4794 7
4795 7
4796 7
4797 7
4798 7
4799 7
4800 7
4801 7
4802 7
4803 7
4804 7
4805 7
4806 7
4807 7
4808 7
4809 7
4810 7
4811 7
4812 7
4813 7
4814 7
4815 7
4816 7
4817 7
4818 7
4819 7
4820 7
4821 7
4822 7
4823 7
4824 7
4825 7
4826 7
4827 7
4828 7
4829 7
4830 7
4831 7
4832 7
4833 7
4834 7
4835 7
4836 7
4837 7
4838 7
4839 7
4840 7
4841 7
4842 7
4843 7
4844 7
4845 7
4846 7
4847 8
4848 8
4849 8
4850 8
4851 8
4852 8
4853 8
4854 8
4855 8
4856 8
4857 8
4858 8
4859 8
4860 8
4861 8
4862 8
4863 8
4864 8
4865 8
4866 8
4867 8
4868 8
4869 8
4870 8
4871 8
4872 8
4873 8
4874 8
4875 8
4876 8
4877 8
4878 8
4879 8
4880 8
4881 8
4882 8
4883 8
4884 8
4885 8
4886 8
4887 8
4888 8
4889 8
4890 8
4891 8
4892 8
4893 8
4894 8
4895 8
4896 8
4897 8
4898 8
4899 8
4900 8
4901 8
4902 8
4903 8
4904 8
4905 8
4906 8
4907 8
4908 8
4909 8
4910 8
4911 8
4912 8
4913 8
4914 8
4915 8
4916 8
4917 8
4918 8
4919 8
4920 8
4921 8
4922 8
4923 8
4924 8
4925 8
4926 8
4927 8
4928 8
4929 8
4930 8
4931 8
4932 8
4933 8
4934 8
4935 8
4936 8
4937 8
4938 8
4939 8
4940 8
4941 8
4942 8
4943 8
4944 8
4945 8
4946 8
4947 8
4948 8
4949 8
4950 8
4951 8
4952 8
4953 8
4954 8
4955 8
4956 8
4957 8
4958 8
4959 8
4960 8
4961 8
4962 8
4963 8
4964 8
4965 8
4966 8
4967 8
4968 8
4969 8
4970 8
4971 8
4972 8
4973 8
4974 8
4975 8
4976 8
4977 8
4978 8
4979 8
4980 8
4981 8
4982 8
4983 8
4984 8
4985 8
4986 8
4987 8
4988 8
4989 8
4990 8
4991 8
4992 8
4993 8
4994 8
4995 8
4996 8
4997 8
4998 8
4999 8
5000 8
5001 8
5002 8
5003 8
5004 8
5005 8
5006 8
5007 8
5008 8
5009 8
5010 8
5011 8
5012 8
5013 8
5014 8
5015 8
5016 8
5017 8
5018 8
5019 8
5020 8
5021 8
5022 8
5023 8
5024 8
5025 8
5026 8
5027 8
5028 8
5029 8
5030 8
5031 8
5032 8
5033 8
5034 8
5035 8
5036 8
5037 8
5038 8
5039 8
5040 8
5041 8
5042 8
5043 8
5044 8
5045 8
5046 8
5047 8
5048 8
5049 8
5050 8
5051 8
5052 8
5053 8
5054 8
5055 8
5056 8
5057 8
5058 8
5059 8
5060 8
5061 8
5062 8
5063 8
5064 8
5065 8
5066 8
5067 8
5068 8
5069 8
5070 8
5071 8
5072 8
5073 8
5074 8
5075 8
5076 8
5077 8
5078 8
5079 8
5080 8
5081 8
5082 8
5083 8
5084 8
5085 8
5086 8
5087 8
5088 8
5089 8
5090 8
5091 8
5092 8
5093 8
5094 8
5095 8
5096 8
5097 8
5098 8
5099 8
5100 8
5101 8
5102 8
5103 8
5104 8
5105 8
5106 8
5107 8
5108 8
5109 8
5110 8
5111 8
5112 8
5113 8
5114 8
5115 8
5116 8
5117 8
5118 8
5119 8
5120 8
5121 8
5122 8
5123 8
5124 8
5125 8
5126 8
5127 8
5128 8
5129 8
5130 8
5131 8
5132 8
5133 8
5134 8
5135 8
5136 8
5137 8
5138 8
5139 8
5140 8
5141 8
5142 8
5143 8
5144 8
5145 8
5146 8
5147 8
5148 8
5149 8
5150 8
5151 8
5152 8
5153 8
5154 8
5155 8
5156 8
5157 8
5158 8
5159 8
5160 8
5161 8
5162 8
5163 8
5164 8
5165 8
5166 8
5167 8
5168 8
5169 8
5170 8
5171 8
5172 8
5173 8
5174 8
5175 8
5176 8
5177 8
5178 8
5179 8
5180 8
5181 8
5182 8
5183 8
5184 8
5185 8
5186 8
5187 8
5188 8
5189 8
5190 8
5191 8
5192 8
5193 8
5194 8
5195 8
5196 8
5197 8
5198 8
5199 8
5200 8
5201 8
5202 8
5203 8
5204 8
5205 8
5206 8
5207 8
5208 8
5209 8
5210 8
5211 8
5212 8
5213 8
5214 8
5215 8
5216 8
5217 8
5218 8
5219 8
5220 8
5221 8
5222 8
5223 8
5224 8
5225 8
5226 8
5227 8
5228 8
5229 8
5230 8
5231 8
5232 8
5233 8
5234 8
5235 8
5236 8
5237 8
5238 8
5239 8
5240 8
5241 8
5242 8
5243 8
5244 8
5245 8
5246 8
5247 8
5248 8
5249 8
5250 8
5251 8
5252 8
5253 8
5254 8
5255 8
5256 8
5257 8
5258 8
5259 8
5260 8
5261 8
5262 8
5263 8
5264 8
5265 8
5266 8
5267 8
5268 8
5269 8
5270 8
5271 8
5272 8
5273 8
5274 8
5275 8
5276 8
5277 8
5278 8
5279 8
5280 8
5281 8
5282 8
5283 8
5284 8
5285 8
5286 8
5287 8
5288 8
5289 8
5290 8
5291 8
5292 8
5293 8
5294 8
5295 8
5296 8
5297 8
5298 8
5299 8
5300 8
5301 8
5302 8
5303 8
5304 8
5305 8
5306 8
5307 8
5308 8
5309 8
5310 8
5311 8
5312 8
5313 8
5314 8
5315 8
5316 8
5317 8
5318 8
5319 8
5320 8
5321 8
5322 8
5323 8
5324 8
5325 8
5326 8
5327 8
5328 8
5329 8
5330 8
5331 8
5332 8
5333 8
5334 8
5335 8
5336 8
5337 8
5338 8
5339 8
5340 8
5341 8
5342 8
5343 8
5344 8
5345 8
5346 8
5347 8
5348 8
5349 8
5350 8
5351 8
5352 8
5353 8
5354 8
5355 8
5356 8
5357 8
5358 8
5359 8
5360 8
5361 8
5362 8
5363 8
5364 8
5365 8
5366 8
5367 8
5368 8
5369 8
5370 8
5371 8
5372 8
5373 8
5374 8
5375 8
5376 8
5377 8
5378 8
5379 8
5380 8
5381 8
5382 8
5383 8
5384 8
5385 8
5386 8
5387 8
5388 8
5389 8
5390 8
5391 8
5392 8
5393 8
5394 8
5395 8
5396 8
5397 8
5398 8
5399 8
5400 8
5401 8
5402 8
5403 8
5404 8
5405 8
5406 8
5407 8
5408 8
5409 8
5410 8
5411 8
5412 8
5413 8
5414 8
5415 8
5416 8
5417 8
5418 8
5419 8
5420 8
5421 8
5422 8
5423 8
5424 8
5425 8
5426 8
5427 8
5428 8
5429 8
5430 8
5431 8
5432 8
5433 8
5434 8
5435 8
5436 8
5437 8
5438 8
5439 8
5440 8
5441 8
5442 8
5443 8
5444 8
5445 8
5446 8
5447 8
5448 8
5449 8
5450 8
5451 8
5452 8
5453 8
5454 8
5455 8
5456 8
5457 8
5458 8
5459 8
5460 8
5461 8
5462 8
5463 8
5464 8
5465 8
5466 8
5467 8
5468 8
5469 8
5470 8
5471 8
5472 8
5473 8
5474 8
5475 8
5476 8
5477 8
5478 8
5479 8
5480 8
5481 8
5482 8
5483 8
5484 8
5485 8
5486 8
5487 8
5488 8
5489 8
5490 8
5491 8
5492 8
5493 8
5494 8
5495 8
5496 8
5497 8
5498 8
5499 8
5500 8
5501 8
5502 8
5503 8
5504 8
5505 8
5506 8
5507 8
5508 8
5509 8
5510 8
5511 8
5512 8
5513 8
5514 8
5515 8
5516 8
5517 8
5518 8
5519 8
5520 8
5521 8
5522 8
5523 8
5524 8
5525 8
5526 8
5527 8
5528 8
5529 8
5530 8
5531 8
5532 8
5533 8
5534 8
5535 8
5536 8
5537 8
5538 8
5539 8
5540 8
5541 8
5542 8
5543 8
5544 8
5545 8
5546 8
5547 8
5548 8
5549 8
5550 8
5551 8
5552 8
5553 8
5554 8
5555 8
5556 8
5557 8
5558 8
5559 8
5560 8
5561 8
5562 8
5563 8
5564 8
5565 8
5566 8
5567 8
5568 8
5569 8
5570 8
5571 8
5572 8
5573 8
5574 8
5575 8
5576 8
5577 8
5578 8
5579 8
5580 8
5581 8
5582 8
5583 8
5584 8
5585 8
5586 8
5587 8
5588 8
5589 8
5590 8
5591 8
5592 8
5593 8
5594 8
5595 8
5596 8
5597 8
5598 8
5599 8
5600 8
5601 8
5602 8
5603 8
5604 8
5605 8
5606 8
5607 8
5608 8
5609 8
5610 8
5611 8
5612 8
5613 8
5614 8
5615 8
5616 8
5617 8
5618 8
5619 8
5620 8
5621 8
5622 8
5623 8
5624 8
5625 8
5626 8
5627 8
5628 8
5629 8
5630 8
5631 8
5632 8
5633 8
5634 8
5635 8
5636 8
5637 8
5638 8
5639 8
5640 8
5641 8
5642 8
5643 8
5644 8
5645 8
5646 8
5647 8
5648 8
5649 8
5650 8
5651 8
5652 8
5653 8
5654 8
5655 8
5656 8
5657 8
5658 8
5659 8
5660 8
5661 8
5662 8
5663 8
5664 8
5665 8
5666 8
5667 8
5668 8
5669 8
5670 8
5671 8
5672 8
5673 8
5674 8
5675 8
5676 8
5677 8
5678 8
5679 8
5680 8
5681 8
5682 8
5683 8
5684 8
5685 8
5686 8
5687 8
5688 8
5689 8
5690 8
5691 8
5692 8
5693 8
5694 8
5695 8
5696 8
5697 8
5698 8
5699 8
5700 8
5701 8
5702 8
5703 8
5704 8
5705 8
5706 8
5707 8
5708 8
5709 8
5710 8
5711 8
5712 8
5713 8
5714 8
5715 8
5716 8
5717 8
5718 8
5719 8
5720 8
5721 8
5722 8
5723 8
5724 8
5725 8
5726 8
5727 8
5728 8
5729 8
5730 8
5731 8
5732 8
5733 8
5734 8
5735 8
5736 8
5737 8
5738 8
5739 8
5740 8
5741 8
5742 8
5743 8
5744 8
5745 8
5746 8
5747 8
5748 8
5749 8
5750 8
5751 8
5752 8
5753 8
5754 8
5755 8
5756 8
5757 8
5758 8
5759 8
5760 8
5761 8
5762 8
5763 8
5764 8
5765 8
5766 8
5767 8
5768 8
5769 8
5770 8
5771 8
5772 8
5773 8
5774 8
5775 8
5776 8
5777 8
5778 8
5779 8
5780 8
5781 8
5782 8
5783 8
5784 8
5785 8
5786 8
5787 8
5788 8
5789 8
5790 8
5791 8
5792 8
5793 8
5794 8
5795 8
5796 8
5797 8
5798 8
5799 8
5800 8
5801 8
5802 8
5803 8
5804 8
5805 8
5806 8
5807 8
5808 8
5809 8
5810 8
5811 8
5812 8
5813 8
5814 8
5815 8
5816 8
5817 8
5818 8
5819 8
5820 8
5821 8
5822 8
5823 8
5824 8
5825 8
5826 8
5827 8
5828 8
5829 8
5830 8
5831 8
5832 8
5833 8
5834 8
5835 8
5836 8
5837 8
5838 8
5839 8
5840 8
5841 8
5842 8
5843 8
5844 8
5845 8
5846 8
5847 8
5848 8
5849 8
5850 8
5851 8
5852 8
5853 8
5854 8
5855 8
5856 8
5857 8
5858 8
5859 8
5860 8
5861 8
5862 8
5863 8
5864 8
5865 8
5866 8
5867 8
5868 8
5869 8
5870 8
5871 8
5872 8
5873 8
5874 8
5875 8
5876 8
5877 8
5878 8
5879 8
5880 8
5881 8
5882 8
5883 8
5884 8
5885 8
5886 8
5887 8
5888 8
5889 8
5890 8
5891 8
5892 8
5893 8
5894 8
5895 8
5896 8
5897 8
5898 8
5899 8
5900 8
5901 8
5902 8
5903 8
5904 8
5905 8
5906 8
5907 8
5908 8
5909 8
5910 8
5911 8
5912 8
5913 8
5914 8
5915 8
5916 8
5917 8
5918 8
5919 8
5920 8
5921 8
5922 8
5923 8
5924 8
5925 8
5926 8
5927 8
5928 8
5929 8
5930 8
5931 8
5932 8
5933 8
5934 8
5935 8
5936 8
5937 8
5938 8
5939 8
5940 8
5941 8
5942 8
5943 8
5944 8
5945 8
5946 8
5947 8
5948 8
5949 8
5950 8
5951 8
5952 8
5953 8
5954 8
5955 8
5956 8
5957 8
5958 8
5959 8
5960 8
5961 8
5962 8
5963 8
5964 8
5965 8
5966 8
5967 8
5968 8
5969 8
5970 8
5971 8
5972 8
5973 8
5974 8
5975 8
5976 8
5977 8
5978 8
5979 8
5980 8
5981 8
5982 8
5983 8
5984 8
5985 8
5986 8
5987 8
5988 8
5989 8
5990 8
5991 8
5992 8
5993 8
5994 8
5995 8
5996 8
5997 8
5998 8
5999 8
6000 8
6001 8
6002 8
6003 8
6004 8
6005 8
6006 8
6007 8
6008 8
6009 8
6010 8
6011 8
6012 8
6013 8
6014 8
6015 8
6016 8
6017 8
6018 8
6019 8
6020 8
6021 8
6022 8
6023 8
6024 8
6025 8
6026 8
6027 8
6028 8
6029 8
6030 8
6031 8
6032 8
6033 8
6034 8
6035 8
6036 8
6037 8
6038 8
6039 8
6040 8
6041 8
6042 8
6043 8
6044 8
6045 8
6046 8
6047 8
6048 8
6049 8
6050 8
6051 8
6052 8
6053 8
6054 8
6055 8
6056 8
6057 8
6058 8
6059 8
6060 8
6061 8
6062 8
6063 8
6064 8
6065 8
6066 8
6067 8
6068 8
6069 8
6070 8
6071 8
6072 8
6073 8
6074 8
6075 8
6076 8
6077 8
6078 8
6079 8
6080 8
6081 9
6082 9
6083 9
6084 9
6085 9
6086 9
6087 9
6088 9
6089 9
6090 9
6091 9
6092 9
6093 9
6094 9
6095 9
6096 9
6097 9
6098 9
6099 9
6100 9
6101 9
6102 9
6103 9
6104 9
6105 9
6106 9
6107 9
6108 9
6109 9
6110 9
6111 9
6112 9
6113 9
6114 9
6115 9
6116 9
6117 9
6118 9
6119 9
6120 9
6121 9
6122 9
6123 9
6124 9
6125 9
6126 9
6127 9
6128 9
6129 9
6130 9
6131 9
6132 9
6133 9
6134 9
6135 9
6136 9
6137 9
6138 9
6139 9
6140 9
6141 9
6142 9
6143 9
6144 9
6145 9
6146 9
6147 9
6148 9
6149 9
6150 9
6151 9
6152 9
6153 9
6154 9
6155 9
6156 9
6157 9
6158 9
6159 9
6160 9
6161 9
6162 9
6163 9
6164 9
6165 9
6166 9
6167 9
6168 9
6169 9
6170 9
6171 9
6172 9
6173 9
6174 9
6175 9
6176 9
6177 9
6178 9
6179 9
6180 9
6181 9
6182 9
6183 9
6184 9
6185 9
6186 9
6187 9
6188 9
6189 9
6190 9
6191 9
6192 9
6193 9
6194 9
6195 9
6196 9
6197 9
6198 9
6199 9
6200 9
6201 9
6202 9
6203 9
6204 9
6205 9
6206 9
6207 9
6208 9
6209 9
6210 9
6211 9
6212 9
6213 9
6214 9
6215 9
6216 9
6217 9
6218 9
6219 9
6220 9
6221 9
6222 9
6223 9
6224 9
6225 9
6226 9
6227 9
6228 9
6229 9
6230 9
6231 9
6232 9
6233 9
6234 9
6235 9
6236 9
6237 9
6238 9
6239 9
6240 9
6241 9
6242 9
6243 9
6244 9
6245 9
6246 9
6247 9
6248 9
6249 9
6250 9
6251 9
6252 9
6253 9
6254 9
6255 9
6256 9
6257 9
6258 9
6259 9
6260 9
6261 9
6262 9
6263 9
6264 9
6265 9
6266 9
6267 9
6268 9
6269 9
6270 9
6271 9
6272 9
6273 9
6274 9
6275 9
6276 9
6277 9
6278 9
6279 9
6280 9
6281 9
6282 9
6283 9
6284 9
6285 9
6286 9
6287 9
6288 9
6289 9
6290 9
6291 9
6292 9
6293 9
6294 9
6295 9
6296 9
6297 9
6298 9
6299 9
6300 9
6301 9
6302 9
6303 9
6304 9
6305 9
6306 9
6307 9
6308 9
6309 9
6310 9
6311 9
6312 9
6313 9
6314 9
6315 9
6316 9
6317 9
6318 9
6319 9
6320 9
6321 9
6322 9
6323 9
6324 9
6325 9
6326 9
6327 9
6328 9
6329 9
6330 9
6331 9
6332 9
6333 9
6334 9
6335 9
6336 9
6337 9
6338 9
6339 9
6340 9
6341 9
6342 9
6343 9
6344 9
6345 9
6346 9
6347 9
6348 9
6349 9
6350 9
6351 9
6352 9
6353 9
6354 9
6355 9
6356 9
6357 9
6358 9
6359 9
6360 9
6361 9
6362 9
6363 9
6364 9
6365 9
6366 9
6367 9
6368 9
6369 9
6370 9
6371 9
6372 9
6373 9
6374 9
6375 9
6376 9
6377 9
6378 9
6379 9
6380 9
6381 9
6382 9
6383 9
6384 9
6385 9
6386 9
6387 9
6388 9
6389 9
6390 9
6391 9
6392 9
6393 9
6394 9
6395 9
6396 9
6397 9
6398 9
6399 9
6400 9
6401 9
6402 9
6403 9
6404 9
6405 9
6406 9
6407 9
6408 9
6409 9
6410 9
6411 9
6412 9
6413 9
6414 9
6415 9
6416 9
6417 9
6418 9
6419 9
6420 9
6421 9
6422 9
6423 9
6424 9
6425 9
6426 9
6427 9
6428 9
6429 9
6430 9
6431 9
6432 9
6433 9
6434 9
6435 9
6436 9
6437 9
6438 9
6439 9
6440 9
6441 9
6442 9
6443 9
6444 9
6445 9
6446 9
6447 9
6448 9
6449 9
6450 9
6451 9
6452 9
6453 9
6454 9
6455 9
6456 9
6457 9
6458 9
6459 9
6460 9
6461 9
6462 9
6463 9
6464 9
6465 9
6466 9
6467 9
6468 9
6469 9
6470 9
6471 9
6472 9
6473 9
6474 9
6475 9
6476 9
6477 9
6478 9
6479 9
6480 9
6481 9
6482 9
6483 9
6484 9
6485 9
6486 9
6487 9
6488 9
6489 9
6490 9
6491 9
6492 9
6493 9
6494 9
6495 9
6496 9
6497 9
6498 9
6499 9
6500 9
6501 9
6502 9
6503 9
6504 9
6505 9
6506 9
6507 9
6508 9
6509 9
6510 9
6511 9
6512 9
6513 9
6514 9
6515 9
6516 9
6517 9
6518 9
6519 9
6520 9
6521 9
6522 9
6523 9
6524 9
6525 9
6526 9
6527 9
6528 9
6529 9
6530 9
6531 9
6532 9
6533 9
6534 9
6535 9
6536 9
6537 9
6538 9
6539 9
6540 9
6541 9
6542 9
6543 9
6544 9
6545 9
6546 9
6547 9
6548 9
6549 9
6550 9
6551 9
6552 9
6553 9
6554 9
6555 9
6556 9
6557 9
6558 9
6559 9
6560 9
6561 9
6562 9
6563 9
6564 9
6565 9
6566 9
6567 9
6568 9
6569 9
6570 9
6571 9
6572 9
6573 9
6574 9
6575 9
6576 9
6577 9
6578 9
6579 9
6580 9
6581 9
6582 9
6583 9
6584 9
6585 9
6586 9
6587 9
6588 9
6589 9
6590 9
6591 9
6592 9
6593 9
6594 9
6595 9
6596 9
6597 9
6598 9
6599 9
6600 9
6601 9
6602 9
6603 9
6604 9
6605 9
6606 9
6607 9
6608 9
6609 9
6610 9
6611 9
6612 9
6613 9
6614 9
6615 9
6616 9
6617 9
6618 9
6619 9
6620 9
6621 9
6622 9
6623 9
6624 9
6625 9
6626 9
6627 9
6628 9
6629 9
6630 9
6631 9
6632 9
6633 9
6634 9
6635 9
6636 9
6637 9
6638 9
6639 9
6640 9
6641 9
6642 9
6643 9
6644 9
6645 9
6646 9
6647 9
6648 9
6649 9
6650 9
6651 9
6652 9
6653 9
6654 9
6655 9
6656 9
6657 9
6658 9
6659 9
6660 9
6661 9
6662 9
6663 9
6664 9
6665 9
6666 9
6667 9
6668 9
6669 9
6670 9
6671 9
6672 9
6673 9
6674 9
6675 9
6676 9
6677 9
6678 9
6679 9
6680 9
6681 9
6682 9
6683 9
6684 9
6685 9
6686 9
6687 9
6688 9
6689 9
6690 9
6691 9
6692 9
6693 9
6694 9
6695 9
6696 9
6697 9
6698 9
6699 9
6700 9
6701 9
6702 9
6703 9
6704 9
6705 9
6706 9
6707 9
6708 9
6709 9
6710 9
6711 9
6712 9
6713 9
6714 9
6715 9
6716 9
6717 9
6718 9
6719 9
6720 9
6721 9
6722 9
6723 9
6724 9
6725 9
6726 9
6727 9
6728 9
6729 9
6730 9
6731 9
6732 9
6733 9
6734 9
6735 9
6736 9
6737 9
6738 9
6739 9
6740 9
6741 9
6742 9
6743 9
6744 9
6745 9
6746 9
6747 9
6748 9
6749 9
6750 9
6751 9
6752 9
6753 9
6754 9
6755 9
6756 9
6757 9
6758 9
6759 9
6760 9
6761 9
6762 9
6763 9
6764 9
6765 9
6766 9
6767 9
6768 9
6769 9
6770 9
6771 9
6772 9
6773 9
6774 9
6775 9
6776 9
6777 9
6778 9
6779 9
6780 9
6781 9
6782 9
6783 9
6784 9
6785 9
6786 9
6787 9
6788 9
6789 9
6790 9
6791 9
6792 9
6793 9
6794 9
6795 9
6796 9
6797 9
6798 9
6799 9
6800 9
6801 9
6802 9
6803 9
6804 9
6805 9
6806 9
6807 9
6808 9
6809 9
6810 9
6811 9
6812 9
6813 9
6814 9
6815 9
6816 9
6817 9
6818 9
6819 9
6820 9
6821 9
6822 9
6823 9
6824 9
6825 9
6826 9
6827 9
6828 9
6829 9
6830 9
6831 9
6832 9
6833 9
6834 9
6835 9
6836 9
6837 9
6838 9
6839 9
6840 9
6841 9
6842 9
6843 9
6844 9
6845 9
6846 9
6847 9
6848 9
6849 9
6850 9
6851 9
6852 9
6853 9
6854 9
6855 9
6856 9
6857 9
6858 9
6859 9
6860 9
6861 9
6862 9
6863 9
6864 9
6865 9
6866 9
6867 9
6868 9
6869 9
6870 9
6871 9
6872 9
6873 9
6874 9
6875 9
6876 9
6877 9
6878 9
6879 9
6880 9
6881 9
6882 9
6883 9
6884 9
6885 9
6886 9
6887 9
6888 9
6889 9
6890 9
6891 9
6892 9
6893 9
6894 9
6895 9
6896 9
6897 9
6898 9
6899 9
6900 9
6901 9
6902 9
6903 9
6904 9
6905 9
6906 9
6907 9
6908 9
6909 9
6910 9
6911 9
6912 9
6913 9
6914 9
6915 9
6916 9
6917 9
6918 9
6919 9
6920 9
6921 9
6922 9
6923 9
6924 9
6925 9
6926 9
6927 9
6928 9
6929 9
6930 9
6931 9
6932 9
6933 9
6934 9
6935 9
6936 9
6937 9
6938 9
6939 9
6940 9
6941 9
6942 9
6943 9
6944 9
6945 9
6946 9
6947 9
6948 9
6949 9
6950 9
6951 9
6952 9
6953 9
6954 9
6955 9
6956 9
6957 9
6958 9
6959 9
6960 9
6961 9
6962 9
6963 9
6964 9
6965 9
6966 9
6967 9
6968 9
6969 9
6970 9
6971 9
6972 9
6973 9
6974 9
6975 9
6976 9
6977 9
6978 9
6979 9
6980 9
6981 9
6982 9
6983 9
6984 9
6985 9
6986 9
6987 9
6988 9
6989 9
6990 9
6991 9
6992 9
6993 9
6994 9
6995 9
6996 9
6997 9
6998 9
6999 9
7000 9
7001 9
7002 9
7003 9
7004 9
7005 9
7006 9
7007 9
7008 9
7009 9
7010 9
7011 9
7012 9
7013 9
7014 9
7015 9
7016 9
7017 9
7018 9
7019 9
7020 9
7021 9
7022 9
7023 9
7024 9
7025 9
7026 9
7027 9
7028 9
7029 9
7030 9
7031 9
7032 9
7033 9
7034 9
7035 9
7036 9
7037 9
7038 9
7039 9
7040 9
7041 9
7042 9
7043 9
7044 9
7045 9
7046 9
7047 9
7048 9
7049 9
7050 9
7051 9
7052 9
7053 9
7054 9
7055 9
7056 9
7057 9
7058 9
7059 9
7060 9
7061 9
7062 9
7063 9
7064 9
7065 9
7066 9
7067 9
7068 9
7069 9
7070 9
7071 9
7072 9
7073 9
7074 9
7075 9
7076 9
7077 9
7078 9
7079 9
7080 9
7081 9
7082 9
7083 9
7084 9
7085 9
7086 9
7087 9
7088 9
7089 9
7090 9
7091 9
7092 9
7093 9
7094 9
7095 9
7096 9
7097 9
7098 9
7099 9
7100 9
7101 9
7102 9
7103 9
7104 9
7105 9
7106 9
7107 9
7108 9
7109 9
7110 9
7111 9
7112 9
7113 9
7114 9
7115 9
7116 9
7117 9
7118 9
7119 9
7120 9
7121 9
7122 9
7123 9
7124 9
7125 9
7126 9
7127 9
7128 9
7129 9
7130 9
7131 9
7132 9
7133 9
7134 9
7135 9
7136 9
7137 9
7138 9
7139 9
7140 9
7141 9
7142 9
7143 9
7144 9
7145 9
7146 9
7147 9
7148 9
7149 9
7150 9
7151 9
7152 9
7153 9
7154 9
7155 9
7156 9
7157 9
7158 9
7159 9
7160 9
7161 9
7162 9
7163 9
7164 9
7165 9
7166 9
7167 9
7168 9
7169 9
7170 9
7171 9
7172 9
7173 9
7174 9
7175 9
7176 9
7177 9
7178 9
7179 9
7180 9
7181 9
7182 9
7183 9
7184 9
7185 9
7186 9
7187 9
7188 9
7189 9
7190 9
7191 9
7192 9
7193 9
7194 9
7195 9
7196 9
7197 9
7198 9
7199 9
7200 9
7201 9
7202 9
7203 9
7204 9
7205 9
7206 9
7207 9
7208 9
7209 9
7210 9
7211 9
7212 9
7213 9
7214 9
7215 9
7216 9
7217 9
7218 9
7219 9
7220 9
7221 9
7222 9
7223 9
7224 9
7225 9
7226 9
7227 9
7228 9
7229 9
7230 9
7231 9
7232 9
7233 9
7234 9
7235 9
7236 9
7237 9
7238 9
7239 9
7240 9
7241 9
7242 9
7243 9
7244 9
7245 9
7246 9
7247 9
7248 9
7249 9
7250 9
7251 9
7252 9
7253 9
7254 9
7255 9
7256 9
7257 9
7258 9
7259 9
7260 9
7261 9
7262 9
7263 9
7264 9
7265 9
7266 9
7267 9
7268 9
7269 9
7270 9
7271 9
7272 9
7273 9
7274 9
7275 9
7276 9
7277 9
7278 9
7279 9
7280 9
7281 9
7282 9
7283 9
7284 9
7285 9
7286 9
7287 9
7288 9
7289 9
7290 9
7291 9
7292 9
7293 9
7294 9
7295 9
7296 9
7297 9
7298 9
7299 9
7300 9
7301 9
7302 9
7303 9
7304 9
7305 9
7306 9
7307 9
7308 9
7309 9
7310 9
7311 9
7312 9
7313 9
7314 9
7315 9
7316 9
7317 9
7318 9
7319 9
7320 9
7321 9
7322 9
7323 9
7324 9
7325 9
7326 9
7327 9
7328 9
7329 9
7330 9
7331 9
7332 9
7333 9
7334 9
7335 9
7336 9
7337 9
7338 9
7339 9
7340 9
7341 9
7342 9
7343 9
7344 9
7345 9
7346 9
7347 9
7348 9
7349 9
7350 9
7351 9
7352 9
7353 9
7354 9
7355 9
7356 9
7357 9
7358 9
7359 9
7360 9
7361 9
7362 9
7363 9
7364 9
7365 9
7366 9
7367 9
7368 9
7369 9
7370 9
7371 9
7372 9
7373 9
7374 9
7375 9
7376 9
7377 9
7378 9
7379 9
7380 9
7381 9
7382 9
7383 9
7384 9
7385 9
7386 9
7387 9
7388 9
7389 9
7390 9
7391 9
7392 9
7393 9
7394 9
7395 9
7396 9
7397 9
7398 9
7399 9
7400 9
7401 9
7402 9
7403 9
7404 9
7405 9
7406 9
7407 9
7408 9
7409 9
7410 9
7411 9
7412 9
7413 9
7414 9
7415 9
7416 9
7417 9
7418 9
7419 9
7420 9
7421 9
7422 9
7423 9
7424 9
7425 9
7426 9
7427 9
7428 9
7429 9
7430 9
7431 9
7432 9
7433 9
7434 9
7435 9
7436 9
7437 9
7438 9
7439 9
7440 9
7441 9
7442 9
7443 9
7444 9
7445 9
7446 9
7447 9
7448 9
7449 9
7450 9
7451 9
7452 9
7453 9
7454 9
7455 9
7456 9
7457 9
7458 9
7459 9
7460 9
7461 9
7462 9
7463 9
7464 9
7465 9
7466 9
7467 9
7468 9
7469 9
7470 9
7471 9
7472 9
7473 9
7474 9
7475 9
7476 9
7477 9
7478 9
7479 9
7480 9
7481 9
7482 9
7483 9
7484 9
7485 9
7486 9
7487 9
7488 9
7489 9
7490 9
7491 9
7492 9
7493 9
7494 9
7495 9
7496 9
7497 9
7498 9
7499 9
7500 9
7501 9
7502 9
7503 9
7504 9
7505 9
7506 9
7507 9
7508 9
7509 9
7510 9
7511 9
7512 9
7513 9
7514 9
7515 9
7516 9
7517 9
7518 9
7519 9
7520 9
7521 9
7522 9
7523 9
7524 9
7525 9
7526 9
7527 9
7528 9
7529 9
7530 9
7531 9
7532 9
7533 9
7534 9
7535 9
7536 9
7537 9
7538 9
7539 9
7540 9
7541 9
7542 9
7543 9
7544 9
7545 9
7546 9
7547 9
7548 9
7549 9
7550 9
7551 9
7552 9
7553 9
7554 9
7555 9
7556 9
7557 9
7558 9
7559 9
7560 9
7561 9
7562 9
7563 9
7564 9
7565 9
7566 9
7567 9
7568 9
7569 9
7570 9
7571 9
7572 9
7573 9
7574 9
7575 9
7576 9
7577 9
7578 9
7579 9
7580 9
7581 9
7582 9
7583 9
7584 9
7585 9
7586 9
7587 9
7588 9
7589 9
7590 9
7591 9
7592 9
7593 9
7594 9
7595 9
7596 9
7597 9
7598 9
7599 9
7600 9
7601 9
7602 9
7603 9
7604 9
7605 9
7606 9
7607 9
7608 9
7609 9
7610 9
7611 9
7612 9
7613 9
7614 9
7615 9
7616 9
7617 9
7618 9
7619 9
7620 9
7621 9
7622 9
7623 9
7624 9
7625 9
7626 9
7627 9
7628 9
7629 9
7630 9
7631 9
7632 9
7633 9
7634 9
7635 9
7636 9
7637 9
7638 9
7639 9
7640 9
7641 9
7642 9
7643 9
7644 9
7645 9
7646 9
7647 9
7648 9
7649 9
7650 9
7651 9
7652 9
7653 9
7654 9
7655 9
7656 9
7657 9
7658 9
7659 9
7660 9
7661 9
7662 9
7663 9
7664 9
7665 9
7666 9
7667 9
7668 9
7669 9
7670 9
7671 9
7672 9
7673 9
7674 9
7675 9
7676 9
7677 9
7678 9
7679 9
7680 9
7681 9
7682 9
7683 9
7684 9
7685 9
7686 9
7687 9
7688 9
7689 9
7690 9
7691 9
7692 9
7693 9
7694 9
7695 9
7696 9
7697 9
7698 9
7699 9
7700 9
7701 9
7702 9
7703 9
7704 9
7705 9
7706 9
7707 9
7708 9
7709 9
7710 9
7711 9
7712 9
7713 9
7714 9
7715 9
7716 9
7717 9
7718 9
7719 9
7720 9
7721 9
7722 9
7723 9
7724 9
7725 9
7726 9
7727 9
7728 9
7729 9
7730 9
7731 9
7732 9
7733 9
7734 9
7735 9
7736 9
7737 9
7738 9
7739 9
7740 9
7741 9
7742 9
7743 9
7744 9
7745 9
7746 9
7747 9
7748 9
7749 9
7750 9
7751 9
7752 9
7753 9
7754 9
7755 9
7756 9
7757 9
7758 9
7759 9
7760 9
7761 9
7762 9
7763 9
7764 9
7765 9
7766 9
7767 9
7768 9
7769 9
7770 9
7771 9
7772 9
7773 9
7774 9
7775 9
7776 9
7777 9
7778 9
7779 9
7780 9
7781 9
7782 9
7783 9
7784 9
7785 9
7786 9
7787 9
7788 9
7789 9
7790 9
7791 9
7792 9
7793 9
7794 9
7795 9
7796 9
7797 9
7798 9
7799 9
7800 9
7801 9
7802 9
7803 9
7804 9
7805 9
7806 9
7807 9
7808 9
7809 9
7810 9
7811 9
7812 9
7813 9
7814 9
7815 9
7816 9
7817 9
7818 9
7819 9
7820 9
7821 9
7822 9
7823 9
7824 9
7825 9
7826 9
7827 9
7828 9
7829 9
7830 9
7831 9
7832 9
7833 9
7834 9
7835 9
7836 9
7837 9
7838 9
7839 9
7840 9
7841 9
7842 9
7843 9
7844 9
7845 9
7846 9
7847 9
7848 9
7849 9
7850 9
7851 9
7852 9
7853 9
7854 9
7855 9
7856 9
7857 9
7858 9
7859 9
7860 9
7861 9
7862 9
7863 9
7864 9
7865 9
7866 9
7867 9
7868 9
7869 9
7870 9
7871 9
7872 9
7873 9
7874 9
7875 9
7876 9
7877 9
7878 9
7879 9
7880 9
7881 9
7882 9
7883 9
7884 9
7885 9
7886 9
7887 9
7888 9
7889 9
7890 9
7891 9
7892 9
7893 9
7894 9
7895 9
7896 9
7897 9
7898 9
7899 9
7900 9
7901 9
7902 9
7903 9
7904 9
7905 9
7906 9
7907 9
7908 9
7909 9
7910 9
7911 9
7912 9
7913 9
7914 9
7915 9
7916 9
7917 9
7918 9
7919 9
7920 9
7921 9
7922 9
7923 9
7924 9
7925 9
7926 9
7927 9
7928 9
7929 9
7930 9
7931 9
7932 9
7933 9
7934 9
7935 9
7936 9
7937 9
7938 9
7939 9
7940 9
7941 9
7942 9
7943 9
7944 9
7945 9
7946 9
7947 9
7948 9
7949 9
7950 9
7951 9
7952 9
7953 9
7954 9
7955 9
7956 9
7957 9
7958 9
7959 9
7960 9
7961 9
7962 9
7963 9
7964 9
7965 9
7966 9
7967 9
7968 9
7969 9
7970 9
7971 9
7972 9
7973 9
7974 9
7975 9
7976 9
7977 9
7978 9
7979 9
7980 9
7981 9
7982 9
7983 9
7984 9
7985 9
7986 9
7987 9
7988 9
7989 9
7990 9
7991 9
7992 9
7993 9
7994 9
7995 9
7996 9
7997 9
7998 9
7999 9
8000 9
8001 9
8002 9
8003 9
8004 9
8005 9
8006 9
8007 9
8008 9
8009 9
8010 9
8011 9
8012 9
8013 9
8014 9
8015 9
8016 9
8017 9
8018 9
8019 9
8020 9
8021 9
8022 9
8023 9
8024 9
8025 9
8026 9
8027 9
8028 9
8029 9
8030 9
8031 9
8032 9
8033 9
8034 9
8035 9
8036 9
8037 9
8038 9
8039 9
8040 9
8041 9
8042 9
8043 9
8044 9
8045 9
8046 9
8047 9
8048 9
8049 9
8050 9
8051 9
8052 9
8053 9
8054 9
8055 9
8056 9
8057 9
8058 9
8059 9
8060 9
8061 9
8062 9
8063 9
8064 9
8065 9
8066 9
8067 9
8068 9
8069 9
8070 9
8071 9
8072 9
8073 9
8074 9
8075 9
8076 9
8077 9
8078 9
8079 9
8080 9
8081 9
8082 9
8083 9
8084 9
8085 9
8086 9
8087 9
8088 9
8089 9
8090 9
8091 9
8092 9
8093 9
8094 9
8095 9
8096 9
8097 9
8098 9
8099 9
8100 9
8101 9
8102 9
8103 9
8104 9
8105 9
8106 9
8107 9
8108 9
8109 9
8110 9
8111 9
8112 9
8113 9
8114 9
8115 9
8116 9
8117 9
8118 9
8119 9
8120 9
8121 9
8122 9
8123 9
8124 9
8125 9
8126 9
8127 9
8128 9
8129 10
8130 10
8131 10
8132 10
8133 10
8134 10
8135 10
8136 10
8137 10
8138 10
8139 10
8140 10
8141 10
8142 10
8143 10
8144 10
8145 10
8146 10
8147 10
8148 10
8149 10
8150 10
8151 10
8152 10
8153 10
8154 10
8155 10
8156 10
8157 10
8158 10
8159 10
8160 10
8161 10
8162 10
8163 10
8164 10
8165 10
8166 10
8167 10
8168 10
8169 10
8170 10
8171 10
8172 10
8173 10
8174 10
8175 10
8176 10
8177 10
8178 10
8179 10
8180 10
8181 10
8182 10
8183 10
8184 10
8185 10
8186 10
8187 10
8188 10
8189 10
8190 10
8191 10
8192 10
8193 10
8194 10
8195 10
8196 10
8197 10
8198 10
8199 10
8200 10
8201 10
8202 10
8203 10
8204 10
8205 10
8206 10
8207 10
8208 10
8209 10
8210 10
8211 10
8212 10
8213 10
8214 10
8215 10
8216 10
8217 10
8218 10
8219 10
8220 10
8221 10
8222 10
8223 10
8224 10
8225 10
8226 10
8227 10
8228 10
8229 10
8230 10
8231 10
8232 10
8233 10
8234 10
8235 10
8236 10
8237 10
8238 10
8239 10
8240 10
8241 10
8242 10
8243 10
8244 10
8245 10
8246 10
8247 10
8248 10
8249 10
8250 10
8251 10
8252 10
8253 10
8254 10
8255 10
8256 10
8257 10
8258 10
8259 10
8260 10
8261 10
8262 10
8263 10
8264 10
8265 10
8266 10
8267 10
8268 10
8269 10
8270 10
8271 10
8272 10
8273 10
8274 10
8275 10
8276 10
8277 10
8278 10
8279 10
8280 10
8281 10
8282 10
8283 10
8284 10
8285 10
8286 10
8287 10
8288 10
8289 10
8290 10
8291 10
8292 10
8293 10
8294 10
8295 10
8296 10
8297 10
8298 10
8299 10
8300 10
8301 10
8302 10
8303 10
8304 10
8305 10
8306 10
8307 10
8308 10
8309 10
8310 10
8311 10
8312 10
8313 10
8314 10
8315 10
8316 10
8317 10
8318 10
8319 10
8320 10
8321 10
8322 10
8323 10
8324 10
8325 10
8326 10
8327 10
8328 10
8329 10
8330 10
8331 10
8332 10
8333 10
8334 10
8335 10
8336 10
8337 10
8338 10
8339 10
8340 10
8341 10
8342 10
8343 10
8344 10
8345 10
8346 10
8347 10
8348 10
8349 10
8350 10
8351 10
8352 10
8353 10
8354 10
8355 10
8356 10
8357 10
8358 10
8359 10
8360 10
8361 10
8362 10
8363 10
8364 10
8365 10
8366 10
8367 10
8368 10
8369 10
8370 10
8371 10
8372 10
8373 10
8374 10
8375 10
8376 10
8377 10
8378 10
8379 10
8380 10
8381 10
8382 10
8383 10
8384 10
8385 10
8386 10
8387 10
8388 10
8389 10
8390 10
8391 10
8392 10
8393 10
8394 10
8395 10
8396 10
8397 10
8398 10
8399 10
8400 10
8401 10
8402 10
8403 10
8404 10
8405 10
8406 10
8407 10
8408 10
8409 10
8410 10
8411 10
8412 10
8413 10
8414 10
8415 10
8416 10
8417 10
8418 10
8419 10
8420 10
8421 10
8422 10
8423 10
8424 10
8425 10
8426 10
8427 10
8428 10
8429 10
8430 10
8431 10
8432 10
8433 10
8434 10
8435 10
8436 10
8437 10
8438 10
8439 10
8440 10
8441 10
8442 10
8443 10
8444 10
8445 10
8446 10
8447 10
8448 10
8449 10
8450 10
8451 10
8452 10
8453 10
8454 10
8455 10
8456 10
8457 10
8458 10
8459 10
8460 10
8461 10
8462 10
8463 10
8464 10
8465 10
8466 10
8467 10
8468 10
8469 10
8470 10
8471 10
8472 10
8473 10
8474 10
8475 11
8476 11
8477 11
8478 11
8479 11
8480 11
8481 11
8482 11
8483 11
8484 11
8485 11
8486 11
8487 11
8488 11
8489 11
8490 11
8491 11
8492 11
8493 11
8494 11
8495 11
8496 11
8497 11
8498 11
8499 11
8500 11
8501 11
8502 11
8503 11
8504 11
8505 11
8506 11
8507 11
8508 11
8509 11
8510 11
8511 11
8512 11
8513 11
8514 11
8515 11
8516 11
8517 11
8518 11
8519 11
8520 11
8521 11
8522 11
8523 11
8524 11
8525 11
8526 11
8527 11
8528 11
8529 11
8530 11
8531 11
8532 11
8533 11
8534 11
8535 11
8536 11
8537 11
8538 11
8539 11
8540 11
8541 11
8542 11
8543 11
8544 11
8545 11
8546 11
8547 11
8548 11
8549 11
8550 11
8551 11
8552 11
8553 11
8554 11
8555 11
8556 11
8557 11
8558 11
8559 11
8560 11
8561 11
8562 11
8563 11
8564 11
8565 11
8566 11
8567 11
8568 11
8569 11
8570 11
8571 11
8572 11
8573 11
8574 11
8575 11
8576 11
8577 11
8578 11
8579 11
8580 11
8581 11
8582 11
8583 11
8584 11
8585 11
8586 11
8587 11
8588 11
8589 11
8590 11
8591 11
8592 11
8593 11
8594 11
8595 11
8596 11
8597 11
8598 11
8599 11
8600 11
8601 11
8602 11
8603 11
8604 11
8605 11
8606 11
8607 11
8608 11
8609 11
8610 11
8611 11
8612 11
8613 11
8614 11
8615 11
8616 11
8617 11
8618 11
8619 11
8620 11
8621 11
8622 11
8623 11
8624 11
8625 11
8626 11
8627 11
8628 11
8629 11
8630 11
8631 11
8632 11
8633 11
8634 11
8635 11
8636 11
8637 11
8638 11
8639 11
8640 11
8641 11
8642 11
8643 11
8644 11
8645 11
8646 11
8647 11
8648 11
8649 11
8650 11
8651 11
8652 11
8653 11
8654 11
8655 11
8656 11
8657 11
8658 11
8659 11
8660 11
8661 11
8662 11
8663 11
8664 11
8665 11
8666 11
8667 11
8668 11
8669 11
8670 11
8671 11
8672 11
8673 11
8674 11
8675 11
8676 11
8677 11
8678 11
8679 11
8680 11
8681 11
8682 11
8683 11
8684 11
8685 11
8686 11
8687 11
8688 11
8689 11
8690 11
8691 11
8692 11
8693 11
8694 11
8695 11
8696 11
8697 11
8698 11
8699 11
8700 11
8701 11
8702 11
8703 11
8704 11
8705 11
8706 11
8707 11
8708 11
8709 11
8710 11
8711 11
8712 11
8713 11
8714 11
8715 11
8716 11
8717 11
8718 11
8719 11
8720 11
8721 11
8722 11
8723 11
8724 11
8725 11
8726 11
8727 11
8728 11
8729 11
8730 11
8731 11
8732 11
8733 11
8734 11
8735 11
8736 11
8737 11
8738 11
8739 11
8740 11
8741 11
8742 11
8743 11
8744 11
8745 11
8746 11
8747 11
8748 11
8749 11
8750 11
8751 11
8752 11
8753 11
8754 11
8755 11
8756 11
8757 11
8758 11
8759 11
8760 11
8761 11
8762 11
8763 11
8764 11
8765 11
8766 11
8767 11
8768 11
8769 11
8770 11
8771 11
8772 11
8773 11
8774 11
8775 11
8776 11
8777 11
8778 11
8779 11
8780 11
8781 11
8782 11
8783 11
8784 11
8785 11
8786 11
8787 11
8788 11
8789 11
8790 11
8791 11
8792 11
8793 11
8794 11
8795 11
8796 11
8797 11
8798 11
8799 11
8800 11
8801 11
8802 11
8803 11
8804 11
8805 11
8806 11
8807 11
8808 11
8809 11
8810 11
8811 11
8812 11
8813 11
8814 11
8815 11
8816 11
8817 11
8818 11
8819 11
8820 11
8821 11
8822 11
8823 11
8824 11
8825 11
8826 11
8827 11
8828 11
8829 11
8830 12
8831 12
8832 12
8833 12
8834 12
8835 12
8836 12
8837 12
8838 12
8839 12
8840 12
8841 12
8842 12
8843 12
8844 12
8845 12
8846 12
8847 12
8848 12
8849 12
8850 12
8851 12
8852 12
8853 12
8854 12
8855 12
8856 12
8857 12
8858 12
8859 12
8860 12
8861 12
8862 12
8863 12
8864 12
8865 12
8866 12
8867 12
8868 12
8869 12
8870 12
8871 12
8872 12
8873 12
8874 12
8875 12
8876 12
8877 12
8878 12
8879 12
8880 12
8881 12
8882 12
8883 12
8884 12
8885 12
8886 12
8887 12
8888 12
8889 12
8890 12
8891 12
8892 12
8893 12
8894 12
8895 12
8896 12
8897 12
8898 12
8899 12
8900 12
8901 12
8902 12
8903 12
8904 12
8905 12
8906 12
8907 12
8908 12
8909 12
8910 12
8911 12
8912 12
8913 12
8914 12
8915 12
8916 12
8917 12
8918 12
8919 12
8920 12
8921 12
8922 12
8923 12
8924 12
8925 12
8926 12
8927 12
8928 12
8929 12
8930 12
8931 12
8932 12
8933 12
8934 12
8935 12
8936 12
8937 12
8938 12
8939 12
8940 12
8941 12
8942 12
8943 12
8944 12
8945 12
8946 12
8947 12
8948 12
8949 12
8950 12
8951 12
8952 12
8953 12
8954 12
8955 12
8956 12
8957 12
8958 12
8959 12
8960 12
8961 12
8962 12
8963 12
8964 12
8965 12
8966 12
8967 12
8968 12
8969 12
8970 12
8971 12
8972 12
8973 12
8974 12
8975 12
8976 12
8977 12
8978 12
8979 12
8980 12
8981 12
8982 12
8983 12
8984 12
8985 12
8986 12
8987 12
8988 12
8989 12
8990 12
8991 12
8992 12
8993 12
8994 12
8995 12
8996 12
8997 12
8998 12
8999 12
9000 12
9001 12
9002 12
9003 12
9004 12
9005 12
9006 12
9007 12
9008 12
9009 12
9010 12
9011 12
9012 12
9013 12
9014 12
9015 12
9016 12
9017 12
9018 12
9019 12
9020 12
9021 12
9022 12
9023 12
9024 12
9025 12
9026 12
9027 12
9028 12
9029 12
9030 12
9031 12
9032 12
9033 12
9034 12
9035 12
9036 12
9037 12
9038 12
9039 12
9040 12
9041 12
9042 12
9043 12
9044 12
9045 12
9046 12
9047 12
9048 12
9049 12
9050 12
9051 12
9052 12
9053 12
9054 12
9055 12
9056 12
9057 12
9058 12
9059 12
9060 12
9061 12
9062 12
9063 12
9064 12
9065 12
9066 12
9067 12
9068 12
9069 12
9070 12
9071 12
9072 12
9073 12
9074 12
9075 12
9076 12
9077 12
9078 12
9079 12
9080 12
9081 12
9082 12
9083 12
9084 12
9085 12
9086 12
9087 12
9088 12
9089 12
9090 12
9091 12
9092 12
9093 12
9094 12
9095 12
9096 12
9097 12
9098 12
9099 12
9100 12
9101 12
9102 12
9103 12
9104 12
9105 12
9106 12
9107 12
9108 12
9109 12
9110 12
9111 12
9112 12
9113 12
9114 12
9115 12
9116 12
9117 12
9118 12
9119 12
9120 12
9121 12
9122 12
9123 12
9124 12
9125 12
9126 12
9127 12
9128 12
9129 12
9130 12
9131 12
9132 12
9133 12
9134 12
9135 12
9136 12
9137 12
9138 12
9139 12
9140 12
9141 12
9142 12
9143 12
9144 12
9145 12
9146 12
9147 12
9148 12
9149 12
9150 12
9151 12
9152 12
9153 12
9154 12
9155 12
9156 12
9157 12
9158 12
9159 12
9160 12
9161 12
9162 12
9163 12
9164 12
9165 12
9166 12
9167 12
9168 12
9169 12
9170 12
9171 12
9172 12
9173 12
9174 12
9175 12
9176 12
9177 12
9178 12
9179 12
9180 12
9181 12
9182 12
9183 12
9184 12
9185 12
9186 12
9187 12
9188 12
9189 12
9190 12
9191 12
9192 12
9193 12
9194 12
9195 12
9196 12
9197 12
9198 12
9199 12
9200 12
9201 12
9202 12
9203 12
9204 12
9205 12
9206 12
9207 12
9208 12
9209 12
9210 12
9211 12
9212 12
9213 12
9214 12
9215 12
9216 12
9217 12
9218 12
9219 12
9220 12
9221 12
9222 12
9223 12
9224 12
9225 12
9226 12
9227 12
9228 12
9229 12
9230 12
9231 12
9232 12
9233 12
9234 12
9235 12
9236 12
9237 12
9238 12
9239 12
9240 12
9241 12
9242 12
9243 12
9244 12
9245 12
9246 12
9247 12
9248 12
9249 12
9250 12
9251 12
9252 12
9253 12
9254 12
9255 12
9256 12
9257 12
9258 12
9259 12
9260 12
9261 12
9262 12
9263 12
9264 12
9265 12
9266 12
9267 12
9268 12
9269 12
9270 12
9271 12
9272 12
9273 12
9274 12
9275 12
9276 12
9277 12
9278 12
9279 12
9280 12
9281 12
9282 12
9283 12
9284 12
9285 12
9286 12
9287 12
9288 12
9289 12
9290 12
9291 12
9292 12
9293 12
9294 12
9295 12
9296 12
9297 12
9298 12
9299 12
9300 12
9301 12
9302 12
9303 12
9304 12
9305 12
9306 12
9307 12
9308 12
9309 12
9310 12
9311 12
9312 12
9313 12
9314 12
9315 12
9316 12
9317 12
9318 12
9319 12
9320 12
9321 12
9322 12
9323 12
9324 12
9325 12
9326 12
9327 12
9328 12
9329 12
9330 12
9331 12
9332 12
9333 12
9334 12
9335 12
9336 12
9337 12
9338 12
9339 12
9340 12
9341 12
9342 12
9343 12
9344 12
9345 12
9346 12
9347 12
9348 12
9349 12
9350 12
9351 12
9352 12
9353 12
9354 12
9355 12
9356 12
9357 12
9358 12
9359 12
9360 12
9361 12
9362 12
9363 12
9364 12
9365 12
9366 12
9367 12
9368 12
9369 12
9370 12
9371 12
9372 12
9373 12
9374 12
9375 12
9376 12
9377 12
9378 12
9379 12
9380 12
9381 12
9382 12
9383 12
9384 12
9385 12
9386 12
9387 12
9388 12
9389 12
9390 12
9391 12
9392 12
9393 12
9394 12
9395 12
9396 12
9397 12
9398 12
9399 12
9400 12
9401 12
9402 12
9403 12
9404 12
9405 12
9406 12
9407 12
9408 12
9409 12
9410 12
9411 12
9412 12
9413 12
9414 12
9415 12
9416 12
9417 12
9418 12
9419 12
9420 12
9421 12
9422 12
9423 12
9424 12
9425 12
9426 12
9427 12
9428 12
9429 12
9430 12
9431 12
9432 12
9433 12
9434 12
9435 12
9436 12
9437 12
9438 12
9439 12
9440 12
9441 12
9442 12
9443 12
9444 12
9445 12
9446 12
9447 12
9448 12
9449 12
9450 12
9451 12
9452 12
9453 12
9454 12
9455 12
9456 12
9457 12
9458 12
9459 12
9460 12
9461 12
9462 12
9463 12
9464 12
9465 12
9466 12
9467 12
9468 12
9469 12
9470 12
9471 12
9472 12
9473 12
9474 12
9475 12
9476 12
9477 12
9478 12
9479 12
9480 12
9481 12
9482 12
9483 12
9484 12
9485 12
9486 12
9487 12
9488 12
9489 12
9490 12
9491 12
9492 12
9493 12
9494 12
9495 12
9496 12
9497 12
9498 12
9499 12
9500 12
9501 12
9502 12
9503 12
9504 12
9505 12
9506 12
9507 12
9508 12
9509 12
9510 12
9511 12
9512 12
9513 12
9514 12
9515 12
9516 12
9517 12
9518 12
9519 12
9520 12
9521 12
9522 12
9523 12
9524 12
9525 12
9526 12
9527 12
9528 12
9529 12
9530 12
9531 12
9532 12
9533 12
9534 12
9535 12
9536 12
9537 12
9538 12
9539 12
9540 12
9541 12
9542 12
9543 12
9544 12
9545 12
9546 12
9547 12
9548 12
9549 12
9550 12
9551 12
9552 12
9553 12
9554 12
9555 12
9556 12
9557 12
9558 12
9559 12
9560 12
9561 12
9562 12
9563 12
9564 12
9565 12
9566 12
9567 12
9568 12
9569 12
9570 12
9571 12
9572 12
9573 12
9574 12
9575 12
9576 12
9577 12
9578 12
9579 12
9580 12
9581 12
9582 12
9583 12
9584 12
9585 12
9586 12
9587 12
9588 12
9589 12
9590 12
9591 12
9592 12
9593 12
9594 12
9595 12
9596 12
9597 12
9598 12
9599 12
9600 12
9601 12
9602 12
9603 12
9604 12
9605 12
9606 12
9607 12
9608 12
9609 12
9610 12
9611 12
9612 12
9613 12
9614 12
9615 12
9616 12
9617 12
9618 12
9619 12
9620 12
9621 12
9622 12
9623 12
9624 12
9625 12
9626 12
9627 12
9628 12
9629 12
9630 12
9631 12
9632 12
9633 12
9634 12
9635 12
9636 12
9637 12
9638 12
9639 12
9640 12
9641 12
9642 12
9643 12
9644 12
9645 12
9646 12
9647 12
9648 12
9649 12
9650 12
9651 12
9652 12
9653 12
9654 12
9655 12
9656 12
9657 12
9658 12
9659 12
9660 12
9661 12
9662 12
9663 12
9664 12
9665 12
9666 12
9667 12
9668 12
9669 12
9670 12
9671 12
9672 12
9673 12
9674 12
9675 12
9676 12
9677 12
9678 12
9679 12
9680 12
9681 12
9682 12
9683 12
9684 12
9685 12
9686 12
9687 12
9688 12
9689 12
9690 12
9691 12
9692 12
9693 12
9694 12
9695 12
9696 12
9697 12
9698 12
9699 12
9700 12
9701 12
9702 12
9703 12
9704 12
9705 12
9706 12
9707 12
9708 12
9709 12
9710 12
9711 12
9712 12
9713 12
9714 12
9715 12
9716 12
9717 12
9718 12
9719 12
9720 12
9721 12
9722 12
9723 12
9724 12
9725 12
9726 12
9727 12
9728 12
9729 12
9730 12
9731 12
9732 12
9733 12
9734 12
9735 12
9736 12
9737 12
9738 12
9739 12
9740 12
9741 12
9742 12
9743 12
9744 12
9745 12
9746 12
9747 12
9748 12
9749 12
9750 12
9751 12
9752 12
9753 12
9754 12
9755 12
9756 12
9757 12
9758 12
9759 12
9760 12
9761 12
9762 12
9763 12
9764 12
9765 12
9766 12
9767 12
9768 12
9769 12
9770 12
9771 12
9772 12
9773 12
9774 12
9775 12
9776 12
9777 12
9778 12
9779 12
9780 12
9781 12
9782 12
9783 12
9784 12
9785 12
9786 12
9787 12
9788 12
9789 12
9790 12
9791 12
9792 12
9793 12
9794 12
9795 12
9796 12
9797 12
9798 12
9799 12
9800 12
9801 12
9802 12
9803 12
9804 12
9805 12
9806 12
9807 12
9808 12
9809 12
9810 12
9811 12
9812 12
9813 12
9814 12
9815 12
9816 12
9817 12
9818 12
9819 12
9820 12
9821 12
9822 12
9823 12
9824 12
9825 12
9826 12
9827 12
9828 12
9829 12
9830 12
9831 12
9832 12
9833 12
9834 12
9835 12
9836 12
9837 12
9838 12
9839 12
9840 12
9841 12
9842 12
9843 12
9844 12
9845 12
9846 12
9847 12
9848 12
9849 12
9850 12
9851 12
9852 12
9853 12
9854 12
9855 12
9856 12
9857 12
9858 12
9859 12
9860 12
9861 12
9862 12
9863 12
9864 12
9865 12
9866 12
9867 12
9868 12
9869 12
9870 12
9871 12
9872 12
9873 12
9874 12
9875 12
9876 12
9877 12
9878 12
9879 12
9880 12
9881 12
9882 12
9883 12
9884 12
9885 12
9886 12
9887 12
9888 12
9889 12
9890 12
9891 12
9892 12
9893 12
9894 12
9895 12
9896 12
9897 12
9898 12
9899 12
9900 12
9901 12
9902 12
9903 12
9904 12
9905 12
9906 12
9907 12
9908 12
9909 12
9910 12
9911 12
9912 12
9913 12
9914 12
9915 12
9916 12
9917 12
9918 12
9919 12
9920 12
9921 12
9922 12
9923 12
9924 12
9925 12
9926 12
9927 12
9928 12
9929 12
9930 12
9931 12
9932 12
9933 12
9934 12
9935 12
9936 12
9937 12
9938 12
9939 12
9940 12
9941 12
9942 12
9943 12
9944 12
9945 12
9946 12
9947 12
9948 12
9949 12
9950 12
9951 12
9952 12
9953 12
9954 12
9955 12
9956 12
9957 12
9958 12
9959 12
9960 12
9961 12
9962 12
9963 12
9964 12
9965 12
9966 12
9967 12
9968 12
9969 12
9970 12
9971 12
9972 12
9973 12
9974 12
9975 12
9976 12
9977 12
9978 12
9979 12
9980 12
9981 12
9982 12
9983 12
9984 12
9985 12
9986 12
9987 12
9988 12
9989 12
9990 12
9991 12
9992 12
9993 12
9994 12
9995 12
9996 12
9997 12
9998 12
9999 12
10000 12
