1 0
2 0
3 0
4 0
5 0
6 0
7 0
8 0
9 0
10 0
11 0
12 0
13 0
14 0
15 0
16 0
17 0
18 0
19 0
20 0
21 0
22 0
23 0
24 0
25 0
26 0
27 0
28 0
29 0
30 0
31 0
32 0
33 0
34 0
35 0
36 0
37 0
38 0
39 0
40 0
41 0
42 0
43 0
44 0
45 0
46 0
47 0
48 0
49 0
50 0
51 0
52 0
53 0
54 0
55 0
56 0
57 0
58 0
59 0
60 0
61 0
62 0
63 0
64 0
65 0
66 0
67 0
68 0
69 0
70 0
71 0
72 0
73 0
74 0
75 0
76 0
77 0
78 0
79 0
80 0
81 0
82 0
83 0
84 0
85 0
86 0
87 0
88 0
89 0
90 0
91 0
92 0
93 0
94 0
95 0
96 0
97 0
98 0
99 0
100 0
101 0
102 0
103 0
104 0
105 0
106 0
107 0
108 0
109 0
110 0
111 0
112 0
113 0
114 0
115 0
116 0
117 0
118 0
119 0
120 0
121 0
122 0
123 0
124 0
125 0
126 0
127 0
128 0
129 0
130 0
131 0
132 0
133 0
134 0
135 0
136 0
137 0
138 0
139 0
140 0
141 0
142 0
143 0
144 0
145 0
146 0
147 0
148 0
149 0
150 0
151 0
152 0
153 0
154 0
155 0
156 0
157 0
158 0
159 0
160 0
161 0
162 0
163 0
164 0
165 0
166 0
167 0
168 0
169 0
170 0
171 0
172 0
173 0
174 0
175 0
176 0
177 0
178 0
179 0
180 0
181 0
182 0
183 0
184 0
185 0
186 0
187 0
188 0
189 0
190 0
191 0
192 0
193 0
194 0
195 0
196 0
197 0
198 0
199 0
200 0
201 0
202 0
203 0
204 0
205 0
206 0
207 0
208 0
209 0
210 0
211 0
212 0
213 0
214 0
215 0
216 0
217 0
218 0
219 0
220 0
221 0
222 0
223 0
224 0
225 0
226 0
227 0
228 0
229 0
230 0
231 0
232 0
233 0
234 0
235 0
236 0
237 0
238 0
239 0
240 0
241 0
242 0
243 0
244 0
245 0
246 0
247 0
248 0
249 0
250 0
251 0
252 0
253 0
254 0
255 0
256 0
257 0
258 0
259 0
260 0
261 0
262 0
263 0
264 0
265 0
266 0
267 0
268 0
269 0
270 0
271 0
272 0
273 0
274 0
275 0
276 0
277 0
278 0
279 0
280 0
281 0
282 0
283 0
284 0
285 0
286 0
287 0
288 0
289 0
290 0
291 0
292 0
293 0
294 0
295 0
296 0
297 0
298 0
299 0
300 0
301 0
302 0
303 0
304 0
305 0
306 0
307 0
308 0
309 0
310 0
311 0
312 0
313 0
314 0
315 0
316 0
317 0
318 0
319 0
320 0
321 0
322 0
323 0
324 0
325 0
326 0
327 0
328 0
329 0
330 0
331 0
332 0
333 0
334 0
335 0
336 0
337 0
338 0
339 0
340 0
341 0
342 0
343 0
344 0
345 0
346 0
347 0
348 0
349 0
350 0
351 0
352 0
353 0
354 0
355 0
356 0
357 0
358 0
359 0
360 0
361 0
362 0
363 0
364 0
365 0
366 0
367 0
368 0
369 0
370 0
371 0
372 0
373 0
374 0
375 0
376 0
377 0
378 0
379 0
380 0
381 0
382 0
383 0
384 0
385 0
386 0
387 0
388 0
389 0
390 0
391 0
392 0
393 0
394 0
395 0
396 0
397 0
398 0
399 0
400 0
401 0
402 0
403 0
404 0
405 0
406 0
407 0
408 0
409 0
410 0
411 0
412 0
413 0
414 0
415 0
416 0
417 0
418 0
419 0
420 0
421 0
422 0
423 0
424 0
425 0
426 0
427 0
428 0
429 0
430 0
431 0
432 0
433 0
434 0
435 0
436 0
437 0
438 0
439 0
440 0
441 0
442 0
443 0
444 0
445 0
446 0
447 0
448 0
449 0
450 0
451 0
452 0
453 0
454 0
455 0
456 0
457 0
458 0
459 0
460 0
461 0
462 0
463 0
464 0
465 0
466 0
467 0
468 0
469 0
470 0
471 0
472 0
473 0
474 0
475 0
476 0
477 0
478 0
479 0
480 0
481 0
482 0
483 0
484 0
485 0
486 0
487 0
488 0
489 0
490 0
491 0
492 0
493 0
494 0
495 0
496 0
497 0
498 0
499 0
500 0
501 0
502 0
503 0
504 0
505 0
506 0
507 0
508 0
509 0
510 0
511 0
512 0
513 0
514 0
515 0
516 0
517 0
518 0
519 0
520 0
521 0
522 0
523 0
524 0
525 0
526 0
527 0
528 0
529 0
530 0
531 0
532 0
533 0
534 0
535 0
536 0
537 0
538 0
539 0
540 0
541 0
542 0
543 0
544 0
545 0
546 0
547 0
548 0
549 0
550 0
551 0
552 0
553 0
554 0
555 0
556 0
557 0
558 0
559 0
560 0
561 0
562 0
563 0
564 0
565 0
566 0
567 0
568 0
569 0
570 0
571 0
572 0
573 0
574 0
575 0
576 0
577 0
578 0
579 0
580 0
581 0
582 0
583 0
584 0
585 0
586 0
587 0
588 0
589 0
590 0
591 0
592 0
593 0
594 0
595 0
596 0
597 0
598 0
599 0
600 0
601 0
602 0
603 0
604 0
605 0
606 0
607 0
608 0
609 0
610 0
611 0
612 0
613 0
614 0
615 0
616 0
617 0
618 0
619 0
620 0
621 0
622 0
623 0
624 0
625 0
626 0
627 0
628 0
629 0
630 0
631 0
632 0
633 0
634 0
635 0
636 0
637 0
638 0
639 0
640 0
641 0
642 0
643 0
644 0
645 0
646 0
647 0
648 0
649 0
650 0
651 0
652 0
653 0
654 0
655 0
656 0
657 0
658 0
659 0
660 0
661 0
662 0
663 0
664 0
665 0
666 0
667 0
668 0
669 0
670 0
671 0
672 0
673 0
674 0
675 0
676 0
677 0
678 0
679 0
680 0
681 0
682 0
683 0
684 0
685 0
686 0
687 0
688 0
689 0
690 0
691 0
692 0
693 0
694 0
695 0
696 0
697 0
698 0
699 0
700 0
701 0
702 0
703 0
704 0
705 0
706 0
707 0
708 0
709 0
710 0
711 0
712 0
713 0
714 0
715 0
716 0
717 0
718 0
719 0
720 0
721 0
722 0
723 0
724 0
725 0
726 0
727 0
728 0
729 0
730 0
731 0
732 0
733 0
734 0
735 0
736 0
737 0
738 0
739 0
740 0
741 0
742 0
743 0
744 0
745 0
746 0
747 0
748 0
749 0
750 0
751 0
752 0
753 0
754 0
755 0
756 0
757 0
758 0
759 0
760 0
761 0
762 0
763 0
764 0
765 0
766 0
767 0
768 0
769 0
770 0
771 0
772 0
773 0
774 0
775 0
776 0
777 0
778 0
779 0
780 0
781 0
782 0
783 0
784 0
785 0
786 0
787 0
788 0
789 0
790 0
791 0
792 0
793 0
794 0
795 0
796 0
797 0
798 0
799 0
800 0
801 0
802 0
803 0
804 0
805 0
806 0
807 0
808 0
809 0
810 0
811 0
812 0
813 0
814 0
815 0
816 0
817 0
818 0
819 0
820 0
821 1
822 1
823 1
824 1
825 1
826 1
827 1
828 1
829 1
830 1
831 1
832 1
833 1
834 1
835 1
836 1
837 1
838 1
839 1
840 1
841 1
842 1
843 1
844 1
845 1
846 1
847 1
848 1
849 1
850 1
851 1
852 1
853 1
854 1
855 1
856 1
857 1
858 1
859 1
860 1
861 1
862 1
863 1
864 1
865 1
866 1
867 1
868 1
869 1
870 1
871 1
872 1
873 1
874 1
875 1
876 1
877 1
878 1
879 1
880 1
881 1
882 1
883 1
884 1
885 1
886 1
887 1
888 1
889 1
890 1
891 1
892 1
893 1
894 1
895 1
896 1
897 1
898 1
899 1
900 1
901 1
902 1
903 1
904 1
905 1
906 1
907 1
908 1
909 1
910 1
911 1
912 1
913 1
914 1
915 1
916 1
917 1
918 1
919 1
920 1
921 1
922 1
923 1
924 1
925 1
926 1
927 1
928 1
929 1
930 1
931 1
932 1
933 1
934 1
935 1
936 1
937 1
938 1
939 1
940 1
941 1
942 1
943 1
944 1
945 1
946 1
947 1
948 1
949 1
950 1
951 1
952 1
953 1
954 1
955 1
956 1
957 1
958 1
959 1
960 1
961 1
962 1
963 1
964 1
965 1
966 1
967 1
968 1
969 1
970 1
971 1
972 1
973 1
974 1
975 1
976 1
977 1
978 1
979 1
980 1
981 1
982 1
983 1
984 1
985 1
986 1
987 1
988 1
989 1
990 1
991 1
992 1
993 1
994 1
995 1
996 1
997 1
998 1
999 1
1000 1
1001 1
1002 1
1003 1
1004 1
1005 1
1006 1
1007 1
1008 1
1009 1
1010 1
1011 1
1012 1
1013 1
1014 1
1015 1
1016 1
1017 1
1018 1
1019 1
1020 1
1021 1
1022 1
1023 1
1024 1
1025 1
1026 1
1027 1
1028 1
1029 1
1030 1
1031 1
1032 1
1033 1
1034 1
1035 1
1036 1
1037 1
1038 1
1039 1
1040 1
1041 1
1042 1
1043 1
1044 1
1045 1
1046 1
1047 1
1048 1
1049 1
1050 1
1051 1
1052 1
1053 1
1054 1
1055 1
1056 1
1057 1
1058 1
1059 1
1060 1
1061 1
1062 1
1063 1
1064 1
1065 1
1066 1
1067 1
1068 1
1069 1
1070 1
1071 1
1072 1
1073 1
1074 1
1075 1
1076 1
1077 1
1078 1
1079 1
1080 1
1081 1
1082 1
1083 1
1084 1
1085 1
1086 1
1087 1
1088 1
1089 1
1090 1
1091 1
1092 1
1093 1
1094 1
1095 1
1096 1
1097 1
1098 1
1099 1
1100 1
1101 1
1102 1
1103 1
1104 1
1105 1
1106 1
1107 1
1108 1
1109 1
1110 1
1111 1
1112 1
1113 1
1114 1
1115 1
1116 1
1117 1
1118 1
1119 1
1120 1
1121 1
1122 1
1123 1
1124 1
1125 1
1126 1
1127 1
1128 1
1129 1
1130 1
1131 1
1132 1
1133 1
1134 1
1135 1
1136 1
1137 1
1138 1
1139 1
1140 1
1141 1
1142 1
1143 1
1144 1
1145 1
1146 1
1147 1
1148 1
1149 1
1150 1
1151 1
1152 1
1153 1
1154 1
1155 1
1156 1
1157 1
1158 1
1159 1
1160 1
1161 1
1162 1
1163 1
1164 1
1165 1
1166 1
1167 1
1168 1
1169 1
1170 1
1171 1
1172 1
1173 1
1174 1
1175 1
1176 1
1177 1
1178 1
1179 1
1180 1
1181 1
1182 1
1183 1
1184 1
1185 1
1186 1
1187 1
1188 1
1189 1
1190 1
1191 1
1192 1
1193 1
1194 1
1195 1
1196 1
1197 1
1198 1
1199 1
1200 1
1201 1
1202 1
1203 1
1204 1
1205 1
1206 1
1207 1
1208 1
1209 1
1210 1
1211 1
1212 1
1213 1
1214 1
1215 1
1216 1
1217 1
1218 1
1219 1
1220 1
1221 1
1222 1
1223 1
1224 1
1225 1
1226 1
1227 1
1228 1
1229 1
1230 1
1231 1
1232 1
1233 1
1234 1
1235 1
1236 1
1237 1
1238 1
1239 1
1240 1
1241 1
1242 1
1243 1
1244 1
1245 1
1246 1
1247 1
1248 1
1249 1
1250 1
1251 1
1252 1
1253 1
1254 1
1255 1
1256 1
1257 1
1258 1
1259 1
1260 1
1261 1
1262 1
1263 1
1264 1
1265 1
1266 1
1267 1
1268 1
1269 1
1270 1
1271 1
1272 1
1273 1
1274 1
1275 1
1276 1
1277 1
1278 1
1279 1
1280 1
1281 1
1282 1
1283 1
1284 1
1285 1
1286 1
1287 1
1288 1
1289 1
1290 1
1291 1
1292 1
1293 1
1294 1
1295 1
1296 1
1297 1
1298 1
1299 1
1300 1
1301 1
1302 1
1303 1
1304 1
1305 1
1306 1
1307 1
1308 1
1309 1
1310 1
1311 1
1312 1
1313 1
1314 1
1315 1
1316 1
1317 1
1318 1
1319 1
1320 1
1321 1
1322 1
1323 1
1324 1
1325 1
1326 1
1327 1
1328 1
1329 1
1330 1
1331 1
1332 1
1333 1
1334 1
1335 1
1336 1
1337 1
1338 1
1339 1
1340 1
1341 1
1342 1
1343 1
1344 1
1345 1
1346 1
1347 1
1348 1
1349 1
1350 1
1351 1
1352 1
1353 1
1354 1
1355 1
1356 1
1357 1
1358 1
1359 1
1360 1
1361 1
1362 1
1363 1
1364 1
1365 1
1366 1
1367 1
1368 1
1369 1
1370 1
1371 1
1372 1
1373 1
1374 1
1375 1
1376 1
1377 1
1378 1
1379 1
1380 1
1381 1
1382 1
1383 1
1384 1
1385 1
1386 1
1387 1
1388 1
1389 1
1390 1
1391 1
1392 1
1393 1
1394 1
1395 1
1396 1
1397 1
1398 1
1399 1
1400 1
1401 1
1402 1
1403 1
1404 1
1405 1
1406 1
1407 1
1408 1
1409 1
1410 1
1411 1
1412 1
1413 1
1414 1
1415 1
1416 1
1417 1
1418 1
1419 1
1420 1
1421 1
1422 1
1423 1
1424 1
1425 1
1426 1
1427 1
1428 1
1429 1
1430 1
1431 1
1432 1
1433 1
1434 1
1435 1
1436 1
1437 1
1438 1
1439 1
1440 1
1441 1
1442 1
1443 1
1444 1
1445 1
1446 1
1447 1
1448 1
1449 1
1450 1
1451 1
1452 1
1453 1
1454 1
1455 1
1456 1
1457 1
1458 1
1459 1
1460 1
1461 1
1462 1
1463 1
1464 1
1465 1
1466 1
1467 1
1468 1
1469 1
1470 1
1471 1
1472 1
1473 1
1474 1
1475 1
1476 1
1477 1
1478 1
1479 1
1480 1
1481 1
1482 1
1483 1
1484 1
1485 1
1486 1
1487 1
1488 1
1489 1
1490 1
1491 1
1492 1
1493 1
1494 1
1495 1
1496 1
1497 1
1498 1
1499 1
1500 1
1501 1
1502 1
1503 1
1504 1
1505 1
1506 1
1507 1
1508 1
1509 1
1510 1
1511 1
1512 1
1513 1
1514 1
1515 1
1516 1
1517 1
1518 1
1519 1
1520 1
1521 1
1522 1
1523 1
1524 1
1525 1
1526 1
1527 1
1528 1
1529 1
1530 1
1531 1
1532 1
1533 1
1534 1
1535 1
1536 1
1537 1
1538 1
1539 1
1540 1
1541 1
1542 1
1543 1
1544 1
1545 1
1546 1
1547 1
1548 1
1549 1
1550 1
1551 1
1552 1
1553 1
1554 1
1555 1
1556 1
1557 1
1558 1
1559 1
1560 1
1561 1
1562 1
1563 1
1564 1
1565 1
1566 1
1567 1
1568 1
1569 1
1570 1
1571 1
1572 1
1573 1
1574 1
1575 1
1576 1
1577 1
1578 1
1579 1
1580 1
1581 1
1582 1
1583 1
1584 1
1585 1
1586 1
1587 1
1588 1
1589 1
1590 1
1591 1
1592 1
1593 1
1594 1
1595 1
1596 1
1597 1
1598 1
1599 1
1600 1
1601 1
1602 1
1603 1
1604 1
1605 1
1606 1
1607 1
1608 1
1609 1
1610 1
1611 1
1612 1
1613 1
1614 1
1615 1
1616 1
1617 1
1618 1
1619 1
1620 1
1621 1
1622 1
1623 1
1624 1
1625 1
1626 1
1627 1
1628 1
1629 1
1630 1
1631 1
1632 1
1633 1
1634 1
1635 1
1636 1
1637 1
1638 1
1639 1
1640 1
1641 1
1642 1
1643 1
1644 1
1645 1
1646 1
1647 1
1648 1
1649 1
1650 1
1651 1
1652 1
1653 1
1654 1
1655 1
1656 1
1657 1
1658 1
1659 1
1660 1
1661 1
1662 1
1663 1
1664 1
1665 1
1666 1
1667 1
1668 1
1669 1
1670 1
1671 1
1672 1
1673 1
1674 1
1675 1
1676 1
1677 1
1678 1
1679 1
1680 1
1681 1
1682 1
1683 1
1684 1
1685 1
1686 1
1687 1
1688 1
1689 1
1690 1
1691 1
1692 1
1693 1
1694 1
1695 1
1696 1
1697 1
1698 1
1699 1
1700 1
1701 1
1702 1
1703 1
1704 1
1705 1
1706 1
1707 1
1708 1
1709 1
1710 1
1711 1
1712 1
1713 1
1714 1
1715 1
1716 1
1717 1
1718 1
1719 1
1720 1
1721 1
1722 1
1723 1
1724 1
1725 1
1726 1
1727 1
1728 1
1729 1
1730 1
1731 1
1732 1
1733 1
1734 1
1735 1
1736 1
1737 1
1738 1
1739 1
1740 1
1741 1
1742 1
1743 1
1744 1
1745 1
1746 1
1747 1
1748 1
1749 1
1750 1
1751 1
1752 1
1753 1
1754 1
1755 1
1756 1
1757 1
1758 1
1759 1
1760 1
1761 1
1762 1
1763 1
1764 1
1765 1
1766 1
1767 1
1768 1
1769 1
1770 1
1771 1
1772 1
1773 1
1774 1
1775 1
1776 1
1777 1
1778 1
1779 1
1780 1
1781 1
1782 1
1783 1
1784 1
1785 1
1786 1
1787 1
1788 1
1789 1
1790 1
1791 1
1792 1
1793 1
1794 1
1795 1
1796 1
1797 1
1798 1
1799 1
1800 1
1801 1
1802 1
1803 1
1804 1
1805 1
1806 1
1807 1
1808 1
1809 1
1810 1
1811 1
1812 1
1813 1
1814 1
1815 1
1816 2
1817 2
1818 2
1819 2
1820 2
1821 2
1822 2
1823 2
1824 2
1825 2
1826 2
1827 2
1828 2
1829 2
1830 2
1831 2
1832 2
1833 2
1834 2
1835 2
1836 2
1837 2
1838 2
1839 2
1840 2
1841 2
1842 2
1843 2
1844 2
1845 2
1846 2
1847 2
1848 2
1849 2
1850 2
1851 2
1852 2
1853 2
1854 2
1855 2
1856 2
1857 2
1858 2
1859 2
1860 2
1861 2
1862 2
1863 2
1864 2
1865 2
1866 2
1867 2
1868 2
1869 2
1870 2
1871 2
1872 2
1873 2
1874 2
1875 2
1876 2
1877 2
1878 2
1879 2
1880 2
1881 2
1882 2
1883 2
1884 2
1885 2
1886 2
1887 2
1888 2
1889 2
1890 2
1891 2
1892 2
1893 2
1894 2
1895 2
1896 2
1897 2
1898 2
1899 2
1900 2
1901 2
1902 2
1903 2
1904 2
1905 2
1906 2
1907 2
1908 2
1909 2
1910 2
1911 2
1912 2
1913 2
1914 2
1915 2
1916 2
1917 2
1918 2
1919 2
1920 2
1921 2
1922 2
1923 2
1924 2
1925 2
1926 2
1927 2
1928 2
1929 2
1930 2
1931 2
1932 2
1933 2
1934 2
1935 2
1936 2
1937 2
1938 2
1939 2
1940 2
1941 2
1942 2
1943 2
1944 2
1945 2
1946 2
1947 2
1948 2
1949 2
1950 2
1951 2
1952 2
1953 2
1954 2
1955 2
1956 2
1957 2
1958 2
1959 2
1960 2
1961 2
1962 2
1963 2
1964 2
1965 2
1966 2
1967 2
1968 2
1969 2
1970 2
1971 2
1972 2
1973 2
1974 2
1975 2
1976 2
1977 2
1978 2
1979 2
1980 2
1981 2
1982 2
1983 2
1984 2
1985 2
1986 2
1987 2
1988 2
1989 2
1990 2
1991 2
1992 2
1993 2
1994 2
1995 2
1996 2
1997 2
1998 2
1999 2
2000 2
2001 2
2002 2
2003 2
2004 2
2005 2
2006 2
2007 2
2008 2
2009 2
2010 2
2011 2
2012 2
2013 2
2014 2
2015 2
2016 2
2017 2
2018 2
2019 2
2020 2
2021 2
2022 2
2023 2
2024 2
2025 2
2026 2
2027 2
2028 2
2029 2
2030 2
2031 2
2032 2
2033 2
2034 2
2035 2
2036 2
2037 2
2038 2
2039 2
2040 2
2041 2
2042 2
2043 2
2044 2
2045 2
2046 2
2047 2
2048 2
2049 2
2050 2
2051 2
2052 2
2053 2
2054 2
2055 2
2056 2
2057 2
2058 2
2059 2
2060 2
2061 2
2062 2
2063 2
2064 2
2065 2
2066 2
2067 2
2068 2
2069 2
2070 2
2071 2
2072 2
2073 2
2074 2
2075 2
2076 2
2077 2
2078 2
2079 2
2080 2
2081 2
2082 2
2083 2
2084 2
2085 2
2086 2
2087 2
2088 2
2089 2
2090 2
2091 2
2092 2
2093 2
2094 2
2095 2
2096 2
2097 2
2098 2
2099 2
2100 2
2101 2
2102 2
2103 2
2104 2
2105 2
2106 2
2107 2
2108 2
2109 2
2110 2
2111 2
2112 2
2113 2
2114 2
2115 2
2116 2
2117 2
2118 2
2119 2
2120 2
2121 2
2122 2
2123 2
2124 2
2125 2
2126 2
2127 2
2128 2
2129 2
2130 2
2131 2
2132 2
2133 2
2134 2
2135 2
2136 2
2137 2
2138 2
2139 2
2140 2
2141 2
2142 2
2143 2
2144 2
2145 2
2146 2
2147 2
2148 2
2149 2
2150 2
2151 2
2152 2
2153 2
2154 2
2155 2
2156 2
2157 2
2158 2
2159 2
2160 2
2161 2
2162 2
2163 2
2164 2
2165 2
2166 2
2167 2
2168 2
2169 2
2170 2
2171 2
2172 2
2173 2
2174 2
2175 2
2176 2
2177 2
2178 2
2179 2
2180 2
2181 2
2182 2
2183 2
2184 2
2185 2
2186 2
2187 2
2188 2
2189 2
2190 2
2191 2
2192 2
2193 2
2194 2
2195 2
2196 2
2197 2
2198 2
2199 2
2200 2
2201 2
2202 2
2203 2
2204 2
2205 2
2206 2
2207 2
2208 2
2209 2
2210 2
2211 2
2212 2
2213 2
2214 2
2215 2
2216 2
2217 2
2218 2
2219 2
2220 2
2221 2
2222 2
2223 2
2224 2
2225 2
2226 2
2227 2
2228 2
2229 2
2230 2
2231 2
2232 2
2233 2
2234 2
2235 2
2236 2
2237 2
2238 2
2239 2
2240 2
2241 2
2242 2
2243 2
2244 2
2245 2
2246 2
2247 2
2248 2
2249 2
2250 2
2251 2
2252 2
2253 2
2254 2
2255 2
2256 2
2257 2
2258 2
2259 2
2260 2
2261 2
2262 2
2263 2
2264 2
2265 2
2266 2
2267 2
2268 2
2269 2
2270 2
2271 2
2272 2
2273 2
2274 2
2275 2
2276 2
2277 2
2278 2
2279 2
2280 2
2281 2
2282 2
2283 2
2284 2
2285 2
2286 2
2287 2
2288 2
2289 2
2290 2
2291 2
2292 2
2293 2
2294 2
2295 2
2296 2
2297 2
2298 2
2299 2
2300 2
2301 2
2302 2
2303 2
2304 2
2305 2
2306 2
2307 2
2308 2
2309 2
2310 2
2311 2
2312 2
2313 2
2314 2
2315 2
2316 2
2317 2
2318 2
2319 2
2320 2
2321 2
2322 2
2323 2
2324 2
2325 2
2326 2
2327 2
2328 2
2329 2
2330 2
2331 2
2332 2
2333 2
2334 2
2335 2
2336 2
2337 2
2338 2
2339 2
2340 2
2341 2
2342 2
2343 2
2344 2
2345 2
2346 2
2347 2
2348 2
2349 2
2350 2
2351 2
2352 2
2353 2
2354 2
2355 2
2356 2
2357 2
2358 2
2359 2
2360 2
2361 2
2362 2
2363 2
2364 2
2365 2
2366 2
2367 2
2368 2
2369 2
2370 2
2371 2
2372 2
2373 2
2374 2
2375 2
2376 2
2377 2
2378 2
2379 2
2380 2
2381 2
2382 2
2383 2
2384 2
2385 2
2386 2
2387 2
2388 2
2389 2
2390 2
2391 2
2392 2
2393 2
2394 2
2395 2
2396 2
2397 2
2398 2
2399 2
2400 2
2401 2
2402 2
2403 2
2404 2
2405 2
2406 2
2407 2
2408 2
2409 2
2410 2
2411 2
2412 2
2413 2
2414 2
2415 2
2416 2
2417 2
2418 2
2419 2
2420 2
2421 2
2422 2
2423 2
2424 2
2425 2
2426 2
2427 2
2428 2
2429 2
2430 2
2431 2
2432 2
2433 2
2434 2
2435 2
2436 2
2437 2
2438 2
2439 2
2440 2
2441 2
2442 2
2443 2
2444 2
2445 2
2446 2
2447 2
2448 2
2449 2
2450 2
2451 2
2452 2
2453 2
2454 2
2455 2
2456 2
2457 2
2458 2
2459 2
2460 2
2461 2
2462 2
2463 2
2464 2
2465 2
2466 2
2467 2
2468 2
2469 2
2470 2
2471 2
2472 2
2473 2
2474 2
2475 2
2476 2
2477 2
2478 2
2479 2
2480 2
2481 2
2482 2
2483 2
2484 2
2485 2
2486 2
2487 2
2488 2
2489 2
2490 2
2491 2
2492 2
2493 2
2494 2
2495 2
2496 2
2497 2
2498 2
2499 2
2500 2
2501 2
2502 2
2503 2
2504 2
2505 2
2506 2
2507 2
2508 2
2509 2
2510 2
2511 2
2512 2
2513 2
2514 2
2515 2
2516 2
2517 2
2518 2
2519 2
2520 2
2521 2
2522 2
2523 2
2524 2
2525 2
2526 2
2527 2
2528 2
2529 2
2530 2
2531 2
2532 2
2533 2
2534 2
2535 2
2536 2
2537 2
2538 2
2539 2
2540 2
2541 2
2542 2
2543 2
2544 2
2545 2
2546 2
2547 2
2548 2
2549 2
2550 2
2551 2
2552 2
2553 2
2554 2
2555 2
2556 2
2557 2
2558 2
2559 2
2560 2
2561 2
2562 2
2563 2
2564 2
2565 2
2566 2
2567 2
2568 2
2569 2
2570 2
2571 2
2572 2
2573 2
2574 2
2575 2
2576 2
2577 2
2578 2
2579 2
2580 2
2581 2
2582 2
2583 2
2584 2
2585 2
2586 2
2587 2
2588 2
2589 2
2590 2
2591 2
2592 2
2593 2
2594 2
2595 2
2596 2
2597 2
2598 2
2599 2
2600 2
2601 2
2602 2
2603 2
2604 2
2605 2
2606 2
2607 2
2608 2
2609 2
2610 2
2611 2
2612 2
2613 2
2614 2
2615 2
2616 2
2617 2
2618 2
2619 2
2620 2
2621 2
2622 2
2623 2
2624 2
2625 2
2626 2
2627 2
2628 2
2629 2
2630 2
2631 2
2632 2
2633 2
2634 2
2635 2
2636 2
2637 2
2638 2
2639 2
2640 2
2641 2
2642 2
2643 2
2644 2
2645 2
2646 2
2647 2
2648 2
2649 2
2650 2
2651 2
2652 2
2653 2
2654 2
2655 2
2656 2
2657 2
2658 2
2659 2
2660 2
2661 2
2662 2
2663 2
2664 2
2665 2
2666 2
2667 2
2668 2
2669 2
2670 2
2671 2
2672 2
2673 2
2674 2
2675 2
2676 2
2677 2
2678 2
2679 2
2680 2
2681 2
2682 2
2683 2
2684 2
2685 2
2686 2
2687 2
2688 2
2689 2
2690 2
2691 2
2692 2
2693 2
2694 2
2695 2
2696 2
2697 2
2698 2
2699 2
2700 2
2701 2
2702 2
2703 2
2704 2
2705 2
2706 2
2707 2
2708 2
2709 2
2710 2
2711 2
2712 2
2713 2
2714 2
2715 2
2716 2
2717 2
2718 2
2719 2
2720 2
2721 2
2722 2
2723 2
2724 2
2725 2
2726 2
2727 2
2728 2
2729 2
2730 2
2731 2
2732 2
2733 2
2734 2
2735 2
2736 2
2737 2
2738 2
2739 2
2740 2
2741 2
2742 2
2743 2
2744 2
2745 2
2746 2
2747 2
2748 2
2749 2
2750 2
2751 2
2752 2
2753 2
2754 2
2755 2
2756 2
2757 2
2758 2
2759 2
2760 2
2761 2
2762 2
2763 2
2764 2
2765 2
2766 2
2767 2
2768 2
2769 2
2770 2
2771 2
2772 2
2773 2
2774 2
2775 2
2776 2
2777 2
2778 2
2779 2
2780 2
2781 2
2782 2
2783 2
2784 2
2785 2
2786 2
2787 2
2788 2
2789 2
2790 2
2791 2
2792 2
2793 2
2794 2
2795 2
2796 2
2797 2
2798 2
2799 2
2800 2
2801 2
2802 2
2803 2
2804 2
2805 2
2806 2
2807 2
2808 2
2809 2
2810 2
2811 2
2812 2
2813 2
2814 2
2815 2
2816 2
2817 2
2818 2
2819 2
2820 2
2821 2
2822 2
2823 2
2824 2
2825 2
2826 2
2827 2
2828 2
2829 2
2830 2
2831 2
2832 2
2833 2
2834 2
2835 2
2836 2
2837 2
2838 2
2839 2
2840 2
2841 2
2842 2
2843 2
2844 2
2845 2
2846 2
2847 2
2848 2
2849 2
2850 2
2851 2
2852 2
2853 2
2854 2
2855 2
2856 2
2857 2
2858 2
2859 2
2860 2
2861 2
2862 2
2863 2
2864 2
2865 2
2866 2
2867 2
2868 2
2869 2
2870 2
2871 2
2872 2
2873 2
2874 2
2875 2
2876 2
2877 2
2878 2
2879 2
2880 2
2881 2
2882 2
2883 2
2884 2
2885 2
2886 2
2887 2
2888 2
2889 2
2890 2
2891 2
2892 2
2893 2
2894 2
2895 2
2896 2
2897 2
2898 2
2899 2
2900 2
2901 2
2902 2
2903 2
2904 2
2905 2
2906 2
2907 2
2908 2
2909 2
2910 2
2911 2
2912 2
2913 2
2914 2
2915 2
2916 2
2917 2
2918 2
2919 2
2920 2
2921 2
2922 2
2923 2
2924 2
2925 2
2926 2
2927 2
2928 2
2929 2
2930 2
2931 2
2932 2
2933 2
2934 2
2935 2
2936 2
2937 2
2938 2
2939 2
2940 2
2941 2
2942 2
2943 2
2944 2
2945 2
2946 2
2947 2
2948 2
2949 2
2950 2
2951 2
2952 2
2953 2
2954 2
2955 2
2956 2
2957 2
2958 2
2959 2
2960 2
2961 2
2962 2
2963 2
2964 2
2965 2
2966 2
2967 2
2968 2
2969 2
2970 2
2971 2
2972 2
2973 2
2974 2
2975 2
2976 2
2977 2
2978 2
2979 2
2980 2
2981 2
2982 2
2983 2
2984 2
2985 2
2986 2
2987 2
2988 2
2989 2
2990 2
2991 2
2992 2
2993 2
2994 2
2995 2
2996 2
2997 2
2998 2
2999 2
3000 2
3001 2
3002 2
3003 2
3004 2
3005 2
3006 2
3007 2
3008 2
3009 2
3010 2
3011 2
3012 2
3013 2
3014 2
3015 2
3016 2
3017 2
3018 2
3019 2
3020 2
3021 2
3022 2
3023 2
3024 2
3025 2
3026 2
3027 2
3028 2
3029 2
3030 2
3031 2
3032 2
3033 2
3034 2
3035 2
3036 2
3037 2
3038 2
3039 2
3040 2
3041 2
3042 2
3043 2
3044 2
3045 2
3046 2
3047 2
3048 2
3049 2
3050 2
3051 2
3052 2
3053 2
3054 2
3055 2
3056 2
3057 2
3058 2
3059 2
3060 2
3061 2
3062 2
3063 2
3064 2
3065 2
3066 2
3067 2
3068 2
3069 2
3070 2
3071 2
3072 2
3073 2
3074 2
3075 2
3076 2
3077 2
3078 2
3079 2
3080 2
3081 2
3082 2
3083 2
3084 2
3085 2
3086 2
3087 2
3088 2
3089 2
3090 2
3091 2
3092 2
3093 2
3094 2
3095 2
3096 2
3097 2
3098 2
3099 2
3100 2
3101 2
3102 2
3103 2
3104 2
3105 2
3106 2
3107 2
3108 2
3109 2
3110 2
3111 2
3112 2
3113 2
3114 2
3115 2
3116 2
3117 2
3118 2
3119 2
3120 2
3121 2
3122 2
3123 2
3124 2
3125 2
3126 2
3127 2
3128 2
3129 2
3130 2
3131 2
3132 2
3133 2
3134 2
3135 2
3136 2
3137 2
3138 2
3139 2
3140 2
3141 2
3142 2
3143 2
3144 2
3145 2
3146 2
3147 2
3148 2
3149 2
3150 2
3151 2
3152 2
3153 2
3154 2
3155 2
3156 2
3157 2
3158 2
3159 2
3160 2
3161 2
3162 2
3163 2
3164 2
3165 2
3166 2
3167 2
3168 2
3169 2
3170 2
3171 2
3172 2
3173 2
3174 2
3175 2
3176 2
3177 2
3178 2
3179 2
3180 2
3181 2
3182 2
3183 2
3184 2
3185 2
3186 2
3187 2
3188 2
3189 2
3190 2
3191 2
3192 2
3193 2
3194 2
3195 2
3196 2
3197 2
3198 2
3199 2
3200 2
3201 2
3202 2
3203 2
3204 2
3205 2
3206 2
3207 2
3208 2
3209 2
3210 2
3211 2
3212 2
3213 2
3214 2
3215 2
3216 2
3217 2
3218 2
3219 2
3220 2
3221 2
3222 2
3223 2
3224 2
3225 2
3226 2
3227 2
3228 2
3229 2
3230 2
3231 2
3232 2
3233 2
3234 2
3235 2
3236 2
3237 2
3238 2
3239 2
3240 2
3241 2
3242 2
3243 2
3244 2
3245 2
3246 2
3247 2
3248 2
3249 2
3250 2
3251 2
3252 2
3253 2
3254 2
3255 2
3256 2
3257 2
3258 2
3259 2
3260 2
3261 2
3262 2
3263 2
3264 2
3265 2
3266 2
3267 2
3268 2
3269 2
3270 2
3271 2
3272 2
3273 2
3274 2
3275 2
3276 2
3277 2
3278 2
3279 2
3280 2
3281 2
3282 2
3283 2
3284 2
3285 2
3286 2
3287 2
3288 2
3289 2
3290 2
3291 2
3292 2
3293 2
3294 2
3295 2
3296 2
3297 2
3298 2
3299 2
3300 2
3301 2
3302 2
3303 2
3304 2
3305 2
3306 2
3307 2
3308 2
3309 2
3310 2
3311 2
3312 2
3313 2
3314 2
3315 2
3316 2
3317 2
3318 2
3319 2
3320 2
3321 2
3322 2
3323 2
3324 2
3325 2
3326 2
3327 2
3328 2
3329 2
3330 2
3331 2
3332 2
3333 2
3334 2
3335 2
3336 2
3337 2
3338 2
3339 2
3340 2
3341 2
3342 2
3343 2
3344 2
3345 2
3346 2
3347 2
3348 2
3349 2
3350 2
3351 2
3352 2
3353 2
3354 2
3355 2
3356 2
3357 2
3358 2
3359 2
3360 2
3361 2
3362 2
3363 2
3364 2
3365 2
3366 2
3367 2
3368 2
3369 2
3370 2
3371 2
3372 2
3373 2
3374 2
3375 2
3376 2
3377 2
3378 2
3379 2
3380 2
3381 2
3382 2
3383 2
3384 2
3385 2
3386 2
3387 2
3388 2
3389 2
3390 2
3391 2
3392 2
3393 2
3394 2
3395 2
3396 2
3397 2
3398 2
3399 2
3400 2
3401 2
3402 2
3403 2
3404 2
3405 2
3406 2
3407 2
3408 2
3409 2
3410 2
3411 2
3412 2
3413 2
3414 2
3415 2
3416 2
3417 2
3418 2
3419 2
3420 2
3421 2
3422 2
3423 2
3424 2
3425 2
3426 2
3427 2
3428 2
3429 2
3430 2
3431 2
3432 2
3433 2
3434 2
3435 2
3436 2
3437 2
3438 2
3439 2
3440 2
3441 2
3442 2
3443 2
3444 2
3445 2
3446 2
3447 2
3448 2
3449 2
3450 2
3451 2
3452 2
3453 2
3454 2
3455 2
3456 2
3457 2
3458 2
3459 2
3460 2
3461 2
3462 2
3463 2
3464 2
3465 2
3466 2
3467 2
3468 2
3469 2
3470 2
3471 2
3472 2
3473 2
3474 2
3475 2
3476 2
3477 2
3478 2
3479 2
3480 2
3481 2
3482 2
3483 2
3484 2
3485 2
3486 2
3487 2
3488 2
3489 2
3490 2
3491 2
3492 2
3493 2
3494 2
3495 2
3496 2
3497 2
3498 2
3499 2
3500 2
3501 2
3502 2
3503 2
3504 2
3505 2
3506 2
3507 2
3508 2
3509 2
3510 2
3511 2
3512 2
3513 2
3514 2
3515 2
3516 2
3517 2
3518 2
3519 2
3520 2
3521 2
3522 2
3523 2
3524 2
3525 2
3526 2
3527 2
3528 2
3529 2
3530 2
3531 2
3532 2
3533 2
3534 2
3535 2
3536 2
3537 2
3538 2
3539 2
3540 2
3541 2
3542 2
3543 2
3544 2
3545 2
3546 2
3547 2
3548 2
3549 2
3550 2
3551 2
3552 2
3553 2
3554 2
3555 2
3556 2
3557 2
3558 2
3559 2
3560 2
3561 2
3562 2
3563 2
3564 2
3565 2
3566 2
3567 2
3568 2
3569 2
3570 2
3571 2
3572 2
3573 2
3574 2
3575 2
3576 2
3577 2
3578 2
3579 2
3580 2
3581 2
3582 2
3583 2
3584 2
3585 2
3586 2
3587 2
3588 2
3589 2
3590 2
3591 2
3592 2
3593 2
3594 2
3595 2
3596 2
3597 2
3598 2
3599 2
3600 2
3601 2
3602 2
3603 2
3604 2
3605 2
3606 2
3607 2
3608 2
3609 2
3610 2
3611 2
3612 2
3613 2
3614 2
3615 2
3616 2
3617 2
3618 2
3619 2
3620 2
3621 2
3622 2
3623 2
3624 2
3625 2
3626 2
3627 2
3628 2
3629 2
3630 2
3631 2
3632 2
3633 2
3634 2
3635 2
3636 2
3637 2
3638 2
3639 2
3640 2
3641 2
3642 2
3643 2
3644 2
3645 2
3646 2
3647 2
3648 2
3649 2
3650 2
3651 2
3652 2
3653 2
3654 2
3655 2
3656 2
3657 2
3658 2
3659 2
3660 2
3661 2
3662 2
3663 2
3664 2
3665 2
3666 2
3667 2
3668 2
3669 2
3670 2
3671 2
3672 2
3673 2
3674 2
3675 2
3676 2
3677 2
3678 2
3679 2
3680 2
3681 2
3682 2
3683 2
3684 2
3685 2
3686 2
3687 2
3688 2
3689 2
3690 2
3691 2
3692 2
3693 2
3694 2
3695 2
3696 2
3697 2
3698 2
3699 2
3700 2
3701 2
3702 2
3703 2
3704 2
3705 2
3706 2
3707 2
3708 2
3709 2
3710 2
3711 2
3712 2
3713 2
3714 2
3715 2
3716 2
3717 2
3718 2
3719 2
3720 2
3721 2
3722 2
3723 2
3724 2
3725 2
3726 2
3727 2
3728 2
3729 2
3730 2
3731 2
3732 2
3733 2
3734 2
3735 2
3736 2
3737 2
3738 2
3739 2
3740 2
3741 2
3742 2
3743 2
3744 2
3745 2
3746 2
3747 2
3748 2
3749 2
3750 2
3751 2
3752 2
3753 2
3754 2
3755 2
3756 2
3757 2
3758 2
3759 2
3760 2
3761 2
3762 2
3763 2
3764 2
3765 2
3766 2
3767 2
3768 2
3769 2
3770 2
3771 2
3772 2
3773 2
3774 2
3775 2
3776 2
3777 2
3778 2
3779 2
3780 2
3781 2
3782 2
3783 2
3784 2
3785 2
3786 2
3787 2
3788 2
3789 2
3790 2
3791 2
3792 2
3793 2
3794 2
3795 2
3796 2
3797 2
3798 2
3799 2
3800 2
3801 2
3802 2
3803 2
3804 2
3805 2
3806 2
3807 2
3808 2
3809 2
3810 2
3811 2
3812 2
3813 2
3814 2
3815 2
3816 2
3817 2
3818 2
3819 2
3820 2
3821 2
3822 2
3823 2
3824 2
3825 2
3826 2
3827 2
3828 2
3829 2
3830 2
3831 2
3832 2
3833 2
3834 2
3835 2
3836 2
3837 2
3838 2
3839 2
3840 2
3841 2
3842 2
3843 2
3844 2
3845 2
3846 2
3847 2
3848 2
3849 2
3850 2
3851 2
3852 2
3853 2
3854 2
3855 2
3856 2
3857 2
3858 2
3859 2
3860 2
3861 2
3862 2
3863 2
3864 2
3865 2
3866 2
3867 2
3868 2
3869 2
3870 2
3871 2
3872 2
3873 2
3874 2
3875 2
3876 2
3877 2
3878 2
3879 2
3880 2
3881 2
3882 2
3883 2
3884 2
3885 2
3886 2
3887 2
3888 2
3889 2
3890 2
3891 2
3892 2
3893 2
3894 2
3895 2
3896 2
3897 2
3898 2
3899 2
3900 2
3901 2
3902 2
3903 2
3904 2
3905 2
3906 2
3907 2
3908 2
3909 2
3910 2
3911 2
3912 2
3913 2
3914 2
3915 2
3916 2
3917 2
3918 2
3919 2
3920 2
3921 2
3922 2
3923 2
3924 2
3925 2
3926 2
3927 2
3928 2
3929 2
3930 2
3931 2
3932 2
3933 2
3934 2
3935 2
3936 2
3937 2
3938 2
3939 2
3940 2
3941 2
3942 2
3943 2
3944 2
3945 2
3946 3
3947 3
3948 3
3949 3
3950 3
3951 3
3952 3
3953 3
3954 3
3955 3
3956 3
3957 3
3958 3
3959 3
3960 3
3961 3
3962 3
3963 3
3964 3
3965 3
3966 3
3967 3
3968 3
3969 3
3970 3
3971 3
3972 3
3973 3
3974 3
3975 3
3976 3
3977 3
3978 3
3979 3
3980 3
3981 3
3982 3
3983 3
3984 3
3985 3
3986 3
3987 3
3988 3
3989 3
3990 3
3991 3
3992 3
3993 3
3994 3
3995 3
3996 3
3997 3
3998 3
3999 3
4000 3
4001 3
4002 3
4003 3
4004 3
4005 3
4006 3
4007 3
4008 3
4009 3
4010 3
4011 3
4012 3
4013 3
4014 3
4015 3
4016 3
4017 3
4018 3
4019 3
4020 3
4021 3
4022 3
4023 3
4024 3
4025 3
4026 3
4027 3
4028 3
4029 3
4030 3
4031 3
4032 3
4033 3
4034 3
4035 3
4036 3
4037 3
4038 3
4039 3
4040 3
4041 3
4042 3
4043 3
4044 3
4045 3
4046 3
4047 3
4048 3
4049 3
4050 3
4051 3
4052 3
4053 3
4054 3
4055 3
4056 3
4057 3
4058 3
4059 3
4060 3
4061 3
4062 3
4063 3
4064 3
4065 3
4066 3
4067 3
4068 3
4069 3
4070 3
4071 3
4072 3
4073 3
4074 3
4075 3
4076 3
4077 3
4078 3
4079 3
4080 3
4081 3
4082 3
4083 3
4084 3
4085 3
4086 3
4087 3
4088 3
4089 3
4090 3
4091 3
4092 3
4093 3
4094 3
4095 3
4096 3
4097 3
4098 3
4099 3
4100 3
4101 3
4102 3
4103 3
4104 3
4105 3
4106 3
4107 3
4108 3
4109 3
4110 3
4111 3
4112 3
4113 3
4114 3
4115 3
4116 3
4117 3
4118 3
4119 3
4120 3
4121 3
4122 3
4123 3
4124 3
4125 3
4126 3
4127 3
4128 3
4129 3
4130 3
4131 3
4132 3
4133 3
4134 3
4135 3
4136 3
4137 3
4138 3
4139 3
4140 3
4141 3
4142 3
4143 3
4144 3
4145 3
4146 3
4147 3
4148 3
4149 3
4150 3
4151 3
4152 3
4153 3
4154 3
4155 3
4156 3
4157 3
4158 3
4159 3
4160 3
4161 3
4162 3
4163 3
4164 3
4165 3
4166 3
4167 3
4168 3
4169 3
4170 3
4171 3
4172 3
4173 3
4174 3
4175 3
4176 3
4177 3
4178 3
4179 3
4180 3
4181 3
4182 3
4183 3
4184 3
4185 3
4186 3
4187 3
4188 3
4189 3
4190 3
4191 3
4192 3
4193 3
4194 3
4195 3
4196 3
4197 3
4198 3
4199 3
4200 3
4201 3
4202 3
4203 3
4204 3
4205 3
4206 3
4207 3
4208 3
4209 3
4210 3
4211 3
4212 3
4213 3
4214 3
4215 3
4216 3
4217 3
4218 3
4219 3
4220 3
4221 3
4222 3
4223 3
4224 3
4225 3
4226 3
4227 3
4228 3
4229 3
4230 3
4231 3
4232 3
4233 3
4234 3
4235 3
4236 3
4237 3
4238 3
4239 3
4240 3
4241 3
4242 3
4243 3
4244 3
4245 3
4246 3
4247 3
4248 3
4249 3
4250 3
4251 3
4252 3
4253 3
4254 3
4255 3
4256 3
4257 3
4258 3
4259 3
4260 3
4261 3
4262 3
4263 3
4264 3
4265 3
4266 3
4267 3
4268 3
4269 3
4270 3
4271 3
4272 3
4273 3
4274 3
4275 3
4276 3
4277 3
4278 3
4279 3
4280 3
4281 3
4282 3
4283 3
4284 3
4285 3
4286 3
4287 3
4288 3
4289 3
4290 3
4291 3
4292 3
4293 3
4294 3
4295 3
4296 3
4297 3
4298 3
4299 3
4300 3
4301 3
4302 3
4303 3
4304 3
4305 3
4306 3
4307 3
4308 3
4309 3
4310 3
4311 3
4312 3
4313 3
4314 3
4315 3
4316 3
4317 3
4318 3
4319 3
4320 3
4321 3
4322 3
4323 3
4324 3
4325 3
4326 3
4327 3
4328 3
4329 3
4330 3
4331 3
4332 3
4333 3
4334 3
4335 3
4336 3
4337 3
4338 3
4339 3
4340 3
4341 3
4342 3
4343 3
4344 3
4345 3
4346 3
4347 3
4348 3
4349 3
4350 3
4351 3
4352 3
4353 3
4354 3
4355 3
4356 3
4357 3
4358 3
4359 3
4360 3
4361 3
4362 3
4363 3
4364 3
4365 3
4366 3
4367 3
4368 3
4369 3
4370 3
4371 3
4372 3
4373 3
4374 3
4375 3
4376 3
4377 3
4378 3
4379 3
4380 3
4381 3
4382 3
4383 3
4384 3
4385 3
4386 3
4387 3
4388 3
4389 3
4390 3
4391 3
4392 3
4393 3
4394 3
4395 3
4396 3
4397 3
4398 3
4399 3
4400 3
4401 3
4402 3
4403 3
4404 3
4405 3
4406 3
4407 3
4408 3
4409 3
4410 3
4411 3
4412 3
4413 3
4414 3
4415 3
4416 3
4417 3
4418 3
4419 3
4420 3
4421 3
4422 3
4423 3
4424 3
4425 3
4426 3
4427 3
4428 3
4429 3
4430 3
4431 3
4432 3
4433 3
4434 3
4435 3
4436 3
4437 3
4438 3
4439 3
4440 3
4441 3
4442 3
4443 3
4444 3
4445 3
4446 3
4447 3
4448 3
4449 3
4450 3
4451 3
4452 3
4453 3
4454 3
4455 3
4456 3
4457 3
4458 3
4459 3
4460 3
4461 3
4462 3
4463 3
4464 3
4465 3
4466 3
4467 3
4468 3
4469 3
4470 3
4471 3
4472 3
4473 3
4474 3
4475 3
4476 3
4477 3
4478 3
4479 3
4480 3
4481 3
4482 3
4483 3
4484 3
4485 3
4486 3
4487 3
4488 3
4489 3
4490 3
4491 3
4492 3
4493 3
4494 3
4495 3
4496 3
4497 3
4498 3
4499 3
4500 3
4501 3
4502 3
4503 3
4504 3
4505 3
4506 3
4507 3
4508 3
4509 3
4510 3
4511 3
4512 3
4513 3
4514 3
4515 3
4516 3
4517 3
4518 3
4519 3
4520 3
4521 3
4522 3
4523 3
4524 3
4525 3
4526 3
4527 3
4528 3
4529 3
4530 3
4531 3
4532 3
4533 3
4534 3
4535 3
4536 3
4537 3
4538 3
4539 3
4540 3
4541 3
4542 3
4543 3
4544 3
4545 3
4546 3
4547 3
4548 3
4549 3
4550 3
4551 3
4552 3
4553 3
4554 3
4555 3
4556 3
4557 3
4558 3
4559 3
4560 3
4561 3
4562 3
4563 3
4564 3
4565 3
4566 3
4567 3
4568 3
4569 3
4570 3
4571 3
4572 3
4573 3
4574 3
4575 3
4576 3
4577 3
4578 3
4579 3
4580 3
4581 3
4582 3
4583 3
4584 3
4585 3
4586 3
4587 3
4588 3
4589 3
4590 3
4591 3
4592 3
4593 3
4594 3
4595 3
4596 3
4597 3
4598 3
4599 3
4600 3
4601 3
4602 3
4603 3
4604 3
4605 3
4606 3
4607 3
4608 3
4609 3
4610 3
4611 3
4612 3
4613 3
4614 3
4615 3
4616 3
4617 3
4618 3
4619 3
4620 3
4621 3
4622 3
4623 3
4624 3
4625 3
4626 3
4627 3
4628 3
4629 3
4630 3
4631 3
4632 3
4633 3
4634 3
4635 3
4636 3
4637 3
4638 3
4639 3
4640 3
4641 3
4642 3
4643 3
4644 3
4645 3
4646 3
4647 3
4648 3
4649 3
4650 3
4651 3
4652 3
4653 3
4654 3
4655 3
4656 3
4657 3
4658 3
4659 3
4660 3
4661 3
4662 3
4663 3
4664 3
4665 3
4666 3
4667 3
4668 3
4669 3
4670 3
4671 3
4672 3
4673 3
4674 3
4675 3
4676 3
4677 3
4678 3
4679 3
4680 3
4681 3
4682 3
4683 3
4684 3
4685 3
4686 3
4687 3
4688 3
4689 3
4690 3
4691 3
4692 3
4693 3
4694 3
4695 3
4696 3
4697 3
4698 3
4699 3
4700 3
4701 3
4702 3
4703 3
4704 3
4705 3
4706 3
4707 3
4708 3
4709 3
4710 3
4711 3
4712 3
4713 3
4714 3
4715 3
4716 3
4717 3
4718 3
4719 3
4720 3
4721 3
4722 3
4723 3
4724 3
4725 3
4726 3
4727 3
4728 3
4729 3
4730 3
4731 3
4732 3
4733 3
4734 3
4735 3
4736 3
4737 3
4738 3
4739 3
4740 3
4741 3
4742 3
4743 3
4744 3
4745 3
4746 3
4747 3
4748 3
4749 3
4750 3
4751 3
4752 3
4753 3
4754 3
4755 3
4756 3
4757 3
4758 3
4759 3
4760 3
4761 3
4762 3
4763 3
4764 3
4765 3
4766 3
4767 3
4768 3
4769 3
4770 3
4771 3
4772 3
4773 3
4774 3
4775 3
4776 3
4777 3
4778 3
4779 3
4780 3
4781 3
4782 3
4783 3
4784 3
4785 3
4786 3
4787 3
4788 3
4789 3
4790 3
4791 3
4792 3
4793 3
4794 3
4795 3
4796 3
4797 3
4798 3
4799 3
4800 3
4801 3
4802 3
4803 3
4804 3
4805 3
4806 3
4807 3
4808 3
4809 3
4810 3
4811 3
4812 3
4813 3
4814 3
4815 3
4816 3
4817 3
4818 3
4819 3
4820 3
4821 3
4822 3
4823 3
4824 3
4825 3
4826 3
4827 3
4828 3
4829 3
4830 3
4831 3
4832 3
4833 3
4834 3
4835 3
4836 3
4837 3
4838 3
4839 3
4840 3
4841 3
4842 3
4843 3
4844 3
4845 3
4846 3
4847 3
4848 3
4849 3
4850 3
4851 3
4852 3
4853 3
4854 3
4855 3
4856 3
4857 3
4858 3
4859 3
4860 3
4861 3
4862 3
4863 3
4864 3
4865 3
4866 3
4867 3
4868 3
4869 3
4870 3
4871 3
4872 3
4873 3
4874 3
4875 3
4876 3
4877 3
4878 3
4879 3
4880 3
4881 3
4882 3
4883 3
4884 3
4885 3
4886 3
4887 3
4888 3
4889 3
4890 3
4891 3
4892 3
4893 3
4894 3
4895 4
4896 4
4897 4
4898 4
4899 4
4900 4
4901 4
4902 4
4903 4
4904 4
4905 4
4906 4
4907 4
4908 4
4909 4
4910 4
4911 4
4912 4
4913 4
4914 5
4915 5
4916 5
4917 5
4918 5
4919 5
4920 5
4921 5
4922 5
4923 5
4924 5
4925 5
4926 5
4927 5
4928 5
4929 5
4930 5
4931 5
4932 5
4933 5
4934 5
4935 5
4936 5
4937 5
4938 5
4939 5
4940 5
4941 5
4942 5
4943 5
4944 5
4945 5
4946 5
4947 5
4948 5
4949 5
4950 5
4951 5
4952 5
4953 5
4954 5
4955 5
4956 5
4957 5
4958 5
4959 5
4960 5
4961 5
4962 5
4963 5
4964 5
4965 5
4966 5
4967 5
4968 5
4969 5
4970 5
4971 5
4972 5
4973 5
4974 5
4975 5
4976 5
4977 5
4978 5
4979 5
4980 5
4981 5
4982 5
4983 5
4984 5
4985 5
4986 5
4987 5
4988 5
4989 5
4990 5
4991 5
4992 5
4993 5
4994 5
4995 5
4996 5
4997 5
4998 5
4999 5
5000 5
5001 5
5002 5
5003 5
5004 5
5005 5
5006 5
5007 5
5008 5
5009 5
5010 5
5011 5
5012 5
5013 5
5014 5
5015 5
5016 5
5017 5
5018 5
5019 5
5020 5
5021 5
5022 5
5023 5
5024 5
5025 5
5026 5
5027 5
5028 5
5029 5
5030 5
5031 5
5032 5
5033 5
5034 5
5035 5
5036 5
5037 5
5038 5
5039 5
5040 5
5041 5
5042 5
5043 5
5044 5
5045 5
5046 5
5047 5
5048 5
5049 5
5050 5
5051 5
5052 5
5053 5
5054 5
5055 5
5056 5
5057 5
5058 5
5059 5
5060 5
5061 5
5062 5
5063 5
5064 5
5065 5
5066 5
5067 5
5068 5
5069 5
5070 5
5071 5
5072 5
5073 5
5074 5
5075 5
5076 5
5077 5
5078 5
5079 5
5080 5
5081 5
5082 5
5083 5
5084 5
5085 5
5086 5
5087 5
5088 5
5089 5
5090 5
5091 5
5092 5
5093 5
5094 5
5095 5
5096 5
5097 5
5098 5
5099 5
5100 5
5101 5
5102 5
5103 5
5104 5
5105 5
5106 5
5107 5
5108 5
5109 5
5110 5
5111 5
5112 5
5113 5
5114 5
5115 5
5116 5
5117 5
5118 5
5119 5
5120 5
5121 5
5122 5
5123 5
5124 5
5125 5
5126 5
5127 5
5128 5
5129 5
5130 5
5131 5
5132 5
5133 5
5134 5
5135 5
5136 5
5137 5
5138 5
5139 5
5140 5
5141 5
5142 5
5143 5
5144 5
5145 5
5146 5
5147 5
5148 5
5149 5
5150 5
5151 5
5152 5
5153 5
5154 5
5155 5
5156 5
5157 5
5158 5
5159 5
5160 5
5161 5
5162 5
5163 5
5164 5
5165 5
5166 5
5167 5
5168 5
5169 5
5170 5
5171 5
5172 5
5173 5
5174 5
5175 5
5176 5
5177 5
5178 5
5179 5
5180 5
5181 5
5182 5
5183 5
5184 5
5185 5
5186 5
5187 5
5188 5
5189 5
5190 5
5191 5
5192 5
5193 5
5194 5
5195 5
5196 5
5197 5
5198 5
5199 5
5200 5
5201 5
5202 5
5203 5
5204 5
5205 5
5206 5
5207 5
5208 5
5209 5
5210 5
5211 5
5212 5
5213 5
5214 5
5215 5
5216 5
5217 5
5218 5
5219 5
5220 5
5221 5
5222 5
5223 5
5224 5
5225 5
5226 5
5227 5
5228 5
5229 5
5230 5
5231 5
5232 5
5233 5
5234 5
5235 5
5236 5
5237 5
5238 5
5239 5
5240 5
5241 5
5242 5
5243 5
5244 5
5245 5
5246 5
5247 5
5248 5
5249 5
5250 5
5251 5
5252 5
5253 5
5254 5
5255 5
5256 5
5257 5
5258 5
5259 5
5260 5
5261 5
5262 5
5263 5
5264 5
5265 5
5266 5
5267 5
5268 5
5269 5
5270 5
5271 5
5272 5
5273 5
5274 5
5275 5
5276 5
5277 5
5278 5
5279 5
5280 5
5281 5
5282 5
5283 5
5284 5
5285 5
5286 5
5287 5
5288 5
5289 5
5290 5
5291 5
5292 5
5293 5
5294 5
5295 5
5296 5
5297 5
5298 5
5299 5
5300 5
5301 5
5302 5
5303 5
5304 5
5305 5
5306 5
5307 5
5308 5
5309 5
5310 5
5311 5
5312 5
5313 5
5314 5
5315 5
5316 5
5317 5
5318 5
5319 5
5320 5
5321 5
5322 5
5323 5
5324 5
5325 5
5326 5
5327 5
5328 5
5329 5
5330 5
5331 5
5332 5
5333 5
5334 5
5335 5
5336 5
5337 5
5338 5
5339 5
5340 5
5341 5
5342 5
5343 5
5344 5
5345 5
5346 5
5347 5
5348 5
5349 5
5350 5
5351 5
5352 5
5353 5
5354 5
5355 5
5356 5
5357 5
5358 5
5359 5
5360 5
5361 5
5362 5
5363 5
5364 5
5365 5
5366 5
5367 5
5368 5
5369 5
5370 5
5371 5
5372 5
5373 5
5374 5
5375 5
5376 5
5377 5
5378 5
5379 5
5380 5
5381 5
5382 5
5383 5
5384 5
5385 5
5386 5
5387 5
5388 5
5389 5
5390 5
5391 5
5392 5
5393 5
5394 5
5395 5
5396 5
5397 5
5398 5
5399 5
5400 5
5401 5
5402 5
5403 5
5404 5
5405 5
5406 5
5407 5
5408 5
5409 5
5410 5
5411 5
5412 5
5413 5
5414 5
5415 5
5416 5
5417 5
5418 5
5419 5
5420 5
5421 5
5422 5
5423 5
5424 5
5425 5
5426 5
5427 5
5428 5
5429 5
5430 5
5431 5
5432 5
5433 5
5434 5
5435 5
5436 5
5437 5
5438 5
5439 5
5440 5
5441 5
5442 5
5443 5
5444 5
5445 5
5446 5
5447 5
5448 5
5449 5
5450 5
5451 5
5452 5
5453 5
5454 5
5455 5
5456 5
5457 5
5458 5
5459 5
5460 5
5461 5
5462 5
5463 5
5464 5
5465 5
5466 5
5467 5
5468 5
5469 5
5470 5
5471 5
5472 5
5473 5
5474 5
5475 5
5476 5
5477 5
5478 5
5479 5
5480 5
5481 5
5482 5
5483 5
5484 5
5485 5
5486 5
5487 5
5488 5
5489 5
5490 5
5491 5
5492 5
5493 5
5494 5
5495 5
5496 5
5497 5
5498 5
5499 5
5500 5
5501 5
5502 5
5503 5
5504 5
5505 5
5506 5
5507 5
5508 5
5509 5
5510 5
5511 5
5512 5
5513 5
5514 5
5515 5
5516 5
5517 5
5518 5
5519 5
5520 5
5521 5
5522 5
5523 5
5524 5
5525 5
5526 5
5527 5
5528 5
5529 5
5530 5
5531 5
5532 5
5533 5
5534 5
5535 5
5536 5
5537 5
5538 5
5539 5
5540 5
5541 5
5542 5
5543 5
5544 5
5545 5
5546 5
5547 5
5548 5
5549 5
5550 5
5551 5
5552 5
5553 5
5554 5
5555 5
5556 5
5557 5
5558 5
5559 5
5560 5
5561 5
5562 5
5563 5
5564 5
5565 5
5566 5
5567 5
5568 5
5569 5
5570 5
5571 5
5572 5
5573 5
5574 5
5575 5
5576 5
5577 5
5578 5
5579 5
5580 5
5581 5
5582 5
5583 5
5584 5
5585 5
5586 5
5587 5
5588 5
5589 5
5590 5
5591 5
5592 5
5593 5
5594 5
5595 5
5596 5
5597 5
5598 5
5599 5
5600 5
5601 5
5602 5
5603 5
5604 5
5605 5
5606 5
5607 5
5608 5
5609 5
5610 5
5611 5
5612 5
5613 5
5614 5
5615 5
5616 5
5617 5
5618 5
5619 5
5620 5
5621 5
5622 5
5623 5
5624 5
5625 5
5626 5
5627 5
5628 5
5629 5
5630 5
5631 5
5632 5
5633 5
5634 5
5635 5
5636 5
5637 5
5638 5
5639 5
5640 5
5641 5
5642 5
5643 5
5644 5
5645 5
5646 5
5647 5
5648 5
5649 5
5650 5
5651 5
5652 5
5653 5
5654 5
5655 5
5656 5
5657 5
5658 5
5659 5
5660 5
5661 5
5662 5
5663 5
5664 5
5665 5
5666 5
5667 5
5668 5
5669 5
5670 5
5671 5
5672 5
5673 5
5674 5
5675 5
5676 5
5677 5
5678 5
5679 5
5680 5
5681 5
5682 5
5683 5
5684 5
5685 5
5686 5
5687 5
5688 5
5689 5
5690 5
5691 5
5692 5
5693 5
5694 5
5695 5
5696 5
5697 5
5698 5
5699 5
5700 5
5701 5
5702 5
5703 5
5704 5
5705 5
5706 5
5707 5
5708 5
5709 5
5710 5
5711 5
5712 5
5713 5
5714 5
5715 5
5716 5
5717 5
5718 5
5719 5
5720 5
5721 5
5722 5
5723 5
5724 5
5725 5
5726 5
5727 5
5728 5
5729 5
5730 5
5731 5
5732 5
5733 5
5734 5
5735 5
5736 5
5737 5
5738 5
5739 5
5740 5
5741 5
5742 5
5743 5
5744 5
5745 5
5746 5
5747 5
5748 5
5749 5
5750 5
5751 5
5752 5
5753 5
5754 5
5755 5
5756 5
5757 5
5758 5
5759 5
5760 5
5761 5
5762 5
5763 5
5764 5
5765 5
5766 5
5767 5
5768 5
5769 5
5770 5
5771 5
5772 5
5773 5
5774 5
5775 5
5776 5
5777 5
5778 5
5779 5
5780 5
5781 5
5782 5
5783 5
5784 5
5785 5
5786 5
5787 5
5788 5
5789 5
5790 5
5791 5
5792 5
5793 5
5794 5
5795 5
5796 5
5797 5
5798 5
5799 5
5800 5
5801 5
5802 5
5803 5
5804 5
5805 5
5806 5
5807 5
5808 5
5809 5
5810 5
5811 5
5812 5
5813 5
5814 5
5815 5
5816 5
5817 5
5818 5
5819 5
5820 5
5821 5
5822 5
5823 5
5824 5
5825 5
5826 5
5827 5
5828 5
5829 5
5830 5
5831 5
5832 5
5833 5
5834 5
5835 5
5836 5
5837 5
5838 5
5839 5
5840 5
5841 5
5842 5
5843 5
5844 5
5845 5
5846 5
5847 5
5848 5
5849 5
5850 5
5851 5
5852 5
5853 5
5854 5
5855 5
5856 5
5857 5
5858 5
5859 5
5860 5
5861 5
5862 5
5863 5
5864 5
5865 5
5866 5
5867 5
5868 5
5869 5
5870 5
5871 5
5872 5
5873 5
5874 5
5875 5
5876 5
5877 5
5878 5
5879 5
5880 5
5881 5
5882 5
5883 5
5884 5
5885 5
5886 5
5887 5
5888 5
5889 5
5890 5
5891 5
5892 5
5893 5
5894 5
5895 5
5896 5
5897 5
5898 5
5899 5
5900 5
5901 5
5902 5
5903 5
5904 5
5905 5
5906 5
5907 5
5908 5
5909 5
5910 5
5911 5
5912 5
5913 5
5914 5
5915 5
5916 5
5917 5
5918 5
5919 5
5920 5
5921 5
5922 5
5923 5
5924 5
5925 5
5926 5
5927 5
5928 5
5929 5
5930 5
5931 5
5932 5
5933 5
5934 5
5935 5
5936 5
5937 5
5938 5
5939 5
5940 5
5941 5
5942 5
5943 5
5944 5
5945 5
5946 5
5947 5
5948 5
5949 5
5950 5
5951 5
5952 5
5953 5
5954 5
5955 5
5956 5
5957 5
5958 5
5959 5
5960 5
5961 5
5962 5
5963 5
5964 5
5965 5
5966 5
5967 5
5968 5
5969 5
5970 5
5971 5
5972 5
5973 5
5974 5
5975 5
5976 5
5977 5
5978 5
5979 5
5980 5
5981 5
5982 5
5983 5
5984 5
5985 5
5986 5
5987 5
5988 5
5989 5
5990 5
5991 5
5992 5
5993 5
5994 5
5995 5
5996 5
5997 5
5998 5
5999 5
6000 5
6001 5
6002 5
6003 5
6004 5
6005 5
6006 5
6007 5
6008 5
6009 5
6010 5
6011 5
6012 5
6013 5
6014 5
6015 5
6016 5
6017 5
6018 5
6019 5
6020 5
6021 5
6022 5
6023 5
6024 5
6025 5
6026 5
6027 5
6028 5
6029 5
6030 5
6031 5
6032 5
6033 5
6034 5
6035 5
6036 5
6037 5
6038 5
6039 5
6040 5
6041 5
6042 5
6043 5
6044 5
6045 5
6046 5
6047 5
6048 5
6049 5
6050 5
6051 5
6052 5
6053 5
6054 5
6055 5
6056 5
6057 5
6058 5
6059 5
6060 5
6061 5
6062 5
6063 5
6064 5
6065 5
6066 5
6067 5
6068 5
6069 5
6070 5
6071 5
6072 5
6073 5
6074 5
6075 5
6076 5
6077 5
6078 5
6079 5
6080 5
6081 5
6082 5
6083 5
6084 5
6085 5
6086 5
6087 5
6088 5
6089 5
6090 5
6091 5
6092 5
6093 5
6094 5
6095 5
6096 5
6097 5
6098 5
6099 5
6100 5
6101 5
6102 5
6103 5
6104 5
6105 5
6106 5
6107 5
6108 5
6109 5
6110 5
6111 5
6112 5
6113 5
6114 5
6115 5
6116 5
6117 5
6118 5
6119 5
6120 5
6121 5
6122 5
6123 5
6124 5
6125 5
6126 5
6127 5
6128 5
6129 5
6130 5
6131 5
6132 5
6133 5
6134 5
6135 5
6136 5
6137 5
6138 5
6139 5
6140 5
6141 5
6142 5
6143 5
6144 5
6145 5
6146 5
6147 5
6148 5
6149 5
6150 5
6151 5
6152 5
6153 5
6154 5
6155 5
6156 5
6157 5
6158 5
6159 5
6160 5
6161 5
6162 5
6163 5
6164 5
6165 5
6166 5
6167 5
6168 5
6169 5
6170 5
6171 5
6172 5
6173 5
6174 5
6175 5
6176 5
6177 5
6178 5
6179 5
6180 5
6181 5
6182 5
6183 5
6184 5
6185 5
6186 5
6187 5
6188 5
6189 5
6190 5
6191 5
6192 5
6193 5
6194 5
6195 5
6196 5
6197 5
6198 5
6199 5
6200 5
6201 5
6202 5
6203 5
6204 5
6205 5
6206 5
6207 5
6208 5
6209 5
6210 5
6211 5
6212 5
6213 5
6214 5
6215 5
6216 5
6217 5
6218 5
6219 5
6220 5
6221 5
6222 5
6223 5
6224 5
6225 5
6226 5
6227 5
6228 5
6229 5
6230 5
6231 5
6232 5
6233 5
6234 5
6235 5
6236 5
6237 5
6238 5
6239 5
6240 5
6241 5
6242 5
6243 5
6244 5
6245 5
6246 5
6247 5
6248 5
6249 5
6250 5
6251 5
6252 5
6253 5
6254 5
6255 5
6256 5
6257 5
6258 5
6259 5
6260 5
6261 5
6262 5
6263 5
6264 5
6265 5
6266 5
6267 5
6268 5
6269 5
6270 5
6271 5
6272 5
6273 5
6274 5
6275 5
6276 5
6277 5
6278 5
6279 5
6280 5
6281 5
6282 5
6283 5
6284 5
6285 5
6286 5
6287 5
6288 5
6289 5
6290 5
6291 5
6292 5
6293 5
6294 5
6295 5
6296 5
6297 5
6298 5
6299 5
6300 5
6301 5
6302 5
6303 5
6304 5
6305 5
6306 5
6307 5
6308 5
6309 5
6310 5
6311 5
6312 5
6313 5
6314 5
6315 5
6316 5
6317 5
6318 5
6319 5
6320 5
6321 5
6322 5
6323 5
6324 5
6325 5
6326 5
6327 5
6328 5
6329 5
6330 5
6331 5
6332 5
6333 5
6334 5
6335 5
6336 5
6337 5
6338 5
6339 5
6340 5
6341 5
6342 5
6343 5
6344 5
6345 5
6346 5
6347 5
6348 5
6349 5
6350 5
6351 5
6352 5
6353 5
6354 5
6355 5
6356 5
6357 5
6358 5
6359 5
6360 5
6361 5
6362 5
6363 5
6364 5
6365 5
6366 5
6367 5
6368 5
6369 5
6370 5
6371 5
6372 5
6373 5
6374 5
6375 5
6376 5
6377 5
6378 5
6379 5
6380 5
6381 5
6382 5
6383 5
6384 5
6385 5
6386 5
6387 5
6388 5
6389 5
6390 5
6391 5
6392 5
6393 5
6394 5
6395 5
6396 5
6397 5
6398 5
6399 5
6400 5
6401 5
6402 5
6403 5
6404 5
6405 5
6406 5
6407 5
6408 5
6409 5
6410 5
6411 5
6412 5
6413 5
6414 5
6415 5
6416 5
6417 5
6418 5
6419 5
6420 5
6421 5
6422 5
6423 5
6424 5
6425 5
6426 5
6427 5
6428 5
6429 5
6430 5
6431 5
6432 5
6433 5
6434 5
6435 5
6436 5
6437 5
6438 5
6439 5
6440 5
6441 5
6442 5
6443 5
6444 5
6445 5
6446 5
6447 5
6448 5
6449 5
6450 5
6451 5
6452 5
6453 5
6454 5
6455 5
6456 5
6457 5
6458 5
6459 5
6460 5
6461 5
6462 5
6463 5
6464 5
6465 5
6466 5
6467 5
6468 5
6469 5
6470 5
6471 5
6472 5
6473 5
6474 5
6475 5
6476 5
6477 5
6478 5
6479 5
6480 5
6481 5
6482 5
6483 5
6484 5
6485 5
6486 5
6487 5
6488 5
6489 5
6490 5
6491 5
6492 5
6493 5
6494 5
6495 5
6496 5
6497 5
6498 5
6499 5
6500 5
6501 5
6502 5
6503 5
6504 5
6505 5
6506 5
6507 5
6508 5
6509 5
6510 5
6511 5
6512 5
6513 5
6514 5
6515 5
6516 5
6517 5
6518 5
6519 5
6520 5
6521 5
6522 5
6523 5
6524 5
6525 5
6526 5
6527 5
6528 5
6529 5
6530 5
6531 5
6532 5
6533 5
6534 5
6535 5
6536 5
6537 5
6538 5
6539 5
6540 5
6541 5
6542 5
6543 5
6544 5
6545 5
6546 5
6547 5
6548 5
6549 5
6550 5
6551 5
6552 5
6553 5
6554 5
6555 5
6556 5
6557 5
6558 5
6559 5
6560 5
6561 5
6562 5
6563 5
6564 5
6565 5
6566 5
6567 5
6568 5
6569 5
6570 5
6571 5
6572 5
6573 5
6574 5
6575 5
6576 5
6577 5
6578 5
6579 5
6580 5
6581 5
6582 5
6583 5
6584 5
6585 5
6586 5
6587 5
6588 5
6589 5
6590 5
6591 5
6592 5
6593 5
6594 5
6595 5
6596 5
6597 5
6598 5
6599 5
6600 5
6601 5
6602 5
6603 5
6604 5
6605 5
6606 5
6607 5
6608 5
6609 5
6610 5
6611 5
6612 5
6613 5
6614 5
6615 5
6616 5
6617 5
6618 5
6619 5
6620 5
6621 5
6622 5
6623 5
6624 5
6625 5
6626 5
6627 5
6628 5
6629 5
6630 5
6631 5
6632 5
6633 5
6634 5
6635 5
6636 5
6637 5
6638 5
6639 5
6640 5
6641 5
6642 6
6643 6
6644 6
6645 6
6646 6
6647 6
6648 6
6649 6
6650 6
6651 6
6652 6
6653 6
6654 6
6655 6
6656 6
6657 6
6658 6
6659 6
6660 6
6661 6
6662 6
6663 6
6664 6
6665 6
6666 6
6667 6
6668 6
6669 6
6670 6
6671 6
6672 6
6673 6
6674 6
6675 6
6676 6
6677 6
6678 6
6679 6
6680 6
6681 6
6682 6
6683 6
6684 6
6685 6
6686 6
6687 6
6688 6
6689 6
6690 6
6691 6
6692 6
6693 6
6694 6
6695 6
6696 6
6697 6
6698 6
6699 6
6700 6
6701 6
6702 6
6703 6
6704 6
6705 6
6706 6
6707 6
6708 6
6709 6
6710 6
6711 6
6712 6
6713 6
6714 6
6715 6
6716 6
6717 6
6718 6
6719 6
6720 6
6721 6
6722 6
6723 6
6724 6
6725 6
6726 6
6727 6
6728 6
6729 6
6730 6
6731 6
6732 6
6733 6
6734 6
6735 6
6736 6
6737 6
6738 6
6739 6
6740 6
6741 6
6742 6
6743 6
6744 6
6745 6
6746 6
6747 6
6748 6
6749 6
6750 7
6751 7
6752 7
6753 7
6754 7
6755 7
6756 7
6757 7
6758 7
6759 7
6760 7
6761 7
6762 7
6763 7
6764 7
6765 7
6766 7
6767 7
6768 7
6769 7
6770 7
6771 7
6772 7
6773 7
6774 7
6775 7
6776 7
6777 7
6778 7
6779 7
6780 7
6781 7
6782 7
6783 7
6784 7
6785 7
6786 7
6787 7
6788 7
6789 7
6790 7
6791 7
6792 7
6793 7
6794 7
6795 7
6796 7
6797 7
6798 7
6799 7
6800 7
6801 7
6802 7
6803 7
6804 7
6805 7
6806 7
6807 7
6808 7
6809 7
6810 7
6811 7
6812 7
6813 7
6814 7
6815 7
6816 7
6817 8
6818 8
6819 8
6820 8
6821 8
6822 8
6823 8
6824 8
6825 8
6826 8
6827 8
6828 8
6829 8
6830 8
6831 8
6832 8
6833 8
6834 8
6835 8
6836 8
6837 8
6838 8
6839 8
6840 8
6841 8
6842 8
6843 8
6844 8
6845 8
6846 8
6847 8
6848 8
6849 8
6850 8
6851 8
6852 8
6853 8
6854 8
6855 8
6856 8
6857 8
6858 8
6859 8
6860 8
6861 8
6862 8
6863 8
6864 8
6865 8
6866 8
6867 8
6868 8
6869 8
6870 8
6871 8
6872 8
6873 8
6874 8
6875 8
6876 8
6877 8
6878 8
6879 8
6880 8
6881 8
6882 8
6883 8
6884 8
6885 8
6886 8
6887 8
6888 8
6889 8
6890 8
6891 8
6892 8
6893 8
6894 8
6895 8
6896 8
6897 8
6898 8
6899 8
6900 8
6901 8
6902 8
6903 8
6904 8
6905 8
6906 8
6907 8
6908 8
6909 8
6910 8
6911 8
6912 8
6913 8
6914 8
6915 8
6916 8
6917 8
6918 8
6919 8
6920 8
6921 8
6922 8
6923 8
6924 8
6925 8
6926 8
6927 8
6928 8
6929 8
6930 8
6931 8
6932 8
6933 8
6934 8
6935 8
6936 8
6937 8
6938 8
6939 8
6940 8
6941 8
6942 8
6943 8
6944 8
6945 8
6946 8
6947 8
6948 8
6949 8
6950 8
6951 8
6952 8
6953 8
6954 8
6955 8
6956 8
6957 8
6958 8
6959 8
6960 8
6961 8
6962 8
6963 8
6964 8
6965 8
6966 8
6967 8
6968 8
6969 8
6970 8
6971 8
6972 8
6973 8
6974 8
6975 8
6976 8
6977 8
6978 8
6979 8
6980 8
6981 8
6982 8
6983 8
6984 8
6985 8
6986 8
6987 8
6988 8
6989 8
6990 8
6991 8
6992 8
6993 8
6994 8
6995 8
6996 8
6997 8
6998 8
6999 8
7000 8
7001 9
7002 9
7003 9
7004 9
7005 9
7006 9
7007 9
7008 9
7009 9
7010 9
7011 9
7012 9
7013 9
7014 9
7015 9
7016 9
7017 9
7018 9
7019 9
7020 9
7021 9
7022 9
7023 9
7024 9
7025 9
7026 9
7027 9
7028 9
7029 9
7030 9
7031 9
7032 9
7033 9
7034 9
7035 9
7036 9
7037 9
7038 9
7039 9
7040 9
7041 9
7042 9
7043 9
7044 9
7045 9
7046 9
7047 9
7048 9
7049 9
7050 9
7051 9
7052 9
7053 9
7054 9
7055 9
7056 9
7057 9
7058 9
7059 9
7060 9
7061 9
7062 9
7063 9
7064 9
7065 9
7066 9
7067 9
7068 9
7069 9
7070 9
7071 9
7072 9
7073 9
7074 9
7075 9
7076 9
7077 9
7078 9
7079 9
7080 9
7081 9
7082 9
7083 9
7084 9
7085 9
7086 9
7087 9
7088 9
7089 9
7090 9
7091 9
7092 9
7093 9
7094 9
7095 9
7096 9
7097 9
7098 9
7099 9
7100 9
7101 9
7102 9
7103 9
7104 9
7105 9
7106 9
7107 9
7108 9
7109 9
7110 9
7111 9
7112 9
7113 9
7114 9
7115 9
7116 9
7117 9
7118 9
7119 9
7120 9
7121 9
7122 9
7123 9
7124 9
7125 9
7126 9
7127 9
7128 9
7129 9
7130 9
7131 9
7132 9
7133 9
7134 9
7135 9
7136 9
7137 9
7138 9
7139 9
7140 9
7141 9
7142 9
7143 9
7144 9
7145 9
7146 9
7147 9
7148 9
7149 9
7150 9
7151 9
7152 9
7153 9
7154 9
7155 9
7156 9
7157 9
7158 9
7159 9
7160 9
7161 9
7162 9
7163 9
7164 9
7165 9
7166 9
7167 9
7168 9
7169 9
7170 9
7171 9
7172 9
7173 9
7174 9
7175 9
7176 9
7177 9
7178 9
7179 9
7180 9
7181 9
7182 9
7183 9
7184 9
7185 9
7186 9
7187 9
7188 9
7189 9
7190 9
7191 9
7192 9
7193 9
7194 9
7195 9
7196 9
7197 9
7198 9
7199 9
7200 9
7201 9
7202 9
7203 9
7204 9
7205 9
7206 9
7207 9
7208 9
7209 9
7210 9
7211 9
7212 9
7213 9
7214 9
7215 9
7216 9
7217 9
7218 9
7219 9
7220 9
7221 9
7222 9
7223 9
7224 9
7225 9
7226 9
7227 9
7228 9
7229 9
7230 9
7231 9
7232 9
7233 9
7234 9
7235 9
7236 9
7237 9
7238 9
7239 9
7240 9
7241 9
7242 9
7243 9
7244 9
7245 9
7246 9
7247 9
7248 9
7249 9
7250 9
7251 9
7252 9
7253 9
7254 9
7255 9
7256 9
7257 9
7258 9
7259 9
7260 9
7261 9
7262 9
7263 9
7264 9
7265 9
7266 9
7267 9
7268 9
7269 9
7270 9
7271 9
7272 9
7273 9
7274 9
7275 9
7276 9
7277 9
7278 9
7279 9
7280 9
7281 9
7282 9
7283 9
7284 9
7285 9
7286 9
7287 9
7288 9
7289 9
7290 9
7291 9
7292 9
7293 9
7294 9
7295 9
7296 9
7297 9
7298 9
7299 9
7300 9
7301 9
7302 9
7303 9
7304 9
7305 9
7306 9
7307 9
7308 9
7309 9
7310 9
7311 9
7312 9
7313 9
7314 9
7315 9
7316 9
7317 9
7318 9
7319 9
7320 9
7321 9
7322 9
7323 9
7324 9
7325 9
7326 9
7327 9
7328 9
7329 9
7330 9
7331 9
7332 9
7333 9
7334 9
7335 9
7336 9
7337 9
7338 9
7339 9
7340 9
7341 9
7342 9
7343 9
7344 9
7345 9
7346 9
7347 9
7348 9
7349 9
7350 9
7351 9
7352 9
7353 9
7354 9
7355 9
7356 9
7357 9
7358 9
7359 9
7360 9
7361 9
7362 9
7363 9
7364 9
7365 9
7366 9
7367 9
7368 9
7369 9
7370 9
7371 9
7372 9
7373 9
7374 9
7375 9
7376 9
7377 9
7378 9
7379 9
7380 9
7381 9
7382 9
7383 9
7384 9
7385 9
7386 9
7387 9
7388 9
7389 9
7390 9
7391 9
7392 9
7393 9
7394 9
7395 9
7396 9
7397 9
7398 9
7399 9
7400 9
7401 9
7402 9
7403 9
7404 9
7405 9
7406 9
7407 9
7408 9
7409 9
7410 9
7411 9
7412 9
7413 9
7414 9
7415 9
7416 9
7417 9
7418 9
7419 9
7420 9
7421 9
7422 9
7423 9
7424 9
7425 9
7426 9
7427 9
7428 9
7429 9
7430 9
7431 9
7432 9
7433 9
7434 9
7435 9
7436 9
7437 9
7438 9
7439 9
7440 9
7441 9
7442 9
7443 9
7444 9
7445 9
7446 9
7447 9
7448 9
7449 9
7450 9
7451 9
7452 9
7453 9
7454 9
7455 9
7456 9
7457 9
7458 9
7459 9
7460 9
7461 9
7462 9
7463 9
7464 9
7465 9
7466 9
7467 9
7468 9
7469 9
7470 9
7471 9
7472 9
7473 9
7474 9
7475 9
7476 9
7477 9
7478 9
7479 9
7480 9
7481 9
7482 9
7483 9
7484 9
7485 9
7486 9
7487 9
7488 9
7489 9
7490 9
7491 9
7492 9
7493 9
7494 9
7495 9
7496 9
7497 9
7498 9
7499 9
7500 9
7501 9
7502 9
7503 9
7504 9
7505 9
7506 9
7507 9
7508 9
7509 9
7510 9
7511 9
7512 9
7513 9
7514 9
7515 9
7516 9
7517 9
7518 9
7519 9
7520 9
7521 9
7522 9
7523 9
7524 9
7525 9
7526 9
7527 9
7528 9
7529 9
7530 9
7531 9
7532 9
7533 9
7534 9
7535 9
7536 9
7537 9
7538 9
7539 9
7540 9
7541 9
7542 9
7543 9
7544 9
7545 9
7546 9
7547 9
7548 9
7549 9
7550 9
7551 9
7552 9
7553 9
7554 9
7555 9
7556 9
7557 9
7558 9
7559 9
7560 9
7561 9
7562 9
7563 9
7564 9
7565 9
7566 9
7567 9
7568 9
7569 9
7570 9
7571 9
7572 9
7573 9
7574 9
7575 9
7576 9
7577 9
7578 9
7579 9
7580 9
7581 9
7582 9
7583 9
7584 9
7585 9
7586 9
7587 9
7588 9
7589 9
7590 9
7591 9
7592 9
7593 9
7594 9
7595 9
7596 9
7597 9
7598 9
7599 9
7600 9
7601 9
7602 9
7603 9
7604 9
7605 9
7606 9
7607 9
7608 9
7609 9
7610 9
7611 9
7612 9
7613 9
7614 9
7615 9
7616 9
7617 9
7618 9
7619 9
7620 9
7621 9
7622 9
7623 9
7624 9
7625 9
7626 9
7627 9
7628 9
7629 9
7630 9
7631 9
7632 9
7633 9
7634 9
7635 9
7636 9
7637 9
7638 9
7639 9
7640 9
7641 9
7642 9
7643 9
7644 9
7645 9
7646 9
7647 9
7648 9
7649 9
7650 9
7651 9
7652 9
7653 9
7654 9
7655 9
7656 9
7657 9
7658 9
7659 9
7660 9
7661 9
7662 9
7663 9
7664 9
7665 9
7666 9
7667 9
7668 9
7669 9
7670 9
7671 9
7672 9
7673 9
7674 9
7675 9
7676 9
7677 9
7678 9
7679 9
7680 9
7681 9
7682 9
7683 9
7684 9
7685 9
7686 9
7687 9
7688 9
7689 9
7690 9
7691 9
7692 9
7693 9
7694 9
7695 9
7696 9
7697 9
7698 9
7699 9
7700 9
7701 9
7702 9
7703 9
7704 9
7705 9
7706 9
7707 9
7708 9
7709 9
7710 9
7711 9
7712 9
7713 9
7714 9
7715 9
7716 9
7717 9
7718 9
7719 9
7720 9
7721 9
7722 9
7723 9
7724 9
7725 9
7726 9
7727 9
7728 9
7729 9
7730 9
7731 9
7732 9
7733 9
7734 9
7735 9
7736 9
7737 9
7738 9
7739 9
7740 9
7741 9
7742 9
7743 9
7744 9
7745 9
7746 9
7747 9
7748 9
7749 9
7750 9
7751 9
7752 9
7753 9
7754 9
7755 9
7756 9
7757 9
7758 9
7759 9
7760 9
7761 9
7762 9
7763 9
7764 9
7765 9
7766 9
7767 9
7768 9
7769 9
7770 9
7771 9
7772 9
7773 9
7774 9
7775 9
7776 9
7777 9
7778 9
7779 9
7780 9
7781 9
7782 9
7783 9
7784 9
7785 9
7786 9
7787 9
7788 9
7789 9
7790 9
7791 9
7792 9
7793 9
7794 9
7795 9
7796 9
7797 9
7798 9
7799 9
7800 9
7801 9
7802 9
7803 9
7804 9
7805 9
7806 9
7807 9
7808 9
7809 9
7810 9
7811 9
7812 9
7813 9
7814 9
7815 9
7816 9
7817 9
7818 9
7819 9
7820 9
7821 9
7822 9
7823 9
7824 9
7825 9
7826 9
7827 9
7828 9
7829 9
7830 9
7831 9
7832 9
7833 9
7834 9
7835 9
7836 9
7837 9
7838 9
7839 9
7840 9
7841 9
7842 9
7843 9
7844 9
7845 9
7846 9
7847 9
7848 9
7849 9
7850 9
7851 9
7852 9
7853 9
7854 9
7855 9
7856 9
7857 9
7858 9
7859 9
7860 9
7861 9
7862 9
7863 9
7864 9
7865 9
7866 9
7867 9
7868 9
7869 9
7870 9
7871 9
7872 9
7873 9
7874 9
7875 9
7876 9
7877 9
7878 9
7879 9
7880 9
7881 9
7882 9
7883 9
7884 9
7885 9
7886 9
7887 9
7888 9
7889 9
7890 9
7891 9
7892 9
7893 9
7894 9
7895 9
7896 9
7897 9
7898 9
7899 9
7900 9
7901 9
7902 9
7903 10
7904 10
7905 10
7906 10
7907 10
7908 10
7909 10
7910 10
7911 10
7912 10
7913 10
7914 10
7915 10
7916 10
7917 10
7918 10
7919 10
7920 10
7921 10
7922 10
7923 10
7924 10
7925 10
7926 10
7927 10
7928 10
7929 10
7930 10
7931 10
7932 10
7933 10
7934 10
7935 10
7936 10
7937 10
7938 10
7939 10
7940 10
7941 10
7942 10
7943 10
7944 10
7945 10
7946 10
7947 10
7948 10
7949 10
7950 10
7951 10
7952 10
7953 10
7954 10
7955 10
7956 10
7957 10
7958 10
7959 10
7960 10
7961 10
7962 10
7963 10
7964 10
7965 10
7966 10
7967 10
7968 10
7969 10
7970 10
7971 10
7972 10
7973 10
7974 10
7975 10
7976 10
7977 10
7978 10
7979 10
7980 10
7981 10
7982 10
7983 10
7984 10
7985 10
7986 10
7987 10
7988 10
7989 10
7990 10
7991 10
7992 10
7993 10
7994 10
7995 10
7996 10
7997 10
7998 10
7999 10
8000 10
8001 10
8002 10
8003 10
8004 10
8005 10
8006 10
8007 10
8008 10
8009 10
8010 10
8011 10
8012 10
8013 10
8014 10
8015 10
8016 10
8017 10
8018 10
8019 10
8020 10
8021 10
8022 10
8023 10
8024 10
8025 10
8026 10
8027 10
8028 10
8029 10
8030 10
8031 10
8032 10
8033 10
8034 10
8035 10
8036 10
8037 10
8038 10
8039 10
8040 10
8041 10
8042 10
8043 10
8044 10
8045 10
8046 10
8047 10
8048 10
8049 10
8050 10
8051 10
8052 10
8053 10
8054 10
8055 10
8056 10
8057 10
8058 10
8059 10
8060 10
8061 10
8062 10
8063 10
8064 10
8065 10
8066 10
8067 10
8068 10
8069 10
8070 10
8071 10
8072 10
8073 10
8074 10
8075 10
8076 10
8077 10
8078 10
8079 10
8080 10
8081 10
8082 10
8083 10
8084 10
8085 10
8086 10
8087 10
8088 10
8089 10
8090 10
8091 10
8092 10
8093 10
8094 10
8095 10
8096 10
8097 10
8098 10
8099 10
8100 10
8101 10
8102 10
8103 10
8104 10
8105 10
8106 10
8107 10
8108 10
8109 10
8110 10
8111 10
8112 10
8113 10
8114 10
8115 10
8116 10
8117 10
8118 10
8119 10
8120 10
8121 10
8122 10
8123 10
8124 10
8125 10
8126 10
8127 10
8128 10
8129 10
8130 10
8131 10
8132 10
8133 10
8134 10
8135 10
8136 10
8137 10
8138 10
8139 10
8140 10
8141 10
8142 10
8143 10
8144 10
8145 10
8146 10
8147 10
8148 10
8149 10
8150 10
8151 10
8152 10
8153 10
8154 10
8155 10
8156 10
8157 10
8158 10
8159 10
8160 10
8161 10
8162 10
8163 10
8164 10
8165 10
8166 10
8167 10
8168 10
8169 10
8170 10
8171 10
8172 10
8173 10
8174 10
8175 10
8176 10
8177 10
8178 10
8179 10
8180 10
8181 10
8182 10
8183 10
8184 10
8185 10
8186 10
8187 10
8188 10
8189 10
8190 10
8191 10
8192 10
8193 10
8194 10
8195 10
8196 10
8197 10
8198 10
8199 10
8200 10
8201 10
8202 10
8203 10
8204 10
8205 10
8206 10
8207 10
8208 10
8209 10
8210 10
8211 10
8212 10
8213 10
8214 10
8215 10
8216 10
8217 10
8218 10
8219 10
8220 10
8221 10
8222 10
8223 10
8224 10
8225 10
8226 10
8227 10
8228 10
8229 10
8230 10
8231 10
8232 10
8233 10
8234 10
8235 10
8236 10
8237 10
8238 10
8239 10
8240 10
8241 10
8242 10
8243 10
8244 10
8245 10
8246 10
8247 10
8248 10
8249 10
8250 10
8251 10
8252 10
8253 10
8254 10
8255 10
8256 10
8257 10
8258 10
8259 11
8260 11
8261 11
8262 11
8263 11
8264 11
8265 11
8266 11
8267 11
8268 11
8269 11
8270 11
8271 11
8272 11
8273 11
8274 11
8275 11
8276 11
8277 11
8278 11
8279 11
8280 11
8281 11
8282 11
8283 11
8284 11
8285 11
8286 11
8287 11
8288 11
8289 11
8290 11
8291 11
8292 11
8293 11
8294 11
8295 11
8296 11
8297 11
8298 11
8299 11
8300 11
8301 11
8302 11
8303 11
8304 11
8305 11
8306 11
8307 11
8308 11
8309 11
8310 11
8311 11
8312 11
8313 11
8314 11
8315 11
8316 11
8317 11
8318 11
8319 11
8320 11
8321 11
8322 11
8323 11
8324 11
8325 11
8326 11
8327 11
8328 11
8329 11
8330 11
8331 11
8332 11
8333 11
8334 11
8335 11
8336 11
8337 11
8338 11
8339 11
8340 11
8341 11
8342 11
8343 11
8344 11
8345 11
8346 11
8347 11
8348 11
8349 11
8350 11
8351 11
8352 11
8353 11
8354 11
8355 11
8356 11
8357 11
8358 11
8359 11
8360 11
8361 11
8362 11
8363 11
8364 11
8365 11
8366 11
8367 11
8368 11
8369 11
8370 11
8371 11
8372 11
8373 11
8374 11
8375 11
8376 11
8377 11
8378 11
8379 11
8380 11
8381 11
8382 11
8383 11
8384 11
8385 11
8386 11
8387 11
8388 11
8389 11
8390 11
8391 11
8392 11
8393 11
8394 11
8395 11
8396 11
8397 11
8398 11
8399 11
8400 11
8401 11
8402 11
8403 11
8404 11
8405 11
8406 11
8407 11
8408 11
8409 11
8410 11
8411 11
8412 11
8413 11
8414 11
8415 11
8416 11
8417 11
8418 11
8419 11
8420 11
8421 11
8422 11
8423 11
8424 11
8425 11
8426 11
8427 11
8428 11
8429 11
8430 11
8431 11
8432 11
8433 11
8434 11
8435 11
8436 11
8437 11
8438 11
8439 11
8440 11
8441 11
8442 11
8443 11
8444 11
8445 11
8446 11
8447 11
8448 11
8449 11
8450 11
8451 11
8452 11
8453 11
8454 11
8455 11
8456 11
8457 11
8458 11
8459 11
8460 11
8461 11
8462 11
8463 11
8464 11
8465 11
8466 11
8467 11
8468 11
8469 11
8470 11
8471 11
8472 11
8473 11
8474 11
8475 11
8476 11
8477 11
8478 11
8479 11
8480 11
8481 11
8482 11
8483 11
8484 11
8485 11
8486 11
8487 11
8488 11
8489 11
8490 11
8491 11
8492 11
8493 11
8494 11
8495 11
8496 11
8497 11
8498 11
8499 11
8500 11
8501 11
8502 11
8503 11
8504 11
8505 12
8506 12
8507 12
8508 12
8509 12
8510 12
8511 12
8512 12
8513 12
8514 12
8515 12
8516 12
8517 12
8518 12
8519 12
8520 12
8521 12
8522 12
8523 12
8524 12
8525 12
8526 12
8527 12
8528 12
8529 12
8530 12
8531 12
8532 12
8533 12
8534 12
8535 12
8536 12
8537 12
8538 12
8539 12
8540 12
8541 12
8542 12
8543 12
8544 12
8545 12
8546 12
8547 12
8548 12
8549 12
8550 12
8551 12
8552 12
8553 12
8554 12
8555 12
8556 12
8557 12
8558 12
8559 12
8560 12
8561 12
8562 12
8563 12
8564 12
8565 12
8566 12
8567 12
8568 12
8569 12
8570 12
8571 12
8572 12
8573 12
8574 12
8575 12
8576 12
8577 12
8578 12
8579 12
8580 12
8581 12
8582 12
8583 12
8584 12
8585 12
8586 12
8587 12
8588 12
8589 12
8590 12
8591 12
8592 12
8593 12
8594 12
8595 12
8596 12
8597 12
8598 12
8599 12
8600 12
8601 12
8602 12
8603 12
8604 12
8605 12
8606 12
8607 12
8608 12
8609 12
8610 12
8611 12
8612 12
8613 12
8614 12
8615 12
8616 12
8617 12
8618 12
8619 12
8620 12
8621 12
8622 12
8623 12
8624 12
8625 12
8626 12
8627 12
8628 12
8629 12
8630 12
8631 12
8632 12
8633 12
8634 12
8635 12
8636 12
8637 12
8638 12
8639 12
8640 12
8641 12
8642 12
8643 12
8644 12
8645 12
8646 12
8647 12
8648 12
8649 12
8650 12
8651 12
8652 12
8653 12
8654 12
8655 12
8656 12
8657 12
8658 12
8659 12
8660 12
8661 12
8662 12
8663 12
8664 12
8665 12
8666 12
8667 12
8668 12
8669 12
8670 12
8671 12
8672 13
8673 13
8674 13
8675 13
8676 13
8677 13
8678 13
8679 13
8680 13
8681 13
8682 13
8683 13
8684 13
8685 13
8686 13
8687 13
8688 13
8689 13
8690 13
8691 13
8692 13
8693 13
8694 13
8695 13
8696 13
8697 13
8698 13
8699 13
8700 13
8701 13
8702 13
8703 13
8704 13
8705 13
8706 13
8707 13
8708 13
8709 13
8710 13
8711 13
8712 13
8713 13
8714 13
8715 13
8716 13
8717 13
8718 13
8719 13
8720 13
8721 13
8722 13
8723 13
8724 13
8725 13
8726 13
8727 13
8728 13
8729 13
8730 13
8731 13
8732 13
8733 13
8734 13
8735 13
8736 13
8737 13
8738 13
8739 13
8740 13
8741 13
8742 13
8743 13
8744 13
8745 13
8746 13
8747 13
8748 13
8749 13
8750 13
8751 13
8752 13
8753 13
8754 13
8755 13
8756 13
8757 13
8758 13
8759 13
8760 13
8761 13
8762 13
8763 13
8764 13
8765 13
8766 13
8767 13
8768 13
8769 13
8770 13
8771 13
8772 13
8773 13
8774 13
8775 13
8776 13
8777 13
8778 13
8779 13
8780 13
8781 13
8782 13
8783 13
8784 13
8785 13
8786 13
8787 13
8788 13
8789 13
8790 13
8791 13
8792 13
8793 13
8794 13
8795 13
8796 13
8797 13
8798 13
8799 13
8800 13
8801 13
8802 13
8803 13
8804 13
8805 13
8806 13
8807 13
8808 13
8809 13
8810 13
8811 13
8812 13
8813 13
8814 13
8815 13
8816 13
8817 13
8818 13
8819 13
8820 13
8821 13
8822 13
8823 13
8824 13
8825 13
8826 13
8827 13
8828 13
8829 13
8830 13
8831 13
8832 13
8833 13
8834 13
8835 13
8836 13
8837 13
8838 13
8839 13
8840 13
8841 13
8842 13
8843 13
8844 13
8845 13
8846 13
8847 13
8848 13
8849 13
8850 13
8851 13
8852 13
8853 13
8854 13
8855 13
8856 13
8857 13
8858 13
8859 13
8860 13
8861 13
8862 13
8863 13
8864 13
8865 13
8866 13
8867 13
8868 13
8869 13
8870 13
8871 13
8872 13
8873 13
8874 13
8875 13
8876 13
8877 13
8878 13
8879 13
8880 13
8881 13
8882 13
8883 13
8884 13
8885 13
8886 13
8887 13
8888 13
8889 13
8890 13
8891 13
8892 13
8893 13
8894 13
8895 13
8896 13
8897 13
8898 13
8899 13
8900 13
8901 13
8902 13
8903 13
8904 13
8905 13
8906 13
8907 13
8908 13
8909 13
8910 13
8911 13
8912 13
8913 13
8914 13
8915 13
8916 13
8917 13
8918 13
8919 13
8920 13
8921 13
8922 13
8923 13
8924 13
8925 13
8926 13
8927 13
8928 13
8929 13
8930 13
8931 13
8932 13
8933 13
8934 13
8935 13
8936 13
8937 13
8938 13
8939 13
8940 13
8941 13
8942 13
8943 13
8944 13
8945 13
8946 13
8947 13
8948 13
8949 13
8950 13
8951 13
8952 13
8953 13
8954 13
8955 13
8956 13
8957 13
8958 13
8959 13
8960 13
8961 13
8962 13
8963 13
8964 13
8965 13
8966 13
8967 13
8968 13
8969 13
8970 13
8971 13
8972 13
8973 13
8974 13
8975 13
8976 13
8977 13
8978 13
8979 13
8980 13
8981 13
8982 13
8983 13
8984 13
8985 13
8986 13
8987 13
8988 13
8989 13
8990 13
8991 13
8992 13
8993 13
8994 13
8995 13
8996 13
8997 13
8998 13
8999 13
9000 13
9001 13
9002 13
9003 13
9004 13
9005 13
9006 13
9007 13
9008 13
9009 13
9010 13
9011 13
9012 13
9013 13
9014 13
9015 13
9016 13
9017 13
9018 13
9019 13
9020 13
9021 13
9022 13
9023 13
9024 13
9025 13
9026 13
9027 13
9028 13
9029 13
9030 13
9031 13
9032 13
9033 13
9034 13
9035 13
9036 13
9037 13
9038 13
9039 13
9040 13
9041 13
9042 13
9043 13
9044 13
9045 13
9046 13
9047 13
9048 13
9049 13
9050 13
9051 13
9052 13
9053 13
9054 13
9055 13
9056 13
9057 13
9058 13
9059 13
9060 13
9061 13
9062 13
9063 13
9064 13
9065 13
9066 13
9067 13
9068 13
9069 13
9070 13
9071 13
9072 13
9073 13
9074 13
9075 13
9076 13
9077 13
9078 13
9079 13
9080 13
9081 13
9082 13
9083 13
9084 13
9085 13
9086 13
9087 13
9088 13
9089 13
9090 13
9091 13
9092 13
9093 13
9094 13
9095 13
9096 13
9097 13
9098 13
9099 13
9100 13
9101 13
9102 13
9103 13
9104 13
9105 13
9106 13
9107 13
9108 13
9109 13
9110 13
9111 13
9112 13
9113 13
9114 13
9115 13
9116 13
9117 13
9118 13
9119 13
9120 13
9121 13
9122 13
9123 13
9124 13
9125 13
9126 13
9127 13
9128 13
9129 13
9130 13
9131 13
9132 13
9133 13
9134 13
9135 13
9136 13
9137 13
9138 13
9139 13
9140 13
9141 13
9142 13
9143 13
9144 13
9145 13
9146 13
9147 13
9148 13
9149 13
9150 13
9151 13
9152 13
9153 13
9154 13
9155 13
9156 13
9157 13
9158 13
9159 13
9160 13
9161 13
9162 13
9163 13
9164 13
9165 13
9166 13
9167 13
9168 13
9169 13
9170 13
9171 13
9172 13
9173 13
9174 13
9175 13
9176 13
9177 13
9178 13
9179 13
9180 13
9181 13
9182 13
9183 13
9184 13
9185 13
9186 13
9187 13
9188 13
9189 13
9190 13
9191 13
9192 13
9193 13
9194 13
9195 13
9196 13
9197 13
9198 13
9199 13
9200 13
9201 13
9202 13
9203 13
9204 13
9205 13
9206 13
9207 13
9208 13
9209 13
9210 13
9211 13
9212 13
9213 13
9214 13
9215 13
9216 13
9217 13
9218 13
9219 13
9220 13
9221 13
9222 13
9223 13
9224 13
9225 13
9226 13
9227 13
9228 13
9229 13
9230 13
9231 13
9232 13
9233 13
9234 13
9235 13
9236 13
9237 13
9238 13
9239 13
9240 13
9241 13
9242 13
9243 13
9244 13
9245 13
9246 13
9247 13
9248 13
9249 13
9250 13
9251 13
9252 13
9253 13
9254 13
9255 13
9256 13
9257 13
9258 13
9259 13
9260 13
9261 13
9262 13
9263 13
9264 13
9265 13
9266 13
9267 13
9268 13
9269 13
9270 13
9271 13
9272 13
9273 13
9274 13
9275 13
9276 13
9277 13
9278 13
9279 13
9280 13
9281 13
9282 13
9283 13
9284 13
9285 13
9286 13
9287 13
9288 13
9289 13
9290 13
9291 13
9292 13
9293 13
9294 13
9295 13
9296 13
9297 13
9298 13
9299 13
9300 13
9301 13
9302 13
9303 13
9304 13
9305 13
9306 13
9307 13
9308 13
9309 13
9310 13
9311 13
9312 13
9313 13
9314 13
9315 13
9316 13
9317 13
9318 13
9319 13
9320 13
9321 13
9322 13
9323 13
9324 13
9325 13
9326 13
9327 13
9328 13
9329 13
9330 13
9331 13
9332 13
9333 13
9334 13
9335 13
9336 13
9337 13
9338 13
9339 13
9340 13
9341 13
9342 13
9343 13
9344 13
9345 13
9346 13
9347 13
9348 13
9349 13
9350 13
9351 13
9352 13
9353 13
9354 13
9355 13
9356 13
9357 13
9358 13
9359 13
9360 13
9361 13
9362 13
9363 13
9364 13
9365 13
9366 13
9367 13
9368 13
9369 13
9370 13
9371 13
9372 13
9373 13
9374 13
9375 13
9376 13
9377 13
9378 13
9379 13
9380 13
9381 13
9382 13
9383 13
9384 13
9385 13
9386 13
9387 13
9388 13
9389 13
9390 13
9391 13
9392 13
9393 13
9394 13
9395 13
9396 13
9397 13
9398 13
9399 13
9400 13
9401 13
9402 13
9403 13
9404 13
9405 13
9406 13
9407 13
9408 13
9409 13
9410 13
9411 13
9412 13
9413 13
9414 13
9415 13
9416 13
9417 13
9418 13
9419 13
9420 13
9421 13
9422 13
9423 13
9424 13
9425 13
9426 13
9427 13
9428 13
9429 13
9430 13
9431 13
9432 13
9433 13
9434 13
9435 13
9436 13
9437 13
9438 13
9439 13
9440 13
9441 13
9442 13
9443 13
9444 13
9445 13
9446 13
9447 13
9448 13
9449 13
9450 13
9451 13
9452 13
9453 13
9454 13
9455 13
9456 13
9457 13
9458 13
9459 13
9460 13
9461 13
9462 13
9463 13
9464 13
9465 13
9466 13
9467 13
9468 13
9469 13
9470 13
9471 13
9472 13
9473 13
9474 13
9475 13
9476 13
9477 13
9478 13
9479 13
9480 13
9481 13
9482 13
9483 13
9484 13
9485 13
9486 13
9487 13
9488 13
9489 13
9490 13
9491 13
9492 13
9493 13
9494 13
9495 13
9496 13
9497 13
9498 13
9499 13
9500 13
9501 13
9502 13
9503 13
9504 13
9505 13
9506 13
9507 13
9508 13
9509 13
9510 13
9511 13
9512 13
9513 13
9514 13
9515 13
9516 13
9517 13
9518 13
9519 13
9520 13
9521 13
9522 13
9523 13
9524 13
9525 13
9526 13
9527 13
9528 13
9529 13
9530 13
9531 13
9532 13
9533 13
9534 13
9535 13
9536 13
9537 13
9538 13
9539 13
9540 13
9541 13
9542 13
9543 13
9544 13
9545 13
9546 13
9547 13
9548 13
9549 13
9550 13
9551 13
9552 13
9553 13
9554 13
9555 13
9556 13
9557 13
9558 13
9559 13
9560 13
9561 13
9562 13
9563 13
9564 13
9565 13
9566 13
9567 13
9568 13
9569 13
9570 13
9571 13
9572 13
9573 13
9574 13
9575 13
9576 13
9577 13
9578 13
9579 13
9580 13
9581 13
9582 13
9583 13
9584 13
9585 13
9586 13
9587 13
9588 13
9589 13
9590 13
9591 13
9592 13
9593 13
9594 13
9595 13
9596 13
9597 13
9598 13
9599 13
9600 13
9601 13
9602 13
9603 13
9604 13
9605 13
9606 13
9607 13
9608 13
9609 13
9610 13
9611 13
9612 13
9613 13
9614 13
9615 13
9616 13
9617 13
9618 13
9619 13
9620 13
9621 13
9622 13
9623 13
9624 13
9625 13
9626 13
9627 13
9628 13
9629 13
9630 13
9631 13
9632 13
9633 13
9634 13
9635 13
9636 13
9637 13
9638 13
9639 13
9640 13
9641 13
9642 13
9643 13
9644 13
9645 13
9646 13
9647 13
9648 13
9649 13
9650 13
9651 13
9652 13
9653 13
9654 13
9655 13
9656 13
9657 13
9658 13
9659 13
9660 13
9661 13
9662 13
9663 13
9664 13
9665 13
9666 13
9667 13
9668 13
9669 13
9670 13
9671 13
9672 13
9673 13
9674 13
9675 13
9676 13
9677 13
9678 13
9679 13
9680 13
9681 13
9682 13
9683 13
9684 13
9685 13
9686 13
9687 13
9688 13
9689 13
9690 13
9691 13
9692 13
9693 13
9694 13
9695 13
9696 13
9697 13
9698 13
9699 13
9700 13
9701 13
9702 13
9703 13
9704 13
9705 13
9706 13
9707 13
9708 13
9709 13
9710 13
9711 13
9712 13
9713 13
9714 13
9715 13
9716 13
9717 13
9718 13
9719 13
9720 13
9721 13
9722 13
9723 13
9724 13
9725 13
9726 13
9727 13
9728 13
9729 13
9730 13
9731 13
9732 13
9733 13
9734 13
9735 13
9736 13
9737 13
9738 13
9739 13
9740 13
9741 13
9742 13
9743 13
9744 13
9745 13
9746 13
9747 13
9748 13
9749 13
9750 13
9751 13
9752 13
9753 13
9754 13
9755 13
9756 13
9757 13
9758 13
9759 13
9760 13
9761 13
9762 13
9763 13
9764 13
9765 13
9766 13
9767 13
9768 13
9769 13
9770 13
9771 13
9772 13
9773 13
9774 13
9775 13
9776 13
9777 13
9778 13
9779 13
9780 13
9781 13
9782 13
9783 13
9784 13
9785 13
9786 13
9787 13
9788 13
9789 13
9790 13
9791 13
9792 13
9793 13
9794 13
9795 13
9796 13
9797 13
9798 13
9799 13
9800 13
9801 13
9802 13
9803 13
9804 13
9805 13
9806 13
9807 13
9808 13
9809 13
9810 13
9811 13
9812 13
9813 13
9814 13
9815 13
9816 13
9817 13
9818 13
9819 13
9820 13
9821 13
9822 13
9823 13
9824 13
9825 13
9826 13
9827 13
9828 13
9829 13
9830 13
9831 13
9832 13
9833 13
9834 13
9835 13
9836 13
9837 13
9838 13
9839 13
9840 13
9841 13
9842 13
9843 13
9844 13
9845 13
9846 13
9847 13
9848 13
9849 13
9850 13
9851 13
9852 13
9853 13
9854 13
9855 13
9856 13
9857 13
9858 13
9859 13
9860 13
9861 13
9862 13
9863 13
9864 13
9865 13
9866 13
9867 13
9868 13
9869 13
9870 13
9871 13
9872 13
9873 13
9874 13
9875 13
9876 13
9877 13
9878 13
9879 13
9880 13
9881 13
9882 13
9883 13
9884 13
9885 13
9886 13
9887 13
9888 13
9889 13
9890 13
9891 13
9892 13
9893 13
9894 13
9895 13
9896 13
9897 13
9898 13
9899 13
9900 13
9901 13
9902 13
9903 13
9904 13
9905 13
9906 13
9907 13
9908 13
9909 13
9910 13
9911 13
9912 13
9913 13
9914 13
9915 13
9916 13
9917 13
9918 13
9919 13
9920 13
9921 13
9922 13
9923 13
9924 13
9925 13
9926 13
9927 13
9928 13
9929 13
9930 13
9931 13
9932 13
9933 13
9934 13
9935 13
9936 13
9937 13
9938 13
9939 13
9940 13
9941 13
9942 13
9943 13
9944 13
9945 13
9946 13
9947 13
9948 13
9949 13
9950 13
9951 13
9952 13
9953 13
9954 13
9955 13
9956 13
9957 13
9958 13
9959 13
9960 13
9961 13
9962 13
9963 13
9964 13
9965 13
9966 13
9967 13
9968 13
9969 13
9970 13
9971 13
9972 13
9973 13
9974 13
9975 13
9976 13
9977 13
9978 13
9979 13
9980 13
9981 13
9982 13
9983 13
9984 13
9985 13
9986 13
9987 13
9988 13
9989 13
9990 13
9991 13
9992 13
9993 13
9994 13
9995 13
9996 13
9997 13
9998 13
9999 13
10000 13
