1 0
2 0
3 0
4 0
5 0
6 0
7 0
8 0
9 0
10 0
11 0
12 0
13 0
14 0
15 0
16 0
17 0
18 0
19 0
20 0
21 0
22 0
23 0
24 0
25 0
26 0
27 0
28 0
29 0
30 0
31 0
32 0
33 0
34 0
35 0
36 0
37 0
38 0
39 0
40 0
41 0
42 0
43 0
44 0
45 0
46 0
47 0
48 0
49 0
50 0
51 0
52 0
53 0
54 0
55 0
56 0
57 0
58 0
59 0
60 0
61 0
62 0
63 0
64 0
65 0
66 0
67 0
68 0
69 0
70 0
71 0
72 0
73 0
74 0
75 0
76 0
77 0
78 0
79 0
80 0
81 0
82 0
83 0
84 0
85 0
86 0
87 0
88 0
89 0
90 0
91 0
92 0
93 0
94 0
95 0
96 0
97 0
98 0
99 0
100 0
101 0
102 0
103 0
104 0
105 0
106 0
107 0
108 0
109 0
110 0
111 0
112 0
113 0
114 0
115 0
116 0
117 0
118 0
119 0
120 0
121 0
122 0
123 0
124 0
125 0
126 0
127 0
128 0
129 0
130 0
131 0
132 0
133 0
134 0
135 0
136 0
137 0
138 0
139 0
140 0
141 0
142 0
143 0
144 0
145 0
146 0
147 0
148 0
149 0
150 0
151 0
152 0
153 0
154 0
155 0
156 0
157 0
158 0
159 0
160 0
161 0
162 0
163 0
164 0
165 0
166 0
167 0
168 0
169 0
170 0
171 0
172 0
173 0
174 0
175 0
176 0
177 0
178 0
179 0
180 0
181 0
182 0
183 0
184 0
185 0
186 0
187 0
188 0
189 0
190 0
191 0
192 0
193 0
194 0
195 0
196 0
197 0
198 0
199 0
200 0
201 0
202 0
203 0
204 0
205 0
206 0
207 0
208 0
209 0
210 0
211 0
212 0
213 0
214 0
215 0
216 0
217 0
218 0
219 0
220 0
221 0
222 0
223 0
224 0
225 0
226 0
227 0
228 0
229 0
230 0
231 0
232 0
233 0
234 0
235 0
236 0
237 0
238 0
239 0
240 0
241 0
242 0
243 0
244 0
245 0
246 0
247 0
248 0
249 0
250 0
251 0
252 0
253 0
254 0
255 0
256 0
257 0
258 0
259 0
260 0
261 0
262 0
263 0
264 0
265 0
266 0
267 0
268 0
269 0
270 0
271 0
272 0
273 0
274 0
275 0
276 0
277 0
278 0
279 0
280 0
281 0
282 0
283 0
284 0
285 0
286 0
287 0
288 0
289 0
290 0
291 0
292 0
293 0
294 1
295 1
296 1
297 1
298 1
299 1
300 1
301 1
302 1
303 1
304 1
305 1
306 1
307 1
308 1
309 1
310 1
311 1
312 1
313 1
314 1
315 1
316 1
317 1
318 1
319 1
320 1
321 1
322 1
323 1
324 1
325 1
326 1
327 1
328 1
329 1
330 1
331 1
332 1
333 1
334 1
335 1
336 1
337 1
338 1
339 1
340 1
341 1
342 1
343 1
344 1
345 1
346 1
347 1
348 1
349 1
350 1
351 1
352 1
353 1
354 1
355 1
356 1
357 1
358 1
359 1
360 1
361 1
362 1
363 1
364 1
365 1
366 1
367 1
368 1
369 1
370 1
371 1
372 1
373 1
374 1
375 1
376 1
377 1
378 1
379 1
380 1
381 1
382 1
383 1
384 1
385 1
386 1
387 1
388 1
389 1
390 1
391 1
392 1
393 1
394 1
395 1
396 1
397 1
398 1
399 1
400 1
401 1
402 1
403 1
404 1
405 1
406 1
407 1
408 1
409 1
410 1
411 1
412 1
413 1
414 1
415 1
416 1
417 1
418 1
419 1
420 1
421 1
422 1
423 1
424 1
425 1
426 1
427 1
428 1
429 1
430 1
431 1
432 1
433 1
434 1
435 1
436 1
437 1
438 1
439 1
440 1
441 1
442 1
443 1
444 1
445 1
446 1
447 1
448 1
449 1
450 1
451 1
452 1
453 1
454 1
455 1
456 1
457 1
458 1
459 1
460 1
461 1
462 1
463 1
464 1
465 1
466 1
467 1
468 1
469 1
470 1
471 1
472 1
473 1
474 1
475 1
476 1
477 1
478 1
479 1
480 1
481 1
482 1
483 1
484 1
485 1
486 1
487 1
488 1
489 1
490 1
491 1
492 1
493 1
494 1
495 1
496 1
497 1
498 1
499 1
500 1
501 1
502 1
503 1
504 1
505 1
506 1
507 1
508 1
509 1
510 1
511 1
512 1
513 1
514 1
515 1
516 1
517 1
518 1
519 1
520 1
521 1
522 1
523 1
524 1
525 1
526 1
527 1
528 1
529 1
530 1
531 1
532 1
533 1
534 1
535 1
536 1
537 1
538 1
539 1
540 1
541 1
542 1
543 1
544 1
545 1
546 1
547 1
548 1
549 1
550 1
551 1
552 1
553 1
554 1
555 1
556 1
557 1
558 1
559 1
560 1
561 1
562 1
563 1
564 1
565 1
566 1
567 1
568 1
569 1
570 1
571 1
572 1
573 1
574 1
575 1
576 1
577 1
578 1
579 1
580 1
581 1
582 1
583 1
584 1
585 1
586 1
587 1
588 1
589 1
590 1
591 1
592 1
593 1
594 1
595 1
596 1
597 1
598 1
599 1
600 1
601 1
602 1
603 1
604 1
605 1
606 1
607 1
608 1
609 1
610 1
611 1
612 1
613 1
614 1
615 1
616 1
617 1
618 1
619 1
620 1
621 1
622 1
623 1
624 1
625 1
626 1
627 1
628 1
629 1
630 1
631 1
632 1
633 1
634 1
635 1
636 1
637 1
638 1
639 1
640 1
641 1
642 1
643 1
644 1
645 1
646 1
647 1
648 1
649 1
650 1
651 1
652 1
653 1
654 1
655 1
656 1
657 1
658 1
659 1
660 1
661 1
662 1
663 1
664 1
665 1
666 1
667 1
668 1
669 1
670 1
671 1
672 1
673 1
674 1
675 1
676 1
677 1
678 1
679 1
680 1
681 1
682 1
683 1
684 1
685 1
686 1
687 1
688 1
689 1
690 1
691 1
692 1
693 1
694 1
695 1
696 1
697 1
698 1
699 1
700 1
701 1
702 1
703 1
704 1
705 1
706 1
707 1
708 1
709 1
710 1
711 1
712 1
713 1
714 1
715 1
716 1
717 1
718 1
719 1
720 1
721 1
722 1
723 1
724 1
725 1
726 1
727 1
728 1
729 1
730 1
731 1
732 1
733 1
734 1
735 1
736 1
737 1
738 1
739 1
740 1
741 1
742 1
743 1
744 1
745 1
746 1
747 1
748 1
749 1
750 1
751 1
752 1
753 1
754 1
755 1
756 1
757 1
758 1
759 1
760 1
761 1
762 1
763 1
764 1
765 1
766 1
767 1
768 1
769 1
770 1
771 1
772 1
773 1
774 1
775 1
776 1
777 1
778 1
779 1
780 1
781 1
782 1
783 1
784 1
785 1
786 1
787 1
788 1
789 1
790 1
791 1
792 1
793 1
794 1
795 1
796 1
797 1
798 1
799 1
800 1
801 1
802 1
803 1
804 1
805 1
806 1
807 1
808 1
809 1
810 1
811 1
812 1
813 1
814 1
815 1
816 1
817 1
818 1
819 1
820 1
821 1
822 1
823 1
824 1
825 1
826 1
827 1
828 1
829 1
830 1
831 1
832 1
833 1
834 1
835 1
836 1
837 1
838 1
839 1
840 1
841 1
842 1
843 1
844 1
845 1
846 1
847 1
848 1
849 1
850 1
851 1
852 1
853 1
854 1
855 1
856 1
857 1
858 1
859 1
860 1
861 1
862 1
863 1
864 1
865 1
866 1
867 1
868 1
869 1
870 1
871 1
872 1
873 1
874 1
875 1
876 1
877 1
878 1
879 1
880 1
881 1
882 1
883 1
884 1
885 1
886 1
887 1
888 1
889 1
890 1
891 1
892 1
893 1
894 1
895 1
896 1
897 1
898 1
899 1
900 1
901 1
902 1
903 1
904 1
905 1
906 1
907 1
908 1
909 1
910 1
911 1
912 1
913 1
914 1
915 1
916 1
917 1
918 1
919 1
920 1
921 1
922 1
923 1
924 1
925 1
926 1
927 1
928 1
929 1
930 1
931 1
932 1
933 1
934 1
935 1
936 1
937 1
938 1
939 1
940 1
941 1
942 1
943 1
944 1
945 1
946 1
947 1
948 1
949 1
950 1
951 1
952 1
953 1
954 1
955 1
956 1
957 1
958 1
959 1
960 1
961 1
962 1
963 1
964 1
965 1
966 1
967 1
968 1
969 1
970 1
971 1
972 1
973 1
974 1
975 1
976 1
977 1
978 1
979 1
980 1
981 1
982 1
983 1
984 1
985 1
986 1
987 1
988 1
989 1
990 1
991 1
992 1
993 1
994 1
995 1
996 1
997 1
998 1
999 1
1000 1
1001 1
1002 1
1003 1
1004 1
1005 1
1006 1
1007 1
1008 1
1009 1
1010 1
1011 1
1012 1
1013 1
1014 1
1015 1
1016 1
1017 1
1018 1
1019 1
1020 1
1021 1
1022 1
1023 1
1024 1
1025 1
1026 1
1027 1
1028 1
1029 1
1030 1
1031 1
1032 1
1033 1
1034 1
1035 1
1036 1
1037 1
1038 1
1039 1
1040 1
1041 1
1042 1
1043 1
1044 1
1045 1
1046 1
1047 1
1048 1
1049 1
1050 1
1051 1
1052 1
1053 1
1054 1
1055 1
1056 1
1057 1
1058 1
1059 1
1060 1
1061 1
1062 1
1063 1
1064 1
1065 1
1066 1
1067 1
1068 1
1069 1
1070 1
1071 1
1072 1
1073 1
1074 1
1075 1
1076 1
1077 1
1078 1
1079 1
1080 1
1081 1
1082 1
1083 1
1084 1
1085 1
1086 1
1087 1
1088 1
1089 1
1090 1
1091 1
1092 1
1093 1
1094 1
1095 1
1096 1
1097 1
1098 1
1099 1
1100 1
1101 1
1102 1
1103 1
1104 1
1105 1
1106 1
1107 1
1108 1
1109 1
1110 1
1111 1
1112 1
1113 1
1114 1
1115 1
1116 1
1117 1
1118 1
1119 1
1120 1
1121 1
1122 1
1123 1
1124 1
1125 1
1126 1
1127 1
1128 1
1129 1
1130 1
1131 1
1132 1
1133 1
1134 1
1135 1
1136 1
1137 1
1138 1
1139 1
1140 1
1141 1
1142 1
1143 1
1144 1
1145 1
1146 1
1147 1
1148 1
1149 1
1150 1
1151 1
1152 1
1153 1
1154 1
1155 1
1156 1
1157 1
1158 1
1159 1
1160 1
1161 1
1162 1
1163 1
1164 1
1165 1
1166 1
1167 1
1168 1
1169 1
1170 1
1171 1
1172 1
1173 1
1174 1
1175 1
1176 1
1177 1
1178 1
1179 1
1180 1
1181 1
1182 1
1183 1
1184 1
1185 1
1186 1
1187 1
1188 1
1189 1
1190 1
1191 1
1192 1
1193 1
1194 1
1195 1
1196 1
1197 1
1198 1
1199 1
1200 1
1201 1
1202 1
1203 1
1204 1
1205 1
1206 1
1207 1
1208 1
1209 1
1210 1
1211 1
1212 1
1213 1
1214 1
1215 1
1216 1
1217 1
1218 1
1219 1
1220 1
1221 1
1222 1
1223 1
1224 1
1225 1
1226 1
1227 1
1228 1
1229 1
1230 1
1231 1
1232 1
1233 1
1234 1
1235 1
1236 1
1237 1
1238 1
1239 1
1240 1
1241 1
1242 1
1243 1
1244 1
1245 1
1246 1
1247 1
1248 1
1249 1
1250 1
1251 1
1252 1
1253 1
1254 1
1255 1
1256 1
1257 1
1258 1
1259 1
1260 1
1261 1
1262 1
1263 1
1264 1
1265 1
1266 1
1267 1
1268 1
1269 1
1270 1
1271 1
1272 1
1273 1
1274 1
1275 1
1276 1
1277 1
1278 1
1279 1
1280 1
1281 1
1282 1
1283 1
1284 1
1285 1
1286 1
1287 1
1288 1
1289 1
1290 1
1291 1
1292 1
1293 1
1294 1
1295 1
1296 1
1297 1
1298 1
1299 1
1300 1
1301 1
1302 1
1303 1
1304 1
1305 1
1306 1
1307 1
1308 1
1309 1
1310 1
1311 1
1312 1
1313 1
1314 1
1315 1
1316 1
1317 1
1318 1
1319 1
1320 1
1321 1
1322 1
1323 1
1324 1
1325 1
1326 1
1327 1
1328 1
1329 1
1330 1
1331 1
1332 1
1333 1
1334 1
1335 1
1336 1
1337 1
1338 1
1339 1
1340 1
1341 1
1342 1
1343 1
1344 1
1345 1
1346 1
1347 1
1348 1
1349 1
1350 1
1351 1
1352 1
1353 1
1354 1
1355 1
1356 1
1357 1
1358 1
1359 1
1360 1
1361 1
1362 1
1363 1
1364 1
1365 1
1366 1
1367 1
1368 1
1369 1
1370 1
1371 1
1372 1
1373 1
1374 1
1375 1
1376 1
1377 1
1378 1
1379 1
1380 1
1381 1
1382 2
1383 2
1384 2
1385 2
1386 2
1387 2
1388 2
1389 2
1390 2
1391 2
1392 2
1393 2
1394 2
1395 2
1396 2
1397 2
1398 2
1399 2
1400 2
1401 2
1402 2
1403 2
1404 2
1405 2
1406 2
1407 2
1408 2
1409 2
1410 2
1411 2
1412 2
1413 2
1414 2
1415 2
1416 2
1417 2
1418 2
1419 2
1420 2
1421 2
1422 2
1423 2
1424 2
1425 2
1426 2
1427 2
1428 2
1429 2
1430 2
1431 2
1432 2
1433 2
1434 2
1435 2
1436 2
1437 2
1438 2
1439 2
1440 2
1441 2
1442 2
1443 2
1444 2
1445 2
1446 2
1447 2
1448 2
1449 2
1450 2
1451 2
1452 2
1453 2
1454 2
1455 2
1456 2
1457 2
1458 2
1459 2
1460 2
1461 2
1462 2
1463 2
1464 2
1465 2
1466 2
1467 2
1468 2
1469 2
1470 2
1471 2
1472 2
1473 2
1474 2
1475 2
1476 2
1477 2
1478 2
1479 2
1480 2
1481 2
1482 2
1483 2
1484 2
1485 2
1486 2
1487 2
1488 2
1489 2
1490 2
1491 2
1492 2
1493 2
1494 2
1495 2
1496 2
1497 2
1498 2
1499 2
1500 2
1501 2
1502 2
1503 2
1504 2
1505 2
1506 2
1507 2
1508 2
1509 2
1510 2
1511 2
1512 2
1513 2
1514 2
1515 2
1516 2
1517 2
1518 2
1519 2
1520 2
1521 2
1522 2
1523 2
1524 2
1525 2
1526 2
1527 2
1528 2
1529 2
1530 2
1531 2
1532 2
1533 2
1534 2
1535 2
1536 2
1537 2
1538 2
1539 2
1540 2
1541 2
1542 2
1543 2
1544 2
1545 2
1546 2
1547 2
1548 2
1549 2
1550 2
1551 2
1552 2
1553 2
1554 2
1555 2
1556 2
1557 2
1558 2
1559 2
1560 2
1561 2
1562 2
1563 2
1564 2
1565 2
1566 2
1567 2
1568 2
1569 2
1570 2
1571 2
1572 2
1573 2
1574 2
1575 2
1576 2
1577 2
1578 2
1579 2
1580 2
1581 2
1582 2
1583 2
1584 2
1585 2
1586 2
1587 2
1588 2
1589 2
1590 2
1591 2
1592 2
1593 2
1594 2
1595 2
1596 2
1597 2
1598 2
1599 2
1600 2
1601 2
1602 2
1603 2
1604 2
1605 2
1606 2
1607 2
1608 2
1609 2
1610 2
1611 2
1612 2
1613 2
1614 2
1615 2
1616 2
1617 2
1618 2
1619 2
1620 2
1621 2
1622 2
1623 2
1624 2
1625 2
1626 2
1627 2
1628 2
1629 2
1630 2
1631 2
1632 2
1633 2
1634 2
1635 2
1636 2
1637 2
1638 2
1639 2
1640 2
1641 2
1642 2
1643 2
1644 2
1645 2
1646 2
1647 2
1648 2
1649 2
1650 2
1651 2
1652 2
1653 2
1654 2
1655 2
1656 2
1657 2
1658 2
1659 2
1660 2
1661 2
1662 2
1663 2
1664 2
1665 2
1666 2
1667 2
1668 2
1669 2
1670 2
1671 2
1672 2
1673 2
1674 2
1675 2
1676 2
1677 2
1678 2
1679 2
1680 2
1681 2
1682 2
1683 2
1684 2
1685 2
1686 2
1687 2
1688 2
1689 2
1690 2
1691 2
1692 2
1693 2
1694 2
1695 2
1696 2
1697 2
1698 2
1699 2
1700 2
1701 2
1702 2
1703 2
1704 2
1705 2
1706 2
1707 2
1708 2
1709 2
1710 2
1711 2
1712 2
1713 2
1714 2
1715 2
1716 2
1717 2
1718 2
1719 2
1720 2
1721 2
1722 2
1723 2
1724 2
1725 2
1726 2
1727 2
1728 2
1729 2
1730 2
1731 2
1732 2
1733 2
1734 2
1735 2
1736 2
1737 2
1738 2
1739 2
1740 2
1741 2
1742 2
1743 2
1744 2
1745 2
1746 2
1747 2
1748 2
1749 2
1750 2
1751 2
1752 2
1753 2
1754 2
1755 2
1756 2
1757 2
1758 2
1759 2
1760 2
1761 2
1762 2
1763 2
1764 2
1765 2
1766 2
1767 2
1768 2
1769 2
1770 2
1771 2
1772 2
1773 2
1774 2
1775 2
1776 2
1777 2
1778 2
1779 2
1780 2
1781 2
1782 2
1783 2
1784 2
1785 2
1786 2
1787 2
1788 2
1789 2
1790 2
1791 2
1792 2
1793 2
1794 2
1795 2
1796 2
1797 2
1798 2
1799 2
1800 2
1801 2
1802 2
1803 2
1804 2
1805 2
1806 2
1807 2
1808 2
1809 2
1810 2
1811 2
1812 2
1813 2
1814 2
1815 2
1816 2
1817 2
1818 2
1819 2
1820 2
1821 2
1822 2
1823 2
1824 2
1825 2
1826 2
1827 2
1828 2
1829 2
1830 2
1831 2
1832 2
1833 2
1834 2
1835 2
1836 2
1837 2
1838 2
1839 2
1840 2
1841 2
1842 2
1843 2
1844 2
1845 2
1846 2
1847 2
1848 2
1849 2
1850 2
1851 2
1852 2
1853 2
1854 2
1855 2
1856 2
1857 2
1858 2
1859 2
1860 2
1861 2
1862 2
1863 2
1864 2
1865 2
1866 2
1867 2
1868 2
1869 2
1870 2
1871 2
1872 2
1873 2
1874 2
1875 2
1876 2
1877 2
1878 2
1879 2
1880 2
1881 2
1882 2
1883 2
1884 2
1885 2
1886 2
1887 2
1888 2
1889 2
1890 2
1891 2
1892 2
1893 2
1894 2
1895 2
1896 2
1897 2
1898 2
1899 2
1900 2
1901 2
1902 2
1903 2
1904 2
1905 2
1906 2
1907 2
1908 2
1909 2
1910 2
1911 2
1912 2
1913 2
1914 2
1915 2
1916 2
1917 2
1918 2
1919 2
1920 2
1921 2
1922 2
1923 2
1924 2
1925 2
1926 2
1927 2
1928 2
1929 2
1930 2
1931 2
1932 2
1933 2
1934 2
1935 2
1936 2
1937 2
1938 2
1939 2
1940 2
1941 2
1942 2
1943 2
1944 2
1945 2
1946 2
1947 2
1948 2
1949 2
1950 2
1951 2
1952 3
1953 3
1954 3
1955 3
1956 3
1957 3
1958 3
1959 3
1960 3
1961 3
1962 3
1963 3
1964 3
1965 3
1966 3
1967 3
1968 3
1969 3
1970 3
1971 3
1972 3
1973 3
1974 3
1975 3
1976 3
1977 3
1978 3
1979 3
1980 3
1981 3
1982 3
1983 3
1984 3
1985 3
1986 3
1987 3
1988 3
1989 3
1990 3
1991 3
1992 3
1993 3
1994 3
1995 3
1996 3
1997 3
1998 3
1999 3
2000 3
2001 3
2002 3
2003 3
2004 3
2005 3
2006 3
2007 3
2008 3
2009 3
2010 3
2011 3
2012 3
2013 3
2014 3
2015 3
2016 3
2017 3
2018 3
2019 3
2020 3
2021 3
2022 3
2023 3
2024 3
2025 3
2026 3
2027 3
2028 3
2029 3
2030 3
2031 3
2032 3
2033 3
2034 3
2035 3
2036 3
2037 3
2038 3
2039 3
2040 3
2041 3
2042 3
2043 3
2044 3
2045 3
2046 3
2047 3
2048 3
2049 3
2050 3
2051 3
2052 3
2053 3
2054 3
2055 3
2056 3
2057 3
2058 3
2059 3
2060 3
2061 3
2062 3
2063 3
2064 3
2065 3
2066 3
2067 3
2068 3
2069 3
2070 3
2071 3
2072 3
2073 3
2074 3
2075 3
2076 3
2077 3
2078 3
2079 3
2080 3
2081 3
2082 3
2083 3
2084 3
2085 3
2086 3
2087 3
2088 3
2089 3
2090 3
2091 3
2092 3
2093 3
2094 3
2095 3
2096 3
2097 3
2098 3
2099 3
2100 3
2101 3
2102 3
2103 3
2104 3
2105 3
2106 3
2107 3
2108 3
2109 3
2110 3
2111 3
2112 3
2113 3
2114 3
2115 3
2116 3
2117 3
2118 3
2119 3
2120 3
2121 3
2122 3
2123 3
2124 3
2125 3
2126 3
2127 3
2128 3
2129 3
2130 3
2131 4
2132 4
2133 4
2134 4
2135 4
2136 4
2137 4
2138 4
2139 4
2140 4
2141 4
2142 4
2143 4
2144 4
2145 4
2146 4
2147 4
2148 4
2149 4
2150 4
2151 4
2152 4
2153 4
2154 4
2155 4
2156 4
2157 4
2158 4
2159 4
2160 4
2161 4
2162 4
2163 4
2164 4
2165 4
2166 4
2167 4
2168 4
2169 4
2170 4
2171 4
2172 4
2173 4
2174 4
2175 4
2176 4
2177 4
2178 4
2179 4
2180 4
2181 4
2182 4
2183 4
2184 4
2185 4
2186 4
2187 4
2188 4
2189 4
2190 4
2191 4
2192 4
2193 4
2194 4
2195 4
2196 4
2197 4
2198 4
2199 4
2200 4
2201 4
2202 4
2203 4
2204 4
2205 4
2206 4
2207 4
2208 4
2209 4
2210 4
2211 4
2212 4
2213 4
2214 4
2215 4
2216 4
2217 4
2218 4
2219 4
2220 4
2221 4
2222 4
2223 4
2224 4
2225 4
2226 4
2227 4
2228 4
2229 4
2230 4
2231 4
2232 4
2233 4
2234 4
2235 4
2236 4
2237 4
2238 4
2239 4
2240 4
2241 4
2242 4
2243 4
2244 4
2245 4
2246 4
2247 4
2248 4
2249 4
2250 4
2251 4
2252 4
2253 4
2254 4
2255 4
2256 4
2257 4
2258 4
2259 4
2260 4
2261 4
2262 4
2263 4
2264 4
2265 4
2266 4
2267 4
2268 4
2269 4
2270 4
2271 4
2272 4
2273 4
2274 4
2275 4
2276 4
2277 4
2278 4
2279 4
2280 4
2281 4
2282 4
2283 4
2284 4
2285 4
2286 4
2287 4
2288 4
2289 4
2290 4
2291 4
2292 4
2293 4
2294 4
2295 4
2296 4
2297 4
2298 4
2299 4
2300 5
2301 5
2302 5
2303 5
2304 5
2305 5
2306 5
2307 5
2308 5
2309 5
2310 5
2311 5
2312 5
2313 5
2314 5
2315 5
2316 5
2317 5
2318 5
2319 5
2320 5
2321 5
2322 5
2323 5
2324 5
2325 5
2326 5
2327 5
2328 5
2329 5
2330 5
2331 5
2332 5
2333 5
2334 5
2335 5
2336 5
2337 5
2338 5
2339 5
2340 5
2341 5
2342 5
2343 5
2344 5
2345 5
2346 5
2347 5
2348 5
2349 5
2350 5
2351 5
2352 5
2353 5
2354 5
2355 5
2356 5
2357 5
2358 5
2359 5
2360 5
2361 5
2362 5
2363 5
2364 5
2365 5
2366 5
2367 5
2368 5
2369 5
2370 5
2371 5
2372 5
2373 5
2374 5
2375 5
2376 5
2377 5
2378 5
2379 5
2380 5
2381 5
2382 5
2383 5
2384 5
2385 5
2386 5
2387 5
2388 5
2389 5
2390 5
2391 5
2392 5
2393 5
2394 5
2395 5
2396 5
2397 5
2398 5
2399 5
2400 5
2401 5
2402 5
2403 5
2404 5
2405 5
2406 5
2407 5
2408 5
2409 5
2410 5
2411 5
2412 5
2413 5
2414 5
2415 5
2416 5
2417 5
2418 5
2419 5
2420 5
2421 5
2422 5
2423 5
2424 5
2425 5
2426 5
2427 5
2428 5
2429 5
2430 5
2431 5
2432 5
2433 5
2434 5
2435 5
2436 5
2437 5
2438 5
2439 5
2440 5
2441 5
2442 5
2443 5
2444 5
2445 5
2446 5
2447 5
2448 5
2449 5
2450 5
2451 5
2452 5
2453 5
2454 5
2455 5
2456 5
2457 5
2458 5
2459 5
2460 5
2461 5
2462 5
2463 5
2464 5
2465 5
2466 5
2467 5
2468 5
2469 5
2470 5
2471 5
2472 5
2473 5
2474 5
2475 5
2476 5
2477 5
2478 5
2479 5
2480 5
2481 5
2482 5
2483 5
2484 5
2485 5
2486 5
2487 5
2488 5
2489 5
2490 5
2491 5
2492 5
2493 5
2494 5
2495 5
2496 5
2497 5
2498 5
2499 5
2500 5
2501 5
2502 5
2503 5
2504 5
2505 5
2506 5
2507 5
2508 5
2509 5
2510 5
2511 5
2512 5
2513 5
2514 5
2515 5
2516 5
2517 5
2518 5
2519 5
2520 5
2521 5
2522 5
2523 5
2524 5
2525 5
2526 5
2527 5
2528 5
2529 5
2530 5
2531 5
2532 5
2533 5
2534 5
2535 5
2536 5
2537 5
2538 5
2539 5
2540 5
2541 5
2542 5
2543 5
2544 5
2545 5
2546 5
2547 5
2548 5
2549 5
2550 5
2551 5
2552 5
2553 5
2554 5
2555 5
2556 5
2557 5
2558 5
2559 5
2560 5
2561 5
2562 5
2563 5
2564 5
2565 5
2566 5
2567 5
2568 5
2569 5
2570 5
2571 5
2572 5
2573 5
2574 5
2575 5
2576 5
2577 5
2578 5
2579 5
2580 5
2581 5
2582 5
2583 5
2584 5
2585 5
2586 5
2587 5
2588 5
2589 5
2590 5
2591 5
2592 5
2593 5
2594 5
2595 5
2596 5
2597 5
2598 5
2599 5
2600 5
2601 5
2602 5
2603 5
2604 5
2605 5
2606 5
2607 5
2608 5
2609 5
2610 5
2611 5
2612 5
2613 5
2614 5
2615 5
2616 5
2617 5
2618 5
2619 5
2620 5
2621 5
2622 5
2623 5
2624 5
2625 5
2626 5
2627 5
2628 5
2629 5
2630 6
2631 6
2632 6
2633 6
2634 6
2635 6
2636 6
2637 6
2638 6
2639 6
2640 6
2641 6
2642 6
2643 6
2644 6
2645 6
2646 6
2647 6
2648 6
2649 6
2650 6
2651 6
2652 6
2653 6
2654 6
2655 6
2656 6
2657 6
2658 6
2659 6
2660 6
2661 6
2662 6
2663 6
2664 6
2665 6
2666 6
2667 6
2668 6
2669 6
2670 6
2671 6
2672 6
2673 6
2674 6
2675 6
2676 6
2677 6
2678 6
2679 6
2680 6
2681 6
2682 6
2683 6
2684 6
2685 6
2686 6
2687 6
2688 6
2689 6
2690 6
2691 6
2692 6
2693 6
2694 6
2695 6
2696 6
2697 6
2698 6
2699 6
2700 6
2701 6
2702 6
2703 6
2704 6
2705 6
2706 6
2707 6
2708 6
2709 6
2710 6
2711 6
2712 6
2713 6
2714 6
2715 6
2716 6
2717 6
2718 6
2719 6
2720 6
2721 6
2722 6
2723 6
2724 6
2725 6
2726 6
2727 6
2728 6
2729 6
2730 6
2731 6
2732 6
2733 6
2734 6
2735 6
2736 6
2737 6
2738 6
2739 6
2740 6
2741 6
2742 6
2743 6
2744 6
2745 6
2746 6
2747 6
2748 6
2749 6
2750 6
2751 6
2752 6
2753 6
2754 6
2755 6
2756 6
2757 6
2758 6
2759 6
2760 6
2761 6
2762 6
2763 6
2764 6
2765 6
2766 6
2767 6
2768 6
2769 6
2770 6
2771 6
2772 6
2773 6
2774 6
2775 6
2776 6
2777 6
2778 6
2779 6
2780 6
2781 6
2782 6
2783 6
2784 6
2785 6
2786 6
2787 6
2788 6
2789 6
2790 6
2791 6
2792 6
2793 6
2794 6
2795 6
2796 6
2797 6
2798 6
2799 6
2800 6
2801 6
2802 6
2803 6
2804 6
2805 6
2806 6
2807 6
2808 6
2809 6
2810 6
2811 6
2812 6
2813 6
2814 6
2815 6
2816 6
2817 6
2818 6
2819 6
2820 6
2821 6
2822 6
2823 6
2824 6
2825 6
2826 6
2827 6
2828 6
2829 6
2830 6
2831 6
2832 6
2833 6
2834 6
2835 6
2836 6
2837 6
2838 6
2839 6
2840 6
2841 6
2842 6
2843 6
2844 6
2845 6
2846 6
2847 6
2848 6
2849 6
2850 6
2851 6
2852 6
2853 6
2854 6
2855 6
2856 6
2857 6
2858 6
2859 6
2860 6
2861 6
2862 6
2863 6
2864 6
2865 6
2866 6
2867 6
2868 6
2869 6
2870 6
2871 6
2872 6
2873 6
2874 6
2875 6
2876 6
2877 6
2878 6
2879 6
2880 6
2881 6
2882 6
2883 6
2884 6
2885 6
2886 6
2887 6
2888 6
2889 6
2890 6
2891 6
2892 6
2893 6
2894 6
2895 6
2896 6
2897 6
2898 6
2899 6
2900 6
2901 6
2902 6
2903 6
2904 6
2905 6
2906 6
2907 6
2908 6
2909 6
2910 6
2911 6
2912 6
2913 6
2914 6
2915 6
2916 6
2917 6
2918 6
2919 6
2920 6
2921 6
2922 6
2923 6
2924 6
2925 6
2926 6
2927 6
2928 6
2929 6
2930 6
2931 6
2932 6
2933 6
2934 6
2935 6
2936 6
2937 6
2938 6
2939 6
2940 6
2941 6
2942 6
2943 6
2944 6
2945 6
2946 6
2947 6
2948 6
2949 6
2950 6
2951 6
2952 6
2953 6
2954 6
2955 6
2956 6
2957 6
2958 6
2959 6
2960 6
2961 6
2962 6
2963 6
2964 6
2965 6
2966 6
2967 6
2968 6
2969 6
2970 6
2971 6
2972 6
2973 6
2974 6
2975 6
2976 6
2977 6
2978 6
2979 6
2980 6
2981 6
2982 6
2983 6
2984 6
2985 6
2986 6
2987 6
2988 6
2989 6
2990 6
2991 6
2992 6
2993 6
2994 6
2995 6
2996 6
2997 6
2998 6
2999 6
3000 6
3001 6
3002 6
3003 6
3004 6
3005 6
3006 6
3007 6
3008 6
3009 6
3010 6
3011 6
3012 6
3013 6
3014 6
3015 6
3016 6
3017 6
3018 6
3019 6
3020 6
3021 6
3022 6
3023 6
3024 6
3025 6
3026 6
3027 6
3028 6
3029 6
3030 6
3031 6
3032 6
3033 6
3034 6
3035 6
3036 6
3037 6
3038 6
3039 6
3040 6
3041 6
3042 6
3043 6
3044 6
3045 6
3046 6
3047 6
3048 6
3049 6
3050 6
3051 6
3052 6
3053 6
3054 6
3055 6
3056 6
3057 6
3058 6
3059 6
3060 6
3061 6
3062 6
3063 6
3064 6
3065 6
3066 6
3067 6
3068 6
3069 6
3070 6
3071 6
3072 6
3073 6
3074 6
3075 6
3076 6
3077 6
3078 6
3079 6
3080 6
3081 6
3082 6
3083 6
3084 6
3085 6
3086 6
3087 6
3088 6
3089 6
3090 6
3091 6
3092 6
3093 6
3094 6
3095 6
3096 6
3097 6
3098 6
3099 6
3100 6
3101 6
3102 6
3103 6
3104 6
3105 6
3106 6
3107 6
3108 6
3109 6
3110 6
3111 6
3112 6
3113 6
3114 6
3115 6
3116 6
3117 6
3118 6
3119 6
3120 6
3121 6
3122 6
3123 6
3124 6
3125 6
3126 6
3127 6
3128 6
3129 6
3130 6
3131 6
3132 6
3133 6
3134 6
3135 6
3136 6
3137 6
3138 6
3139 6
3140 6
3141 6
3142 6
3143 6
3144 6
3145 6
3146 6
3147 6
3148 6
3149 6
3150 6
3151 6
3152 6
3153 6
3154 6
3155 6
3156 6
3157 6
3158 6
3159 6
3160 6
3161 6
3162 6
3163 6
3164 6
3165 6
3166 6
3167 6
3168 6
3169 6
3170 6
3171 6
3172 6
3173 6
3174 6
3175 6
3176 6
3177 6
3178 6
3179 6
3180 6
3181 6
3182 6
3183 6
3184 6
3185 6
3186 6
3187 6
3188 6
3189 6
3190 6
3191 6
3192 6
3193 6
3194 6
3195 6
3196 6
3197 6
3198 6
3199 6
3200 6
3201 6
3202 6
3203 6
3204 6
3205 6
3206 6
3207 6
3208 6
3209 6
3210 6
3211 6
3212 6
3213 6
3214 6
3215 6
3216 6
3217 6
3218 6
3219 6
3220 6
3221 6
3222 6
3223 6
3224 6
3225 6
3226 6
3227 6
3228 6
3229 6
3230 6
3231 6
3232 6
3233 6
3234 6
3235 6
3236 6
3237 6
3238 6
3239 6
3240 6
3241 6
3242 6
3243 6
3244 6
3245 6
3246 6
3247 6
3248 6
3249 6
3250 6
3251 6
3252 6
3253 6
3254 6
3255 6
3256 6
3257 6
3258 6
3259 6
3260 6
3261 6
3262 6
3263 6
3264 6
3265 6
3266 6
3267 6
3268 6
3269 6
3270 6
3271 6
3272 6
3273 6
3274 6
3275 6
3276 6
3277 6
3278 6
3279 6
3280 6
3281 6
3282 6
3283 6
3284 6
3285 6
3286 6
3287 6
3288 6
3289 6
3290 6
3291 6
3292 6
3293 6
3294 6
3295 6
3296 6
3297 6
3298 6
3299 6
3300 6
3301 6
3302 6
3303 6
3304 6
3305 6
3306 6
3307 6
3308 6
3309 6
3310 6
3311 6
3312 6
3313 6
3314 6
3315 6
3316 6
3317 6
3318 6
3319 6
3320 6
3321 6
3322 6
3323 6
3324 6
3325 6
3326 6
3327 6
3328 6
3329 6
3330 6
3331 6
3332 6
3333 6
3334 6
3335 6
3336 6
3337 6
3338 6
3339 6
3340 6
3341 6
3342 6
3343 6
3344 6
3345 6
3346 6
3347 6
3348 6
3349 6
3350 6
3351 6
3352 6
3353 6
3354 6
3355 6
3356 6
3357 6
3358 6
3359 6
3360 6
3361 6
3362 6
3363 6
3364 6
3365 6
3366 6
3367 6
3368 6
3369 6
3370 6
3371 6
3372 6
3373 6
3374 6
3375 6
3376 6
3377 6
3378 6
3379 6
3380 6
3381 6
3382 6
3383 6
3384 6
3385 6
3386 6
3387 6
3388 6
3389 6
3390 6
3391 6
3392 6
3393 6
3394 6
3395 6
3396 6
3397 6
3398 6
3399 6
3400 6
3401 6
3402 6
3403 6
3404 6
3405 6
3406 6
3407 6
3408 6
3409 6
3410 6
3411 6
3412 6
3413 6
3414 6
3415 6
3416 6
3417 6
3418 6
3419 6
3420 6
3421 6
3422 6
3423 6
3424 6
3425 6
3426 6
3427 6
3428 6
3429 6
3430 6
3431 6
3432 6
3433 6
3434 6
3435 6
3436 6
3437 6
3438 6
3439 6
3440 6
3441 6
3442 6
3443 6
3444 6
3445 6
3446 6
3447 6
3448 6
3449 6
3450 6
3451 6
3452 6
3453 6
3454 6
3455 6
3456 6
3457 6
3458 6
3459 6
3460 6
3461 6
3462 6
3463 6
3464 6
3465 6
3466 6
3467 6
3468 6
3469 6
3470 6
3471 6
3472 6
3473 6
3474 6
3475 6
3476 6
3477 6
3478 6
3479 6
3480 6
3481 6
3482 6
3483 6
3484 7
3485 7
3486 7
3487 7
3488 7
3489 7
3490 7
3491 7
3492 7
3493 7
3494 7
3495 7
3496 7
3497 7
3498 7
3499 7
3500 7
3501 7
3502 7
3503 7
3504 7
3505 7
3506 7
3507 7
3508 7
3509 7
3510 7
3511 7
3512 7
3513 7
3514 7
3515 7
3516 7
3517 7
3518 7
3519 7
3520 7
3521 7
3522 7
3523 7
3524 7
3525 7
3526 7
3527 7
3528 7
3529 7
3530 7
3531 7
3532 7
3533 7
3534 7
3535 7
3536 7
3537 7
3538 7
3539 7
3540 7
3541 7
3542 7
3543 7
3544 7
3545 7
3546 7
3547 7
3548 7
3549 7
3550 7
3551 7
3552 7
3553 7
3554 7
3555 7
3556 7
3557 7
3558 7
3559 7
3560 7
3561 7
3562 7
3563 7
3564 7
3565 7
3566 7
3567 7
3568 7
3569 7
3570 7
3571 7
3572 7
3573 7
3574 7
3575 7
3576 7
3577 7
3578 7
3579 7
3580 7
3581 7
3582 7
3583 7
3584 7
3585 7
3586 7
3587 7
3588 7
3589 7
3590 7
3591 7
3592 7
3593 7
3594 7
3595 7
3596 7
3597 7
3598 7
3599 7
3600 7
3601 7
3602 7
3603 7
3604 7
3605 7
3606 7
3607 7
3608 7
3609 7
3610 7
3611 7
3612 7
3613 7
3614 7
3615 7
3616 7
3617 7
3618 7
3619 7
3620 7
3621 7
3622 7
3623 7
3624 7
3625 7
3626 7
3627 7
3628 7
3629 7
3630 7
3631 7
3632 7
3633 7
3634 7
3635 7
3636 7
3637 7
3638 7
3639 7
3640 7
3641 7
3642 7
3643 7
3644 7
3645 7
3646 7
3647 7
3648 7
3649 7
3650 7
3651 7
3652 7
3653 7
3654 7
3655 7
3656 7
3657 7
3658 7
3659 7
3660 7
3661 7
3662 7
3663 7
3664 7
3665 7
3666 7
3667 7
3668 7
3669 7
3670 7
3671 7
3672 7
3673 7
3674 7
3675 7
3676 7
3677 7
3678 7
3679 7
3680 7
3681 7
3682 7
3683 7
3684 7
3685 7
3686 7
3687 7
3688 7
3689 7
3690 7
3691 7
3692 7
3693 7
3694 7
3695 7
3696 7
3697 7
3698 7
3699 7
3700 7
3701 7
3702 7
3703 7
3704 7
3705 7
3706 7
3707 7
3708 7
3709 7
3710 7
3711 7
3712 7
3713 7
3714 7
3715 7
3716 7
3717 7
3718 7
3719 7
3720 7
3721 7
3722 7
3723 7
3724 7
3725 7
3726 7
3727 7
3728 7
3729 7
3730 7
3731 7
3732 7
3733 7
3734 7
3735 7
3736 7
3737 7
3738 7
3739 7
3740 7
3741 7
3742 7
3743 7
3744 7
3745 7
3746 7
3747 7
3748 7
3749 7
3750 7
3751 7
3752 7
3753 7
3754 7
3755 7
3756 7
3757 7
3758 7
3759 7
3760 7
3761 7
3762 7
3763 7
3764 7
3765 7
3766 7
3767 7
3768 7
3769 7
3770 7
3771 7
3772 7
3773 7
3774 7
3775 7
3776 7
3777 7
3778 7
3779 7
3780 7
3781 7
3782 7
3783 7
3784 7
3785 7
3786 7
3787 7
3788 7
3789 7
3790 7
3791 7
3792 7
3793 7
3794 7
3795 7
3796 7
3797 7
3798 7
3799 7
3800 7
3801 7
3802 7
3803 7
3804 7
3805 7
3806 7
3807 7
3808 7
3809 7
3810 7
3811 7
3812 7
3813 7
3814 7
3815 7
3816 7
3817 7
3818 7
3819 7
3820 7
3821 7
3822 7
3823 7
3824 7
3825 7
3826 7
3827 7
3828 7
3829 7
3830 7
3831 7
3832 7
3833 7
3834 7
3835 7
3836 7
3837 7
3838 7
3839 7
3840 7
3841 7
3842 7
3843 7
3844 7
3845 7
3846 7
3847 7
3848 7
3849 7
3850 7
3851 7
3852 7
3853 7
3854 7
3855 7
3856 7
3857 7
3858 7
3859 7
3860 7
3861 7
3862 7
3863 7
3864 7
3865 7
3866 7
3867 7
3868 7
3869 7
3870 7
3871 7
3872 7
3873 7
3874 7
3875 7
3876 7
3877 7
3878 7
3879 7
3880 7
3881 7
3882 7
3883 7
3884 7
3885 7
3886 7
3887 7
3888 7
3889 7
3890 7
3891 7
3892 7
3893 7
3894 7
3895 7
3896 7
3897 7
3898 7
3899 7
3900 7
3901 7
3902 7
3903 7
3904 7
3905 7
3906 7
3907 7
3908 7
3909 7
3910 7
3911 7
3912 7
3913 7
3914 7
3915 7
3916 7
3917 7
3918 7
3919 7
3920 7
3921 7
3922 7
3923 7
3924 7
3925 7
3926 7
3927 7
3928 7
3929 7
3930 7
3931 7
3932 7
3933 7
3934 7
3935 7
3936 7
3937 7
3938 7
3939 7
3940 7
3941 7
3942 7
3943 7
3944 7
3945 7
3946 7
3947 7
3948 7
3949 7
3950 7
3951 7
3952 7
3953 7
3954 7
3955 7
3956 7
3957 7
3958 7
3959 7
3960 7
3961 7
3962 7
3963 7
3964 7
3965 7
3966 7
3967 7
3968 7
3969 7
3970 7
3971 7
3972 7
3973 7
3974 7
3975 7
3976 7
3977 7
3978 7
3979 7
3980 7
3981 7
3982 7
3983 7
3984 7
3985 7
3986 7
3987 7
3988 7
3989 7
3990 7
3991 7
3992 7
3993 7
3994 7
3995 7
3996 7
3997 7
3998 7
3999 7
4000 7
4001 7
4002 7
4003 7
4004 7
4005 7
4006 7
4007 7
4008 7
4009 7
4010 7
4011 7
4012 7
4013 7
4014 7
4015 7
4016 7
4017 7
4018 7
4019 7
4020 7
4021 7
4022 7
4023 7
4024 7
4025 7
4026 7
4027 7
4028 7
4029 7
4030 7
4031 7
4032 7
4033 7
4034 7
4035 7
4036 7
4037 7
4038 7
4039 7
4040 7
4041 7
4042 7
4043 7
4044 7
4045 7
4046 7
4047 7
4048 7
4049 7
4050 7
4051 7
4052 7
4053 7
4054 7
4055 7
4056 7
4057 7
4058 7
4059 7
4060 7
4061 7
4062 7
4063 7
4064 7
4065 7
4066 7
4067 7
4068 7
4069 7
4070 7
4071 7
4072 7
4073 7
4074 7
4075 7
4076 7
4077 7
4078 7
4079 7
4080 7
4081 7
4082 7
4083 7
4084 7
4085 7
4086 7
4087 7
4088 7
4089 7
4090 7
4091 7
4092 7
4093 7
4094 7
4095 7
4096 7
4097 7
4098 7
4099 7
4100 7
4101 7
4102 7
4103 7
4104 7
4105 7
4106 7
4107 7
4108 7
4109 7
4110 7
4111 7
4112 7
4113 7
4114 7
4115 7
4116 7
4117 7
4118 7
4119 7
4120 7
4121 7
4122 7
4123 7
4124 7
4125 7
4126 7
4127 7
4128 7
4129 7
4130 7
4131 7
4132 7
4133 7
4134 7
4135 7
4136 7
4137 7
4138 7
4139 7
4140 7
4141 7
4142 7
4143 7
4144 7
4145 7
4146 7
4147 7
4148 7
4149 7
4150 7
4151 7
4152 7
4153 7
4154 7
4155 7
4156 7
4157 7
4158 7
4159 7
4160 7
4161 7
4162 7
4163 7
4164 7
4165 7
4166 7
4167 7
4168 7
4169 7
4170 7
4171 7
4172 7
4173 7
4174 7
4175 7
4176 7
4177 7
4178 7
4179 7
4180 7
4181 7
4182 7
4183 7
4184 7
4185 7
4186 7
4187 7
4188 7
4189 7
4190 7
4191 7
4192 7
4193 7
4194 7
4195 7
4196 7
4197 7
4198 7
4199 7
4200 7
4201 7
4202 7
4203 7
4204 7
4205 7
4206 7
4207 7
4208 7
4209 7
4210 7
4211 7
4212 7
4213 7
4214 7
4215 7
4216 7
4217 7
4218 7
4219 7
4220 7
4221 7
4222 7
4223 7
4224 7
4225 7
4226 7
4227 7
4228 7
4229 7
4230 7
4231 7
4232 7
4233 7
4234 7
4235 7
4236 7
4237 7
4238 7
4239 7
4240 7
4241 7
4242 7
4243 7
4244 7
4245 7
4246 7
4247 7
4248 7
4249 7
4250 7
4251 7
4252 7
4253 7
4254 7
4255 7
4256 7
4257 7
4258 7
4259 7
4260 7
4261 7
4262 7
4263 7
4264 7
4265 7
4266 7
4267 7
4268 7
4269 7
4270 7
4271 7
4272 7
4273 7
4274 7
4275 7
4276 7
4277 7
4278 7
4279 7
4280 7
4281 7
4282 7
4283 7
4284 7
4285 7
4286 7
4287 7
4288 7
4289 7
4290 7
4291 7
4292 7
4293 7
4294 7
4295 7
4296 7
4297 7
4298 7
4299 7
4300 7
4301 7
4302 7
4303 7
4304 7
4305 7
4306 7
4307 7
4308 7
4309 7
4310 7
4311 7
4312 7
4313 7
4314 7
4315 7
4316 7
4317 7
4318 7
4319 7
4320 7
4321 7
4322 8
4323 8
4324 8
4325 8
4326 8
4327 8
4328 8
4329 8
4330 8
4331 8
4332 8
4333 8
4334 8
4335 8
4336 8
4337 8
4338 8
4339 8
4340 8
4341 8
4342 8
4343 8
4344 8
4345 8
4346 8
4347 8
4348 8
4349 8
4350 8
4351 8
4352 8
4353 8
4354 8
4355 8
4356 8
4357 8
4358 8
4359 8
4360 8
4361 8
4362 8
4363 8
4364 8
4365 8
4366 8
4367 8
4368 8
4369 8
4370 8
4371 8
4372 8
4373 8
4374 8
4375 8
4376 8
4377 8
4378 8
4379 8
4380 8
4381 8
4382 8
4383 8
4384 8
4385 8
4386 8
4387 8
4388 8
4389 8
4390 8
4391 8
4392 8
4393 8
4394 8
4395 8
4396 8
4397 8
4398 8
4399 8
4400 8
4401 8
4402 8
4403 8
4404 8
4405 8
4406 8
4407 8
4408 8
4409 8
4410 8
4411 8
4412 8
4413 8
4414 8
4415 8
4416 8
4417 8
4418 8
4419 8
4420 8
4421 8
4422 8
4423 8
4424 8
4425 8
4426 8
4427 8
4428 8
4429 8
4430 8
4431 8
4432 8
4433 8
4434 8
4435 8
4436 8
4437 8
4438 8
4439 8
4440 8
4441 8
4442 8
4443 8
4444 8
4445 8
4446 8
4447 8
4448 8
4449 8
4450 8
4451 8
4452 8
4453 8
4454 8
4455 8
4456 8
4457 8
4458 8
4459 8
4460 8
4461 8
4462 8
4463 8
4464 8
4465 8
4466 8
4467 8
4468 8
4469 8
4470 8
4471 8
4472 8
4473 8
4474 8
4475 8
4476 8
4477 8
4478 8
4479 8
4480 8
4481 8
4482 8
4483 8
4484 8
4485 8
4486 8
4487 8
4488 8
4489 8
4490 8
4491 8
4492 8
4493 8
4494 8
4495 8
4496 8
4497 8
4498 8
4499 8
4500 8
4501 8
4502 8
4503 8
4504 8
4505 8
4506 8
4507 8
4508 8
4509 8
4510 8
4511 8
4512 8
4513 8
4514 8
4515 8
4516 8
4517 8
4518 8
4519 8
4520 8
4521 8
4522 8
4523 8
4524 8
4525 8
4526 8
4527 8
4528 8
4529 8
4530 8
4531 8
4532 8
4533 8
4534 8
4535 8
4536 8
4537 8
4538 8
4539 8
4540 8
4541 8
4542 8
4543 8
4544 8
4545 8
4546 8
4547 8
4548 8
4549 8
4550 8
4551 8
4552 8
4553 8
4554 8
4555 8
4556 8
4557 8
4558 8
4559 8
4560 8
4561 8
4562 8
4563 8
4564 8
4565 8
4566 8
4567 8
4568 8
4569 8
4570 8
4571 8
4572 8
4573 8
4574 8
4575 8
4576 8
4577 8
4578 8
4579 8
4580 8
4581 8
4582 8
4583 8
4584 8
4585 8
4586 8
4587 8
4588 8
4589 8
4590 8
4591 8
4592 8
4593 8
4594 8
4595 8
4596 8
4597 8
4598 8
4599 8
4600 8
4601 8
4602 8
4603 8
4604 8
4605 8
4606 8
4607 8
4608 8
4609 8
4610 8
4611 8
4612 8
4613 8
4614 8
4615 8
4616 8
4617 8
4618 8
4619 8
4620 8
4621 8
4622 8
4623 8
4624 8
4625 8
4626 8
4627 8
4628 8
4629 8
4630 8
4631 8
4632 8
4633 8
4634 8
4635 8
4636 8
4637 8
4638 8
4639 8
4640 8
4641 8
4642 8
4643 8
4644 8
4645 8
4646 8
4647 8
4648 8
4649 8
4650 8
4651 8
4652 8
4653 8
4654 8
4655 8
4656 8
4657 8
4658 8
4659 8
4660 8
4661 8
4662 8
4663 8
4664 8
4665 8
4666 8
4667 8
4668 8
4669 8
4670 8
4671 8
4672 8
4673 8
4674 8
4675 8
4676 8
4677 8
4678 8
4679 8
4680 8
4681 8
4682 8
4683 8
4684 8
4685 8
4686 8
4687 8
4688 8
4689 8
4690 8
4691 8
4692 8
4693 8
4694 8
4695 8
4696 8
4697 8
4698 8
4699 8
4700 8
4701 8
4702 8
4703 8
4704 8
4705 8
4706 8
4707 8
4708 8
4709 8
4710 8
4711 8
4712 8
4713 8
4714 8
4715 8
4716 8
4717 8
4718 8
4719 8
4720 8
4721 8
4722 8
4723 8
4724 8
4725 8
4726 8
4727 8
4728 8
4729 8
4730 8
4731 8
4732 8
4733 8
4734 8
4735 8
4736 8
4737 8
4738 8
4739 8
4740 8
4741 8
4742 8
4743 8
4744 8
4745 8
4746 8
4747 8
4748 8
4749 8
4750 8
4751 8
4752 8
4753 8
4754 8
4755 8
4756 8
4757 8
4758 8
4759 8
4760 8
4761 8
4762 8
4763 8
4764 8
4765 8
4766 8
4767 8
4768 8
4769 8
4770 8
4771 8
4772 8
4773 8
4774 8
4775 8
4776 8
4777 8
4778 8
4779 8
4780 8
4781 8
4782 8
4783 8
4784 8
4785 8
4786 8
4787 8
4788 8
4789 8
4790 8
4791 8
4792 8
4793 8
4794 8
4795 8
4796 8
4797 8
4798 8
4799 8
4800 8
4801 8
4802 8
4803 8
4804 8
4805 8
4806 8
4807 8
4808 8
4809 8
4810 8
4811 8
4812 8
4813 8
4814 8
4815 8
4816 8
4817 8
4818 8
4819 8
4820 8
4821 8
4822 8
4823 8
4824 8
4825 8
4826 8
4827 8
4828 8
4829 8
4830 9
4831 9
4832 9
4833 9
4834 9
4835 9
4836 9
4837 9
4838 9
4839 9
4840 9
4841 9
4842 9
4843 9
4844 9
4845 9
4846 9
4847 9
4848 9
4849 9
4850 9
4851 9
4852 9
4853 9
4854 9
4855 9
4856 9
4857 9
4858 9
4859 9
4860 9
4861 9
4862 9
4863 9
4864 9
4865 9
4866 9
4867 9
4868 9
4869 9
4870 9
4871 9
4872 9
4873 9
4874 9
4875 9
4876 9
4877 9
4878 9
4879 9
4880 9
4881 9
4882 9
4883 9
4884 9
4885 9
4886 9
4887 9
4888 9
4889 9
4890 9
4891 9
4892 9
4893 9
4894 9
4895 9
4896 9
4897 9
4898 9
4899 9
4900 9
4901 9
4902 9
4903 9
4904 9
4905 9
4906 9
4907 9
4908 9
4909 9
4910 9
4911 9
4912 9
4913 9
4914 9
4915 9
4916 9
4917 9
4918 9
4919 9
4920 9
4921 9
4922 9
4923 9
4924 9
4925 9
4926 9
4927 9
4928 9
4929 9
4930 9
4931 9
4932 9
4933 9
4934 9
4935 9
4936 9
4937 9
4938 9
4939 9
4940 9
4941 9
4942 9
4943 9
4944 9
4945 9
4946 9
4947 9
4948 9
4949 9
4950 9
4951 9
4952 9
4953 9
4954 9
4955 9
4956 9
4957 9
4958 9
4959 9
4960 9
4961 9
4962 9
4963 9
4964 9
4965 9
4966 9
4967 9
4968 9
4969 9
4970 9
4971 9
4972 9
4973 9
4974 9
4975 9
4976 9
4977 9
4978 9
4979 9
4980 9
4981 9
4982 9
4983 9
4984 9
4985 9
4986 9
4987 9
4988 9
4989 9
4990 9
4991 9
4992 9
4993 9
4994 9
4995 9
4996 9
4997 9
4998 9
4999 9
5000 9
5001 9
5002 9
5003 9
5004 9
5005 9
5006 9
5007 9
5008 9
5009 9
5010 9
5011 9
5012 9
5013 9
5014 9
5015 9
5016 9
5017 9
5018 9
5019 9
5020 9
5021 9
5022 9
5023 9
5024 9
5025 9
5026 9
5027 9
5028 9
5029 9
5030 9
5031 9
5032 9
5033 9
5034 9
5035 9
5036 9
5037 9
5038 9
5039 9
5040 9
5041 9
5042 9
5043 9
5044 9
5045 9
5046 9
5047 9
5048 9
5049 9
5050 9
5051 9
5052 9
5053 9
5054 9
5055 9
5056 9
5057 9
5058 9
5059 9
5060 9
5061 9
5062 9
5063 9
5064 9
5065 9
5066 9
5067 9
5068 9
5069 9
5070 9
5071 9
5072 9
5073 9
5074 9
5075 9
5076 9
5077 9
5078 9
5079 9
5080 9
5081 9
5082 9
5083 9
5084 9
5085 9
5086 9
5087 9
5088 9
5089 9
5090 9
5091 9
5092 9
5093 9
5094 9
5095 9
5096 9
5097 9
5098 9
5099 9
5100 9
5101 9
5102 9
5103 9
5104 9
5105 9
5106 9
5107 9
5108 9
5109 9
5110 9
5111 9
5112 9
5113 9
5114 9
5115 9
5116 9
5117 9
5118 9
5119 9
5120 9
5121 9
5122 9
5123 9
5124 9
5125 9
5126 9
5127 9
5128 9
5129 9
5130 9
5131 9
5132 9
5133 9
5134 9
5135 9
5136 9
5137 9
5138 9
5139 9
5140 9
5141 9
5142 9
5143 9
5144 9
5145 9
5146 9
5147 9
5148 9
5149 9
5150 9
5151 9
5152 9
5153 9
5154 9
5155 9
5156 9
5157 9
5158 9
5159 9
5160 9
5161 9
5162 9
5163 9
5164 9
5165 9
5166 9
5167 9
5168 9
5169 9
5170 9
5171 9
5172 9
5173 9
5174 9
5175 9
5176 9
5177 9
5178 9
5179 9
5180 9
5181 9
5182 9
5183 9
5184 9
5185 9
5186 9
5187 9
5188 9
5189 9
5190 9
5191 9
5192 9
5193 9
5194 9
5195 9
5196 9
5197 9
5198 9
5199 9
5200 9
5201 9
5202 9
5203 9
5204 9
5205 9
5206 9
5207 9
5208 9
5209 9
5210 9
5211 9
5212 9
5213 9
5214 9
5215 9
5216 9
5217 9
5218 9
5219 9
5220 9
5221 9
5222 9
5223 9
5224 9
5225 9
5226 9
5227 9
5228 9
5229 9
5230 9
5231 9
5232 9
5233 9
5234 9
5235 9
5236 9
5237 9
5238 9
5239 9
5240 9
5241 9
5242 9
5243 9
5244 9
5245 9
5246 9
5247 9
5248 9
5249 9
5250 9
5251 9
5252 9
5253 9
5254 9
5255 9
5256 9
5257 9
5258 9
5259 9
5260 9
5261 9
5262 9
5263 9
5264 9
5265 9
5266 9
5267 9
5268 9
5269 9
5270 9
5271 9
5272 9
5273 9
5274 9
5275 9
5276 9
5277 9
5278 9
5279 9
5280 9
5281 9
5282 9
5283 9
5284 9
5285 9
5286 9
5287 9
5288 9
5289 9
5290 9
5291 9
5292 9
5293 9
5294 9
5295 9
5296 9
5297 9
5298 9
5299 9
5300 9
5301 9
5302 9
5303 9
5304 9
5305 9
5306 9
5307 9
5308 9
5309 9
5310 9
5311 9
5312 9
5313 9
5314 9
5315 9
5316 9
5317 9
5318 9
5319 9
5320 9
5321 9
5322 9
5323 9
5324 9
5325 9
5326 9
5327 9
5328 9
5329 9
5330 9
5331 9
5332 9
5333 9
5334 9
5335 9
5336 9
5337 9
5338 9
5339 9
5340 9
5341 9
5342 9
5343 9
5344 9
5345 9
5346 9
5347 9
5348 9
5349 9
5350 9
5351 9
5352 9
5353 9
5354 9
5355 9
5356 9
5357 9
5358 9
5359 9
5360 9
5361 9
5362 9
5363 9
5364 9
5365 9
5366 9
5367 9
5368 9
5369 9
5370 9
5371 9
5372 9
5373 9
5374 9
5375 9
5376 9
5377 9
5378 9
5379 9
5380 9
5381 9
5382 9
5383 9
5384 9
5385 9
5386 10
5387 10
5388 10
5389 10
5390 10
5391 10
5392 10
5393 10
5394 10
5395 10
5396 10
5397 10
5398 10
5399 10
5400 10
5401 10
5402 10
5403 10
5404 10
5405 10
5406 10
5407 10
5408 10
5409 10
5410 10
5411 10
5412 10
5413 10
5414 10
5415 10
5416 10
5417 10
5418 10
5419 10
5420 10
5421 10
5422 10
5423 10
5424 10
5425 10
5426 10
5427 10
5428 10
5429 10
5430 10
5431 10
5432 10
5433 10
5434 10
5435 10
5436 10
5437 10
5438 10
5439 10
5440 10
5441 10
5442 10
5443 10
5444 10
5445 10
5446 10
5447 10
5448 10
5449 10
5450 10
5451 10
5452 10
5453 10
5454 10
5455 10
5456 10
5457 10
5458 10
5459 10
5460 10
5461 10
5462 10
5463 10
5464 10
5465 10
5466 10
5467 10
5468 10
5469 10
5470 10
5471 10
5472 10
5473 10
5474 10
5475 10
5476 10
5477 10
5478 10
5479 11
5480 11
5481 11
5482 11
5483 11
5484 11
5485 11
5486 11
5487 11
5488 11
5489 11
5490 11
5491 11
5492 11
5493 11
5494 11
5495 11
5496 11
5497 11
5498 11
5499 11
5500 11
5501 11
5502 11
5503 11
5504 11
5505 11
5506 11
5507 11
5508 11
5509 11
5510 11
5511 11
5512 11
5513 11
5514 11
5515 11
5516 11
5517 11
5518 11
5519 11
5520 11
5521 11
5522 11
5523 11
5524 11
5525 11
5526 11
5527 11
5528 11
5529 11
5530 11
5531 11
5532 11
5533 11
5534 11
5535 11
5536 11
5537 11
5538 11
5539 11
5540 11
5541 11
5542 11
5543 11
5544 11
5545 11
5546 11
5547 11
5548 11
5549 11
5550 11
5551 11
5552 11
5553 11
5554 11
5555 11
5556 11
5557 11
5558 11
5559 11
5560 11
5561 11
5562 11
5563 11
5564 11
5565 11
5566 11
5567 11
5568 11
5569 11
5570 11
5571 11
5572 11
5573 11
5574 11
5575 11
5576 11
5577 11
5578 11
5579 11
5580 11
5581 11
5582 11
5583 11
5584 11
5585 11
5586 11
5587 11
5588 11
5589 11
5590 11
5591 11
5592 11
5593 11
5594 11
5595 11
5596 11
5597 11
5598 11
5599 11
5600 11
5601 11
5602 11
5603 11
5604 11
5605 11
5606 11
5607 11
5608 11
5609 11
5610 11
5611 11
5612 11
5613 11
5614 11
5615 11
5616 11
5617 11
5618 11
5619 11
5620 11
5621 11
5622 11
5623 11
5624 11
5625 11
5626 11
5627 11
5628 11
5629 11
5630 11
5631 11
5632 11
5633 11
5634 11
5635 11
5636 11
5637 11
5638 11
5639 11
5640 11
5641 11
5642 11
5643 11
5644 11
5645 11
5646 11
5647 11
5648 11
5649 11
5650 11
5651 11
5652 11
5653 11
5654 11
5655 11
5656 11
5657 11
5658 11
5659 11
5660 11
5661 11
5662 11
5663 11
5664 11
5665 11
5666 11
5667 11
5668 11
5669 11
5670 11
5671 11
5672 11
5673 11
5674 11
5675 11
5676 11
5677 11
5678 11
5679 11
5680 11
5681 11
5682 11
5683 11
5684 11
5685 11
5686 11
5687 11
5688 11
5689 11
5690 11
5691 11
5692 11
5693 11
5694 11
5695 11
5696 11
5697 11
5698 11
5699 11
5700 11
5701 11
5702 11
5703 11
5704 11
5705 11
5706 11
5707 11
5708 11
5709 11
5710 11
5711 11
5712 11
5713 11
5714 11
5715 11
5716 11
5717 11
5718 11
5719 11
5720 11
5721 11
5722 11
5723 11
5724 11
5725 11
5726 11
5727 11
5728 11
5729 11
5730 11
5731 11
5732 11
5733 11
5734 11
5735 11
5736 11
5737 11
5738 11
5739 11
5740 11
5741 11
5742 11
5743 11
5744 11
5745 11
5746 11
5747 11
5748 11
5749 11
5750 11
5751 11
5752 11
5753 11
5754 11
5755 11
5756 11
5757 11
5758 11
5759 11
5760 11
5761 11
5762 11
5763 11
5764 11
5765 11
5766 11
5767 11
5768 11
5769 11
5770 11
5771 11
5772 11
5773 11
5774 11
5775 11
5776 11
5777 11
5778 11
5779 11
5780 11
5781 11
5782 11
5783 11
5784 11
5785 11
5786 11
5787 11
5788 11
5789 11
5790 11
5791 11
5792 11
5793 11
5794 11
5795 11
5796 11
5797 11
5798 11
5799 11
5800 11
5801 11
5802 11
5803 11
5804 11
5805 11
5806 11
5807 11
5808 11
5809 11
5810 11
5811 11
5812 11
5813 11
5814 11
5815 11
5816 11
5817 11
5818 11
5819 11
5820 11
5821 11
5822 11
5823 11
5824 11
5825 11
5826 11
5827 11
5828 11
5829 11
5830 11
5831 11
5832 11
5833 11
5834 11
5835 11
5836 11
5837 11
5838 11
5839 11
5840 11
5841 11
5842 11
5843 11
5844 11
5845 11
5846 11
5847 11
5848 11
5849 11
5850 11
5851 11
5852 11
5853 11
5854 11
5855 11
5856 11
5857 11
5858 11
5859 11
5860 11
5861 11
5862 11
5863 11
5864 11
5865 11
5866 11
5867 11
5868 11
5869 11
5870 11
5871 12
5872 12
5873 12
5874 12
5875 12
5876 12
5877 12
5878 12
5879 12
5880 12
5881 12
5882 12
5883 12
5884 12
5885 12
5886 12
5887 12
5888 12
5889 12
5890 12
5891 12
5892 12
5893 12
5894 12
5895 12
5896 12
5897 12
5898 12
5899 12
5900 12
5901 12
5902 12
5903 12
5904 12
5905 12
5906 12
5907 12
5908 12
5909 12
5910 12
5911 12
5912 12
5913 12
5914 12
5915 12
5916 12
5917 12
5918 12
5919 12
5920 12
5921 12
5922 12
5923 12
5924 12
5925 12
5926 12
5927 12
5928 12
5929 12
5930 12
5931 12
5932 12
5933 12
5934 12
5935 12
5936 12
5937 12
5938 12
5939 12
5940 12
5941 12
5942 12
5943 12
5944 12
5945 12
5946 12
5947 12
5948 12
5949 12
5950 12
5951 12
5952 12
5953 12
5954 12
5955 12
5956 12
5957 12
5958 12
5959 12
5960 12
5961 12
5962 12
5963 12
5964 12
5965 12
5966 12
5967 12
5968 12
5969 12
5970 12
5971 12
5972 12
5973 12
5974 12
5975 12
5976 12
5977 12
5978 12
5979 12
5980 12
5981 12
5982 12
5983 12
5984 12
5985 12
5986 12
5987 12
5988 12
5989 12
5990 12
5991 12
5992 12
5993 12
5994 12
5995 12
5996 12
5997 12
5998 12
5999 12
6000 12
6001 12
6002 12
6003 12
6004 12
6005 12
6006 12
6007 12
6008 12
6009 12
6010 12
6011 12
6012 12
6013 12
6014 12
6015 12
6016 12
6017 12
6018 12
6019 12
6020 12
6021 12
6022 12
6023 12
6024 12
6025 12
6026 12
6027 12
6028 12
6029 12
6030 12
6031 12
6032 12
6033 12
6034 12
6035 12
6036 12
6037 12
6038 12
6039 12
6040 12
6041 12
6042 12
6043 12
6044 12
6045 12
6046 12
6047 12
6048 12
6049 12
6050 12
6051 12
6052 12
6053 12
6054 12
6055 12
6056 12
6057 12
6058 12
6059 12
6060 12
6061 12
6062 12
6063 12
6064 12
6065 12
6066 12
6067 12
6068 12
6069 12
6070 12
6071 12
6072 12
6073 12
6074 12
6075 12
6076 12
6077 12
6078 12
6079 12
6080 12
6081 12
6082 12
6083 12
6084 12
6085 12
6086 12
6087 12
6088 12
6089 12
6090 12
6091 12
6092 12
6093 12
6094 12
6095 12
6096 12
6097 12
6098 12
6099 12
6100 12
6101 12
6102 12
6103 12
6104 12
6105 12
6106 12
6107 12
6108 12
6109 12
6110 12
6111 12
6112 12
6113 12
6114 12
6115 12
6116 12
6117 12
6118 12
6119 12
6120 12
6121 12
6122 12
6123 12
6124 12
6125 12
6126 12
6127 12
6128 12
6129 12
6130 12
6131 12
6132 12
6133 12
6134 12
6135 12
6136 12
6137 12
6138 12
6139 12
6140 12
6141 12
6142 12
6143 12
6144 12
6145 12
6146 12
6147 12
6148 12
6149 12
6150 12
6151 12
6152 12
6153 12
6154 12
6155 12
6156 12
6157 12
6158 12
6159 12
6160 12
6161 12
6162 12
6163 12
6164 12
6165 12
6166 12
6167 12
6168 12
6169 12
6170 12
6171 12
6172 12
6173 12
6174 12
6175 12
6176 12
6177 12
6178 12
6179 12
6180 12
6181 12
6182 12
6183 12
6184 12
6185 12
6186 12
6187 12
6188 12
6189 12
6190 12
6191 12
6192 12
6193 12
6194 12
6195 12
6196 12
6197 12
6198 12
6199 12
6200 12
6201 12
6202 12
6203 12
6204 12
6205 12
6206 12
6207 12
6208 12
6209 12
6210 12
6211 12
6212 12
6213 12
6214 12
6215 12
6216 12
6217 12
6218 12
6219 12
6220 12
6221 12
6222 12
6223 12
6224 12
6225 12
6226 12
6227 12
6228 12
6229 12
6230 12
6231 12
6232 12
6233 12
6234 12
6235 12
6236 12
6237 12
6238 12
6239 12
6240 12
6241 12
6242 12
6243 12
6244 12
6245 12
6246 12
6247 12
6248 12
6249 12
6250 12
6251 12
6252 12
6253 12
6254 12
6255 12
6256 12
6257 12
6258 12
6259 12
6260 12
6261 12
6262 12
6263 12
6264 12
6265 12
6266 12
6267 12
6268 12
6269 12
6270 12
6271 12
6272 12
6273 12
6274 12
6275 12
6276 12
6277 12
6278 12
6279 12
6280 12
6281 12
6282 12
6283 12
6284 12
6285 12
6286 12
6287 12
6288 12
6289 12
6290 12
6291 12
6292 12
6293 12
6294 12
6295 12
6296 12
6297 12
6298 12
6299 12
6300 13
6301 13
6302 13
6303 13
6304 13
6305 13
6306 13
6307 13
6308 13
6309 13
6310 13
6311 13
6312 13
6313 13
6314 13
6315 13
6316 13
6317 13
6318 13
6319 13
6320 13
6321 13
6322 13
6323 13
6324 13
6325 13
6326 13
6327 13
6328 13
6329 13
6330 13
6331 13
6332 13
6333 13
6334 13
6335 13
6336 13
6337 13
6338 13
6339 13
6340 13
6341 13
6342 13
6343 13
6344 13
6345 13
6346 13
6347 13
6348 13
6349 13
6350 13
6351 13
6352 13
6353 13
6354 13
6355 13
6356 13
6357 13
6358 13
6359 13
6360 13
6361 13
6362 13
6363 13
6364 13
6365 13
6366 13
6367 13
6368 13
6369 13
6370 13
6371 13
6372 13
6373 13
6374 13
6375 13
6376 13
6377 13
6378 13
6379 13
6380 13
6381 13
6382 13
6383 13
6384 13
6385 13
6386 13
6387 13
6388 13
6389 13
6390 13
6391 13
6392 13
6393 13
6394 13
6395 13
6396 13
6397 13
6398 13
6399 13
6400 13
6401 13
6402 13
6403 13
6404 13
6405 13
6406 13
6407 13
6408 13
6409 13
6410 13
6411 13
6412 13
6413 13
6414 13
6415 13
6416 13
6417 13
6418 13
6419 13
6420 13
6421 13
6422 13
6423 13
6424 13
6425 13
6426 13
6427 13
6428 13
6429 13
6430 13
6431 13
6432 13
6433 13
6434 13
6435 13
6436 13
6437 13
6438 13
6439 13
6440 13
6441 13
6442 13
6443 13
6444 13
6445 13
6446 13
6447 13
6448 13
6449 13
6450 13
6451 13
6452 13
6453 13
6454 13
6455 13
6456 13
6457 13
6458 13
6459 13
6460 13
6461 13
6462 13
6463 13
6464 13
6465 13
6466 13
6467 13
6468 13
6469 13
6470 13
6471 13
6472 13
6473 13
6474 13
6475 13
6476 13
6477 13
6478 13
6479 13
6480 13
6481 13
6482 13
6483 13
6484 13
6485 13
6486 13
6487 13
6488 13
6489 13
6490 13
6491 13
6492 13
6493 13
6494 13
6495 13
6496 13
6497 13
6498 13
6499 13
6500 13
6501 13
6502 13
6503 13
6504 13
6505 13
6506 13
6507 13
6508 13
6509 13
6510 13
6511 13
6512 13
6513 13
6514 13
6515 13
6516 13
6517 13
6518 13
6519 13
6520 13
6521 13
6522 13
6523 13
6524 13
6525 13
6526 13
6527 13
6528 13
6529 13
6530 13
6531 13
6532 13
6533 13
6534 13
6535 13
6536 13
6537 13
6538 13
6539 13
6540 13
6541 13
6542 13
6543 13
6544 13
6545 13
6546 13
6547 13
6548 13
6549 13
6550 13
6551 13
6552 13
6553 13
6554 13
6555 13
6556 13
6557 13
6558 13
6559 13
6560 13
6561 13
6562 13
6563 13
6564 13
6565 13
6566 13
6567 13
6568 13
6569 13
6570 13
6571 13
6572 13
6573 13
6574 13
6575 13
6576 13
6577 13
6578 13
6579 13
6580 13
6581 13
6582 13
6583 13
6584 13
6585 13
6586 13
6587 13
6588 13
6589 13
6590 13
6591 13
6592 13
6593 13
6594 13
6595 13
6596 13
6597 13
6598 13
6599 13
6600 13
6601 13
6602 13
6603 13
6604 13
6605 13
6606 13
6607 13
6608 13
6609 13
6610 13
6611 13
6612 13
6613 13
6614 13
6615 13
6616 13
6617 13
6618 13
6619 13
6620 13
6621 13
6622 13
6623 13
6624 13
6625 13
6626 13
6627 13
6628 13
6629 13
6630 13
6631 13
6632 13
6633 13
6634 13
6635 13
6636 13
6637 13
6638 13
6639 13
6640 13
6641 13
6642 13
6643 13
6644 13
6645 13
6646 13
6647 13
6648 13
6649 13
6650 13
6651 13
6652 13
6653 13
6654 13
6655 13
6656 13
6657 13
6658 13
6659 13
6660 13
6661 13
6662 13
6663 13
6664 13
6665 13
6666 13
6667 13
6668 13
6669 13
6670 13
6671 13
6672 13
6673 13
6674 13
6675 13
6676 13
6677 13
6678 13
6679 13
6680 13
6681 13
6682 13
6683 13
6684 13
6685 13
6686 13
6687 13
6688 13
6689 13
6690 13
6691 13
6692 13
6693 13
6694 13
6695 13
6696 13
6697 13
6698 13
6699 13
6700 13
6701 13
6702 13
6703 13
6704 13
6705 13
6706 13
6707 13
6708 13
6709 13
6710 13
6711 13
6712 13
6713 13
6714 13
6715 13
6716 13
6717 13
6718 13
6719 13
6720 13
6721 13
6722 13
6723 13
6724 13
6725 13
6726 13
6727 13
6728 13
6729 13
6730 13
6731 13
6732 13
6733 13
6734 13
6735 13
6736 13
6737 13
6738 13
6739 13
6740 13
6741 13
6742 13
6743 13
6744 13
6745 13
6746 13
6747 13
6748 13
6749 13
6750 13
6751 13
6752 13
6753 13
6754 13
6755 13
6756 13
6757 13
6758 13
6759 13
6760 13
6761 13
6762 13
6763 13
6764 13
6765 13
6766 13
6767 13
6768 13
6769 13
6770 13
6771 13
6772 13
6773 13
6774 13
6775 13
6776 13
6777 13
6778 13
6779 13
6780 13
6781 13
6782 13
6783 13
6784 13
6785 13
6786 13
6787 13
6788 13
6789 13
6790 13
6791 13
6792 13
6793 13
6794 13
6795 13
6796 13
6797 13
6798 13
6799 13
6800 13
6801 13
6802 13
6803 13
6804 13
6805 13
6806 13
6807 13
6808 13
6809 13
6810 13
6811 13
6812 13
6813 13
6814 13
6815 13
6816 13
6817 13
6818 13
6819 13
6820 13
6821 13
6822 13
6823 13
6824 13
6825 13
6826 13
6827 13
6828 13
6829 13
6830 13
6831 13
6832 13
6833 13
6834 13
6835 13
6836 13
6837 13
6838 13
6839 13
6840 13
6841 13
6842 13
6843 13
6844 13
6845 13
6846 13
6847 13
6848 13
6849 13
6850 13
6851 13
6852 13
6853 13
6854 13
6855 13
6856 13
6857 13
6858 13
6859 13
6860 13
6861 13
6862 13
6863 13
6864 13
6865 13
6866 13
6867 13
6868 13
6869 13
6870 13
6871 13
6872 13
6873 13
6874 13
6875 13
6876 13
6877 13
6878 13
6879 13
6880 13
6881 13
6882 13
6883 13
6884 13
6885 13
6886 13
6887 13
6888 13
6889 13
6890 13
6891 13
6892 13
6893 13
6894 13
6895 13
6896 13
6897 13
6898 13
6899 13
6900 13
6901 13
6902 13
6903 13
6904 13
6905 13
6906 13
6907 13
6908 13
6909 13
6910 13
6911 13
6912 13
6913 13
6914 13
6915 13
6916 13
6917 13
6918 13
6919 13
6920 13
6921 13
6922 13
6923 13
6924 13
6925 13
6926 13
6927 13
6928 13
6929 13
6930 13
6931 13
6932 13
6933 13
6934 13
6935 13
6936 13
6937 13
6938 13
6939 13
6940 13
6941 13
6942 13
6943 13
6944 13
6945 13
6946 13
6947 13
6948 13
6949 13
6950 13
6951 13
6952 13
6953 13
6954 13
6955 13
6956 13
6957 13
6958 13
6959 13
6960 13
6961 13
6962 13
6963 13
6964 13
6965 13
6966 13
6967 13
6968 13
6969 13
6970 13
6971 13
6972 13
6973 13
6974 13
6975 13
6976 13
6977 13
6978 13
6979 13
6980 13
6981 13
6982 13
6983 13
6984 13
6985 13
6986 13
6987 13
6988 13
6989 13
6990 13
6991 13
6992 13
6993 13
6994 13
6995 13
6996 13
6997 13
6998 13
6999 13
7000 13
7001 13
7002 13
7003 13
7004 13
7005 13
7006 13
7007 13
7008 13
7009 13
7010 13
7011 13
7012 13
7013 13
7014 13
7015 13
7016 13
7017 13
7018 13
7019 13
7020 13
7021 13
7022 13
7023 13
7024 13
7025 13
7026 13
7027 13
7028 13
7029 13
7030 13
7031 13
7032 13
7033 13
7034 13
7035 13
7036 13
7037 13
7038 13
7039 13
7040 13
7041 13
7042 13
7043 13
7044 13
7045 13
7046 13
7047 13
7048 13
7049 13
7050 13
7051 13
7052 13
7053 13
7054 13
7055 13
7056 13
7057 13
7058 13
7059 13
7060 13
7061 13
7062 13
7063 13
7064 13
7065 13
7066 13
7067 13
7068 13
7069 13
7070 13
7071 13
7072 13
7073 13
7074 13
7075 13
7076 13
7077 13
7078 13
7079 13
7080 13
7081 13
7082 13
7083 13
7084 13
7085 13
7086 13
7087 13
7088 13
7089 13
7090 13
7091 13
7092 13
7093 13
7094 13
7095 13
7096 13
7097 13
7098 13
7099 13
7100 13
7101 13
7102 13
7103 13
7104 13
7105 13
7106 13
7107 13
7108 13
7109 13
7110 13
7111 13
7112 13
7113 13
7114 13
7115 13
7116 13
7117 13
7118 13
7119 13
7120 13
7121 13
7122 13
7123 13
7124 13
7125 13
7126 13
7127 13
7128 13
7129 13
7130 13
7131 13
7132 13
7133 13
7134 13
7135 13
7136 13
7137 13
7138 13
7139 13
7140 13
7141 13
7142 13
7143 13
7144 13
7145 13
7146 13
7147 13
7148 13
7149 13
7150 13
7151 13
7152 13
7153 13
7154 13
7155 13
7156 13
7157 13
7158 13
7159 13
7160 13
7161 13
7162 13
7163 13
7164 13
7165 13
7166 13
7167 13
7168 13
7169 13
7170 13
7171 13
7172 13
7173 13
7174 13
7175 13
7176 13
7177 13
7178 13
7179 13
7180 13
7181 13
7182 13
7183 13
7184 13
7185 13
7186 13
7187 13
7188 13
7189 13
7190 13
7191 13
7192 13
7193 13
7194 13
7195 13
7196 13
7197 13
7198 13
7199 13
7200 13
7201 13
7202 13
7203 13
7204 13
7205 13
7206 13
7207 13
7208 13
7209 13
7210 13
7211 13
7212 13
7213 13
7214 13
7215 13
7216 13
7217 13
7218 13
7219 13
7220 13
7221 13
7222 13
7223 13
7224 13
7225 13
7226 13
7227 13
7228 13
7229 13
7230 13
7231 13
7232 13
7233 13
7234 13
7235 13
7236 13
7237 13
7238 13
7239 13
7240 13
7241 13
7242 13
7243 13
7244 13
7245 13
7246 13
7247 13
7248 13
7249 13
7250 13
7251 13
7252 13
7253 13
7254 13
7255 13
7256 13
7257 13
7258 13
7259 13
7260 13
7261 13
7262 13
7263 13
7264 13
7265 13
7266 13
7267 13
7268 13
7269 13
7270 13
7271 13
7272 13
7273 13
7274 13
7275 13
7276 13
7277 13
7278 13
7279 13
7280 13
7281 13
7282 13
7283 13
7284 13
7285 13
7286 13
7287 13
7288 13
7289 13
7290 13
7291 13
7292 13
7293 13
7294 13
7295 13
7296 13
7297 13
7298 13
7299 13
7300 13
7301 13
7302 13
7303 13
7304 13
7305 13
7306 13
7307 13
7308 13
7309 13
7310 13
7311 13
7312 13
7313 13
7314 13
7315 13
7316 13
7317 13
7318 13
7319 13
7320 13
7321 13
7322 13
7323 13
7324 13
7325 13
7326 13
7327 13
7328 13
7329 13
7330 13
7331 13
7332 13
7333 13
7334 13
7335 13
7336 14
7337 14
7338 14
7339 14
7340 14
7341 14
7342 14
7343 14
7344 14
7345 14
7346 14
7347 14
7348 14
7349 14
7350 14
7351 14
7352 14
7353 14
7354 14
7355 14
7356 14
7357 14
7358 14
7359 14
7360 14
7361 14
7362 14
7363 14
7364 14
7365 14
7366 14
7367 14
7368 14
7369 14
7370 14
7371 14
7372 14
7373 14
7374 14
7375 14
7376 14
7377 14
7378 14
7379 14
7380 14
7381 14
7382 14
7383 14
7384 14
7385 14
7386 14
7387 14
7388 14
7389 14
7390 14
7391 14
7392 14
7393 14
7394 14
7395 14
7396 14
7397 14
7398 14
7399 14
7400 14
7401 14
7402 14
7403 14
7404 14
7405 14
7406 14
7407 14
7408 14
7409 14
7410 14
7411 14
7412 14
7413 14
7414 14
7415 14
7416 14
7417 14
7418 14
7419 14
7420 14
7421 14
7422 14
7423 14
7424 14
7425 14
7426 14
7427 14
7428 14
7429 14
7430 14
7431 14
7432 14
7433 14
7434 14
7435 14
7436 14
7437 14
7438 14
7439 14
7440 14
7441 14
7442 14
7443 14
7444 14
7445 14
7446 14
7447 14
7448 14
7449 14
7450 14
7451 14
7452 14
7453 14
7454 14
7455 14
7456 14
7457 14
7458 14
7459 14
7460 14
7461 14
7462 14
7463 14
7464 14
7465 14
7466 14
7467 14
7468 14
7469 14
7470 14
7471 14
7472 14
7473 14
7474 14
7475 14
7476 14
7477 14
7478 14
7479 14
7480 14
7481 14
7482 14
7483 14
7484 14
7485 14
7486 14
7487 14
7488 14
7489 14
7490 14
7491 14
7492 14
7493 14
7494 14
7495 14
7496 14
7497 14
7498 14
7499 14
7500 14
7501 14
7502 14
7503 14
7504 14
7505 14
7506 14
7507 14
7508 14
7509 14
7510 14
7511 14
7512 14
7513 14
7514 14
7515 14
7516 14
7517 14
7518 14
7519 14
7520 14
7521 14
7522 14
7523 14
7524 14
7525 14
7526 14
7527 14
7528 14
7529 14
7530 14
7531 14
7532 14
7533 14
7534 14
7535 14
7536 14
7537 14
7538 14
7539 14
7540 14
7541 14
7542 14
7543 14
7544 14
7545 14
7546 14
7547 14
7548 14
7549 14
7550 14
7551 14
7552 14
7553 14
7554 14
7555 14
7556 14
7557 14
7558 14
7559 14
7560 14
7561 14
7562 14
7563 14
7564 14
7565 14
7566 14
7567 14
7568 14
7569 14
7570 14
7571 14
7572 14
7573 14
7574 14
7575 14
7576 14
7577 14
7578 14
7579 14
7580 14
7581 14
7582 14
7583 14
7584 14
7585 14
7586 14
7587 14
7588 14
7589 14
7590 14
7591 14
7592 14
7593 14
7594 14
7595 14
7596 14
7597 14
7598 14
7599 14
7600 14
7601 14
7602 14
7603 14
7604 14
7605 14
7606 14
7607 14
7608 14
7609 14
7610 14
7611 14
7612 14
7613 14
7614 14
7615 14
7616 14
7617 14
7618 14
7619 14
7620 14
7621 14
7622 14
7623 14
7624 14
7625 14
7626 14
7627 14
7628 14
7629 14
7630 14
7631 14
7632 14
7633 14
7634 14
7635 14
7636 14
7637 14
7638 14
7639 14
7640 14
7641 14
7642 14
7643 14
7644 14
7645 14
7646 14
7647 14
7648 14
7649 14
7650 14
7651 14
7652 14
7653 14
7654 14
7655 14
7656 14
7657 14
7658 14
7659 14
7660 14
7661 14
7662 14
7663 14
7664 14
7665 14
7666 14
7667 14
7668 14
7669 14
7670 14
7671 14
7672 14
7673 14
7674 14
7675 14
7676 14
7677 14
7678 14
7679 14
7680 14
7681 14
7682 14
7683 14
7684 14
7685 14
7686 14
7687 14
7688 14
7689 14
7690 14
7691 14
7692 14
7693 14
7694 14
7695 14
7696 14
7697 14
7698 14
7699 14
7700 14
7701 14
7702 14
7703 14
7704 14
7705 14
7706 14
7707 14
7708 14
7709 14
7710 14
7711 14
7712 14
7713 14
7714 14
7715 14
7716 14
7717 14
7718 14
7719 14
7720 14
7721 14
7722 14
7723 14
7724 14
7725 14
7726 14
7727 14
7728 14
7729 14
7730 14
7731 14
7732 14
7733 14
7734 14
7735 14
7736 14
7737 14
7738 14
7739 14
7740 14
7741 14
7742 14
7743 14
7744 14
7745 14
7746 14
7747 14
7748 14
7749 14
7750 14
7751 14
7752 14
7753 14
7754 14
7755 14
7756 14
7757 14
7758 14
7759 14
7760 14
7761 14
7762 14
7763 14
7764 14
7765 14
7766 14
7767 14
7768 14
7769 14
7770 14
7771 14
7772 14
7773 14
7774 14
7775 14
7776 14
7777 14
7778 14
7779 14
7780 14
7781 14
7782 14
7783 14
7784 14
7785 14
7786 14
7787 14
7788 14
7789 14
7790 14
7791 14
7792 14
7793 14
7794 14
7795 14
7796 14
7797 14
7798 14
7799 14
7800 14
7801 14
7802 14
7803 14
7804 14
7805 14
7806 14
7807 14
7808 14
7809 14
7810 14
7811 14
7812 14
7813 14
7814 14
7815 14
7816 14
7817 14
7818 14
7819 14
7820 14
7821 14
7822 14
7823 14
7824 14
7825 14
7826 14
7827 14
7828 14
7829 14
7830 14
7831 14
7832 14
7833 14
7834 14
7835 14
7836 14
7837 14
7838 14
7839 14
7840 14
7841 14
7842 14
7843 14
7844 14
7845 14
7846 14
7847 14
7848 14
7849 14
7850 14
7851 14
7852 14
7853 14
7854 14
7855 14
7856 14
7857 14
7858 14
7859 14
7860 14
7861 14
7862 14
7863 14
7864 14
7865 14
7866 14
7867 14
7868 14
7869 14
7870 14
7871 14
7872 14
7873 14
7874 14
7875 14
7876 14
7877 14
7878 14
7879 14
7880 14
7881 14
7882 14
7883 14
7884 14
7885 14
7886 14
7887 14
7888 14
7889 14
7890 14
7891 14
7892 14
7893 14
7894 14
7895 14
7896 14
7897 14
7898 14
7899 14
7900 14
7901 14
7902 14
7903 14
7904 14
7905 14
7906 14
7907 14
7908 14
7909 14
7910 14
7911 14
7912 14
7913 14
7914 14
7915 14
7916 14
7917 14
7918 14
7919 14
7920 14
7921 14
7922 14
7923 14
7924 14
7925 14
7926 14
7927 14
7928 14
7929 14
7930 14
7931 14
7932 14
7933 14
7934 14
7935 14
7936 14
7937 14
7938 14
7939 14
7940 14
7941 14
7942 14
7943 14
7944 14
7945 14
7946 14
7947 14
7948 14
7949 14
7950 14
7951 14
7952 14
7953 14
7954 14
7955 14
7956 14
7957 14
7958 14
7959 14
7960 14
7961 14
7962 14
7963 14
7964 14
7965 14
7966 14
7967 14
7968 14
7969 14
7970 14
7971 14
7972 14
7973 14
7974 14
7975 14
7976 14
7977 14
7978 14
7979 14
7980 14
7981 14
7982 14
7983 14
7984 14
7985 14
7986 14
7987 14
7988 14
7989 14
7990 14
7991 14
7992 14
7993 14
7994 14
7995 14
7996 14
7997 14
7998 14
7999 14
8000 14
8001 14
8002 14
8003 14
8004 14
8005 14
8006 14
8007 14
8008 14
8009 14
8010 14
8011 14
8012 14
8013 14
8014 14
8015 14
8016 14
8017 14
8018 14
8019 14
8020 14
8021 14
8022 14
8023 14
8024 14
8025 14
8026 14
8027 14
8028 14
8029 14
8030 14
8031 14
8032 14
8033 14
8034 14
8035 14
8036 14
8037 14
8038 14
8039 14
8040 14
8041 14
8042 14
8043 14
8044 14
8045 14
8046 14
8047 14
8048 14
8049 14
8050 14
8051 14
8052 14
8053 14
8054 14
8055 14
8056 14
8057 14
8058 14
8059 14
8060 14
8061 14
8062 14
8063 14
8064 14
8065 14
8066 14
8067 14
8068 14
8069 14
8070 14
8071 14
8072 14
8073 14
8074 14
8075 14
8076 14
8077 14
8078 14
8079 14
8080 14
8081 14
8082 14
8083 14
8084 14
8085 14
8086 14
8087 14
8088 14
8089 14
8090 14
8091 14
8092 14
8093 14
8094 14
8095 14
8096 14
8097 14
8098 14
8099 14
8100 14
8101 14
8102 14
8103 14
8104 14
8105 14
8106 14
8107 14
8108 14
8109 14
8110 14
8111 14
8112 14
8113 14
8114 14
8115 14
8116 14
8117 14
8118 14
8119 14
8120 14
8121 14
8122 14
8123 14
8124 14
8125 14
8126 14
8127 14
8128 14
8129 14
8130 14
8131 14
8132 14
8133 14
8134 14
8135 14
8136 14
8137 14
8138 14
8139 14
8140 14
8141 14
8142 14
8143 14
8144 14
8145 14
8146 14
8147 14
8148 14
8149 14
8150 14
8151 14
8152 14
8153 14
8154 14
8155 14
8156 14
8157 14
8158 14
8159 14
8160 14
8161 14
8162 14
8163 14
8164 14
8165 14
8166 14
8167 14
8168 14
8169 14
8170 14
8171 14
8172 14
8173 14
8174 14
8175 14
8176 14
8177 14
8178 14
8179 14
8180 14
8181 14
8182 14
8183 14
8184 14
8185 14
8186 14
8187 14
8188 14
8189 14
8190 14
8191 14
8192 14
8193 14
8194 14
8195 14
8196 14
8197 14
8198 14
8199 14
8200 14
8201 14
8202 14
8203 14
8204 14
8205 14
8206 14
8207 14
8208 14
8209 14
8210 14
8211 14
8212 14
8213 14
8214 14
8215 14
8216 14
8217 14
8218 14
8219 14
8220 14
8221 14
8222 14
8223 14
8224 14
8225 14
8226 14
8227 14
8228 14
8229 14
8230 14
8231 14
8232 14
8233 14
8234 14
8235 14
8236 14
8237 14
8238 14
8239 14
8240 14
8241 14
8242 14
8243 14
8244 14
8245 14
8246 14
8247 14
8248 14
8249 14
8250 14
8251 14
8252 14
8253 14
8254 14
8255 14
8256 14
8257 14
8258 14
8259 14
8260 14
8261 14
8262 14
8263 14
8264 14
8265 14
8266 14
8267 14
8268 14
8269 14
8270 14
8271 14
8272 14
8273 14
8274 14
8275 14
8276 14
8277 14
8278 14
8279 14
8280 14
8281 14
8282 14
8283 14
8284 14
8285 14
8286 14
8287 14
8288 14
8289 14
8290 14
8291 14
8292 14
8293 14
8294 14
8295 14
8296 14
8297 14
8298 14
8299 14
8300 14
8301 14
8302 14
8303 14
8304 14
8305 14
8306 14
8307 14
8308 14
8309 14
8310 14
8311 14
8312 14
8313 14
8314 14
8315 14
8316 14
8317 14
8318 14
8319 14
8320 14
8321 14
8322 14
8323 14
8324 14
8325 14
8326 14
8327 14
8328 14
8329 14
8330 14
8331 14
8332 14
8333 14
8334 14
8335 14
8336 14
8337 14
8338 14
8339 14
8340 14
8341 14
8342 14
8343 14
8344 14
8345 14
8346 14
8347 14
8348 14
8349 14
8350 14
8351 14
8352 14
8353 14
8354 14
8355 14
8356 14
8357 14
8358 14
8359 14
8360 14
8361 14
8362 14
8363 14
8364 14
8365 14
8366 14
8367 14
8368 14
8369 14
8370 14
8371 14
8372 14
8373 14
8374 14
8375 14
8376 14
8377 14
8378 14
8379 14
8380 14
8381 14
8382 14
8383 14
8384 14
8385 14
8386 14
8387 14
8388 14
8389 14
8390 14
8391 14
8392 14
8393 14
8394 14
8395 14
8396 14
8397 14
8398 14
8399 14
8400 14
8401 14
8402 14
8403 14
8404 14
8405 14
8406 14
8407 14
8408 14
8409 14
8410 14
8411 14
8412 14
8413 14
8414 14
8415 14
8416 14
8417 14
8418 14
8419 14
8420 14
8421 14
8422 14
8423 14
8424 14
8425 14
8426 14
8427 14
8428 14
8429 14
8430 14
8431 14
8432 14
8433 14
8434 14
8435 14
8436 14
8437 14
8438 14
8439 14
8440 14
8441 14
8442 14
8443 14
8444 14
8445 14
8446 14
8447 14
8448 14
8449 14
8450 14
8451 14
8452 14
8453 14
8454 14
8455 14
8456 14
8457 14
8458 14
8459 14
8460 14
8461 14
8462 14
8463 14
8464 14
8465 14
8466 14
8467 14
8468 14
8469 14
8470 14
8471 14
8472 14
8473 14
8474 14
8475 14
8476 14
8477 14
8478 14
8479 14
8480 14
8481 14
8482 14
8483 14
8484 14
8485 14
8486 14
8487 14
8488 14
8489 14
8490 14
8491 14
8492 14
8493 14
8494 14
8495 14
8496 14
8497 14
8498 14
8499 14
8500 14
8501 14
8502 14
8503 14
8504 14
8505 14
8506 14
8507 14
8508 14
8509 14
8510 14
8511 14
8512 14
8513 14
8514 14
8515 14
8516 14
8517 14
8518 14
8519 14
8520 14
8521 14
8522 14
8523 14
8524 14
8525 14
8526 14
8527 14
8528 14
8529 14
8530 14
8531 14
8532 14
8533 14
8534 14
8535 14
8536 14
8537 14
8538 14
8539 14
8540 14
8541 14
8542 14
8543 14
8544 14
8545 14
8546 14
8547 14
8548 14
8549 14
8550 14
8551 14
8552 14
8553 14
8554 14
8555 14
8556 14
8557 14
8558 14
8559 14
8560 14
8561 14
8562 14
8563 14
8564 14
8565 14
8566 14
8567 14
8568 14
8569 14
8570 14
8571 14
8572 14
8573 14
8574 14
8575 14
8576 14
8577 14
8578 14
8579 14
8580 14
8581 14
8582 14
8583 14
8584 14
8585 14
8586 14
8587 14
8588 14
8589 14
8590 14
8591 14
8592 14
8593 14
8594 14
8595 14
8596 14
8597 14
8598 14
8599 14
8600 14
8601 14
8602 14
8603 14
8604 14
8605 14
8606 14
8607 14
8608 14
8609 14
8610 14
8611 14
8612 14
8613 14
8614 14
8615 14
8616 14
8617 14
8618 14
8619 14
8620 14
8621 14
8622 14
8623 14
8624 14
8625 14
8626 14
8627 14
8628 14
8629 14
8630 14
8631 14
8632 14
8633 14
8634 14
8635 14
8636 14
8637 14
8638 14
8639 14
8640 14
8641 14
8642 14
8643 14
8644 14
8645 14
8646 14
8647 14
8648 14
8649 14
8650 14
8651 14
8652 14
8653 14
8654 14
8655 14
8656 14
8657 14
8658 14
8659 14
8660 14
8661 14
8662 14
8663 14
8664 14
8665 14
8666 14
8667 14
8668 14
8669 14
8670 14
8671 14
8672 14
8673 14
8674 14
8675 14
8676 14
8677 14
8678 14
8679 14
8680 14
8681 14
8682 14
8683 14
8684 14
8685 14
8686 14
8687 14
8688 14
8689 14
8690 14
8691 14
8692 14
8693 14
8694 14
8695 14
8696 14
8697 14
8698 14
8699 14
8700 14
8701 14
8702 14
8703 14
8704 14
8705 14
8706 14
8707 14
8708 14
8709 14
8710 14
8711 14
8712 14
8713 14
8714 14
8715 14
8716 14
8717 14
8718 14
8719 14
8720 14
8721 14
8722 14
8723 14
8724 14
8725 14
8726 14
8727 14
8728 14
8729 14
8730 14
8731 14
8732 14
8733 14
8734 14
8735 14
8736 14
8737 14
8738 14
8739 14
8740 14
8741 14
8742 14
8743 14
8744 14
8745 14
8746 14
8747 14
8748 14
8749 14
8750 14
8751 14
8752 14
8753 14
8754 14
8755 14
8756 14
8757 14
8758 14
8759 14
8760 14
8761 14
8762 14
8763 14
8764 14
8765 14
8766 14
8767 14
8768 14
8769 14
8770 14
8771 14
8772 14
8773 14
8774 14
8775 14
8776 14
8777 14
8778 14
8779 14
8780 14
8781 14
8782 14
8783 14
8784 14
8785 14
8786 14
8787 14
8788 14
8789 14
8790 14
8791 14
8792 14
8793 14
8794 14
8795 14
8796 14
8797 14
8798 14
8799 14
8800 14
8801 14
8802 14
8803 14
8804 14
8805 14
8806 14
8807 14
8808 14
8809 14
8810 14
8811 14
8812 14
8813 14
8814 14
8815 14
8816 14
8817 14
8818 14
8819 14
8820 14
8821 14
8822 14
8823 14
8824 14
8825 14
8826 14
8827 14
8828 14
8829 14
8830 14
8831 14
8832 14
8833 14
8834 14
8835 14
8836 14
8837 14
8838 14
8839 14
8840 14
8841 14
8842 14
8843 14
8844 14
8845 14
8846 14
8847 14
8848 14
8849 14
8850 14
8851 14
8852 14
8853 14
8854 14
8855 14
8856 14
8857 14
8858 14
8859 14
8860 14
8861 14
8862 14
8863 14
8864 14
8865 14
8866 14
8867 14
8868 14
8869 14
8870 14
8871 14
8872 14
8873 14
8874 14
8875 14
8876 14
8877 14
8878 14
8879 14
8880 14
8881 14
8882 14
8883 14
8884 14
8885 14
8886 14
8887 14
8888 14
8889 14
8890 14
8891 14
8892 14
8893 14
8894 14
8895 14
8896 14
8897 14
8898 14
8899 14
8900 14
8901 14
8902 14
8903 14
8904 14
8905 14
8906 14
8907 14
8908 14
8909 14
8910 14
8911 14
8912 14
8913 14
8914 14
8915 14
8916 14
8917 14
8918 14
8919 14
8920 14
8921 14
8922 14
8923 14
8924 14
8925 14
8926 14
8927 14
8928 14
8929 14
8930 14
8931 14
8932 14
8933 14
8934 14
8935 14
8936 14
8937 14
8938 14
8939 14
8940 14
8941 14
8942 14
8943 14
8944 14
8945 14
8946 14
8947 14
8948 14
8949 14
8950 14
8951 14
8952 14
8953 14
8954 14
8955 14
8956 14
8957 14
8958 14
8959 14
8960 14
8961 14
8962 14
8963 14
8964 14
8965 14
8966 14
8967 14
8968 14
8969 14
8970 14
8971 14
8972 14
8973 14
8974 14
8975 14
8976 14
8977 14
8978 14
8979 14
8980 14
8981 14
8982 14
8983 14
8984 14
8985 14
8986 14
8987 14
8988 14
8989 14
8990 14
8991 14
8992 14
8993 14
8994 14
8995 14
8996 14
8997 14
8998 14
8999 14
9000 14
9001 14
9002 14
9003 14
9004 14
9005 14
9006 14
9007 14
9008 14
9009 14
9010 14
9011 14
9012 14
9013 14
9014 14
9015 14
9016 14
9017 14
9018 14
9019 14
9020 14
9021 14
9022 14
9023 14
9024 14
9025 14
9026 14
9027 14
9028 14
9029 14
9030 14
9031 14
9032 14
9033 14
9034 14
9035 14
9036 14
9037 14
9038 14
9039 14
9040 14
9041 14
9042 14
9043 14
9044 14
9045 14
9046 14
9047 14
9048 14
9049 14
9050 14
9051 14
9052 14
9053 14
9054 14
9055 14
9056 14
9057 14
9058 14
9059 14
9060 14
9061 14
9062 14
9063 14
9064 14
9065 14
9066 14
9067 14
9068 14
9069 14
9070 14
9071 14
9072 14
9073 14
9074 14
9075 14
9076 14
9077 14
9078 14
9079 14
9080 14
9081 14
9082 14
9083 14
9084 14
9085 14
9086 14
9087 14
9088 14
9089 14
9090 14
9091 14
9092 14
9093 14
9094 14
9095 14
9096 14
9097 14
9098 14
9099 14
9100 14
9101 14
9102 14
9103 14
9104 14
9105 14
9106 14
9107 14
9108 14
9109 14
9110 14
9111 14
9112 14
9113 14
9114 14
9115 14
9116 14
9117 14
9118 14
9119 14
9120 14
9121 14
9122 14
9123 14
9124 14
9125 14
9126 14
9127 14
9128 14
9129 14
9130 14
9131 14
9132 14
9133 14
9134 14
9135 14
9136 14
9137 14
9138 14
9139 14
9140 14
9141 14
9142 14
9143 14
9144 14
9145 14
9146 14
9147 14
9148 14
9149 14
9150 14
9151 14
9152 14
9153 14
9154 14
9155 14
9156 14
9157 14
9158 14
9159 14
9160 14
9161 14
9162 14
9163 14
9164 14
9165 14
9166 14
9167 14
9168 14
9169 14
9170 14
9171 14
9172 14
9173 14
9174 14
9175 14
9176 14
9177 14
9178 14
9179 14
9180 14
9181 14
9182 14
9183 14
9184 14
9185 14
9186 14
9187 14
9188 14
9189 14
9190 14
9191 14
9192 14
9193 14
9194 14
9195 14
9196 14
9197 14
9198 14
9199 14
9200 14
9201 14
9202 14
9203 14
9204 14
9205 14
9206 14
9207 14
9208 14
9209 14
9210 14
9211 14
9212 14
9213 14
9214 14
9215 14
9216 14
9217 14
9218 14
9219 14
9220 14
9221 14
9222 14
9223 14
9224 14
9225 14
9226 14
9227 14
9228 14
9229 14
9230 14
9231 14
9232 14
9233 14
9234 14
9235 14
9236 14
9237 14
9238 14
9239 14
9240 14
9241 14
9242 14
9243 14
9244 14
9245 14
9246 14
9247 14
9248 14
9249 14
9250 14
9251 14
9252 14
9253 14
9254 14
9255 14
9256 14
9257 14
9258 14
9259 14
9260 14
9261 14
9262 14
9263 14
9264 14
9265 14
9266 14
9267 14
9268 14
9269 14
9270 14
9271 14
9272 14
9273 14
9274 14
9275 14
9276 14
9277 14
9278 14
9279 14
9280 14
9281 14
9282 14
9283 14
9284 14
9285 14
9286 14
9287 14
9288 14
9289 14
9290 14
9291 14
9292 14
9293 14
9294 14
9295 14
9296 14
9297 14
9298 14
9299 14
9300 14
9301 14
9302 14
9303 14
9304 14
9305 14
9306 14
9307 14
9308 14
9309 14
9310 14
9311 14
9312 14
9313 14
9314 14
9315 14
9316 14
9317 14
9318 14
9319 14
9320 14
9321 14
9322 14
9323 14
9324 14
9325 14
9326 14
9327 14
9328 14
9329 14
9330 14
9331 14
9332 14
9333 14
9334 14
9335 14
9336 14
9337 14
9338 14
9339 14
9340 14
9341 14
9342 14
9343 14
9344 14
9345 14
9346 14
9347 14
9348 14
9349 14
9350 14
9351 14
9352 14
9353 14
9354 14
9355 14
9356 14
9357 14
9358 14
9359 14
9360 14
9361 14
9362 14
9363 14
9364 14
9365 14
9366 14
9367 14
9368 14
9369 14
9370 14
9371 14
9372 14
9373 14
9374 14
9375 14
9376 14
9377 14
9378 14
9379 14
9380 14
9381 14
9382 14
9383 14
9384 14
9385 14
9386 14
9387 14
9388 14
9389 14
9390 14
9391 14
9392 14
9393 14
9394 14
9395 14
9396 14
9397 14
9398 14
9399 14
9400 14
9401 14
9402 14
9403 14
9404 14
9405 14
9406 14
9407 14
9408 14
9409 14
9410 14
9411 14
9412 14
9413 14
9414 14
9415 14
9416 14
9417 14
9418 14
9419 14
9420 14
9421 14
9422 14
9423 14
9424 14
9425 14
9426 14
9427 14
9428 14
9429 14
9430 14
9431 14
9432 14
9433 14
9434 14
9435 14
9436 14
9437 14
9438 14
9439 14
9440 14
9441 14
9442 14
9443 14
9444 14
9445 14
9446 14
9447 14
9448 14
9449 14
9450 14
9451 14
9452 14
9453 14
9454 14
9455 14
9456 14
9457 14
9458 14
9459 14
9460 14
9461 14
9462 14
9463 14
9464 14
9465 14
9466 14
9467 14
9468 14
9469 14
9470 14
9471 14
9472 14
9473 14
9474 14
9475 14
9476 14
9477 14
9478 14
9479 14
9480 14
9481 14
9482 14
9483 14
9484 14
9485 14
9486 14
9487 14
9488 14
9489 14
9490 14
9491 14
9492 14
9493 14
9494 14
9495 14
9496 14
9497 14
9498 14
9499 14
9500 14
9501 14
9502 14
9503 14
9504 14
9505 14
9506 14
9507 14
9508 14
9509 14
9510 14
9511 15
9512 15
9513 15
9514 15
9515 15
9516 15
9517 15
9518 15
9519 15
9520 15
9521 15
9522 15
9523 15
9524 15
9525 15
9526 15
9527 15
9528 15
9529 15
9530 15
9531 15
9532 15
9533 15
9534 15
9535 15
9536 15
9537 15
9538 15
9539 15
9540 15
9541 15
9542 15
9543 15
9544 15
9545 15
9546 15
9547 15
9548 15
9549 15
9550 15
9551 15
9552 15
9553 15
9554 15
9555 15
9556 15
9557 15
9558 15
9559 15
9560 15
9561 15
9562 15
9563 15
9564 15
9565 15
9566 15
9567 15
9568 15
9569 15
9570 15
9571 15
9572 15
9573 15
9574 15
9575 15
9576 15
9577 15
9578 15
9579 15
9580 15
9581 15
9582 15
9583 15
9584 15
9585 15
9586 15
9587 15
9588 15
9589 15
9590 15
9591 15
9592 15
9593 15
9594 15
9595 15
9596 15
9597 15
9598 15
9599 15
9600 15
9601 15
9602 15
9603 15
9604 15
9605 15
9606 15
9607 15
9608 15
9609 15
9610 15
9611 15
9612 15
9613 15
9614 15
9615 15
9616 15
9617 15
9618 15
9619 16
9620 16
9621 16
9622 16
9623 16
9624 16
9625 16
9626 16
9627 16
9628 16
9629 16
9630 16
9631 16
9632 16
9633 16
9634 16
9635 16
9636 16
9637 16
9638 16
9639 16
9640 16
9641 16
9642 16
9643 16
9644 16
9645 16
9646 16
9647 16
9648 16
9649 16
9650 16
9651 16
9652 16
9653 16
9654 16
9655 16
9656 16
9657 16
9658 16
9659 16
9660 16
9661 16
9662 16
9663 16
9664 16
9665 16
9666 16
9667 16
9668 16
9669 16
9670 16
9671 16
9672 16
9673 16
9674 16
9675 16
9676 16
9677 16
9678 16
9679 16
9680 16
9681 16
9682 16
9683 16
9684 16
9685 16
9686 16
9687 16
9688 16
9689 16
9690 16
9691 16
9692 16
9693 16
9694 16
9695 16
9696 16
9697 16
9698 16
9699 16
9700 16
9701 16
9702 16
9703 16
9704 16
9705 16
9706 16
9707 16
9708 16
9709 16
9710 16
9711 16
9712 16
9713 16
9714 16
9715 16
9716 16
9717 16
9718 16
9719 16
9720 16
9721 16
9722 16
9723 16
9724 16
9725 16
9726 16
9727 16
9728 16
9729 16
9730 16
9731 16
9732 16
9733 16
9734 16
9735 16
9736 16
9737 16
9738 16
9739 16
9740 16
9741 16
9742 16
9743 16
9744 16
9745 16
9746 16
9747 16
9748 16
9749 16
9750 16
9751 16
9752 16
9753 16
9754 16
9755 16
9756 16
9757 16
9758 16
9759 16
9760 16
9761 16
9762 16
9763 16
9764 16
9765 16
9766 16
9767 16
9768 16
9769 16
9770 16
9771 16
9772 16
9773 16
9774 16
9775 16
9776 16
9777 16
9778 16
9779 16
9780 16
9781 16
9782 16
9783 16
9784 16
9785 16
9786 16
9787 16
9788 16
9789 16
9790 16
9791 16
9792 16
9793 16
9794 16
9795 16
9796 16
9797 16
9798 16
9799 16
9800 16
9801 16
9802 16
9803 16
9804 16
9805 16
9806 16
9807 16
9808 16
9809 16
9810 16
9811 16
9812 16
9813 16
9814 16
9815 16
9816 16
9817 16
9818 16
9819 16
9820 16
9821 16
9822 16
9823 16
9824 16
9825 16
9826 16
9827 16
9828 16
9829 16
9830 16
9831 16
9832 16
9833 16
9834 16
9835 16
9836 16
9837 16
9838 16
9839 16
9840 16
9841 16
9842 16
9843 16
9844 16
9845 16
9846 16
9847 16
9848 16
9849 16
9850 16
9851 16
9852 16
9853 16
9854 16
9855 16
9856 16
9857 16
9858 16
9859 16
9860 16
9861 16
9862 16
9863 16
9864 16
9865 16
9866 16
9867 16
9868 16
9869 16
9870 16
9871 16
9872 16
9873 16
9874 16
9875 16
9876 16
9877 16
9878 16
9879 16
9880 16
9881 16
9882 16
9883 16
9884 16
9885 16
9886 16
9887 16
9888 16
9889 16
9890 16
9891 16
9892 16
9893 16
9894 16
9895 16
9896 16
9897 16
9898 16
9899 16
9900 16
9901 16
9902 16
9903 16
9904 16
9905 16
9906 16
9907 16
9908 16
9909 16
9910 16
9911 16
9912 16
9913 16
9914 16
9915 16
9916 16
9917 16
9918 16
9919 16
9920 16
9921 16
9922 16
9923 16
9924 16
9925 16
9926 16
9927 16
9928 16
9929 17
9930 17
9931 17
9932 17
9933 17
9934 17
9935 17
9936 17
9937 17
9938 17
9939 17
9940 17
9941 17
9942 17
9943 17
9944 17
9945 17
9946 17
9947 17
9948 17
9949 17
9950 17
9951 17
9952 17
9953 17
9954 17
9955 17
9956 17
9957 17
9958 17
9959 17
9960 17
9961 17
9962 17
9963 17
9964 17
9965 17
9966 17
9967 17
9968 17
9969 17
9970 17
9971 17
9972 17
9973 17
9974 17
9975 17
9976 17
9977 17
9978 17
9979 17
9980 17
9981 17
9982 17
9983 17
9984 17
9985 17
9986 17
9987 17
9988 17
9989 17
9990 17
9991 17
9992 17
9993 17
9994 17
9995 17
9996 17
9997 17
9998 17
9999 17
10000 17
